107 501 -28
107 124 28
107 322 28
107 108 8
107 88 -13
501 503 -8
501 500 -28
501 299 -28
501 499 28
124 143 -19
124 125 -8
124 521 -13
124 342 13
322 321 -13
322 324 28
322 320 13
322 520 8
108 319 -19
108 106 28
108 110 -28
108 498 8
88 89 -13
88 69 28
88 302 28
88 481 -13
220 218 -13
220 419 -8
220 222 28
220 11 13
220 219 28
218 217 -13
218 216 -19
218 417 8
218 9 28
419 439 -19
419 399 13
419 33 13
419 420 19
222 421 13
222 13 8
222 224 28
222 221 28
11 12 -8
11 30 19
11 400 -8
219 14 19
219 199 8
219 422 -28
219 239 -19
541 339 -28
541 540 -28
541 543 -8
541 539 -13
541 143 -8
339 319 -19
339 340 19
339 125 8
339 359 -13
540 146 19
540 560 -19
540 342 -13
540 520 -28
543 341 8
543 542 13
543 145 -19
543 545 8
539 337 -19
539 537 -13
539 141 13
539 538 -28
143 144 -13
143 362 -8
143 162 -13
12 14 8
12 217 -19
12 10 -19
12 397 -28
30 420 8
30 31 -19
30 240 13
30 48 -8
400 399 -19
400 398 -28
400 197 -13
400 402 -28
205 206 8
205 225 13
206 405 -8
206 204 -13
225 226 19
225 245 -8
559 357 -19
559 558 -13
559 160 -19
559 561 -13
559 557 -13
357 358 -19
357 142 -19
357 377 -8
357 337 28
558 163 28
558 578 28
558 538 13
558 360 28
160 380 -19
160 179 28
160 161 -8
160 141 13
561 162 -13
561 563 -28
561 359 -28
561 560 28
557 555 8
557 355 28
557 158 19
557 556 28
410 409 19
410 20 -19
410 408 19
410 412 28
410 207 19
409 23 8
409 429 -8
409 210 -28
409 389 -13
20 21 -19
20 1 -8
20 39 28
20 230 13
408 19 8
408 407 -8
412 411 -19
412 414 28
412 22 8
412 209 8
207 2 -19
207 227 19
207 208 -19
207 187 -19
156 175 8
156 555 -13
156 376 -28
156 157 8
156 137 -19
175 176 28
175 575 -19
555 553 -8
555 554 8
555 353 28
376 375 -19
376 378 -28
376 574 19
376 374 -13
157 373 28
157 159 13
157 155 8
157 552 -13
137 356 19
137 138 19
137 535 28
137 119 28
274 472 -13
274 273 -13
274 61 -8
274 276 28
274 272 -19
472 83 -19
472 453 -13
472 473 28
472 492 -13
273 253 -28
273 64 19
273 293 -8
273 475 19
61 454 -8
61 62 -19
61 42 -19
61 80 -13
276 63 8
276 275 28
276 474 28
276 278 19
272 271 13
272 470 19
272 270 8
272 59 -19
458 65 -19
458 460 -28
458 255 -8
458 457 -28
458 456 19
65 84 -13
65 66 19
65 278 19
65 46 -8
460 67 -28
460 257 -19
460 459 19
460 462 8
255 256 -28
255 47 28
255 235 -8
255 275 -13
457 437 -13
457 68 8
457 258 13
457 476 8
456 253 -28
456 454 -28
456 63 -28
456 455 -19
454 452 8
454 453 -28
454 251 -19
62 271 -13
62 64 19
62 60 28
62 451 8
42 254 8
42 434 13
42 43 19
42 24 8
80 294 8
80 81 28
80 473 13
80 99 13
14 399 -13
14 13 8
14 16 -8
399 200 28
13 402 8
13 32 19
16 15 -13
16 221 -28
16 401 -13
16 18 19
570 571 28
570 550 -28
570 174 28
570 372 13
571 573 -8
571 369 13
571 569 -8
571 171 -19
550 352 -8
550 551 8
550 530 -28
550 155 8
174 176 8
174 172 13
174 173 -13
372 152 -19
372 370 8
372 371 -13
372 374 -19
170 172 8
170 566 -19
170 169 19
172 171 13
172 568 -8
566 567 -28
566 546 -28
566 368 -19
169 569 19
169 150 8
263 243 -19
263 466 -19
263 264 13
263 283 -13
263 55 8
243 37 13
243 446 8
243 223 -28
243 244 28
466 464 19
466 73 13
466 465 -8
264 266 -13
264 463 -13
264 262 19
264 52 -13
283 303 -13
283 74 -28
283 284 -13
283 485 -13
55 443 8
55 54 -8
55 53 13
511 309 19
511 509 -13
511 510 19
511 513 19
309 329 13
309 289 -13
309 310 8
309 98 13
509 507 -13
509 114 -8
509 307 -8
509 508 8
510 118 28
510 312 28
510 490 8
510 530 8
513 117 -28
513 512 13
513 515 -8
513 311 -19
113 94 -28
113 328 8
113 507 -28
113 130 -28
94 75 28
94 308 28
94 487 -13
328 327 -13
328 526 19
328 330 -8
507 506 8
130 348 -19
130 527 8
130 149 -13
504 306 -19
504 524 -13
504 484 13
504 505 28
306 304 -8
306 92 -19
306 305 19
524 544 -28
524 525 19
524 326 19
484 286 -28
484 465 8
484 485 -19
505 303 -13
505 503 28
505 111 -28
380 382 8
380 578 -13
380 378 -19
380 379 13
382 162 8
382 384 -19
382 580 -28
382 381 -19
578 579 -19
578 182 8
378 576 -28
378 158 13
378 377 -19
379 163 -8
379 581 -13
379 359 28
573 173 -13
573 575 19
573 371 -28
573 572 13
173 154 28
575 373 28
575 574 28
575 577 -13
371 351 -28
371 155 13
572 374 8
572 552 -28
572 176 -28
266 54 -13
266 465 -13
266 265 8
54 446 -19
54 36 -28
465 445 19
265 245 -8
265 285 -28
237 31 19
237 440 28
237 257 28
237 238 19
237 217 -8
31 33 19
31 29 -19
31 417 -28
440 442 -28
440 48 -19
440 439 13
440 438 8
257 277 8
257 258 8
257 49 8
238 437 -28
238 240 19
238 236 -19
238 28 -13
217 197 -28
217 420 13
471 469 19
471 78 13
471 470 19
471 473 8
471 269 19
469 267 28
469 76 19
469 468 -19
78 97 8
78 79 19
78 59 -28
78 292 -13
470 490 -13
470 451 -13
470 81 19
473 271 -8
473 475 -8
269 249 8
269 270 13
269 289 8
269 60 -8
356 358 -28
356 355 -8
356 554 19
356 354 -13
138 136 -13
138 353 13
138 532 -8
138 140 -8
535 534 -19
535 537 13
535 333 -8
535 533 8
119 336 19
119 101 19
119 515 -13
341 321 -28
341 127 -28
341 361 8
341 342 28
321 523 13
321 110 -19
321 301 19
127 129 -13
127 125 -8
127 520 8
127 126 28
361 146 -13
361 362 19
361 563 -8
361 381 -13
342 344 28
342 340 13
254 256 19
254 253 -19
254 453 28
254 252 13
434 436 -13
434 433 13
434 432 8
434 231 28
43 45 8
43 41 -19
43 251 8
43 431 8
24 234 13
24 414 -8
24 5 -28
24 25 -28
489 491 -19
489 287 -13
489 487 -13
489 95 19
489 488 13
491 97 -13
491 490 19
491 493 -13
491 289 -13
287 288 19
287 77 -13
287 307 8
287 267 -8
487 486 -19
95 114 -19
95 76 -19
95 96 -28
95 310 28
488 508 -8
488 290 8
488 468 -13
488 98 13
163 165 8
163 162 13
163 161 19
165 560 13
165 164 -8
165 167 13
165 381 -28
162 181 -28
161 159 8
161 556 -8
161 377 -28
291 292 13
291 271 13
291 493 -8
291 311 8
291 81 13
292 294 8
292 490 -28
292 290 8
271 251 -8
493 99 -19
493 495 -28
493 492 8
311 100 19
311 312 13
311 331 -8
81 83 8
81 79 8
388 390 -19
388 387 13
388 0 28
390 389 13
390 392 19
390 187 13
390 1 13
387 407 19
387 2 13
387 188 8
0 19 8
0 208 8
420 422 -13
420 418 -19
240 439 8
240 242 8
240 239 19
48 67 -19
48 49 28
48 260 -8
189 190 19
189 209 28
189 392 -13
190 192 8
190 389 28
190 188 28
209 4 -28
209 210 8
209 229 19
392 3 -19
392 394 13
392 391 -28
437 438 8
437 417 -28
437 49 -19
438 436 -19
438 235 19
438 46 8
417 418 -13
417 397 28
49 51 -19
49 47 28
45 433 19
45 44 8
45 47 8
45 253 19
433 453 -8
433 234 -13
433 413 28
44 256 -19
44 436 -19
44 26 28
44 63 13
47 46 -8
47 435 19
253 233 -8
565 166 -19
565 564 -28
565 363 -8
565 563 13
166 185 -8
166 167 -8
166 386 -13
166 147 28
564 584 -8
564 366 8
564 544 13
363 364 -28
363 343 -8
363 148 8
363 383 8
563 164 28
563 562 19
319 521 -8
319 320 28
319 299 -28
521 523 -8
521 519 -28
521 520 28
320 318 -19
320 105 28
320 518 -13
299 300 -28
299 89 -13
299 279 -28
185 585 -19
185 186 13
585 584 13
585 383 19
585 583 -28
186 184 8
186 582 19
442 239 -28
442 444 19
442 50 -8
442 441 -8
439 51 -28
439 459 -8
197 198 -19
298 300 28
298 297 -13
298 296 19
298 84 19
298 496 13
300 302 -19
300 86 19
300 498 8
297 87 -13
297 277 19
297 317 13
297 499 28
296 494 -8
296 294 -8
296 82 19
296 295 13
84 477 -13
84 103 -13
84 85 28
496 516 8
496 476 -8
496 497 8
496 106 19
349 551 -13
349 350 -28
349 369 -19
349 329 13
349 134 -8
551 549 8
551 152 -19
551 553 -13
350 352 28
350 548 13
350 348 -8
350 131 -13
369 153 13
369 370 -13
329 531 8
329 330 13
329 116 28
134 136 19
134 133 8
134 132 -8
134 528 -13
37 423 -19
37 35 -19
37 36 -8
423 403 -8
423 443 19
423 424 -19
423 224 -28
35 421 19
35 33 19
35 34 -8
35 241 -13
36 246 -8
36 17 -8
36 426 -28
477 475 -19
477 479 28
477 476 13
477 275 -19
103 104 19
103 318 -28
103 497 -19
103 120 28
85 87 8
85 83 -13
85 474 -28
85 295 8
425 226 13
425 405 28
425 445 19
425 426 8
226 17 19
226 224 -8
405 406 -28
445 446 28
445 246 8
426 424 28
426 223 8
196 194 28
196 195 13
196 395 8
196 198 28
194 393 19
194 192 -28
194 193 -19
195 215 -13
195 398 -8
395 415 19
395 396 -19
395 10 13
198 200 -13
198 397 19
389 4 -8
187 188 8
1 2 28
1 210 -8
373 374 19
373 353 -8
374 154 -28
353 354 -13
353 333 -8
251 252 19
251 231 -13
352 351 28
352 354 19
352 133 28
351 331 8
351 136 8
351 553 -19
354 552 19
354 135 8
133 531 -19
133 152 28
87 86 -28
87 476 -28
87 89 -13
86 67 -8
86 105 13
86 479 -8
476 278 13
89 478 19
89 91 8
250 248 -28
250 252 8
250 449 8
250 39 -13
250 249 28
248 447 -8
248 38 -13
248 247 28
252 451 19
449 429 8
449 450 28
449 60 8
449 468 8
39 430 -28
39 57 28
39 40 8
249 41 19
249 452 13
249 229 8
144 146 28
144 142 -28
144 359 -13
144 538 -13
362 364 -13
362 560 -13
362 360 -19
199 402 28
199 200 13
422 32 28
422 424 -28
422 421 -8
239 259 -19
239 33 -13
403 204 -19
403 18 -19
403 404 -28
204 202 13
204 203 19
18 17 -28
18 223 -8
404 201 19
404 402 -13
404 406 -13
404 15 28
146 148 -13
146 145 -8
148 542 8
148 147 28
145 364 -19
145 164 13
145 126 -8
538 340 -28
538 518 28
360 358 19
360 141 -13
360 359 13
23 21 -28
23 25 -19
23 22 -13
23 229 -8
429 430 28
429 230 13
429 41 -19
210 212 13
210 208 -28
51 53 -19
51 259 28
51 50 19
53 52 28
53 261 13
53 441 8
259 260 -28
259 462 -28
259 279 8
50 262 -28
50 32 28
50 69 -13
68 277 19
68 70 -13
68 66 -19
68 67 -8
258 256 28
258 46 13
258 260 28
228 19 -13
228 427 8
228 227 -8
228 230 19
19 38 28
427 40 8
427 428 28
427 407 13
427 447 13
227 21 -19
227 430 -8
227 247 13
230 232 -8
230 229 28
100 490 13
100 102 -13
100 99 -8
100 98 19
102 104 8
102 313 -19
102 492 -13
102 101 -28
99 117 28
99 314 -8
98 97 -8
98 96 -8
332 330 19
332 334 -19
332 530 8
332 331 13
330 114 -13
330 528 -19
334 333 19
334 336 13
334 532 13
334 117 -8
530 531 19
530 136 8
331 118 13
331 533 19
277 479 -8
277 278 -13
70 69 19
70 72 -19
70 279 13
70 459 -28
66 64 8
66 455 -13
66 275 -19
67 280 -8
325 305 -28
325 345 8
325 326 28
305 285 8
345 346 -19
345 365 13
326 324 19
326 111 28
446 444 28
444 443 28
444 241 -28
444 52 -19
304 502 28
304 302 -28
304 90 -8
304 303 13
502 503 28
502 522 -8
502 112 28
502 482 -28
302 500 -13
302 301 13
90 109 28
90 71 -28
90 91 19
90 483 13
303 93 -28
303 323 -28
21 407 -8
407 208 -28
464 463 -13
464 71 8
464 261 8
464 462 28
463 443 13
463 74 13
463 482 19
71 72 28
71 284 -8
71 52 -13
261 262 -19
261 241 -28
261 281 -8
462 69 -19
462 461 19
118 116 19
118 117 -8
116 115 13
116 508 -28
117 135 19
581 579 8
581 181 28
581 583 -28
581 580 28
552 553 13
552 532 -19
176 178 -13
245 246 -13
285 286 -8
17 406 19
224 223 -19
224 15 -8
451 452 8
451 431 -13
333 313 -28
336 338 -8
336 534 -8
336 335 -28
532 512 28
532 533 28
178 177 13
178 180 -19
178 574 19
517 516 8
517 315 -8
517 515 -8
517 519 19
517 120 13
516 123 -19
516 536 28
516 318 28
315 104 8
315 316 19
315 295 19
315 335 8
515 313 -19
515 514 19
519 122 -19
519 317 28
519 518 -19
120 338 8
120 139 -8
120 121 -13
508 310 -19
508 528 -8
290 288 -28
290 289 -28
290 76 -8
468 79 -19
468 270 28
181 182 19
416 213 -8
416 26 -13
416 414 -19
416 418 -13
416 415 -28
213 233 -13
213 193 8
213 214 19
213 8 13
26 27 -13
26 7 -19
26 236 13
414 211 8
414 413 8
418 215 -13
418 28 -13
415 216 -8
415 435 8
415 29 -8
2 4 -13
579 179 -28
579 577 8
579 377 -13
179 180 13
577 576 -8
577 375 -28
577 177 -8
223 203 28
244 443 13
244 246 -13
244 242 28
244 34 8
475 82 -8
475 474 -13
479 481 -13
479 478 8
275 295 -28
4 3 28
4 6 -28
584 386 19
366 364 -28
366 147 13
366 365 19
544 346 -28
544 545 19
459 260 -8
459 478 28
317 318 -8
317 337 28
317 106 -19
499 497 -28
499 105 -19
499 498 -8
531 529 8
531 533 28
529 327 -19
529 527 -28
529 131 8
529 528 -13
533 135 8
215 216 8
215 10 -13
215 235 19
398 396 -28
398 9 -13
398 397 19
549 347 -28
549 547 28
549 548 28
549 150 19
347 348 28
347 327 13
347 132 28
347 367 13
547 149 13
547 546 19
548 528 -28
548 568 -19
548 153 19
150 151 13
150 370 -28
150 131 8
448 447 -28
448 450 13
448 56 19
447 58 -19
447 467 -13
450 57 19
450 452 -28
450 247 -13
56 75 13
56 268 28
56 38 -28
3 212 8
3 22 13
6 8 -8
6 5 19
6 211 -13
6 391 -13
312 314 -8
312 310 -8
312 97 19
314 512 19
314 316 13
314 313 8
310 308 -13
346 344 -13
346 128 13
545 343 -13
545 147 13
202 401 19
202 201 -19
202 200 28
401 421 13
401 402 -8
201 221 28
278 280 -13
358 139 13
358 556 19
139 537 -13
139 158 -28
139 140 13
556 576 -13
556 536 19
406 203 -28
93 92 8
93 91 -8
93 482 19
92 111 28
92 73 8
92 485 -28
91 480 19
91 301 -13
482 483 -19
482 284 -19
256 455 19
455 435 8
455 474 8
104 106 19
104 494 28
106 105 19
494 474 -28
494 495 -28
494 514 28
430 428 28
430 432 19
247 267 13
247 40 19
280 279 13
280 478 28
280 282 19
503 301 13
503 109 -19
500 520 8
500 480 19
500 110 8
323 343 -13
323 324 8
323 112 -13
323 525 28
576 180 8
180 182 28
40 41 28
428 38 19
74 72 13
74 73 19
135 136 -13
135 154 -28
553 154 28
554 159 19
554 534 8
554 574 -28
338 340 -13
338 536 -28
338 337 28
340 122 -13
536 537 -28
536 142 19
337 123 -8
72 461 28
72 281 13
73 286 -8
289 79 8
432 431 -19
432 229 -19
288 75 -28
288 486 8
486 506 -19
486 467 -19
486 96 19
123 121 -28
123 125 -13
123 122 -19
318 316 8
27 25 8
27 29 -8
27 413 -13
27 233 -28
25 411 -28
25 231 8
29 235 13
29 28 19
413 393 -28
413 214 -28
233 436 -8
233 234 8
216 214 -13
216 7 -19
435 436 -19
435 236 13
121 514 13
121 335 13
125 518 -13
122 105 19
122 141 19
385 386 -13
385 365 -19
386 384 -19
182 184 8
212 411 -13
212 211 19
212 214 19
77 79 -28
77 76 13
77 467 13
76 57 -19
467 268 19
184 580 28
184 183 8
523 525 28
523 522 -28
523 126 13
525 128 8
522 129 -8
522 542 19
522 324 13
126 344 28
126 109 13
495 293 -19
495 497 -13
495 101 28
514 534 -13
514 316 -19
32 33 -28
32 242 -28
424 221 13
424 34 -8
421 441 -19
286 284 -13
284 282 -28
393 8 28
393 394 8
8 7 -13
8 10 28
394 396 13
394 191 -8
394 5 -8
355 140 -19
355 335 -13
355 375 -28
140 534 -8
140 142 -8
335 537 8
375 159 -13
568 569 19
568 370 -19
153 151 -28
153 155 19
153 152 -13
109 324 28
109 110 -19
483 485 -19
483 481 19
483 281 8
396 7 19
396 193 -19
58 57 8
58 267 28
58 60 -28
151 546 28
151 367 -13
155 154 28
152 171 -8
344 343 13
344 542 -19
343 129 -19
542 562 -13
57 270 28
267 268 19
60 59 13
316 101 28
295 497 19
383 384 13
383 167 8
583 381 13
583 183 28
583 582 28
221 241 8
142 141 -8
452 59 28
453 64 -13
129 128 -13
128 147 28
128 111 13
111 112 -8
235 236 8
214 5 28
506 308 -13
506 526 13
506 115 8
480 481 -28
480 461 -19
480 282 -28
110 112 8
234 236 28
234 232 -19
301 281 -19
159 158 -28
158 177 -13
307 308 8
307 327 -13
307 96 -28
364 562 -8
562 582 8
562 167 -13
481 279 -13
461 262 13
461 441 -8
282 281 -13
282 69 19
560 580 28
441 242 28
242 241 -13
370 368 -19
268 270 19
83 293 13
83 82 -28
293 294 13
293 313 -28
82 101 19
82 63 -28
567 569 -8
567 168 -13
546 348 19
546 526 -8
368 149 -28
368 367 19
260 262 13
64 63 -13
327 115 13
526 527 8
526 132 28
569 367 8
115 114 19
114 131 8
512 492 19
411 431 -19
411 391 28
22 232 -8
15 34 19
294 492 -28
192 191 28
192 391 -8
191 211 8
164 384 -19
164 183 -28
46 28 13
498 478 28
498 518 19
131 132 28
384 582 13
431 232 8
211 231 -28
52 34 -8
232 231 13
149 168 28
9 10 28
9 28 -28
