107 501 19
107 124 -19
107 322 -19
107 108 -19
107 88 13
501 503 28
501 500 19
501 299 19
501 499 28
124 143 -19
124 125 -28
124 521 19
124 342 19
322 321 -13
322 324 28
322 320 19
322 520 -28
108 319 19
108 106 -19
108 110 -19
108 498 8
88 89 -8
88 69 -19
88 302 -13
88 481 8
220 218 -28
220 419 -28
220 222 -8
220 11 8
220 219 -19
218 217 28
218 216 8
218 417 13
218 9 -13
419 439 13
419 399 -8
419 33 -8
419 420 -19
222 421 19
222 13 -8
222 224 -8
222 221 -13
11 12 8
11 30 13
11 400 28
219 14 -8
219 199 -28
219 422 8
219 239 -28
541 339 -19
541 540 -8
541 543 -13
541 539 28
541 143 13
339 319 -13
339 340 19
339 125 19
339 359 -8
540 146 -28
540 560 13
540 342 19
540 520 28
543 341 -19
543 542 19
543 145 8
543 545 -8
539 337 -28
539 537 28
539 141 13
539 538 13
143 144 8
143 362 13
143 162 28
12 14 -19
12 217 28
12 10 -19
12 397 13
30 420 -28
30 31 8
30 240 8
30 48 19
400 399 -8
400 398 -13
400 197 28
400 402 28
205 206 -28
205 225 13
206 405 19
206 204 -8
225 226 -19
225 245 -8
559 357 -8
559 558 13
559 160 -19
559 561 13
559 557 -8
357 358 28
357 142 -8
357 377 -13
357 337 13
558 163 19
558 578 -8
558 538 -8
558 360 13
160 380 28
160 179 -28
160 161 19
160 141 28
561 162 -19
561 563 -13
561 359 19
561 560 13
557 555 -19
557 355 19
557 158 13
557 556 -19
410 409 -8
410 20 -28
410 408 19
410 412 28
410 207 8
409 23 13
409 429 13
409 210 -19
409 389 -19
20 21 8
20 1 -19
20 39 13
20 230 13
408 19 -19
408 407 -28
412 411 -28
412 414 -8
412 22 -8
412 209 19
207 2 8
207 227 -19
207 208 -19
207 187 -19
156 175 -28
156 555 13
156 376 -13
156 157 8
156 137 8
175 176 28
175 575 -28
555 553 -19
555 554 13
555 353 28
376 375 -8
376 378 -19
376 574 -28
376 374 -28
157 373 19
157 159 -19
157 155 -8
157 552 13
137 356 -8
137 138 13
137 535 -8
137 119 -8
274 472 19
274 273 13
274 61 28
274 276 8
274 272 -13
472 83 8
472 453 -8
472 473 8
472 492 -8
273 253 -19
273 64 -19
273 293 -8
273 475 -8
61 454 -19
61 62 13
61 42 8
61 80 13
276 63 13
276 275 28
276 474 -13
276 278 -13
272 271 -19
272 470 -13
272 270 -19
272 59 -19
458 65 13
458 460 8
458 255 28
458 457 -28
458 456 -28
65 84 28
65 66 28
65 278 -13
65 46 -8
460 67 -28
460 257 -19
460 459 19
460 462 8
255 256 28
255 47 13
255 235 28
255 275 -13
457 437 8
457 68 -28
457 258 -28
457 476 -8
456 253 -19
456 454 8
456 63 13
456 455 28
454 452 13
454 453 13
454 251 -8
62 271 8
62 64 13
62 60 -19
62 451 -19
42 254 -13
42 434 8
42 43 28
42 24 -13
80 294 13
80 81 -8
80 473 -28
80 99 -13
14 399 -8
14 13 -28
14 16 13
399 200 -13
13 402 8
13 32 13
16 15 19
16 221 -19
16 401 -13
16 18 19
570 571 -19
570 550 28
570 174 8
570 372 -28
571 573 13
571 369 28
571 569 19
571 171 19
550 352 19
550 551 19
550 530 13
550 155 -19
174 176 -13
174 172 19
174 173 8
372 152 -19
372 370 28
372 371 8
372 374 -13
170 172 -8
170 566 -19
170 169 19
172 171 -8
172 568 -8
566 567 -8
566 546 19
566 368 19
169 569 -8
169 150 -19
263 243 -28
263 466 -28
263 264 -8
263 283 -8
263 55 19
243 37 -8
243 446 -13
243 223 -8
243 244 -19
466 464 -8
466 73 -28
466 465 -19
264 266 19
264 463 -28
264 262 -28
264 52 28
283 303 -13
283 74 19
283 284 -13
283 485 28
55 443 19
55 54 -13
55 53 28
511 309 -13
511 509 13
511 510 28
511 513 28
309 329 19
309 289 -19
309 310 -8
309 98 28
509 507 -19
509 114 8
509 307 -19
509 508 -28
510 118 -19
510 312 -8
510 490 -13
510 530 -28
513 117 -19
513 512 -19
513 515 19
513 311 -13
113 94 -19
113 328 -13
113 507 -8
113 130 8
94 75 28
94 308 -8
94 487 -19
328 327 28
328 526 28
328 330 -28
507 506 8
130 348 13
130 527 -13
130 149 -19
504 306 19
504 524 -13
504 484 28
504 505 19
306 304 13
306 92 19
306 305 8
524 544 13
524 525 -19
524 326 28
484 286 -19
484 465 19
484 485 28
505 303 -8
505 503 8
505 111 13
380 382 13
380 578 -13
380 378 -28
380 379 -28
382 162 19
382 384 -28
382 580 28
382 381 19
578 579 19
578 182 -13
378 576 19
378 158 13
378 377 -13
379 163 -13
379 581 13
379 359 28
573 173 19
573 575 19
573 371 -8
573 572 28
173 154 19
575 373 -19
575 574 -28
575 577 28
371 351 19
371 155 13
572 374 13
572 552 13
572 176 13
266 54 13
266 465 13
266 265 -28
54 446 19
54 36 19
465 445 -28
265 245 8
265 285 19
237 31 -19
237 440 28
237 257 -28
237 238 8
237 217 8
31 33 8
31 29 8
31 417 -19
440 442 -8
440 48 -13
440 439 -19
440 438 -19
257 277 -13
257 258 -28
257 49 -13
238 437 -19
238 240 -13
238 236 28
238 28 -8
217 197 -28
217 420 28
471 469 -13
471 78 -28
471 470 -28
471 473 -8
471 269 -28
469 267 19
469 76 -8
469 468 8
78 97 -8
78 79 13
78 59 28
78 292 -28
470 490 -13
470 451 -28
470 81 -8
473 271 -19
473 475 28
269 249 -13
269 270 28
269 289 28
269 60 28
356 358 28
356 355 19
356 554 28
356 354 -8
138 136 13
138 353 -8
138 532 -13
138 140 -8
535 534 -19
535 537 -28
535 333 -19
535 533 -8
119 336 -28
119 101 -28
119 515 13
341 321 -28
341 127 -19
341 361 -19
341 342 -13
321 523 19
321 110 -28
321 301 19
127 129 -8
127 125 28
127 520 -19
127 126 8
361 146 19
361 362 19
361 563 28
361 381 19
342 344 19
342 340 -28
254 256 8
254 253 19
254 453 19
254 252 19
434 436 19
434 433 -28
434 432 28
434 231 -28
43 45 8
43 41 8
43 251 -19
43 431 28
24 234 -8
24 414 -19
24 5 -8
24 25 -28
489 491 -8
489 287 -8
489 487 -13
489 95 -13
489 488 28
491 97 -28
491 490 8
491 493 -28
491 289 -13
287 288 19
287 77 19
287 307 13
287 267 8
487 486 -19
95 114 19
95 76 -28
95 96 13
95 310 13
488 508 8
488 290 -28
488 468 8
488 98 19
163 165 -19
163 162 -8
163 161 19
165 560 -13
165 164 -13
165 167 -13
165 381 13
162 181 -13
161 159 8
161 556 -13
161 377 -8
291 292 -8
291 271 8
291 493 -19
291 311 28
291 81 8
292 294 -19
292 490 -19
292 290 28
271 251 28
493 99 -8
493 495 19
493 492 -28
311 100 -19
311 312 28
311 331 13
81 83 -28
81 79 13
388 390 -8
388 387 8
388 0 28
390 389 19
390 392 13
390 187 28
390 1 28
387 407 13
387 2 13
387 188 -28
0 19 13
0 208 -28
420 422 28
420 418 -8
240 439 -19
240 242 8
240 239 28
48 67 -13
48 49 -8
48 260 -13
189 190 -19
189 209 13
189 392 -13
190 192 19
190 389 28
190 188 -19
209 4 -28
209 210 28
209 229 -8
392 3 -13
392 394 -8
392 391 8
437 438 -8
437 417 -13
437 49 13
438 436 -28
438 235 13
438 46 8
417 418 28
417 397 -13
49 51 8
49 47 -13
45 433 8
45 44 13
45 47 19
45 253 8
433 453 8
433 234 13
433 413 -8
44 256 19
44 436 8
44 26 -8
44 63 -28
47 46 -13
47 435 -8
253 233 -19
565 166 -19
565 564 19
565 363 -28
565 563 -13
166 185 -13
166 167 -8
166 386 13
166 147 13
564 584 8
564 366 28
564 544 28
363 364 -19
363 343 19
363 148 -28
363 383 -13
563 164 -13
563 562 -19
319 521 8
319 320 13
319 299 -28
521 523 8
521 519 -13
521 520 -28
320 318 -8
320 105 -13
320 518 8
299 300 -19
299 89 19
299 279 13
185 585 13
185 186 -19
585 584 -19
585 383 -28
585 583 28
186 184 -8
186 582 28
442 239 -28
442 444 13
442 50 -28
442 441 -28
439 51 28
439 459 -28
197 198 -13
298 300 28
298 297 -28
298 296 28
298 84 28
298 496 19
300 302 -13
300 86 -8
300 498 13
297 87 28
297 277 28
297 317 13
297 499 28
296 494 28
296 294 28
296 82 -28
296 295 -28
84 477 -19
84 103 -19
84 85 -28
496 516 -8
496 476 28
496 497 -28
496 106 -28
349 551 -8
349 350 -8
349 369 28
349 329 -13
349 134 -8
551 549 8
551 152 -28
551 553 -19
350 352 19
350 548 8
350 348 -28
350 131 8
369 153 -19
369 370 28
329 531 -19
329 330 8
329 116 13
134 136 -13
134 133 -13
134 132 -19
134 528 -19
37 423 13
37 35 -8
37 36 -28
423 403 28
423 443 19
423 424 19
423 224 13
35 421 -8
35 33 -13
35 34 -8
35 241 19
36 246 -8
36 17 8
36 426 -19
477 475 19
477 479 -28
477 476 -8
477 275 -13
103 104 -8
103 318 19
103 497 -28
103 120 -19
85 87 28
85 83 -19
85 474 -8
85 295 13
425 226 -28
425 405 -19
425 445 19
425 426 8
226 17 8
226 224 -8
405 406 8
445 446 -8
445 246 -13
426 424 -13
426 223 -19
196 194 -8
196 195 -8
196 395 13
196 198 -8
194 393 28
194 192 -19
194 193 -13
195 215 -13
195 398 -8
395 415 -19
395 396 -8
395 10 -28
198 200 -28
198 397 -8
389 4 8
187 188 19
1 2 -28
1 210 -28
373 374 8
373 353 13
374 154 8
353 354 8
353 333 19
251 252 -28
251 231 -13
352 351 19
352 354 19
352 133 -19
351 331 28
351 136 19
351 553 -13
354 552 -19
354 135 19
133 531 28
133 152 -19
87 86 -8
87 476 -19
87 89 -19
86 67 19
86 105 8
86 479 8
476 278 -8
89 478 -8
89 91 -28
250 248 19
250 252 -28
250 449 28
250 39 13
250 249 28
248 447 13
248 38 8
248 247 -19
252 451 -13
449 429 28
449 450 -8
449 60 8
449 468 8
39 430 19
39 57 -13
39 40 -28
249 41 -13
249 452 -13
249 229 28
144 146 -28
144 142 28
144 359 -19
144 538 8
362 364 19
362 560 -8
362 360 -13
199 402 13
199 200 13
422 32 -13
422 424 8
422 421 8
239 259 -8
239 33 8
403 204 -28
403 18 28
403 404 8
204 202 13
204 203 8
18 17 28
18 223 -13
404 201 -19
404 402 28
404 406 -13
404 15 -19
146 148 13
146 145 -8
148 542 -8
148 147 -19
145 364 28
145 164 8
145 126 -13
538 340 13
538 518 8
360 358 -13
360 141 -19
360 359 13
23 21 -19
23 25 19
23 22 -13
23 229 -8
429 430 28
429 230 -13
429 41 -13
210 212 19
210 208 -8
51 53 28
51 259 -19
51 50 28
53 52 -19
53 261 -13
53 441 -13
259 260 28
259 462 19
259 279 -28
50 262 28
50 32 28
50 69 -28
68 277 19
68 70 19
68 66 28
68 67 -8
258 256 19
258 46 13
258 260 8
228 19 -19
228 427 -28
228 227 -13
228 230 13
19 38 -19
427 40 28
427 428 -13
427 407 -8
427 447 -13
227 21 -8
227 430 13
227 247 8
230 232 -13
230 229 -8
100 490 -19
100 102 8
100 99 13
100 98 -8
102 104 28
102 313 8
102 492 -13
102 101 -19
99 117 -8
99 314 -28
98 97 19
98 96 19
332 330 -28
332 334 -28
332 530 28
332 331 19
330 114 19
330 528 28
334 333 19
334 336 8
334 532 13
334 117 -8
530 531 8
530 136 -28
331 118 28
331 533 19
277 479 -8
277 278 13
70 69 -28
70 72 -19
70 279 19
70 459 -19
66 64 28
66 455 28
66 275 -19
67 280 -13
325 305 8
325 345 28
325 326 -8
305 285 8
345 346 19
345 365 13
326 324 8
326 111 8
446 444 -13
444 443 -8
444 241 28
444 52 28
304 502 -28
304 302 -8
304 90 -28
304 303 8
502 503 -8
502 522 -8
502 112 8
502 482 19
302 500 8
302 301 8
90 109 8
90 71 8
90 91 28
90 483 13
303 93 -19
303 323 -13
21 407 13
407 208 -28
464 463 8
464 71 28
464 261 -19
464 462 28
463 443 19
463 74 -19
463 482 -28
71 72 19
71 284 -28
71 52 -19
261 262 19
261 241 28
261 281 13
462 69 -28
462 461 -8
118 116 28
118 117 28
116 115 -28
116 508 13
117 135 19
581 579 8
581 181 19
581 583 -8
581 580 28
552 553 -19
552 532 -8
176 178 -19
245 246 -8
285 286 -13
17 406 19
224 223 -19
224 15 28
451 452 -13
451 431 -8
333 313 8
336 338 13
336 534 -19
336 335 -13
532 512 -8
532 533 19
178 177 19
178 180 -8
178 574 13
517 516 19
517 315 19
517 515 8
517 519 -19
517 120 -28
516 123 -13
516 536 28
516 318 -13
315 104 -8
315 316 -19
315 295 19
315 335 -8
515 313 13
515 514 28
519 122 28
519 317 -8
519 518 -28
120 338 8
120 139 -19
120 121 -28
508 310 -13
508 528 -28
290 288 13
290 289 -28
290 76 19
468 79 13
468 270 -19
181 182 -19
416 213 28
416 26 28
416 414 13
416 418 13
416 415 -8
213 233 13
213 193 13
213 214 -19
213 8 -28
26 27 -28
26 7 8
26 236 -19
414 211 -28
414 413 13
418 215 -8
418 28 -19
415 216 13
415 435 19
415 29 -28
2 4 13
579 179 -13
579 577 19
579 377 -13
179 180 19
577 576 19
577 375 -19
577 177 -19
223 203 8
244 443 -19
244 246 -28
244 242 19
244 34 -28
475 82 -13
475 474 28
479 481 -13
479 478 13
275 295 -28
4 3 13
4 6 19
584 386 19
366 364 8
366 147 8
366 365 -13
544 346 -19
544 545 -28
459 260 -19
459 478 -19
317 318 13
317 337 -28
317 106 13
499 497 -8
499 105 28
499 498 -13
531 529 28
531 533 28
529 327 -28
529 527 -8
529 131 13
529 528 13
533 135 13
215 216 13
215 10 -13
215 235 -19
398 396 -8
398 9 28
398 397 28
549 347 19
549 547 -19
549 548 28
549 150 -8
347 348 8
347 327 8
347 132 -19
347 367 -19
547 149 8
547 546 13
548 528 13
548 568 8
548 153 -28
150 151 -28
150 370 13
150 131 -13
448 447 -28
448 450 28
448 56 13
447 58 -28
447 467 19
450 57 -28
450 452 -8
450 247 -8
56 75 13
56 268 -13
56 38 -8
3 212 28
3 22 -19
6 8 -19
6 5 -19
6 211 8
6 391 -28
312 314 -28
312 310 -13
312 97 28
314 512 -28
314 316 -8
314 313 -19
310 308 -13
346 344 28
346 128 28
545 343 13
545 147 13
202 401 13
202 201 28
202 200 13
401 421 -13
401 402 -8
201 221 -28
278 280 -13
358 139 28
358 556 -28
139 537 -28
139 158 13
139 140 -13
556 576 -28
556 536 -13
406 203 13
93 92 -13
93 91 28
93 482 -19
92 111 -19
92 73 -19
92 485 19
91 480 -13
91 301 8
482 483 8
482 284 8
256 455 -8
455 435 -8
455 474 -8
104 106 8
104 494 -13
106 105 19
494 474 -19
494 495 19
494 514 -8
430 428 19
430 432 -19
247 267 8
247 40 -13
280 279 28
280 478 -8
280 282 8
503 301 13
503 109 19
500 520 13
500 480 13
500 110 -13
323 343 -28
323 324 -28
323 112 28
323 525 -13
576 180 -19
180 182 19
40 41 8
428 38 -8
74 72 -8
74 73 -13
135 136 8
135 154 19
553 154 8
554 159 -8
554 534 28
554 574 -13
338 340 8
338 536 8
338 337 -28
340 122 -13
536 537 -28
536 142 -19
337 123 -13
72 461 8
72 281 13
73 286 -28
289 79 -8
432 431 8
432 229 -8
288 75 -8
288 486 19
486 506 8
486 467 19
486 96 -8
123 121 13
123 125 13
123 122 28
318 316 8
27 25 13
27 29 28
27 413 19
27 233 8
25 411 13
25 231 19
29 235 19
29 28 -28
413 393 -13
413 214 -13
233 436 -28
233 234 28
216 214 -28
216 7 -28
435 436 -8
435 236 -19
121 514 13
121 335 -19
125 518 13
122 105 -28
122 141 -13
385 386 19
385 365 19
386 384 13
182 184 -13
212 411 -19
212 211 -13
212 214 19
77 79 -8
77 76 -13
77 467 13
76 57 28
467 268 -8
184 580 13
184 183 -28
523 525 -13
523 522 -13
523 126 -19
525 128 13
522 129 8
522 542 28
522 324 13
126 344 -19
126 109 19
495 293 -13
495 497 13
495 101 8
514 534 -8
514 316 19
32 33 -28
32 242 -19
424 221 13
424 34 28
421 441 28
286 284 8
284 282 -8
393 8 8
393 394 8
8 7 -8
8 10 -13
394 396 -28
394 191 13
394 5 -19
355 140 -8
355 335 -8
355 375 -13
140 534 28
140 142 13
335 537 28
375 159 8
568 569 -28
568 370 -28
153 151 -13
153 155 -19
153 152 -28
109 324 28
109 110 -13
483 485 -13
483 481 19
483 281 -19
396 7 -28
396 193 -28
58 57 28
58 267 -8
58 60 -19
151 546 -19
151 367 8
155 154 -19
152 171 19
344 343 28
344 542 -8
343 129 8
542 562 -19
57 270 19
267 268 28
60 59 13
316 101 -13
295 497 -8
383 384 -19
383 167 -19
583 381 19
583 183 13
583 582 19
221 241 28
142 141 -28
452 59 -28
453 64 -13
129 128 8
128 147 8
128 111 28
111 112 13
235 236 28
214 5 28
506 308 -28
506 526 8
506 115 8
480 481 8
480 461 13
480 282 -28
110 112 19
234 236 -19
234 232 -13
301 281 19
159 158 8
158 177 -13
307 308 28
307 327 8
307 96 -8
364 562 13
562 582 -19
562 167 -8
481 279 8
461 262 -28
461 441 19
282 281 19
282 69 28
560 580 8
441 242 13
242 241 28
370 368 -19
268 270 -13
83 293 -28
83 82 -28
293 294 -8
293 313 -8
82 101 -8
82 63 8
567 569 -8
567 168 -28
546 348 -13
546 526 8
368 149 -8
368 367 -28
260 262 -13
64 63 -8
327 115 -8
526 527 -19
526 132 8
569 367 -19
115 114 19
114 131 13
512 492 -13
411 431 -28
411 391 13
22 232 19
15 34 -8
294 492 19
192 191 -19
192 391 13
191 211 19
164 384 -28
164 183 8
46 28 13
498 478 -13
498 518 28
131 132 19
384 582 -8
431 232 -13
211 231 13
52 34 8
232 231 28
149 168 -13
9 10 8
9 28 -13
