107 501 19
107 124 13
107 322 -19
107 108 -19
107 88 13
501 503 28
501 500 19
501 299 -28
501 499 -19
124 143 19
124 125 13
124 521 -28
124 342 -28
322 321 13
322 324 -13
322 320 -8
322 520 19
108 319 19
108 106 28
108 110 19
108 498 -8
88 89 8
88 69 19
88 302 13
88 481 -13
220 218 13
220 419 8
220 222 8
220 11 -13
220 219 19
218 217 -28
218 216 -8
218 417 -19
218 9 -19
419 439 -13
419 399 -19
419 33 13
419 420 8
222 421 -19
222 13 19
222 224 -19
222 221 8
11 12 13
11 30 13
11 400 19
219 14 8
219 199 -8
219 422 -19
219 239 -19
541 339 8
541 540 28
541 543 28
541 539 28
541 143 28
339 319 -8
339 340 28
339 125 28
339 359 -19
540 146 28
540 560 28
540 342 13
540 520 -19
543 341 -19
543 542 28
543 145 8
543 545 -8
539 337 -19
539 537 -13
539 141 -13
539 538 28
143 144 -13
143 362 -8
143 162 28
12 14 -19
12 217 13
12 10 8
12 397 -13
30 420 19
30 31 13
30 240 28
30 48 19
400 399 -8
400 398 -28
400 197 -19
400 402 -19
205 206 8
205 225 8
206 405 13
206 204 -13
225 226 13
225 245 -28
559 357 -19
559 558 19
559 160 28
559 561 -8
559 557 8
357 358 -19
357 142 -28
357 377 -19
357 337 19
558 163 -28
558 578 -8
558 538 -19
558 360 13
160 380 19
160 179 8
160 161 -13
160 141 19
561 162 -28
561 563 -28
561 359 19
561 560 8
557 555 -13
557 355 19
557 158 -8
557 556 8
410 409 -19
410 20 -8
410 408 13
410 412 28
410 207 -28
409 23 8
409 429 8
409 210 19
409 389 8
20 21 -13
20 1 -19
20 39 13
20 230 -13
408 19 -19
408 407 19
412 411 13
412 414 19
412 22 -13
412 209 13
207 2 19
207 227 -13
207 208 -19
207 187 -8
156 175 -8
156 555 13
156 376 19
156 157 8
156 137 8
175 176 -19
175 575 28
555 553 -28
555 554 -13
555 353 -13
376 375 8
376 378 19
376 574 -19
376 374 -13
157 373 8
157 159 -19
157 155 8
157 552 28
137 356 -28
137 138 -28
137 535 -19
137 119 13
274 472 19
274 273 -28
274 61 -13
274 276 28
274 272 19
472 83 28
472 453 28
472 473 19
472 492 8
273 253 28
273 64 -8
273 293 -8
273 475 13
61 454 13
61 62 -28
61 42 19
61 80 13
276 63 -19
276 275 8
276 474 19
276 278 -19
272 271 -28
272 470 -8
272 270 19
272 59 -13
458 65 13
458 460 -8
458 255 13
458 457 -13
458 456 -13
65 84 19
65 66 13
65 278 13
65 46 19
460 67 -28
460 257 8
460 459 -19
460 462 28
255 256 8
255 47 28
255 235 28
255 275 -8
457 437 -19
457 68 -19
457 258 19
457 476 -8
456 253 -19
456 454 -8
456 63 8
456 455 -19
454 452 -8
454 453 28
454 251 8
62 271 13
62 64 28
62 60 -28
62 451 19
42 254 19
42 434 -8
42 43 -13
42 24 28
80 294 19
80 81 -13
80 473 -19
80 99 -28
14 399 28
14 13 -28
14 16 -8
399 200 -13
13 402 -8
13 32 -28
16 15 -13
16 221 -19
16 401 13
16 18 -28
570 571 -8
570 550 -8
570 174 -19
570 372 -8
571 573 -13
571 369 -13
571 569 -19
571 171 19
550 352 -19
550 551 8
550 530 -28
550 155 19
174 176 28
174 172 19
174 173 19
372 152 19
372 370 -19
372 371 -28
372 374 13
170 172 13
170 566 8
170 169 19
172 171 -19
172 568 13
566 567 -19
566 546 -13
566 368 -13
169 569 13
169 150 -19
263 243 -8
263 466 -28
263 264 -19
263 283 8
263 55 -8
243 37 -8
243 446 28
243 223 28
243 244 -19
466 464 13
466 73 19
466 465 13
264 266 8
264 463 -19
264 262 -13
264 52 28
283 303 -8
283 74 -8
283 284 -8
283 485 13
55 443 -19
55 54 -19
55 53 8
511 309 -19
511 509 -8
511 510 -13
511 513 28
309 329 -28
309 289 13
309 310 -13
309 98 -19
509 507 19
509 114 -28
509 307 -28
509 508 13
510 118 -19
510 312 19
510 490 -13
510 530 28
513 117 19
513 512 8
513 515 8
513 311 -28
113 94 19
113 328 13
113 507 -13
113 130 -13
94 75 28
94 308 -28
94 487 13
328 327 -8
328 526 -8
328 330 28
507 506 8
130 348 13
130 527 19
130 149 -13
504 306 13
504 524 19
504 484 13
504 505 13
306 304 13
306 92 -8
306 305 -8
524 544 -28
524 525 8
524 326 19
484 286 -8
484 465 19
484 485 -19
505 303 28
505 503 8
505 111 19
380 382 -28
380 578 13
380 378 13
380 379 28
382 162 19
382 384 8
382 580 13
382 381 -19
578 579 -8
578 182 28
378 576 -13
378 158 -13
378 377 8
379 163 19
379 581 8
379 359 -28
573 173 13
573 575 -13
573 371 -8
573 572 -28
173 154 -13
575 373 19
575 574 -8
575 577 19
371 351 13
371 155 13
572 374 19
572 552 -19
572 176 8
266 54 -8
266 465 -8
266 265 8
54 446 -13
54 36 -28
465 445 -13
265 245 19
265 285 -28
237 31 -19
237 440 -13
237 257 19
237 238 -28
237 217 19
31 33 8
31 29 -19
31 417 -28
440 442 -13
440 48 13
440 439 8
440 438 8
257 277 -28
257 258 8
257 49 -13
238 437 -13
238 240 -13
238 236 13
238 28 13
217 197 -13
217 420 28
471 469 8
471 78 8
471 470 13
471 473 -13
471 269 -28
469 267 -19
469 76 28
469 468 19
78 97 -8
78 79 28
78 59 28
78 292 -19
470 490 -28
470 451 28
470 81 -28
473 271 -8
473 475 8
269 249 -19
269 270 -19
269 289 -8
269 60 13
356 358 -19
356 355 -13
356 554 28
356 354 13
138 136 -13
138 353 -13
138 532 -8
138 140 28
535 534 28
535 537 28
535 333 8
535 533 19
119 336 28
119 101 8
119 515 28
341 321 8
341 127 28
341 361 -19
341 342 -8
321 523 -8
321 110 -28
321 301 13
127 129 -8
127 125 -19
127 520 8
127 126 -8
361 146 -8
361 362 -28
361 563 -28
361 381 13
342 344 -8
342 340 -8
254 256 -8
254 253 -19
254 453 -8
254 252 19
434 436 -28
434 433 8
434 432 13
434 231 -19
43 45 28
43 41 -13
43 251 8
43 431 -13
24 234 28
24 414 -19
24 5 28
24 25 13
489 491 8
489 287 -28
489 487 -13
489 95 19
489 488 28
491 97 28
491 490 -28
491 493 13
491 289 28
287 288 8
287 77 -28
287 307 13
287 267 -8
487 486 19
95 114 -13
95 76 -8
95 96 -28
95 310 -13
488 508 13
488 290 -8
488 468 -8
488 98 13
163 165 -19
163 162 13
163 161 13
165 560 8
165 164 -13
165 167 -13
165 381 -19
162 181 19
161 159 -8
161 556 13
161 377 -8
291 292 19
291 271 28
291 493 28
291 311 -13
291 81 -28
292 294 -28
292 490 13
292 290 8
271 251 8
493 99 28
493 495 13
493 492 -19
311 100 -28
311 312 13
311 331 -28
81 83 13
81 79 -28
388 390 -8
388 387 28
388 0 13
390 389 28
390 392 -8
390 187 -8
390 1 28
387 407 28
387 2 -19
387 188 -8
0 19 -13
0 208 19
420 422 -13
420 418 13
240 439 -8
240 242 -28
240 239 8
48 67 -8
48 49 -8
48 260 -13
189 190 13
189 209 -19
189 392 28
190 192 -19
190 389 13
190 188 8
209 4 8
209 210 19
209 229 -8
392 3 13
392 394 -19
392 391 13
437 438 13
437 417 -28
437 49 28
438 436 28
438 235 -13
438 46 -19
417 418 13
417 397 -28
49 51 19
49 47 -8
45 433 19
45 44 -13
45 47 28
45 253 8
433 453 13
433 234 -19
433 413 13
44 256 -19
44 436 19
44 26 -19
44 63 -13
47 46 19
47 435 28
253 233 -19
565 166 -28
565 564 19
565 363 13
565 563 13
166 185 8
166 167 -19
166 386 8
166 147 -28
564 584 -8
564 366 -28
564 544 28
363 364 -8
363 343 28
363 148 28
363 383 -19
563 164 8
563 562 -13
319 521 19
319 320 -8
319 299 -13
521 523 -8
521 519 8
521 520 -19
320 318 -28
320 105 -19
320 518 -8
299 300 -28
299 89 28
299 279 -19
185 585 -8
185 186 13
585 584 28
585 383 13
585 583 -28
186 184 19
186 582 -13
442 239 -19
442 444 -19
442 50 28
442 441 19
439 51 13
439 459 28
197 198 8
298 300 -28
298 297 -13
298 296 -19
298 84 -19
298 496 8
300 302 -13
300 86 28
300 498 -13
297 87 -8
297 277 13
297 317 19
297 499 8
296 494 -13
296 294 8
296 82 19
296 295 -8
84 477 -8
84 103 -13
84 85 -13
496 516 19
496 476 -28
496 497 8
496 106 -19
349 551 28
349 350 8
349 369 -8
349 329 -13
349 134 28
551 549 -8
551 152 28
551 553 -8
350 352 -28
350 548 13
350 348 8
350 131 -8
369 153 -13
369 370 13
329 531 8
329 330 -28
329 116 8
134 136 13
134 133 19
134 132 -28
134 528 19
37 423 -8
37 35 -8
37 36 28
423 403 -13
423 443 28
423 424 -8
423 224 -8
35 421 -28
35 33 -8
35 34 13
35 241 28
36 246 -19
36 17 -28
36 426 19
477 475 -13
477 479 -28
477 476 -28
477 275 13
103 104 19
103 318 -8
103 497 28
103 120 8
85 87 19
85 83 -13
85 474 -19
85 295 -13
425 226 19
425 405 -19
425 445 13
425 426 8
226 17 28
226 224 -8
405 406 8
445 446 -19
445 246 13
426 424 -19
426 223 -19
196 194 13
196 195 -13
196 395 28
196 198 -28
194 393 8
194 192 28
194 193 19
195 215 13
195 398 8
395 415 8
395 396 28
395 10 -28
198 200 -13
198 397 -8
389 4 -8
187 188 -13
1 2 -8
1 210 28
373 374 -28
373 353 13
374 154 -8
353 354 -8
353 333 8
251 252 -13
251 231 -28
352 351 -28
352 354 -28
352 133 -28
351 331 -19
351 136 19
351 553 28
354 552 8
354 135 -8
133 531 -28
133 152 -13
87 86 -28
87 476 8
87 89 19
86 67 19
86 105 -13
86 479 -13
476 278 19
89 478 13
89 91 -19
250 248 -19
250 252 28
250 449 13
250 39 -13
250 249 -19
248 447 28
248 38 -19
248 247 -13
252 451 28
449 429 13
449 450 28
449 60 -13
449 468 13
39 430 19
39 57 19
39 40 8
249 41 19
249 452 13
249 229 -8
144 146 -19
144 142 19
144 359 -28
144 538 28
362 364 13
362 560 19
362 360 13
199 402 13
199 200 -13
422 32 19
422 424 19
422 421 8
239 259 -13
239 33 -28
403 204 -19
403 18 -8
403 404 8
204 202 -8
204 203 -19
18 17 19
18 223 13
404 201 -28
404 402 28
404 406 19
404 15 -8
146 148 -8
146 145 -19
148 542 19
148 147 -28
145 364 28
145 164 28
145 126 13
538 340 -13
538 518 28
360 358 -19
360 141 19
360 359 19
23 21 8
23 25 -8
23 22 -28
23 229 13
429 430 13
429 230 19
429 41 8
210 212 -19
210 208 28
51 53 -13
51 259 -13
51 50 19
53 52 28
53 261 -8
53 441 -28
259 260 -13
259 462 13
259 279 -28
50 262 -8
50 32 19
50 69 -19
68 277 13
68 70 -19
68 66 -28
68 67 -8
258 256 19
258 46 -19
258 260 13
228 19 13
228 427 19
228 227 -28
228 230 -13
19 38 -8
427 40 19
427 428 8
427 407 -13
427 447 8
227 21 19
227 430 8
227 247 13
230 232 -8
230 229 -13
100 490 28
100 102 28
100 99 28
100 98 -19
102 104 8
102 313 13
102 492 -19
102 101 -8
99 117 -13
99 314 -28
98 97 28
98 96 -13
332 330 -8
332 334 19
332 530 -8
332 331 -8
330 114 8
330 528 -19
334 333 28
334 336 13
334 532 -8
334 117 -8
530 531 13
530 136 19
331 118 8
331 533 -28
277 479 -13
277 278 -19
70 69 8
70 72 -19
70 279 -8
70 459 28
66 64 -28
66 455 -8
66 275 -28
67 280 -19
325 305 8
325 345 13
325 326 -8
305 285 -19
345 346 28
345 365 -19
326 324 28
326 111 -19
446 444 -19
444 443 8
444 241 28
444 52 19
304 502 13
304 302 19
304 90 -28
304 303 -28
502 503 -19
502 522 8
502 112 -19
502 482 -28
302 500 -19
302 301 -8
90 109 -19
90 71 28
90 91 13
90 483 28
303 93 28
303 323 -28
21 407 8
407 208 -19
464 463 19
464 71 8
464 261 -8
464 462 -28
463 443 19
463 74 8
463 482 -28
71 72 -8
71 284 -8
71 52 -19
261 262 -8
261 241 19
261 281 19
462 69 8
462 461 19
118 116 -8
118 117 -8
116 115 -19
116 508 -13
117 135 8
581 579 28
581 181 -8
581 583 8
581 580 -28
552 553 -19
552 532 -19
176 178 19
245 246 19
285 286 19
17 406 -28
224 223 28
224 15 -19
451 452 -28
451 431 13
333 313 13
336 338 19
336 534 28
336 335 -19
532 512 -19
532 533 -28
178 177 8
178 180 -8
178 574 19
517 516 -28
517 315 -8
517 515 -19
517 519 -28
517 120 13
516 123 19
516 536 19
516 318 -13
315 104 13
315 316 19
315 295 19
315 335 19
515 313 -28
515 514 19
519 122 -8
519 317 -8
519 518 -8
120 338 -13
120 139 13
120 121 -19
508 310 -13
508 528 13
290 288 13
290 289 -28
290 76 -28
468 79 19
468 270 28
181 182 -13
416 213 -19
416 26 -19
416 414 13
416 418 13
416 415 -13
213 233 -28
213 193 8
213 214 13
213 8 -28
26 27 13
26 7 -28
26 236 13
414 211 -28
414 413 -13
418 215 8
418 28 -19
415 216 19
415 435 -28
415 29 28
2 4 -19
579 179 -13
579 577 -28
579 377 -28
179 180 -28
577 576 -13
577 375 8
577 177 -13
223 203 8
244 443 8
244 246 8
244 242 28
244 34 28
475 82 28
475 474 13
479 481 -28
479 478 -19
275 295 -8
4 3 -13
4 6 19
584 386 8
366 364 28
366 147 8
366 365 19
544 346 -13
544 545 28
459 260 19
459 478 -28
317 318 13
317 337 -8
317 106 8
499 497 -19
499 105 -8
499 498 13
531 529 19
531 533 28
529 327 -28
529 527 -13
529 131 13
529 528 19
533 135 28
215 216 -19
215 10 19
215 235 -13
398 396 8
398 9 28
398 397 8
549 347 -19
549 547 19
549 548 28
549 150 -8
347 348 -13
347 327 -8
347 132 -19
347 367 28
547 149 13
547 546 13
548 528 -19
548 568 13
548 153 -19
150 151 -13
150 370 -13
150 131 -8
448 447 28
448 450 19
448 56 -13
447 58 19
447 467 8
450 57 28
450 452 -13
450 247 8
56 75 -13
56 268 -28
56 38 -8
3 212 19
3 22 28
6 8 8
6 5 13
6 211 8
6 391 8
312 314 -13
312 310 -28
312 97 -8
314 512 8
314 316 -8
314 313 13
310 308 -8
346 344 -28
346 128 -13
545 343 -8
545 147 19
202 401 -13
202 201 -8
202 200 -8
401 421 -19
401 402 -19
201 221 8
278 280 8
358 139 13
358 556 -8
139 537 -28
139 158 -13
139 140 8
556 576 13
556 536 -13
406 203 13
93 92 -13
93 91 28
93 482 8
92 111 28
92 73 19
92 485 -13
91 480 13
91 301 28
482 483 19
482 284 19
256 455 -28
455 435 19
455 474 -19
104 106 13
104 494 -28
106 105 13
494 474 28
494 495 28
494 514 -28
430 428 13
430 432 -13
247 267 28
247 40 -19
280 279 8
280 478 28
280 282 -8
503 301 -19
503 109 -13
500 520 13
500 480 -13
500 110 -19
323 343 8
323 324 -28
323 112 -13
323 525 13
576 180 -13
180 182 -13
40 41 -13
428 38 -19
74 72 8
74 73 8
135 136 -8
135 154 -19
553 154 13
554 159 19
554 534 -8
554 574 8
338 340 19
338 536 8
338 337 -13
340 122 -8
536 537 -19
536 142 8
337 123 -19
72 461 -8
72 281 -8
73 286 -28
289 79 8
432 431 19
432 229 8
288 75 -28
288 486 8
486 506 -8
486 467 8
486 96 8
123 121 28
123 125 28
123 122 -19
318 316 -8
27 25 -19
27 29 -28
27 413 -28
27 233 -8
25 411 -28
25 231 -8
29 235 -8
29 28 8
413 393 -28
413 214 -19
233 436 8
233 234 -28
216 214 13
216 7 19
435 436 13
435 236 13
121 514 28
121 335 -19
125 518 -19
122 105 -28
122 141 8
385 386 13
385 365 13
386 384 -13
182 184 -13
212 411 19
212 211 -13
212 214 -28
77 79 8
77 76 -28
77 467 -19
76 57 -19
467 268 -28
184 580 19
184 183 -28
523 525 -19
523 522 -28
523 126 19
525 128 -19
522 129 19
522 542 19
522 324 -19
126 344 -8
126 109 -28
495 293 -28
495 497 8
495 101 8
514 534 8
514 316 28
32 33 13
32 242 8
424 221 8
424 34 13
421 441 28
286 284 19
284 282 -8
393 8 8
393 394 -8
8 7 -8
8 10 8
394 396 -19
394 191 8
394 5 28
355 140 -13
355 335 19
355 375 28
140 534 -13
140 142 -13
335 537 -13
375 159 -28
568 569 -19
568 370 -13
153 151 28
153 155 28
153 152 13
109 324 -8
109 110 -13
483 485 8
483 481 -8
483 281 28
396 7 8
396 193 -13
58 57 -8
58 267 19
58 60 13
151 546 -13
151 367 -19
155 154 28
152 171 13
344 343 19
344 542 -28
343 129 28
542 562 8
57 270 13
267 268 28
60 59 -28
316 101 -19
295 497 -19
383 384 -8
383 167 8
583 381 8
583 183 -28
583 582 -19
221 241 -28
142 141 -13
452 59 -13
453 64 -13
129 128 -28
128 147 -28
128 111 28
111 112 28
235 236 19
214 5 28
506 308 8
506 526 -13
506 115 13
480 481 28
480 461 -28
480 282 8
110 112 -19
234 236 8
234 232 -19
301 281 8
159 158 -19
158 177 -13
307 308 28
307 327 -8
307 96 -8
364 562 -13
562 582 8
562 167 -19
481 279 -8
461 262 13
461 441 8
282 281 13
282 69 -28
560 580 -19
441 242 -8
242 241 28
370 368 -28
268 270 13
83 293 13
83 82 -8
293 294 8
293 313 -28
82 101 -13
82 63 8
567 569 -28
567 168 28
546 348 19
546 526 -13
368 149 13
368 367 -13
260 262 -19
64 63 -19
327 115 -28
526 527 -28
526 132 -8
569 367 13
115 114 19
114 131 13
512 492 8
411 431 -19
411 391 13
22 232 -19
15 34 8
294 492 -19
192 191 13
192 391 13
191 211 -28
164 384 -13
164 183 13
46 28 -28
498 478 -13
498 518 -13
131 132 28
384 582 -13
431 232 19
211 231 28
52 34 -19
232 231 -13
149 168 13
9 10 13
9 28 19
