107 501 -8
107 124 19
107 322 -19
107 108 -28
107 88 -13
501 503 13
501 500 19
501 299 -8
501 499 19
124 143 8
124 125 -19
124 521 -8
124 342 28
322 321 28
322 324 -8
322 320 -13
322 520 13
108 319 19
108 106 -28
108 110 -19
108 498 13
88 89 -13
88 69 19
88 302 -8
88 481 19
220 218 13
220 419 -19
220 222 -8
220 11 -28
220 219 19
218 217 28
218 216 -19
218 417 13
218 9 -13
419 439 8
419 399 -13
419 33 -8
419 420 -13
222 421 13
222 13 -28
222 224 -13
222 221 13
11 12 28
11 30 13
11 400 -13
219 14 -13
219 199 19
219 422 28
219 239 8
541 339 -8
541 540 -28
541 543 28
541 539 -13
541 143 8
339 319 -28
339 340 -8
339 125 -13
339 359 -19
540 146 28
540 560 8
540 342 19
540 520 13
543 341 13
543 542 19
543 145 -13
543 545 19
539 337 8
539 537 -19
539 141 -19
539 538 28
143 144 8
143 362 28
143 162 19
12 14 28
12 217 28
12 10 -13
12 397 -13
30 420 -8
30 31 13
30 240 28
30 48 13
400 399 -8
400 398 -28
400 197 -28
400 402 -19
205 206 28
205 225 13
206 405 13
206 204 -8
225 226 19
225 245 13
559 357 28
559 558 -8
559 160 8
559 561 -13
559 557 -8
357 358 19
357 142 8
357 377 -8
357 337 8
558 163 28
558 578 -13
558 538 -13
558 360 19
160 380 -8
160 179 28
160 161 19
160 141 28
561 162 -8
561 563 -28
561 359 19
561 560 19
557 555 19
557 355 19
557 158 -19
557 556 -8
410 409 -13
410 20 -19
410 408 -13
410 412 28
410 207 19
409 23 -28
409 429 -19
409 210 8
409 389 -28
20 21 -8
20 1 -28
20 39 13
20 230 13
408 19 28
408 407 28
412 411 19
412 414 28
412 22 -19
412 209 13
207 2 8
207 227 8
207 208 -8
207 187 -8
156 175 28
156 555 -19
156 376 -13
156 157 13
156 137 13
175 176 13
175 575 -19
555 553 -19
555 554 28
555 353 13
376 375 19
376 378 -28
376 574 19
376 374 -8
157 373 8
157 159 19
157 155 13
157 552 28
137 356 -19
137 138 -19
137 535 13
137 119 -19
274 472 -19
274 273 -19
274 61 -28
274 276 -13
274 272 -19
472 83 8
472 453 8
472 473 -13
472 492 8
273 253 -8
273 64 -8
273 293 8
273 475 19
61 454 13
61 62 -8
61 42 8
61 80 8
276 63 28
276 275 13
276 474 28
276 278 8
272 271 28
272 470 -13
272 270 8
272 59 -28
458 65 19
458 460 -8
458 255 19
458 457 -13
458 456 -28
65 84 -13
65 66 8
65 278 -8
65 46 28
460 67 -13
460 257 13
460 459 28
460 462 13
255 256 13
255 47 28
255 235 28
255 275 13
457 437 19
457 68 13
457 258 19
457 476 -19
456 253 13
456 454 13
456 63 -19
456 455 -19
454 452 13
454 453 8
454 251 -19
62 271 8
62 64 -8
62 60 -28
62 451 -8
42 254 -19
42 434 28
42 43 -28
42 24 13
80 294 13
80 81 -13
80 473 -28
80 99 13
14 399 8
14 13 -13
14 16 13
399 200 13
13 402 -13
13 32 28
16 15 -28
16 221 28
16 401 -28
16 18 8
570 571 -19
570 550 -28
570 174 28
570 372 28
571 573 8
571 369 -13
571 569 -13
571 171 13
550 352 -19
550 551 19
550 530 -13
550 155 8
174 176 19
174 172 -28
174 173 28
372 152 13
372 370 28
372 371 19
372 374 -13
170 172 19
170 566 28
170 169 -8
172 171 -19
172 568 8
566 567 13
566 546 -28
566 368 -28
169 569 8
169 150 28
263 243 8
263 466 -8
263 264 -13
263 283 -28
263 55 -19
243 37 28
243 446 -13
243 223 8
243 244 -13
466 464 -19
466 73 19
466 465 -19
264 266 28
264 463 13
264 262 8
264 52 -13
283 303 -28
283 74 -19
283 284 28
283 485 13
55 443 13
55 54 19
55 53 -13
511 309 -13
511 509 13
511 510 -19
511 513 -28
309 329 13
309 289 -8
309 310 -8
309 98 13
509 507 28
509 114 13
509 307 8
509 508 8
510 118 8
510 312 -13
510 490 19
510 530 -28
513 117 -28
513 512 -8
513 515 -8
513 311 8
113 94 13
113 328 28
113 507 -8
113 130 8
94 75 19
94 308 28
94 487 13
328 327 13
328 526 -8
328 330 -28
507 506 8
130 348 -13
130 527 -28
130 149 -19
504 306 28
504 524 -13
504 484 13
504 505 -28
306 304 -13
306 92 -8
306 305 -19
524 544 19
524 525 -28
524 326 -13
484 286 -13
484 465 19
484 485 19
505 303 -19
505 503 13
505 111 -28
380 382 -19
380 578 19
380 378 -8
380 379 8
382 162 13
382 384 -8
382 580 -19
382 381 13
578 579 -13
578 182 13
378 576 28
378 158 19
378 377 13
379 163 -8
379 581 28
379 359 -8
573 173 28
573 575 -8
573 371 -13
573 572 13
173 154 -28
575 373 -28
575 574 19
575 577 -8
371 351 -8
371 155 -19
572 374 -13
572 552 28
572 176 -13
266 54 -28
266 465 28
266 265 8
54 446 -28
54 36 28
465 445 -8
265 245 13
265 285 -19
237 31 -28
237 440 13
237 257 -19
237 238 -13
237 217 28
31 33 8
31 29 8
31 417 13
440 442 -19
440 48 13
440 439 -13
440 438 -13
257 277 8
257 258 13
257 49 19
238 437 19
238 240 -19
238 236 -13
238 28 8
217 197 8
217 420 19
471 469 -28
471 78 -8
471 470 13
471 473 -13
471 269 -13
469 267 8
469 76 -19
469 468 -28
78 97 19
78 79 -13
78 59 8
78 292 -19
470 490 19
470 451 19
470 81 19
473 271 19
473 475 -19
269 249 -28
269 270 19
269 289 -13
269 60 19
356 358 28
356 355 -28
356 554 19
356 354 13
138 136 19
138 353 13
138 532 19
138 140 -13
535 534 -19
535 537 8
535 333 13
535 533 -8
119 336 -28
119 101 -19
119 515 28
341 321 -8
341 127 -8
341 361 -13
341 342 -19
321 523 8
321 110 19
321 301 -8
127 129 -8
127 125 -13
127 520 -8
127 126 13
361 146 -28
361 362 -28
361 563 13
361 381 13
342 344 28
342 340 -28
254 256 19
254 253 28
254 453 28
254 252 19
434 436 19
434 433 -13
434 432 13
434 231 28
43 45 -19
43 41 8
43 251 -19
43 431 -28
24 234 8
24 414 -19
24 5 -8
24 25 -28
489 491 -8
489 287 8
489 487 -28
489 95 28
489 488 -13
491 97 -28
491 490 28
491 493 8
491 289 13
287 288 19
287 77 -13
287 307 13
287 267 -13
487 486 -8
95 114 8
95 76 8
95 96 8
95 310 28
488 508 -8
488 290 -8
488 468 -8
488 98 8
163 165 28
163 162 -19
163 161 13
165 560 8
165 164 19
165 167 -19
165 381 -28
162 181 -28
161 159 8
161 556 8
161 377 13
291 292 19
291 271 -13
291 493 -28
291 311 -28
291 81 -8
292 294 19
292 490 -13
292 290 -8
271 251 8
493 99 -19
493 495 13
493 492 8
311 100 -13
311 312 28
311 331 -13
81 83 -13
81 79 13
388 390 28
388 387 -19
388 0 -13
390 389 -13
390 392 13
390 187 28
390 1 -8
387 407 8
387 2 -8
387 188 13
0 19 28
0 208 28
420 422 -13
420 418 19
240 439 8
240 242 -19
240 239 -8
48 67 -28
48 49 28
48 260 -28
189 190 13
189 209 8
189 392 -28
190 192 -13
190 389 -13
190 188 8
209 4 19
209 210 -19
209 229 -19
392 3 -8
392 394 28
392 391 8
437 438 8
437 417 -19
437 49 19
438 436 -28
438 235 -28
438 46 -13
417 418 -13
417 397 -8
49 51 -13
49 47 -8
45 433 8
45 44 -19
45 47 -19
45 253 -8
433 453 -8
433 234 28
433 413 28
44 256 19
44 436 -8
44 26 13
44 63 -13
47 46 8
47 435 -28
253 233 19
565 166 -8
565 564 -19
565 363 -28
565 563 28
166 185 -28
166 167 8
166 386 -28
166 147 28
564 584 -28
564 366 28
564 544 -13
363 364 28
363 343 -28
363 148 28
363 383 -8
563 164 -13
563 562 28
319 521 8
319 320 8
319 299 28
521 523 13
521 519 -28
521 520 -13
320 318 -8
320 105 -13
320 518 -28
299 300 19
299 89 -28
299 279 -19
185 585 28
185 186 -8
585 584 -19
585 383 -19
585 583 -8
186 184 8
186 582 13
442 239 8
442 444 8
442 50 8
442 441 -8
439 51 -19
439 459 -13
197 198 8
298 300 13
298 297 -19
298 296 28
298 84 -19
298 496 28
300 302 -19
300 86 -19
300 498 -19
297 87 8
297 277 19
297 317 13
297 499 -8
296 494 -8
296 294 28
296 82 19
296 295 19
84 477 8
84 103 19
84 85 -28
496 516 -13
496 476 -8
496 497 19
496 106 -28
349 551 -8
349 350 19
349 369 -28
349 329 -28
349 134 13
551 549 -19
551 152 13
551 553 13
350 352 -8
350 548 -28
350 348 8
350 131 -19
369 153 -13
369 370 -28
329 531 28
329 330 -8
329 116 -19
134 136 28
134 133 13
134 132 13
134 528 13
37 423 -13
37 35 -19
37 36 -13
423 403 -8
423 443 -8
423 424 -28
423 224 -28
35 421 19
35 33 -28
35 34 -13
35 241 13
36 246 -19
36 17 28
36 426 8
477 475 -28
477 479 -28
477 476 28
477 275 19
103 104 -13
103 318 19
103 497 28
103 120 -13
85 87 -13
85 83 -28
85 474 -13
85 295 -28
425 226 8
425 405 -28
425 445 -8
425 426 8
226 17 -28
226 224 28
405 406 28
445 446 19
445 246 -8
426 424 -8
426 223 -28
196 194 -13
196 195 -8
196 395 -8
196 198 -28
194 393 19
194 192 8
194 193 19
195 215 -8
195 398 -19
395 415 8
395 396 19
395 10 -19
198 200 8
198 397 -28
389 4 -13
187 188 -8
1 2 -13
1 210 -13
373 374 -19
373 353 -19
374 154 -19
353 354 13
353 333 -8
251 252 8
251 231 -8
352 351 19
352 354 -8
352 133 -19
351 331 8
351 136 -19
351 553 13
354 552 -8
354 135 28
133 531 -28
133 152 -13
87 86 13
87 476 -28
87 89 19
86 67 13
86 105 -13
86 479 -28
476 278 -28
89 478 -8
89 91 28
250 248 -19
250 252 -8
250 449 -19
250 39 19
250 249 -19
248 447 13
248 38 -19
248 247 -19
252 451 19
449 429 -8
449 450 19
449 60 -28
449 468 13
39 430 -8
39 57 19
39 40 -13
249 41 8
249 452 13
249 229 -13
144 146 -13
144 142 -19
144 359 13
144 538 19
362 364 13
362 560 13
362 360 -8
199 402 -8
199 200 19
422 32 -13
422 424 28
422 421 8
239 259 8
239 33 -19
403 204 -19
403 18 -8
403 404 8
204 202 13
204 203 -28
18 17 13
18 223 13
404 201 8
404 402 28
404 406 -19
404 15 -13
146 148 -28
146 145 -8
148 542 8
148 147 13
145 364 -19
145 164 28
145 126 13
538 340 8
538 518 -13
360 358 13
360 141 8
360 359 13
23 21 19
23 25 8
23 22 28
23 229 -19
429 430 13
429 230 -28
429 41 -8
210 212 -13
210 208 -8
51 53 -28
51 259 -28
51 50 8
53 52 -19
53 261 28
53 441 -13
259 260 8
259 462 28
259 279 -13
50 262 19
50 32 19
50 69 19
68 277 28
68 70 13
68 66 -13
68 67 19
258 256 28
258 46 -13
258 260 28
228 19 -13
228 427 -8
228 227 -28
228 230 13
19 38 -8
427 40 28
427 428 -13
427 407 8
427 447 28
227 21 8
227 430 -28
227 247 -28
230 232 13
230 229 -19
100 490 8
100 102 13
100 99 -19
100 98 28
102 104 -13
102 313 -19
102 492 -28
102 101 19
99 117 8
99 314 -13
98 97 28
98 96 28
332 330 -13
332 334 19
332 530 -13
332 331 19
330 114 19
330 528 19
334 333 8
334 336 -19
334 532 -13
334 117 -19
530 531 -8
530 136 -8
331 118 -28
331 533 -8
277 479 -19
277 278 -28
70 69 -8
70 72 -28
70 279 -13
70 459 13
66 64 -13
66 455 28
66 275 8
67 280 -19
325 305 8
325 345 13
325 326 28
305 285 -13
345 346 -13
345 365 28
326 324 -13
326 111 -19
446 444 8
444 443 -28
444 241 -19
444 52 -19
304 502 -8
304 302 -28
304 90 13
304 303 -19
502 503 -28
502 522 -13
502 112 8
502 482 19
302 500 8
302 301 8
90 109 -28
90 71 -28
90 91 8
90 483 -19
303 93 13
303 323 -13
21 407 13
407 208 28
464 463 8
464 71 13
464 261 -13
464 462 -13
463 443 19
463 74 -28
463 482 -13
71 72 13
71 284 8
71 52 19
261 262 19
261 241 13
261 281 19
462 69 -13
462 461 -13
118 116 13
118 117 19
116 115 -28
116 508 28
117 135 8
581 579 -8
581 181 13
581 583 8
581 580 19
552 553 -8
552 532 19
176 178 -8
245 246 -19
285 286 28
17 406 -28
224 223 8
224 15 -19
451 452 28
451 431 -28
333 313 -8
336 338 19
336 534 -28
336 335 13
532 512 -28
532 533 -28
178 177 19
178 180 8
178 574 -28
517 516 -19
517 315 -28
517 515 -8
517 519 -13
517 120 -19
516 123 19
516 536 -13
516 318 28
315 104 -13
315 316 -8
315 295 8
315 335 19
515 313 19
515 514 -28
519 122 19
519 317 -28
519 518 -8
120 338 28
120 139 -28
120 121 -13
508 310 -19
508 528 28
290 288 13
290 289 -13
290 76 -13
468 79 13
468 270 -13
181 182 19
416 213 -8
416 26 -19
416 414 -8
416 418 19
416 415 28
213 233 -13
213 193 -28
213 214 -28
213 8 8
26 27 -13
26 7 -28
26 236 8
414 211 28
414 413 -8
418 215 13
418 28 13
415 216 -28
415 435 -28
415 29 8
2 4 -13
579 179 -13
579 577 -8
579 377 28
179 180 -19
577 576 28
577 375 -19
577 177 -19
223 203 -28
244 443 8
244 246 28
244 242 -13
244 34 8
475 82 -19
475 474 -13
479 481 19
479 478 -19
275 295 -8
4 3 -13
4 6 -8
584 386 19
366 364 8
366 147 19
366 365 -13
544 346 13
544 545 -8
459 260 8
459 478 -8
317 318 13
317 337 -28
317 106 -8
499 497 -19
499 105 -28
499 498 19
531 529 -13
531 533 28
529 327 19
529 527 -19
529 131 -13
529 528 -8
533 135 -19
215 216 8
215 10 13
215 235 -13
398 396 28
398 9 -19
398 397 8
549 347 8
549 547 8
549 548 -8
549 150 19
347 348 28
347 327 19
347 132 28
347 367 -13
547 149 -19
547 546 8
548 528 -8
548 568 13
548 153 8
150 151 8
150 370 28
150 131 -13
448 447 -8
448 450 -28
448 56 -19
447 58 -19
447 467 -8
450 57 -19
450 452 8
450 247 28
56 75 13
56 268 -19
56 38 19
3 212 8
3 22 -8
6 8 -19
6 5 -19
6 211 -13
6 391 -28
312 314 8
312 310 28
312 97 -8
314 512 13
314 316 8
314 313 28
310 308 28
346 344 -28
346 128 13
545 343 -19
545 147 8
202 401 19
202 201 8
202 200 19
401 421 13
401 402 19
201 221 -13
278 280 -19
358 139 -28
358 556 -19
139 537 8
139 158 28
139 140 -28
556 576 28
556 536 -8
406 203 19
93 92 -19
93 91 28
93 482 -13
92 111 19
92 73 13
92 485 -13
91 480 19
91 301 19
482 483 -28
482 284 -8
256 455 8
455 435 13
455 474 19
104 106 -8
104 494 19
106 105 28
494 474 -8
494 495 -19
494 514 -13
430 428 8
430 432 8
247 267 -8
247 40 8
280 279 -19
280 478 -28
280 282 -13
503 301 -8
503 109 13
500 520 13
500 480 -8
500 110 -13
323 343 -8
323 324 -19
323 112 -19
323 525 28
576 180 -8
180 182 -19
40 41 -8
428 38 13
74 72 19
74 73 28
135 136 13
135 154 -28
553 154 -8
554 159 -13
554 534 -13
554 574 -8
338 340 28
338 536 19
338 337 8
340 122 -28
536 537 13
536 142 -8
337 123 19
72 461 -28
72 281 -13
73 286 -28
289 79 -8
432 431 8
432 229 -8
288 75 -19
288 486 -13
486 506 28
486 467 28
486 96 -28
123 121 13
123 125 -8
123 122 -13
318 316 28
27 25 -13
27 29 -13
27 413 28
27 233 -28
25 411 -19
25 231 -8
29 235 28
29 28 -8
413 393 -28
413 214 28
233 436 28
233 234 8
216 214 -13
216 7 13
435 436 -8
435 236 -8
121 514 13
121 335 28
125 518 -19
122 105 -19
122 141 -28
385 386 8
385 365 19
386 384 28
182 184 8
212 411 -19
212 211 19
212 214 -13
77 79 -8
77 76 13
77 467 -19
76 57 8
467 268 8
184 580 -8
184 183 19
523 525 -8
523 522 -19
523 126 19
525 128 -19
522 129 -19
522 542 -13
522 324 -13
126 344 8
126 109 -8
495 293 -19
495 497 28
495 101 19
514 534 19
514 316 19
32 33 13
32 242 -19
424 221 28
424 34 -13
421 441 -28
286 284 -28
284 282 13
393 8 13
393 394 -13
8 7 -13
8 10 -19
394 396 -28
394 191 -8
394 5 -13
355 140 28
355 335 -8
355 375 -8
140 534 -19
140 142 -28
335 537 -8
375 159 -8
568 569 -8
568 370 -28
153 151 28
153 155 -8
153 152 -13
109 324 -8
109 110 28
483 485 13
483 481 28
483 281 -8
396 7 -19
396 193 13
58 57 28
58 267 13
58 60 13
151 546 13
151 367 -19
155 154 28
152 171 -13
344 343 -13
344 542 -19
343 129 -28
542 562 -13
57 270 8
267 268 -8
60 59 -19
316 101 13
295 497 13
383 384 -28
383 167 19
583 381 -13
583 183 -13
583 582 -8
221 241 -19
142 141 -28
452 59 8
453 64 19
129 128 -8
128 147 -8
128 111 8
111 112 -28
235 236 19
214 5 -19
506 308 -19
506 526 19
506 115 19
480 481 19
480 461 -13
480 282 -28
110 112 -8
234 236 -19
234 232 -13
301 281 13
159 158 -19
158 177 28
307 308 -8
307 327 -8
307 96 -13
364 562 19
562 582 28
562 167 -8
481 279 13
461 262 8
461 441 28
282 281 -13
282 69 -8
560 580 8
441 242 13
242 241 28
370 368 13
268 270 -19
83 293 13
83 82 8
293 294 -8
293 313 8
82 101 -19
82 63 -13
567 569 -28
567 168 -28
546 348 8
546 526 28
368 149 -19
368 367 -13
260 262 -28
64 63 -13
327 115 8
526 527 19
526 132 28
569 367 -28
115 114 -13
114 131 13
512 492 -13
411 431 -13
411 391 -13
22 232 28
15 34 -19
294 492 13
192 191 -19
192 391 -13
191 211 28
164 384 -8
164 183 28
46 28 -13
498 478 28
498 518 13
131 132 -19
384 582 8
431 232 -28
211 231 -8
52 34 -13
232 231 -13
149 168 8
9 10 8
9 28 8
