107 501 -13
107 124 8
107 322 28
107 108 -28
107 88 8
501 503 19
501 500 28
501 299 19
501 499 -28
124 143 19
124 125 -28
124 521 19
124 342 -8
322 321 13
322 324 28
322 320 -13
322 520 8
108 319 -8
108 106 19
108 110 -13
108 498 28
88 89 19
88 69 28
88 302 -19
88 481 -8
220 218 -13
220 419 19
220 222 8
220 11 8
220 219 -13
218 217 -28
218 216 8
218 417 28
218 9 -8
419 439 19
419 399 19
419 33 -8
419 420 19
222 421 -8
222 13 19
222 224 19
222 221 28
11 12 -19
11 30 13
11 400 -8
219 14 28
219 199 8
219 422 19
219 239 8
541 339 -28
541 540 28
541 543 -13
541 539 8
541 143 -19
339 319 19
339 340 -8
339 125 8
339 359 -19
540 146 19
540 560 8
540 342 -13
540 520 -8
543 341 8
543 542 -13
543 145 19
543 545 -8
539 337 8
539 537 13
539 141 -8
539 538 28
143 144 -19
143 362 -13
143 162 -28
12 14 13
12 217 -8
12 10 28
12 397 19
30 420 -13
30 31 -13
30 240 -13
30 48 28
400 399 8
400 398 -28
400 197 -13
400 402 13
205 206 -8
205 225 8
206 405 13
206 204 19
225 226 19
225 245 13
559 357 8
559 558 -8
559 160 8
559 561 -19
559 557 13
357 358 -8
357 142 -8
357 377 -8
357 337 -28
558 163 13
558 578 13
558 538 19
558 360 28
160 380 13
160 179 -19
160 161 13
160 141 -19
561 162 -19
561 563 8
561 359 -19
561 560 13
557 555 28
557 355 28
557 158 28
557 556 8
410 409 -28
410 20 28
410 408 -19
410 412 8
410 207 -19
409 23 13
409 429 -8
409 210 -8
409 389 28
20 21 13
20 1 13
20 39 13
20 230 -13
408 19 8
408 407 -19
412 411 28
412 414 -28
412 22 28
412 209 19
207 2 -19
207 227 -13
207 208 19
207 187 -28
156 175 19
156 555 -28
156 376 8
156 157 19
156 137 13
175 176 13
175 575 -28
555 553 -8
555 554 8
555 353 28
376 375 28
376 378 -19
376 574 -8
376 374 -8
157 373 -13
157 159 19
157 155 -28
157 552 -28
137 356 -13
137 138 -28
137 535 28
137 119 28
274 472 -8
274 273 28
274 61 19
274 276 -28
274 272 -28
472 83 13
472 453 28
472 473 13
472 492 28
273 253 -28
273 64 8
273 293 -13
273 475 28
61 454 8
61 62 -8
61 42 -13
61 80 -19
276 63 28
276 275 19
276 474 19
276 278 19
272 271 19
272 470 -13
272 270 28
272 59 -28
458 65 -19
458 460 -19
458 255 -28
458 457 13
458 456 -8
65 84 -19
65 66 -8
65 278 -8
65 46 19
460 67 8
460 257 13
460 459 -28
460 462 19
255 256 -28
255 47 -8
255 235 28
255 275 13
457 437 28
457 68 19
457 258 8
457 476 28
456 253 -28
456 454 -28
456 63 28
456 455 19
454 452 -8
454 453 -28
454 251 -28
62 271 19
62 64 -8
62 60 -28
62 451 -28
42 254 19
42 434 19
42 43 -19
42 24 -19
80 294 -8
80 81 19
80 473 -8
80 99 -19
14 399 -28
14 13 13
14 16 28
399 200 19
13 402 28
13 32 -19
16 15 -19
16 221 -19
16 401 13
16 18 28
570 571 -13
570 550 8
570 174 19
570 372 8
571 573 -8
571 369 -13
571 569 28
571 171 28
550 352 -19
550 551 -8
550 530 -28
550 155 28
174 176 -19
174 172 -13
174 173 -28
372 152 -28
372 370 -8
372 371 8
372 374 8
170 172 -19
170 566 -8
170 169 13
172 171 -8
172 568 -8
566 567 19
566 546 -19
566 368 -13
169 569 -28
169 150 -19
263 243 -19
263 466 19
263 264 28
263 283 -8
263 55 13
243 37 28
243 446 -28
243 223 -19
243 244 28
466 464 8
466 73 28
466 465 28
264 266 19
264 463 13
264 262 -28
264 52 19
283 303 -19
283 74 -13
283 284 -19
283 485 19
55 443 19
55 54 28
55 53 28
511 309 28
511 509 -19
511 510 -8
511 513 -13
309 329 19
309 289 -8
309 310 28
309 98 -19
509 507 28
509 114 8
509 307 -19
509 508 -19
510 118 -28
510 312 13
510 490 -28
510 530 19
513 117 28
513 512 28
513 515 19
513 311 -19
113 94 -28
113 328 -13
113 507 13
113 130 -8
94 75 -28
94 308 13
94 487 -8
328 327 28
328 526 -19
328 330 28
507 506 8
130 348 -19
130 527 13
130 149 19
504 306 -28
504 524 8
504 484 -13
504 505 8
306 304 19
306 92 28
306 305 28
524 544 -13
524 525 -19
524 326 -28
484 286 19
484 465 -19
484 485 -13
505 303 28
505 503 -8
505 111 -19
380 382 13
380 578 28
380 378 8
380 379 19
382 162 -13
382 384 28
382 580 -19
382 381 19
578 579 19
578 182 -28
378 576 28
378 158 28
378 377 19
379 163 28
379 581 28
379 359 -28
573 173 19
573 575 28
573 371 13
573 572 -19
173 154 -19
575 373 -8
575 574 -8
575 577 8
371 351 -28
371 155 -8
572 374 -13
572 552 -8
572 176 -8
266 54 28
266 465 8
266 265 -13
54 446 8
54 36 19
465 445 -19
265 245 8
265 285 13
237 31 -28
237 440 -13
237 257 13
237 238 -8
237 217 28
31 33 13
31 29 13
31 417 28
440 442 -28
440 48 19
440 439 28
440 438 -13
257 277 13
257 258 13
257 49 -28
238 437 -19
238 240 19
238 236 -8
238 28 -19
217 197 19
217 420 28
471 469 -8
471 78 -8
471 470 28
471 473 -8
471 269 -13
469 267 -28
469 76 13
469 468 28
78 97 -19
78 79 -28
78 59 19
78 292 13
470 490 28
470 451 19
470 81 -19
473 271 13
473 475 -28
269 249 13
269 270 -13
269 289 28
269 60 -8
356 358 8
356 355 8
356 554 -13
356 354 28
138 136 -8
138 353 28
138 532 28
138 140 -19
535 534 13
535 537 28
535 333 8
535 533 13
119 336 -19
119 101 -19
119 515 -13
341 321 -8
341 127 -19
341 361 -13
341 342 -19
321 523 8
321 110 28
321 301 13
127 129 13
127 125 8
127 520 -19
127 126 -8
361 146 -13
361 362 8
361 563 8
361 381 28
342 344 -28
342 340 -13
254 256 -13
254 253 -13
254 453 13
254 252 13
434 436 8
434 433 -19
434 432 8
434 231 13
43 45 19
43 41 28
43 251 13
43 431 -13
24 234 -8
24 414 19
24 5 13
24 25 -28
489 491 13
489 287 -19
489 487 -13
489 95 28
489 488 -13
491 97 -19
491 490 -13
491 493 -13
491 289 8
287 288 -13
287 77 8
287 307 13
287 267 19
487 486 -13
95 114 -13
95 76 13
95 96 -28
95 310 19
488 508 -28
488 290 13
488 468 19
488 98 -13
163 165 13
163 162 19
163 161 -13
165 560 8
165 164 -13
165 167 -28
165 381 -8
162 181 -13
161 159 -19
161 556 13
161 377 -19
291 292 -8
291 271 8
291 493 13
291 311 8
291 81 -19
292 294 13
292 490 13
292 290 -28
271 251 -13
493 99 -28
493 495 -13
493 492 28
311 100 -13
311 312 8
311 331 -13
81 83 -19
81 79 -19
388 390 -8
388 387 -13
388 0 -19
390 389 13
390 392 -28
390 187 -28
390 1 -28
387 407 -8
387 2 8
387 188 -19
0 19 -28
0 208 8
420 422 -19
420 418 -13
240 439 8
240 242 -19
240 239 8
48 67 -19
48 49 8
48 260 -13
189 190 19
189 209 13
189 392 -13
190 192 -13
190 389 -28
190 188 -28
209 4 8
209 210 8
209 229 13
392 3 -13
392 394 8
392 391 13
437 438 13
437 417 -13
437 49 -13
438 436 -28
438 235 -13
438 46 -19
417 418 19
417 397 28
49 51 19
49 47 -19
45 433 19
45 44 -13
45 47 -8
45 253 19
433 453 19
433 234 -8
433 413 -28
44 256 13
44 436 28
44 26 -8
44 63 -8
47 46 13
47 435 -19
253 233 28
565 166 -8
565 564 13
565 363 -8
565 563 8
166 185 19
166 167 13
166 386 19
166 147 -19
564 584 -8
564 366 -28
564 544 13
363 364 8
363 343 -13
363 148 8
363 383 -13
563 164 19
563 562 -8
319 521 13
319 320 13
319 299 19
521 523 19
521 519 28
521 520 8
320 318 13
320 105 -13
320 518 -8
299 300 -19
299 89 8
299 279 -19
185 585 -19
185 186 13
585 584 -28
585 383 -13
585 583 -28
186 184 8
186 582 28
442 239 -19
442 444 28
442 50 13
442 441 -28
439 51 28
439 459 -13
197 198 28
298 300 -13
298 297 28
298 296 -28
298 84 -28
298 496 -28
300 302 28
300 86 8
300 498 -8
297 87 -28
297 277 8
297 317 19
297 499 13
296 494 19
296 294 -8
296 82 -28
296 295 13
84 477 13
84 103 -8
84 85 -28
496 516 13
496 476 8
496 497 13
496 106 -19
349 551 13
349 350 19
349 369 -8
349 329 8
349 134 -19
551 549 -28
551 152 -8
551 553 -19
350 352 -13
350 548 19
350 348 -19
350 131 -28
369 153 13
369 370 -8
329 531 8
329 330 -8
329 116 8
134 136 8
134 133 -28
134 132 -28
134 528 8
37 423 -28
37 35 -19
37 36 -8
423 403 -8
423 443 -28
423 424 28
423 224 -13
35 421 28
35 33 -8
35 34 19
35 241 -13
36 246 19
36 17 13
36 426 28
477 475 -28
477 479 28
477 476 -19
477 275 -28
103 104 -8
103 318 -13
103 497 -28
103 120 -8
85 87 -8
85 83 -13
85 474 13
85 295 -19
425 226 -19
425 405 -8
425 445 19
425 426 -28
226 17 -19
226 224 19
405 406 -8
445 446 8
445 246 -13
426 424 -19
426 223 -28
196 194 13
196 195 8
196 395 -28
196 198 13
194 393 -28
194 192 28
194 193 8
195 215 -28
195 398 28
395 415 -13
395 396 -8
395 10 13
198 200 -8
198 397 19
389 4 28
187 188 28
1 2 -8
1 210 13
373 374 28
373 353 13
374 154 19
353 354 8
353 333 13
251 252 19
251 231 -19
352 351 8
352 354 13
352 133 -8
351 331 -28
351 136 -13
351 553 28
354 552 28
354 135 -19
133 531 -8
133 152 8
87 86 13
87 476 -8
87 89 -19
86 67 -19
86 105 -13
86 479 28
476 278 19
89 478 19
89 91 -13
250 248 28
250 252 -8
250 449 28
250 39 28
250 249 -19
248 447 -19
248 38 -8
248 247 -28
252 451 -13
449 429 28
449 450 -13
449 60 28
449 468 13
39 430 -13
39 57 13
39 40 -19
249 41 19
249 452 -8
249 229 -8
144 146 -13
144 142 -28
144 359 8
144 538 -28
362 364 -8
362 560 19
362 360 8
199 402 19
199 200 -19
422 32 28
422 424 8
422 421 -8
239 259 8
239 33 -19
403 204 -19
403 18 -19
403 404 28
204 202 -13
204 203 -28
18 17 -19
18 223 -13
404 201 -8
404 402 28
404 406 -8
404 15 8
146 148 19
146 145 28
148 542 28
148 147 -13
145 364 19
145 164 -8
145 126 28
538 340 -28
538 518 13
360 358 -19
360 141 -28
360 359 -28
23 21 -13
23 25 -28
23 22 13
23 229 -28
429 430 -13
429 230 -8
429 41 13
210 212 13
210 208 28
51 53 -28
51 259 28
51 50 -19
53 52 -8
53 261 13
53 441 -8
259 260 -28
259 462 13
259 279 -28
50 262 13
50 32 -28
50 69 13
68 277 -19
68 70 -13
68 66 -8
68 67 -13
258 256 28
258 46 -8
258 260 -13
228 19 -28
228 427 13
228 227 -19
228 230 28
19 38 -28
427 40 19
427 428 -28
427 407 -8
427 447 -19
227 21 -28
227 430 19
227 247 -13
230 232 28
230 229 -28
100 490 -13
100 102 -28
100 99 13
100 98 -28
102 104 28
102 313 13
102 492 19
102 101 -8
99 117 19
99 314 28
98 97 8
98 96 -19
332 330 -19
332 334 -28
332 530 -8
332 331 -28
330 114 -19
330 528 28
334 333 -28
334 336 28
334 532 -19
334 117 -28
530 531 -8
530 136 -28
331 118 -19
331 533 -13
277 479 -19
277 278 -13
70 69 13
70 72 -8
70 279 -13
70 459 13
66 64 -13
66 455 -8
66 275 -28
67 280 13
325 305 19
325 345 19
325 326 -8
305 285 13
345 346 13
345 365 28
326 324 -28
326 111 28
446 444 -28
444 443 19
444 241 28
444 52 -13
304 502 -19
304 302 -13
304 90 -13
304 303 -19
502 503 13
502 522 28
502 112 13
502 482 -28
302 500 28
302 301 8
90 109 -28
90 71 -28
90 91 8
90 483 -8
303 93 8
303 323 19
21 407 -28
407 208 -13
464 463 19
464 71 -19
464 261 -28
464 462 8
463 443 -19
463 74 19
463 482 -13
71 72 -13
71 284 -28
71 52 13
261 262 19
261 241 -8
261 281 13
462 69 -28
462 461 28
118 116 -28
118 117 28
116 115 -8
116 508 28
117 135 -19
581 579 -28
581 181 -28
581 583 -13
581 580 13
552 553 19
552 532 19
176 178 13
245 246 13
285 286 19
17 406 -8
224 223 -28
224 15 -8
451 452 -28
451 431 28
333 313 -8
336 338 13
336 534 19
336 335 28
532 512 -13
532 533 -8
178 177 -19
178 180 -13
178 574 19
517 516 -8
517 315 -8
517 515 -28
517 519 13
517 120 -19
516 123 13
516 536 -8
516 318 -13
315 104 19
315 316 -28
315 295 8
315 335 -19
515 313 13
515 514 8
519 122 -8
519 317 8
519 518 28
120 338 28
120 139 8
120 121 -8
508 310 8
508 528 -8
290 288 -28
290 289 -28
290 76 -13
468 79 -28
468 270 -13
181 182 -28
416 213 -13
416 26 -8
416 414 -19
416 418 28
416 415 13
213 233 19
213 193 -28
213 214 28
213 8 8
26 27 -13
26 7 19
26 236 -13
414 211 -28
414 413 13
418 215 -19
418 28 8
415 216 19
415 435 -28
415 29 -8
2 4 -19
579 179 8
579 577 -8
579 377 19
179 180 -13
577 576 -13
577 375 -19
577 177 13
223 203 19
244 443 -28
244 246 -19
244 242 -13
244 34 -8
475 82 -13
475 474 -19
479 481 -8
479 478 13
275 295 -13
4 3 -8
4 6 -28
584 386 -13
366 364 13
366 147 28
366 365 8
544 346 19
544 545 8
459 260 -28
459 478 -13
317 318 -8
317 337 -13
317 106 19
499 497 -8
499 105 -13
499 498 -19
531 529 19
531 533 19
529 327 19
529 527 13
529 131 -13
529 528 19
533 135 19
215 216 -28
215 10 8
215 235 28
398 396 -8
398 9 -13
398 397 -8
549 347 -8
549 547 -8
549 548 28
549 150 19
347 348 -8
347 327 -19
347 132 -13
347 367 -28
547 149 -28
547 546 8
548 528 -8
548 568 -13
548 153 8
150 151 -19
150 370 -19
150 131 8
448 447 8
448 450 28
448 56 -13
447 58 -13
447 467 -13
450 57 -28
450 452 8
450 247 -19
56 75 -19
56 268 19
56 38 13
3 212 28
3 22 19
6 8 -28
6 5 -19
6 211 -8
6 391 19
312 314 -28
312 310 -28
312 97 -19
314 512 19
314 316 13
314 313 -8
310 308 -28
346 344 -8
346 128 13
545 343 -13
545 147 -13
202 401 -19
202 201 -19
202 200 -13
401 421 -28
401 402 28
201 221 13
278 280 19
358 139 13
358 556 8
139 537 -28
139 158 13
139 140 28
556 576 -13
556 536 -28
406 203 -8
93 92 -13
93 91 8
93 482 -13
92 111 -28
92 73 -19
92 485 -28
91 480 -19
91 301 -13
482 483 19
482 284 -28
256 455 8
455 435 -13
455 474 -19
104 106 19
104 494 -19
106 105 -8
494 474 28
494 495 28
494 514 19
430 428 13
430 432 8
247 267 19
247 40 -28
280 279 19
280 478 19
280 282 13
503 301 13
503 109 -8
500 520 -19
500 480 -28
500 110 28
323 343 -13
323 324 13
323 112 -28
323 525 -19
576 180 -28
180 182 19
40 41 19
428 38 -28
74 72 28
74 73 13
135 136 -8
135 154 19
553 154 13
554 159 -8
554 534 8
554 574 -8
338 340 -19
338 536 8
338 337 13
340 122 13
536 537 13
536 142 8
337 123 -19
72 461 -8
72 281 -19
73 286 -19
289 79 -19
432 431 8
432 229 19
288 75 28
288 486 19
486 506 19
486 467 -28
486 96 19
123 121 19
123 125 -28
123 122 -28
318 316 19
27 25 -19
27 29 19
27 413 -8
27 233 28
25 411 28
25 231 -8
29 235 13
29 28 -13
413 393 28
413 214 -19
233 436 19
233 234 19
216 214 -13
216 7 19
435 436 13
435 236 -28
121 514 -8
121 335 -28
125 518 28
122 105 8
122 141 -8
385 386 -8
385 365 8
386 384 13
182 184 19
212 411 -8
212 211 -13
212 214 19
77 79 -19
77 76 28
77 467 -28
76 57 -13
467 268 13
184 580 -8
184 183 -19
523 525 -19
523 522 8
523 126 -8
525 128 8
522 129 -19
522 542 8
522 324 8
126 344 8
126 109 -19
495 293 13
495 497 -19
495 101 19
514 534 -19
514 316 19
32 33 -28
32 242 13
424 221 -28
424 34 -8
421 441 -19
286 284 -8
284 282 -13
393 8 -8
393 394 -28
8 7 -19
8 10 19
394 396 28
394 191 -28
394 5 28
355 140 -28
355 335 -13
355 375 28
140 534 -8
140 142 19
335 537 8
375 159 -13
568 569 -19
568 370 -19
153 151 -8
153 155 8
153 152 -13
109 324 -13
109 110 -19
483 485 -19
483 481 -19
483 281 -19
396 7 8
396 193 19
58 57 -19
58 267 -8
58 60 -19
151 546 -19
151 367 -19
155 154 -13
152 171 -8
344 343 8
344 542 19
343 129 13
542 562 8
57 270 -13
267 268 19
60 59 13
316 101 -28
295 497 13
383 384 19
383 167 -28
583 381 -8
583 183 -8
583 582 -28
221 241 -19
142 141 -19
452 59 19
453 64 28
129 128 -13
128 147 19
128 111 -19
111 112 8
235 236 8
214 5 -8
506 308 8
506 526 8
506 115 8
480 481 -8
480 461 -13
480 282 -19
110 112 28
234 236 28
234 232 -28
301 281 19
159 158 -19
158 177 -8
307 308 -19
307 327 -19
307 96 13
364 562 8
562 582 28
562 167 -28
481 279 28
461 262 -13
461 441 -19
282 281 8
282 69 28
560 580 -13
441 242 -28
242 241 -8
370 368 -19
268 270 19
83 293 -8
83 82 8
293 294 8
293 313 28
82 101 8
82 63 -8
567 569 13
567 168 -28
546 348 -19
546 526 -8
368 149 -19
368 367 -28
260 262 19
64 63 13
327 115 -8
526 527 8
526 132 -8
569 367 19
115 114 19
114 131 -28
512 492 8
411 431 -8
411 391 -19
22 232 -28
15 34 -28
294 492 8
192 191 -13
192 391 8
191 211 19
164 384 8
164 183 8
46 28 13
498 478 -13
498 518 13
131 132 -13
384 582 13
431 232 13
211 231 -28
52 34 13
232 231 8
149 168 -13
9 10 8
9 28 -19
