107 501 -13
107 124 28
107 322 19
107 108 8
107 88 -13
501 503 28
501 500 -8
501 299 8
501 499 13
124 143 28
124 125 13
124 521 13
124 342 13
322 321 -28
322 324 13
322 320 28
322 520 8
108 319 -13
108 106 -19
108 110 8
108 498 -8
88 89 -28
88 69 -19
88 302 -28
88 481 13
220 218 13
220 419 19
220 222 8
220 11 28
220 219 19
218 217 -8
218 216 -8
218 417 -28
218 9 -19
419 439 -8
419 399 28
419 33 -13
419 420 -13
222 421 19
222 13 -19
222 224 -13
222 221 8
11 12 -19
11 30 8
11 400 -8
219 14 19
219 199 19
219 422 28
219 239 8
541 339 -13
541 540 -19
541 543 13
541 539 -19
541 143 -28
339 319 -8
339 340 -19
339 125 28
339 359 28
540 146 19
540 560 28
540 342 8
540 520 -28
543 341 -8
543 542 19
543 145 -8
543 545 -28
539 337 -8
539 537 19
539 141 -28
539 538 -8
143 144 -28
143 362 -8
143 162 19
12 14 13
12 217 -28
12 10 28
12 397 -8
30 420 19
30 31 19
30 240 -28
30 48 19
400 399 8
400 398 -13
400 197 -28
400 402 -13
205 206 -19
205 225 -28
206 405 -13
206 204 -28
225 226 28
225 245 -19
559 357 -28
559 558 -28
559 160 -13
559 561 -13
559 557 -28
357 358 8
357 142 -8
357 377 8
357 337 13
558 163 19
558 578 -19
558 538 8
558 360 -8
160 380 13
160 179 13
160 161 -28
160 141 -19
561 162 -8
561 563 -19
561 359 13
561 560 -19
557 555 -19
557 355 -28
557 158 -28
557 556 -13
410 409 -13
410 20 28
410 408 8
410 412 8
410 207 13
409 23 28
409 429 19
409 210 28
409 389 -13
20 21 -28
20 1 -13
20 39 8
20 230 13
408 19 -19
408 407 -13
412 411 -8
412 414 -8
412 22 19
412 209 19
207 2 8
207 227 -8
207 208 13
207 187 -19
156 175 -19
156 555 -19
156 376 -19
156 157 28
156 137 28
175 176 -19
175 575 19
555 553 -13
555 554 -8
555 353 -28
376 375 -19
376 378 -13
376 574 8
376 374 -28
157 373 19
157 159 -8
157 155 13
157 552 -19
137 356 8
137 138 8
137 535 8
137 119 13
274 472 8
274 273 -13
274 61 28
274 276 -19
274 272 -19
472 83 13
472 453 13
472 473 -28
472 492 -13
273 253 -19
273 64 -19
273 293 13
273 475 13
61 454 19
61 62 -19
61 42 8
61 80 -19
276 63 -8
276 275 28
276 474 -8
276 278 -8
272 271 19
272 470 28
272 270 28
272 59 -19
458 65 19
458 460 -8
458 255 -13
458 457 -28
458 456 28
65 84 28
65 66 -19
65 278 -13
65 46 28
460 67 28
460 257 28
460 459 13
460 462 -8
255 256 -28
255 47 28
255 235 -19
255 275 28
457 437 8
457 68 28
457 258 -8
457 476 -28
456 253 -28
456 454 -8
456 63 -8
456 455 -19
454 452 13
454 453 19
454 251 -28
62 271 19
62 64 -13
62 60 8
62 451 -19
42 254 -13
42 434 19
42 43 13
42 24 28
80 294 -13
80 81 -19
80 473 -28
80 99 19
14 399 -13
14 13 8
14 16 -28
399 200 19
13 402 -8
13 32 -28
16 15 8
16 221 13
16 401 -8
16 18 28
570 571 28
570 550 19
570 174 28
570 372 19
571 573 28
571 369 13
571 569 -28
571 171 13
550 352 -8
550 551 8
550 530 28
550 155 -13
174 176 -28
174 172 13
174 173 -8
372 152 -28
372 370 13
372 371 13
372 374 19
170 172 8
170 566 -19
170 169 -13
172 171 13
172 568 -28
566 567 -13
566 546 8
566 368 -13
169 569 -13
169 150 8
263 243 -8
263 466 -19
263 264 -8
263 283 13
263 55 -28
243 37 -19
243 446 8
243 223 -19
243 244 13
466 464 19
466 73 19
466 465 -13
264 266 -19
264 463 -13
264 262 -28
264 52 19
283 303 -13
283 74 8
283 284 13
283 485 -8
55 443 -19
55 54 19
55 53 -8
511 309 28
511 509 8
511 510 -28
511 513 13
309 329 28
309 289 -13
309 310 -19
309 98 28
509 507 19
509 114 8
509 307 -19
509 508 -19
510 118 -8
510 312 -19
510 490 8
510 530 -19
513 117 -19
513 512 13
513 515 -28
513 311 19
113 94 -13
113 328 -28
113 507 8
113 130 -28
94 75 -19
94 308 -8
94 487 28
328 327 28
328 526 -28
328 330 -13
507 506 -13
130 348 19
130 527 -8
130 149 -19
504 306 28
504 524 -28
504 484 -8
504 505 8
306 304 19
306 92 -13
306 305 -28
524 544 28
524 525 -13
524 326 -13
484 286 -28
484 465 -28
484 485 8
505 303 -28
505 503 -13
505 111 28
380 382 19
380 578 -28
380 378 8
380 379 8
382 162 19
382 384 -28
382 580 -19
382 381 28
578 579 -28
578 182 -8
378 576 -8
378 158 19
378 377 -8
379 163 8
379 581 28
379 359 8
573 173 13
573 575 28
573 371 28
573 572 8
173 154 28
575 373 8
575 574 -8
575 577 8
371 351 -19
371 155 -28
572 374 -13
572 552 -8
572 176 28
266 54 13
266 465 28
266 265 -13
54 446 28
54 36 19
465 445 19
265 245 13
265 285 19
237 31 -13
237 440 19
237 257 -19
237 238 28
237 217 19
31 33 19
31 29 -19
31 417 -8
440 442 -28
440 48 8
440 439 19
440 438 19
257 277 28
257 258 28
257 49 13
238 437 -19
238 240 -28
238 236 -28
238 28 -13
217 197 -13
217 420 -8
471 469 19
471 78 19
471 470 -13
471 473 28
471 269 8
469 267 -28
469 76 -13
469 468 -8
78 97 28
78 79 -28
78 59 8
78 292 19
470 490 -19
470 451 -8
470 81 -8
473 271 28
473 475 -8
269 249 28
269 270 8
269 289 -28
269 60 -19
356 358 19
356 355 -8
356 554 28
356 354 -28
138 136 -28
138 353 -13
138 532 19
138 140 8
535 534 -13
535 537 19
535 333 19
535 533 19
119 336 -28
119 101 19
119 515 19
341 321 -8
341 127 19
341 361 28
341 342 -19
321 523 19
321 110 8
321 301 -28
127 129 -8
127 125 13
127 520 19
127 126 -8
361 146 -13
361 362 -19
361 563 -13
361 381 13
342 344 13
342 340 19
254 256 -8
254 253 -8
254 453 28
254 252 28
434 436 19
434 433 -8
434 432 -28
434 231 19
43 45 -28
43 41 -13
43 251 28
43 431 19
24 234 -13
24 414 -8
24 5 28
24 25 -19
489 491 8
489 287 8
489 487 28
489 95 19
489 488 28
491 97 -13
491 490 -8
491 493 -28
491 289 19
287 288 13
287 77 -8
287 307 -13
287 267 -28
487 486 8
95 114 -19
95 76 -8
95 96 19
95 310 13
488 508 -13
488 290 -19
488 468 -13
488 98 19
163 165 28
163 162 28
163 161 -8
165 560 -28
165 164 -13
165 167 19
165 381 -8
162 181 -13
161 159 8
161 556 19
161 377 -19
291 292 -13
291 271 -28
291 493 -28
291 311 -8
291 81 13
292 294 19
292 490 -28
292 290 8
271 251 13
493 99 -8
493 495 13
493 492 -28
311 100 13
311 312 8
311 331 28
81 83 -13
81 79 -28
388 390 13
388 387 19
388 0 -8
390 389 8
390 392 -8
390 187 -8
390 1 -13
387 407 -13
387 2 -19
387 188 -28
0 19 -19
0 208 -19
420 422 -19
420 418 8
240 439 -19
240 242 -19
240 239 -8
48 67 28
48 49 28
48 260 -13
189 190 -19
189 209 8
189 392 -19
190 192 -28
190 389 8
190 188 28
209 4 -13
209 210 13
209 229 -8
392 3 -8
392 394 -8
392 391 19
437 438 -28
437 417 -28
437 49 -19
438 436 -28
438 235 -8
438 46 -8
417 418 19
417 397 -13
49 51 28
49 47 19
45 433 13
45 44 -19
45 47 28
45 253 8
433 453 -13
433 234 -19
433 413 -19
44 256 28
44 436 -8
44 26 -19
44 63 -13
47 46 -8
47 435 -19
253 233 -28
565 166 8
565 564 -8
565 363 8
565 563 -13
166 185 8
166 167 -8
166 386 8
166 147 28
564 584 -13
564 366 19
564 544 13
363 364 28
363 343 19
363 148 19
363 383 28
563 164 -8
563 562 -13
319 521 -8
319 320 13
319 299 -8
521 523 13
521 519 -28
521 520 -28
320 318 -8
320 105 -8
320 518 -13
299 300 -19
299 89 -28
299 279 -8
185 585 -13
185 186 -28
585 584 19
585 383 -8
585 583 19
186 184 -19
186 582 -13
442 239 28
442 444 8
442 50 -8
442 441 28
439 51 -13
439 459 19
197 198 13
298 300 -28
298 297 -13
298 296 13
298 84 8
298 496 -19
300 302 8
300 86 -28
300 498 28
297 87 28
297 277 -13
297 317 28
297 499 19
296 494 -8
296 294 -13
296 82 -19
296 295 -19
84 477 8
84 103 19
84 85 13
496 516 -28
496 476 8
496 497 -8
496 106 28
349 551 -28
349 350 8
349 369 8
349 329 19
349 134 13
551 549 -19
551 152 28
551 553 -8
350 352 -19
350 548 -19
350 348 19
350 131 8
369 153 13
369 370 -13
329 531 13
329 330 13
329 116 -8
134 136 13
134 133 -13
134 132 -8
134 528 28
37 423 -13
37 35 -19
37 36 -28
423 403 -8
423 443 19
423 424 8
423 224 19
35 421 13
35 33 -28
35 34 -13
35 241 13
36 246 -28
36 17 -8
36 426 -8
477 475 8
477 479 -8
477 476 28
477 275 19
103 104 -13
103 318 19
103 497 28
103 120 -13
85 87 -8
85 83 8
85 474 19
85 295 -19
425 226 13
425 405 -28
425 445 -28
425 426 -8
226 17 -28
226 224 19
405 406 -8
445 446 19
445 246 19
426 424 8
426 223 8
196 194 -8
196 195 -8
196 395 -19
196 198 -13
194 393 28
194 192 8
194 193 13
195 215 -28
195 398 -13
395 415 28
395 396 19
395 10 8
198 200 -8
198 397 -13
389 4 19
187 188 -13
1 2 19
1 210 -13
373 374 28
373 353 -19
374 154 19
353 354 -19
353 333 8
251 252 -19
251 231 -28
352 351 -13
352 354 -8
352 133 28
351 331 -8
351 136 -28
351 553 -28
354 552 28
354 135 13
133 531 19
133 152 19
87 86 13
87 476 8
87 89 -19
86 67 -28
86 105 8
86 479 8
476 278 13
89 478 19
89 91 -8
250 248 8
250 252 -28
250 449 -13
250 39 -19
250 249 -8
248 447 28
248 38 8
248 247 8
252 451 28
449 429 13
449 450 -8
449 60 -8
449 468 -13
39 430 13
39 57 13
39 40 19
249 41 -19
249 452 -8
249 229 13
144 146 -8
144 142 -19
144 359 -28
144 538 -19
362 364 -13
362 560 -19
362 360 28
199 402 13
199 200 28
422 32 -8
422 424 -28
422 421 -8
239 259 -8
239 33 -28
403 204 13
403 18 -28
403 404 28
204 202 13
204 203 8
18 17 8
18 223 -13
404 201 -28
404 402 8
404 406 -13
404 15 -8
146 148 -13
146 145 -8
148 542 -19
148 147 -8
145 364 19
145 164 -8
145 126 -13
538 340 13
538 518 -8
360 358 -8
360 141 13
360 359 19
23 21 -8
23 25 -28
23 22 -13
23 229 -8
429 430 8
429 230 -8
429 41 -8
210 212 19
210 208 -19
51 53 -13
51 259 19
51 50 -8
53 52 -8
53 261 8
53 441 -13
259 260 13
259 462 -19
259 279 -19
50 262 13
50 32 19
50 69 19
68 277 13
68 70 13
68 66 -8
68 67 28
258 256 19
258 46 28
258 260 28
228 19 -8
228 427 13
228 227 13
228 230 -8
19 38 19
427 40 13
427 428 28
427 407 -28
427 447 13
227 21 -13
227 430 28
227 247 28
230 232 8
230 229 8
100 490 -19
100 102 13
100 99 -8
100 98 -19
102 104 -19
102 313 -28
102 492 19
102 101 -28
99 117 -8
99 314 28
98 97 13
98 96 -19
332 330 -19
332 334 -8
332 530 -28
332 331 -8
330 114 -28
330 528 13
334 333 -8
334 336 -19
334 532 8
334 117 19
530 531 -8
530 136 28
331 118 -19
331 533 8
277 479 8
277 278 -28
70 69 13
70 72 8
70 279 28
70 459 -8
66 64 13
66 455 -13
66 275 19
67 280 8
325 305 19
325 345 -28
325 326 28
305 285 19
345 346 13
345 365 -19
326 324 8
326 111 -19
446 444 13
444 443 -8
444 241 8
444 52 19
304 502 -8
304 302 -13
304 90 8
304 303 8
502 503 -19
502 522 -28
502 112 -13
502 482 28
302 500 13
302 301 -28
90 109 -28
90 71 13
90 91 -19
90 483 -19
303 93 28
303 323 19
21 407 -13
407 208 -28
464 463 8
464 71 -13
464 261 13
464 462 -19
463 443 8
463 74 19
463 482 -28
71 72 -28
71 284 19
71 52 13
261 262 13
261 241 19
261 281 19
462 69 28
462 461 19
118 116 -19
118 117 13
116 115 28
116 508 -19
117 135 8
581 579 -13
581 181 19
581 583 28
581 580 -19
552 553 -13
552 532 13
176 178 28
245 246 28
285 286 13
17 406 -13
224 223 -19
224 15 -8
451 452 -13
451 431 -19
333 313 -13
336 338 8
336 534 8
336 335 13
532 512 19
532 533 19
178 177 19
178 180 -8
178 574 8
517 516 28
517 315 -8
517 515 -8
517 519 -28
517 120 8
516 123 -8
516 536 -13
516 318 8
315 104 19
315 316 8
315 295 8
315 335 28
515 313 -28
515 514 19
519 122 -8
519 317 8
519 518 -19
120 338 28
120 139 -19
120 121 19
508 310 19
508 528 -28
290 288 19
290 289 -8
290 76 19
468 79 -28
468 270 8
181 182 8
416 213 28
416 26 -28
416 414 -13
416 418 -8
416 415 -8
213 233 8
213 193 19
213 214 -13
213 8 19
26 27 8
26 7 -28
26 236 8
414 211 -19
414 413 8
418 215 28
418 28 -13
415 216 -19
415 435 19
415 29 13
2 4 -8
579 179 -8
579 577 -8
579 377 19
179 180 28
577 576 -13
577 375 8
577 177 -19
223 203 28
244 443 28
244 246 -13
244 242 -28
244 34 8
475 82 19
475 474 -28
479 481 -13
479 478 -28
275 295 -8
4 3 -8
4 6 -28
584 386 19
366 364 -13
366 147 28
366 365 -13
544 346 13
544 545 -8
459 260 -8
459 478 -8
317 318 13
317 337 -28
317 106 -19
499 497 -13
499 105 -19
499 498 -28
531 529 13
531 533 19
529 327 19
529 527 19
529 131 8
529 528 13
533 135 13
215 216 -28
215 10 -19
215 235 8
398 396 -13
398 9 19
398 397 -8
549 347 -13
549 547 13
549 548 13
549 150 -28
347 348 -28
347 327 -8
347 132 -28
347 367 -13
547 149 -28
547 546 -13
548 528 -13
548 568 28
548 153 -19
150 151 -28
150 370 -19
150 131 -13
448 447 28
448 450 -8
448 56 -19
447 58 -19
447 467 -28
450 57 -28
450 452 13
450 247 -19
56 75 -13
56 268 -8
56 38 -13
3 212 -8
3 22 28
6 8 13
6 5 13
6 211 -13
6 391 -8
312 314 8
312 310 28
312 97 -8
314 512 13
314 316 -13
314 313 -19
310 308 13
346 344 -13
346 128 8
545 343 -8
545 147 28
202 401 -19
202 201 13
202 200 8
401 421 8
401 402 -28
201 221 8
278 280 -28
358 139 -28
358 556 -19
139 537 -13
139 158 -8
139 140 19
556 576 13
556 536 13
406 203 -13
93 92 13
93 91 13
93 482 13
92 111 13
92 73 13
92 485 -8
91 480 -28
91 301 -13
482 483 -19
482 284 28
256 455 28
455 435 28
455 474 13
104 106 -19
104 494 -13
106 105 13
494 474 -19
494 495 -28
494 514 -19
430 428 -28
430 432 28
247 267 -19
247 40 -8
280 279 13
280 478 13
280 282 8
503 301 -13
503 109 19
500 520 -8
500 480 28
500 110 -19
323 343 19
323 324 -19
323 112 8
323 525 -8
576 180 -8
180 182 -8
40 41 -8
428 38 8
74 72 -19
74 73 8
135 136 -28
135 154 28
553 154 -13
554 159 28
554 534 -13
554 574 8
338 340 13
338 536 28
338 337 -8
340 122 -28
536 537 19
536 142 8
337 123 28
72 461 19
72 281 8
73 286 19
289 79 -28
432 431 -28
432 229 28
288 75 -19
288 486 13
486 506 8
486 467 28
486 96 -13
123 121 -13
123 125 -13
123 122 19
318 316 28
27 25 19
27 29 19
27 413 -13
27 233 28
25 411 -8
25 231 13
29 235 -8
29 28 -28
413 393 -28
413 214 13
233 436 28
233 234 13
216 214 -19
216 7 -13
435 436 28
435 236 -8
121 514 28
121 335 28
125 518 19
122 105 13
122 141 -13
385 386 28
385 365 -8
386 384 28
182 184 -13
212 411 -8
212 211 8
212 214 -8
77 79 -19
77 76 -8
77 467 13
76 57 28
467 268 -13
184 580 28
184 183 -19
523 525 -13
523 522 -19
523 126 19
525 128 -19
522 129 19
522 542 -19
522 324 -13
126 344 19
126 109 -28
495 293 8
495 497 13
495 101 8
514 534 -13
514 316 8
32 33 -19
32 242 28
424 221 -19
424 34 -19
421 441 28
286 284 -19
284 282 -19
393 8 28
393 394 -19
8 7 13
8 10 28
394 396 13
394 191 19
394 5 -19
355 140 -28
355 335 -8
355 375 -8
140 534 -13
140 142 19
335 537 13
375 159 13
568 569 -19
568 370 19
153 151 -19
153 155 -19
153 152 -8
109 324 8
109 110 -19
483 485 19
483 481 -19
483 281 28
396 7 -28
396 193 13
58 57 -13
58 267 -8
58 60 -28
151 546 28
151 367 -19
155 154 -13
152 171 19
344 343 19
344 542 -8
343 129 19
542 562 13
57 270 -8
267 268 19
60 59 8
316 101 13
295 497 13
383 384 -8
383 167 19
583 381 8
583 183 19
583 582 8
221 241 -28
142 141 19
452 59 8
453 64 -28
129 128 8
128 147 28
128 111 19
111 112 13
235 236 8
214 5 -13
506 308 -19
506 526 13
506 115 -13
480 481 -19
480 461 -13
480 282 19
110 112 28
234 236 -19
234 232 -8
301 281 -19
159 158 -19
158 177 -28
307 308 19
307 327 28
307 96 28
364 562 -19
562 582 -13
562 167 19
481 279 -19
461 262 -13
461 441 -13
282 281 -28
282 69 -13
560 580 -19
441 242 -13
242 241 -19
370 368 -28
268 270 19
83 293 19
83 82 8
293 294 -28
293 313 19
82 101 19
82 63 -19
567 569 13
567 168 -28
546 348 -13
546 526 -8
368 149 13
368 367 28
260 262 28
64 63 28
327 115 13
526 527 13
526 132 19
569 367 19
115 114 28
114 131 -28
512 492 -8
411 431 -8
411 391 -19
22 232 -28
15 34 -28
294 492 28
192 191 -28
192 391 28
191 211 19
164 384 13
164 183 -8
46 28 28
498 478 19
498 518 -19
131 132 -13
384 582 -19
431 232 -28
211 231 -8
52 34 19
232 231 19
149 168 28
9 10 -13
9 28 -8
