107 501 -19
107 124 -13
107 322 13
107 108 28
107 88 28
501 503 19
501 500 -19
501 299 -19
501 499 -8
124 143 19
124 125 8
124 521 -13
124 342 8
322 321 28
322 324 -28
322 320 8
322 520 13
108 319 28
108 106 -13
108 110 -19
108 498 8
88 89 19
88 69 -8
88 302 13
88 481 -28
220 218 -13
220 419 8
220 222 13
220 11 19
220 219 -13
218 217 -8
218 216 28
218 417 -8
218 9 8
419 439 -19
419 399 13
419 33 -13
419 420 8
222 421 28
222 13 8
222 224 13
222 221 -19
11 12 8
11 30 -8
11 400 -28
219 14 -13
219 199 13
219 422 28
219 239 -19
541 339 28
541 540 -19
541 543 19
541 539 -13
541 143 -13
339 319 8
339 340 -19
339 125 -28
339 359 -28
540 146 13
540 560 -13
540 342 -8
540 520 19
543 341 -19
543 542 -13
543 145 19
543 545 -19
539 337 8
539 537 -19
539 141 13
539 538 28
143 144 13
143 362 -28
143 162 19
12 14 28
12 217 13
12 10 8
12 397 -28
30 420 28
30 31 8
30 240 28
30 48 19
400 399 -13
400 398 -28
400 197 13
400 402 28
205 206 -28
205 225 -19
206 405 8
206 204 13
225 226 8
225 245 13
559 357 13
559 558 -19
559 160 19
559 561 28
559 557 13
357 358 -8
357 142 -8
357 377 -8
357 337 -8
558 163 -8
558 578 -8
558 538 19
558 360 -28
160 380 -13
160 179 8
160 161 -8
160 141 -13
561 162 28
561 563 -19
561 359 -28
561 560 -28
557 555 -13
557 355 -19
557 158 -28
557 556 19
410 409 19
410 20 -19
410 408 8
410 412 -8
410 207 -19
409 23 -8
409 429 -8
409 210 19
409 389 28
20 21 28
20 1 -13
20 39 13
20 230 -28
408 19 19
408 407 19
412 411 -13
412 414 13
412 22 -28
412 209 -19
207 2 -13
207 227 19
207 208 8
207 187 -13
156 175 -28
156 555 -19
156 376 8
156 157 28
156 137 19
175 176 -13
175 575 -28
555 553 -28
555 554 -19
555 353 8
376 375 -28
376 378 -8
376 574 -8
376 374 8
157 373 -8
157 159 8
157 155 -19
157 552 -19
137 356 13
137 138 28
137 535 13
137 119 -13
274 472 13
274 273 19
274 61 -13
274 276 19
274 272 -19
472 83 13
472 453 -13
472 473 19
472 492 -19
273 253 8
273 64 28
273 293 19
273 475 -8
61 454 28
61 62 13
61 42 28
61 80 19
276 63 -13
276 275 8
276 474 -8
276 278 8
272 271 -19
272 470 -13
272 270 19
272 59 28
458 65 -28
458 460 -28
458 255 28
458 457 8
458 456 28
65 84 -19
65 66 13
65 278 -28
65 46 19
460 67 -28
460 257 -8
460 459 -8
460 462 -28
255 256 28
255 47 -13
255 235 13
255 275 -13
457 437 13
457 68 8
457 258 28
457 476 -19
456 253 -28
456 454 -13
456 63 8
456 455 -28
454 452 8
454 453 -28
454 251 28
62 271 28
62 64 -8
62 60 -28
62 451 -28
42 254 -19
42 434 -19
42 43 8
42 24 13
80 294 8
80 81 -13
80 473 -28
80 99 28
14 399 19
14 13 -8
14 16 8
399 200 -28
13 402 19
13 32 19
16 15 -19
16 221 13
16 401 13
16 18 8
570 571 -13
570 550 -13
570 174 8
570 372 13
571 573 28
571 369 -8
571 569 28
571 171 -19
550 352 -19
550 551 8
550 530 19
550 155 -28
174 176 8
174 172 8
174 173 -28
372 152 19
372 370 13
372 371 13
372 374 -8
170 172 8
170 566 19
170 169 19
172 171 19
172 568 13
566 567 -13
566 546 8
566 368 19
169 569 -19
169 150 -13
263 243 -13
263 466 28
263 264 28
263 283 -19
263 55 8
243 37 28
243 446 8
243 223 13
243 244 -13
466 464 28
466 73 19
466 465 28
264 266 28
264 463 13
264 262 28
264 52 13
283 303 19
283 74 8
283 284 13
283 485 28
55 443 -28
55 54 -13
55 53 19
511 309 19
511 509 -8
511 510 13
511 513 19
309 329 -13
309 289 -8
309 310 -19
309 98 -8
509 507 19
509 114 13
509 307 -19
509 508 28
510 118 13
510 312 28
510 490 -19
510 530 -8
513 117 -28
513 512 19
513 515 -19
513 311 -13
113 94 -19
113 328 8
113 507 -28
113 130 -8
94 75 -13
94 308 19
94 487 19
328 327 28
328 526 28
328 330 28
507 506 -19
130 348 -13
130 527 -13
130 149 13
504 306 -13
504 524 -19
504 484 -19
504 505 -13
306 304 28
306 92 -19
306 305 19
524 544 -28
524 525 -8
524 326 19
484 286 28
484 465 28
484 485 13
505 303 -13
505 503 -19
505 111 8
380 382 13
380 578 28
380 378 -13
380 379 -8
382 162 13
382 384 -8
382 580 13
382 381 13
578 579 19
578 182 -8
378 576 28
378 158 8
378 377 8
379 163 -19
379 581 13
379 359 -19
573 173 -13
573 575 -13
573 371 8
573 572 -8
173 154 19
575 373 -13
575 574 13
575 577 -19
371 351 8
371 155 8
572 374 -19
572 552 -13
572 176 28
266 54 8
266 465 28
266 265 -28
54 446 19
54 36 28
465 445 -13
265 245 19
265 285 8
237 31 19
237 440 -13
237 257 8
237 238 19
237 217 8
31 33 -28
31 29 8
31 417 -28
440 442 -8
440 48 8
440 439 13
440 438 13
257 277 28
257 258 -19
257 49 13
238 437 28
238 240 13
238 236 28
238 28 -13
217 197 19
217 420 8
471 469 -28
471 78 -28
471 470 28
471 473 -19
471 269 -19
469 267 19
469 76 -8
469 468 -13
78 97 28
78 79 -13
78 59 28
78 292 13
470 490 -19
470 451 -8
470 81 8
473 271 -28
473 475 -8
269 249 28
269 270 -28
269 289 -19
269 60 -28
356 358 13
356 355 8
356 554 13
356 354 -19
138 136 13
138 353 -28
138 532 8
138 140 -8
535 534 13
535 537 8
535 333 8
535 533 -13
119 336 28
119 101 -8
119 515 -28
341 321 13
341 127 13
341 361 -28
341 342 -8
321 523 28
321 110 -8
321 301 -13
127 129 -8
127 125 -19
127 520 28
127 126 13
361 146 28
361 362 -19
361 563 13
361 381 28
342 344 13
342 340 19
254 256 -13
254 253 -13
254 453 -13
254 252 -19
434 436 -13
434 433 28
434 432 -13
434 231 19
43 45 -19
43 41 -28
43 251 -13
43 431 8
24 234 -28
24 414 -8
24 5 -19
24 25 -28
489 491 -13
489 287 -8
489 487 -8
489 95 -8
489 488 -8
491 97 -19
491 490 13
491 493 8
491 289 28
287 288 -19
287 77 13
287 307 -19
287 267 -13
487 486 8
95 114 -8
95 76 -8
95 96 -28
95 310 19
488 508 8
488 290 -28
488 468 13
488 98 8
163 165 -8
163 162 19
163 161 28
165 560 -13
165 164 8
165 167 13
165 381 -13
162 181 13
161 159 28
161 556 13
161 377 -19
291 292 -13
291 271 19
291 493 -13
291 311 8
291 81 -13
292 294 28
292 490 -13
292 290 28
271 251 13
493 99 8
493 495 28
493 492 -19
311 100 -28
311 312 28
311 331 19
81 83 28
81 79 19
388 390 13
388 387 28
388 0 19
390 389 -13
390 392 -28
390 187 -28
390 1 -13
387 407 -19
387 2 -28
387 188 28
0 19 -13
0 208 -28
420 422 -13
420 418 13
240 439 28
240 242 -19
240 239 -13
48 67 28
48 49 -28
48 260 19
189 190 8
189 209 19
189 392 -19
190 192 -8
190 389 19
190 188 13
209 4 -13
209 210 13
209 229 -8
392 3 28
392 394 -28
392 391 -19
437 438 -8
437 417 13
437 49 -19
438 436 28
438 235 -28
438 46 8
417 418 -28
417 397 -8
49 51 -19
49 47 8
45 433 13
45 44 -28
45 47 28
45 253 19
433 453 -8
433 234 -8
433 413 -8
44 256 -19
44 436 28
44 26 28
44 63 -28
47 46 -8
47 435 -13
253 233 -19
565 166 -28
565 564 -8
565 363 28
565 563 19
166 185 -19
166 167 28
166 386 -28
166 147 -8
564 584 19
564 366 -28
564 544 -13
363 364 13
363 343 19
363 148 13
363 383 -13
563 164 -19
563 562 19
319 521 13
319 320 13
319 299 8
521 523 -8
521 519 8
521 520 -19
320 318 -28
320 105 -19
320 518 -28
299 300 -8
299 89 -8
299 279 -13
185 585 19
185 186 -8
585 584 -8
585 383 19
585 583 -28
186 184 -8
186 582 -19
442 239 -19
442 444 19
442 50 -28
442 441 -8
439 51 13
439 459 -28
197 198 19
298 300 -19
298 297 8
298 296 -13
298 84 19
298 496 8
300 302 28
300 86 -13
300 498 13
297 87 8
297 277 19
297 317 -19
297 499 -28
296 494 -28
296 294 -28
296 82 13
296 295 28
84 477 -28
84 103 13
84 85 8
496 516 13
496 476 -13
496 497 -19
496 106 19
349 551 19
349 350 8
349 369 13
349 329 8
349 134 -13
551 549 -19
551 152 28
551 553 -19
350 352 -13
350 548 8
350 348 8
350 131 8
369 153 -13
369 370 13
329 531 -13
329 330 19
329 116 -8
134 136 -8
134 133 13
134 132 28
134 528 -8
37 423 8
37 35 19
37 36 -8
423 403 -28
423 443 -28
423 424 -28
423 224 -19
35 421 13
35 33 28
35 34 -13
35 241 -28
36 246 -8
36 17 -13
36 426 -8
477 475 -8
477 479 -19
477 476 19
477 275 -19
103 104 8
103 318 19
103 497 -19
103 120 -8
85 87 28
85 83 -13
85 474 8
85 295 8
425 226 13
425 405 -28
425 445 19
425 426 -19
226 17 -19
226 224 -28
405 406 28
445 446 19
445 246 13
426 424 28
426 223 13
196 194 -8
196 195 28
196 395 -28
196 198 13
194 393 -19
194 192 13
194 193 -28
195 215 -28
195 398 -28
395 415 8
395 396 -19
395 10 13
198 200 8
198 397 8
389 4 8
187 188 -8
1 2 -13
1 210 8
373 374 8
373 353 -13
374 154 -28
353 354 -13
353 333 -19
251 252 -28
251 231 -19
352 351 19
352 354 8
352 133 8
351 331 -28
351 136 8
351 553 28
354 552 -28
354 135 -19
133 531 -8
133 152 19
87 86 13
87 476 -28
87 89 19
86 67 -13
86 105 -19
86 479 -8
476 278 28
89 478 13
89 91 28
250 248 13
250 252 28
250 449 -19
250 39 8
250 249 19
248 447 28
248 38 -28
248 247 -13
252 451 -19
449 429 -28
449 450 -8
449 60 8
449 468 13
39 430 19
39 57 13
39 40 -13
249 41 28
249 452 8
249 229 8
144 146 -13
144 142 19
144 359 28
144 538 -8
362 364 13
362 560 28
362 360 8
199 402 -13
199 200 -8
422 32 19
422 424 8
422 421 -28
239 259 -19
239 33 8
403 204 -8
403 18 13
403 404 13
204 202 13
204 203 13
18 17 -13
18 223 8
404 201 13
404 402 13
404 406 -19
404 15 19
146 148 -28
146 145 -19
148 542 13
148 147 19
145 364 -8
145 164 13
145 126 28
538 340 13
538 518 -13
360 358 19
360 141 -8
360 359 28
23 21 8
23 25 8
23 22 8
23 229 -28
429 430 -8
429 230 -8
429 41 28
210 212 13
210 208 -8
51 53 19
51 259 -8
51 50 -13
53 52 13
53 261 13
53 441 -13
259 260 -13
259 462 -13
259 279 19
50 262 -28
50 32 -28
50 69 -19
68 277 19
68 70 -28
68 66 19
68 67 28
258 256 -13
258 46 13
258 260 -28
228 19 -28
228 427 -13
228 227 19
228 230 8
19 38 28
427 40 -19
427 428 13
427 407 -28
427 447 19
227 21 -19
227 430 28
227 247 8
230 232 13
230 229 28
100 490 19
100 102 -28
100 99 -28
100 98 8
102 104 -28
102 313 -8
102 492 19
102 101 28
99 117 8
99 314 -13
98 97 -8
98 96 -13
332 330 8
332 334 -13
332 530 8
332 331 -8
330 114 -19
330 528 -13
334 333 -28
334 336 -8
334 532 28
334 117 -28
530 531 19
530 136 -28
331 118 19
331 533 -13
277 479 8
277 278 -13
70 69 -8
70 72 8
70 279 28
70 459 -28
66 64 19
66 455 19
66 275 8
67 280 8
325 305 13
325 345 19
325 326 -13
305 285 -19
345 346 -13
345 365 -13
326 324 19
326 111 13
446 444 -8
444 443 -19
444 241 -19
444 52 13
304 502 -19
304 302 -19
304 90 28
304 303 -28
502 503 28
502 522 8
502 112 8
502 482 19
302 500 -19
302 301 8
90 109 8
90 71 -13
90 91 -8
90 483 19
303 93 13
303 323 -8
21 407 28
407 208 -13
464 463 8
464 71 19
464 261 -19
464 462 19
463 443 -19
463 74 28
463 482 -28
71 72 19
71 284 28
71 52 -8
261 262 28
261 241 -8
261 281 -13
462 69 8
462 461 8
118 116 -8
118 117 28
116 115 19
116 508 19
117 135 -19
581 579 -8
581 181 -19
581 583 -13
581 580 -19
552 553 -13
552 532 -28
176 178 19
245 246 19
285 286 -19
17 406 -28
224 223 8
224 15 19
451 452 -28
451 431 -28
333 313 -28
336 338 -8
336 534 -13
336 335 -13
532 512 28
532 533 -13
178 177 -8
178 180 -13
178 574 -8
517 516 28
517 315 8
517 515 19
517 519 28
517 120 13
516 123 28
516 536 13
516 318 19
315 104 -8
315 316 -28
315 295 -13
315 335 13
515 313 8
515 514 19
519 122 -28
519 317 -8
519 518 -8
120 338 -28
120 139 8
120 121 13
508 310 19
508 528 -28
290 288 28
290 289 -8
290 76 28
468 79 -8
468 270 -19
181 182 -28
416 213 -19
416 26 19
416 414 8
416 418 -19
416 415 19
213 233 28
213 193 -13
213 214 8
213 8 -13
26 27 8
26 7 19
26 236 8
414 211 -28
414 413 -28
418 215 8
418 28 13
415 216 19
415 435 13
415 29 -13
2 4 19
579 179 -19
579 577 8
579 377 8
179 180 8
577 576 19
577 375 19
577 177 28
223 203 28
244 443 -19
244 246 8
244 242 -19
244 34 28
475 82 -8
475 474 13
479 481 -28
479 478 13
275 295 -13
4 3 13
4 6 -19
584 386 8
366 364 -8
366 147 -8
366 365 -13
544 346 19
544 545 28
459 260 19
459 478 8
317 318 -8
317 337 8
317 106 -13
499 497 -8
499 105 -13
499 498 19
531 529 8
531 533 28
529 327 19
529 527 8
529 131 -8
529 528 28
533 135 8
215 216 -28
215 10 -19
215 235 8
398 396 8
398 9 13
398 397 13
549 347 28
549 547 -19
549 548 -28
549 150 28
347 348 -28
347 327 -13
347 132 13
347 367 8
547 149 19
547 546 28
548 528 -13
548 568 -13
548 153 -13
150 151 13
150 370 -13
150 131 28
448 447 -19
448 450 19
448 56 19
447 58 -13
447 467 -19
450 57 19
450 452 -19
450 247 -8
56 75 -28
56 268 -8
56 38 -19
3 212 -28
3 22 28
6 8 13
6 5 -19
6 211 28
6 391 -8
312 314 -8
312 310 19
312 97 -8
314 512 8
314 316 -19
314 313 -28
310 308 -19
346 344 13
346 128 -28
545 343 13
545 147 -28
202 401 -8
202 201 -19
202 200 19
401 421 28
401 402 -8
201 221 -19
278 280 19
358 139 -8
358 556 8
139 537 -19
139 158 -13
139 140 -13
556 576 8
556 536 -28
406 203 -19
93 92 8
93 91 19
93 482 13
92 111 -13
92 73 -28
92 485 -8
91 480 8
91 301 28
482 483 28
482 284 13
256 455 28
455 435 19
455 474 -28
104 106 -28
104 494 13
106 105 -19
494 474 19
494 495 -8
494 514 13
430 428 13
430 432 -13
247 267 19
247 40 -13
280 279 19
280 478 28
280 282 19
503 301 28
503 109 8
500 520 -8
500 480 -13
500 110 -19
323 343 -13
323 324 -28
323 112 8
323 525 13
576 180 -19
180 182 8
40 41 8
428 38 -8
74 72 -13
74 73 -13
135 136 8
135 154 13
553 154 -13
554 159 -8
554 534 28
554 574 -13
338 340 28
338 536 -28
338 337 28
340 122 19
536 537 19
536 142 -8
337 123 8
72 461 28
72 281 19
73 286 -13
289 79 13
432 431 -19
432 229 -28
288 75 13
288 486 19
486 506 19
486 467 28
486 96 -8
123 121 -28
123 125 8
123 122 -13
318 316 -13
27 25 28
27 29 -8
27 413 13
27 233 -13
25 411 -8
25 231 19
29 235 8
29 28 13
413 393 -13
413 214 13
233 436 8
233 234 19
216 214 -13
216 7 -19
435 436 -28
435 236 28
121 514 13
121 335 28
125 518 28
122 105 13
122 141 -8
385 386 28
385 365 -28
386 384 -28
182 184 13
212 411 13
212 211 19
212 214 8
77 79 19
77 76 19
77 467 -28
76 57 -28
467 268 8
184 580 8
184 183 28
523 525 -28
523 522 -8
523 126 28
525 128 19
522 129 19
522 542 -19
522 324 -13
126 344 19
126 109 -13
495 293 8
495 497 28
495 101 8
514 534 -8
514 316 28
32 33 13
32 242 -13
424 221 13
424 34 -28
421 441 -28
286 284 -8
284 282 8
393 8 8
393 394 13
8 7 -28
8 10 28
394 396 -19
394 191 28
394 5 -13
355 140 -8
355 335 -28
355 375 -28
140 534 -28
140 142 28
335 537 -8
375 159 28
568 569 8
568 370 -8
153 151 19
153 155 -8
153 152 28
109 324 -19
109 110 13
483 485 13
483 481 -28
483 281 19
396 7 8
396 193 19
58 57 8
58 267 -28
58 60 -28
151 546 -8
151 367 -13
155 154 19
152 171 8
344 343 13
344 542 13
343 129 13
542 562 -28
57 270 13
267 268 -8
60 59 -19
316 101 19
295 497 28
383 384 28
383 167 -8
583 381 28
583 183 8
583 582 -19
221 241 13
142 141 19
452 59 -8
453 64 13
129 128 -28
128 147 19
128 111 13
111 112 -8
235 236 -8
214 5 -28
506 308 -13
506 526 19
506 115 13
480 481 -8
480 461 -19
480 282 19
110 112 -8
234 236 8
234 232 8
301 281 -8
159 158 -28
158 177 -8
307 308 28
307 327 -19
307 96 28
364 562 -28
562 582 -19
562 167 -13
481 279 28
461 262 13
461 441 8
282 281 -28
282 69 -8
560 580 -8
441 242 -13
242 241 28
370 368 28
268 270 19
83 293 -28
83 82 13
293 294 8
293 313 -13
82 101 19
82 63 8
567 569 19
567 168 28
546 348 28
546 526 -19
368 149 8
368 367 -19
260 262 19
64 63 -19
327 115 8
526 527 -19
526 132 19
569 367 -8
115 114 19
114 131 8
512 492 28
411 431 -8
411 391 28
22 232 -13
15 34 -13
294 492 8
192 191 19
192 391 13
191 211 28
164 384 -19
164 183 19
46 28 -28
498 478 28
498 518 -8
131 132 -13
384 582 -8
431 232 19
211 231 13
52 34 13
232 231 -13
149 168 -13
9 10 -19
9 28 8
