107 501 19
107 124 -19
107 322 8
107 108 8
107 88 -19
501 503 19
501 500 8
501 299 -8
501 499 -19
124 143 19
124 125 13
124 521 -8
124 342 8
322 321 19
322 324 8
322 320 -28
322 520 28
108 319 19
108 106 -28
108 110 -19
108 498 -19
88 89 -28
88 69 -28
88 302 13
88 481 -13
220 218 8
220 419 13
220 222 28
220 11 13
220 219 -28
218 217 28
218 216 28
218 417 19
218 9 -13
419 439 -19
419 399 19
419 33 13
419 420 -28
222 421 13
222 13 -28
222 224 13
222 221 8
11 12 8
11 30 -28
11 400 28
219 14 19
219 199 13
219 422 -13
219 239 -8
541 339 28
541 540 -19
541 543 -13
541 539 28
541 143 -8
339 319 28
339 340 8
339 125 -13
339 359 -8
540 146 -19
540 560 13
540 342 8
540 520 -13
543 341 -8
543 542 -19
543 145 28
543 545 -8
539 337 19
539 537 -28
539 141 -8
539 538 28
143 144 8
143 362 -19
143 162 -28
12 14 13
12 217 -19
12 10 -19
12 397 13
30 420 -13
30 31 13
30 240 28
30 48 8
400 399 -28
400 398 -28
400 197 28
400 402 28
205 206 13
205 225 -8
206 405 -28
206 204 -28
225 226 28
225 245 -19
559 357 -19
559 558 13
559 160 -13
559 561 28
559 557 8
357 358 -28
357 142 28
357 377 19
357 337 13
558 163 19
558 578 8
558 538 28
558 360 28
160 380 8
160 179 -19
160 161 19
160 141 19
561 162 -19
561 563 13
561 359 13
561 560 -28
557 555 13
557 355 -28
557 158 -28
557 556 19
410 409 28
410 20 8
410 408 -19
410 412 13
410 207 -8
409 23 -19
409 429 13
409 210 8
409 389 28
20 21 13
20 1 8
20 39 -13
20 230 -19
408 19 28
408 407 8
412 411 -8
412 414 -28
412 22 -8
412 209 -13
207 2 19
207 227 13
207 208 8
207 187 8
156 175 28
156 555 -28
156 376 13
156 157 8
156 137 28
175 176 13
175 575 19
555 553 -19
555 554 8
555 353 28
376 375 -8
376 378 13
376 574 -19
376 374 19
157 373 28
157 159 28
157 155 28
157 552 28
137 356 -8
137 138 -8
137 535 -28
137 119 -8
274 472 19
274 273 28
274 61 -8
274 276 -13
274 272 -13
472 83 -8
472 453 -19
472 473 13
472 492 13
273 253 28
273 64 -28
273 293 28
273 475 -28
61 454 8
61 62 -13
61 42 -28
61 80 -19
276 63 8
276 275 -13
276 474 -13
276 278 8
272 271 -8
272 470 -19
272 270 -8
272 59 -28
458 65 -28
458 460 -13
458 255 -13
458 457 13
458 456 -19
65 84 28
65 66 13
65 278 8
65 46 19
460 67 -19
460 257 19
460 459 -19
460 462 -8
255 256 8
255 47 -28
255 235 13
255 275 8
457 437 19
457 68 -13
457 258 28
457 476 13
456 253 -8
456 454 13
456 63 -8
456 455 -13
454 452 -13
454 453 -28
454 251 28
62 271 8
62 64 -8
62 60 13
62 451 -19
42 254 -8
42 434 -8
42 43 19
42 24 -28
80 294 19
80 81 -19
80 473 -19
80 99 -13
14 399 19
14 13 28
14 16 -13
399 200 28
13 402 -8
13 32 8
16 15 13
16 221 28
16 401 -28
16 18 13
570 571 -13
570 550 -28
570 174 -28
570 372 -13
571 573 28
571 369 19
571 569 -19
571 171 -28
550 352 -19
550 551 28
550 530 8
550 155 -8
174 176 13
174 172 -8
174 173 -19
372 152 19
372 370 -19
372 371 28
372 374 19
170 172 -8
170 566 -8
170 169 -13
172 171 -13
172 568 -19
566 567 19
566 546 8
566 368 -8
169 569 -28
169 150 19
263 243 -8
263 466 13
263 264 8
263 283 19
263 55 19
243 37 8
243 446 28
243 223 -28
243 244 19
466 464 -13
466 73 13
466 465 -28
264 266 28
264 463 -28
264 262 13
264 52 -8
283 303 19
283 74 13
283 284 8
283 485 -28
55 443 -28
55 54 8
55 53 28
511 309 19
511 509 -19
511 510 13
511 513 13
309 329 28
309 289 28
309 310 -13
309 98 19
509 507 -19
509 114 -19
509 307 -19
509 508 -19
510 118 28
510 312 -13
510 490 -13
510 530 19
513 117 19
513 512 -8
513 515 13
513 311 28
113 94 -28
113 328 -28
113 507 28
113 130 -8
94 75 -28
94 308 -28
94 487 -19
328 327 13
328 526 8
328 330 19
507 506 28
130 348 19
130 527 -8
130 149 19
504 306 8
504 524 28
504 484 -19
504 505 -8
306 304 19
306 92 -19
306 305 -28
524 544 28
524 525 28
524 326 -13
484 286 -28
484 465 19
484 485 -28
505 303 -8
505 503 -13
505 111 -8
380 382 -19
380 578 8
380 378 8
380 379 19
382 162 19
382 384 13
382 580 28
382 381 8
578 579 -13
578 182 8
378 576 -8
378 158 13
378 377 19
379 163 -13
379 581 19
379 359 -28
573 173 -19
573 575 -13
573 371 -19
573 572 19
173 154 13
575 373 13
575 574 -13
575 577 -13
371 351 13
371 155 8
572 374 28
572 552 -19
572 176 -28
266 54 -13
266 465 -19
266 265 8
54 446 -28
54 36 8
465 445 -8
265 245 8
265 285 -8
237 31 -8
237 440 -28
237 257 -28
237 238 -13
237 217 -19
31 33 -19
31 29 -28
31 417 -28
440 442 -13
440 48 8
440 439 19
440 438 19
257 277 -28
257 258 8
257 49 8
238 437 -19
238 240 28
238 236 -28
238 28 -19
217 197 19
217 420 13
471 469 -13
471 78 -8
471 470 13
471 473 19
471 269 28
469 267 8
469 76 8
469 468 28
78 97 19
78 79 -19
78 59 8
78 292 8
470 490 -19
470 451 8
470 81 -28
473 271 -8
473 475 -19
269 249 28
269 270 19
269 289 -28
269 60 28
356 358 8
356 355 19
356 554 19
356 354 19
138 136 -13
138 353 19
138 532 -8
138 140 -8
535 534 28
535 537 19
535 333 28
535 533 -8
119 336 28
119 101 28
119 515 13
341 321 13
341 127 28
341 361 19
341 342 -13
321 523 -8
321 110 28
321 301 19
127 129 19
127 125 19
127 520 8
127 126 -19
361 146 -19
361 362 8
361 563 -19
361 381 -28
342 344 -8
342 340 8
254 256 28
254 253 19
254 453 8
254 252 -28
434 436 -8
434 433 -13
434 432 19
434 231 8
43 45 -8
43 41 -28
43 251 28
43 431 -28
24 234 13
24 414 8
24 5 19
24 25 28
489 491 -13
489 287 -13
489 487 13
489 95 -8
489 488 28
491 97 13
491 490 -13
491 493 -8
491 289 -19
287 288 -28
287 77 13
287 307 -19
287 267 13
487 486 13
95 114 -28
95 76 8
95 96 19
95 310 28
488 508 13
488 290 -28
488 468 8
488 98 8
163 165 13
163 162 13
163 161 8
165 560 -28
165 164 28
165 167 -19
165 381 8
162 181 -28
161 159 -8
161 556 8
161 377 -13
291 292 -13
291 271 19
291 493 8
291 311 -8
291 81 -8
292 294 8
292 490 13
292 290 28
271 251 28
493 99 -19
493 495 28
493 492 28
311 100 19
311 312 8
311 331 -19
81 83 8
81 79 -28
388 390 -28
388 387 -28
388 0 13
390 389 13
390 392 -8
390 187 8
390 1 -8
387 407 -19
387 2 28
387 188 28
0 19 13
0 208 13
420 422 19
420 418 -28
240 439 -13
240 242 -13
240 239 -19
48 67 28
48 49 28
48 260 28
189 190 28
189 209 19
189 392 -8
190 192 -28
190 389 -28
190 188 8
209 4 19
209 210 -19
209 229 19
392 3 -8
392 394 -19
392 391 8
437 438 -13
437 417 -28
437 49 -13
438 436 -19
438 235 8
438 46 13
417 418 -19
417 397 -8
49 51 19
49 47 -8
45 433 -8
45 44 -13
45 47 -13
45 253 -19
433 453 -13
433 234 13
433 413 -19
44 256 28
44 436 19
44 26 19
44 63 13
47 46 -19
47 435 8
253 233 -13
565 166 -13
565 564 8
565 363 -19
565 563 -28
166 185 13
166 167 13
166 386 -13
166 147 13
564 584 -8
564 366 -13
564 544 -28
363 364 -19
363 343 -28
363 148 13
363 383 13
563 164 8
563 562 -28
319 521 -8
319 320 19
319 299 19
521 523 -8
521 519 8
521 520 -19
320 318 28
320 105 8
320 518 -19
299 300 -13
299 89 8
299 279 -19
185 585 -13
185 186 -19
585 584 -13
585 383 19
585 583 19
186 184 -13
186 582 19
442 239 -13
442 444 8
442 50 8
442 441 13
439 51 -8
439 459 -13
197 198 -19
298 300 -28
298 297 8
298 296 8
298 84 -19
298 496 28
300 302 19
300 86 28
300 498 8
297 87 13
297 277 -19
297 317 -8
297 499 -19
296 494 -8
296 294 -19
296 82 8
296 295 13
84 477 -19
84 103 -13
84 85 8
496 516 -8
496 476 13
496 497 -28
496 106 -28
349 551 28
349 350 19
349 369 19
349 329 13
349 134 13
551 549 13
551 152 28
551 553 -13
350 352 -8
350 548 -19
350 348 -8
350 131 8
369 153 -13
369 370 8
329 531 13
329 330 -19
329 116 28
134 136 -28
134 133 -8
134 132 19
134 528 -13
37 423 28
37 35 8
37 36 -8
423 403 13
423 443 -19
423 424 -8
423 224 -19
35 421 -19
35 33 -19
35 34 19
35 241 -13
36 246 -19
36 17 -19
36 426 28
477 475 -19
477 479 -28
477 476 13
477 275 -19
103 104 -19
103 318 19
103 497 -28
103 120 -13
85 87 8
85 83 19
85 474 -8
85 295 28
425 226 -28
425 405 28
425 445 -13
425 426 -13
226 17 19
226 224 -28
405 406 -19
445 446 28
445 246 19
426 424 -19
426 223 -19
196 194 28
196 195 28
196 395 -8
196 198 8
194 393 28
194 192 8
194 193 -8
195 215 -8
195 398 19
395 415 8
395 396 19
395 10 8
198 200 19
198 397 13
389 4 13
187 188 -19
1 2 13
1 210 28
373 374 19
373 353 -19
374 154 -19
353 354 -19
353 333 13
251 252 -19
251 231 -19
352 351 -19
352 354 28
352 133 -8
351 331 -19
351 136 -19
351 553 -19
354 552 19
354 135 8
133 531 28
133 152 13
87 86 28
87 476 -19
87 89 13
86 67 13
86 105 -8
86 479 8
476 278 -28
89 478 28
89 91 -19
250 248 13
250 252 13
250 449 -13
250 39 8
250 249 13
248 447 -28
248 38 13
248 247 -8
252 451 -28
449 429 -28
449 450 13
449 60 8
449 468 13
39 430 8
39 57 28
39 40 19
249 41 8
249 452 -28
249 229 28
144 146 13
144 142 -8
144 359 13
144 538 19
362 364 -13
362 560 8
362 360 13
199 402 -8
199 200 -8
422 32 8
422 424 13
422 421 8
239 259 -19
239 33 28
403 204 19
403 18 -19
403 404 8
204 202 -19
204 203 28
18 17 13
18 223 28
404 201 -8
404 402 8
404 406 13
404 15 13
146 148 19
146 145 13
148 542 -28
148 147 28
145 364 13
145 164 -19
145 126 -13
538 340 -13
538 518 -13
360 358 28
360 141 28
360 359 -28
23 21 13
23 25 -28
23 22 19
23 229 -13
429 430 8
429 230 -13
429 41 8
210 212 -13
210 208 19
51 53 19
51 259 -8
51 50 13
53 52 13
53 261 -19
53 441 19
259 260 28
259 462 -28
259 279 28
50 262 -13
50 32 -8
50 69 -28
68 277 -28
68 70 13
68 66 8
68 67 28
258 256 -8
258 46 -8
258 260 19
228 19 19
228 427 13
228 227 -28
228 230 -8
19 38 28
427 40 13
427 428 -19
427 407 28
427 447 8
227 21 28
227 430 -19
227 247 -8
230 232 8
230 229 28
100 490 28
100 102 19
100 99 -28
100 98 28
102 104 -28
102 313 -13
102 492 -8
102 101 28
99 117 19
99 314 28
98 97 -28
98 96 -8
332 330 -13
332 334 13
332 530 -19
332 331 19
330 114 19
330 528 -8
334 333 28
334 336 19
334 532 -8
334 117 28
530 531 19
530 136 13
331 118 -13
331 533 -13
277 479 -19
277 278 28
70 69 28
70 72 -8
70 279 8
70 459 -28
66 64 -28
66 455 8
66 275 28
67 280 -28
325 305 13
325 345 -28
325 326 -8
305 285 8
345 346 -8
345 365 13
326 324 28
326 111 13
446 444 13
444 443 19
444 241 13
444 52 -13
304 502 8
304 302 -13
304 90 19
304 303 -28
502 503 -19
502 522 8
502 112 19
502 482 -28
302 500 -8
302 301 -13
90 109 19
90 71 28
90 91 -19
90 483 -19
303 93 28
303 323 13
21 407 8
407 208 28
464 463 28
464 71 -19
464 261 28
464 462 28
463 443 -8
463 74 -28
463 482 8
71 72 19
71 284 28
71 52 -28
261 262 13
261 241 -8
261 281 -13
462 69 -13
462 461 -19
118 116 28
118 117 -28
116 115 19
116 508 -19
117 135 19
581 579 -19
581 181 19
581 583 13
581 580 19
552 553 -8
552 532 -8
176 178 -28
245 246 -19
285 286 13
17 406 19
224 223 13
224 15 8
451 452 28
451 431 8
333 313 -13
336 338 -28
336 534 -28
336 335 -28
532 512 -28
532 533 19
178 177 -13
178 180 13
178 574 -13
517 516 13
517 315 28
517 515 8
517 519 13
517 120 -28
516 123 28
516 536 8
516 318 13
315 104 19
315 316 8
315 295 -8
315 335 -8
515 313 13
515 514 -8
519 122 -8
519 317 -19
519 518 -19
120 338 -13
120 139 28
120 121 28
508 310 -8
508 528 -13
290 288 8
290 289 -8
290 76 19
468 79 8
468 270 28
181 182 13
416 213 13
416 26 -19
416 414 8
416 418 19
416 415 19
213 233 8
213 193 -13
213 214 -13
213 8 8
26 27 -8
26 7 -28
26 236 -19
414 211 8
414 413 -19
418 215 -13
418 28 -8
415 216 -13
415 435 28
415 29 28
2 4 -13
579 179 28
579 577 13
579 377 13
179 180 13
577 576 13
577 375 -8
577 177 -8
223 203 -8
244 443 19
244 246 -8
244 242 19
244 34 -28
475 82 13
475 474 13
479 481 -28
479 478 -19
275 295 -28
4 3 28
4 6 19
584 386 28
366 364 8
366 147 28
366 365 13
544 346 -13
544 545 19
459 260 -8
459 478 -13
317 318 -28
317 337 -19
317 106 -8
499 497 -8
499 105 -13
499 498 28
531 529 -8
531 533 -8
529 327 13
529 527 -19
529 131 -19
529 528 28
533 135 8
215 216 28
215 10 -28
215 235 -28
398 396 -13
398 9 -19
398 397 -19
549 347 28
549 547 19
549 548 -13
549 150 19
347 348 28
347 327 -19
347 132 -8
347 367 -28
547 149 -19
547 546 8
548 528 -19
548 568 -8
548 153 28
150 151 -13
150 370 -13
150 131 -13
448 447 8
448 450 8
448 56 19
447 58 8
447 467 28
450 57 -28
450 452 28
450 247 -28
56 75 8
56 268 -28
56 38 19
3 212 -28
3 22 -28
6 8 -13
6 5 8
6 211 28
6 391 28
312 314 -28
312 310 19
312 97 13
314 512 -19
314 316 -8
314 313 28
310 308 19
346 344 8
346 128 -28
545 343 -19
545 147 19
202 401 28
202 201 -8
202 200 19
401 421 -28
401 402 -19
201 221 -13
278 280 8
358 139 -19
358 556 13
139 537 -19
139 158 28
139 140 13
556 576 -13
556 536 19
406 203 19
93 92 13
93 91 19
93 482 13
92 111 28
92 73 -8
92 485 19
91 480 -19
91 301 -19
482 483 -8
482 284 -13
256 455 28
455 435 -28
455 474 -8
104 106 28
104 494 -19
106 105 -8
494 474 -8
494 495 13
494 514 -8
430 428 28
430 432 -13
247 267 8
247 40 -28
280 279 19
280 478 19
280 282 19
503 301 19
503 109 8
500 520 -19
500 480 -13
500 110 -13
323 343 28
323 324 13
323 112 8
323 525 8
576 180 -13
180 182 -13
40 41 19
428 38 -19
74 72 -13
74 73 28
135 136 13
135 154 13
553 154 -8
554 159 -28
554 534 8
554 574 -28
338 340 -13
338 536 -13
338 337 28
340 122 19
536 537 -19
536 142 13
337 123 19
72 461 19
72 281 -13
73 286 19
289 79 -19
432 431 28
432 229 19
288 75 -8
288 486 -13
486 506 13
486 467 28
486 96 28
123 121 -19
123 125 -19
123 122 19
318 316 -28
27 25 -19
27 29 -8
27 413 19
27 233 28
25 411 -28
25 231 28
29 235 -28
29 28 8
413 393 28
413 214 28
233 436 -13
233 234 13
216 214 -19
216 7 -13
435 436 -8
435 236 19
121 514 -19
121 335 8
125 518 19
122 105 -8
122 141 28
385 386 -28
385 365 8
386 384 -28
182 184 19
212 411 13
212 211 -19
212 214 8
77 79 13
77 76 -19
77 467 19
76 57 -13
467 268 28
184 580 -8
184 183 -8
523 525 28
523 522 -28
523 126 -13
525 128 -8
522 129 -19
522 542 28
522 324 -13
126 344 28
126 109 19
495 293 13
495 497 13
495 101 13
514 534 13
514 316 8
32 33 -13
32 242 -19
424 221 8
424 34 19
421 441 19
286 284 19
284 282 -28
393 8 -8
393 394 -8
8 7 -19
8 10 19
394 396 28
394 191 -28
394 5 -8
355 140 28
355 335 -28
355 375 28
140 534 -13
140 142 13
335 537 19
375 159 -13
568 569 13
568 370 -8
153 151 13
153 155 -28
153 152 28
109 324 -13
109 110 -28
483 485 -8
483 481 -13
483 281 -19
396 7 -8
396 193 28
58 57 -8
58 267 8
58 60 -8
151 546 -28
151 367 19
155 154 -13
152 171 13
344 343 28
344 542 19
343 129 13
542 562 -13
57 270 -19
267 268 -13
60 59 -19
316 101 28
295 497 8
383 384 -28
383 167 -28
583 381 8
583 183 28
583 582 13
221 241 -8
142 141 -8
452 59 19
453 64 -8
129 128 13
128 147 28
128 111 -13
111 112 13
235 236 -19
214 5 8
506 308 28
506 526 -8
506 115 -28
480 481 8
480 461 -8
480 282 28
110 112 8
234 236 28
234 232 13
301 281 28
159 158 -19
158 177 28
307 308 -13
307 327 19
307 96 13
364 562 -19
562 582 -28
562 167 -8
481 279 -13
461 262 -28
461 441 8
282 281 28
282 69 28
560 580 13
441 242 28
242 241 28
370 368 -13
268 270 13
83 293 -8
83 82 -19
293 294 -19
293 313 -8
82 101 13
82 63 28
567 569 13
567 168 8
546 348 -8
546 526 -19
368 149 13
368 367 19
260 262 -8
64 63 -19
327 115 -19
526 527 -13
526 132 -28
569 367 28
115 114 -13
114 131 19
512 492 -8
411 431 -28
411 391 -8
22 232 -8
15 34 -8
294 492 8
192 191 8
192 391 8
191 211 13
164 384 13
164 183 -28
46 28 19
498 478 13
498 518 -8
131 132 8
384 582 8
431 232 8
211 231 -13
52 34 8
232 231 19
149 168 -19
9 10 13
9 28 19
