107 501 -28
107 124 8
107 322 -19
107 108 -28
107 88 8
501 503 19
501 500 -19
501 299 -28
501 499 -13
124 143 -13
124 125 8
124 521 19
124 342 -28
322 321 -8
322 324 -19
322 320 19
322 520 -19
108 319 8
108 106 -28
108 110 13
108 498 -8
88 89 8
88 69 -19
88 302 -13
88 481 -8
220 218 -8
220 419 8
220 222 -8
220 11 -8
220 219 13
218 217 -8
218 216 8
218 417 -19
218 9 -13
419 439 28
419 399 -8
419 33 -13
419 420 13
222 421 -19
222 13 13
222 224 -13
222 221 -28
11 12 28
11 30 -13
11 400 -13
219 14 -13
219 199 13
219 422 -28
219 239 -8
541 339 -8
541 540 28
541 543 8
541 539 -19
541 143 -28
339 319 -8
339 340 8
339 125 -13
339 359 -19
540 146 -13
540 560 -19
540 342 28
540 520 -8
543 341 -13
543 542 19
543 145 -19
543 545 13
539 337 -28
539 537 8
539 141 8
539 538 -8
143 144 -13
143 362 -28
143 162 19
12 14 -8
12 217 -8
12 10 -8
12 397 28
30 420 -28
30 31 -13
30 240 -19
30 48 13
400 399 13
400 398 -19
400 197 -19
400 402 13
205 206 28
205 225 8
206 405 28
206 204 -8
225 226 13
225 245 -19
559 357 28
559 558 -8
559 160 -13
559 561 8
559 557 19
357 358 8
357 142 -8
357 377 8
357 337 -19
558 163 13
558 578 13
558 538 -19
558 360 19
160 380 -13
160 179 -8
160 161 -8
160 141 -8
561 162 -28
561 563 8
561 359 -28
561 560 28
557 555 -13
557 355 -8
557 158 -28
557 556 -28
410 409 19
410 20 8
410 408 19
410 412 -8
410 207 19
409 23 -13
409 429 -13
409 210 -19
409 389 28
20 21 -13
20 1 13
20 39 13
20 230 -13
408 19 -8
408 407 13
412 411 8
412 414 -28
412 22 -8
412 209 -13
207 2 19
207 227 28
207 208 -28
207 187 19
156 175 -28
156 555 13
156 376 8
156 157 -8
156 137 19
175 176 -13
175 575 8
555 553 -8
555 554 -28
555 353 28
376 375 -13
376 378 -28
376 574 19
376 374 28
157 373 28
157 159 19
157 155 -13
157 552 8
137 356 -13
137 138 28
137 535 -8
137 119 28
274 472 8
274 273 8
274 61 8
274 276 -13
274 272 -8
472 83 -19
472 453 13
472 473 13
472 492 28
273 253 19
273 64 19
273 293 -28
273 475 8
61 454 13
61 62 -13
61 42 8
61 80 -28
276 63 13
276 275 28
276 474 -8
276 278 8
272 271 13
272 470 13
272 270 8
272 59 -28
458 65 28
458 460 -13
458 255 19
458 457 28
458 456 -28
65 84 -13
65 66 8
65 278 -8
65 46 28
460 67 -8
460 257 13
460 459 -13
460 462 -19
255 256 19
255 47 13
255 235 13
255 275 13
457 437 8
457 68 8
457 258 -13
457 476 -19
456 253 -8
456 454 8
456 63 19
456 455 13
454 452 -19
454 453 8
454 251 -13
62 271 8
62 64 28
62 60 8
62 451 -19
42 254 28
42 434 8
42 43 -8
42 24 8
80 294 28
80 81 -13
80 473 -13
80 99 -13
14 399 -28
14 13 13
14 16 8
399 200 -28
13 402 28
13 32 -13
16 15 -8
16 221 13
16 401 -13
16 18 -28
570 571 13
570 550 -19
570 174 -8
570 372 19
571 573 -13
571 369 13
571 569 19
571 171 8
550 352 -19
550 551 8
550 530 -28
550 155 -28
174 176 8
174 172 -19
174 173 19
372 152 8
372 370 28
372 371 -28
372 374 19
170 172 28
170 566 19
170 169 -13
172 171 -19
172 568 -19
566 567 -19
566 546 -19
566 368 13
169 569 28
169 150 8
263 243 -19
263 466 -13
263 264 8
263 283 19
263 55 19
243 37 -13
243 446 -8
243 223 -13
243 244 -13
466 464 19
466 73 -28
466 465 13
264 266 -13
264 463 -28
264 262 28
264 52 28
283 303 19
283 74 13
283 284 19
283 485 28
55 443 -13
55 54 -28
55 53 13
511 309 -19
511 509 28
511 510 -8
511 513 -13
309 329 -8
309 289 -13
309 310 -13
309 98 13
509 507 -8
509 114 28
509 307 13
509 508 -8
510 118 -19
510 312 13
510 490 8
510 530 -8
513 117 28
513 512 -13
513 515 28
513 311 -19
113 94 19
113 328 19
113 507 19
113 130 13
94 75 8
94 308 13
94 487 -8
328 327 13
328 526 -13
328 330 13
507 506 19
130 348 -19
130 527 -19
130 149 -19
504 306 -8
504 524 -8
504 484 -13
504 505 13
306 304 8
306 92 28
306 305 -13
524 544 19
524 525 -19
524 326 -8
484 286 -13
484 465 -8
484 485 8
505 303 8
505 503 -13
505 111 -8
380 382 8
380 578 -28
380 378 8
380 379 8
382 162 -13
382 384 8
382 580 13
382 381 8
578 579 -8
578 182 19
378 576 -8
378 158 19
378 377 8
379 163 19
379 581 19
379 359 8
573 173 8
573 575 -28
573 371 -8
573 572 13
173 154 13
575 373 13
575 574 -19
575 577 19
371 351 -8
371 155 13
572 374 8
572 552 -28
572 176 28
266 54 13
266 465 28
266 265 -19
54 446 8
54 36 -19
465 445 -28
265 245 8
265 285 13
237 31 8
237 440 13
237 257 28
237 238 -13
237 217 13
31 33 -28
31 29 -28
31 417 -13
440 442 8
440 48 -28
440 439 19
440 438 19
257 277 13
257 258 -19
257 49 8
238 437 -28
238 240 8
238 236 -28
238 28 -28
217 197 -28
217 420 -8
471 469 8
471 78 -13
471 470 -8
471 473 28
471 269 -13
469 267 8
469 76 -8
469 468 13
78 97 -19
78 79 -13
78 59 -19
78 292 8
470 490 8
470 451 -19
470 81 -28
473 271 8
473 475 28
269 249 28
269 270 -28
269 289 -28
269 60 -13
356 358 13
356 355 8
356 554 -28
356 354 -13
138 136 -28
138 353 -28
138 532 13
138 140 -13
535 534 -28
535 537 28
535 333 -28
535 533 13
119 336 19
119 101 19
119 515 28
341 321 8
341 127 -19
341 361 -28
341 342 28
321 523 -8
321 110 8
321 301 -19
127 129 -13
127 125 -28
127 520 -8
127 126 13
361 146 -19
361 362 -28
361 563 -19
361 381 8
342 344 -19
342 340 -13
254 256 19
254 253 -13
254 453 -8
254 252 -13
434 436 8
434 433 8
434 432 13
434 231 8
43 45 28
43 41 28
43 251 13
43 431 -8
24 234 19
24 414 -8
24 5 13
24 25 -8
489 491 19
489 287 -8
489 487 28
489 95 28
489 488 13
491 97 -28
491 490 -13
491 493 8
491 289 -19
287 288 -19
287 77 13
287 307 -8
287 267 -19
487 486 -28
95 114 -19
95 76 -8
95 96 -13
95 310 19
488 508 13
488 290 -19
488 468 8
488 98 -13
163 165 -13
163 162 13
163 161 -13
165 560 28
165 164 -28
165 167 8
165 381 -8
162 181 13
161 159 19
161 556 28
161 377 8
291 292 8
291 271 28
291 493 28
291 311 -19
291 81 19
292 294 8
292 490 -19
292 290 19
271 251 -28
493 99 19
493 495 28
493 492 -13
311 100 19
311 312 19
311 331 8
81 83 8
81 79 13
388 390 -8
388 387 19
388 0 13
390 389 -19
390 392 -28
390 187 -28
390 1 8
387 407 19
387 2 -8
387 188 19
0 19 19
0 208 -28
420 422 -19
420 418 -13
240 439 -19
240 242 -8
240 239 -13
48 67 19
48 49 -19
48 260 13
189 190 13
189 209 28
189 392 -28
190 192 13
190 389 -8
190 188 -8
209 4 -28
209 210 -19
209 229 13
392 3 28
392 394 -8
392 391 28
437 438 -8
437 417 -19
437 49 28
438 436 8
438 235 13
438 46 -19
417 418 -8
417 397 -13
49 51 -19
49 47 -19
45 433 -19
45 44 -8
45 47 28
45 253 -8
433 453 13
433 234 13
433 413 -19
44 256 28
44 436 -19
44 26 28
44 63 13
47 46 13
47 435 -28
253 233 -13
565 166 -8
565 564 13
565 363 19
565 563 -28
166 185 28
166 167 13
166 386 19
166 147 -13
564 584 -19
564 366 19
564 544 -28
363 364 -13
363 343 -28
363 148 8
363 383 19
563 164 -8
563 562 13
319 521 -8
319 320 19
319 299 -8
521 523 28
521 519 28
521 520 8
320 318 13
320 105 -13
320 518 -8
299 300 8
299 89 -28
299 279 -19
185 585 -19
185 186 8
585 584 19
585 383 -19
585 583 -13
186 184 -13
186 582 -13
442 239 8
442 444 -13
442 50 -8
442 441 13
439 51 13
439 459 -19
197 198 28
298 300 13
298 297 13
298 296 28
298 84 -19
298 496 8
300 302 28
300 86 8
300 498 13
297 87 -8
297 277 13
297 317 -19
297 499 19
296 494 8
296 294 28
296 82 -13
296 295 13
84 477 13
84 103 -28
84 85 -28
496 516 -8
496 476 8
496 497 19
496 106 -28
349 551 19
349 350 13
349 369 28
349 329 -19
349 134 28
551 549 13
551 152 8
551 553 -19
350 352 28
350 548 -8
350 348 -28
350 131 -19
369 153 28
369 370 8
329 531 -19
329 330 -13
329 116 19
134 136 -8
134 133 28
134 132 -19
134 528 19
37 423 13
37 35 -19
37 36 -13
423 403 8
423 443 28
423 424 -8
423 224 13
35 421 8
35 33 8
35 34 -13
35 241 -13
36 246 19
36 17 8
36 426 -28
477 475 -13
477 479 -13
477 476 -28
477 275 19
103 104 -28
103 318 28
103 497 -13
103 120 8
85 87 8
85 83 28
85 474 19
85 295 -13
425 226 28
425 405 -8
425 445 -13
425 426 8
226 17 13
226 224 19
405 406 -28
445 446 13
445 246 8
426 424 -13
426 223 28
196 194 8
196 195 19
196 395 28
196 198 19
194 393 13
194 192 28
194 193 -28
195 215 28
195 398 8
395 415 13
395 396 -13
395 10 -28
198 200 -28
198 397 -13
389 4 -8
187 188 8
1 2 -13
1 210 28
373 374 -28
373 353 28
374 154 28
353 354 -19
353 333 -19
251 252 28
251 231 13
352 351 19
352 354 -13
352 133 8
351 331 28
351 136 13
351 553 13
354 552 -19
354 135 19
133 531 -8
133 152 -19
87 86 -28
87 476 8
87 89 -8
86 67 19
86 105 28
86 479 19
476 278 -8
89 478 13
89 91 13
250 248 8
250 252 -8
250 449 -13
250 39 19
250 249 19
248 447 8
248 38 -28
248 247 13
252 451 -28
449 429 13
449 450 28
449 60 -13
449 468 19
39 430 19
39 57 -19
39 40 -19
249 41 -19
249 452 28
249 229 8
144 146 -8
144 142 -13
144 359 -13
144 538 8
362 364 19
362 560 -8
362 360 -8
199 402 8
199 200 -28
422 32 -19
422 424 8
422 421 8
239 259 28
239 33 -8
403 204 -13
403 18 -19
403 404 -13
204 202 8
204 203 13
18 17 8
18 223 13
404 201 -28
404 402 -28
404 406 -19
404 15 -13
146 148 19
146 145 13
148 542 -8
148 147 -8
145 364 19
145 164 -8
145 126 13
538 340 8
538 518 -8
360 358 -28
360 141 8
360 359 19
23 21 28
23 25 13
23 22 28
23 229 -13
429 430 8
429 230 -8
429 41 -13
210 212 19
210 208 19
51 53 -19
51 259 13
51 50 28
53 52 -19
53 261 -8
53 441 13
259 260 -19
259 462 -13
259 279 13
50 262 -28
50 32 19
50 69 -8
68 277 -13
68 70 -13
68 66 19
68 67 -13
258 256 -28
258 46 -19
258 260 8
228 19 19
228 427 -28
228 227 -19
228 230 8
19 38 28
427 40 -28
427 428 8
427 407 13
427 447 28
227 21 28
227 430 19
227 247 13
230 232 8
230 229 -28
100 490 -28
100 102 -28
100 99 8
100 98 -8
102 104 28
102 313 28
102 492 -8
102 101 -28
99 117 -28
99 314 -13
98 97 19
98 96 -28
332 330 -13
332 334 19
332 530 -13
332 331 28
330 114 13
330 528 -19
334 333 8
334 336 -8
334 532 8
334 117 -19
530 531 -19
530 136 8
331 118 -8
331 533 -8
277 479 13
277 278 19
70 69 13
70 72 13
70 279 -13
70 459 13
66 64 -13
66 455 13
66 275 28
67 280 -28
325 305 8
325 345 8
325 326 8
305 285 -19
345 346 13
345 365 -13
326 324 -19
326 111 28
446 444 -19
444 443 19
444 241 19
444 52 -28
304 502 -19
304 302 19
304 90 19
304 303 -28
502 503 13
502 522 -28
502 112 -13
502 482 19
302 500 -8
302 301 13
90 109 -13
90 71 28
90 91 19
90 483 28
303 93 8
303 323 -13
21 407 28
407 208 13
464 463 -19
464 71 -8
464 261 -19
464 462 28
463 443 8
463 74 -13
463 482 8
71 72 28
71 284 28
71 52 28
261 262 8
261 241 28
261 281 19
462 69 13
462 461 -8
118 116 13
118 117 -19
116 115 -28
116 508 -19
117 135 28
581 579 8
581 181 8
581 583 -28
581 580 -19
552 553 -8
552 532 28
176 178 -19
245 246 28
285 286 -19
17 406 13
224 223 13
224 15 19
451 452 -13
451 431 -28
333 313 8
336 338 -13
336 534 -13
336 335 8
532 512 13
532 533 -13
178 177 -28
178 180 -13
178 574 28
517 516 -8
517 315 -8
517 515 13
517 519 -8
517 120 -13
516 123 -19
516 536 19
516 318 -13
315 104 28
315 316 -13
315 295 -19
315 335 -19
515 313 -19
515 514 19
519 122 28
519 317 13
519 518 -19
120 338 8
120 139 -28
120 121 13
508 310 -13
508 528 19
290 288 -19
290 289 -28
290 76 -8
468 79 28
468 270 -19
181 182 28
416 213 -8
416 26 19
416 414 -19
416 418 19
416 415 13
213 233 8
213 193 28
213 214 19
213 8 -19
26 27 -19
26 7 -8
26 236 -19
414 211 28
414 413 -19
418 215 28
418 28 -28
415 216 -19
415 435 -8
415 29 -19
2 4 19
579 179 19
579 577 -13
579 377 19
179 180 -8
577 576 13
577 375 19
577 177 -19
223 203 28
244 443 13
244 246 -8
244 242 13
244 34 -19
475 82 19
475 474 13
479 481 -13
479 478 -28
275 295 -8
4 3 28
4 6 -8
584 386 -28
366 364 -19
366 147 8
366 365 -13
544 346 28
544 545 -8
459 260 28
459 478 19
317 318 -13
317 337 -28
317 106 -8
499 497 -13
499 105 -19
499 498 -8
531 529 -13
531 533 8
529 327 -28
529 527 28
529 131 8
529 528 -13
533 135 19
215 216 19
215 10 -19
215 235 28
398 396 19
398 9 -8
398 397 -28
549 347 8
549 547 19
549 548 -28
549 150 -13
347 348 8
347 327 -28
347 132 13
347 367 19
547 149 8
547 546 13
548 528 -8
548 568 -28
548 153 -8
150 151 -28
150 370 -8
150 131 19
448 447 -8
448 450 -13
448 56 -8
447 58 -28
447 467 13
450 57 13
450 452 -13
450 247 -19
56 75 -19
56 268 -19
56 38 8
3 212 -8
3 22 19
6 8 -28
6 5 -19
6 211 -19
6 391 8
312 314 28
312 310 28
312 97 -8
314 512 -8
314 316 -8
314 313 -19
310 308 -13
346 344 13
346 128 -8
545 343 -28
545 147 -19
202 401 -28
202 201 13
202 200 -8
401 421 8
401 402 28
201 221 -28
278 280 13
358 139 -28
358 556 13
139 537 13
139 158 -13
139 140 28
556 576 8
556 536 8
406 203 -8
93 92 28
93 91 -13
93 482 19
92 111 -19
92 73 -13
92 485 8
91 480 8
91 301 8
482 483 -19
482 284 -13
256 455 -28
455 435 28
455 474 -28
104 106 8
104 494 28
106 105 8
494 474 -28
494 495 -28
494 514 19
430 428 -13
430 432 -19
247 267 19
247 40 19
280 279 19
280 478 -8
280 282 -8
503 301 19
503 109 19
500 520 13
500 480 28
500 110 -8
323 343 -13
323 324 13
323 112 -8
323 525 -28
576 180 -13
180 182 -8
40 41 -28
428 38 -19
74 72 8
74 73 -28
135 136 -28
135 154 -8
553 154 8
554 159 28
554 534 13
554 574 -19
338 340 -28
338 536 19
338 337 -28
340 122 28
536 537 13
536 142 13
337 123 -8
72 461 13
72 281 19
73 286 28
289 79 -13
432 431 13
432 229 -13
288 75 13
288 486 19
486 506 13
486 467 13
486 96 28
123 121 28
123 125 -8
123 122 19
318 316 -8
27 25 -8
27 29 -13
27 413 -28
27 233 8
25 411 -28
25 231 -13
29 235 19
29 28 -8
413 393 8
413 214 13
233 436 -8
233 234 28
216 214 -13
216 7 8
435 436 13
435 236 28
121 514 -13
121 335 28
125 518 -28
122 105 -28
122 141 -19
385 386 13
385 365 13
386 384 -28
182 184 8
212 411 -13
212 211 19
212 214 -13
77 79 28
77 76 13
77 467 19
76 57 -13
467 268 -13
184 580 -19
184 183 -19
523 525 13
523 522 -8
523 126 -8
525 128 -28
522 129 -28
522 542 19
522 324 28
126 344 13
126 109 13
495 293 -13
495 497 -8
495 101 -13
514 534 -19
514 316 -13
32 33 -13
32 242 13
424 221 28
424 34 8
421 441 28
286 284 -8
284 282 -28
393 8 19
393 394 -19
8 7 8
8 10 13
394 396 19
394 191 28
394 5 19
355 140 -8
355 335 19
355 375 -19
140 534 8
140 142 13
335 537 -8
375 159 -13
568 569 -8
568 370 -13
153 151 -28
153 155 8
153 152 -13
109 324 -28
109 110 13
483 485 -19
483 481 -8
483 281 8
396 7 -19
396 193 -13
58 57 -8
58 267 -8
58 60 8
151 546 -8
151 367 19
155 154 8
152 171 -8
344 343 -8
344 542 -28
343 129 8
542 562 13
57 270 -13
267 268 -8
60 59 -8
316 101 19
295 497 -19
383 384 -8
383 167 8
583 381 -8
583 183 13
583 582 -8
221 241 8
142 141 -19
452 59 19
453 64 8
129 128 -19
128 147 13
128 111 -19
111 112 -8
235 236 8
214 5 -28
506 308 -13
506 526 -19
506 115 8
480 481 -19
480 461 -28
480 282 -19
110 112 8
234 236 -8
234 232 -28
301 281 -8
159 158 13
158 177 -13
307 308 28
307 327 -8
307 96 -19
364 562 8
562 582 8
562 167 -8
481 279 19
461 262 -13
461 441 -13
282 281 8
282 69 8
560 580 -28
441 242 -13
242 241 -28
370 368 8
268 270 13
83 293 -8
83 82 -19
293 294 -28
293 313 -19
82 101 -13
82 63 -28
567 569 -28
567 168 -8
546 348 -13
546 526 13
368 149 -8
368 367 13
260 262 28
64 63 8
327 115 -19
526 527 -28
526 132 -13
569 367 28
115 114 -8
114 131 8
512 492 -28
411 431 13
411 391 -13
22 232 8
15 34 8
294 492 -13
192 191 13
192 391 -13
191 211 13
164 384 -13
164 183 8
46 28 8
498 478 -28
498 518 -13
131 132 -19
384 582 8
431 232 -13
211 231 28
52 34 19
232 231 -19
149 168 -8
9 10 -13
9 28 -28
