107 501 8
107 124 -13
107 322 -13
107 108 -28
107 88 -13
501 503 -8
501 500 28
501 299 -8
501 499 -28
124 143 13
124 125 28
124 521 28
124 342 -28
322 321 -28
322 324 13
322 320 28
322 520 19
108 319 -13
108 106 13
108 110 8
108 498 28
88 89 19
88 69 -28
88 302 -8
88 481 -28
220 218 8
220 419 8
220 222 -28
220 11 -8
220 219 -28
218 217 28
218 216 8
218 417 8
218 9 -28
419 439 -13
419 399 19
419 33 -28
419 420 -13
222 421 28
222 13 -13
222 224 -8
222 221 -13
11 12 -19
11 30 -28
11 400 28
219 14 13
219 199 -13
219 422 13
219 239 13
541 339 28
541 540 19
541 543 -28
541 539 -28
541 143 -13
339 319 -28
339 340 28
339 125 13
339 359 8
540 146 -28
540 560 -13
540 342 -19
540 520 -13
543 341 8
543 542 28
543 145 -8
543 545 -8
539 337 8
539 537 13
539 141 19
539 538 -8
143 144 -13
143 362 28
143 162 19
12 14 -28
12 217 28
12 10 13
12 397 19
30 420 -13
30 31 -8
30 240 8
30 48 -8
400 399 13
400 398 8
400 197 -19
400 402 13
205 206 -19
205 225 -19
206 405 8
206 204 8
225 226 -13
225 245 -28
559 357 -8
559 558 -8
559 160 19
559 561 -8
559 557 28
357 358 -13
357 142 -8
357 377 13
357 337 8
558 163 -28
558 578 13
558 538 8
558 360 8
160 380 8
160 179 -13
160 161 -8
160 141 -28
561 162 -8
561 563 -8
561 359 8
561 560 -13
557 555 -19
557 355 -8
557 158 13
557 556 13
410 409 28
410 20 -28
410 408 -19
410 412 -8
410 207 -8
409 23 28
409 429 -13
409 210 -8
409 389 -19
20 21 13
20 1 28
20 39 8
20 230 -19
408 19 28
408 407 13
412 411 -8
412 414 28
412 22 -8
412 209 -19
207 2 19
207 227 28
207 208 8
207 187 -13
156 175 -19
156 555 13
156 376 28
156 157 28
156 137 8
175 176 13
175 575 -8
555 553 13
555 554 19
555 353 -19
376 375 28
376 378 13
376 574 13
376 374 8
157 373 -13
157 159 13
157 155 19
157 552 19
137 356 28
137 138 13
137 535 28
137 119 -13
274 472 -8
274 273 28
274 61 8
274 276 -8
274 272 -19
472 83 -13
472 453 19
472 473 8
472 492 -8
273 253 28
273 64 -19
273 293 8
273 475 -19
61 454 28
61 62 19
61 42 -19
61 80 -13
276 63 28
276 275 28
276 474 13
276 278 -19
272 271 28
272 470 19
272 270 -13
272 59 -8
458 65 -8
458 460 8
458 255 13
458 457 28
458 456 19
65 84 -13
65 66 8
65 278 13
65 46 -8
460 67 28
460 257 13
460 459 -28
460 462 -8
255 256 -8
255 47 19
255 235 28
255 275 -28
457 437 -13
457 68 8
457 258 19
457 476 8
456 253 19
456 454 -28
456 63 13
456 455 -28
454 452 -28
454 453 28
454 251 28
62 271 -8
62 64 -19
62 60 19
62 451 28
42 254 19
42 434 19
42 43 -28
42 24 -28
80 294 -28
80 81 -19
80 473 19
80 99 28
14 399 8
14 13 28
14 16 -28
399 200 19
13 402 -28
13 32 28
16 15 -8
16 221 13
16 401 28
16 18 13
570 571 -19
570 550 8
570 174 -8
570 372 19
571 573 13
571 369 28
571 569 28
571 171 19
550 352 -19
550 551 19
550 530 -8
550 155 -19
174 176 -28
174 172 -13
174 173 28
372 152 19
372 370 -8
372 371 -28
372 374 -28
170 172 -8
170 566 13
170 169 13
172 171 13
172 568 -28
566 567 -19
566 546 -8
566 368 19
169 569 -28
169 150 -8
263 243 28
263 466 -19
263 264 -28
263 283 -19
263 55 -19
243 37 19
243 446 8
243 223 -8
243 244 -28
466 464 -19
466 73 13
466 465 19
264 266 8
264 463 19
264 262 -8
264 52 8
283 303 19
283 74 19
283 284 28
283 485 8
55 443 -8
55 54 -28
55 53 -13
511 309 -8
511 509 -28
511 510 19
511 513 8
309 329 -19
309 289 19
309 310 -19
309 98 -19
509 507 -19
509 114 28
509 307 13
509 508 13
510 118 28
510 312 -13
510 490 -13
510 530 13
513 117 8
513 512 28
513 515 19
513 311 -19
113 94 -28
113 328 -28
113 507 19
113 130 13
94 75 -19
94 308 19
94 487 8
328 327 -19
328 526 -8
328 330 -19
507 506 13
130 348 13
130 527 -28
130 149 -8
504 306 -8
504 524 -28
504 484 8
504 505 -8
306 304 -8
306 92 19
306 305 -8
524 544 -28
524 525 -19
524 326 -19
484 286 13
484 465 -8
484 485 28
505 303 13
505 503 8
505 111 -28
380 382 19
380 578 -28
380 378 -28
380 379 8
382 162 -28
382 384 13
382 580 -19
382 381 -28
578 579 -19
578 182 -13
378 576 19
378 158 28
378 377 -8
379 163 19
379 581 8
379 359 -19
573 173 -8
573 575 19
573 371 -13
573 572 13
173 154 19
575 373 -8
575 574 -13
575 577 28
371 351 8
371 155 19
572 374 -28
572 552 -28
572 176 8
266 54 19
266 465 19
266 265 19
54 446 -13
54 36 -19
465 445 -8
265 245 -8
265 285 28
237 31 -19
237 440 19
237 257 19
237 238 13
237 217 8
31 33 19
31 29 13
31 417 -28
440 442 19
440 48 -19
440 439 -19
440 438 19
257 277 -13
257 258 28
257 49 13
238 437 -13
238 240 -19
238 236 -19
238 28 -28
217 197 -28
217 420 13
471 469 28
471 78 19
471 470 8
471 473 -28
471 269 8
469 267 8
469 76 -13
469 468 -28
78 97 8
78 79 -28
78 59 19
78 292 -19
470 490 -13
470 451 -13
470 81 -8
473 271 19
473 475 -13
269 249 -13
269 270 -8
269 289 28
269 60 -28
356 358 28
356 355 -13
356 554 8
356 354 19
138 136 13
138 353 28
138 532 8
138 140 -28
535 534 8
535 537 28
535 333 -19
535 533 8
119 336 -13
119 101 8
119 515 -19
341 321 19
341 127 19
341 361 13
341 342 -8
321 523 28
321 110 -19
321 301 -19
127 129 13
127 125 19
127 520 13
127 126 -8
361 146 -13
361 362 13
361 563 -19
361 381 -8
342 344 13
342 340 -28
254 256 -8
254 253 28
254 453 19
254 252 -13
434 436 -8
434 433 -28
434 432 -28
434 231 19
43 45 -8
43 41 -28
43 251 -28
43 431 28
24 234 13
24 414 28
24 5 -13
24 25 -8
489 491 28
489 287 -13
489 487 28
489 95 13
489 488 -28
491 97 19
491 490 19
491 493 -28
491 289 13
287 288 -8
287 77 -13
287 307 19
287 267 19
487 486 19
95 114 -13
95 76 13
95 96 19
95 310 -28
488 508 -13
488 290 19
488 468 28
488 98 -19
163 165 -19
163 162 8
163 161 8
165 560 28
165 164 19
165 167 19
165 381 -28
162 181 8
161 159 -13
161 556 19
161 377 13
291 292 13
291 271 28
291 493 28
291 311 -19
291 81 -28
292 294 28
292 490 19
292 290 19
271 251 -19
493 99 -13
493 495 8
493 492 28
311 100 -8
311 312 8
311 331 8
81 83 28
81 79 8
388 390 8
388 387 -8
388 0 -28
390 389 28
390 392 19
390 187 8
390 1 -19
387 407 19
387 2 28
387 188 -28
0 19 -28
0 208 -8
420 422 -28
420 418 -28
240 439 28
240 242 8
240 239 19
48 67 13
48 49 28
48 260 8
189 190 -19
189 209 28
189 392 28
190 192 28
190 389 19
190 188 28
209 4 -28
209 210 13
209 229 13
392 3 28
392 394 -8
392 391 8
437 438 -8
437 417 -19
437 49 8
438 436 -13
438 235 -19
438 46 -19
417 418 -28
417 397 -8
49 51 19
49 47 -13
45 433 13
45 44 8
45 47 -28
45 253 19
433 453 -28
433 234 -13
433 413 -13
44 256 -19
44 436 -19
44 26 19
44 63 13
47 46 -19
47 435 -19
253 233 28
565 166 19
565 564 -28
565 363 -8
565 563 -19
166 185 13
166 167 -13
166 386 -13
166 147 -13
564 584 -28
564 366 -13
564 544 -19
363 364 -13
363 343 -28
363 148 8
363 383 13
563 164 13
563 562 -28
319 521 13
319 320 -19
319 299 13
521 523 -8
521 519 13
521 520 -13
320 318 13
320 105 13
320 518 28
299 300 8
299 89 28
299 279 -28
185 585 13
185 186 -19
585 584 -19
585 383 28
585 583 13
186 184 -13
186 582 -13
442 239 19
442 444 -8
442 50 28
442 441 -8
439 51 13
439 459 -28
197 198 8
298 300 8
298 297 28
298 296 8
298 84 8
298 496 -19
300 302 13
300 86 28
300 498 28
297 87 28
297 277 -19
297 317 -13
297 499 8
296 494 8
296 294 -8
296 82 28
296 295 28
84 477 13
84 103 28
84 85 28
496 516 19
496 476 -19
496 497 19
496 106 8
349 551 -19
349 350 -28
349 369 -13
349 329 -28
349 134 13
551 549 -19
551 152 13
551 553 -28
350 352 -13
350 548 19
350 348 -19
350 131 -8
369 153 -28
369 370 8
329 531 -28
329 330 13
329 116 -28
134 136 8
134 133 -13
134 132 19
134 528 13
37 423 13
37 35 -8
37 36 19
423 403 19
423 443 -13
423 424 19
423 224 8
35 421 28
35 33 -28
35 34 19
35 241 -28
36 246 -28
36 17 8
36 426 -8
477 475 -28
477 479 -8
477 476 19
477 275 -13
103 104 8
103 318 -28
103 497 28
103 120 8
85 87 -8
85 83 28
85 474 28
85 295 -8
425 226 -28
425 405 -28
425 445 13
425 426 -28
226 17 -8
226 224 -13
405 406 -19
445 446 -28
445 246 19
426 424 28
426 223 28
196 194 19
196 195 -19
196 395 28
196 198 -28
194 393 8
194 192 -19
194 193 13
195 215 19
195 398 -28
395 415 -28
395 396 -19
395 10 28
198 200 28
198 397 -19
389 4 -13
187 188 -28
1 2 13
1 210 8
373 374 28
373 353 28
374 154 19
353 354 13
353 333 -19
251 252 -28
251 231 -28
352 351 13
352 354 19
352 133 8
351 331 -28
351 136 19
351 553 13
354 552 -19
354 135 28
133 531 -28
133 152 28
87 86 13
87 476 28
87 89 8
86 67 28
86 105 -28
86 479 8
476 278 28
89 478 19
89 91 -13
250 248 -13
250 252 13
250 449 -28
250 39 -28
250 249 -8
248 447 -13
248 38 -28
248 247 19
252 451 -13
449 429 -8
449 450 8
449 60 -19
449 468 28
39 430 -19
39 57 8
39 40 -13
249 41 -8
249 452 -19
249 229 -8
144 146 -8
144 142 13
144 359 13
144 538 -19
362 364 -19
362 560 8
362 360 -28
199 402 -28
199 200 -8
422 32 -13
422 424 13
422 421 -28
239 259 -8
239 33 8
403 204 28
403 18 19
403 404 -8
204 202 13
204 203 -13
18 17 8
18 223 28
404 201 -28
404 402 19
404 406 -13
404 15 8
146 148 -8
146 145 13
148 542 -19
148 147 -8
145 364 -19
145 164 8
145 126 19
538 340 19
538 518 8
360 358 13
360 141 -8
360 359 28
23 21 -28
23 25 13
23 22 28
23 229 -8
429 430 -13
429 230 -8
429 41 -8
210 212 19
210 208 13
51 53 8
51 259 -28
51 50 19
53 52 8
53 261 -8
53 441 -13
259 260 -8
259 462 28
259 279 8
50 262 8
50 32 8
50 69 -8
68 277 -8
68 70 -13
68 66 19
68 67 -13
258 256 28
258 46 28
258 260 19
228 19 8
228 427 -8
228 227 -28
228 230 13
19 38 19
427 40 8
427 428 19
427 407 19
427 447 -8
227 21 -28
227 430 13
227 247 -28
230 232 8
230 229 8
100 490 -28
100 102 -19
100 99 13
100 98 -28
102 104 28
102 313 -19
102 492 -8
102 101 -19
99 117 -8
99 314 13
98 97 8
98 96 -13
332 330 -8
332 334 13
332 530 13
332 331 -8
330 114 -8
330 528 13
334 333 8
334 336 13
334 532 -19
334 117 8
530 531 -13
530 136 13
331 118 13
331 533 28
277 479 19
277 278 -28
70 69 -13
70 72 28
70 279 -28
70 459 -13
66 64 -13
66 455 13
66 275 19
67 280 8
325 305 19
325 345 19
325 326 -13
305 285 13
345 346 -8
345 365 -28
326 324 19
326 111 13
446 444 -28
444 443 -13
444 241 -28
444 52 8
304 502 -19
304 302 -19
304 90 -8
304 303 28
502 503 19
502 522 -19
502 112 8
502 482 28
302 500 13
302 301 -13
90 109 28
90 71 -19
90 91 28
90 483 8
303 93 19
303 323 19
21 407 19
407 208 19
464 463 -8
464 71 -13
464 261 8
464 462 19
463 443 28
463 74 -8
463 482 19
71 72 -8
71 284 8
71 52 -19
261 262 -19
261 241 19
261 281 28
462 69 -13
462 461 -13
118 116 -28
118 117 8
116 115 -8
116 508 -19
117 135 19
581 579 28
581 181 28
581 583 -28
581 580 -8
552 553 28
552 532 -8
176 178 13
245 246 -28
285 286 -19
17 406 -19
224 223 -28
224 15 -19
451 452 -8
451 431 -19
333 313 -19
336 338 -8
336 534 -13
336 335 -19
532 512 -13
532 533 -28
178 177 -19
178 180 -28
178 574 28
517 516 28
517 315 19
517 515 -8
517 519 -13
517 120 -13
516 123 -8
516 536 -28
516 318 -19
315 104 13
315 316 28
315 295 8
315 335 -28
515 313 28
515 514 28
519 122 -28
519 317 -28
519 518 -19
120 338 13
120 139 8
120 121 8
508 310 -13
508 528 -13
290 288 -19
290 289 19
290 76 13
468 79 -28
468 270 -19
181 182 -13
416 213 -8
416 26 19
416 414 8
416 418 13
416 415 -28
213 233 8
213 193 19
213 214 -28
213 8 19
26 27 28
26 7 -19
26 236 -8
414 211 8
414 413 -28
418 215 19
418 28 -19
415 216 28
415 435 -13
415 29 -28
2 4 -8
579 179 -13
579 577 19
579 377 -19
179 180 -28
577 576 -13
577 375 -19
577 177 13
223 203 -28
244 443 -19
244 246 -13
244 242 -13
244 34 13
475 82 -8
475 474 -28
479 481 19
479 478 -28
275 295 -8
4 3 28
4 6 -13
584 386 13
366 364 28
366 147 -19
366 365 -19
544 346 -28
544 545 -28
459 260 -13
459 478 19
317 318 -8
317 337 28
317 106 8
499 497 -13
499 105 19
499 498 8
531 529 8
531 533 8
529 327 28
529 527 8
529 131 -28
529 528 -8
533 135 -13
215 216 8
215 10 28
215 235 -19
398 396 -28
398 9 13
398 397 8
549 347 8
549 547 -8
549 548 28
549 150 -13
347 348 -19
347 327 -8
347 132 8
347 367 -28
547 149 13
547 546 13
548 528 -8
548 568 13
548 153 -19
150 151 28
150 370 -8
150 131 -13
448 447 -13
448 450 8
448 56 -13
447 58 -8
447 467 -19
450 57 28
450 452 8
450 247 28
56 75 13
56 268 -19
56 38 -19
3 212 13
3 22 8
6 8 -19
6 5 -19
6 211 8
6 391 28
312 314 -13
312 310 -13
312 97 -13
314 512 -19
314 316 -19
314 313 -28
310 308 19
346 344 -19
346 128 19
545 343 19
545 147 -13
202 401 -28
202 201 8
202 200 13
401 421 -13
401 402 -19
201 221 19
278 280 8
358 139 -8
358 556 -19
139 537 8
139 158 -19
139 140 -19
556 576 13
556 536 -8
406 203 28
93 92 -13
93 91 8
93 482 -28
92 111 -19
92 73 -19
92 485 -28
91 480 -19
91 301 13
482 483 -19
482 284 -13
256 455 19
455 435 13
455 474 -19
104 106 19
104 494 -28
106 105 -19
494 474 -28
494 495 8
494 514 28
430 428 -13
430 432 28
247 267 -8
247 40 19
280 279 8
280 478 8
280 282 -28
503 301 28
503 109 -8
500 520 -8
500 480 19
500 110 -19
323 343 -8
323 324 -8
323 112 19
323 525 -28
576 180 19
180 182 -19
40 41 -28
428 38 13
74 72 28
74 73 28
135 136 19
135 154 8
553 154 28
554 159 -13
554 534 13
554 574 28
338 340 -28
338 536 -13
338 337 28
340 122 19
536 537 8
536 142 -19
337 123 -8
72 461 -19
72 281 28
73 286 -19
289 79 8
432 431 -28
432 229 -28
288 75 -8
288 486 13
486 506 -28
486 467 -13
486 96 -8
123 121 -19
123 125 -28
123 122 -28
318 316 -28
27 25 -28
27 29 19
27 413 -19
27 233 -13
25 411 8
25 231 19
29 235 8
29 28 -28
413 393 -28
413 214 -8
233 436 -13
233 234 13
216 214 -13
216 7 13
435 436 -8
435 236 8
121 514 19
121 335 19
125 518 -8
122 105 -8
122 141 -8
385 386 -19
385 365 19
386 384 13
182 184 28
212 411 13
212 211 -19
212 214 13
77 79 13
77 76 19
77 467 -8
76 57 -19
467 268 28
184 580 -13
184 183 -8
523 525 -13
523 522 8
523 126 -13
525 128 -28
522 129 19
522 542 13
522 324 -28
126 344 -13
126 109 -8
495 293 8
495 497 28
495 101 -8
514 534 13
514 316 13
32 33 13
32 242 -8
424 221 -8
424 34 -13
421 441 19
286 284 28
284 282 -19
393 8 -19
393 394 -8
8 7 -8
8 10 -19
394 396 -8
394 191 28
394 5 -13
355 140 -28
355 335 28
355 375 -13
140 534 8
140 142 13
335 537 -19
375 159 -28
568 569 -28
568 370 13
153 151 -8
153 155 8
153 152 -8
109 324 28
109 110 13
483 485 28
483 481 28
483 281 19
396 7 -28
396 193 19
58 57 -8
58 267 -8
58 60 -19
151 546 -8
151 367 19
155 154 -13
152 171 -28
344 343 8
344 542 -28
343 129 -13
542 562 -19
57 270 -28
267 268 13
60 59 -28
316 101 28
295 497 -28
383 384 28
383 167 8
583 381 13
583 183 -13
583 582 -28
221 241 8
142 141 8
452 59 -19
453 64 8
129 128 -28
128 147 -28
128 111 -13
111 112 -19
235 236 -13
214 5 -28
506 308 -8
506 526 -19
506 115 -28
480 481 8
480 461 -13
480 282 -28
110 112 8
234 236 28
234 232 19
301 281 -8
159 158 -13
158 177 -8
307 308 8
307 327 -8
307 96 -13
364 562 8
562 582 19
562 167 13
481 279 -28
461 262 -8
461 441 -13
282 281 -8
282 69 -28
560 580 13
441 242 -19
242 241 19
370 368 -8
268 270 -19
83 293 8
83 82 -13
293 294 28
293 313 28
82 101 -19
82 63 -13
567 569 8
567 168 -8
546 348 8
546 526 -8
368 149 19
368 367 -19
260 262 -8
64 63 13
327 115 28
526 527 13
526 132 -8
569 367 8
115 114 13
114 131 13
512 492 -19
411 431 13
411 391 13
22 232 8
15 34 -8
294 492 -8
192 191 -13
192 391 -8
191 211 -19
164 384 19
164 183 -28
46 28 -28
498 478 -8
498 518 -28
131 132 13
384 582 13
431 232 -13
211 231 13
52 34 -19
232 231 -13
149 168 -8
9 10 -28
9 28 19
