107 501 28
107 124 -28
107 322 19
107 108 -13
107 88 8
501 503 28
501 500 -13
501 299 19
501 499 -8
124 143 19
124 125 8
124 521 8
124 342 -8
322 321 -13
322 324 28
322 320 28
322 520 28
108 319 -8
108 106 -13
108 110 19
108 498 -28
88 89 -19
88 69 -28
88 302 -13
88 481 -19
220 218 13
220 419 13
220 222 -19
220 11 -13
220 219 19
218 217 -19
218 216 13
218 417 -28
218 9 -28
419 439 13
419 399 -19
419 33 19
419 420 -19
222 421 -19
222 13 13
222 224 13
222 221 8
11 12 8
11 30 -19
11 400 -13
219 14 28
219 199 13
219 422 -28
219 239 19
541 339 28
541 540 28
541 543 -19
541 539 8
541 143 -8
339 319 8
339 340 8
339 125 -28
339 359 19
540 146 28
540 560 -28
540 342 -28
540 520 -28
543 341 -19
543 542 -8
543 145 -19
543 545 -19
539 337 -28
539 537 -13
539 141 28
539 538 28
143 144 13
143 362 28
143 162 19
12 14 -19
12 217 8
12 10 -28
12 397 13
30 420 -19
30 31 -8
30 240 -13
30 48 19
400 399 13
400 398 -8
400 197 -28
400 402 -13
205 206 13
205 225 -19
206 405 13
206 204 -13
225 226 -13
225 245 -13
559 357 -8
559 558 19
559 160 -13
559 561 28
559 557 8
357 358 -19
357 142 28
357 377 28
357 337 13
558 163 13
558 578 13
558 538 -8
558 360 13
160 380 -19
160 179 13
160 161 -13
160 141 -19
561 162 13
561 563 8
561 359 28
561 560 13
557 555 28
557 355 8
557 158 13
557 556 -19
410 409 -28
410 20 8
410 408 -19
410 412 -28
410 207 13
409 23 19
409 429 28
409 210 19
409 389 -13
20 21 -19
20 1 28
20 39 -28
20 230 8
408 19 -28
408 407 -19
412 411 -28
412 414 8
412 22 -28
412 209 -13
207 2 -28
207 227 28
207 208 -28
207 187 -19
156 175 28
156 555 -19
156 376 8
156 157 19
156 137 28
175 176 13
175 575 -19
555 553 19
555 554 -19
555 353 -8
376 375 -28
376 378 13
376 574 -28
376 374 -19
157 373 19
157 159 -13
157 155 -13
157 552 13
137 356 -13
137 138 -28
137 535 19
137 119 -8
274 472 28
274 273 -8
274 61 -19
274 276 -28
274 272 13
472 83 13
472 453 -8
472 473 -8
472 492 19
273 253 28
273 64 19
273 293 -28
273 475 -8
61 454 -28
61 62 -8
61 42 13
61 80 -19
276 63 19
276 275 -28
276 474 28
276 278 -19
272 271 8
272 470 19
272 270 -13
272 59 -28
458 65 -8
458 460 -8
458 255 -13
458 457 28
458 456 19
65 84 28
65 66 -8
65 278 -8
65 46 13
460 67 -28
460 257 -19
460 459 -28
460 462 19
255 256 -28
255 47 19
255 235 -19
255 275 -19
457 437 -28
457 68 -13
457 258 19
457 476 -13
456 253 19
456 454 19
456 63 -8
456 455 13
454 452 -8
454 453 -8
454 251 8
62 271 -28
62 64 8
62 60 13
62 451 28
42 254 19
42 434 13
42 43 -28
42 24 28
80 294 19
80 81 -28
80 473 -19
80 99 28
14 399 -19
14 13 -19
14 16 -13
399 200 19
13 402 19
13 32 8
16 15 -13
16 221 28
16 401 -28
16 18 -8
570 571 -13
570 550 -8
570 174 -13
570 372 28
571 573 8
571 369 -13
571 569 19
571 171 28
550 352 -19
550 551 19
550 530 19
550 155 19
174 176 19
174 172 13
174 173 13
372 152 8
372 370 8
372 371 19
372 374 13
170 172 -28
170 566 28
170 169 -13
172 171 -8
172 568 19
566 567 -28
566 546 19
566 368 -8
169 569 -8
169 150 -13
263 243 19
263 466 13
263 264 28
263 283 19
263 55 13
243 37 19
243 446 -8
243 223 13
243 244 -13
466 464 13
466 73 -13
466 465 13
264 266 -8
264 463 -19
264 262 8
264 52 13
283 303 -8
283 74 -8
283 284 28
283 485 -19
55 443 -8
55 54 28
55 53 19
511 309 -8
511 509 -13
511 510 8
511 513 -28
309 329 28
309 289 28
309 310 8
309 98 28
509 507 -8
509 114 -28
509 307 19
509 508 -19
510 118 -8
510 312 28
510 490 28
510 530 -13
513 117 -8
513 512 -28
513 515 19
513 311 28
113 94 8
113 328 -13
113 507 -8
113 130 -13
94 75 28
94 308 19
94 487 13
328 327 -19
328 526 8
328 330 13
507 506 28
130 348 -13
130 527 19
130 149 28
504 306 -13
504 524 8
504 484 -13
504 505 -8
306 304 13
306 92 -13
306 305 13
524 544 19
524 525 -19
524 326 -13
484 286 8
484 465 19
484 485 -28
505 303 8
505 503 19
505 111 -8
380 382 28
380 578 -8
380 378 28
380 379 -28
382 162 -28
382 384 -28
382 580 -28
382 381 -28
578 579 -13
578 182 -13
378 576 13
378 158 -19
378 377 -28
379 163 -8
379 581 -19
379 359 -19
573 173 -19
573 575 19
573 371 8
573 572 13
173 154 -19
575 373 13
575 574 8
575 577 -28
371 351 8
371 155 13
572 374 -13
572 552 13
572 176 13
266 54 8
266 465 -8
266 265 -8
54 446 13
54 36 -19
465 445 13
265 245 19
265 285 8
237 31 19
237 440 -8
237 257 8
237 238 19
237 217 13
31 33 13
31 29 8
31 417 -19
440 442 8
440 48 -28
440 439 28
440 438 13
257 277 -13
257 258 -19
257 49 8
238 437 28
238 240 8
238 236 8
238 28 28
217 197 28
217 420 -13
471 469 28
471 78 28
471 470 -28
471 473 28
471 269 -19
469 267 19
469 76 -28
469 468 8
78 97 -19
78 79 -13
78 59 -8
78 292 8
470 490 13
470 451 -28
470 81 13
473 271 -13
473 475 19
269 249 -8
269 270 -8
269 289 -28
269 60 -13
356 358 13
356 355 -19
356 554 28
356 354 -13
138 136 28
138 353 -28
138 532 13
138 140 28
535 534 -28
535 537 13
535 333 8
535 533 28
119 336 8
119 101 13
119 515 -19
341 321 13
341 127 28
341 361 -19
341 342 19
321 523 8
321 110 -8
321 301 -28
127 129 -8
127 125 -19
127 520 8
127 126 28
361 146 19
361 362 13
361 563 -19
361 381 -28
342 344 -19
342 340 8
254 256 8
254 253 28
254 453 -13
254 252 -28
434 436 13
434 433 -8
434 432 28
434 231 -19
43 45 -28
43 41 19
43 251 19
43 431 -28
24 234 28
24 414 -28
24 5 -13
24 25 -8
489 491 -19
489 287 -19
489 487 -19
489 95 8
489 488 -19
491 97 -19
491 490 -13
491 493 28
491 289 -13
287 288 19
287 77 19
287 307 19
287 267 13
487 486 -8
95 114 -8
95 76 -8
95 96 -13
95 310 13
488 508 -28
488 290 13
488 468 8
488 98 19
163 165 13
163 162 19
163 161 -13
165 560 19
165 164 -19
165 167 -28
165 381 -13
162 181 -28
161 159 28
161 556 13
161 377 8
291 292 8
291 271 -19
291 493 -28
291 311 -28
291 81 19
292 294 -28
292 490 -13
292 290 19
271 251 28
493 99 -19
493 495 -19
493 492 13
311 100 -28
311 312 8
311 331 -8
81 83 28
81 79 13
388 390 13
388 387 -8
388 0 -13
390 389 -13
390 392 8
390 187 8
390 1 19
387 407 -28
387 2 -8
387 188 28
0 19 28
0 208 28
420 422 -19
420 418 28
240 439 8
240 242 19
240 239 13
48 67 -13
48 49 -13
48 260 13
189 190 -8
189 209 8
189 392 28
190 192 13
190 389 28
190 188 -19
209 4 -28
209 210 -13
209 229 19
392 3 19
392 394 -8
392 391 -8
437 438 13
437 417 -19
437 49 -19
438 436 -19
438 235 -28
438 46 -8
417 418 -8
417 397 28
49 51 8
49 47 -28
45 433 28
45 44 -13
45 47 -13
45 253 8
433 453 -13
433 234 -13
433 413 -19
44 256 8
44 436 28
44 26 -19
44 63 13
47 46 8
47 435 28
253 233 13
565 166 -19
565 564 19
565 363 -8
565 563 8
166 185 -8
166 167 -13
166 386 -28
166 147 8
564 584 13
564 366 13
564 544 -13
363 364 8
363 343 -28
363 148 -19
363 383 8
563 164 28
563 562 -28
319 521 8
319 320 28
319 299 -13
521 523 19
521 519 28
521 520 19
320 318 8
320 105 -13
320 518 -28
299 300 19
299 89 28
299 279 28
185 585 19
185 186 -19
585 584 -28
585 383 8
585 583 19
186 184 -13
186 582 28
442 239 -13
442 444 13
442 50 -19
442 441 19
439 51 -19
439 459 -19
197 198 -8
298 300 13
298 297 -28
298 296 8
298 84 19
298 496 13
300 302 -19
300 86 19
300 498 -28
297 87 -19
297 277 28
297 317 -13
297 499 8
296 494 13
296 294 -13
296 82 -28
296 295 -8
84 477 28
84 103 -28
84 85 13
496 516 19
496 476 13
496 497 -13
496 106 -8
349 551 -19
349 350 -13
349 369 13
349 329 28
349 134 -28
551 549 13
551 152 28
551 553 28
350 352 28
350 548 -19
350 348 8
350 131 28
369 153 -13
369 370 8
329 531 -19
329 330 -19
329 116 19
134 136 19
134 133 -13
134 132 13
134 528 -28
37 423 19
37 35 28
37 36 19
423 403 19
423 443 -8
423 424 28
423 224 13
35 421 -13
35 33 -28
35 34 19
35 241 -19
36 246 13
36 17 -19
36 426 13
477 475 19
477 479 -8
477 476 28
477 275 19
103 104 -8
103 318 -28
103 497 -8
103 120 19
85 87 -19
85 83 8
85 474 13
85 295 -8
425 226 -13
425 405 -28
425 445 28
425 426 8
226 17 -19
226 224 -8
405 406 -13
445 446 28
445 246 -28
426 424 19
426 223 28
196 194 -19
196 195 -19
196 395 28
196 198 8
194 393 -8
194 192 -28
194 193 13
195 215 -13
195 398 -8
395 415 8
395 396 19
395 10 28
198 200 19
198 397 -28
389 4 -13
187 188 -28
1 2 28
1 210 -28
373 374 -8
373 353 8
374 154 -28
353 354 8
353 333 -19
251 252 13
251 231 13
352 351 8
352 354 28
352 133 -8
351 331 -19
351 136 19
351 553 13
354 552 28
354 135 -8
133 531 -19
133 152 -13
87 86 13
87 476 19
87 89 -28
86 67 -8
86 105 13
86 479 19
476 278 28
89 478 13
89 91 -28
250 248 -13
250 252 19
250 449 -28
250 39 28
250 249 13
248 447 19
248 38 13
248 247 -8
252 451 -19
449 429 13
449 450 -28
449 60 -13
449 468 -28
39 430 -13
39 57 -8
39 40 -13
249 41 -8
249 452 13
249 229 13
144 146 28
144 142 8
144 359 19
144 538 -19
362 364 19
362 560 19
362 360 28
199 402 -28
199 200 -8
422 32 13
422 424 -8
422 421 28
239 259 8
239 33 13
403 204 -8
403 18 13
403 404 -13
204 202 28
204 203 19
18 17 8
18 223 8
404 201 28
404 402 19
404 406 19
404 15 -13
146 148 13
146 145 13
148 542 19
148 147 19
145 364 13
145 164 -28
145 126 8
538 340 8
538 518 -8
360 358 -13
360 141 -8
360 359 -13
23 21 28
23 25 8
23 22 -8
23 229 13
429 430 -28
429 230 -19
429 41 8
210 212 8
210 208 19
51 53 28
51 259 13
51 50 8
53 52 -28
53 261 -28
53 441 -19
259 260 -8
259 462 -8
259 279 -8
50 262 13
50 32 -19
50 69 13
68 277 13
68 70 19
68 66 13
68 67 -19
258 256 28
258 46 28
258 260 -19
228 19 19
228 427 -13
228 227 -8
228 230 -19
19 38 19
427 40 8
427 428 -19
427 407 -19
427 447 -19
227 21 28
227 430 13
227 247 13
230 232 19
230 229 13
100 490 8
100 102 13
100 99 -19
100 98 13
102 104 13
102 313 19
102 492 19
102 101 -8
99 117 -13
99 314 -8
98 97 19
98 96 28
332 330 8
332 334 -28
332 530 28
332 331 -28
330 114 -19
330 528 -13
334 333 -19
334 336 -28
334 532 -13
334 117 13
530 531 19
530 136 -13
331 118 -28
331 533 -19
277 479 -8
277 278 19
70 69 -28
70 72 19
70 279 -19
70 459 19
66 64 28
66 455 -8
66 275 28
67 280 19
325 305 -19
325 345 -8
325 326 -8
305 285 28
345 346 -8
345 365 13
326 324 8
326 111 -19
446 444 13
444 443 28
444 241 -8
444 52 -8
304 502 28
304 302 8
304 90 -19
304 303 -13
502 503 13
502 522 19
502 112 13
502 482 -28
302 500 28
302 301 28
90 109 -8
90 71 19
90 91 -28
90 483 -19
303 93 28
303 323 8
21 407 -28
407 208 -19
464 463 -8
464 71 -28
464 261 13
464 462 28
463 443 8
463 74 8
463 482 8
71 72 8
71 284 -8
71 52 13
261 262 -8
261 241 -28
261 281 -8
462 69 -19
462 461 19
118 116 19
118 117 -19
116 115 -19
116 508 13
117 135 19
581 579 19
581 181 8
581 583 13
581 580 -28
552 553 8
552 532 19
176 178 19
245 246 13
285 286 -13
17 406 -28
224 223 8
224 15 -13
451 452 -28
451 431 -28
333 313 -19
336 338 13
336 534 -13
336 335 -28
532 512 28
532 533 19
178 177 -19
178 180 -28
178 574 -19
517 516 8
517 315 -8
517 515 -19
517 519 -28
517 120 8
516 123 13
516 536 28
516 318 19
315 104 -19
315 316 -13
315 295 28
315 335 8
515 313 28
515 514 -13
519 122 19
519 317 -28
519 518 -28
120 338 28
120 139 8
120 121 28
508 310 -28
508 528 13
290 288 -28
290 289 -8
290 76 -13
468 79 -19
468 270 -19
181 182 -8
416 213 19
416 26 19
416 414 13
416 418 19
416 415 -28
213 233 28
213 193 -28
213 214 -19
213 8 8
26 27 -13
26 7 -19
26 236 13
414 211 -13
414 413 8
418 215 -28
418 28 -28
415 216 -19
415 435 13
415 29 -8
2 4 -19
579 179 -13
579 577 -13
579 377 19
179 180 -19
577 576 28
577 375 13
577 177 19
223 203 -8
244 443 -13
244 246 -19
244 242 8
244 34 -8
475 82 -28
475 474 -8
479 481 28
479 478 13
275 295 -19
4 3 -13
4 6 -13
584 386 13
366 364 -8
366 147 8
366 365 19
544 346 13
544 545 -8
459 260 -19
459 478 19
317 318 -19
317 337 28
317 106 -28
499 497 -28
499 105 8
499 498 -28
531 529 8
531 533 -19
529 327 13
529 527 -8
529 131 8
529 528 8
533 135 19
215 216 13
215 10 28
215 235 -8
398 396 28
398 9 28
398 397 -13
549 347 -8
549 547 -13
549 548 13
549 150 -13
347 348 -13
347 327 -13
347 132 -13
347 367 13
547 149 19
547 546 8
548 528 13
548 568 -19
548 153 -19
150 151 13
150 370 28
150 131 -13
448 447 -19
448 450 13
448 56 -28
447 58 8
447 467 19
450 57 -28
450 452 -13
450 247 -8
56 75 -8
56 268 -28
56 38 13
3 212 13
3 22 13
6 8 8
6 5 8
6 211 -8
6 391 -28
312 314 -8
312 310 28
312 97 -8
314 512 -19
314 316 13
314 313 8
310 308 -19
346 344 -13
346 128 -13
545 343 19
545 147 8
202 401 -8
202 201 -8
202 200 13
401 421 -13
401 402 13
201 221 19
278 280 19
358 139 28
358 556 19
139 537 19
139 158 -8
139 140 -28
556 576 -19
556 536 13
406 203 -19
93 92 19
93 91 -28
93 482 8
92 111 13
92 73 -28
92 485 -8
91 480 19
91 301 13
482 483 8
482 284 8
256 455 8
455 435 13
455 474 28
104 106 8
104 494 -28
106 105 13
494 474 -19
494 495 13
494 514 28
430 428 19
430 432 -28
247 267 28
247 40 19
280 279 -8
280 478 19
280 282 8
503 301 -13
503 109 -28
500 520 19
500 480 19
500 110 -28
323 343 28
323 324 -28
323 112 19
323 525 19
576 180 19
180 182 -8
40 41 -19
428 38 -28
74 72 -8
74 73 -13
135 136 -8
135 154 -13
553 154 13
554 159 19
554 534 -28
554 574 28
338 340 13
338 536 8
338 337 -8
340 122 -19
536 537 -8
536 142 28
337 123 13
72 461 -13
72 281 13
73 286 8
289 79 -28
432 431 -8
432 229 -28
288 75 -8
288 486 19
486 506 19
486 467 -8
486 96 -28
123 121 19
123 125 -28
123 122 28
318 316 13
27 25 19
27 29 -8
27 413 -13
27 233 -28
25 411 -28
25 231 19
29 235 8
29 28 13
413 393 19
413 214 -28
233 436 -19
233 234 8
216 214 -19
216 7 28
435 436 13
435 236 -8
121 514 -19
121 335 -8
125 518 13
122 105 -28
122 141 -19
385 386 28
385 365 -28
386 384 -8
182 184 28
212 411 -19
212 211 -28
212 214 -28
77 79 8
77 76 13
77 467 13
76 57 28
467 268 -13
184 580 -28
184 183 -19
523 525 -28
523 522 -8
523 126 8
525 128 8
522 129 13
522 542 -8
522 324 -8
126 344 -28
126 109 19
495 293 19
495 497 -13
495 101 19
514 534 -13
514 316 13
32 33 -13
32 242 13
424 221 8
424 34 -8
421 441 8
286 284 8
284 282 19
393 8 19
393 394 -28
8 7 13
8 10 -13
394 396 8
394 191 -13
394 5 8
355 140 19
355 335 8
355 375 13
140 534 -28
140 142 8
335 537 13
375 159 28
568 569 28
568 370 -28
153 151 -13
153 155 -19
153 152 -8
109 324 28
109 110 28
483 485 -19
483 481 -8
483 281 8
396 7 28
396 193 -28
58 57 13
58 267 8
58 60 8
151 546 28
151 367 28
155 154 19
152 171 28
344 343 -19
344 542 -19
343 129 -28
542 562 -8
57 270 -8
267 268 8
60 59 -8
316 101 13
295 497 -19
383 384 19
383 167 -19
583 381 -19
583 183 13
583 582 -8
221 241 13
142 141 13
452 59 -28
453 64 13
129 128 -8
128 147 -13
128 111 -28
111 112 13
235 236 19
214 5 -19
506 308 -19
506 526 13
506 115 8
480 481 -13
480 461 -8
480 282 19
110 112 8
234 236 19
234 232 13
301 281 19
159 158 19
158 177 13
307 308 -8
307 327 19
307 96 8
364 562 8
562 582 -28
562 167 13
481 279 -19
461 262 13
461 441 -8
282 281 -28
282 69 -8
560 580 -8
441 242 -28
242 241 -8
370 368 -13
268 270 -8
83 293 -28
83 82 8
293 294 28
293 313 -13
82 101 28
82 63 28
567 569 -13
567 168 -19
546 348 -13
546 526 -28
368 149 19
368 367 -28
260 262 -28
64 63 19
327 115 -28
526 527 13
526 132 -19
569 367 -28
115 114 -13
114 131 13
512 492 8
411 431 -8
411 391 13
22 232 -13
15 34 19
294 492 19
192 191 -13
192 391 -28
191 211 -13
164 384 19
164 183 -8
46 28 28
498 478 -8
498 518 19
131 132 8
384 582 -19
431 232 -13
211 231 28
52 34 -8
232 231 19
149 168 -8
9 10 -8
9 28 19
