107 501 13
107 124 13
107 322 -19
107 108 8
107 88 -28
501 503 -13
501 500 -28
501 299 -19
501 499 28
124 143 8
124 125 -13
124 521 -19
124 342 -8
322 321 -8
322 324 -28
322 320 19
322 520 8
108 319 -13
108 106 -28
108 110 8
108 498 -28
88 89 13
88 69 13
88 302 -13
88 481 -8
220 218 -8
220 419 8
220 222 -13
220 11 28
220 219 -28
218 217 -19
218 216 -19
218 417 -13
218 9 28
419 439 19
419 399 -28
419 33 8
419 420 -8
222 421 -13
222 13 -13
222 224 19
222 221 13
11 12 -28
11 30 28
11 400 28
219 14 28
219 199 8
219 422 19
219 239 -8
541 339 8
541 540 19
541 543 -28
541 539 -28
541 143 19
339 319 19
339 340 -28
339 125 -19
339 359 -19
540 146 28
540 560 -8
540 342 -13
540 520 -13
543 341 -13
543 542 8
543 145 19
543 545 -28
539 337 19
539 537 -28
539 141 -8
539 538 19
143 144 28
143 362 -28
143 162 13
12 14 -13
12 217 28
12 10 -19
12 397 -28
30 420 -8
30 31 13
30 240 13
30 48 8
400 399 -13
400 398 13
400 197 13
400 402 13
205 206 19
205 225 -19
206 405 -13
206 204 13
225 226 19
225 245 13
559 357 -28
559 558 -19
559 160 -13
559 561 8
559 557 8
357 358 8
357 142 -19
357 377 -13
357 337 19
558 163 8
558 578 -19
558 538 -13
558 360 8
160 380 -8
160 179 28
160 161 28
160 141 19
561 162 13
561 563 -13
561 359 13
561 560 -19
557 555 8
557 355 -8
557 158 -8
557 556 13
410 409 -19
410 20 -8
410 408 19
410 412 13
410 207 8
409 23 -28
409 429 -13
409 210 28
409 389 19
20 21 8
20 1 13
20 39 8
20 230 28
408 19 -19
408 407 -8
412 411 -19
412 414 19
412 22 -8
412 209 19
207 2 -19
207 227 -28
207 208 -13
207 187 19
156 175 8
156 555 19
156 376 -8
156 157 -28
156 137 -28
175 176 -28
175 575 -8
555 553 -8
555 554 -13
555 353 -8
376 375 -8
376 378 -19
376 574 13
376 374 -19
157 373 19
157 159 8
157 155 -8
157 552 -13
137 356 -8
137 138 -8
137 535 13
137 119 19
274 472 13
274 273 28
274 61 13
274 276 -8
274 272 -28
472 83 19
472 453 13
472 473 -19
472 492 8
273 253 28
273 64 -19
273 293 -28
273 475 28
61 454 -28
61 62 -19
61 42 -8
61 80 19
276 63 -19
276 275 -19
276 474 -19
276 278 -28
272 271 -28
272 470 -28
272 270 8
272 59 -19
458 65 8
458 460 -19
458 255 -19
458 457 -13
458 456 8
65 84 19
65 66 -8
65 278 -13
65 46 -8
460 67 13
460 257 -19
460 459 28
460 462 -8
255 256 19
255 47 19
255 235 19
255 275 -19
457 437 -28
457 68 -13
457 258 8
457 476 -13
456 253 8
456 454 8
456 63 -8
456 455 28
454 452 19
454 453 19
454 251 13
62 271 13
62 64 -13
62 60 -28
62 451 8
42 254 28
42 434 -13
42 43 -8
42 24 8
80 294 -13
80 81 8
80 473 28
80 99 8
14 399 8
14 13 -8
14 16 -28
399 200 8
13 402 -19
13 32 19
16 15 8
16 221 13
16 401 -8
16 18 -19
570 571 8
570 550 -19
570 174 -13
570 372 13
571 573 28
571 369 28
571 569 28
571 171 -28
550 352 -8
550 551 28
550 530 -19
550 155 -13
174 176 -28
174 172 13
174 173 -8
372 152 19
372 370 -28
372 371 28
372 374 -19
170 172 8
170 566 19
170 169 -19
172 171 19
172 568 -28
566 567 -8
566 546 28
566 368 28
169 569 28
169 150 -8
263 243 8
263 466 8
263 264 8
263 283 -8
263 55 28
243 37 8
243 446 -28
243 223 -8
243 244 -19
466 464 -19
466 73 13
466 465 8
264 266 -28
264 463 28
264 262 -28
264 52 8
283 303 -8
283 74 -19
283 284 28
283 485 -28
55 443 19
55 54 -19
55 53 -13
511 309 13
511 509 8
511 510 -13
511 513 -13
309 329 -13
309 289 -13
309 310 -13
309 98 28
509 507 13
509 114 8
509 307 8
509 508 19
510 118 19
510 312 -19
510 490 19
510 530 19
513 117 -19
513 512 -28
513 515 19
513 311 13
113 94 8
113 328 28
113 507 -19
113 130 -8
94 75 19
94 308 8
94 487 -13
328 327 -28
328 526 -8
328 330 8
507 506 28
130 348 -13
130 527 8
130 149 -8
504 306 -8
504 524 -28
504 484 -19
504 505 -8
306 304 19
306 92 28
306 305 -19
524 544 -19
524 525 -8
524 326 8
484 286 -28
484 465 -13
484 485 13
505 303 13
505 503 -19
505 111 19
380 382 -13
380 578 13
380 378 -28
380 379 19
382 162 28
382 384 19
382 580 19
382 381 -28
578 579 -13
578 182 -19
378 576 8
378 158 -28
378 377 -28
379 163 8
379 581 28
379 359 -8
573 173 -28
573 575 -8
573 371 -28
573 572 -28
173 154 -13
575 373 -28
575 574 8
575 577 -13
371 351 19
371 155 19
572 374 -13
572 552 -13
572 176 19
266 54 -13
266 465 19
266 265 8
54 446 -19
54 36 13
465 445 -8
265 245 -13
265 285 28
237 31 -19
237 440 -19
237 257 8
237 238 -19
237 217 -28
31 33 28
31 29 -13
31 417 -19
440 442 -28
440 48 -28
440 439 28
440 438 -13
257 277 -28
257 258 -8
257 49 8
238 437 -28
238 240 -13
238 236 -28
238 28 19
217 197 -28
217 420 -28
471 469 -28
471 78 28
471 470 -28
471 473 -8
471 269 19
469 267 8
469 76 -8
469 468 -19
78 97 8
78 79 13
78 59 13
78 292 8
470 490 -28
470 451 -8
470 81 8
473 271 -28
473 475 -28
269 249 -13
269 270 -28
269 289 -8
269 60 28
356 358 13
356 355 8
356 554 -28
356 354 19
138 136 -19
138 353 -28
138 532 -19
138 140 13
535 534 28
535 537 28
535 333 -8
535 533 -19
119 336 19
119 101 13
119 515 13
341 321 -19
341 127 13
341 361 13
341 342 28
321 523 -28
321 110 19
321 301 -8
127 129 -8
127 125 28
127 520 13
127 126 28
361 146 8
361 362 -28
361 563 13
361 381 19
342 344 8
342 340 -28
254 256 -13
254 253 -19
254 453 8
254 252 -13
434 436 -28
434 433 -28
434 432 -13
434 231 -19
43 45 19
43 41 -28
43 251 28
43 431 8
24 234 -28
24 414 -19
24 5 13
24 25 -13
489 491 8
489 287 13
489 487 -28
489 95 28
489 488 8
491 97 28
491 490 13
491 493 -8
491 289 19
287 288 -8
287 77 -28
287 307 -19
287 267 8
487 486 28
95 114 13
95 76 -19
95 96 -19
95 310 -13
488 508 -19
488 290 28
488 468 -13
488 98 -13
163 165 13
163 162 28
163 161 -19
165 560 -13
165 164 -8
165 167 13
165 381 28
162 181 13
161 159 19
161 556 -8
161 377 19
291 292 -13
291 271 28
291 493 -13
291 311 8
291 81 13
292 294 -8
292 490 8
292 290 8
271 251 -28
493 99 -28
493 495 19
493 492 -8
311 100 19
311 312 28
311 331 -28
81 83 8
81 79 -13
388 390 19
388 387 -19
388 0 8
390 389 -19
390 392 13
390 187 13
390 1 -13
387 407 -13
387 2 28
387 188 8
0 19 19
0 208 28
420 422 19
420 418 -13
240 439 13
240 242 19
240 239 19
48 67 -19
48 49 -28
48 260 19
189 190 28
189 209 13
189 392 -8
190 192 -8
190 389 8
190 188 19
209 4 13
209 210 28
209 229 8
392 3 19
392 394 -19
392 391 -19
437 438 13
437 417 -8
437 49 -19
438 436 13
438 235 13
438 46 28
417 418 8
417 397 13
49 51 19
49 47 8
45 433 8
45 44 -13
45 47 19
45 253 28
433 453 19
433 234 19
433 413 -19
44 256 -13
44 436 8
44 26 28
44 63 -8
47 46 13
47 435 19
253 233 8
565 166 -19
565 564 -19
565 363 -19
565 563 -28
166 185 19
166 167 13
166 386 19
166 147 8
564 584 -19
564 366 8
564 544 19
363 364 -13
363 343 13
363 148 -28
363 383 8
563 164 -28
563 562 -8
319 521 8
319 320 -19
319 299 -19
521 523 -8
521 519 -8
521 520 -28
320 318 8
320 105 8
320 518 -13
299 300 -19
299 89 -8
299 279 -8
185 585 28
185 186 -13
585 584 -8
585 383 -13
585 583 -8
186 184 28
186 582 28
442 239 13
442 444 -28
442 50 13
442 441 28
439 51 28
439 459 -8
197 198 -28
298 300 -13
298 297 -8
298 296 -28
298 84 28
298 496 -8
300 302 19
300 86 -28
300 498 28
297 87 -19
297 277 -28
297 317 -28
297 499 -13
296 494 -8
296 294 8
296 82 -28
296 295 -8
84 477 8
84 103 19
84 85 -13
496 516 8
496 476 -8
496 497 28
496 106 -19
349 551 19
349 350 -19
349 369 -19
349 329 13
349 134 19
551 549 -13
551 152 8
551 553 8
350 352 -13
350 548 -19
350 348 19
350 131 -8
369 153 13
369 370 -13
329 531 -8
329 330 19
329 116 13
134 136 8
134 133 -28
134 132 19
134 528 8
37 423 -8
37 35 -8
37 36 13
423 403 8
423 443 13
423 424 19
423 224 13
35 421 8
35 33 -8
35 34 -8
35 241 8
36 246 13
36 17 -8
36 426 -19
477 475 -8
477 479 -13
477 476 -19
477 275 13
103 104 -8
103 318 -28
103 497 13
103 120 8
85 87 -13
85 83 -13
85 474 -13
85 295 13
425 226 -19
425 405 -19
425 445 19
425 426 -28
226 17 13
226 224 8
405 406 -8
445 446 19
445 246 -28
426 424 28
426 223 19
196 194 28
196 195 -19
196 395 -28
196 198 8
194 393 28
194 192 -8
194 193 28
195 215 -19
195 398 -8
395 415 19
395 396 -19
395 10 19
198 200 19
198 397 8
389 4 8
187 188 -13
1 2 19
1 210 28
373 374 -28
373 353 19
374 154 8
353 354 8
353 333 19
251 252 8
251 231 -13
352 351 8
352 354 28
352 133 -19
351 331 13
351 136 13
351 553 13
354 552 13
354 135 8
133 531 8
133 152 13
87 86 -19
87 476 28
87 89 -13
86 67 28
86 105 -8
86 479 8
476 278 -8
89 478 -28
89 91 13
250 248 13
250 252 8
250 449 -13
250 39 13
250 249 -13
248 447 28
248 38 -19
248 247 8
252 451 13
449 429 8
449 450 13
449 60 13
449 468 28
39 430 -8
39 57 28
39 40 -8
249 41 -19
249 452 -28
249 229 -13
144 146 13
144 142 -13
144 359 13
144 538 -19
362 364 8
362 560 -28
362 360 -8
199 402 19
199 200 -8
422 32 -13
422 424 -28
422 421 8
239 259 -19
239 33 -8
403 204 28
403 18 -13
403 404 -8
204 202 -8
204 203 -8
18 17 13
18 223 -19
404 201 28
404 402 13
404 406 28
404 15 8
146 148 8
146 145 -19
148 542 -13
148 147 -8
145 364 -8
145 164 13
145 126 -19
538 340 -19
538 518 -8
360 358 -8
360 141 19
360 359 19
23 21 -8
23 25 -8
23 22 -13
23 229 -19
429 430 8
429 230 -8
429 41 19
210 212 -28
210 208 -13
51 53 28
51 259 13
51 50 8
53 52 -8
53 261 13
53 441 13
259 260 19
259 462 19
259 279 -28
50 262 -28
50 32 -8
50 69 13
68 277 28
68 70 -8
68 66 -13
68 67 13
258 256 28
258 46 -19
258 260 19
228 19 8
228 427 19
228 227 -8
228 230 -28
19 38 28
427 40 -19
427 428 8
427 407 -19
427 447 28
227 21 -8
227 430 13
227 247 -19
230 232 28
230 229 -13
100 490 -13
100 102 8
100 99 19
100 98 19
102 104 -28
102 313 -13
102 492 -8
102 101 8
99 117 28
99 314 -28
98 97 -8
98 96 19
332 330 13
332 334 19
332 530 -28
332 331 8
330 114 19
330 528 -13
334 333 -19
334 336 28
334 532 19
334 117 -19
530 531 8
530 136 19
331 118 8
331 533 8
277 479 13
277 278 -19
70 69 19
70 72 -19
70 279 -28
70 459 -28
66 64 8
66 455 8
66 275 28
67 280 -8
325 305 19
325 345 -19
325 326 -13
305 285 8
345 346 -13
345 365 13
326 324 13
326 111 28
446 444 -13
444 443 -8
444 241 13
444 52 19
304 502 -8
304 302 13
304 90 8
304 303 19
502 503 -19
502 522 -13
502 112 19
502 482 8
302 500 13
302 301 -28
90 109 19
90 71 19
90 91 -28
90 483 8
303 93 -8
303 323 -19
21 407 8
407 208 28
464 463 -13
464 71 13
464 261 28
464 462 -19
463 443 8
463 74 -19
463 482 13
71 72 -19
71 284 8
71 52 -28
261 262 -8
261 241 -8
261 281 -19
462 69 -13
462 461 -19
118 116 -8
118 117 19
116 115 8
116 508 13
117 135 -28
581 579 28
581 181 19
581 583 -28
581 580 -19
552 553 -8
552 532 -19
176 178 -19
245 246 -28
285 286 -13
17 406 -13
224 223 19
224 15 8
451 452 8
451 431 13
333 313 -28
336 338 -19
336 534 -8
336 335 19
532 512 -28
532 533 28
178 177 28
178 180 -28
178 574 -19
517 516 8
517 315 -28
517 515 8
517 519 28
517 120 -28
516 123 -13
516 536 -13
516 318 28
315 104 -8
315 316 13
315 295 -8
315 335 -13
515 313 8
515 514 19
519 122 19
519 317 8
519 518 -13
120 338 19
120 139 -19
120 121 -8
508 310 13
508 528 -8
290 288 -19
290 289 -8
290 76 13
468 79 28
468 270 -13
181 182 -19
416 213 -13
416 26 28
416 414 13
416 418 -8
416 415 -28
213 233 19
213 193 13
213 214 19
213 8 19
26 27 13
26 7 -8
26 236 28
414 211 13
414 413 -13
418 215 13
418 28 -28
415 216 13
415 435 19
415 29 -28
2 4 -28
579 179 28
579 577 -28
579 377 -13
179 180 28
577 576 -19
577 375 -13
577 177 -8
223 203 -8
244 443 8
244 246 -28
244 242 19
244 34 -13
475 82 8
475 474 -13
479 481 -19
479 478 -28
275 295 19
4 3 8
4 6 -19
584 386 8
366 364 -28
366 147 -8
366 365 19
544 346 28
544 545 28
459 260 -19
459 478 19
317 318 13
317 337 13
317 106 -19
499 497 -8
499 105 28
499 498 -19
531 529 19
531 533 -19
529 327 -8
529 527 13
529 131 -13
529 528 -13
533 135 8
215 216 -13
215 10 -8
215 235 19
398 396 19
398 9 -8
398 397 -8
549 347 28
549 547 13
549 548 13
549 150 -8
347 348 13
347 327 -8
347 132 28
347 367 19
547 149 -19
547 546 8
548 528 -19
548 568 -19
548 153 -28
150 151 28
150 370 -28
150 131 -28
448 447 -19
448 450 28
448 56 13
447 58 8
447 467 -19
450 57 -13
450 452 -13
450 247 -8
56 75 -13
56 268 -13
56 38 -19
3 212 -19
3 22 -13
6 8 -13
6 5 -8
6 211 19
6 391 8
312 314 -8
312 310 28
312 97 -28
314 512 13
314 316 13
314 313 13
310 308 -13
346 344 -13
346 128 19
545 343 13
545 147 13
202 401 -8
202 201 13
202 200 13
401 421 -19
401 402 13
201 221 -28
278 280 -19
358 139 -19
358 556 -28
139 537 13
139 158 -19
139 140 19
556 576 -19
556 536 8
406 203 13
93 92 -28
93 91 19
93 482 13
92 111 28
92 73 -28
92 485 -8
91 480 28
91 301 -8
482 483 -8
482 284 28
256 455 28
455 435 19
455 474 -28
104 106 -8
104 494 8
106 105 -8
494 474 19
494 495 -28
494 514 -13
430 428 8
430 432 -8
247 267 28
247 40 13
280 279 -19
280 478 -19
280 282 28
503 301 28
503 109 -28
500 520 -8
500 480 19
500 110 -28
323 343 13
323 324 -13
323 112 28
323 525 28
576 180 19
180 182 19
40 41 -28
428 38 8
74 72 8
74 73 28
135 136 -19
135 154 19
553 154 8
554 159 8
554 534 8
554 574 -19
338 340 28
338 536 -19
338 337 -13
340 122 -28
536 537 -28
536 142 -28
337 123 13
72 461 28
72 281 -28
73 286 -19
289 79 -19
432 431 -8
432 229 -28
288 75 -28
288 486 13
486 506 19
486 467 8
486 96 -19
123 121 13
123 125 28
123 122 -19
318 316 -19
27 25 -13
27 29 -19
27 413 28
27 233 19
25 411 19
25 231 -13
29 235 28
29 28 13
413 393 8
413 214 -8
233 436 19
233 234 8
216 214 -19
216 7 8
435 436 8
435 236 28
121 514 -28
121 335 -8
125 518 28
122 105 -8
122 141 28
385 386 19
385 365 8
386 384 -8
182 184 19
212 411 -13
212 211 19
212 214 -13
77 79 -8
77 76 8
77 467 -28
76 57 -8
467 268 -19
184 580 -8
184 183 -19
523 525 28
523 522 -28
523 126 -8
525 128 -28
522 129 -28
522 542 8
522 324 13
126 344 -13
126 109 28
495 293 -19
495 497 -13
495 101 28
514 534 8
514 316 13
32 33 13
32 242 -28
424 221 13
424 34 28
421 441 -28
286 284 -19
284 282 -8
393 8 -13
393 394 -13
8 7 13
8 10 13
394 396 28
394 191 8
394 5 -19
355 140 19
355 335 -8
355 375 19
140 534 13
140 142 8
335 537 28
375 159 19
568 569 19
568 370 13
153 151 -8
153 155 -19
153 152 -13
109 324 -28
109 110 -13
483 485 28
483 481 -13
483 281 8
396 7 28
396 193 13
58 57 13
58 267 -19
58 60 -13
151 546 8
151 367 -28
155 154 -28
152 171 -19
344 343 28
344 542 -28
343 129 -13
542 562 -13
57 270 -13
267 268 -19
60 59 -28
316 101 -13
295 497 13
383 384 -13
383 167 19
583 381 -19
583 183 -28
583 582 19
221 241 13
142 141 19
452 59 13
453 64 19
129 128 -19
128 147 13
128 111 19
111 112 13
235 236 13
214 5 -19
506 308 -13
506 526 13
506 115 -13
480 481 -19
480 461 19
480 282 -8
110 112 28
234 236 8
234 232 -28
301 281 8
159 158 -19
158 177 19
307 308 13
307 327 19
307 96 -19
364 562 13
562 582 8
562 167 19
481 279 19
461 262 -13
461 441 -8
282 281 8
282 69 -13
560 580 19
441 242 19
242 241 13
370 368 -19
268 270 -19
83 293 28
83 82 -28
293 294 -19
293 313 -28
82 101 19
82 63 -8
567 569 8
567 168 8
546 348 -28
546 526 8
368 149 28
368 367 13
260 262 28
64 63 13
327 115 8
526 527 28
526 132 8
569 367 -19
115 114 8
114 131 -28
512 492 -8
411 431 19
411 391 19
22 232 -28
15 34 28
294 492 -8
192 191 28
192 391 -28
191 211 19
164 384 8
164 183 19
46 28 28
498 478 -8
498 518 19
131 132 -28
384 582 28
431 232 28
211 231 -28
52 34 -13
232 231 19
149 168 8
9 10 13
9 28 28
