107 501 -19
107 124 28
107 322 8
107 108 13
107 88 -19
501 503 -8
501 500 13
501 299 -19
501 499 -28
124 143 13
124 125 -19
124 521 13
124 342 19
322 321 13
322 324 13
322 320 19
322 520 -28
108 319 -8
108 106 13
108 110 8
108 498 -8
88 89 13
88 69 19
88 302 13
88 481 -28
220 218 -13
220 419 -13
220 222 8
220 11 -19
220 219 -13
218 217 19
218 216 -8
218 417 -28
218 9 -28
419 439 13
419 399 8
419 33 28
419 420 8
222 421 8
222 13 -8
222 224 19
222 221 -8
11 12 13
11 30 -13
11 400 -19
219 14 -19
219 199 19
219 422 13
219 239 19
541 339 -8
541 540 -8
541 543 8
541 539 13
541 143 -8
339 319 13
339 340 -13
339 125 19
339 359 -28
540 146 -13
540 560 -13
540 342 -28
540 520 -8
543 341 28
543 542 8
543 145 -8
543 545 -13
539 337 8
539 537 -28
539 141 28
539 538 13
143 144 28
143 362 -13
143 162 -28
12 14 -8
12 217 -13
12 10 -28
12 397 19
30 420 8
30 31 8
30 240 -28
30 48 13
400 399 -8
400 398 13
400 197 8
400 402 -13
205 206 8
205 225 -13
206 405 19
206 204 19
225 226 28
225 245 -28
559 357 8
559 558 13
559 160 13
559 561 -13
559 557 28
357 358 19
357 142 13
357 377 13
357 337 13
558 163 28
558 578 -13
558 538 8
558 360 8
160 380 8
160 179 -28
160 161 -8
160 141 -19
561 162 -13
561 563 13
561 359 -8
561 560 -19
557 555 19
557 355 13
557 158 -8
557 556 -28
410 409 -8
410 20 19
410 408 -19
410 412 -13
410 207 -13
409 23 13
409 429 13
409 210 -13
409 389 13
20 21 19
20 1 19
20 39 28
20 230 8
408 19 -8
408 407 -13
412 411 -8
412 414 -8
412 22 19
412 209 -8
207 2 19
207 227 -13
207 208 19
207 187 -28
156 175 -13
156 555 -13
156 376 13
156 157 8
156 137 13
175 176 -8
175 575 13
555 553 13
555 554 13
555 353 8
376 375 8
376 378 28
376 574 19
376 374 19
157 373 28
157 159 28
157 155 -28
157 552 -28
137 356 -13
137 138 -13
137 535 8
137 119 8
274 472 -8
274 273 13
274 61 -19
274 276 -13
274 272 -19
472 83 -19
472 453 8
472 473 -28
472 492 13
273 253 -28
273 64 28
273 293 13
273 475 -28
61 454 -28
61 62 -8
61 42 -13
61 80 28
276 63 13
276 275 8
276 474 -19
276 278 28
272 271 -19
272 470 8
272 270 28
272 59 -28
458 65 -8
458 460 28
458 255 19
458 457 -13
458 456 -8
65 84 13
65 66 13
65 278 28
65 46 8
460 67 -8
460 257 -28
460 459 -8
460 462 13
255 256 -8
255 47 19
255 235 28
255 275 28
457 437 -8
457 68 -19
457 258 8
457 476 8
456 253 -19
456 454 -19
456 63 8
456 455 -13
454 452 13
454 453 -13
454 251 8
62 271 -19
62 64 -8
62 60 19
62 451 -8
42 254 -8
42 434 -28
42 43 19
42 24 28
80 294 -28
80 81 -28
80 473 13
80 99 -13
14 399 13
14 13 -13
14 16 19
399 200 13
13 402 -13
13 32 19
16 15 -19
16 221 19
16 401 -8
16 18 19
570 571 -19
570 550 -8
570 174 28
570 372 13
571 573 13
571 369 -13
571 569 13
571 171 -28
550 352 -19
550 551 -8
550 530 -19
550 155 -13
174 176 28
174 172 -8
174 173 -28
372 152 -13
372 370 13
372 371 -8
372 374 28
170 172 28
170 566 8
170 169 13
172 171 -19
172 568 19
566 567 19
566 546 -8
566 368 28
169 569 28
169 150 8
263 243 19
263 466 8
263 264 8
263 283 -13
263 55 19
243 37 -28
243 446 19
243 223 -13
243 244 28
466 464 8
466 73 -8
466 465 -8
264 266 -8
264 463 -8
264 262 28
264 52 8
283 303 28
283 74 -13
283 284 8
283 485 -13
55 443 -13
55 54 -19
55 53 19
511 309 19
511 509 -13
511 510 28
511 513 -13
309 329 19
309 289 8
309 310 -8
309 98 -13
509 507 -13
509 114 28
509 307 -19
509 508 -19
510 118 8
510 312 -13
510 490 13
510 530 8
513 117 28
513 512 -8
513 515 28
513 311 -13
113 94 28
113 328 28
113 507 -8
113 130 -19
94 75 -28
94 308 -13
94 487 -28
328 327 -19
328 526 19
328 330 -8
507 506 19
130 348 28
130 527 28
130 149 -13
504 306 8
504 524 -19
504 484 -28
504 505 -13
306 304 8
306 92 -19
306 305 -28
524 544 -8
524 525 19
524 326 -19
484 286 13
484 465 13
484 485 -19
505 303 8
505 503 -19
505 111 -28
380 382 13
380 578 13
380 378 8
380 379 -28
382 162 28
382 384 8
382 580 -8
382 381 -8
578 579 13
578 182 -13
378 576 -8
378 158 13
378 377 19
379 163 13
379 581 -13
379 359 13
573 173 -8
573 575 -19
573 371 13
573 572 13
173 154 -13
575 373 13
575 574 -19
575 577 -13
371 351 -8
371 155 8
572 374 19
572 552 19
572 176 28
266 54 8
266 465 28
266 265 -8
54 446 13
54 36 19
465 445 -8
265 245 28
265 285 28
237 31 8
237 440 8
237 257 -13
237 238 -13
237 217 13
31 33 -19
31 29 13
31 417 -19
440 442 -28
440 48 8
440 439 -19
440 438 -28
257 277 8
257 258 19
257 49 19
238 437 8
238 240 -19
238 236 13
238 28 -8
217 197 13
217 420 -19
471 469 28
471 78 -28
471 470 -28
471 473 -8
471 269 28
469 267 8
469 76 19
469 468 8
78 97 28
78 79 -19
78 59 28
78 292 13
470 490 -13
470 451 13
470 81 13
473 271 -19
473 475 -13
269 249 -28
269 270 28
269 289 8
269 60 -8
356 358 19
356 355 -13
356 554 -28
356 354 19
138 136 -28
138 353 28
138 532 -8
138 140 -28
535 534 -13
535 537 -8
535 333 19
535 533 -13
119 336 28
119 101 -28
119 515 28
341 321 19
341 127 8
341 361 8
341 342 -19
321 523 8
321 110 -8
321 301 -8
127 129 8
127 125 -8
127 520 -19
127 126 8
361 146 8
361 362 8
361 563 -19
361 381 -19
342 344 8
342 340 -8
254 256 28
254 253 -19
254 453 -19
254 252 19
434 436 -28
434 433 13
434 432 -13
434 231 -19
43 45 -13
43 41 -13
43 251 8
43 431 28
24 234 13
24 414 -8
24 5 -8
24 25 -28
489 491 13
489 287 -28
489 487 -19
489 95 28
489 488 -8
491 97 -13
491 490 19
491 493 -19
491 289 19
287 288 -28
287 77 13
287 307 -19
287 267 13
487 486 19
95 114 8
95 76 -13
95 96 28
95 310 -19
488 508 -19
488 290 13
488 468 -28
488 98 8
163 165 8
163 162 19
163 161 -8
165 560 19
165 164 -19
165 167 -28
165 381 28
162 181 19
161 159 -13
161 556 -28
161 377 -8
291 292 8
291 271 -13
291 493 8
291 311 -28
291 81 8
292 294 13
292 490 28
292 290 28
271 251 8
493 99 -19
493 495 8
493 492 28
311 100 8
311 312 -28
311 331 -8
81 83 -19
81 79 8
388 390 -13
388 387 8
388 0 13
390 389 -28
390 392 -8
390 187 8
390 1 28
387 407 -19
387 2 13
387 188 -19
0 19 -13
0 208 -8
420 422 -13
420 418 -28
240 439 28
240 242 -19
240 239 8
48 67 8
48 49 28
48 260 -13
189 190 28
189 209 8
189 392 8
190 192 -19
190 389 -8
190 188 28
209 4 -8
209 210 -28
209 229 8
392 3 28
392 394 19
392 391 13
437 438 13
437 417 19
437 49 19
438 436 -13
438 235 19
438 46 -13
417 418 19
417 397 -8
49 51 19
49 47 28
45 433 -8
45 44 19
45 47 19
45 253 28
433 453 8
433 234 8
433 413 -13
44 256 -13
44 436 -8
44 26 -8
44 63 28
47 46 8
47 435 19
253 233 8
565 166 -28
565 564 -28
565 363 -8
565 563 13
166 185 -28
166 167 -19
166 386 -19
166 147 8
564 584 -28
564 366 28
564 544 28
363 364 -8
363 343 19
363 148 -28
363 383 -13
563 164 8
563 562 8
319 521 -28
319 320 13
319 299 19
521 523 -13
521 519 28
521 520 13
320 318 -28
320 105 28
320 518 -28
299 300 28
299 89 8
299 279 -8
185 585 -13
185 186 -8
585 584 13
585 383 -8
585 583 -28
186 184 13
186 582 19
442 239 19
442 444 8
442 50 -28
442 441 28
439 51 8
439 459 8
197 198 8
298 300 -28
298 297 8
298 296 13
298 84 8
298 496 -28
300 302 19
300 86 28
300 498 -28
297 87 -13
297 277 13
297 317 8
297 499 -19
296 494 -8
296 294 -13
296 82 -13
296 295 -13
84 477 13
84 103 28
84 85 -28
496 516 -19
496 476 -13
496 497 8
496 106 8
349 551 28
349 350 -28
349 369 -28
349 329 19
349 134 8
551 549 -13
551 152 -8
551 553 -28
350 352 -19
350 548 -8
350 348 -8
350 131 19
369 153 28
369 370 -8
329 531 -8
329 330 -8
329 116 28
134 136 8
134 133 28
134 132 -8
134 528 -19
37 423 13
37 35 13
37 36 19
423 403 28
423 443 -13
423 424 -19
423 224 -19
35 421 -19
35 33 -8
35 34 13
35 241 8
36 246 -13
36 17 -8
36 426 19
477 475 -28
477 479 -19
477 476 -28
477 275 -19
103 104 8
103 318 -28
103 497 -19
103 120 19
85 87 -13
85 83 -13
85 474 -28
85 295 -28
425 226 28
425 405 13
425 445 13
425 426 19
226 17 -28
226 224 13
405 406 -8
445 446 28
445 246 -8
426 424 13
426 223 -28
196 194 8
196 195 -8
196 395 13
196 198 13
194 393 28
194 192 -13
194 193 28
195 215 -8
195 398 -28
395 415 -19
395 396 -28
395 10 19
198 200 13
198 397 8
389 4 8
187 188 -8
1 2 19
1 210 13
373 374 13
373 353 13
374 154 -8
353 354 13
353 333 -8
251 252 28
251 231 -19
352 351 -19
352 354 -28
352 133 19
351 331 -13
351 136 8
351 553 28
354 552 13
354 135 -8
133 531 -8
133 152 -8
87 86 -8
87 476 -19
87 89 -13
86 67 -13
86 105 19
86 479 -19
476 278 -28
89 478 13
89 91 -28
250 248 -8
250 252 19
250 449 13
250 39 -19
250 249 -19
248 447 -13
248 38 -28
248 247 -28
252 451 -19
449 429 -8
449 450 19
449 60 8
449 468 19
39 430 -19
39 57 8
39 40 -19
249 41 -13
249 452 -8
249 229 8
144 146 -13
144 142 19
144 359 -13
144 538 -8
362 364 19
362 560 8
362 360 28
199 402 28
199 200 -28
422 32 -8
422 424 -28
422 421 13
239 259 19
239 33 13
403 204 28
403 18 -13
403 404 8
204 202 19
204 203 -28
18 17 13
18 223 19
404 201 -8
404 402 -8
404 406 13
404 15 28
146 148 -28
146 145 13
148 542 13
148 147 -13
145 364 -28
145 164 -19
145 126 -13
538 340 -13
538 518 -28
360 358 28
360 141 -13
360 359 -8
23 21 -13
23 25 -8
23 22 28
23 229 -28
429 430 -28
429 230 8
429 41 -13
210 212 8
210 208 8
51 53 8
51 259 -13
51 50 8
53 52 8
53 261 19
53 441 -13
259 260 -28
259 462 -19
259 279 -13
50 262 -19
50 32 -19
50 69 -28
68 277 -8
68 70 -28
68 66 -13
68 67 -13
258 256 13
258 46 -8
258 260 8
228 19 -8
228 427 8
228 227 13
228 230 -19
19 38 -13
427 40 -13
427 428 8
427 407 19
427 447 -13
227 21 -13
227 430 -19
227 247 13
230 232 13
230 229 13
100 490 -19
100 102 -13
100 99 13
100 98 8
102 104 -13
102 313 -19
102 492 -8
102 101 13
99 117 -28
99 314 -28
98 97 -13
98 96 -19
332 330 13
332 334 -13
332 530 28
332 331 28
330 114 13
330 528 19
334 333 8
334 336 8
334 532 8
334 117 -8
530 531 28
530 136 28
331 118 8
331 533 -13
277 479 -13
277 278 -19
70 69 8
70 72 -13
70 279 -19
70 459 8
66 64 -8
66 455 13
66 275 19
67 280 -13
325 305 19
325 345 8
325 326 -28
305 285 -8
345 346 -8
345 365 -13
326 324 -19
326 111 19
446 444 -28
444 443 -19
444 241 19
444 52 -8
304 502 28
304 302 -19
304 90 -8
304 303 -13
502 503 19
502 522 -19
502 112 -8
502 482 -13
302 500 -8
302 301 28
90 109 28
90 71 19
90 91 -28
90 483 -19
303 93 28
303 323 13
21 407 -8
407 208 -19
464 463 -13
464 71 13
464 261 -19
464 462 -8
463 443 8
463 74 -13
463 482 -13
71 72 -19
71 284 -8
71 52 28
261 262 8
261 241 -8
261 281 -19
462 69 -13
462 461 19
118 116 -8
118 117 8
116 115 28
116 508 8
117 135 28
581 579 -19
581 181 -13
581 583 28
581 580 19
552 553 -28
552 532 19
176 178 13
245 246 -19
285 286 -19
17 406 28
224 223 19
224 15 -8
451 452 13
451 431 28
333 313 19
336 338 28
336 534 -8
336 335 8
532 512 -13
532 533 -28
178 177 -13
178 180 -8
178 574 19
517 516 -8
517 315 8
517 515 -8
517 519 -13
517 120 -28
516 123 13
516 536 -8
516 318 28
315 104 13
315 316 13
315 295 -8
315 335 -8
515 313 13
515 514 -13
519 122 -28
519 317 28
519 518 -8
120 338 28
120 139 -28
120 121 13
508 310 28
508 528 -28
290 288 28
290 289 8
290 76 -8
468 79 28
468 270 -28
181 182 13
416 213 -8
416 26 8
416 414 -13
416 418 8
416 415 28
213 233 28
213 193 19
213 214 8
213 8 -13
26 27 -13
26 7 28
26 236 -19
414 211 -19
414 413 8
418 215 13
418 28 -19
415 216 28
415 435 -8
415 29 13
2 4 19
579 179 -28
579 577 19
579 377 -13
179 180 8
577 576 -19
577 375 28
577 177 -8
223 203 -28
244 443 -19
244 246 28
244 242 -8
244 34 13
475 82 -13
475 474 28
479 481 13
479 478 13
275 295 19
4 3 28
4 6 19
584 386 -19
366 364 -13
366 147 13
366 365 8
544 346 -19
544 545 13
459 260 19
459 478 8
317 318 -19
317 337 13
317 106 -13
499 497 -28
499 105 -13
499 498 28
531 529 -13
531 533 8
529 327 13
529 527 -28
529 131 13
529 528 13
533 135 -19
215 216 28
215 10 19
215 235 -8
398 396 -28
398 9 19
398 397 -13
549 347 13
549 547 8
549 548 8
549 150 -28
347 348 28
347 327 19
347 132 -28
347 367 -13
547 149 13
547 546 19
548 528 -8
548 568 28
548 153 13
150 151 -19
150 370 19
150 131 -19
448 447 13
448 450 19
448 56 13
447 58 13
447 467 13
450 57 -28
450 452 19
450 247 -13
56 75 19
56 268 8
56 38 -19
3 212 -8
3 22 19
6 8 -8
6 5 -28
6 211 8
6 391 19
312 314 -19
312 310 8
312 97 19
314 512 28
314 316 -28
314 313 -8
310 308 -8
346 344 -28
346 128 -8
545 343 -13
545 147 13
202 401 -28
202 201 -8
202 200 28
401 421 19
401 402 -13
201 221 -19
278 280 8
358 139 19
358 556 -19
139 537 -28
139 158 19
139 140 13
556 576 -19
556 536 28
406 203 -19
93 92 13
93 91 -19
93 482 -13
92 111 -28
92 73 -13
92 485 -28
91 480 -28
91 301 8
482 483 -13
482 284 -13
256 455 -28
455 435 19
455 474 28
104 106 -19
104 494 -13
106 105 28
494 474 -19
494 495 -28
494 514 -13
430 428 28
430 432 19
247 267 8
247 40 -13
280 279 8
280 478 19
280 282 -13
503 301 -13
503 109 -8
500 520 8
500 480 13
500 110 13
323 343 28
323 324 13
323 112 13
323 525 -28
576 180 13
180 182 -13
40 41 8
428 38 -13
74 72 -28
74 73 13
135 136 -8
135 154 -8
553 154 -13
554 159 8
554 534 19
554 574 -8
338 340 28
338 536 19
338 337 19
340 122 -19
536 537 -8
536 142 -28
337 123 -13
72 461 13
72 281 -19
73 286 13
289 79 13
432 431 -13
432 229 8
288 75 -28
288 486 -19
486 506 8
486 467 -13
486 96 -28
123 121 19
123 125 28
123 122 28
318 316 -8
27 25 -13
27 29 13
27 413 -28
27 233 19
25 411 -13
25 231 -13
29 235 -19
29 28 -19
413 393 13
413 214 -19
233 436 -19
233 234 8
216 214 8
216 7 13
435 436 19
435 236 -19
121 514 -8
121 335 -19
125 518 -19
122 105 19
122 141 19
385 386 13
385 365 -13
386 384 -28
182 184 13
212 411 -28
212 211 19
212 214 28
77 79 13
77 76 -13
77 467 28
76 57 -13
467 268 13
184 580 8
184 183 -19
523 525 -13
523 522 8
523 126 -28
525 128 19
522 129 -8
522 542 28
522 324 19
126 344 -19
126 109 28
495 293 -28
495 497 19
495 101 19
514 534 -28
514 316 -28
32 33 -8
32 242 28
424 221 13
424 34 -19
421 441 28
286 284 -28
284 282 28
393 8 -28
393 394 -13
8 7 -8
8 10 8
394 396 13
394 191 -19
394 5 13
355 140 13
355 335 28
355 375 -28
140 534 13
140 142 13
335 537 8
375 159 -13
568 569 28
568 370 -19
153 151 -19
153 155 28
153 152 19
109 324 -13
109 110 13
483 485 8
483 481 13
483 281 28
396 7 13
396 193 -13
58 57 -19
58 267 -19
58 60 19
151 546 -8
151 367 13
155 154 8
152 171 -19
344 343 13
344 542 -19
343 129 19
542 562 8
57 270 13
267 268 13
60 59 -19
316 101 -19
295 497 -28
383 384 28
383 167 19
583 381 13
583 183 28
583 582 19
221 241 19
142 141 28
452 59 -8
453 64 8
129 128 -8
128 147 8
128 111 -28
111 112 8
235 236 -8
214 5 -8
506 308 -28
506 526 -13
506 115 13
480 481 19
480 461 13
480 282 -13
110 112 19
234 236 -19
234 232 8
301 281 -19
159 158 19
158 177 -13
307 308 28
307 327 -28
307 96 -8
364 562 13
562 582 -13
562 167 -8
481 279 -28
461 262 8
461 441 -8
282 281 19
282 69 13
560 580 -28
441 242 8
242 241 13
370 368 8
268 270 19
83 293 8
83 82 -8
293 294 -8
293 313 8
82 101 -13
82 63 -13
567 569 -8
567 168 -13
546 348 -8
546 526 -8
368 149 19
368 367 13
260 262 13
64 63 -19
327 115 28
526 527 -8
526 132 8
569 367 -8
115 114 19
114 131 8
512 492 13
411 431 8
411 391 8
22 232 19
15 34 19
294 492 19
192 191 13
192 391 19
191 211 -8
164 384 -19
164 183 -8
46 28 -13
498 478 -8
498 518 28
131 132 -13
384 582 -19
431 232 -8
211 231 19
52 34 -13
232 231 28
149 168 -8
9 10 28
9 28 19
