107 501 -28
107 124 -8
107 322 -19
107 108 13
107 88 28
501 503 -19
501 500 -8
501 299 28
501 499 19
124 143 -28
124 125 -28
124 521 19
124 342 -28
322 321 19
322 324 -8
322 320 19
322 520 13
108 319 13
108 106 -13
108 110 -8
108 498 8
88 89 -28
88 69 -13
88 302 19
88 481 -28
220 218 19
220 419 -28
220 222 -8
220 11 -8
220 219 -19
218 217 13
218 216 19
218 417 -8
218 9 -13
419 439 -13
419 399 28
419 33 28
419 420 -13
222 421 19
222 13 -13
222 224 28
222 221 8
11 12 13
11 30 28
11 400 19
219 14 8
219 199 28
219 422 8
219 239 -13
541 339 28
541 540 13
541 543 8
541 539 -8
541 143 -19
339 319 19
339 340 -13
339 125 -8
339 359 19
540 146 -13
540 560 8
540 342 -19
540 520 13
543 341 8
543 542 -13
543 145 -19
543 545 13
539 337 -8
539 537 28
539 141 8
539 538 -8
143 144 -8
143 362 -19
143 162 28
12 14 -13
12 217 13
12 10 13
12 397 13
30 420 -13
30 31 28
30 240 -8
30 48 -19
400 399 13
400 398 8
400 197 -8
400 402 19
205 206 -8
205 225 28
206 405 -19
206 204 19
225 226 19
225 245 28
559 357 28
559 558 19
559 160 -13
559 561 8
559 557 -19
357 358 -28
357 142 -19
357 377 8
357 337 8
558 163 8
558 578 -28
558 538 -13
558 360 8
160 380 19
160 179 -13
160 161 28
160 141 19
561 162 28
561 563 28
561 359 8
561 560 -28
557 555 -28
557 355 -13
557 158 -19
557 556 -19
410 409 8
410 20 13
410 408 28
410 412 19
410 207 -19
409 23 -8
409 429 -13
409 210 28
409 389 -28
20 21 28
20 1 -19
20 39 -28
20 230 -28
408 19 -8
408 407 8
412 411 19
412 414 13
412 22 19
412 209 19
207 2 13
207 227 -28
207 208 -8
207 187 8
156 175 28
156 555 -8
156 376 28
156 157 -28
156 137 8
175 176 -8
175 575 28
555 553 -8
555 554 8
555 353 19
376 375 28
376 378 13
376 574 -28
376 374 13
157 373 13
157 159 19
157 155 13
157 552 -8
137 356 19
137 138 19
137 535 13
137 119 19
274 472 28
274 273 -13
274 61 8
274 276 -28
274 272 -8
472 83 19
472 453 28
472 473 -8
472 492 -8
273 253 28
273 64 28
273 293 -28
273 475 -8
61 454 -13
61 62 -8
61 42 -8
61 80 -28
276 63 13
276 275 13
276 474 -13
276 278 -13
272 271 -8
272 470 8
272 270 -28
272 59 13
458 65 8
458 460 -19
458 255 28
458 457 13
458 456 28
65 84 8
65 66 -8
65 278 13
65 46 -8
460 67 -19
460 257 -19
460 459 28
460 462 -13
255 256 19
255 47 -19
255 235 -19
255 275 -8
457 437 -19
457 68 -19
457 258 8
457 476 13
456 253 -8
456 454 19
456 63 -19
456 455 -13
454 452 19
454 453 -19
454 251 19
62 271 -8
62 64 19
62 60 -19
62 451 13
42 254 -8
42 434 -28
42 43 8
42 24 19
80 294 19
80 81 13
80 473 19
80 99 28
14 399 -8
14 13 19
14 16 -28
399 200 -28
13 402 13
13 32 -13
16 15 -19
16 221 -13
16 401 -13
16 18 -28
570 571 -19
570 550 -19
570 174 -19
570 372 -8
571 573 -28
571 369 -19
571 569 28
571 171 28
550 352 19
550 551 -19
550 530 -13
550 155 -13
174 176 8
174 172 13
174 173 19
372 152 19
372 370 19
372 371 -28
372 374 28
170 172 -28
170 566 -8
170 169 -8
172 171 -28
172 568 28
566 567 8
566 546 -28
566 368 -19
169 569 -13
169 150 -28
263 243 -28
263 466 19
263 264 -19
263 283 8
263 55 28
243 37 -8
243 446 -13
243 223 13
243 244 -28
466 464 -19
466 73 -8
466 465 19
264 266 -28
264 463 8
264 262 -8
264 52 19
283 303 -19
283 74 -19
283 284 -28
283 485 19
55 443 13
55 54 -28
55 53 -13
511 309 -19
511 509 13
511 510 -13
511 513 -19
309 329 8
309 289 -19
309 310 13
309 98 -8
509 507 13
509 114 13
509 307 -19
509 508 28
510 118 8
510 312 8
510 490 8
510 530 -28
513 117 13
513 512 -28
513 515 28
513 311 28
113 94 28
113 328 -13
113 507 -8
113 130 -28
94 75 -19
94 308 13
94 487 19
328 327 28
328 526 28
328 330 -19
507 506 -19
130 348 8
130 527 -13
130 149 -8
504 306 -13
504 524 -28
504 484 8
504 505 19
306 304 8
306 92 28
306 305 28
524 544 19
524 525 13
524 326 19
484 286 19
484 465 19
484 485 13
505 303 -13
505 503 -19
505 111 -19
380 382 28
380 578 -28
380 378 8
380 379 -8
382 162 19
382 384 -13
382 580 -13
382 381 -13
578 579 19
578 182 13
378 576 28
378 158 28
378 377 28
379 163 13
379 581 -8
379 359 28
573 173 -28
573 575 19
573 371 8
573 572 28
173 154 -28
575 373 13
575 574 8
575 577 19
371 351 -13
371 155 -8
572 374 -13
572 552 28
572 176 19
266 54 -8
266 465 13
266 265 8
54 446 13
54 36 8
465 445 -19
265 245 19
265 285 -8
237 31 -13
237 440 28
237 257 -8
237 238 -13
237 217 8
31 33 -28
31 29 8
31 417 8
440 442 28
440 48 -13
440 439 -19
440 438 -13
257 277 19
257 258 8
257 49 8
238 437 -28
238 240 28
238 236 -19
238 28 28
217 197 13
217 420 28
471 469 19
471 78 8
471 470 28
471 473 -19
471 269 13
469 267 28
469 76 8
469 468 19
78 97 -13
78 79 -28
78 59 -8
78 292 -13
470 490 28
470 451 -13
470 81 28
473 271 -8
473 475 28
269 249 -13
269 270 -19
269 289 -19
269 60 13
356 358 13
356 355 28
356 554 8
356 354 -19
138 136 19
138 353 19
138 532 -19
138 140 13
535 534 -8
535 537 -19
535 333 28
535 533 -19
119 336 -13
119 101 -19
119 515 8
341 321 8
341 127 28
341 361 -28
341 342 -28
321 523 -19
321 110 -28
321 301 28
127 129 -28
127 125 28
127 520 19
127 126 -19
361 146 8
361 362 -19
361 563 19
361 381 -13
342 344 8
342 340 -8
254 256 -28
254 253 13
254 453 28
254 252 -8
434 436 -13
434 433 28
434 432 -8
434 231 -19
43 45 -8
43 41 -28
43 251 -13
43 431 -8
24 234 -8
24 414 -28
24 5 -8
24 25 -13
489 491 13
489 287 -28
489 487 -19
489 95 28
489 488 -8
491 97 28
491 490 -19
491 493 -13
491 289 -28
287 288 19
287 77 28
287 307 -8
287 267 -19
487 486 -28
95 114 -8
95 76 8
95 96 -19
95 310 -13
488 508 -13
488 290 -19
488 468 8
488 98 -8
163 165 28
163 162 13
163 161 13
165 560 13
165 164 8
165 167 8
165 381 19
162 181 19
161 159 -8
161 556 28
161 377 28
291 292 28
291 271 -8
291 493 -8
291 311 28
291 81 28
292 294 28
292 490 19
292 290 13
271 251 -8
493 99 19
493 495 -19
493 492 28
311 100 -8
311 312 8
311 331 8
81 83 -8
81 79 8
388 390 28
388 387 -19
388 0 -28
390 389 19
390 392 -28
390 187 -13
390 1 19
387 407 28
387 2 19
387 188 -28
0 19 -13
0 208 13
420 422 13
420 418 -8
240 439 8
240 242 28
240 239 -8
48 67 -8
48 49 -8
48 260 28
189 190 -19
189 209 8
189 392 8
190 192 13
190 389 13
190 188 28
209 4 -19
209 210 28
209 229 13
392 3 -13
392 394 -8
392 391 8
437 438 -8
437 417 -28
437 49 13
438 436 19
438 235 -28
438 46 13
417 418 -28
417 397 8
49 51 28
49 47 28
45 433 13
45 44 -28
45 47 19
45 253 -19
433 453 19
433 234 13
433 413 -13
44 256 -8
44 436 8
44 26 -13
44 63 19
47 46 13
47 435 -8
253 233 -8
565 166 13
565 564 8
565 363 -13
565 563 -28
166 185 -19
166 167 8
166 386 8
166 147 -13
564 584 28
564 366 28
564 544 19
363 364 -19
363 343 -8
363 148 -13
363 383 19
563 164 8
563 562 28
319 521 28
319 320 13
319 299 19
521 523 -19
521 519 28
521 520 28
320 318 -28
320 105 -8
320 518 19
299 300 13
299 89 28
299 279 -8
185 585 28
185 186 -28
585 584 28
585 383 -19
585 583 19
186 184 -28
186 582 19
442 239 -13
442 444 8
442 50 13
442 441 19
439 51 28
439 459 8
197 198 19
298 300 -19
298 297 13
298 296 8
298 84 13
298 496 28
300 302 13
300 86 -13
300 498 -28
297 87 8
297 277 13
297 317 19
297 499 13
296 494 -28
296 294 19
296 82 -8
296 295 13
84 477 -8
84 103 13
84 85 19
496 516 28
496 476 -8
496 497 -8
496 106 -13
349 551 13
349 350 13
349 369 -19
349 329 19
349 134 28
551 549 13
551 152 -19
551 553 -19
350 352 -28
350 548 28
350 348 -19
350 131 13
369 153 -19
369 370 -19
329 531 -8
329 330 28
329 116 28
134 136 8
134 133 -13
134 132 -28
134 528 13
37 423 8
37 35 -19
37 36 -28
423 403 8
423 443 -19
423 424 13
423 224 28
35 421 -28
35 33 8
35 34 -28
35 241 28
36 246 13
36 17 13
36 426 -8
477 475 -8
477 479 -19
477 476 13
477 275 28
103 104 -8
103 318 8
103 497 28
103 120 28
85 87 8
85 83 -19
85 474 -28
85 295 19
425 226 13
425 405 -19
425 445 8
425 426 -8
226 17 13
226 224 -19
405 406 8
445 446 28
445 246 8
426 424 8
426 223 19
196 194 19
196 195 -19
196 395 -28
196 198 -19
194 393 28
194 192 13
194 193 13
195 215 8
195 398 -19
395 415 -19
395 396 -8
395 10 -19
198 200 -8
198 397 8
389 4 28
187 188 -28
1 2 28
1 210 -19
373 374 13
373 353 19
374 154 -8
353 354 -19
353 333 -8
251 252 -19
251 231 8
352 351 -28
352 354 28
352 133 -13
351 331 19
351 136 13
351 553 28
354 552 -13
354 135 8
133 531 -19
133 152 -8
87 86 -28
87 476 28
87 89 28
86 67 -8
86 105 28
86 479 -8
476 278 13
89 478 -19
89 91 -19
250 248 -28
250 252 -19
250 449 -13
250 39 -19
250 249 8
248 447 28
248 38 19
248 247 -8
252 451 -19
449 429 -28
449 450 -8
449 60 13
449 468 -8
39 430 13
39 57 -13
39 40 -13
249 41 -13
249 452 -28
249 229 -8
144 146 13
144 142 -13
144 359 19
144 538 -28
362 364 -13
362 560 -13
362 360 19
199 402 -19
199 200 8
422 32 -8
422 424 -8
422 421 8
239 259 -8
239 33 -8
403 204 -13
403 18 -19
403 404 19
204 202 28
204 203 -19
18 17 13
18 223 19
404 201 -13
404 402 -19
404 406 8
404 15 -8
146 148 -28
146 145 28
148 542 13
148 147 -28
145 364 19
145 164 -13
145 126 -13
538 340 13
538 518 19
360 358 28
360 141 -8
360 359 -28
23 21 19
23 25 8
23 22 19
23 229 -19
429 430 28
429 230 -28
429 41 -13
210 212 13
210 208 -19
51 53 -8
51 259 8
51 50 -13
53 52 19
53 261 19
53 441 13
259 260 8
259 462 -28
259 279 -8
50 262 19
50 32 -28
50 69 19
68 277 -8
68 70 -13
68 66 -19
68 67 -19
258 256 -19
258 46 8
258 260 -8
228 19 -28
228 427 -19
228 227 -19
228 230 28
19 38 19
427 40 -13
427 428 -19
427 407 -28
427 447 8
227 21 -13
227 430 -28
227 247 -13
230 232 -19
230 229 8
100 490 13
100 102 13
100 99 13
100 98 13
102 104 -13
102 313 -28
102 492 -28
102 101 -13
99 117 -19
99 314 13
98 97 -19
98 96 -8
332 330 -13
332 334 13
332 530 -13
332 331 -13
330 114 19
330 528 8
334 333 13
334 336 -8
334 532 -19
334 117 -8
530 531 -13
530 136 8
331 118 -8
331 533 19
277 479 -13
277 278 -13
70 69 -13
70 72 -28
70 279 19
70 459 19
66 64 -19
66 455 19
66 275 -28
67 280 -8
325 305 13
325 345 -13
325 326 -28
305 285 28
345 346 13
345 365 13
326 324 8
326 111 -13
446 444 -8
444 443 8
444 241 13
444 52 -13
304 502 8
304 302 -8
304 90 -28
304 303 8
502 503 -8
502 522 -19
502 112 -28
502 482 -8
302 500 19
302 301 28
90 109 -8
90 71 -28
90 91 -13
90 483 -13
303 93 -19
303 323 28
21 407 -19
407 208 -28
464 463 -19
464 71 8
464 261 28
464 462 -13
463 443 28
463 74 8
463 482 -28
71 72 19
71 284 -28
71 52 -28
261 262 28
261 241 13
261 281 -8
462 69 -19
462 461 -8
118 116 13
118 117 -28
116 115 -19
116 508 13
117 135 -8
581 579 -28
581 181 -8
581 583 13
581 580 -13
552 553 13
552 532 13
176 178 -19
245 246 -19
285 286 28
17 406 28
224 223 -19
224 15 13
451 452 8
451 431 -19
333 313 8
336 338 13
336 534 13
336 335 -8
532 512 8
532 533 -28
178 177 -13
178 180 28
178 574 8
517 516 -8
517 315 -13
517 515 19
517 519 28
517 120 -28
516 123 -13
516 536 -8
516 318 -8
315 104 -8
315 316 -19
315 295 -8
315 335 -19
515 313 13
515 514 -19
519 122 -8
519 317 -28
519 518 -13
120 338 19
120 139 -28
120 121 19
508 310 8
508 528 28
290 288 -28
290 289 28
290 76 -28
468 79 -19
468 270 19
181 182 -28
416 213 28
416 26 -19
416 414 19
416 418 28
416 415 13
213 233 13
213 193 -28
213 214 28
213 8 28
26 27 19
26 7 8
26 236 -19
414 211 -28
414 413 19
418 215 -8
418 28 28
415 216 13
415 435 13
415 29 -19
2 4 19
579 179 13
579 577 -8
579 377 28
179 180 28
577 576 19
577 375 -13
577 177 -8
223 203 8
244 443 -13
244 246 -13
244 242 28
244 34 -13
475 82 -13
475 474 28
479 481 28
479 478 19
275 295 -8
4 3 -8
4 6 19
584 386 -19
366 364 -28
366 147 8
366 365 -28
544 346 -28
544 545 -19
459 260 -28
459 478 -19
317 318 19
317 337 -19
317 106 -28
499 497 8
499 105 -28
499 498 -13
531 529 19
531 533 13
529 327 -28
529 527 -28
529 131 8
529 528 28
533 135 -28
215 216 8
215 10 13
215 235 8
398 396 -19
398 9 -19
398 397 13
549 347 8
549 547 13
549 548 -28
549 150 -13
347 348 -19
347 327 19
347 132 28
347 367 19
547 149 -28
547 546 -19
548 528 28
548 568 28
548 153 13
150 151 -28
150 370 -28
150 131 -13
448 447 -19
448 450 -13
448 56 -8
447 58 -19
447 467 28
450 57 19
450 452 -19
450 247 8
56 75 -13
56 268 8
56 38 8
3 212 19
3 22 19
6 8 -8
6 5 19
6 211 -8
6 391 13
312 314 8
312 310 28
312 97 -8
314 512 13
314 316 19
314 313 -28
310 308 13
346 344 -19
346 128 8
545 343 -19
545 147 -28
202 401 -28
202 201 28
202 200 8
401 421 8
401 402 -19
201 221 -13
278 280 -19
358 139 -28
358 556 8
139 537 -8
139 158 -8
139 140 -19
556 576 28
556 536 -19
406 203 -28
93 92 8
93 91 13
93 482 13
92 111 -13
92 73 8
92 485 28
91 480 28
91 301 -19
482 483 13
482 284 19
256 455 -8
455 435 8
455 474 8
104 106 8
104 494 28
106 105 28
494 474 28
494 495 -8
494 514 13
430 428 -13
430 432 28
247 267 -13
247 40 19
280 279 8
280 478 -8
280 282 -8
503 301 19
503 109 28
500 520 8
500 480 -8
500 110 13
323 343 -19
323 324 13
323 112 -13
323 525 -13
576 180 13
180 182 -8
40 41 19
428 38 8
74 72 -8
74 73 19
135 136 13
135 154 -13
553 154 -13
554 159 28
554 534 -8
554 574 8
338 340 13
338 536 -13
338 337 -8
340 122 -13
536 537 13
536 142 8
337 123 13
72 461 28
72 281 28
73 286 8
289 79 -28
432 431 -8
432 229 -19
288 75 19
288 486 8
486 506 13
486 467 13
486 96 8
123 121 19
123 125 28
123 122 -28
318 316 28
27 25 13
27 29 13
27 413 -8
27 233 8
25 411 -19
25 231 28
29 235 8
29 28 28
413 393 8
413 214 -28
233 436 -28
233 234 13
216 214 -8
216 7 13
435 436 13
435 236 -8
121 514 -13
121 335 28
125 518 8
122 105 -13
122 141 13
385 386 -8
385 365 -28
386 384 -28
182 184 -28
212 411 -8
212 211 28
212 214 -8
77 79 8
77 76 8
77 467 -13
76 57 8
467 268 8
184 580 -8
184 183 8
523 525 13
523 522 8
523 126 -13
525 128 -13
522 129 8
522 542 8
522 324 -19
126 344 -19
126 109 8
495 293 -8
495 497 13
495 101 19
514 534 -13
514 316 28
32 33 13
32 242 -13
424 221 28
424 34 8
421 441 -19
286 284 13
284 282 -28
393 8 8
393 394 -28
8 7 -28
8 10 19
394 396 -8
394 191 -13
394 5 28
355 140 8
355 335 28
355 375 -28
140 534 -13
140 142 28
335 537 -8
375 159 28
568 569 -19
568 370 -13
153 151 13
153 155 19
153 152 -13
109 324 19
109 110 -19
483 485 28
483 481 -8
483 281 28
396 7 -8
396 193 28
58 57 -28
58 267 13
58 60 19
151 546 -13
151 367 28
155 154 -28
152 171 19
344 343 -13
344 542 8
343 129 13
542 562 19
57 270 -28
267 268 19
60 59 -28
316 101 28
295 497 -13
383 384 -8
383 167 8
583 381 -13
583 183 8
583 582 -13
221 241 19
142 141 -8
452 59 -13
453 64 19
129 128 -13
128 147 8
128 111 -13
111 112 -8
235 236 28
214 5 -13
506 308 19
506 526 -13
506 115 -13
480 481 19
480 461 13
480 282 8
110 112 -13
234 236 -19
234 232 19
301 281 -28
159 158 -13
158 177 8
307 308 -8
307 327 8
307 96 8
364 562 -19
562 582 19
562 167 -8
481 279 -28
461 262 -19
461 441 -28
282 281 13
282 69 -28
560 580 -19
441 242 -13
242 241 19
370 368 13
268 270 28
83 293 19
83 82 8
293 294 19
293 313 13
82 101 28
82 63 -28
567 569 28
567 168 -8
546 348 8
546 526 -8
368 149 28
368 367 19
260 262 28
64 63 13
327 115 -8
526 527 13
526 132 -28
569 367 13
115 114 -19
114 131 -8
512 492 -28
411 431 -8
411 391 -13
22 232 -19
15 34 -28
294 492 28
192 191 8
192 391 -19
191 211 19
164 384 -28
164 183 -13
46 28 -8
498 478 13
498 518 19
131 132 -19
384 582 13
431 232 28
211 231 13
52 34 -8
232 231 -13
149 168 8
9 10 13
9 28 -28
