107 501 19
107 124 28
107 322 -28
107 108 -19
107 88 -8
501 503 13
501 500 19
501 299 28
501 499 -28
124 143 -8
124 125 19
124 521 8
124 342 13
322 321 28
322 324 19
322 320 -8
322 520 -19
108 319 -13
108 106 -8
108 110 13
108 498 28
88 89 -28
88 69 28
88 302 -28
88 481 -19
220 218 19
220 419 13
220 222 19
220 11 -13
220 219 8
218 217 -28
218 216 -28
218 417 13
218 9 19
419 439 28
419 399 -8
419 33 13
419 420 -8
222 421 28
222 13 -19
222 224 13
222 221 19
11 12 -8
11 30 13
11 400 19
219 14 -13
219 199 28
219 422 -19
219 239 -19
541 339 13
541 540 -8
541 543 13
541 539 -13
541 143 -13
339 319 -8
339 340 -8
339 125 13
339 359 13
540 146 8
540 560 28
540 342 -28
540 520 13
543 341 -28
543 542 19
543 145 -19
543 545 8
539 337 28
539 537 28
539 141 -28
539 538 8
143 144 -19
143 362 28
143 162 -19
12 14 8
12 217 -28
12 10 8
12 397 8
30 420 19
30 31 8
30 240 -13
30 48 8
400 399 -19
400 398 19
400 197 -13
400 402 -13
205 206 13
205 225 -13
206 405 -28
206 204 28
225 226 -19
225 245 -13
559 357 19
559 558 -13
559 160 -19
559 561 8
559 557 13
357 358 28
357 142 -8
357 377 -8
357 337 13
558 163 -13
558 578 28
558 538 8
558 360 28
160 380 8
160 179 13
160 161 -13
160 141 -28
561 162 13
561 563 8
561 359 -19
561 560 19
557 555 -8
557 355 19
557 158 -19
557 556 8
410 409 28
410 20 13
410 408 -19
410 412 28
410 207 -19
409 23 28
409 429 28
409 210 -8
409 389 -8
20 21 -19
20 1 8
20 39 28
20 230 -13
408 19 -8
408 407 8
412 411 -13
412 414 -13
412 22 13
412 209 -28
207 2 -13
207 227 13
207 208 28
207 187 -28
156 175 28
156 555 28
156 376 13
156 157 -28
156 137 -13
175 176 -19
175 575 13
555 553 -28
555 554 -28
555 353 13
376 375 -19
376 378 -28
376 574 -19
376 374 8
157 373 -8
157 159 8
157 155 13
157 552 -19
137 356 -28
137 138 13
137 535 -8
137 119 -13
274 472 -19
274 273 19
274 61 -8
274 276 19
274 272 19
472 83 -8
472 453 13
472 473 -8
472 492 28
273 253 19
273 64 -13
273 293 28
273 475 -19
61 454 -13
61 62 8
61 42 -19
61 80 -28
276 63 13
276 275 -19
276 474 -8
276 278 8
272 271 13
272 470 28
272 270 -13
272 59 13
458 65 13
458 460 13
458 255 19
458 457 -28
458 456 -19
65 84 28
65 66 -19
65 278 -28
65 46 19
460 67 -19
460 257 8
460 459 -8
460 462 -13
255 256 -28
255 47 -13
255 235 -28
255 275 -28
457 437 13
457 68 28
457 258 13
457 476 19
456 253 19
456 454 13
456 63 -19
456 455 -8
454 452 -13
454 453 -13
454 251 -13
62 271 13
62 64 -8
62 60 -28
62 451 13
42 254 -13
42 434 -19
42 43 8
42 24 13
80 294 19
80 81 8
80 473 8
80 99 -8
14 399 -19
14 13 28
14 16 19
399 200 -8
13 402 8
13 32 -13
16 15 -13
16 221 -8
16 401 13
16 18 -28
570 571 -19
570 550 -8
570 174 13
570 372 -28
571 573 -13
571 369 -8
571 569 28
571 171 -8
550 352 -19
550 551 -19
550 530 -8
550 155 -13
174 176 -13
174 172 -28
174 173 -28
372 152 -13
372 370 8
372 371 -13
372 374 -28
170 172 -13
170 566 -28
170 169 -19
172 171 19
172 568 19
566 567 8
566 546 -28
566 368 -8
169 569 -13
169 150 -13
263 243 8
263 466 8
263 264 -8
263 283 13
263 55 -13
243 37 -28
243 446 -28
243 223 -28
243 244 28
466 464 -19
466 73 -8
466 465 13
264 266 -13
264 463 8
264 262 -13
264 52 28
283 303 -19
283 74 13
283 284 13
283 485 13
55 443 19
55 54 13
55 53 -19
511 309 -19
511 509 19
511 510 -13
511 513 -13
309 329 -19
309 289 -19
309 310 -8
309 98 19
509 507 8
509 114 13
509 307 13
509 508 13
510 118 -19
510 312 -8
510 490 -8
510 530 8
513 117 -8
513 512 -19
513 515 -19
513 311 -8
113 94 -19
113 328 13
113 507 -19
113 130 -8
94 75 28
94 308 -28
94 487 8
328 327 8
328 526 -8
328 330 -28
507 506 -19
130 348 19
130 527 -19
130 149 19
504 306 -13
504 524 -13
504 484 13
504 505 -13
306 304 -28
306 92 19
306 305 8
524 544 -19
524 525 -8
524 326 -19
484 286 -19
484 465 13
484 485 -8
505 303 -8
505 503 19
505 111 13
380 382 -28
380 578 8
380 378 -13
380 379 8
382 162 -13
382 384 -28
382 580 -13
382 381 -19
578 579 28
578 182 28
378 576 -19
378 158 -19
378 377 -19
379 163 19
379 581 8
379 359 13
573 173 8
573 575 28
573 371 19
573 572 13
173 154 8
575 373 8
575 574 -13
575 577 19
371 351 13
371 155 -8
572 374 -28
572 552 19
572 176 -19
266 54 19
266 465 19
266 265 -19
54 446 -8
54 36 13
465 445 -28
265 245 -19
265 285 13
237 31 19
237 440 8
237 257 19
237 238 19
237 217 19
31 33 -8
31 29 13
31 417 28
440 442 -28
440 48 -28
440 439 13
440 438 28
257 277 -13
257 258 -19
257 49 -8
238 437 -28
238 240 28
238 236 19
238 28 19
217 197 -19
217 420 -8
471 469 13
471 78 -8
471 470 -8
471 473 -19
471 269 28
469 267 -8
469 76 -13
469 468 13
78 97 -19
78 79 -28
78 59 28
78 292 13
470 490 8
470 451 -13
470 81 -19
473 271 28
473 475 8
269 249 13
269 270 -28
269 289 13
269 60 19
356 358 8
356 355 -28
356 554 -13
356 354 8
138 136 -13
138 353 -19
138 532 -8
138 140 19
535 534 8
535 537 28
535 333 -19
535 533 19
119 336 -19
119 101 -19
119 515 -28
341 321 -28
341 127 13
341 361 -19
341 342 19
321 523 -19
321 110 13
321 301 28
127 129 19
127 125 -28
127 520 19
127 126 -28
361 146 -8
361 362 19
361 563 28
361 381 -8
342 344 19
342 340 -8
254 256 13
254 253 13
254 453 -19
254 252 28
434 436 19
434 433 8
434 432 19
434 231 19
43 45 8
43 41 -8
43 251 -13
43 431 8
24 234 28
24 414 13
24 5 -19
24 25 19
489 491 19
489 287 -8
489 487 13
489 95 -13
489 488 28
491 97 28
491 490 -28
491 493 8
491 289 19
287 288 -28
287 77 8
287 307 19
287 267 19
487 486 -19
95 114 -8
95 76 -28
95 96 -8
95 310 13
488 508 19
488 290 -28
488 468 -8
488 98 8
163 165 -8
163 162 19
163 161 13
165 560 8
165 164 -8
165 167 -28
165 381 -19
162 181 19
161 159 -28
161 556 19
161 377 -8
291 292 19
291 271 -13
291 493 8
291 311 -13
291 81 28
292 294 -13
292 490 -28
292 290 28
271 251 -13
493 99 -8
493 495 -8
493 492 8
311 100 13
311 312 28
311 331 -19
81 83 28
81 79 -28
388 390 13
388 387 19
388 0 19
390 389 13
390 392 -8
390 187 28
390 1 28
387 407 13
387 2 13
387 188 28
0 19 19
0 208 -8
420 422 28
420 418 19
240 439 -19
240 242 13
240 239 -28
48 67 13
48 49 8
48 260 -13
189 190 28
189 209 -13
189 392 -13
190 192 19
190 389 8
190 188 13
209 4 -28
209 210 -28
209 229 8
392 3 -13
392 394 28
392 391 -13
437 438 -8
437 417 19
437 49 -19
438 436 13
438 235 -28
438 46 -13
417 418 8
417 397 19
49 51 -8
49 47 -13
45 433 -8
45 44 -19
45 47 19
45 253 19
433 453 -8
433 234 -28
433 413 -13
44 256 19
44 436 -28
44 26 19
44 63 -8
47 46 -8
47 435 8
253 233 -13
565 166 13
565 564 13
565 363 -13
565 563 19
166 185 13
166 167 -13
166 386 13
166 147 -19
564 584 19
564 366 -13
564 544 -13
363 364 8
363 343 28
363 148 -8
363 383 13
563 164 -13
563 562 8
319 521 -19
319 320 13
319 299 28
521 523 19
521 519 19
521 520 -19
320 318 13
320 105 28
320 518 28
299 300 -19
299 89 -13
299 279 13
185 585 13
185 186 19
585 584 28
585 383 -19
585 583 -8
186 184 -19
186 582 19
442 239 -13
442 444 13
442 50 28
442 441 -13
439 51 19
439 459 19
197 198 -8
298 300 -28
298 297 -13
298 296 13
298 84 -19
298 496 19
300 302 19
300 86 19
300 498 -28
297 87 -13
297 277 28
297 317 28
297 499 -8
296 494 -8
296 294 28
296 82 -19
296 295 -19
84 477 8
84 103 28
84 85 19
496 516 -13
496 476 -13
496 497 -28
496 106 -13
349 551 -19
349 350 -19
349 369 -28
349 329 -13
349 134 8
551 549 -13
551 152 -13
551 553 28
350 352 28
350 548 8
350 348 19
350 131 19
369 153 -28
369 370 28
329 531 -28
329 330 -13
329 116 19
134 136 -8
134 133 8
134 132 -19
134 528 28
37 423 13
37 35 19
37 36 28
423 403 19
423 443 -13
423 424 -19
423 224 -13
35 421 28
35 33 28
35 34 8
35 241 -28
36 246 -28
36 17 28
36 426 -28
477 475 13
477 479 8
477 476 -8
477 275 28
103 104 -19
103 318 -19
103 497 -13
103 120 -19
85 87 -8
85 83 28
85 474 -19
85 295 -13
425 226 28
425 405 28
425 445 19
425 426 13
226 17 -28
226 224 8
405 406 -28
445 446 13
445 246 -28
426 424 -13
426 223 13
196 194 8
196 195 -13
196 395 8
196 198 -13
194 393 -19
194 192 -8
194 193 -8
195 215 -8
195 398 -8
395 415 -8
395 396 19
395 10 8
198 200 -19
198 397 8
389 4 28
187 188 -19
1 2 -28
1 210 -28
373 374 28
373 353 -19
374 154 -28
353 354 -13
353 333 13
251 252 28
251 231 -19
352 351 -28
352 354 28
352 133 28
351 331 -28
351 136 -13
351 553 -13
354 552 8
354 135 -28
133 531 -28
133 152 -8
87 86 -8
87 476 -28
87 89 28
86 67 -8
86 105 8
86 479 28
476 278 -13
89 478 8
89 91 -19
250 248 19
250 252 -19
250 449 -8
250 39 -8
250 249 -19
248 447 -8
248 38 -19
248 247 28
252 451 19
449 429 28
449 450 19
449 60 8
449 468 8
39 430 -13
39 57 -19
39 40 19
249 41 -8
249 452 28
249 229 28
144 146 -28
144 142 -13
144 359 -13
144 538 28
362 364 -28
362 560 28
362 360 -28
199 402 -13
199 200 19
422 32 -8
422 424 19
422 421 8
239 259 -8
239 33 13
403 204 28
403 18 13
403 404 -8
204 202 13
204 203 -13
18 17 -8
18 223 8
404 201 8
404 402 -13
404 406 19
404 15 8
146 148 8
146 145 -8
148 542 28
148 147 -28
145 364 8
145 164 13
145 126 13
538 340 -8
538 518 8
360 358 28
360 141 8
360 359 -8
23 21 -28
23 25 -19
23 22 19
23 229 -8
429 430 -8
429 230 19
429 41 -13
210 212 13
210 208 -19
51 53 -19
51 259 -8
51 50 19
53 52 -8
53 261 13
53 441 28
259 260 -13
259 462 13
259 279 13
50 262 -8
50 32 -19
50 69 28
68 277 -28
68 70 -28
68 66 -8
68 67 13
258 256 -13
258 46 -8
258 260 13
228 19 -8
228 427 28
228 227 13
228 230 -13
19 38 -28
427 40 19
427 428 28
427 407 -28
427 447 8
227 21 -8
227 430 -8
227 247 8
230 232 -19
230 229 13
100 490 -13
100 102 13
100 99 13
100 98 -28
102 104 19
102 313 -8
102 492 28
102 101 8
99 117 -13
99 314 -8
98 97 -28
98 96 -28
332 330 8
332 334 8
332 530 -13
332 331 -8
330 114 13
330 528 28
334 333 -19
334 336 -19
334 532 13
334 117 13
530 531 -13
530 136 -28
331 118 -13
331 533 -19
277 479 -19
277 278 19
70 69 -28
70 72 19
70 279 19
70 459 19
66 64 28
66 455 13
66 275 -8
67 280 -28
325 305 28
325 345 13
325 326 -8
305 285 -19
345 346 28
345 365 -8
326 324 -8
326 111 -13
446 444 -8
444 443 8
444 241 19
444 52 8
304 502 -19
304 302 -8
304 90 -19
304 303 8
502 503 28
502 522 -13
502 112 -13
502 482 -8
302 500 -13
302 301 -13
90 109 8
90 71 -28
90 91 -28
90 483 -13
303 93 -13
303 323 -28
21 407 28
407 208 -13
464 463 -19
464 71 13
464 261 8
464 462 8
463 443 -19
463 74 -13
463 482 -8
71 72 -19
71 284 28
71 52 28
261 262 -13
261 241 -28
261 281 19
462 69 -19
462 461 8
118 116 -28
118 117 8
116 115 28
116 508 13
117 135 -28
581 579 -19
581 181 19
581 583 -13
581 580 28
552 553 8
552 532 -28
176 178 -28
245 246 -28
285 286 13
17 406 -19
224 223 28
224 15 -19
451 452 -13
451 431 28
333 313 -8
336 338 13
336 534 -28
336 335 -28
532 512 -28
532 533 -8
178 177 -19
178 180 19
178 574 8
517 516 -19
517 315 -19
517 515 28
517 519 28
517 120 -8
516 123 -28
516 536 -8
516 318 -8
315 104 28
315 316 -28
315 295 8
315 335 -8
515 313 -28
515 514 28
519 122 19
519 317 -19
519 518 19
120 338 13
120 139 -13
120 121 -28
508 310 -13
508 528 28
290 288 8
290 289 -13
290 76 13
468 79 -19
468 270 -19
181 182 -8
416 213 -13
416 26 -8
416 414 19
416 418 13
416 415 -8
213 233 28
213 193 -19
213 214 -8
213 8 19
26 27 19
26 7 -13
26 236 -8
414 211 19
414 413 28
418 215 28
418 28 -13
415 216 28
415 435 -13
415 29 -19
2 4 8
579 179 28
579 577 -28
579 377 28
179 180 19
577 576 8
577 375 -8
577 177 -28
223 203 -19
244 443 -28
244 246 -28
244 242 19
244 34 13
475 82 -8
475 474 -28
479 481 28
479 478 19
275 295 -13
4 3 28
4 6 28
584 386 8
366 364 -28
366 147 -13
366 365 19
544 346 -19
544 545 -13
459 260 -19
459 478 13
317 318 -13
317 337 8
317 106 -28
499 497 -8
499 105 28
499 498 -19
531 529 13
531 533 -28
529 327 -8
529 527 -8
529 131 -13
529 528 28
533 135 -8
215 216 13
215 10 -8
215 235 28
398 396 -13
398 9 13
398 397 -8
549 347 8
549 547 -19
549 548 13
549 150 13
347 348 28
347 327 28
347 132 -8
347 367 -19
547 149 -13
547 546 13
548 528 13
548 568 -28
548 153 13
150 151 8
150 370 19
150 131 19
448 447 -19
448 450 13
448 56 -19
447 58 -19
447 467 13
450 57 -28
450 452 -19
450 247 -28
56 75 13
56 268 -19
56 38 -13
3 212 -8
3 22 -8
6 8 13
6 5 8
6 211 13
6 391 19
312 314 -13
312 310 19
312 97 28
314 512 -19
314 316 -19
314 313 8
310 308 -13
346 344 -8
346 128 -19
545 343 -28
545 147 -13
202 401 13
202 201 -28
202 200 28
401 421 -28
401 402 19
201 221 -19
278 280 19
358 139 13
358 556 13
139 537 -8
139 158 -13
139 140 -13
556 576 19
556 536 -13
406 203 19
93 92 -8
93 91 -19
93 482 -13
92 111 19
92 73 -8
92 485 -19
91 480 19
91 301 19
482 483 -19
482 284 -28
256 455 -8
455 435 8
455 474 -8
104 106 -28
104 494 8
106 105 13
494 474 -19
494 495 -13
494 514 28
430 428 19
430 432 -19
247 267 -8
247 40 -13
280 279 8
280 478 13
280 282 -13
503 301 8
503 109 -8
500 520 -19
500 480 8
500 110 -19
323 343 13
323 324 19
323 112 -13
323 525 8
576 180 -28
180 182 13
40 41 -19
428 38 8
74 72 -13
74 73 -13
135 136 19
135 154 28
553 154 8
554 159 28
554 534 -8
554 574 19
338 340 8
338 536 -13
338 337 19
340 122 -13
536 537 -8
536 142 -13
337 123 -8
72 461 -13
72 281 -28
73 286 -13
289 79 8
432 431 -28
432 229 -28
288 75 28
288 486 19
486 506 -19
486 467 8
486 96 13
123 121 -13
123 125 -28
123 122 19
318 316 8
27 25 28
27 29 -13
27 413 -13
27 233 28
25 411 28
25 231 -28
29 235 -13
29 28 -13
413 393 28
413 214 -13
233 436 -8
233 234 -19
216 214 13
216 7 28
435 436 -8
435 236 -8
121 514 8
121 335 28
125 518 -19
122 105 13
122 141 -8
385 386 8
385 365 -13
386 384 13
182 184 28
212 411 19
212 211 19
212 214 28
77 79 28
77 76 13
77 467 -19
76 57 -8
467 268 28
184 580 -28
184 183 19
523 525 -19
523 522 19
523 126 19
525 128 19
522 129 -13
522 542 13
522 324 13
126 344 8
126 109 28
495 293 -13
495 497 -19
495 101 8
514 534 19
514 316 13
32 33 -13
32 242 -28
424 221 -13
424 34 -13
421 441 -8
286 284 8
284 282 13
393 8 8
393 394 19
8 7 28
8 10 28
394 396 8
394 191 -19
394 5 -13
355 140 -8
355 335 -28
355 375 28
140 534 -8
140 142 -28
335 537 -19
375 159 -8
568 569 8
568 370 13
153 151 -28
153 155 -8
153 152 -8
109 324 -19
109 110 8
483 485 19
483 481 13
483 281 13
396 7 -13
396 193 28
58 57 13
58 267 -19
58 60 8
151 546 13
151 367 -8
155 154 -19
152 171 -19
344 343 28
344 542 19
343 129 13
542 562 -13
57 270 -19
267 268 19
60 59 -13
316 101 -19
295 497 -28
383 384 -8
383 167 19
583 381 13
583 183 -28
583 582 28
221 241 28
142 141 -19
452 59 28
453 64 28
129 128 -13
128 147 -13
128 111 8
111 112 8
235 236 28
214 5 13
506 308 8
506 526 28
506 115 13
480 481 8
480 461 19
480 282 13
110 112 28
234 236 -13
234 232 -19
301 281 -8
159 158 8
158 177 13
307 308 19
307 327 -19
307 96 13
364 562 -28
562 582 -8
562 167 19
481 279 -8
461 262 -13
461 441 -19
282 281 13
282 69 -8
560 580 28
441 242 19
242 241 -19
370 368 8
268 270 8
83 293 8
83 82 -13
293 294 8
293 313 -28
82 101 -13
82 63 -28
567 569 19
567 168 -13
546 348 8
546 526 -13
368 149 8
368 367 19
260 262 28
64 63 -19
327 115 13
526 527 -28
526 132 -8
569 367 19
115 114 -19
114 131 -13
512 492 -19
411 431 8
411 391 -19
22 232 13
15 34 19
294 492 -13
192 191 -13
192 391 -28
191 211 19
164 384 -13
164 183 -8
46 28 -28
498 478 -13
498 518 8
131 132 19
384 582 -13
431 232 13
211 231 -28
52 34 -8
232 231 28
149 168 19
9 10 -28
9 28 -8
