107 501 19
107 124 13
107 322 13
107 108 -8
107 88 8
501 503 13
501 500 -28
501 299 28
501 499 -19
124 143 8
124 125 8
124 521 -13
124 342 -8
322 321 19
322 324 -13
322 320 28
322 520 13
108 319 28
108 106 -28
108 110 28
108 498 13
88 89 -8
88 69 8
88 302 13
88 481 -8
220 218 28
220 419 19
220 222 -28
220 11 -8
220 219 28
218 217 8
218 216 -8
218 417 -28
218 9 -13
419 439 -28
419 399 -19
419 33 -28
419 420 8
222 421 19
222 13 8
222 224 13
222 221 28
11 12 -28
11 30 19
11 400 13
219 14 19
219 199 19
219 422 8
219 239 -19
541 339 13
541 540 -8
541 543 -28
541 539 19
541 143 -13
339 319 19
339 340 13
339 125 19
339 359 -8
540 146 8
540 560 19
540 342 -13
540 520 28
543 341 13
543 542 13
543 145 13
543 545 -8
539 337 28
539 537 13
539 141 -19
539 538 -13
143 144 -19
143 362 19
143 162 8
12 14 -8
12 217 -8
12 10 -8
12 397 8
30 420 -13
30 31 -19
30 240 -19
30 48 -8
400 399 -8
400 398 8
400 197 -19
400 402 13
205 206 28
205 225 19
206 405 13
206 204 19
225 226 -28
225 245 -13
559 357 -28
559 558 -28
559 160 19
559 561 -8
559 557 28
357 358 -13
357 142 -13
357 377 19
357 337 -13
558 163 28
558 578 19
558 538 -8
558 360 -19
160 380 -28
160 179 -8
160 161 -28
160 141 -8
561 162 13
561 563 19
561 359 -19
561 560 13
557 555 -19
557 355 13
557 158 -28
557 556 -13
410 409 8
410 20 13
410 408 -28
410 412 -28
410 207 -13
409 23 -8
409 429 -19
409 210 13
409 389 13
20 21 -28
20 1 13
20 39 28
20 230 -8
408 19 -8
408 407 -13
412 411 -19
412 414 -8
412 22 19
412 209 -28
207 2 -8
207 227 -19
207 208 28
207 187 19
156 175 19
156 555 13
156 376 -19
156 157 -28
156 137 19
175 176 -13
175 575 -13
555 553 -19
555 554 13
555 353 19
376 375 19
376 378 8
376 574 8
376 374 -13
157 373 8
157 159 19
157 155 13
157 552 -19
137 356 -19
137 138 19
137 535 8
137 119 13
274 472 -19
274 273 -28
274 61 -8
274 276 -19
274 272 -13
472 83 -8
472 453 19
472 473 8
472 492 28
273 253 8
273 64 -8
273 293 -28
273 475 -13
61 454 28
61 62 -13
61 42 8
61 80 19
276 63 -28
276 275 -28
276 474 -19
276 278 19
272 271 13
272 470 28
272 270 28
272 59 8
458 65 -13
458 460 13
458 255 -19
458 457 -13
458 456 -13
65 84 -28
65 66 -13
65 278 8
65 46 8
460 67 8
460 257 -19
460 459 -8
460 462 13
255 256 13
255 47 -13
255 235 19
255 275 -19
457 437 13
457 68 -19
457 258 28
457 476 -28
456 253 -13
456 454 8
456 63 19
456 455 13
454 452 13
454 453 -13
454 251 19
62 271 28
62 64 -13
62 60 19
62 451 -28
42 254 -28
42 434 8
42 43 -8
42 24 13
80 294 8
80 81 19
80 473 -19
80 99 -13
14 399 28
14 13 -13
14 16 -19
399 200 28
13 402 -8
13 32 28
16 15 8
16 221 8
16 401 -19
16 18 8
570 571 -19
570 550 13
570 174 28
570 372 19
571 573 8
571 369 -13
571 569 -28
571 171 -8
550 352 -19
550 551 -19
550 530 13
550 155 -19
174 176 19
174 172 -19
174 173 19
372 152 13
372 370 13
372 371 28
372 374 13
170 172 8
170 566 -13
170 169 8
172 171 -28
172 568 19
566 567 8
566 546 19
566 368 13
169 569 -28
169 150 19
263 243 -28
263 466 -28
263 264 -13
263 283 -13
263 55 8
243 37 -28
243 446 19
243 223 8
243 244 -13
466 464 28
466 73 19
466 465 19
264 266 -8
264 463 -13
264 262 8
264 52 13
283 303 19
283 74 -13
283 284 -19
283 485 -8
55 443 -8
55 54 -28
55 53 -19
511 309 -13
511 509 19
511 510 19
511 513 13
309 329 13
309 289 -28
309 310 28
309 98 28
509 507 19
509 114 19
509 307 -19
509 508 -19
510 118 -8
510 312 -28
510 490 8
510 530 13
513 117 -19
513 512 13
513 515 -13
513 311 -13
113 94 8
113 328 -28
113 507 -13
113 130 -19
94 75 -8
94 308 -28
94 487 -19
328 327 8
328 526 -28
328 330 -19
507 506 -28
130 348 28
130 527 13
130 149 28
504 306 -28
504 524 -8
504 484 -19
504 505 -19
306 304 -19
306 92 13
306 305 28
524 544 8
524 525 -19
524 326 28
484 286 -13
484 465 -28
484 485 13
505 303 8
505 503 -8
505 111 8
380 382 13
380 578 8
380 378 13
380 379 19
382 162 -19
382 384 -8
382 580 8
382 381 13
578 579 -28
578 182 13
378 576 -13
378 158 13
378 377 -19
379 163 -13
379 581 -28
379 359 -8
573 173 28
573 575 19
573 371 19
573 572 28
173 154 19
575 373 -28
575 574 -19
575 577 13
371 351 13
371 155 13
572 374 -13
572 552 13
572 176 -28
266 54 19
266 465 -13
266 265 -19
54 446 -19
54 36 13
465 445 -8
265 245 -19
265 285 28
237 31 -13
237 440 28
237 257 -28
237 238 19
237 217 -28
31 33 -8
31 29 -13
31 417 13
440 442 28
440 48 -8
440 439 13
440 438 -28
257 277 -19
257 258 -8
257 49 -28
238 437 -28
238 240 -19
238 236 13
238 28 13
217 197 8
217 420 -28
471 469 8
471 78 19
471 470 19
471 473 28
471 269 13
469 267 28
469 76 8
469 468 19
78 97 -19
78 79 -13
78 59 -28
78 292 19
470 490 28
470 451 -28
470 81 28
473 271 13
473 475 -8
269 249 -28
269 270 -28
269 289 -28
269 60 -28
356 358 19
356 355 28
356 554 -19
356 354 28
138 136 -19
138 353 -13
138 532 19
138 140 -8
535 534 -8
535 537 -8
535 333 19
535 533 -13
119 336 -13
119 101 -8
119 515 -13
341 321 13
341 127 -8
341 361 8
341 342 -28
321 523 -8
321 110 13
321 301 19
127 129 19
127 125 19
127 520 19
127 126 13
361 146 -8
361 362 -13
361 563 -19
361 381 8
342 344 -28
342 340 -8
254 256 -13
254 253 13
254 453 -13
254 252 -8
434 436 8
434 433 -8
434 432 -13
434 231 -13
43 45 -19
43 41 -13
43 251 28
43 431 -19
24 234 -13
24 414 -13
24 5 -19
24 25 19
489 491 13
489 287 13
489 487 19
489 95 -13
489 488 8
491 97 -19
491 490 13
491 493 19
491 289 28
287 288 -8
287 77 13
287 307 13
287 267 13
487 486 -19
95 114 13
95 76 28
95 96 28
95 310 8
488 508 -8
488 290 -8
488 468 28
488 98 19
163 165 -13
163 162 -8
163 161 28
165 560 -28
165 164 28
165 167 -28
165 381 -13
162 181 -19
161 159 -13
161 556 -19
161 377 8
291 292 -13
291 271 -13
291 493 19
291 311 -8
291 81 -28
292 294 28
292 490 -13
292 290 -8
271 251 -13
493 99 -28
493 495 13
493 492 -19
311 100 -8
311 312 -19
311 331 28
81 83 13
81 79 -19
388 390 -13
388 387 19
388 0 -28
390 389 19
390 392 -19
390 187 19
390 1 28
387 407 -19
387 2 28
387 188 8
0 19 -13
0 208 28
420 422 -8
420 418 13
240 439 13
240 242 -13
240 239 13
48 67 -13
48 49 13
48 260 13
189 190 -28
189 209 -19
189 392 -28
190 192 -13
190 389 -28
190 188 28
209 4 8
209 210 13
209 229 -8
392 3 -19
392 394 13
392 391 -13
437 438 8
437 417 8
437 49 -19
438 436 -13
438 235 -19
438 46 8
417 418 -19
417 397 8
49 51 -28
49 47 13
45 433 19
45 44 -28
45 47 -13
45 253 -13
433 453 -8
433 234 13
433 413 -28
44 256 -19
44 436 -19
44 26 19
44 63 -13
47 46 -13
47 435 19
253 233 8
565 166 19
565 564 -8
565 363 -8
565 563 19
166 185 -8
166 167 28
166 386 -19
166 147 -8
564 584 -13
564 366 13
564 544 8
363 364 8
363 343 13
363 148 -19
363 383 8
563 164 -19
563 562 13
319 521 -13
319 320 19
319 299 19
521 523 -28
521 519 8
521 520 28
320 318 8
320 105 19
320 518 -19
299 300 28
299 89 -13
299 279 -13
185 585 13
185 186 8
585 584 13
585 383 -13
585 583 -8
186 184 -28
186 582 13
442 239 28
442 444 28
442 50 8
442 441 13
439 51 -8
439 459 28
197 198 8
298 300 13
298 297 -8
298 296 -28
298 84 28
298 496 -8
300 302 -28
300 86 28
300 498 -28
297 87 28
297 277 -19
297 317 19
297 499 8
296 494 8
296 294 -8
296 82 28
296 295 -13
84 477 28
84 103 -28
84 85 -28
496 516 8
496 476 -8
496 497 19
496 106 19
349 551 13
349 350 -28
349 369 13
349 329 -28
349 134 -28
551 549 -28
551 152 -19
551 553 -13
350 352 19
350 548 -28
350 348 28
350 131 28
369 153 -19
369 370 -28
329 531 -28
329 330 -19
329 116 28
134 136 -13
134 133 -8
134 132 -28
134 528 13
37 423 19
37 35 19
37 36 -8
423 403 19
423 443 -28
423 424 -8
423 224 -8
35 421 -28
35 33 -28
35 34 -28
35 241 19
36 246 -28
36 17 28
36 426 -19
477 475 13
477 479 -13
477 476 -28
477 275 8
103 104 -8
103 318 -19
103 497 -13
103 120 19
85 87 19
85 83 13
85 474 -13
85 295 19
425 226 13
425 405 19
425 445 28
425 426 -13
226 17 28
226 224 13
405 406 -13
445 446 28
445 246 28
426 424 13
426 223 -13
196 194 -13
196 195 13
196 395 -28
196 198 -28
194 393 -28
194 192 -28
194 193 -8
195 215 13
195 398 28
395 415 -8
395 396 -13
395 10 19
198 200 28
198 397 13
389 4 -8
187 188 8
1 2 8
1 210 -19
373 374 -19
373 353 -8
374 154 -13
353 354 -28
353 333 -28
251 252 8
251 231 19
352 351 -28
352 354 19
352 133 -28
351 331 -28
351 136 -19
351 553 -8
354 552 -13
354 135 8
133 531 -19
133 152 28
87 86 -28
87 476 -19
87 89 -19
86 67 -13
86 105 -28
86 479 -28
476 278 28
89 478 28
89 91 13
250 248 -8
250 252 28
250 449 8
250 39 19
250 249 -28
248 447 13
248 38 -19
248 247 -8
252 451 -19
449 429 13
449 450 28
449 60 -28
449 468 13
39 430 -13
39 57 -28
39 40 8
249 41 8
249 452 -13
249 229 -13
144 146 19
144 142 19
144 359 19
144 538 -8
362 364 28
362 560 19
362 360 -13
199 402 -13
199 200 13
422 32 -19
422 424 8
422 421 19
239 259 19
239 33 -13
403 204 -28
403 18 19
403 404 28
204 202 19
204 203 -19
18 17 -19
18 223 -13
404 201 13
404 402 8
404 406 -8
404 15 -13
146 148 28
146 145 -8
148 542 19
148 147 19
145 364 13
145 164 13
145 126 -8
538 340 -28
538 518 -28
360 358 -28
360 141 19
360 359 8
23 21 -8
23 25 -19
23 22 28
23 229 -13
429 430 -19
429 230 -8
429 41 19
210 212 28
210 208 8
51 53 28
51 259 13
51 50 -8
53 52 13
53 261 -8
53 441 -13
259 260 8
259 462 -28
259 279 19
50 262 -13
50 32 -8
50 69 -19
68 277 -19
68 70 28
68 66 28
68 67 28
258 256 28
258 46 -28
258 260 28
228 19 19
228 427 -28
228 227 -19
228 230 19
19 38 8
427 40 8
427 428 -28
427 407 8
427 447 -8
227 21 13
227 430 28
227 247 8
230 232 13
230 229 8
100 490 -8
100 102 13
100 99 -28
100 98 19
102 104 8
102 313 19
102 492 13
102 101 8
99 117 -19
99 314 8
98 97 28
98 96 -28
332 330 19
332 334 13
332 530 -28
332 331 -8
330 114 19
330 528 19
334 333 -13
334 336 -19
334 532 -19
334 117 13
530 531 -28
530 136 19
331 118 8
331 533 8
277 479 -28
277 278 28
70 69 -8
70 72 -19
70 279 -13
70 459 28
66 64 19
66 455 19
66 275 -28
67 280 -13
325 305 19
325 345 -13
325 326 -13
305 285 -8
345 346 -13
345 365 -28
326 324 -28
326 111 8
446 444 8
444 443 -13
444 241 -8
444 52 19
304 502 19
304 302 28
304 90 28
304 303 13
502 503 8
502 522 8
502 112 19
502 482 8
302 500 -28
302 301 19
90 109 -13
90 71 -8
90 91 -13
90 483 28
303 93 -8
303 323 -13
21 407 -8
407 208 -8
464 463 19
464 71 19
464 261 -8
464 462 -13
463 443 -19
463 74 -28
463 482 19
71 72 -28
71 284 -13
71 52 -19
261 262 -8
261 241 -13
261 281 -8
462 69 8
462 461 -8
118 116 -13
118 117 -8
116 115 8
116 508 19
117 135 8
581 579 -28
581 181 8
581 583 13
581 580 -28
552 553 -19
552 532 -28
176 178 28
245 246 28
285 286 8
17 406 28
224 223 -19
224 15 -19
451 452 13
451 431 28
333 313 -13
336 338 13
336 534 8
336 335 8
532 512 8
532 533 -28
178 177 -8
178 180 28
178 574 8
517 516 28
517 315 -28
517 515 28
517 519 8
517 120 -8
516 123 8
516 536 -8
516 318 -13
315 104 28
315 316 19
315 295 8
315 335 -19
515 313 13
515 514 -8
519 122 -8
519 317 28
519 518 19
120 338 28
120 139 28
120 121 -13
508 310 -13
508 528 13
290 288 13
290 289 13
290 76 19
468 79 8
468 270 8
181 182 -28
416 213 19
416 26 19
416 414 28
416 418 -8
416 415 8
213 233 -8
213 193 -28
213 214 8
213 8 13
26 27 -8
26 7 -8
26 236 8
414 211 13
414 413 -19
418 215 -19
418 28 19
415 216 -13
415 435 -28
415 29 -13
2 4 -13
579 179 28
579 577 19
579 377 13
179 180 28
577 576 13
577 375 -8
577 177 -8
223 203 19
244 443 -19
244 246 19
244 242 28
244 34 28
475 82 -19
475 474 -13
479 481 -8
479 478 -13
275 295 -8
4 3 13
4 6 19
584 386 -19
366 364 28
366 147 8
366 365 -28
544 346 8
544 545 -8
459 260 -8
459 478 -13
317 318 19
317 337 8
317 106 -19
499 497 28
499 105 -13
499 498 -13
531 529 -13
531 533 -28
529 327 -13
529 527 28
529 131 8
529 528 28
533 135 13
215 216 -13
215 10 13
215 235 -28
398 396 -28
398 9 -19
398 397 28
549 347 8
549 547 -19
549 548 -13
549 150 -8
347 348 -19
347 327 8
347 132 8
347 367 19
547 149 -28
547 546 8
548 528 -13
548 568 -28
548 153 28
150 151 19
150 370 13
150 131 13
448 447 -28
448 450 19
448 56 -19
447 58 -19
447 467 28
450 57 8
450 452 -19
450 247 19
56 75 -19
56 268 -19
56 38 -28
3 212 13
3 22 -28
6 8 19
6 5 -13
6 211 13
6 391 8
312 314 28
312 310 13
312 97 28
314 512 -19
314 316 -28
314 313 13
310 308 -13
346 344 13
346 128 -28
545 343 -8
545 147 13
202 401 -8
202 201 13
202 200 -19
401 421 28
401 402 -19
201 221 8
278 280 -13
358 139 28
358 556 28
139 537 -28
139 158 -8
139 140 28
556 576 -28
556 536 -28
406 203 19
93 92 -28
93 91 -8
93 482 19
92 111 -28
92 73 -28
92 485 -28
91 480 -19
91 301 -28
482 483 8
482 284 -28
256 455 19
455 435 13
455 474 8
104 106 -19
104 494 -19
106 105 13
494 474 -8
494 495 -19
494 514 -13
430 428 -28
430 432 -13
247 267 -13
247 40 13
280 279 8
280 478 -8
280 282 -8
503 301 13
503 109 13
500 520 13
500 480 -28
500 110 8
323 343 19
323 324 -8
323 112 13
323 525 8
576 180 28
180 182 -8
40 41 28
428 38 8
74 72 -28
74 73 -13
135 136 -19
135 154 19
553 154 13
554 159 8
554 534 19
554 574 -13
338 340 13
338 536 13
338 337 -28
340 122 -28
536 537 -8
536 142 -28
337 123 -13
72 461 19
72 281 -28
73 286 -8
289 79 28
432 431 28
432 229 8
288 75 -28
288 486 -13
486 506 -19
486 467 28
486 96 8
123 121 19
123 125 19
123 122 -13
318 316 8
27 25 19
27 29 19
27 413 -19
27 233 -13
25 411 -19
25 231 28
29 235 8
29 28 -19
413 393 -19
413 214 8
233 436 -28
233 234 13
216 214 28
216 7 -13
435 436 -8
435 236 13
121 514 28
121 335 28
125 518 19
122 105 -19
122 141 28
385 386 -13
385 365 -8
386 384 28
182 184 8
212 411 -8
212 211 28
212 214 28
77 79 -28
77 76 8
77 467 -8
76 57 -13
467 268 13
184 580 28
184 183 -8
523 525 -13
523 522 28
523 126 -28
525 128 -19
522 129 -8
522 542 -19
522 324 19
126 344 -19
126 109 13
495 293 -8
495 497 8
495 101 13
514 534 28
514 316 13
32 33 -19
32 242 -28
424 221 19
424 34 -28
421 441 -28
286 284 8
284 282 13
393 8 13
393 394 -13
8 7 -13
8 10 -28
394 396 -28
394 191 -13
394 5 8
355 140 8
355 335 28
355 375 -19
140 534 -19
140 142 -28
335 537 -8
375 159 -13
568 569 8
568 370 -8
153 151 19
153 155 19
153 152 28
109 324 -8
109 110 28
483 485 28
483 481 -19
483 281 -19
396 7 8
396 193 8
58 57 -28
58 267 -8
58 60 19
151 546 13
151 367 -28
155 154 28
152 171 -28
344 343 13
344 542 -19
343 129 -13
542 562 -13
57 270 28
267 268 -19
60 59 8
316 101 19
295 497 -28
383 384 28
383 167 -28
583 381 -13
583 183 8
583 582 -28
221 241 -28
142 141 13
452 59 -13
453 64 13
129 128 -13
128 147 13
128 111 -13
111 112 28
235 236 13
214 5 19
506 308 -8
506 526 19
506 115 -28
480 481 28
480 461 8
480 282 -8
110 112 19
234 236 19
234 232 28
301 281 -13
159 158 -13
158 177 8
307 308 -28
307 327 28
307 96 8
364 562 13
562 582 19
562 167 -19
481 279 -13
461 262 -19
461 441 -8
282 281 -28
282 69 -19
560 580 13
441 242 -19
242 241 -13
370 368 13
268 270 -8
83 293 19
83 82 28
293 294 28
293 313 13
82 101 -28
82 63 8
567 569 -28
567 168 28
546 348 -19
546 526 28
368 149 -8
368 367 -19
260 262 13
64 63 -13
327 115 13
526 527 8
526 132 19
569 367 -8
115 114 8
114 131 -19
512 492 8
411 431 8
411 391 -19
22 232 19
15 34 -13
294 492 -13
192 191 -8
192 391 -28
191 211 -8
164 384 19
164 183 19
46 28 19
498 478 -8
498 518 19
131 132 8
384 582 -28
431 232 -19
211 231 -19
52 34 -19
232 231 -8
149 168 -13
9 10 28
9 28 -19
