107 501 19
107 124 8
107 322 13
107 108 -19
107 88 13
501 503 13
501 500 -19
501 299 28
501 499 8
124 143 19
124 125 19
124 521 -8
124 342 -13
322 321 -19
322 324 -19
322 320 8
322 520 -28
108 319 -28
108 106 -8
108 110 13
108 498 19
88 89 -19
88 69 13
88 302 -28
88 481 28
220 218 -8
220 419 -8
220 222 -13
220 11 -13
220 219 28
218 217 19
218 216 19
218 417 28
218 9 19
419 439 19
419 399 -8
419 33 28
419 420 -13
222 421 28
222 13 13
222 224 -19
222 221 19
11 12 8
11 30 28
11 400 28
219 14 -8
219 199 13
219 422 8
219 239 -8
541 339 -8
541 540 -28
541 543 -28
541 539 -19
541 143 -13
339 319 28
339 340 -19
339 125 13
339 359 -13
540 146 -8
540 560 28
540 342 -13
540 520 13
543 341 13
543 542 8
543 145 13
543 545 8
539 337 -19
539 537 -8
539 141 -28
539 538 -28
143 144 19
143 362 13
143 162 -19
12 14 28
12 217 -8
12 10 -28
12 397 -19
30 420 -19
30 31 13
30 240 13
30 48 28
400 399 13
400 398 13
400 197 -28
400 402 28
205 206 -28
205 225 8
206 405 -19
206 204 -28
225 226 19
225 245 19
559 357 -28
559 558 28
559 160 -19
559 561 -28
559 557 8
357 358 -19
357 142 -19
357 377 8
357 337 -13
558 163 13
558 578 -19
558 538 -13
558 360 28
160 380 28
160 179 -28
160 161 13
160 141 8
561 162 -28
561 563 -13
561 359 13
561 560 -13
557 555 13
557 355 -13
557 158 28
557 556 -28
410 409 8
410 20 19
410 408 -13
410 412 -13
410 207 -28
409 23 19
409 429 -8
409 210 -13
409 389 -13
20 21 -8
20 1 28
20 39 19
20 230 19
408 19 -19
408 407 8
412 411 28
412 414 -19
412 22 19
412 209 -8
207 2 -19
207 227 8
207 208 13
207 187 -19
156 175 -8
156 555 28
156 376 -8
156 157 -8
156 137 -28
175 176 8
175 575 -28
555 553 19
555 554 -8
555 353 -28
376 375 8
376 378 8
376 574 13
376 374 19
157 373 8
157 159 19
157 155 -8
157 552 -13
137 356 28
137 138 8
137 535 19
137 119 8
274 472 -19
274 273 -13
274 61 28
274 276 28
274 272 28
472 83 13
472 453 28
472 473 8
472 492 -19
273 253 -13
273 64 -8
273 293 8
273 475 -28
61 454 -28
61 62 28
61 42 -8
61 80 -8
276 63 8
276 275 -28
276 474 28
276 278 28
272 271 13
272 470 -8
272 270 8
272 59 28
458 65 -19
458 460 19
458 255 -13
458 457 -19
458 456 -13
65 84 13
65 66 19
65 278 28
65 46 28
460 67 13
460 257 -28
460 459 13
460 462 19
255 256 -28
255 47 19
255 235 8
255 275 -13
457 437 8
457 68 -19
457 258 13
457 476 -13
456 253 13
456 454 -8
456 63 8
456 455 28
454 452 8
454 453 28
454 251 8
62 271 13
62 64 19
62 60 -28
62 451 19
42 254 -13
42 434 -13
42 43 -28
42 24 -13
80 294 -19
80 81 28
80 473 8
80 99 -8
14 399 28
14 13 -19
14 16 19
399 200 -13
13 402 -19
13 32 8
16 15 8
16 221 -8
16 401 28
16 18 13
570 571 19
570 550 -28
570 174 -28
570 372 19
571 573 19
571 369 -8
571 569 8
571 171 19
550 352 -28
550 551 13
550 530 -13
550 155 28
174 176 -28
174 172 8
174 173 13
372 152 8
372 370 -28
372 371 28
372 374 13
170 172 -28
170 566 19
170 169 28
172 171 -8
172 568 13
566 567 8
566 546 8
566 368 -8
169 569 -19
169 150 19
263 243 -28
263 466 28
263 264 28
263 283 -13
263 55 13
243 37 28
243 446 -28
243 223 13
243 244 28
466 464 13
466 73 -13
466 465 -19
264 266 -28
264 463 -8
264 262 28
264 52 -13
283 303 13
283 74 19
283 284 8
283 485 13
55 443 -28
55 54 -13
55 53 -28
511 309 -19
511 509 13
511 510 19
511 513 28
309 329 -19
309 289 28
309 310 28
309 98 19
509 507 28
509 114 -8
509 307 -13
509 508 -28
510 118 -13
510 312 19
510 490 8
510 530 -13
513 117 -8
513 512 -8
513 515 -19
513 311 13
113 94 -28
113 328 28
113 507 -19
113 130 19
94 75 -8
94 308 28
94 487 8
328 327 8
328 526 -8
328 330 -8
507 506 28
130 348 -13
130 527 28
130 149 28
504 306 -19
504 524 -8
504 484 -19
504 505 28
306 304 8
306 92 -13
306 305 -28
524 544 13
524 525 28
524 326 8
484 286 -19
484 465 -28
484 485 28
505 303 28
505 503 -19
505 111 -13
380 382 13
380 578 13
380 378 -19
380 379 -19
382 162 -28
382 384 8
382 580 8
382 381 -19
578 579 8
578 182 -19
378 576 -28
378 158 -19
378 377 -13
379 163 8
379 581 -13
379 359 28
573 173 -13
573 575 19
573 371 -8
573 572 8
173 154 28
575 373 8
575 574 28
575 577 19
371 351 13
371 155 19
572 374 -19
572 552 -13
572 176 13
266 54 28
266 465 13
266 265 -13
54 446 8
54 36 -28
465 445 28
265 245 13
265 285 -28
237 31 -19
237 440 19
237 257 -19
237 238 -8
237 217 -13
31 33 -8
31 29 -8
31 417 -28
440 442 8
440 48 -8
440 439 -8
440 438 -19
257 277 -13
257 258 19
257 49 -8
238 437 -28
238 240 19
238 236 -19
238 28 19
217 197 28
217 420 19
471 469 -19
471 78 -8
471 470 8
471 473 -13
471 269 -8
469 267 -8
469 76 -8
469 468 13
78 97 28
78 79 19
78 59 28
78 292 8
470 490 13
470 451 13
470 81 19
473 271 13
473 475 13
269 249 8
269 270 -8
269 289 -28
269 60 -19
356 358 13
356 355 19
356 554 28
356 354 19
138 136 -13
138 353 13
138 532 28
138 140 19
535 534 -8
535 537 28
535 333 28
535 533 19
119 336 13
119 101 -13
119 515 -19
341 321 19
341 127 19
341 361 13
341 342 13
321 523 19
321 110 13
321 301 -19
127 129 -28
127 125 8
127 520 -28
127 126 8
361 146 -13
361 362 -8
361 563 -13
361 381 -28
342 344 19
342 340 13
254 256 28
254 253 8
254 453 8
254 252 -28
434 436 -8
434 433 -13
434 432 -8
434 231 13
43 45 -8
43 41 -19
43 251 19
43 431 8
24 234 13
24 414 -28
24 5 8
24 25 -8
489 491 8
489 287 -13
489 487 -8
489 95 28
489 488 -19
491 97 8
491 490 28
491 493 28
491 289 28
287 288 -8
287 77 28
287 307 19
287 267 -8
487 486 13
95 114 -13
95 76 28
95 96 -28
95 310 8
488 508 -19
488 290 13
488 468 -8
488 98 13
163 165 13
163 162 19
163 161 -13
165 560 -13
165 164 -8
165 167 -13
165 381 8
162 181 -8
161 159 -8
161 556 19
161 377 13
291 292 -28
291 271 13
291 493 -8
291 311 -13
291 81 28
292 294 8
292 490 19
292 290 -19
271 251 -8
493 99 -13
493 495 8
493 492 13
311 100 -19
311 312 28
311 331 -8
81 83 19
81 79 -19
388 390 19
388 387 -13
388 0 -28
390 389 19
390 392 -28
390 187 -13
390 1 28
387 407 -8
387 2 28
387 188 -19
0 19 -19
0 208 -8
420 422 -28
420 418 -19
240 439 8
240 242 -28
240 239 -19
48 67 13
48 49 13
48 260 -8
189 190 -8
189 209 -28
189 392 -8
190 192 -13
190 389 -8
190 188 -19
209 4 -8
209 210 -28
209 229 8
392 3 -13
392 394 28
392 391 19
437 438 8
437 417 -13
437 49 -13
438 436 8
438 235 19
438 46 13
417 418 19
417 397 19
49 51 19
49 47 8
45 433 -19
45 44 8
45 47 13
45 253 -19
433 453 13
433 234 -8
433 413 8
44 256 -19
44 436 -19
44 26 13
44 63 13
47 46 -8
47 435 8
253 233 28
565 166 -8
565 564 -8
565 363 -8
565 563 19
166 185 -19
166 167 28
166 386 13
166 147 19
564 584 13
564 366 -19
564 544 -8
363 364 8
363 343 -13
363 148 8
363 383 19
563 164 -13
563 562 -8
319 521 -13
319 320 -13
319 299 -19
521 523 -8
521 519 8
521 520 -28
320 318 13
320 105 8
320 518 19
299 300 19
299 89 8
299 279 28
185 585 13
185 186 28
585 584 19
585 383 -28
585 583 19
186 184 -28
186 582 -13
442 239 -19
442 444 -8
442 50 19
442 441 19
439 51 -13
439 459 -8
197 198 19
298 300 13
298 297 19
298 296 -19
298 84 -13
298 496 -13
300 302 -13
300 86 28
300 498 28
297 87 8
297 277 -19
297 317 13
297 499 13
296 494 -19
296 294 13
296 82 8
296 295 8
84 477 -8
84 103 -19
84 85 28
496 516 -28
496 476 8
496 497 28
496 106 8
349 551 28
349 350 -28
349 369 -13
349 329 19
349 134 -28
551 549 -19
551 152 8
551 553 -13
350 352 8
350 548 28
350 348 -28
350 131 19
369 153 8
369 370 28
329 531 -19
329 330 19
329 116 -13
134 136 19
134 133 8
134 132 8
134 528 -13
37 423 -19
37 35 13
37 36 8
423 403 19
423 443 19
423 424 -8
423 224 8
35 421 13
35 33 -19
35 34 -13
35 241 19
36 246 -8
36 17 13
36 426 -8
477 475 13
477 479 -19
477 476 28
477 275 -28
103 104 19
103 318 -8
103 497 19
103 120 28
85 87 -28
85 83 8
85 474 -13
85 295 -13
425 226 28
425 405 -8
425 445 8
425 426 -8
226 17 19
226 224 -13
405 406 19
445 446 -19
445 246 8
426 424 -8
426 223 28
196 194 -8
196 195 -28
196 395 -13
196 198 -8
194 393 -8
194 192 8
194 193 -28
195 215 -19
195 398 13
395 415 19
395 396 -13
395 10 19
198 200 13
198 397 -28
389 4 -28
187 188 28
1 2 28
1 210 28
373 374 19
373 353 -28
374 154 19
353 354 8
353 333 -19
251 252 -8
251 231 28
352 351 28
352 354 8
352 133 13
351 331 19
351 136 -13
351 553 -28
354 552 13
354 135 8
133 531 13
133 152 -13
87 86 8
87 476 -13
87 89 28
86 67 19
86 105 -19
86 479 -19
476 278 19
89 478 8
89 91 -19
250 248 -28
250 252 8
250 449 -13
250 39 -13
250 249 -8
248 447 13
248 38 19
248 247 -19
252 451 -19
449 429 -13
449 450 -28
449 60 13
449 468 28
39 430 -13
39 57 -8
39 40 8
249 41 28
249 452 -19
249 229 19
144 146 19
144 142 -19
144 359 -13
144 538 -8
362 364 19
362 560 -8
362 360 28
199 402 13
199 200 -13
422 32 28
422 424 19
422 421 19
239 259 28
239 33 13
403 204 28
403 18 -13
403 404 -19
204 202 -19
204 203 -13
18 17 -28
18 223 13
404 201 -8
404 402 -8
404 406 8
404 15 -8
146 148 -28
146 145 -28
148 542 -8
148 147 13
145 364 -19
145 164 -28
145 126 28
538 340 -13
538 518 19
360 358 -13
360 141 19
360 359 -8
23 21 28
23 25 28
23 22 -8
23 229 13
429 430 8
429 230 -19
429 41 13
210 212 -19
210 208 8
51 53 8
51 259 13
51 50 8
53 52 8
53 261 -28
53 441 -13
259 260 -13
259 462 28
259 279 -8
50 262 -19
50 32 8
50 69 -8
68 277 8
68 70 8
68 66 8
68 67 -19
258 256 -8
258 46 -8
258 260 8
228 19 -13
228 427 19
228 227 -28
228 230 -28
19 38 13
427 40 -13
427 428 -13
427 407 -19
427 447 28
227 21 -19
227 430 -19
227 247 19
230 232 19
230 229 8
100 490 -19
100 102 -19
100 99 -19
100 98 -28
102 104 -28
102 313 8
102 492 -8
102 101 13
99 117 13
99 314 -19
98 97 -28
98 96 8
332 330 -8
332 334 28
332 530 28
332 331 -8
330 114 19
330 528 -8
334 333 8
334 336 8
334 532 13
334 117 -28
530 531 13
530 136 -19
331 118 -13
331 533 19
277 479 19
277 278 8
70 69 -28
70 72 -19
70 279 -19
70 459 -13
66 64 19
66 455 -19
66 275 -19
67 280 13
325 305 8
325 345 -19
325 326 19
305 285 -19
345 346 28
345 365 -19
326 324 -19
326 111 -13
446 444 19
444 443 8
444 241 28
444 52 8
304 502 19
304 302 -8
304 90 -28
304 303 13
502 503 -8
502 522 -8
502 112 -8
502 482 19
302 500 13
302 301 -8
90 109 -19
90 71 -13
90 91 13
90 483 8
303 93 -19
303 323 -13
21 407 -8
407 208 19
464 463 13
464 71 13
464 261 -28
464 462 28
463 443 19
463 74 13
463 482 -28
71 72 28
71 284 -8
71 52 28
261 262 28
261 241 -8
261 281 -8
462 69 -13
462 461 28
118 116 -13
118 117 13
116 115 -8
116 508 8
117 135 -19
581 579 8
581 181 -28
581 583 28
581 580 -8
552 553 -8
552 532 19
176 178 13
245 246 -19
285 286 -8
17 406 19
224 223 -13
224 15 19
451 452 -28
451 431 -19
333 313 -28
336 338 -8
336 534 -19
336 335 28
532 512 19
532 533 -8
178 177 28
178 180 -8
178 574 13
517 516 28
517 315 28
517 515 13
517 519 28
517 120 19
516 123 28
516 536 13
516 318 -13
315 104 -8
315 316 19
315 295 8
315 335 -13
515 313 -13
515 514 19
519 122 -8
519 317 13
519 518 8
120 338 -28
120 139 -13
120 121 -28
508 310 -28
508 528 13
290 288 -19
290 289 -8
290 76 19
468 79 8
468 270 -8
181 182 13
416 213 -19
416 26 13
416 414 -28
416 418 28
416 415 19
213 233 8
213 193 28
213 214 -13
213 8 -28
26 27 13
26 7 -28
26 236 -8
414 211 8
414 413 -28
418 215 28
418 28 8
415 216 19
415 435 -28
415 29 -8
2 4 19
579 179 13
579 577 -13
579 377 -13
179 180 8
577 576 -8
577 375 28
577 177 -8
223 203 -28
244 443 28
244 246 -19
244 242 13
244 34 -28
475 82 -8
475 474 8
479 481 -13
479 478 -19
275 295 -28
4 3 -8
4 6 28
584 386 19
366 364 13
366 147 -19
366 365 -8
544 346 28
544 545 -19
459 260 8
459 478 -8
317 318 19
317 337 19
317 106 -8
499 497 19
499 105 19
499 498 8
531 529 8
531 533 -28
529 327 19
529 527 -28
529 131 8
529 528 28
533 135 13
215 216 19
215 10 19
215 235 13
398 396 8
398 9 13
398 397 -8
549 347 -13
549 547 19
549 548 -13
549 150 28
347 348 28
347 327 -13
347 132 -28
347 367 13
547 149 -19
547 546 -8
548 528 13
548 568 -13
548 153 19
150 151 19
150 370 -19
150 131 19
448 447 -8
448 450 13
448 56 19
447 58 8
447 467 -13
450 57 -8
450 452 8
450 247 -8
56 75 13
56 268 8
56 38 8
3 212 -28
3 22 -8
6 8 13
6 5 28
6 211 -19
6 391 -8
312 314 -13
312 310 -19
312 97 8
314 512 -28
314 316 8
314 313 -19
310 308 -13
346 344 -28
346 128 -28
545 343 -8
545 147 -28
202 401 8
202 201 8
202 200 8
401 421 -28
401 402 -8
201 221 -19
278 280 13
358 139 -8
358 556 19
139 537 13
139 158 28
139 140 -8
556 576 19
556 536 28
406 203 -8
93 92 -28
93 91 -8
93 482 8
92 111 8
92 73 13
92 485 8
91 480 -13
91 301 13
482 483 -28
482 284 19
256 455 8
455 435 8
455 474 19
104 106 19
104 494 28
106 105 8
494 474 -28
494 495 13
494 514 19
430 428 19
430 432 28
247 267 19
247 40 -19
280 279 -28
280 478 -13
280 282 -13
503 301 19
503 109 -28
500 520 19
500 480 -13
500 110 13
323 343 -8
323 324 -28
323 112 -19
323 525 -19
576 180 19
180 182 -13
40 41 -28
428 38 -28
74 72 -13
74 73 28
135 136 -28
135 154 -19
553 154 -28
554 159 19
554 534 13
554 574 -19
338 340 -13
338 536 8
338 337 -8
340 122 -28
536 537 -28
536 142 19
337 123 13
72 461 28
72 281 -8
73 286 -8
289 79 28
432 431 -19
432 229 28
288 75 -19
288 486 -8
486 506 28
486 467 -28
486 96 -19
123 121 13
123 125 -8
123 122 13
318 316 -28
27 25 -8
27 29 19
27 413 19
27 233 28
25 411 -19
25 231 -28
29 235 19
29 28 -19
413 393 -19
413 214 13
233 436 -28
233 234 -28
216 214 13
216 7 8
435 436 -28
435 236 8
121 514 -13
121 335 -19
125 518 -13
122 105 -13
122 141 -13
385 386 -19
385 365 -8
386 384 -19
182 184 19
212 411 -8
212 211 19
212 214 13
77 79 8
77 76 28
77 467 -28
76 57 13
467 268 -19
184 580 13
184 183 -28
523 525 -28
523 522 13
523 126 -13
525 128 19
522 129 19
522 542 13
522 324 -28
126 344 -8
126 109 -19
495 293 -28
495 497 13
495 101 -19
514 534 -28
514 316 -19
32 33 28
32 242 13
424 221 8
424 34 28
421 441 -8
286 284 13
284 282 13
393 8 -8
393 394 13
8 7 -28
8 10 19
394 396 8
394 191 13
394 5 28
355 140 -13
355 335 19
355 375 -19
140 534 8
140 142 19
335 537 13
375 159 28
568 569 -8
568 370 -19
153 151 19
153 155 -19
153 152 -19
109 324 -8
109 110 28
483 485 -19
483 481 19
483 281 19
396 7 -19
396 193 19
58 57 -13
58 267 8
58 60 28
151 546 13
151 367 8
155 154 -13
152 171 13
344 343 13
344 542 -13
343 129 -13
542 562 13
57 270 13
267 268 -8
60 59 -8
316 101 -28
295 497 -19
383 384 -8
383 167 -19
583 381 13
583 183 -19
583 582 8
221 241 13
142 141 28
452 59 -28
453 64 -8
129 128 -19
128 147 19
128 111 19
111 112 28
235 236 8
214 5 -8
506 308 19
506 526 8
506 115 8
480 481 -19
480 461 28
480 282 19
110 112 13
234 236 -28
234 232 19
301 281 -13
159 158 -8
158 177 8
307 308 -13
307 327 -8
307 96 -28
364 562 13
562 582 28
562 167 8
481 279 13
461 262 -8
461 441 -13
282 281 28
282 69 19
560 580 8
441 242 13
242 241 8
370 368 19
268 270 28
83 293 -19
83 82 13
293 294 28
293 313 -19
82 101 13
82 63 19
567 569 -8
567 168 28
546 348 13
546 526 -8
368 149 -28
368 367 28
260 262 13
64 63 8
327 115 19
526 527 -28
526 132 -13
569 367 8
115 114 19
114 131 28
512 492 28
411 431 13
411 391 8
22 232 13
15 34 19
294 492 13
192 191 28
192 391 19
191 211 28
164 384 -13
164 183 13
46 28 28
498 478 8
498 518 -19
131 132 -8
384 582 -8
431 232 -13
211 231 -13
52 34 8
232 231 -13
149 168 -19
9 10 8
9 28 19
