107 501 -28
107 124 13
107 322 19
107 108 -28
107 88 19
501 503 -8
501 500 28
501 299 -13
501 499 -8
124 143 19
124 125 13
124 521 8
124 342 -13
322 321 13
322 324 -19
322 320 13
322 520 -8
108 319 19
108 106 -8
108 110 -19
108 498 -8
88 89 19
88 69 -28
88 302 13
88 481 -13
220 218 -28
220 419 -13
220 222 13
220 11 -19
220 219 -19
218 217 -13
218 216 -8
218 417 -28
218 9 19
419 439 8
419 399 8
419 33 28
419 420 13
222 421 -28
222 13 -13
222 224 19
222 221 28
11 12 -8
11 30 28
11 400 -28
219 14 28
219 199 8
219 422 19
219 239 -8
541 339 13
541 540 28
541 543 19
541 539 8
541 143 28
339 319 -28
339 340 8
339 125 -28
339 359 -13
540 146 -8
540 560 -8
540 342 8
540 520 -8
543 341 -28
543 542 -19
543 145 -13
543 545 28
539 337 8
539 537 8
539 141 -19
539 538 8
143 144 8
143 362 -8
143 162 -28
12 14 -8
12 217 8
12 10 -8
12 397 13
30 420 19
30 31 8
30 240 19
30 48 -19
400 399 -28
400 398 13
400 197 28
400 402 -28
205 206 28
205 225 13
206 405 -8
206 204 -13
225 226 -8
225 245 8
559 357 8
559 558 -28
559 160 -19
559 561 8
559 557 -8
357 358 -28
357 142 8
357 377 -28
357 337 8
558 163 -8
558 578 -19
558 538 -28
558 360 28
160 380 13
160 179 -13
160 161 8
160 141 28
561 162 13
561 563 -13
561 359 8
561 560 -19
557 555 -19
557 355 19
557 158 -19
557 556 28
410 409 13
410 20 19
410 408 8
410 412 19
410 207 -13
409 23 28
409 429 -19
409 210 13
409 389 8
20 21 -8
20 1 8
20 39 13
20 230 13
408 19 8
408 407 -8
412 411 8
412 414 13
412 22 -13
412 209 -13
207 2 -13
207 227 -28
207 208 -13
207 187 13
156 175 -13
156 555 8
156 376 8
156 157 8
156 137 -13
175 176 13
175 575 -28
555 553 8
555 554 -13
555 353 -13
376 375 28
376 378 28
376 574 -13
376 374 -19
157 373 13
157 159 -13
157 155 -28
157 552 13
137 356 -19
137 138 13
137 535 -8
137 119 8
274 472 -28
274 273 -19
274 61 -8
274 276 28
274 272 -8
472 83 28
472 453 8
472 473 28
472 492 -13
273 253 28
273 64 13
273 293 -8
273 475 -8
61 454 19
61 62 -8
61 42 -19
61 80 19
276 63 -8
276 275 8
276 474 -8
276 278 -13
272 271 19
272 470 19
272 270 13
272 59 -13
458 65 13
458 460 -28
458 255 -13
458 457 -19
458 456 19
65 84 -19
65 66 19
65 278 -28
65 46 -8
460 67 8
460 257 28
460 459 28
460 462 8
255 256 -13
255 47 19
255 235 -19
255 275 19
457 437 19
457 68 -28
457 258 13
457 476 -28
456 253 -8
456 454 28
456 63 13
456 455 -19
454 452 8
454 453 13
454 251 -8
62 271 -8
62 64 19
62 60 -8
62 451 19
42 254 8
42 434 19
42 43 13
42 24 -13
80 294 28
80 81 -8
80 473 -8
80 99 -8
14 399 -19
14 13 13
14 16 13
399 200 8
13 402 -28
13 32 -8
16 15 -28
16 221 28
16 401 13
16 18 -19
570 571 8
570 550 -19
570 174 28
570 372 -28
571 573 28
571 369 -19
571 569 -19
571 171 -13
550 352 13
550 551 -13
550 530 28
550 155 13
174 176 28
174 172 19
174 173 13
372 152 -13
372 370 28
372 371 28
372 374 -13
170 172 -28
170 566 28
170 169 13
172 171 8
172 568 -8
566 567 -13
566 546 -28
566 368 19
169 569 -19
169 150 28
263 243 19
263 466 -28
263 264 -19
263 283 -8
263 55 13
243 37 19
243 446 19
243 223 28
243 244 8
466 464 -13
466 73 -8
466 465 -8
264 266 -13
264 463 -13
264 262 19
264 52 19
283 303 -8
283 74 -13
283 284 -19
283 485 28
55 443 13
55 54 13
55 53 -13
511 309 19
511 509 13
511 510 -19
511 513 -19
309 329 13
309 289 -19
309 310 -19
309 98 19
509 507 19
509 114 8
509 307 8
509 508 13
510 118 28
510 312 -13
510 490 8
510 530 -28
513 117 8
513 512 -19
513 515 28
513 311 -13
113 94 13
113 328 -8
113 507 -8
113 130 -28
94 75 -13
94 308 28
94 487 28
328 327 8
328 526 -8
328 330 -28
507 506 -19
130 348 -19
130 527 -8
130 149 -19
504 306 19
504 524 -8
504 484 8
504 505 -8
306 304 28
306 92 28
306 305 -19
524 544 28
524 525 28
524 326 -13
484 286 -13
484 465 -19
484 485 -28
505 303 -19
505 503 -13
505 111 -8
380 382 8
380 578 -28
380 378 8
380 379 -28
382 162 8
382 384 -8
382 580 13
382 381 19
578 579 19
578 182 13
378 576 19
378 158 -8
378 377 19
379 163 13
379 581 8
379 359 28
573 173 -19
573 575 8
573 371 8
573 572 28
173 154 -19
575 373 -13
575 574 8
575 577 8
371 351 28
371 155 19
572 374 -19
572 552 -8
572 176 -19
266 54 19
266 465 -13
266 265 -28
54 446 28
54 36 19
465 445 -19
265 245 -13
265 285 -8
237 31 -19
237 440 -8
237 257 19
237 238 13
237 217 13
31 33 -28
31 29 19
31 417 -13
440 442 -8
440 48 -8
440 439 19
440 438 28
257 277 -8
257 258 -13
257 49 28
238 437 19
238 240 13
238 236 13
238 28 -28
217 197 -13
217 420 28
471 469 13
471 78 28
471 470 -28
471 473 13
471 269 19
469 267 -8
469 76 19
469 468 13
78 97 -19
78 79 -8
78 59 -8
78 292 -13
470 490 8
470 451 -8
470 81 28
473 271 -8
473 475 -28
269 249 -19
269 270 28
269 289 28
269 60 8
356 358 -28
356 355 -8
356 554 -28
356 354 -8
138 136 -28
138 353 13
138 532 8
138 140 28
535 534 28
535 537 -19
535 333 8
535 533 8
119 336 -13
119 101 28
119 515 28
341 321 -13
341 127 19
341 361 28
341 342 13
321 523 -28
321 110 -13
321 301 28
127 129 13
127 125 -8
127 520 -19
127 126 28
361 146 19
361 362 19
361 563 -28
361 381 -8
342 344 8
342 340 19
254 256 19
254 253 -19
254 453 8
254 252 -8
434 436 -19
434 433 -19
434 432 -8
434 231 13
43 45 13
43 41 28
43 251 -8
43 431 -28
24 234 -19
24 414 -19
24 5 -13
24 25 8
489 491 13
489 287 -8
489 487 8
489 95 28
489 488 -8
491 97 13
491 490 -13
491 493 -19
491 289 -28
287 288 -19
287 77 -8
287 307 8
287 267 -8
487 486 19
95 114 8
95 76 -28
95 96 -13
95 310 8
488 508 -13
488 290 -13
488 468 -28
488 98 8
163 165 -28
163 162 -13
163 161 -13
165 560 19
165 164 19
165 167 -13
165 381 28
162 181 28
161 159 8
161 556 -8
161 377 13
291 292 -13
291 271 -28
291 493 19
291 311 13
291 81 13
292 294 28
292 490 19
292 290 28
271 251 19
493 99 19
493 495 19
493 492 8
311 100 19
311 312 -8
311 331 13
81 83 19
81 79 -19
388 390 19
388 387 -8
388 0 -19
390 389 -19
390 392 -28
390 187 -8
390 1 19
387 407 13
387 2 13
387 188 8
0 19 -19
0 208 13
420 422 8
420 418 -8
240 439 -19
240 242 -13
240 239 -28
48 67 28
48 49 13
48 260 -13
189 190 28
189 209 8
189 392 19
190 192 19
190 389 -13
190 188 -8
209 4 -28
209 210 19
209 229 -8
392 3 8
392 394 -28
392 391 28
437 438 19
437 417 -28
437 49 -19
438 436 -19
438 235 -8
438 46 8
417 418 19
417 397 8
49 51 13
49 47 -8
45 433 8
45 44 8
45 47 -13
45 253 -13
433 453 8
433 234 -19
433 413 8
44 256 -19
44 436 28
44 26 -28
44 63 -13
47 46 13
47 435 -19
253 233 -28
565 166 8
565 564 8
565 363 28
565 563 -13
166 185 13
166 167 28
166 386 -8
166 147 8
564 584 -13
564 366 28
564 544 -19
363 364 8
363 343 19
363 148 28
363 383 8
563 164 8
563 562 8
319 521 8
319 320 -28
319 299 8
521 523 8
521 519 -19
521 520 -13
320 318 19
320 105 -28
320 518 19
299 300 -13
299 89 -8
299 279 -19
185 585 13
185 186 -8
585 584 8
585 383 13
585 583 -28
186 184 28
186 582 8
442 239 -8
442 444 -19
442 50 -28
442 441 -28
439 51 -19
439 459 19
197 198 -13
298 300 19
298 297 8
298 296 -13
298 84 19
298 496 8
300 302 -13
300 86 -13
300 498 13
297 87 28
297 277 13
297 317 -13
297 499 -13
296 494 -13
296 294 -8
296 82 28
296 295 -19
84 477 -28
84 103 8
84 85 -28
496 516 28
496 476 28
496 497 8
496 106 13
349 551 -28
349 350 -28
349 369 -8
349 329 13
349 134 -13
551 549 8
551 152 13
551 553 13
350 352 19
350 548 13
350 348 -28
350 131 19
369 153 -19
369 370 -28
329 531 -19
329 330 8
329 116 8
134 136 -8
134 133 28
134 132 -28
134 528 -8
37 423 -28
37 35 28
37 36 19
423 403 28
423 443 19
423 424 13
423 224 8
35 421 -8
35 33 -8
35 34 19
35 241 -19
36 246 8
36 17 -8
36 426 28
477 475 -19
477 479 28
477 476 13
477 275 -19
103 104 13
103 318 28
103 497 19
103 120 -19
85 87 19
85 83 19
85 474 -19
85 295 -13
425 226 8
425 405 -19
425 445 28
425 426 19
226 17 13
226 224 -19
405 406 13
445 446 -13
445 246 8
426 424 -8
426 223 8
196 194 28
196 195 -8
196 395 8
196 198 -8
194 393 -28
194 192 19
194 193 -28
195 215 28
195 398 8
395 415 -8
395 396 13
395 10 28
198 200 -19
198 397 -8
389 4 28
187 188 -28
1 2 8
1 210 28
373 374 -28
373 353 -28
374 154 -28
353 354 -19
353 333 28
251 252 19
251 231 19
352 351 -8
352 354 -13
352 133 -8
351 331 8
351 136 13
351 553 28
354 552 19
354 135 28
133 531 19
133 152 8
87 86 8
87 476 -19
87 89 -28
86 67 19
86 105 13
86 479 -13
476 278 28
89 478 19
89 91 28
250 248 19
250 252 8
250 449 28
250 39 13
250 249 -28
248 447 28
248 38 28
248 247 -8
252 451 8
449 429 8
449 450 -19
449 60 -28
449 468 8
39 430 -19
39 57 28
39 40 8
249 41 19
249 452 19
249 229 19
144 146 -8
144 142 13
144 359 -28
144 538 8
362 364 8
362 560 -13
362 360 13
199 402 -13
199 200 28
422 32 19
422 424 19
422 421 -28
239 259 19
239 33 19
403 204 -8
403 18 28
403 404 -8
204 202 -19
204 203 -28
18 17 13
18 223 19
404 201 8
404 402 13
404 406 13
404 15 28
146 148 -13
146 145 19
148 542 -19
148 147 28
145 364 8
145 164 -8
145 126 -13
538 340 -19
538 518 -19
360 358 28
360 141 -13
360 359 8
23 21 28
23 25 -19
23 22 19
23 229 -8
429 430 8
429 230 -19
429 41 -8
210 212 -13
210 208 19
51 53 -13
51 259 -28
51 50 13
53 52 -19
53 261 -19
53 441 -8
259 260 8
259 462 28
259 279 -8
50 262 28
50 32 19
50 69 -13
68 277 13
68 70 -19
68 66 19
68 67 8
258 256 28
258 46 13
258 260 8
228 19 8
228 427 -13
228 227 -19
228 230 28
19 38 -13
427 40 -13
427 428 -28
427 407 -28
427 447 28
227 21 -19
227 430 -13
227 247 -8
230 232 -8
230 229 8
100 490 -28
100 102 13
100 99 -28
100 98 -19
102 104 19
102 313 -28
102 492 -19
102 101 -19
99 117 13
99 314 13
98 97 28
98 96 -28
332 330 -19
332 334 -28
332 530 13
332 331 -8
330 114 -19
330 528 -19
334 333 13
334 336 19
334 532 13
334 117 8
530 531 8
530 136 -13
331 118 19
331 533 -13
277 479 -28
277 278 -8
70 69 19
70 72 28
70 279 -28
70 459 28
66 64 28
66 455 -13
66 275 -28
67 280 8
325 305 13
325 345 13
325 326 -28
305 285 -8
345 346 13
345 365 28
326 324 28
326 111 -28
446 444 -28
444 443 -13
444 241 -19
444 52 28
304 502 28
304 302 28
304 90 -19
304 303 -28
502 503 8
502 522 8
502 112 -8
502 482 13
302 500 -19
302 301 28
90 109 -19
90 71 -19
90 91 19
90 483 -8
303 93 -28
303 323 -8
21 407 -13
407 208 13
464 463 28
464 71 13
464 261 -28
464 462 -13
463 443 -19
463 74 8
463 482 8
71 72 19
71 284 19
71 52 8
261 262 28
261 241 -28
261 281 -13
462 69 19
462 461 -8
118 116 19
118 117 19
116 115 -28
116 508 19
117 135 19
581 579 19
581 181 -8
581 583 -8
581 580 -8
552 553 8
552 532 -28
176 178 28
245 246 13
285 286 8
17 406 13
224 223 28
224 15 -8
451 452 8
451 431 -19
333 313 28
336 338 -13
336 534 -13
336 335 19
532 512 8
532 533 28
178 177 13
178 180 -28
178 574 -19
517 516 -8
517 315 13
517 515 -19
517 519 28
517 120 -8
516 123 -28
516 536 -28
516 318 -8
315 104 19
315 316 -28
315 295 -8
315 335 -28
515 313 -19
515 514 -8
519 122 28
519 317 19
519 518 8
120 338 13
120 139 8
120 121 -8
508 310 13
508 528 28
290 288 -13
290 289 13
290 76 -28
468 79 19
468 270 -13
181 182 -13
416 213 -28
416 26 -13
416 414 -19
416 418 -8
416 415 8
213 233 13
213 193 -19
213 214 -28
213 8 28
26 27 -28
26 7 -19
26 236 -8
414 211 28
414 413 28
418 215 8
418 28 8
415 216 28
415 435 19
415 29 -8
2 4 -28
579 179 28
579 577 28
579 377 8
179 180 8
577 576 -19
577 375 -28
577 177 8
223 203 -28
244 443 -28
244 246 28
244 242 -19
244 34 13
475 82 -13
475 474 13
479 481 28
479 478 -28
275 295 28
4 3 -13
4 6 19
584 386 13
366 364 -19
366 147 -13
366 365 19
544 346 -28
544 545 -13
459 260 28
459 478 -28
317 318 28
317 337 -19
317 106 -19
499 497 -19
499 105 8
499 498 28
531 529 28
531 533 8
529 327 8
529 527 -28
529 131 8
529 528 13
533 135 -19
215 216 19
215 10 13
215 235 -19
398 396 -28
398 9 -19
398 397 28
549 347 -13
549 547 19
549 548 -19
549 150 19
347 348 8
347 327 -19
347 132 -13
347 367 8
547 149 -8
547 546 -28
548 528 8
548 568 -19
548 153 8
150 151 28
150 370 8
150 131 8
448 447 -28
448 450 28
448 56 -8
447 58 19
447 467 19
450 57 28
450 452 -8
450 247 28
56 75 -13
56 268 28
56 38 -13
3 212 19
3 22 -8
6 8 -28
6 5 -19
6 211 19
6 391 19
312 314 8
312 310 -19
312 97 8
314 512 19
314 316 8
314 313 -28
310 308 -28
346 344 19
346 128 8
545 343 19
545 147 8
202 401 -13
202 201 -13
202 200 19
401 421 28
401 402 19
201 221 28
278 280 -19
358 139 -13
358 556 -28
139 537 -13
139 158 13
139 140 28
556 576 8
556 536 28
406 203 8
93 92 28
93 91 28
93 482 19
92 111 -13
92 73 28
92 485 -13
91 480 -19
91 301 -19
482 483 19
482 284 -8
256 455 -19
455 435 13
455 474 13
104 106 8
104 494 -8
106 105 19
494 474 19
494 495 -28
494 514 -28
430 428 -8
430 432 -8
247 267 8
247 40 19
280 279 8
280 478 -8
280 282 19
503 301 8
503 109 28
500 520 8
500 480 -19
500 110 -8
323 343 8
323 324 -19
323 112 -13
323 525 19
576 180 13
180 182 19
40 41 28
428 38 -28
74 72 13
74 73 28
135 136 -28
135 154 -19
553 154 -13
554 159 13
554 534 -13
554 574 19
338 340 -8
338 536 8
338 337 -8
340 122 -8
536 537 8
536 142 -13
337 123 -13
72 461 -19
72 281 13
73 286 19
289 79 -19
432 431 -28
432 229 19
288 75 28
288 486 -19
486 506 13
486 467 -19
486 96 13
123 121 28
123 125 19
123 122 8
318 316 -8
27 25 28
27 29 8
27 413 19
27 233 28
25 411 -28
25 231 -8
29 235 28
29 28 8
413 393 -8
413 214 28
233 436 8
233 234 28
216 214 -19
216 7 -8
435 436 -28
435 236 8
121 514 19
121 335 19
125 518 13
122 105 -8
122 141 28
385 386 28
385 365 -8
386 384 13
182 184 8
212 411 19
212 211 28
212 214 -13
77 79 -13
77 76 -13
77 467 8
76 57 8
467 268 28
184 580 13
184 183 -28
523 525 -13
523 522 8
523 126 -8
525 128 -19
522 129 -28
522 542 8
522 324 28
126 344 -28
126 109 28
495 293 28
495 497 -8
495 101 -28
514 534 -8
514 316 8
32 33 -28
32 242 -8
424 221 8
424 34 8
421 441 28
286 284 -28
284 282 -8
393 8 19
393 394 -13
8 7 19
8 10 19
394 396 -8
394 191 28
394 5 13
355 140 8
355 335 -28
355 375 -28
140 534 -8
140 142 19
335 537 13
375 159 19
568 569 8
568 370 13
153 151 28
153 155 19
153 152 -28
109 324 -8
109 110 19
483 485 8
483 481 8
483 281 13
396 7 19
396 193 -19
58 57 -28
58 267 -13
58 60 19
151 546 -19
151 367 8
155 154 -28
152 171 -28
344 343 -19
344 542 19
343 129 8
542 562 -19
57 270 -19
267 268 8
60 59 28
316 101 -13
295 497 -28
383 384 -13
383 167 13
583 381 -28
583 183 8
583 582 19
221 241 28
142 141 -13
452 59 -19
453 64 13
129 128 13
128 147 28
128 111 -13
111 112 -28
235 236 -8
214 5 -28
506 308 -13
506 526 -28
506 115 8
480 481 -8
480 461 19
480 282 19
110 112 13
234 236 -8
234 232 13
301 281 -28
159 158 19
158 177 -28
307 308 8
307 327 8
307 96 -28
364 562 13
562 582 -19
562 167 28
481 279 -8
461 262 19
461 441 13
282 281 -19
282 69 13
560 580 -19
441 242 -8
242 241 -28
370 368 -13
268 270 -13
83 293 13
83 82 -19
293 294 19
293 313 8
82 101 19
82 63 8
567 569 19
567 168 8
546 348 -8
546 526 28
368 149 19
368 367 13
260 262 13
64 63 19
327 115 -13
526 527 13
526 132 19
569 367 -13
115 114 -28
114 131 -19
512 492 -8
411 431 -19
411 391 -13
22 232 -8
15 34 -28
294 492 13
192 191 -19
192 391 -8
191 211 19
164 384 -19
164 183 28
46 28 13
498 478 28
498 518 -8
131 132 -8
384 582 -8
431 232 8
211 231 28
52 34 13
232 231 -19
149 168 -13
9 10 -13
9 28 -28
