107 501 -28
107 124 28
107 322 -28
107 108 -28
107 88 -8
501 503 -8
501 500 -28
501 299 8
501 499 -13
124 143 -28
124 125 -13
124 521 19
124 342 19
322 321 19
322 324 8
322 320 -28
322 520 13
108 319 -13
108 106 28
108 110 -13
108 498 -19
88 89 -28
88 69 8
88 302 -13
88 481 -28
220 218 -28
220 419 28
220 222 -13
220 11 19
220 219 8
218 217 13
218 216 -28
218 417 28
218 9 19
419 439 28
419 399 -19
419 33 19
419 420 28
222 421 -13
222 13 19
222 224 -28
222 221 -8
11 12 -13
11 30 -8
11 400 -28
219 14 -8
219 199 -8
219 422 8
219 239 -8
541 339 -28
541 540 -8
541 543 -8
541 539 -19
541 143 28
339 319 -8
339 340 -8
339 125 19
339 359 13
540 146 -8
540 560 -8
540 342 13
540 520 19
543 341 8
543 542 -19
543 145 13
543 545 -8
539 337 8
539 537 19
539 141 -13
539 538 8
143 144 19
143 362 13
143 162 8
12 14 8
12 217 28
12 10 -8
12 397 13
30 420 -19
30 31 13
30 240 -8
30 48 -28
400 399 13
400 398 8
400 197 -8
400 402 19
205 206 28
205 225 8
206 405 13
206 204 13
225 226 -28
225 245 -8
559 357 19
559 558 8
559 160 28
559 561 13
559 557 8
357 358 28
357 142 19
357 377 -8
357 337 19
558 163 8
558 578 -8
558 538 -19
558 360 -28
160 380 28
160 179 -13
160 161 -28
160 141 19
561 162 -19
561 563 13
561 359 -28
561 560 -19
557 555 -13
557 355 -19
557 158 -8
557 556 -19
410 409 19
410 20 19
410 408 13
410 412 -8
410 207 13
409 23 -28
409 429 13
409 210 -13
409 389 -19
20 21 -8
20 1 -8
20 39 -13
20 230 19
408 19 19
408 407 -8
412 411 -8
412 414 -8
412 22 -8
412 209 -28
207 2 -28
207 227 13
207 208 -19
207 187 -8
156 175 8
156 555 -13
156 376 19
156 157 13
156 137 8
175 176 -8
175 575 -19
555 553 19
555 554 -28
555 353 -19
376 375 -19
376 378 13
376 574 28
376 374 -19
157 373 19
157 159 19
157 155 13
157 552 -8
137 356 -13
137 138 8
137 535 -19
137 119 13
274 472 -8
274 273 -8
274 61 13
274 276 28
274 272 -19
472 83 13
472 453 -28
472 473 -28
472 492 13
273 253 19
273 64 -8
273 293 -8
273 475 -19
61 454 -8
61 62 -8
61 42 -13
61 80 13
276 63 13
276 275 -13
276 474 -28
276 278 -19
272 271 8
272 470 13
272 270 8
272 59 8
458 65 -19
458 460 8
458 255 19
458 457 13
458 456 -28
65 84 19
65 66 -28
65 278 13
65 46 28
460 67 13
460 257 -28
460 459 13
460 462 19
255 256 8
255 47 -8
255 235 -13
255 275 13
457 437 19
457 68 28
457 258 -19
457 476 -19
456 253 28
456 454 -8
456 63 -8
456 455 13
454 452 -13
454 453 -8
454 251 13
62 271 28
62 64 19
62 60 -8
62 451 -13
42 254 -13
42 434 19
42 43 19
42 24 28
80 294 19
80 81 19
80 473 -19
80 99 19
14 399 -28
14 13 8
14 16 28
399 200 19
13 402 28
13 32 -13
16 15 -19
16 221 -8
16 401 -19
16 18 -28
570 571 -8
570 550 -8
570 174 -19
570 372 -28
571 573 -28
571 369 -8
571 569 -19
571 171 -28
550 352 28
550 551 8
550 530 -28
550 155 8
174 176 -13
174 172 -8
174 173 -8
372 152 19
372 370 28
372 371 -8
372 374 8
170 172 13
170 566 13
170 169 13
172 171 -8
172 568 -28
566 567 8
566 546 -28
566 368 -13
169 569 -28
169 150 13
263 243 28
263 466 28
263 264 -19
263 283 -8
263 55 13
243 37 13
243 446 -13
243 223 13
243 244 -8
466 464 8
466 73 -28
466 465 -19
264 266 -28
264 463 -19
264 262 -13
264 52 8
283 303 28
283 74 -8
283 284 19
283 485 8
55 443 -19
55 54 13
55 53 19
511 309 28
511 509 -8
511 510 28
511 513 19
309 329 -19
309 289 -8
309 310 19
309 98 -13
509 507 -28
509 114 28
509 307 8
509 508 19
510 118 13
510 312 -28
510 490 13
510 530 8
513 117 28
513 512 -13
513 515 -28
513 311 -13
113 94 -8
113 328 28
113 507 -8
113 130 19
94 75 8
94 308 -19
94 487 8
328 327 -8
328 526 -8
328 330 -28
507 506 19
130 348 -28
130 527 -8
130 149 -28
504 306 8
504 524 -28
504 484 -19
504 505 -28
306 304 28
306 92 -13
306 305 -28
524 544 -8
524 525 8
524 326 -8
484 286 8
484 465 -8
484 485 19
505 303 -28
505 503 -19
505 111 28
380 382 -19
380 578 -8
380 378 -28
380 379 -28
382 162 -13
382 384 8
382 580 -28
382 381 -8
578 579 8
578 182 -19
378 576 19
378 158 8
378 377 -19
379 163 -19
379 581 -28
379 359 -8
573 173 -13
573 575 -8
573 371 -19
573 572 19
173 154 19
575 373 28
575 574 28
575 577 -13
371 351 28
371 155 -28
572 374 -8
572 552 -8
572 176 8
266 54 13
266 465 19
266 265 -28
54 446 8
54 36 -13
465 445 13
265 245 19
265 285 -8
237 31 -13
237 440 8
237 257 -8
237 238 19
237 217 -13
31 33 28
31 29 -8
31 417 -8
440 442 28
440 48 -19
440 439 -19
440 438 28
257 277 -8
257 258 19
257 49 13
238 437 -13
238 240 -19
238 236 -19
238 28 -13
217 197 -28
217 420 -13
471 469 28
471 78 -13
471 470 -19
471 473 -19
471 269 -8
469 267 -13
469 76 -28
469 468 -19
78 97 13
78 79 -28
78 59 19
78 292 13
470 490 8
470 451 28
470 81 13
473 271 -28
473 475 19
269 249 -8
269 270 19
269 289 13
269 60 28
356 358 13
356 355 -28
356 554 -13
356 354 19
138 136 28
138 353 -13
138 532 8
138 140 -13
535 534 -8
535 537 -19
535 333 -8
535 533 8
119 336 -19
119 101 -13
119 515 -8
341 321 -8
341 127 -13
341 361 -19
341 342 -13
321 523 28
321 110 13
321 301 8
127 129 -13
127 125 13
127 520 28
127 126 28
361 146 8
361 362 -28
361 563 -28
361 381 -28
342 344 -13
342 340 -28
254 256 13
254 253 -28
254 453 13
254 252 13
434 436 -13
434 433 -8
434 432 28
434 231 8
43 45 -28
43 41 13
43 251 19
43 431 -8
24 234 -13
24 414 -19
24 5 8
24 25 28
489 491 -19
489 287 28
489 487 13
489 95 8
489 488 -19
491 97 -8
491 490 28
491 493 -8
491 289 19
287 288 -8
287 77 8
287 307 8
287 267 8
487 486 28
95 114 -28
95 76 28
95 96 -19
95 310 8
488 508 8
488 290 -19
488 468 -28
488 98 -19
163 165 8
163 162 -19
163 161 28
165 560 -8
165 164 -8
165 167 19
165 381 19
162 181 -19
161 159 -28
161 556 19
161 377 28
291 292 -28
291 271 13
291 493 -13
291 311 19
291 81 -8
292 294 13
292 490 -19
292 290 13
271 251 -13
493 99 -19
493 495 8
493 492 19
311 100 -28
311 312 -13
311 331 -13
81 83 28
81 79 28
388 390 13
388 387 -19
388 0 13
390 389 8
390 392 13
390 187 -8
390 1 8
387 407 -13
387 2 -13
387 188 28
0 19 -19
0 208 8
420 422 8
420 418 -8
240 439 13
240 242 -28
240 239 13
48 67 -19
48 49 -19
48 260 8
189 190 -19
189 209 19
189 392 19
190 192 -13
190 389 13
190 188 -19
209 4 19
209 210 -13
209 229 8
392 3 -28
392 394 8
392 391 19
437 438 -19
437 417 -8
437 49 8
438 436 28
438 235 13
438 46 19
417 418 -13
417 397 -28
49 51 19
49 47 -13
45 433 -28
45 44 -8
45 47 8
45 253 -28
433 453 -8
433 234 -19
433 413 -8
44 256 28
44 436 28
44 26 13
44 63 19
47 46 -19
47 435 8
253 233 13
565 166 -8
565 564 19
565 363 -8
565 563 28
166 185 19
166 167 28
166 386 -8
166 147 28
564 584 8
564 366 28
564 544 -28
363 364 19
363 343 -28
363 148 -19
363 383 -28
563 164 19
563 562 8
319 521 28
319 320 8
319 299 28
521 523 -8
521 519 -13
521 520 -8
320 318 28
320 105 28
320 518 -13
299 300 19
299 89 -19
299 279 -19
185 585 13
185 186 8
585 584 8
585 383 -19
585 583 -13
186 184 19
186 582 8
442 239 -13
442 444 -13
442 50 -8
442 441 13
439 51 -8
439 459 8
197 198 19
298 300 -8
298 297 28
298 296 -19
298 84 -19
298 496 -13
300 302 8
300 86 -13
300 498 13
297 87 13
297 277 -8
297 317 -8
297 499 28
296 494 13
296 294 -13
296 82 19
296 295 -28
84 477 -8
84 103 8
84 85 -8
496 516 19
496 476 28
496 497 8
496 106 -8
349 551 19
349 350 -28
349 369 -28
349 329 8
349 134 -19
551 549 -19
551 152 -19
551 553 -8
350 352 8
350 548 19
350 348 -8
350 131 -13
369 153 13
369 370 13
329 531 -19
329 330 -13
329 116 -28
134 136 -13
134 133 28
134 132 13
134 528 -19
37 423 -19
37 35 13
37 36 19
423 403 13
423 443 -13
423 424 -8
423 224 13
35 421 19
35 33 -19
35 34 13
35 241 13
36 246 13
36 17 8
36 426 -13
477 475 28
477 479 19
477 476 13
477 275 -19
103 104 -8
103 318 -8
103 497 -19
103 120 13
85 87 28
85 83 -13
85 474 8
85 295 13
425 226 -8
425 405 -8
425 445 -28
425 426 -28
226 17 19
226 224 19
405 406 19
445 446 28
445 246 -8
426 424 -28
426 223 -19
196 194 13
196 195 -13
196 395 8
196 198 19
194 393 8
194 192 -8
194 193 28
195 215 -28
195 398 -19
395 415 8
395 396 -8
395 10 -13
198 200 13
198 397 28
389 4 -19
187 188 -28
1 2 -8
1 210 -8
373 374 8
373 353 8
374 154 -19
353 354 -13
353 333 13
251 252 19
251 231 -8
352 351 28
352 354 13
352 133 13
351 331 13
351 136 -8
351 553 28
354 552 8
354 135 -19
133 531 -28
133 152 19
87 86 -13
87 476 -8
87 89 -19
86 67 -13
86 105 -8
86 479 8
476 278 -19
89 478 8
89 91 19
250 248 8
250 252 -28
250 449 -13
250 39 28
250 249 -28
248 447 -28
248 38 8
248 247 28
252 451 19
449 429 13
449 450 -8
449 60 8
449 468 -8
39 430 8
39 57 28
39 40 -28
249 41 28
249 452 -13
249 229 13
144 146 -13
144 142 8
144 359 8
144 538 13
362 364 8
362 560 8
362 360 -13
199 402 -28
199 200 13
422 32 -28
422 424 8
422 421 -8
239 259 -8
239 33 8
403 204 28
403 18 -19
403 404 -8
204 202 19
204 203 28
18 17 28
18 223 8
404 201 -8
404 402 13
404 406 19
404 15 -28
146 148 -8
146 145 -8
148 542 -13
148 147 -19
145 364 28
145 164 8
145 126 28
538 340 8
538 518 -28
360 358 13
360 141 -8
360 359 19
23 21 -13
23 25 -13
23 22 28
23 229 13
429 430 28
429 230 -8
429 41 8
210 212 8
210 208 -8
51 53 -8
51 259 8
51 50 -28
53 52 19
53 261 -19
53 441 8
259 260 -19
259 462 19
259 279 -8
50 262 19
50 32 28
50 69 -13
68 277 8
68 70 13
68 66 -13
68 67 -28
258 256 19
258 46 28
258 260 13
228 19 -19
228 427 -13
228 227 -8
228 230 19
19 38 19
427 40 -28
427 428 -13
427 407 28
427 447 -8
227 21 -8
227 430 13
227 247 -13
230 232 19
230 229 -8
100 490 13
100 102 -19
100 99 13
100 98 28
102 104 -28
102 313 28
102 492 28
102 101 13
99 117 13
99 314 19
98 97 8
98 96 19
332 330 28
332 334 13
332 530 19
332 331 8
330 114 19
330 528 -13
334 333 13
334 336 -28
334 532 -8
334 117 19
530 531 13
530 136 19
331 118 -8
331 533 13
277 479 -8
277 278 -8
70 69 -8
70 72 19
70 279 13
70 459 -28
66 64 28
66 455 28
66 275 -13
67 280 19
325 305 19
325 345 -13
325 326 -19
305 285 19
345 346 -8
345 365 -8
326 324 -8
326 111 19
446 444 19
444 443 -28
444 241 -8
444 52 28
304 502 -13
304 302 -28
304 90 19
304 303 28
502 503 19
502 522 28
502 112 19
502 482 -28
302 500 -13
302 301 13
90 109 -19
90 71 28
90 91 -8
90 483 -8
303 93 -19
303 323 13
21 407 -8
407 208 28
464 463 -8
464 71 -13
464 261 -19
464 462 -28
463 443 19
463 74 28
463 482 28
71 72 8
71 284 -19
71 52 19
261 262 -13
261 241 -19
261 281 19
462 69 -13
462 461 -8
118 116 -13
118 117 19
116 115 28
116 508 -8
117 135 -13
581 579 -19
581 181 -13
581 583 -8
581 580 19
552 553 28
552 532 -8
176 178 8
245 246 -28
285 286 -13
17 406 -13
224 223 -19
224 15 8
451 452 19
451 431 -28
333 313 -8
336 338 -28
336 534 19
336 335 13
532 512 19
532 533 28
178 177 -8
178 180 13
178 574 19
517 516 -28
517 315 19
517 515 -8
517 519 -8
517 120 -13
516 123 8
516 536 8
516 318 -19
315 104 -13
315 316 19
315 295 8
315 335 -19
515 313 13
515 514 -8
519 122 28
519 317 -19
519 518 19
120 338 13
120 139 8
120 121 13
508 310 28
508 528 -28
290 288 8
290 289 -19
290 76 -8
468 79 -8
468 270 8
181 182 8
416 213 -28
416 26 -28
416 414 28
416 418 19
416 415 8
213 233 -13
213 193 19
213 214 19
213 8 -8
26 27 -8
26 7 8
26 236 28
414 211 -19
414 413 8
418 215 -13
418 28 -13
415 216 -28
415 435 -8
415 29 -19
2 4 -19
579 179 -8
579 577 -13
579 377 -28
179 180 -13
577 576 19
577 375 -8
577 177 8
223 203 13
244 443 -8
244 246 19
244 242 -19
244 34 8
475 82 -19
475 474 13
479 481 8
479 478 -13
275 295 8
4 3 -13
4 6 -28
584 386 28
366 364 8
366 147 28
366 365 -8
544 346 -19
544 545 -28
459 260 -13
459 478 28
317 318 -13
317 337 -8
317 106 -19
499 497 8
499 105 -8
499 498 -19
531 529 -28
531 533 19
529 327 19
529 527 -8
529 131 28
529 528 28
533 135 13
215 216 -13
215 10 -28
215 235 -28
398 396 19
398 9 8
398 397 -28
549 347 -28
549 547 28
549 548 13
549 150 -8
347 348 8
347 327 -19
347 132 -19
347 367 8
547 149 8
547 546 -28
548 528 -28
548 568 -28
548 153 28
150 151 28
150 370 13
150 131 -28
448 447 19
448 450 -8
448 56 -8
447 58 -8
447 467 -28
450 57 -13
450 452 -28
450 247 -28
56 75 -28
56 268 -28
56 38 -19
3 212 -13
3 22 28
6 8 -19
6 5 -19
6 211 13
6 391 28
312 314 -13
312 310 -28
312 97 -8
314 512 -19
314 316 8
314 313 8
310 308 -8
346 344 8
346 128 -13
545 343 -19
545 147 28
202 401 8
202 201 8
202 200 13
401 421 28
401 402 -8
201 221 28
278 280 8
358 139 -13
358 556 28
139 537 -19
139 158 -8
139 140 13
556 576 -28
556 536 28
406 203 -13
93 92 28
93 91 8
93 482 -28
92 111 -8
92 73 19
92 485 -28
91 480 19
91 301 -28
482 483 13
482 284 -28
256 455 13
455 435 19
455 474 13
104 106 -13
104 494 -19
106 105 -28
494 474 -19
494 495 28
494 514 -19
430 428 8
430 432 -13
247 267 19
247 40 13
280 279 13
280 478 13
280 282 28
503 301 -28
503 109 28
500 520 -13
500 480 -28
500 110 28
323 343 -19
323 324 28
323 112 -19
323 525 28
576 180 28
180 182 -8
40 41 -19
428 38 8
74 72 13
74 73 19
135 136 -28
135 154 13
553 154 28
554 159 -13
554 534 28
554 574 -28
338 340 -8
338 536 28
338 337 -13
340 122 28
536 537 -8
536 142 -28
337 123 -28
72 461 13
72 281 8
73 286 -8
289 79 -8
432 431 28
432 229 -13
288 75 -8
288 486 -8
486 506 -19
486 467 13
486 96 13
123 121 13
123 125 -8
123 122 -19
318 316 19
27 25 -28
27 29 -28
27 413 -28
27 233 -28
25 411 8
25 231 28
29 235 -28
29 28 13
413 393 -13
413 214 -13
233 436 19
233 234 13
216 214 8
216 7 13
435 436 -13
435 236 8
121 514 19
121 335 28
125 518 -8
122 105 8
122 141 -8
385 386 13
385 365 -28
386 384 -13
182 184 -8
212 411 19
212 211 -28
212 214 -13
77 79 13
77 76 19
77 467 -19
76 57 28
467 268 -28
184 580 28
184 183 -28
523 525 19
523 522 -8
523 126 -8
525 128 -28
522 129 19
522 542 19
522 324 13
126 344 -8
126 109 19
495 293 28
495 497 28
495 101 8
514 534 -19
514 316 19
32 33 8
32 242 -28
424 221 13
424 34 -8
421 441 -19
286 284 -19
284 282 8
393 8 -8
393 394 19
8 7 -28
8 10 -28
394 396 -19
394 191 28
394 5 19
355 140 -28
355 335 -13
355 375 -8
140 534 13
140 142 8
335 537 -28
375 159 19
568 569 -28
568 370 -13
153 151 -13
153 155 -19
153 152 19
109 324 19
109 110 -13
483 485 -28
483 481 8
483 281 -28
396 7 -13
396 193 13
58 57 -8
58 267 -28
58 60 -19
151 546 -13
151 367 -28
155 154 -13
152 171 8
344 343 -19
344 542 19
343 129 -28
542 562 -19
57 270 13
267 268 -13
60 59 -13
316 101 -19
295 497 -28
383 384 19
383 167 -13
583 381 28
583 183 -13
583 582 -28
221 241 -13
142 141 28
452 59 -28
453 64 19
129 128 13
128 147 19
128 111 13
111 112 -19
235 236 -8
214 5 28
506 308 28
506 526 13
506 115 28
480 481 -8
480 461 -28
480 282 8
110 112 19
234 236 -19
234 232 28
301 281 13
159 158 -28
158 177 8
307 308 28
307 327 -8
307 96 19
364 562 -8
562 582 -28
562 167 8
481 279 8
461 262 -19
461 441 13
282 281 -8
282 69 13
560 580 -13
441 242 28
242 241 8
370 368 -8
268 270 8
83 293 -19
83 82 -28
293 294 28
293 313 8
82 101 28
82 63 -8
567 569 8
567 168 -8
546 348 -28
546 526 -28
368 149 28
368 367 -13
260 262 13
64 63 8
327 115 -28
526 527 -28
526 132 28
569 367 -13
115 114 -28
114 131 19
512 492 -13
411 431 28
411 391 8
22 232 -19
15 34 -13
294 492 19
192 191 -13
192 391 19
191 211 -13
164 384 28
164 183 19
46 28 13
498 478 28
498 518 8
131 132 -28
384 582 28
431 232 -13
211 231 -28
52 34 -19
232 231 -13
149 168 13
9 10 28
9 28 -8
