107 501 -28
107 124 13
107 322 -13
107 108 -28
107 88 13
501 503 28
501 500 8
501 299 8
501 499 -8
124 143 8
124 125 19
124 521 -19
124 342 -28
322 321 -8
322 324 28
322 320 13
322 520 -19
108 319 8
108 106 19
108 110 -28
108 498 -13
88 89 -28
88 69 -13
88 302 -8
88 481 19
220 218 -8
220 419 -8
220 222 13
220 11 28
220 219 8
218 217 -8
218 216 13
218 417 28
218 9 19
419 439 -8
419 399 28
419 33 28
419 420 -13
222 421 13
222 13 -19
222 224 -8
222 221 8
11 12 -13
11 30 8
11 400 -13
219 14 -19
219 199 13
219 422 -19
219 239 28
541 339 -28
541 540 8
541 543 -13
541 539 8
541 143 13
339 319 -28
339 340 19
339 125 8
339 359 8
540 146 13
540 560 19
540 342 28
540 520 -28
543 341 19
543 542 19
543 145 -8
543 545 -13
539 337 13
539 537 -19
539 141 8
539 538 8
143 144 -8
143 362 19
143 162 28
12 14 28
12 217 8
12 10 -13
12 397 28
30 420 19
30 31 28
30 240 -8
30 48 13
400 399 -19
400 398 -13
400 197 13
400 402 13
205 206 13
205 225 -28
206 405 13
206 204 -28
225 226 -28
225 245 -28
559 357 -19
559 558 13
559 160 -28
559 561 -13
559 557 8
357 358 8
357 142 8
357 377 -19
357 337 19
558 163 -13
558 578 19
558 538 -19
558 360 -28
160 380 28
160 179 8
160 161 8
160 141 -13
561 162 8
561 563 -8
561 359 -8
561 560 19
557 555 -28
557 355 -13
557 158 19
557 556 28
410 409 13
410 20 -28
410 408 -13
410 412 19
410 207 13
409 23 -8
409 429 13
409 210 -13
409 389 28
20 21 8
20 1 19
20 39 13
20 230 8
408 19 -28
408 407 8
412 411 -8
412 414 8
412 22 -19
412 209 19
207 2 -19
207 227 -13
207 208 13
207 187 -13
156 175 19
156 555 -19
156 376 8
156 157 -19
156 137 8
175 176 -13
175 575 -19
555 553 -8
555 554 -13
555 353 -8
376 375 -8
376 378 -19
376 574 -19
376 374 -28
157 373 19
157 159 -13
157 155 -28
157 552 8
137 356 -8
137 138 8
137 535 -8
137 119 28
274 472 -19
274 273 -19
274 61 -13
274 276 28
274 272 28
472 83 -13
472 453 -28
472 473 8
472 492 -28
273 253 -28
273 64 -28
273 293 28
273 475 28
61 454 28
61 62 -19
61 42 -28
61 80 13
276 63 13
276 275 8
276 474 19
276 278 -28
272 271 -19
272 470 28
272 270 19
272 59 28
458 65 -13
458 460 -8
458 255 19
458 457 19
458 456 19
65 84 19
65 66 -28
65 278 8
65 46 19
460 67 -8
460 257 28
460 459 19
460 462 28
255 256 28
255 47 -28
255 235 8
255 275 19
457 437 -19
457 68 28
457 258 19
457 476 13
456 253 28
456 454 8
456 63 13
456 455 28
454 452 19
454 453 -13
454 251 -19
62 271 28
62 64 19
62 60 19
62 451 -8
42 254 -28
42 434 -19
42 43 -13
42 24 -13
80 294 -8
80 81 -19
80 473 28
80 99 19
14 399 8
14 13 -28
14 16 19
399 200 -19
13 402 19
13 32 -28
16 15 13
16 221 28
16 401 8
16 18 28
570 571 -8
570 550 -13
570 174 8
570 372 -28
571 573 19
571 369 8
571 569 19
571 171 -28
550 352 -8
550 551 13
550 530 -19
550 155 -8
174 176 -13
174 172 13
174 173 -13
372 152 -19
372 370 19
372 371 19
372 374 13
170 172 13
170 566 28
170 169 -8
172 171 -28
172 568 -8
566 567 -13
566 546 19
566 368 28
169 569 -8
169 150 -13
263 243 -13
263 466 -28
263 264 -8
263 283 8
263 55 28
243 37 8
243 446 -13
243 223 19
243 244 -8
466 464 -19
466 73 -28
466 465 -8
264 266 28
264 463 8
264 262 28
264 52 -19
283 303 -19
283 74 -28
283 284 28
283 485 -28
55 443 -19
55 54 13
55 53 -8
511 309 28
511 509 -8
511 510 13
511 513 19
309 329 -19
309 289 8
309 310 8
309 98 -13
509 507 -13
509 114 19
509 307 28
509 508 8
510 118 19
510 312 -8
510 490 -28
510 530 -13
513 117 -19
513 512 19
513 515 -19
513 311 -8
113 94 -28
113 328 -19
113 507 13
113 130 19
94 75 13
94 308 -13
94 487 8
328 327 8
328 526 28
328 330 -13
507 506 -13
130 348 -13
130 527 -13
130 149 -13
504 306 8
504 524 13
504 484 8
504 505 -19
306 304 8
306 92 28
306 305 8
524 544 -8
524 525 -13
524 326 8
484 286 8
484 465 -28
484 485 19
505 303 -13
505 503 19
505 111 8
380 382 13
380 578 19
380 378 -8
380 379 -19
382 162 -19
382 384 28
382 580 8
382 381 28
578 579 -28
578 182 13
378 576 19
378 158 19
378 377 -28
379 163 -28
379 581 19
379 359 -19
573 173 -13
573 575 28
573 371 -8
573 572 -8
173 154 -13
575 373 -8
575 574 -8
575 577 8
371 351 19
371 155 8
572 374 -13
572 552 -13
572 176 -28
266 54 -13
266 465 19
266 265 19
54 446 13
54 36 13
465 445 19
265 245 -13
265 285 -19
237 31 19
237 440 28
237 257 -8
237 238 28
237 217 13
31 33 8
31 29 19
31 417 -28
440 442 -8
440 48 -19
440 439 -8
440 438 13
257 277 8
257 258 28
257 49 13
238 437 -8
238 240 -28
238 236 19
238 28 19
217 197 8
217 420 8
471 469 -19
471 78 28
471 470 13
471 473 8
471 269 -19
469 267 13
469 76 8
469 468 -28
78 97 8
78 79 -13
78 59 -8
78 292 -8
470 490 13
470 451 -28
470 81 8
473 271 -28
473 475 19
269 249 28
269 270 -28
269 289 -8
269 60 28
356 358 28
356 355 8
356 554 -13
356 354 8
138 136 8
138 353 13
138 532 -28
138 140 -28
535 534 -19
535 537 13
535 333 -13
535 533 13
119 336 -19
119 101 13
119 515 -19
341 321 13
341 127 -19
341 361 8
341 342 -28
321 523 13
321 110 -8
321 301 -13
127 129 13
127 125 -8
127 520 8
127 126 -8
361 146 19
361 362 -13
361 563 13
361 381 -8
342 344 19
342 340 -13
254 256 -19
254 253 -28
254 453 -13
254 252 13
434 436 28
434 433 -28
434 432 8
434 231 -19
43 45 -19
43 41 8
43 251 28
43 431 -8
24 234 -28
24 414 -8
24 5 13
24 25 28
489 491 -28
489 287 -28
489 487 8
489 95 -19
489 488 28
491 97 -8
491 490 -13
491 493 19
491 289 8
287 288 -8
287 77 19
287 307 19
287 267 -13
487 486 19
95 114 28
95 76 19
95 96 19
95 310 19
488 508 -13
488 290 19
488 468 -13
488 98 19
163 165 28
163 162 19
163 161 19
165 560 -28
165 164 -8
165 167 13
165 381 -8
162 181 -19
161 159 8
161 556 19
161 377 -13
291 292 19
291 271 -28
291 493 -19
291 311 -13
291 81 -13
292 294 13
292 490 -13
292 290 -28
271 251 -8
493 99 28
493 495 13
493 492 -8
311 100 19
311 312 8
311 331 28
81 83 19
81 79 -28
388 390 28
388 387 28
388 0 19
390 389 19
390 392 -13
390 187 -28
390 1 -28
387 407 -19
387 2 -28
387 188 19
0 19 -28
0 208 -13
420 422 -28
420 418 -8
240 439 -13
240 242 -19
240 239 13
48 67 8
48 49 -13
48 260 19
189 190 19
189 209 8
189 392 -19
190 192 13
190 389 -8
190 188 28
209 4 19
209 210 -28
209 229 8
392 3 -19
392 394 19
392 391 -8
437 438 8
437 417 -19
437 49 19
438 436 -13
438 235 -13
438 46 28
417 418 13
417 397 19
49 51 -8
49 47 13
45 433 -8
45 44 -28
45 47 -8
45 253 -13
433 453 19
433 234 8
433 413 19
44 256 19
44 436 -28
44 26 -28
44 63 19
47 46 8
47 435 -28
253 233 28
565 166 19
565 564 -19
565 363 -8
565 563 -19
166 185 -19
166 167 -8
166 386 -8
166 147 13
564 584 8
564 366 28
564 544 28
363 364 -28
363 343 -13
363 148 -19
363 383 28
563 164 -13
563 562 -19
319 521 -8
319 320 19
319 299 19
521 523 28
521 519 19
521 520 -19
320 318 8
320 105 8
320 518 28
299 300 28
299 89 28
299 279 -8
185 585 -13
185 186 -8
585 584 -8
585 383 8
585 583 -28
186 184 -8
186 582 -13
442 239 13
442 444 -28
442 50 -13
442 441 28
439 51 28
439 459 19
197 198 19
298 300 -28
298 297 13
298 296 8
298 84 -8
298 496 28
300 302 -8
300 86 -13
300 498 -19
297 87 13
297 277 13
297 317 19
297 499 8
296 494 -8
296 294 -8
296 82 -28
296 295 8
84 477 -19
84 103 8
84 85 -19
496 516 8
496 476 -28
496 497 28
496 106 19
349 551 -8
349 350 -19
349 369 13
349 329 28
349 134 -28
551 549 -13
551 152 28
551 553 8
350 352 -19
350 548 -28
350 348 -8
350 131 19
369 153 13
369 370 8
329 531 -13
329 330 13
329 116 -13
134 136 -19
134 133 -13
134 132 -28
134 528 28
37 423 -13
37 35 13
37 36 19
423 403 -8
423 443 -19
423 424 -28
423 224 28
35 421 8
35 33 28
35 34 28
35 241 -28
36 246 28
36 17 -19
36 426 28
477 475 13
477 479 28
477 476 8
477 275 -28
103 104 8
103 318 -19
103 497 -19
103 120 -13
85 87 8
85 83 19
85 474 -8
85 295 -19
425 226 8
425 405 19
425 445 19
425 426 -8
226 17 -8
226 224 -28
405 406 28
445 446 8
445 246 19
426 424 -19
426 223 -28
196 194 -19
196 195 8
196 395 13
196 198 -28
194 393 8
194 192 -8
194 193 13
195 215 -13
195 398 28
395 415 -13
395 396 -8
395 10 13
198 200 13
198 397 28
389 4 8
187 188 -8
1 2 -19
1 210 19
373 374 -28
373 353 8
374 154 19
353 354 -28
353 333 -19
251 252 13
251 231 19
352 351 -13
352 354 -8
352 133 -28
351 331 -19
351 136 -28
351 553 -28
354 552 8
354 135 -13
133 531 -19
133 152 -8
87 86 19
87 476 8
87 89 28
86 67 13
86 105 28
86 479 -8
476 278 -8
89 478 -8
89 91 28
250 248 19
250 252 -8
250 449 19
250 39 -13
250 249 28
248 447 -19
248 38 19
248 247 13
252 451 -8
449 429 -13
449 450 19
449 60 19
449 468 8
39 430 8
39 57 -13
39 40 -19
249 41 -19
249 452 8
249 229 -28
144 146 13
144 142 28
144 359 -13
144 538 19
362 364 -8
362 560 -13
362 360 8
199 402 -13
199 200 -19
422 32 8
422 424 -28
422 421 -8
239 259 -13
239 33 19
403 204 -8
403 18 8
403 404 28
204 202 -28
204 203 13
18 17 19
18 223 -19
404 201 8
404 402 -8
404 406 28
404 15 8
146 148 -8
146 145 19
148 542 -19
148 147 -19
145 364 -28
145 164 8
145 126 19
538 340 -13
538 518 -13
360 358 -28
360 141 -28
360 359 -28
23 21 -13
23 25 13
23 22 13
23 229 -28
429 430 -19
429 230 8
429 41 -13
210 212 13
210 208 8
51 53 19
51 259 19
51 50 -28
53 52 -19
53 261 -19
53 441 28
259 260 -13
259 462 -28
259 279 -13
50 262 -28
50 32 8
50 69 -19
68 277 -13
68 70 8
68 66 8
68 67 28
258 256 -13
258 46 -13
258 260 -19
228 19 -8
228 427 28
228 227 -13
228 230 19
19 38 28
427 40 -28
427 428 -8
427 407 -13
427 447 13
227 21 -28
227 430 -8
227 247 -28
230 232 -13
230 229 -28
100 490 8
100 102 -8
100 99 13
100 98 -19
102 104 -13
102 313 -8
102 492 -13
102 101 -19
99 117 -28
99 314 28
98 97 28
98 96 28
332 330 -28
332 334 -19
332 530 8
332 331 -19
330 114 19
330 528 13
334 333 19
334 336 13
334 532 -8
334 117 -28
530 531 -8
530 136 -8
331 118 -28
331 533 28
277 479 -28
277 278 -28
70 69 13
70 72 -13
70 279 28
70 459 28
66 64 28
66 455 19
66 275 19
67 280 28
325 305 28
325 345 19
325 326 -19
305 285 -13
345 346 28
345 365 -8
326 324 19
326 111 13
446 444 28
444 443 -19
444 241 -19
444 52 -28
304 502 28
304 302 8
304 90 8
304 303 28
502 503 -28
502 522 8
502 112 28
502 482 28
302 500 -8
302 301 -19
90 109 13
90 71 -13
90 91 28
90 483 19
303 93 13
303 323 28
21 407 -8
407 208 13
464 463 -13
464 71 -28
464 261 13
464 462 8
463 443 -8
463 74 -8
463 482 -19
71 72 -8
71 284 -19
71 52 19
261 262 19
261 241 13
261 281 13
462 69 -8
462 461 19
118 116 -28
118 117 -13
116 115 -8
116 508 -19
117 135 8
581 579 -13
581 181 8
581 583 -28
581 580 13
552 553 -19
552 532 -8
176 178 19
245 246 -28
285 286 -28
17 406 13
224 223 -19
224 15 -13
451 452 -19
451 431 -8
333 313 -28
336 338 8
336 534 8
336 335 -28
532 512 8
532 533 8
178 177 -28
178 180 -19
178 574 28
517 516 -28
517 315 13
517 515 28
517 519 -8
517 120 -28
516 123 -13
516 536 -28
516 318 13
315 104 -8
315 316 -19
315 295 8
315 335 -13
515 313 19
515 514 28
519 122 -19
519 317 8
519 518 13
120 338 13
120 139 13
120 121 -19
508 310 -28
508 528 -19
290 288 19
290 289 28
290 76 -28
468 79 -8
468 270 -8
181 182 8
416 213 28
416 26 -19
416 414 -19
416 418 19
416 415 8
213 233 -13
213 193 -28
213 214 -28
213 8 -13
26 27 -8
26 7 -19
26 236 -19
414 211 -19
414 413 -19
418 215 8
418 28 -19
415 216 13
415 435 -19
415 29 -19
2 4 -8
579 179 13
579 577 -19
579 377 -19
179 180 -19
577 576 8
577 375 -13
577 177 13
223 203 -13
244 443 -8
244 246 -19
244 242 19
244 34 8
475 82 28
475 474 13
479 481 -19
479 478 -19
275 295 8
4 3 -13
4 6 -8
584 386 -8
366 364 13
366 147 -28
366 365 28
544 346 -28
544 545 28
459 260 28
459 478 8
317 318 28
317 337 -8
317 106 -28
499 497 -28
499 105 -28
499 498 8
531 529 19
531 533 13
529 327 -8
529 527 8
529 131 -19
529 528 -13
533 135 -8
215 216 28
215 10 -13
215 235 13
398 396 -8
398 9 -13
398 397 -19
549 347 28
549 547 -13
549 548 19
549 150 19
347 348 8
347 327 28
347 132 -13
347 367 -8
547 149 -19
547 546 8
548 528 13
548 568 19
548 153 13
150 151 -13
150 370 19
150 131 -13
448 447 19
448 450 -19
448 56 -28
447 58 28
447 467 19
450 57 -13
450 452 19
450 247 19
56 75 -19
56 268 19
56 38 8
3 212 13
3 22 28
6 8 -8
6 5 -19
6 211 19
6 391 28
312 314 -13
312 310 -19
312 97 -28
314 512 28
314 316 -28
314 313 28
310 308 28
346 344 19
346 128 8
545 343 -13
545 147 -28
202 401 19
202 201 19
202 200 -8
401 421 28
401 402 19
201 221 19
278 280 8
358 139 28
358 556 -8
139 537 28
139 158 13
139 140 28
556 576 13
556 536 -8
406 203 -28
93 92 -13
93 91 13
93 482 -13
92 111 -13
92 73 -8
92 485 19
91 480 8
91 301 13
482 483 8
482 284 19
256 455 19
455 435 19
455 474 28
104 106 19
104 494 13
106 105 8
494 474 19
494 495 28
494 514 19
430 428 28
430 432 -8
247 267 13
247 40 8
280 279 28
280 478 -13
280 282 28
503 301 -28
503 109 -28
500 520 -13
500 480 -13
500 110 8
323 343 28
323 324 19
323 112 -13
323 525 -28
576 180 19
180 182 -19
40 41 13
428 38 19
74 72 19
74 73 28
135 136 -28
135 154 -13
553 154 13
554 159 19
554 534 8
554 574 -8
338 340 -8
338 536 -13
338 337 19
340 122 -28
536 537 13
536 142 -28
337 123 -28
72 461 -13
72 281 -19
73 286 -13
289 79 28
432 431 19
432 229 28
288 75 19
288 486 -13
486 506 28
486 467 28
486 96 -28
123 121 8
123 125 -8
123 122 19
318 316 -28
27 25 28
27 29 13
27 413 -13
27 233 28
25 411 -28
25 231 8
29 235 13
29 28 -13
413 393 -28
413 214 8
233 436 -13
233 234 8
216 214 -8
216 7 28
435 436 28
435 236 -19
121 514 -13
121 335 19
125 518 19
122 105 -8
122 141 -19
385 386 13
385 365 28
386 384 -19
182 184 19
212 411 13
212 211 -8
212 214 13
77 79 -28
77 76 8
77 467 13
76 57 -8
467 268 -8
184 580 -28
184 183 8
523 525 13
523 522 13
523 126 -19
525 128 19
522 129 -8
522 542 -28
522 324 19
126 344 -13
126 109 28
495 293 -28
495 497 -19
495 101 -8
514 534 19
514 316 8
32 33 8
32 242 -13
424 221 -28
424 34 -28
421 441 28
286 284 28
284 282 -19
393 8 13
393 394 28
8 7 -28
8 10 -8
394 396 -8
394 191 8
394 5 -8
355 140 13
355 335 -13
355 375 -19
140 534 8
140 142 -28
335 537 -28
375 159 13
568 569 19
568 370 -8
153 151 -28
153 155 8
153 152 28
109 324 28
109 110 8
483 485 -13
483 481 13
483 281 -13
396 7 13
396 193 -19
58 57 8
58 267 13
58 60 28
151 546 28
151 367 -8
155 154 19
152 171 -28
344 343 -13
344 542 -28
343 129 -13
542 562 28
57 270 -13
267 268 -28
60 59 -8
316 101 8
295 497 -8
383 384 -19
383 167 -13
583 381 8
583 183 28
583 582 28
221 241 -28
142 141 -13
452 59 19
453 64 28
129 128 19
128 147 8
128 111 28
111 112 28
235 236 -13
214 5 -19
506 308 13
506 526 28
506 115 8
480 481 -19
480 461 8
480 282 -13
110 112 -19
234 236 -13
234 232 -13
301 281 8
159 158 -28
158 177 28
307 308 19
307 327 -8
307 96 28
364 562 19
562 582 28
562 167 -13
481 279 28
461 262 8
461 441 -28
282 281 -8
282 69 -28
560 580 28
441 242 -28
242 241 28
370 368 -8
268 270 8
83 293 -28
83 82 19
293 294 -19
293 313 8
82 101 8
82 63 -19
567 569 -19
567 168 -8
546 348 -28
546 526 -19
368 149 8
368 367 -19
260 262 8
64 63 28
327 115 -28
526 527 -19
526 132 -13
569 367 13
115 114 -8
114 131 -28
512 492 -19
411 431 28
411 391 8
22 232 8
15 34 28
294 492 28
192 191 -13
192 391 19
191 211 13
164 384 -8
164 183 -19
46 28 -28
498 478 -8
498 518 19
131 132 13
384 582 -13
431 232 -19
211 231 28
52 34 8
232 231 28
149 168 8
9 10 28
9 28 -28
