107 501 28
107 124 -8
107 322 13
107 108 28
107 88 8
501 503 8
501 500 -28
501 299 -19
501 499 8
124 143 8
124 125 28
124 521 13
124 342 13
322 321 19
322 324 -19
322 320 19
322 520 -19
108 319 -8
108 106 -19
108 110 28
108 498 -19
88 89 19
88 69 -8
88 302 -28
88 481 -28
220 218 -28
220 419 -19
220 222 19
220 11 13
220 219 -13
218 217 -19
218 216 -13
218 417 8
218 9 28
419 439 -13
419 399 13
419 33 28
419 420 28
222 421 28
222 13 28
222 224 19
222 221 28
11 12 8
11 30 28
11 400 28
219 14 28
219 199 13
219 422 -19
219 239 13
541 339 28
541 540 -19
541 543 28
541 539 19
541 143 28
339 319 -28
339 340 -28
339 125 8
339 359 8
540 146 19
540 560 13
540 342 -13
540 520 13
543 341 -13
543 542 13
543 145 19
543 545 28
539 337 19
539 537 -19
539 141 19
539 538 28
143 144 -8
143 362 -28
143 162 19
12 14 -28
12 217 -8
12 10 -19
12 397 -28
30 420 -8
30 31 8
30 240 13
30 48 -19
400 399 -19
400 398 28
400 197 -19
400 402 28
205 206 -28
205 225 8
206 405 19
206 204 19
225 226 -28
225 245 8
559 357 -8
559 558 -19
559 160 19
559 561 -8
559 557 -19
357 358 -28
357 142 8
357 377 -28
357 337 13
558 163 8
558 578 -19
558 538 -8
558 360 19
160 380 -8
160 179 -28
160 161 -28
160 141 19
561 162 8
561 563 13
561 359 -13
561 560 -28
557 555 -28
557 355 -28
557 158 13
557 556 -19
410 409 -13
410 20 -13
410 408 -19
410 412 -13
410 207 -19
409 23 28
409 429 19
409 210 19
409 389 28
20 21 -13
20 1 8
20 39 -28
20 230 8
408 19 8
408 407 28
412 411 28
412 414 -13
412 22 8
412 209 -13
207 2 -19
207 227 -19
207 208 -28
207 187 13
156 175 13
156 555 28
156 376 13
156 157 19
156 137 19
175 176 8
175 575 -8
555 553 -28
555 554 19
555 353 8
376 375 -19
376 378 13
376 574 -8
376 374 -19
157 373 28
157 159 13
157 155 -28
157 552 19
137 356 28
137 138 28
137 535 -28
137 119 8
274 472 13
274 273 28
274 61 -19
274 276 28
274 272 -28
472 83 28
472 453 8
472 473 -19
472 492 -8
273 253 -28
273 64 8
273 293 -13
273 475 -28
61 454 28
61 62 -8
61 42 -8
61 80 19
276 63 -19
276 275 -19
276 474 8
276 278 8
272 271 19
272 470 -13
272 270 19
272 59 19
458 65 -28
458 460 28
458 255 -28
458 457 19
458 456 19
65 84 -8
65 66 -8
65 278 28
65 46 28
460 67 19
460 257 -28
460 459 -8
460 462 13
255 256 -13
255 47 -13
255 235 8
255 275 -13
457 437 -8
457 68 19
457 258 -13
457 476 -28
456 253 13
456 454 -8
456 63 -19
456 455 -28
454 452 -8
454 453 -13
454 251 -13
62 271 28
62 64 13
62 60 28
62 451 8
42 254 -13
42 434 13
42 43 -28
42 24 8
80 294 -13
80 81 28
80 473 -28
80 99 13
14 399 8
14 13 13
14 16 19
399 200 19
13 402 13
13 32 -19
16 15 -28
16 221 -19
16 401 -8
16 18 -19
570 571 -19
570 550 -19
570 174 -19
570 372 -13
571 573 -13
571 369 -19
571 569 -19
571 171 -13
550 352 -19
550 551 -8
550 530 -8
550 155 8
174 176 13
174 172 -28
174 173 8
372 152 19
372 370 19
372 371 -19
372 374 -13
170 172 13
170 566 -13
170 169 19
172 171 -13
172 568 -28
566 567 -13
566 546 8
566 368 19
169 569 -8
169 150 8
263 243 -13
263 466 -19
263 264 -28
263 283 -13
263 55 -8
243 37 28
243 446 -19
243 223 -19
243 244 13
466 464 19
466 73 19
466 465 19
264 266 28
264 463 19
264 262 -13
264 52 8
283 303 28
283 74 8
283 284 19
283 485 -28
55 443 -8
55 54 19
55 53 13
511 309 -8
511 509 -19
511 510 8
511 513 -28
309 329 -28
309 289 8
309 310 -19
309 98 28
509 507 -28
509 114 -28
509 307 -19
509 508 19
510 118 -8
510 312 -13
510 490 -13
510 530 -19
513 117 -28
513 512 -19
513 515 -13
513 311 -13
113 94 13
113 328 -8
113 507 13
113 130 -8
94 75 28
94 308 -28
94 487 -19
328 327 -28
328 526 28
328 330 8
507 506 13
130 348 19
130 527 -19
130 149 -28
504 306 8
504 524 8
504 484 8
504 505 -8
306 304 19
306 92 28
306 305 -13
524 544 -13
524 525 -8
524 326 8
484 286 28
484 465 -19
484 485 19
505 303 -28
505 503 28
505 111 13
380 382 28
380 578 -8
380 378 -13
380 379 8
382 162 -13
382 384 -28
382 580 8
382 381 -13
578 579 28
578 182 -8
378 576 -28
378 158 -8
378 377 -28
379 163 -13
379 581 28
379 359 -19
573 173 -19
573 575 13
573 371 19
573 572 -28
173 154 -28
575 373 8
575 574 13
575 577 -19
371 351 -28
371 155 8
572 374 13
572 552 -13
572 176 -19
266 54 28
266 465 13
266 265 -28
54 446 8
54 36 -13
465 445 19
265 245 28
265 285 -13
237 31 19
237 440 -28
237 257 -13
237 238 28
237 217 -28
31 33 19
31 29 -19
31 417 -28
440 442 -8
440 48 -19
440 439 8
440 438 -28
257 277 -8
257 258 28
257 49 -8
238 437 8
238 240 28
238 236 -28
238 28 19
217 197 -28
217 420 -8
471 469 13
471 78 28
471 470 28
471 473 8
471 269 -13
469 267 -28
469 76 13
469 468 -13
78 97 -28
78 79 -19
78 59 28
78 292 19
470 490 13
470 451 -28
470 81 19
473 271 8
473 475 13
269 249 -28
269 270 -19
269 289 13
269 60 13
356 358 8
356 355 -28
356 554 19
356 354 -13
138 136 -28
138 353 13
138 532 8
138 140 -13
535 534 -8
535 537 -28
535 333 -8
535 533 -8
119 336 28
119 101 -8
119 515 -28
341 321 -28
341 127 8
341 361 -28
341 342 -8
321 523 -19
321 110 8
321 301 19
127 129 -8
127 125 13
127 520 28
127 126 -13
361 146 19
361 362 13
361 563 -28
361 381 13
342 344 28
342 340 -8
254 256 -28
254 253 -8
254 453 13
254 252 8
434 436 -19
434 433 28
434 432 8
434 231 8
43 45 -19
43 41 28
43 251 -28
43 431 28
24 234 -19
24 414 -8
24 5 28
24 25 19
489 491 -13
489 287 13
489 487 19
489 95 -8
489 488 -13
491 97 13
491 490 13
491 493 -8
491 289 -8
287 288 13
287 77 -19
287 307 -8
287 267 8
487 486 -8
95 114 28
95 76 -8
95 96 -8
95 310 -8
488 508 19
488 290 -19
488 468 13
488 98 8
163 165 8
163 162 -8
163 161 8
165 560 8
165 164 -28
165 167 -19
165 381 -28
162 181 13
161 159 -28
161 556 -19
161 377 -28
291 292 13
291 271 13
291 493 -19
291 311 -8
291 81 -19
292 294 13
292 490 13
292 290 8
271 251 28
493 99 8
493 495 13
493 492 -13
311 100 -8
311 312 -19
311 331 13
81 83 28
81 79 -8
388 390 8
388 387 8
388 0 19
390 389 28
390 392 8
390 187 -8
390 1 -13
387 407 -28
387 2 -19
387 188 19
0 19 19
0 208 -13
420 422 19
420 418 8
240 439 28
240 242 19
240 239 -28
48 67 13
48 49 -28
48 260 -28
189 190 8
189 209 -28
189 392 8
190 192 28
190 389 8
190 188 -19
209 4 28
209 210 -28
209 229 -8
392 3 -13
392 394 -19
392 391 28
437 438 28
437 417 8
437 49 -8
438 436 13
438 235 -8
438 46 -8
417 418 -19
417 397 -13
49 51 -8
49 47 28
45 433 13
45 44 19
45 47 -28
45 253 -19
433 453 8
433 234 28
433 413 8
44 256 8
44 436 28
44 26 -19
44 63 -19
47 46 13
47 435 28
253 233 -8
565 166 -19
565 564 -8
565 363 -13
565 563 19
166 185 28
166 167 28
166 386 8
166 147 8
564 584 28
564 366 -13
564 544 13
363 364 28
363 343 8
363 148 28
363 383 28
563 164 13
563 562 -19
319 521 -28
319 320 13
319 299 8
521 523 8
521 519 19
521 520 8
320 318 -28
320 105 28
320 518 -19
299 300 13
299 89 19
299 279 8
185 585 8
185 186 8
585 584 -19
585 383 -13
585 583 19
186 184 8
186 582 -19
442 239 -13
442 444 -8
442 50 8
442 441 -8
439 51 28
439 459 -13
197 198 -13
298 300 8
298 297 13
298 296 -13
298 84 8
298 496 -19
300 302 13
300 86 -8
300 498 8
297 87 13
297 277 -28
297 317 -13
297 499 8
296 494 -13
296 294 13
296 82 -13
296 295 -28
84 477 8
84 103 -28
84 85 28
496 516 -19
496 476 13
496 497 -19
496 106 -13
349 551 19
349 350 -8
349 369 13
349 329 -8
349 134 -19
551 549 28
551 152 28
551 553 19
350 352 19
350 548 -13
350 348 -19
350 131 -13
369 153 -19
369 370 28
329 531 8
329 330 -8
329 116 28
134 136 8
134 133 -13
134 132 -28
134 528 -13
37 423 19
37 35 13
37 36 8
423 403 -13
423 443 -8
423 424 -19
423 224 19
35 421 -13
35 33 -13
35 34 -28
35 241 -28
36 246 -19
36 17 19
36 426 -8
477 475 28
477 479 8
477 476 13
477 275 13
103 104 -8
103 318 -8
103 497 8
103 120 -28
85 87 28
85 83 -19
85 474 -28
85 295 -19
425 226 19
425 405 8
425 445 13
425 426 28
226 17 19
226 224 13
405 406 13
445 446 28
445 246 -19
426 424 -8
426 223 19
196 194 19
196 195 8
196 395 28
196 198 19
194 393 19
194 192 19
194 193 28
195 215 19
195 398 8
395 415 13
395 396 19
395 10 -13
198 200 -8
198 397 8
389 4 19
187 188 -19
1 2 -19
1 210 -13
373 374 -8
373 353 -8
374 154 13
353 354 13
353 333 28
251 252 -19
251 231 8
352 351 -8
352 354 -28
352 133 8
351 331 19
351 136 -8
351 553 8
354 552 19
354 135 13
133 531 28
133 152 -19
87 86 19
87 476 8
87 89 13
86 67 -28
86 105 28
86 479 8
476 278 -13
89 478 28
89 91 13
250 248 -8
250 252 -13
250 449 -13
250 39 -19
250 249 8
248 447 -19
248 38 13
248 247 -28
252 451 8
449 429 28
449 450 -28
449 60 8
449 468 19
39 430 13
39 57 -8
39 40 -19
249 41 8
249 452 19
249 229 -28
144 146 13
144 142 13
144 359 19
144 538 19
362 364 -28
362 560 8
362 360 19
199 402 -8
199 200 28
422 32 -13
422 424 -28
422 421 19
239 259 -13
239 33 28
403 204 -19
403 18 8
403 404 -19
204 202 19
204 203 -28
18 17 19
18 223 28
404 201 13
404 402 -19
404 406 -13
404 15 8
146 148 8
146 145 -19
148 542 19
148 147 -19
145 364 -28
145 164 -28
145 126 -8
538 340 19
538 518 -28
360 358 19
360 141 -13
360 359 13
23 21 28
23 25 13
23 22 19
23 229 -19
429 430 13
429 230 8
429 41 -19
210 212 -28
210 208 19
51 53 19
51 259 28
51 50 -8
53 52 -19
53 261 -19
53 441 13
259 260 -28
259 462 -13
259 279 -28
50 262 -13
50 32 -19
50 69 -19
68 277 -8
68 70 8
68 66 28
68 67 -19
258 256 28
258 46 -13
258 260 -28
228 19 8
228 427 13
228 227 -8
228 230 13
19 38 -13
427 40 19
427 428 19
427 407 28
427 447 19
227 21 13
227 430 -8
227 247 -28
230 232 -13
230 229 13
100 490 -8
100 102 -28
100 99 -8
100 98 -19
102 104 8
102 313 -19
102 492 -8
102 101 -8
99 117 -19
99 314 -19
98 97 -19
98 96 -13
332 330 19
332 334 -13
332 530 -8
332 331 -13
330 114 8
330 528 -13
334 333 -19
334 336 -13
334 532 19
334 117 13
530 531 -8
530 136 8
331 118 -13
331 533 -8
277 479 -8
277 278 19
70 69 -8
70 72 -28
70 279 -8
70 459 -19
66 64 19
66 455 -8
66 275 -28
67 280 -28
325 305 -8
325 345 19
325 326 19
305 285 -13
345 346 19
345 365 28
326 324 -13
326 111 -8
446 444 -13
444 443 13
444 241 28
444 52 -19
304 502 -8
304 302 19
304 90 -8
304 303 -13
502 503 13
502 522 -8
502 112 -19
502 482 13
302 500 -19
302 301 -19
90 109 -19
90 71 13
90 91 -19
90 483 8
303 93 19
303 323 -28
21 407 -13
407 208 19
464 463 -13
464 71 -8
464 261 -13
464 462 13
463 443 28
463 74 13
463 482 -19
71 72 -13
71 284 19
71 52 -8
261 262 -19
261 241 -13
261 281 28
462 69 19
462 461 28
118 116 8
118 117 13
116 115 19
116 508 8
117 135 -28
581 579 8
581 181 -8
581 583 -13
581 580 19
552 553 -8
552 532 8
176 178 -13
245 246 -19
285 286 13
17 406 19
224 223 -13
224 15 28
451 452 13
451 431 -19
333 313 -13
336 338 -19
336 534 -13
336 335 -28
532 512 -28
532 533 -8
178 177 -13
178 180 -19
178 574 -13
517 516 -28
517 315 19
517 515 -19
517 519 13
517 120 -28
516 123 19
516 536 28
516 318 -13
315 104 19
315 316 13
315 295 -13
315 335 -8
515 313 -13
515 514 -13
519 122 -8
519 317 -13
519 518 28
120 338 -8
120 139 -13
120 121 28
508 310 8
508 528 19
290 288 13
290 289 -19
290 76 -13
468 79 19
468 270 -19
181 182 13
416 213 19
416 26 -8
416 414 13
416 418 -8
416 415 8
213 233 -28
213 193 28
213 214 -28
213 8 19
26 27 -8
26 7 19
26 236 -8
414 211 -13
414 413 28
418 215 -28
418 28 19
415 216 13
415 435 13
415 29 -19
2 4 -28
579 179 -28
579 577 13
579 377 28
179 180 28
577 576 -28
577 375 13
577 177 -19
223 203 28
244 443 -13
244 246 -13
244 242 8
244 34 -28
475 82 -28
475 474 28
479 481 -13
479 478 13
275 295 -28
4 3 -13
4 6 -8
584 386 -19
366 364 -19
366 147 -28
366 365 -13
544 346 -8
544 545 8
459 260 -19
459 478 13
317 318 -28
317 337 -19
317 106 -13
499 497 -28
499 105 28
499 498 8
531 529 -13
531 533 19
529 327 13
529 527 19
529 131 -8
529 528 19
533 135 19
215 216 28
215 10 8
215 235 13
398 396 28
398 9 28
398 397 -8
549 347 -13
549 547 13
549 548 -13
549 150 13
347 348 -28
347 327 -19
347 132 -8
347 367 8
547 149 -19
547 546 -28
548 528 -8
548 568 13
548 153 -13
150 151 13
150 370 13
150 131 -19
448 447 -19
448 450 13
448 56 13
447 58 8
447 467 -8
450 57 -28
450 452 13
450 247 -8
56 75 19
56 268 -28
56 38 28
3 212 19
3 22 -28
6 8 28
6 5 19
6 211 13
6 391 13
312 314 -28
312 310 19
312 97 19
314 512 -13
314 316 19
314 313 8
310 308 28
346 344 -13
346 128 -28
545 343 -13
545 147 13
202 401 13
202 201 19
202 200 13
401 421 28
401 402 28
201 221 -13
278 280 8
358 139 -8
358 556 -19
139 537 13
139 158 -8
139 140 19
556 576 -8
556 536 28
406 203 19
93 92 -13
93 91 13
93 482 -8
92 111 -28
92 73 -8
92 485 -19
91 480 19
91 301 -19
482 483 8
482 284 -19
256 455 19
455 435 -13
455 474 -8
104 106 -28
104 494 -8
106 105 28
494 474 28
494 495 28
494 514 8
430 428 -28
430 432 8
247 267 -8
247 40 28
280 279 13
280 478 -8
280 282 -13
503 301 -8
503 109 -13
500 520 8
500 480 -28
500 110 -28
323 343 28
323 324 13
323 112 8
323 525 -28
576 180 -19
180 182 19
40 41 8
428 38 -13
74 72 19
74 73 -19
135 136 -28
135 154 28
553 154 28
554 159 13
554 534 -19
554 574 -8
338 340 8
338 536 19
338 337 8
340 122 -19
536 537 -8
536 142 -19
337 123 13
72 461 28
72 281 -8
73 286 -8
289 79 -8
432 431 28
432 229 -28
288 75 28
288 486 -13
486 506 -19
486 467 8
486 96 -13
123 121 19
123 125 19
123 122 8
318 316 19
27 25 28
27 29 -28
27 413 -19
27 233 13
25 411 -28
25 231 13
29 235 8
29 28 -8
413 393 13
413 214 -13
233 436 -8
233 234 -8
216 214 8
216 7 28
435 436 -19
435 236 -13
121 514 -28
121 335 13
125 518 19
122 105 -13
122 141 -19
385 386 28
385 365 28
386 384 -19
182 184 -13
212 411 28
212 211 8
212 214 -13
77 79 13
77 76 28
77 467 19
76 57 19
467 268 -19
184 580 8
184 183 8
523 525 8
523 522 -19
523 126 -28
525 128 8
522 129 13
522 542 13
522 324 13
126 344 8
126 109 19
495 293 -13
495 497 19
495 101 8
514 534 -28
514 316 -19
32 33 -28
32 242 8
424 221 19
424 34 -13
421 441 28
286 284 13
284 282 -13
393 8 -28
393 394 28
8 7 19
8 10 -13
394 396 28
394 191 28
394 5 8
355 140 13
355 335 28
355 375 13
140 534 -19
140 142 -8
335 537 -28
375 159 -8
568 569 13
568 370 19
153 151 -8
153 155 -19
153 152 28
109 324 -13
109 110 -19
483 485 28
483 481 -13
483 281 28
396 7 -19
396 193 -19
58 57 -28
58 267 19
58 60 19
151 546 19
151 367 28
155 154 -28
152 171 19
344 343 19
344 542 19
343 129 28
542 562 -8
57 270 -19
267 268 -8
60 59 8
316 101 8
295 497 19
383 384 13
383 167 -28
583 381 -28
583 183 -13
583 582 8
221 241 8
142 141 8
452 59 8
453 64 19
129 128 28
128 147 -19
128 111 28
111 112 8
235 236 -8
214 5 -13
506 308 -13
506 526 8
506 115 8
480 481 19
480 461 -28
480 282 -8
110 112 -13
234 236 -28
234 232 13
301 281 -19
159 158 -28
158 177 -8
307 308 19
307 327 -8
307 96 -8
364 562 -19
562 582 13
562 167 13
481 279 -19
461 262 -13
461 441 28
282 281 -28
282 69 13
560 580 19
441 242 13
242 241 -8
370 368 19
268 270 -28
83 293 -28
83 82 8
293 294 -13
293 313 -19
82 101 19
82 63 8
567 569 19
567 168 -19
546 348 19
546 526 -13
368 149 -28
368 367 28
260 262 -28
64 63 -13
327 115 -19
526 527 -19
526 132 -28
569 367 -19
115 114 -19
114 131 -8
512 492 13
411 431 -8
411 391 13
22 232 -19
15 34 -19
294 492 8
192 191 -8
192 391 13
191 211 8
164 384 13
164 183 -13
46 28 -13
498 478 -8
498 518 -28
131 132 -19
384 582 8
431 232 13
211 231 8
52 34 19
232 231 8
149 168 -19
9 10 8
9 28 13
