107 501 -28
107 124 8
107 322 -13
107 108 8
107 88 28
501 503 8
501 500 13
501 299 13
501 499 19
124 143 -13
124 125 8
124 521 8
124 342 -8
322 321 8
322 324 -28
322 320 19
322 520 -13
108 319 28
108 106 19
108 110 -19
108 498 -13
88 89 -8
88 69 13
88 302 -8
88 481 28
220 218 -19
220 419 -8
220 222 -28
220 11 -19
220 219 -28
218 217 28
218 216 -13
218 417 8
218 9 -28
419 439 8
419 399 28
419 33 -13
419 420 -19
222 421 -13
222 13 19
222 224 28
222 221 -28
11 12 -28
11 30 -8
11 400 -8
219 14 -13
219 199 28
219 422 -19
219 239 28
541 339 -19
541 540 -28
541 543 -19
541 539 -13
541 143 8
339 319 19
339 340 8
339 125 -13
339 359 -13
540 146 -8
540 560 -19
540 342 -8
540 520 8
543 341 19
543 542 8
543 145 -13
543 545 -28
539 337 -19
539 537 28
539 141 -8
539 538 28
143 144 8
143 362 13
143 162 -13
12 14 28
12 217 -8
12 10 19
12 397 -8
30 420 -28
30 31 -19
30 240 13
30 48 28
400 399 13
400 398 28
400 197 13
400 402 19
205 206 -13
205 225 -13
206 405 13
206 204 8
225 226 -13
225 245 -28
559 357 -8
559 558 8
559 160 8
559 561 -8
559 557 19
357 358 -28
357 142 -8
357 377 13
357 337 28
558 163 -8
558 578 -13
558 538 8
558 360 13
160 380 13
160 179 28
160 161 13
160 141 28
561 162 -8
561 563 19
561 359 28
561 560 8
557 555 13
557 355 -13
557 158 -13
557 556 19
410 409 8
410 20 8
410 408 19
410 412 28
410 207 -19
409 23 -8
409 429 -13
409 210 -28
409 389 -13
20 21 19
20 1 13
20 39 -13
20 230 8
408 19 28
408 407 13
412 411 28
412 414 19
412 22 8
412 209 -13
207 2 19
207 227 28
207 208 13
207 187 8
156 175 28
156 555 -8
156 376 -8
156 157 8
156 137 19
175 176 -28
175 575 -8
555 553 28
555 554 -8
555 353 28
376 375 -28
376 378 19
376 574 -8
376 374 19
157 373 -13
157 159 28
157 155 8
157 552 -19
137 356 -19
137 138 -28
137 535 28
137 119 28
274 472 -8
274 273 13
274 61 -28
274 276 19
274 272 19
472 83 19
472 453 -19
472 473 19
472 492 -28
273 253 -8
273 64 -8
273 293 28
273 475 13
61 454 -28
61 62 28
61 42 19
61 80 8
276 63 8
276 275 8
276 474 13
276 278 -19
272 271 28
272 470 8
272 270 -28
272 59 -28
458 65 8
458 460 -28
458 255 19
458 457 -28
458 456 -8
65 84 -13
65 66 13
65 278 -28
65 46 19
460 67 19
460 257 -13
460 459 -19
460 462 13
255 256 -13
255 47 8
255 235 -28
255 275 -13
457 437 -13
457 68 28
457 258 19
457 476 8
456 253 -13
456 454 8
456 63 -13
456 455 -19
454 452 13
454 453 -28
454 251 -19
62 271 -13
62 64 8
62 60 -28
62 451 -19
42 254 13
42 434 19
42 43 28
42 24 19
80 294 8
80 81 8
80 473 -28
80 99 8
14 399 -28
14 13 -8
14 16 19
399 200 13
13 402 -8
13 32 -8
16 15 19
16 221 -8
16 401 13
16 18 8
570 571 -28
570 550 8
570 174 -19
570 372 -28
571 573 -28
571 369 19
571 569 -19
571 171 28
550 352 -13
550 551 -19
550 530 -28
550 155 -8
174 176 -19
174 172 -28
174 173 -13
372 152 19
372 370 28
372 371 19
372 374 28
170 172 -28
170 566 -13
170 169 -8
172 171 13
172 568 -8
566 567 -19
566 546 19
566 368 -8
169 569 -8
169 150 28
263 243 13
263 466 -28
263 264 -8
263 283 8
263 55 -19
243 37 -13
243 446 19
243 223 19
243 244 -13
466 464 8
466 73 13
466 465 -13
264 266 -13
264 463 13
264 262 28
264 52 -8
283 303 -13
283 74 -19
283 284 13
283 485 28
55 443 -28
55 54 19
55 53 -28
511 309 -28
511 509 -8
511 510 -28
511 513 -19
309 329 19
309 289 19
309 310 28
309 98 28
509 507 19
509 114 8
509 307 13
509 508 13
510 118 -8
510 312 -28
510 490 28
510 530 -28
513 117 -8
513 512 -13
513 515 -8
513 311 13
113 94 -8
113 328 -28
113 507 -13
113 130 -8
94 75 28
94 308 8
94 487 -8
328 327 -8
328 526 28
328 330 -13
507 506 -13
130 348 19
130 527 19
130 149 -8
504 306 -13
504 524 -13
504 484 -13
504 505 19
306 304 -8
306 92 19
306 305 -28
524 544 -28
524 525 -28
524 326 -19
484 286 28
484 465 -13
484 485 28
505 303 13
505 503 -19
505 111 -13
380 382 28
380 578 19
380 378 -28
380 379 -8
382 162 28
382 384 -19
382 580 19
382 381 13
578 579 19
578 182 -19
378 576 -13
378 158 -8
378 377 -8
379 163 -28
379 581 28
379 359 -19
573 173 28
573 575 8
573 371 13
573 572 -13
173 154 8
575 373 28
575 574 -19
575 577 -13
371 351 -28
371 155 -19
572 374 -8
572 552 -19
572 176 13
266 54 -19
266 465 8
266 265 13
54 446 -8
54 36 -13
465 445 -28
265 245 19
265 285 -28
237 31 8
237 440 8
237 257 28
237 238 8
237 217 -28
31 33 19
31 29 28
31 417 -8
440 442 -13
440 48 28
440 439 -28
440 438 -13
257 277 8
257 258 19
257 49 8
238 437 19
238 240 -19
238 236 8
238 28 -13
217 197 13
217 420 -13
471 469 19
471 78 19
471 470 13
471 473 28
471 269 -28
469 267 -28
469 76 -28
469 468 -8
78 97 19
78 79 13
78 59 28
78 292 28
470 490 28
470 451 19
470 81 -19
473 271 -28
473 475 19
269 249 13
269 270 -28
269 289 -8
269 60 19
356 358 -28
356 355 -19
356 554 -13
356 354 19
138 136 -19
138 353 -19
138 532 28
138 140 28
535 534 -19
535 537 -28
535 333 8
535 533 -28
119 336 -8
119 101 -13
119 515 -19
341 321 13
341 127 13
341 361 13
341 342 28
321 523 -19
321 110 13
321 301 -19
127 129 -19
127 125 8
127 520 -13
127 126 -28
361 146 13
361 362 13
361 563 -13
361 381 19
342 344 19
342 340 -19
254 256 28
254 253 -13
254 453 -13
254 252 28
434 436 13
434 433 -13
434 432 -28
434 231 28
43 45 28
43 41 -19
43 251 28
43 431 -8
24 234 -13
24 414 19
24 5 -8
24 25 13
489 491 -8
489 287 -13
489 487 19
489 95 13
489 488 -28
491 97 -13
491 490 28
491 493 -19
491 289 -13
287 288 -28
287 77 -28
287 307 8
287 267 -13
487 486 13
95 114 8
95 76 8
95 96 -28
95 310 -13
488 508 -8
488 290 13
488 468 19
488 98 28
163 165 -13
163 162 19
163 161 -19
165 560 28
165 164 -13
165 167 -19
165 381 -8
162 181 -8
161 159 -8
161 556 28
161 377 19
291 292 19
291 271 8
291 493 -8
291 311 8
291 81 -13
292 294 -13
292 490 -13
292 290 13
271 251 19
493 99 13
493 495 13
493 492 13
311 100 8
311 312 -28
311 331 -28
81 83 -8
81 79 8
388 390 28
388 387 -8
388 0 13
390 389 13
390 392 28
390 187 -8
390 1 -19
387 407 28
387 2 13
387 188 28
0 19 28
0 208 13
420 422 -19
420 418 -13
240 439 28
240 242 19
240 239 19
48 67 13
48 49 13
48 260 -19
189 190 19
189 209 -8
189 392 -13
190 192 13
190 389 28
190 188 -19
209 4 19
209 210 -8
209 229 19
392 3 -28
392 394 8
392 391 19
437 438 -8
437 417 8
437 49 8
438 436 -19
438 235 -19
438 46 28
417 418 -8
417 397 13
49 51 -13
49 47 -19
45 433 28
45 44 -8
45 47 -8
45 253 -19
433 453 -13
433 234 19
433 413 -8
44 256 -8
44 436 -13
44 26 -8
44 63 -28
47 46 -28
47 435 -28
253 233 13
565 166 -8
565 564 -19
565 363 -13
565 563 -19
166 185 -28
166 167 13
166 386 -13
166 147 -8
564 584 -8
564 366 -28
564 544 8
363 364 8
363 343 8
363 148 28
363 383 -28
563 164 -19
563 562 19
319 521 13
319 320 19
319 299 -8
521 523 19
521 519 -13
521 520 -19
320 318 13
320 105 -13
320 518 28
299 300 28
299 89 -13
299 279 13
185 585 28
185 186 -28
585 584 28
585 383 -8
585 583 -28
186 184 -8
186 582 8
442 239 -28
442 444 -13
442 50 -28
442 441 28
439 51 -19
439 459 -19
197 198 -28
298 300 28
298 297 8
298 296 8
298 84 28
298 496 -28
300 302 -13
300 86 8
300 498 8
297 87 19
297 277 -13
297 317 -19
297 499 -19
296 494 13
296 294 13
296 82 13
296 295 19
84 477 -19
84 103 13
84 85 -8
496 516 -13
496 476 -28
496 497 19
496 106 -8
349 551 28
349 350 28
349 369 -8
349 329 8
349 134 -13
551 549 -19
551 152 -19
551 553 13
350 352 -28
350 548 28
350 348 28
350 131 8
369 153 8
369 370 19
329 531 8
329 330 -8
329 116 -19
134 136 13
134 133 -8
134 132 13
134 528 -8
37 423 8
37 35 13
37 36 13
423 403 13
423 443 13
423 424 8
423 224 8
35 421 28
35 33 28
35 34 8
35 241 -28
36 246 -28
36 17 28
36 426 -8
477 475 -19
477 479 -28
477 476 -19
477 275 13
103 104 -8
103 318 8
103 497 -8
103 120 28
85 87 13
85 83 -8
85 474 -8
85 295 8
425 226 28
425 405 8
425 445 -13
425 426 -8
226 17 -13
226 224 19
405 406 -8
445 446 -13
445 246 28
426 424 8
426 223 -13
196 194 -19
196 195 -19
196 395 28
196 198 -8
194 393 -13
194 192 -13
194 193 19
195 215 -13
195 398 8
395 415 8
395 396 -19
395 10 -8
198 200 13
198 397 8
389 4 -19
187 188 13
1 2 -28
1 210 -19
373 374 -8
373 353 13
374 154 8
353 354 19
353 333 -8
251 252 28
251 231 13
352 351 19
352 354 13
352 133 8
351 331 -8
351 136 -8
351 553 -28
354 552 28
354 135 19
133 531 28
133 152 -8
87 86 8
87 476 8
87 89 -8
86 67 -28
86 105 -28
86 479 19
476 278 -13
89 478 13
89 91 8
250 248 -8
250 252 -28
250 449 8
250 39 19
250 249 -28
248 447 -28
248 38 28
248 247 13
252 451 -13
449 429 -19
449 450 13
449 60 28
449 468 -8
39 430 -8
39 57 -28
39 40 -28
249 41 -28
249 452 19
249 229 8
144 146 -8
144 142 8
144 359 -13
144 538 -19
362 364 -13
362 560 8
362 360 28
199 402 13
199 200 -13
422 32 28
422 424 19
422 421 8
239 259 8
239 33 28
403 204 28
403 18 19
403 404 -19
204 202 -13
204 203 -19
18 17 13
18 223 -13
404 201 13
404 402 19
404 406 19
404 15 -8
146 148 13
146 145 -13
148 542 19
148 147 28
145 364 -28
145 164 -28
145 126 19
538 340 -28
538 518 8
360 358 8
360 141 -13
360 359 13
23 21 28
23 25 13
23 22 13
23 229 -28
429 430 -19
429 230 13
429 41 13
210 212 -8
210 208 28
51 53 8
51 259 -28
51 50 -19
53 52 -13
53 261 8
53 441 13
259 260 28
259 462 8
259 279 -8
50 262 -19
50 32 19
50 69 -8
68 277 -13
68 70 -19
68 66 -19
68 67 -28
258 256 13
258 46 -19
258 260 19
228 19 28
228 427 28
228 227 28
228 230 28
19 38 28
427 40 -8
427 428 8
427 407 8
427 447 -19
227 21 -28
227 430 -28
227 247 -28
230 232 -28
230 229 13
100 490 -8
100 102 -13
100 99 13
100 98 19
102 104 -19
102 313 13
102 492 -28
102 101 8
99 117 -8
99 314 -19
98 97 -19
98 96 28
332 330 -19
332 334 -28
332 530 -13
332 331 -8
330 114 -28
330 528 8
334 333 8
334 336 -8
334 532 -19
334 117 19
530 531 8
530 136 8
331 118 28
331 533 13
277 479 19
277 278 19
70 69 -28
70 72 -8
70 279 19
70 459 8
66 64 8
66 455 28
66 275 -19
67 280 -13
325 305 -19
325 345 -19
325 326 -8
305 285 13
345 346 8
345 365 -28
326 324 28
326 111 13
446 444 -13
444 443 -8
444 241 -8
444 52 13
304 502 -28
304 302 8
304 90 -8
304 303 -19
502 503 -8
502 522 8
502 112 8
502 482 -8
302 500 8
302 301 -19
90 109 -13
90 71 -28
90 91 19
90 483 -19
303 93 8
303 323 -8
21 407 -8
407 208 -28
464 463 19
464 71 19
464 261 -28
464 462 19
463 443 -13
463 74 -13
463 482 28
71 72 28
71 284 -8
71 52 8
261 262 -13
261 241 -28
261 281 13
462 69 19
462 461 28
118 116 -8
118 117 -8
116 115 8
116 508 13
117 135 -13
581 579 -13
581 181 -13
581 583 -8
581 580 28
552 553 -13
552 532 -19
176 178 13
245 246 28
285 286 -13
17 406 -8
224 223 -13
224 15 28
451 452 -28
451 431 -28
333 313 -8
336 338 13
336 534 19
336 335 -13
532 512 -8
532 533 13
178 177 -8
178 180 -8
178 574 -8
517 516 13
517 315 13
517 515 13
517 519 -8
517 120 8
516 123 -19
516 536 -19
516 318 8
315 104 8
315 316 -8
315 295 28
315 335 8
515 313 -19
515 514 8
519 122 -19
519 317 19
519 518 19
120 338 19
120 139 28
120 121 -8
508 310 -13
508 528 28
290 288 -13
290 289 -13
290 76 -13
468 79 13
468 270 -28
181 182 13
416 213 -19
416 26 -19
416 414 19
416 418 8
416 415 -8
213 233 19
213 193 28
213 214 -28
213 8 19
26 27 8
26 7 13
26 236 13
414 211 8
414 413 -8
418 215 8
418 28 -8
415 216 28
415 435 -28
415 29 8
2 4 -8
579 179 8
579 577 -19
579 377 -28
179 180 -19
577 576 -19
577 375 -28
577 177 -19
223 203 19
244 443 8
244 246 -28
244 242 28
244 34 -19
475 82 -28
475 474 19
479 481 28
479 478 -28
275 295 8
4 3 -13
4 6 8
584 386 -8
366 364 -8
366 147 8
366 365 19
544 346 19
544 545 -19
459 260 8
459 478 28
317 318 -13
317 337 28
317 106 -28
499 497 19
499 105 8
499 498 -28
531 529 28
531 533 8
529 327 -28
529 527 -8
529 131 8
529 528 -19
533 135 -19
215 216 8
215 10 -19
215 235 -13
398 396 28
398 9 -8
398 397 -19
549 347 -13
549 547 -13
549 548 8
549 150 8
347 348 13
347 327 19
347 132 -13
347 367 19
547 149 -28
547 546 -19
548 528 13
548 568 -13
548 153 19
150 151 -28
150 370 -8
150 131 8
448 447 8
448 450 -19
448 56 19
447 58 28
447 467 -8
450 57 -19
450 452 -13
450 247 -28
56 75 -19
56 268 -8
56 38 8
3 212 -8
3 22 28
6 8 13
6 5 8
6 211 13
6 391 13
312 314 28
312 310 8
312 97 13
314 512 -28
314 316 19
314 313 -19
310 308 -28
346 344 -28
346 128 13
545 343 28
545 147 28
202 401 -8
202 201 8
202 200 19
401 421 -13
401 402 19
201 221 8
278 280 -28
358 139 -13
358 556 -28
139 537 13
139 158 28
139 140 -28
556 576 13
556 536 19
406 203 -13
93 92 28
93 91 -13
93 482 -13
92 111 -19
92 73 28
92 485 13
91 480 -13
91 301 -19
482 483 -8
482 284 -19
256 455 -19
455 435 13
455 474 -28
104 106 8
104 494 -13
106 105 13
494 474 19
494 495 28
494 514 19
430 428 -19
430 432 8
247 267 8
247 40 19
280 279 8
280 478 -8
280 282 -13
503 301 -28
503 109 28
500 520 19
500 480 13
500 110 -28
323 343 -19
323 324 19
323 112 -8
323 525 -19
576 180 -28
180 182 -13
40 41 -19
428 38 28
74 72 8
74 73 8
135 136 -8
135 154 13
553 154 13
554 159 19
554 534 -19
554 574 19
338 340 -13
338 536 28
338 337 -19
340 122 28
536 537 -28
536 142 -28
337 123 8
72 461 -28
72 281 -8
73 286 -28
289 79 -28
432 431 -13
432 229 13
288 75 19
288 486 -19
486 506 28
486 467 13
486 96 13
123 121 -8
123 125 8
123 122 19
318 316 8
27 25 28
27 29 13
27 413 -19
27 233 -13
25 411 13
25 231 8
29 235 -19
29 28 13
413 393 28
413 214 -13
233 436 13
233 234 -19
216 214 8
216 7 -19
435 436 -13
435 236 28
121 514 8
121 335 -28
125 518 13
122 105 13
122 141 -13
385 386 -19
385 365 -13
386 384 13
182 184 19
212 411 28
212 211 -19
212 214 -8
77 79 -13
77 76 13
77 467 19
76 57 8
467 268 -8
184 580 28
184 183 28
523 525 13
523 522 -19
523 126 19
525 128 13
522 129 8
522 542 -8
522 324 -28
126 344 -28
126 109 13
495 293 28
495 497 -13
495 101 -19
514 534 13
514 316 -19
32 33 -13
32 242 -28
424 221 19
424 34 -13
421 441 -8
286 284 13
284 282 13
393 8 13
393 394 28
8 7 -13
8 10 28
394 396 19
394 191 8
394 5 -19
355 140 -19
355 335 19
355 375 -19
140 534 13
140 142 28
335 537 -19
375 159 28
568 569 -8
568 370 -28
153 151 13
153 155 -28
153 152 13
109 324 13
109 110 -28
483 485 -19
483 481 -13
483 281 19
396 7 28
396 193 19
58 57 -8
58 267 28
58 60 8
151 546 8
151 367 -28
155 154 -19
152 171 -19
344 343 -28
344 542 -28
343 129 13
542 562 8
57 270 -8
267 268 -8
60 59 -8
316 101 -28
295 497 -13
383 384 -8
383 167 19
583 381 19
583 183 -28
583 582 -28
221 241 28
142 141 28
452 59 -19
453 64 -13
129 128 -19
128 147 -28
128 111 13
111 112 -19
235 236 28
214 5 -28
506 308 19
506 526 19
506 115 13
480 481 -28
480 461 -19
480 282 -13
110 112 -19
234 236 28
234 232 8
301 281 -28
159 158 28
158 177 -8
307 308 -13
307 327 -19
307 96 13
364 562 8
562 582 -19
562 167 13
481 279 28
461 262 -13
461 441 -13
282 281 -28
282 69 -19
560 580 -28
441 242 -19
242 241 19
370 368 -28
268 270 -13
83 293 19
83 82 13
293 294 28
293 313 13
82 101 28
82 63 19
567 569 -28
567 168 19
546 348 28
546 526 -28
368 149 -13
368 367 -8
260 262 -28
64 63 19
327 115 -19
526 527 13
526 132 -28
569 367 -8
115 114 28
114 131 -13
512 492 -28
411 431 28
411 391 -19
22 232 28
15 34 -28
294 492 -8
192 191 28
192 391 -19
191 211 -8
164 384 13
164 183 -8
46 28 8
498 478 8
498 518 -13
131 132 -13
384 582 -28
431 232 -13
211 231 13
52 34 19
232 231 -13
149 168 -19
9 10 -28
9 28 19
