1249 1248 19
1249 357 28
1249 1247 13
1249 1251 19
1249 801 -28
1248 360 19
1248 1218 -19
1248 1278 19
1248 804 28
357 834 -28
357 386 8
357 328 19
357 358 -28
1247 1245 19
1247 355 13
1247 799 8
1247 1246 -8
1251 359 -13
1251 803 -19
1251 1253 -8
1251 1250 -19
801 772 13
801 802 28
801 329 -8
801 831 8
157 1041 -19
157 184 -13
157 624 13
157 158 -28
157 128 -13
1041 591 28
1041 1040 13
1041 1043 -19
1041 1039 13
184 213 19
184 185 19
184 653 19
184 1071 19
624 626 -19
624 623 -19
624 1070 -19
624 622 -13
158 160 28
158 621 28
158 156 -13
158 1038 -19
128 129 -8
128 594 -19
128 1011 13
128 99 13
741 268 -28
741 739 28
741 740 -8
741 743 28
741 1184 28
268 269 28
268 240 -19
268 1157 -19
268 296 13
739 737 19
739 738 -28
739 266 -8
739 1182 -28
740 710 19
740 770 28
740 1187 8
740 271 8
743 270 -13
743 745 28
743 1186 19
743 742 19
1184 298 8
1184 1156 13
1184 1214 8
1184 1185 13
447 448 -13
447 477 -19
447 898 -19
448 895 19
448 446 28
448 450 -13
477 20 -28
477 928 -19
477 507 -8
477 478 28
898 896 -28
898 19 -19
898 900 28
898 897 -28
401 402 -8
401 372 -28
401 1295 13
402 404 8
402 1292 -19
372 850 28
372 343 8
372 1265 -19
372 373 13
1295 1294 -13
1295 1297 -13
1295 1293 -28
1295 847 -13
404 406 19
404 1294 -13
404 403 -19
406 408 8
406 1296 8
406 405 -28
1294 850 -13
1294 1264 -8
403 1297 -13
403 374 19
535 505 -19
535 986 8
535 536 8
535 565 -8
535 75 -8
505 956 19
505 475 8
505 506 28
505 47 28
986 103 8
986 988 8
986 984 -8
986 985 28
536 538 28
536 983 8
536 534 13
536 72 13
565 566 -28
565 1015 8
565 595 19
565 104 28
75 77 -19
75 73 13
75 953 -13
75 74 -19
1061 611 -28
1061 1059 13
1061 1060 -8
1061 1063 8
611 640 19
611 581 -28
611 612 -19
611 148 8
1059 174 28
1059 1058 -13
1059 1057 8
1059 609 -8
1060 178 -8
1060 614 28
1060 1030 8
1060 1089 -28
1063 1062 19
1063 177 8
1063 1065 19
1063 613 13
173 144 13
173 639 -28
173 1057 19
173 200 13
144 1027 -13
144 115 28
144 610 8
639 638 -13
639 1085 -8
639 641 8
1057 1056 19
200 229 13
200 669 -13
200 1086 8
1300 856 28
1300 410 13
1300 1270 -28
1300 1301 -28
856 855 -13
856 858 -19
856 378 -28
856 854 13
410 408 19
410 412 13
410 409 -8
1270 1240 -13
1270 826 -19
1270 1271 8
1270 381 13
1301 1303 -13
1301 1299 19
1301 407 28
1301 853 -19
27 488 -19
27 906 13
27 56 -13
27 28 28
488 487 13
488 486 19
488 935 -19
906 904 -8
906 455 -19
906 905 19
56 936 -19
56 518 -8
56 57 -19
56 84 19
28 903 -19
28 485 -8
28 26 13
538 74 -8
538 985 -28
538 537 28
538 540 -13
74 956 28
74 46 13
985 955 -19
985 1014 8
985 106 -28
537 77 8
537 988 19
537 507 8
537 567 -19
540 987 28
540 539 13
540 76 28
540 542 13
499 41 19
499 950 13
499 529 -8
499 500 -28
499 469 -8
41 40 -8
41 39 -28
41 43 8
41 917 28
950 952 -19
950 68 13
950 949 -19
950 948 19
529 559 -8
529 980 -8
529 530 28
529 69 -8
500 498 19
500 947 -8
500 38 -28
500 502 8
469 470 13
469 12 -19
469 439 -19
469 920 19
1001 999 28
1001 118 19
1001 1000 -8
1001 1003 13
1001 551 19
999 998 -28
999 549 -28
999 116 28
118 147 -19
118 89 19
118 119 -13
118 584 -19
1000 971 -28
1000 554 -28
1000 1030 -19
1000 121 19
1003 553 -13
1003 120 -13
1003 1002 19
1003 1005 -19
551 552 -13
551 521 13
551 581 19
551 90 19
1303 409 13
1303 1302 13
1303 1305 -8
1303 855 19
409 380 -19
1302 412 8
1302 858 -28
1302 1272 8
1305 1304 -13
1305 1307 13
1305 857 28
1305 411 -13
855 381 13
855 825 13
207 677 19
207 236 -8
207 208 -28
207 1094 -19
207 179 -28
677 1123 -13
677 675 19
677 676 8
677 679 8
236 707 19
236 264 19
236 1124 28
236 237 28
208 674 -19
208 210 -13
208 206 -13
208 1091 -8
1094 644 -19
1094 1096 8
1094 1092 28
1094 1093 -28
179 647 19
179 151 19
179 1065 -19
783 1226 -28
783 785 -8
783 782 -19
783 781 28
783 307 8
1226 339 8
1226 1196 -13
1226 1227 -13
1226 1256 -28
785 309 -8
785 1228 -8
785 786 -19
785 784 13
782 310 19
782 752 13
782 811 28
782 1229 19
781 1224 -8
781 779 19
781 305 8
781 780 13
307 308 -28
307 336 -28
307 280 13
307 1197 8
605 634 -28
605 575 19
605 1055 -28
605 143 13
605 606 -13
634 664 8
634 172 19
634 635 13
634 1084 28
575 576 -19
575 545 -28
575 114 -19
575 1025 -28
1055 1053 -28
1055 171 -19
1055 1054 8
143 142 -28
143 141 8
143 1022 -13
606 140 28
606 1052 -28
606 604 28
606 608 19
1201 754 13
1201 1200 28
1201 1199 28
1201 311 19
754 755 -8
754 784 13
754 724 8
754 285 13
1200 1171 8
1200 1230 28
1200 757 13
1199 752 -8
1199 1197 28
1199 1198 -19
1199 309 -19
311 340 -13
311 786 28
311 312 8
311 284 19
308 310 19
308 306 -28
308 780 13
308 1194 -19
336 365 -19
336 337 -8
336 812 -13
336 1227 -19
280 1169 -8
280 252 28
280 281 -28
280 753 19
1197 1196 -19
1197 1195 19
1197 750 -8
40 920 -19
40 11 -28
40 502 -19
40 68 19
920 919 -13
920 922 -13
920 918 8
11 12 -13
11 890 -8
11 472 -28
502 504 13
502 949 13
502 501 -19
68 97 19
68 69 -19
68 532 -13
20 18 -19
20 895 -8
20 22 8
20 19 -19
18 16 -19
18 475 -13
18 893 13
18 17 -28
895 925 -28
895 896 -8
22 479 19
22 21 8
22 897 19
22 24 8
19 480 -19
19 48 -28
310 309 28
310 312 -28
310 1196 19
309 282 -28
309 338 28
312 1198 -8
312 784 19
1196 1168 -19
1196 753 19
274 1163 -13
274 747 -13
274 275 8
274 246 19
274 301 28
1163 1165 -28
1163 1161 28
1163 714 -19
1163 1162 8
747 749 -13
747 1190 -28
747 746 8
747 745 13
275 273 28
275 744 19
275 277 13
275 1160 -8
246 1134 8
246 717 -19
246 247 -19
246 217 -19
301 302 13
301 1191 -19
301 330 -28
301 777 8
590 592 28
590 589 -13
590 588 8
590 124 28
590 1036 -8
592 126 -13
592 591 19
592 594 19
592 1038 13
589 127 19
589 559 8
589 619 13
589 1039 -8
588 1034 -13
588 586 -8
588 122 13
588 587 19
124 1007 19
124 95 -8
124 153 19
124 125 -13
1036 1037 -19
1036 1066 -28
1036 1006 8
1036 156 19
1007 1005 -28
1007 1009 19
1007 1006 -19
1007 557 8
95 96 28
95 66 -8
95 978 -13
95 560 13
153 620 -19
153 1037 -13
153 154 8
153 180 19
125 127 28
125 123 8
125 587 19
125 1004 -28
925 478 8
925 955 28
925 926 13
925 49 28
478 480 13
478 476 28
478 17 -8
955 956 -13
955 77 -19
955 508 13
926 46 13
926 924 -19
926 475 28
926 928 8
49 47 -8
49 507 -13
49 48 -8
49 51 -13
1166 1194 13
1166 1167 19
1166 1137 28
1166 281 19
1166 721 28
1194 1224 28
1194 1195 -19
1194 751 8
1167 1165 -8
1167 718 28
1167 1169 -13
1167 278 19
1137 691 -19
1137 1138 -19
1137 1107 -13
1137 253 8
281 279 28
281 750 13
281 283 19
721 719 8
721 250 -13
721 720 19
721 723 13
553 92 -19
553 583 -28
553 554 -19
553 523 19
92 971 13
92 91 -8
92 94 19
92 90 28
583 613 -13
583 584 28
583 1033 -8
583 121 28
554 552 -8
554 89 -28
554 556 28
523 524 -28
523 63 -13
523 493 -19
523 974 13
695 697 13
695 693 19
695 694 -13
695 225 13
695 1140 13
697 696 -13
697 1142 -28
697 227 -13
693 691 -8
693 223 8
693 692 -19
694 664 -19
694 228 8
694 724 -8
694 1143 -13
225 254 13
225 226 -8
225 1112 -8
225 196 8
1140 1141 -8
1140 1111 13
1140 256 19
834 833 -8
834 1278 -13
834 832 13
834 836 19
833 360 -8
833 803 -19
833 863 -28
833 1281 19
1278 1279 -28
1278 1308 8
1278 389 13
832 831 28
832 1276 -13
832 830 -28
832 355 -13
836 359 -19
836 835 -19
836 1280 -19
836 838 -19
127 126 -28
127 1006 -13
127 129 13
126 97 -19
126 155 -8
126 1009 28
1006 977 19
1006 560 13
129 591 -13
129 1008 -28
129 131 -13
386 1279 -28
386 415 8
386 864 -19
386 387 -19
328 329 8
328 1219 -8
328 299 13
328 804 -28
358 360 -13
358 831 28
358 356 -8
358 1246 28
423 394 -13
423 424 13
423 1317 -28
394 872 8
394 1287 -19
394 365 19
394 395 -28
424 426 -28
424 1314 19
424 422 19
1317 869 -13
1317 1316 8
1317 1315 -19
1317 1319 13
360 359 -13
360 362 -8
359 388 -28
359 330 -13
362 835 8
362 361 13
362 1250 -28
362 364 28
909 33 -8
909 910 13
909 939 8
909 462 19
909 879 -28
33 35 28
33 491 28
33 32 19
33 31 -19
910 30 -28
910 908 -8
910 912 -28
910 459 -13
939 969 -19
939 492 28
939 61 8
939 940 13
462 464 -19
462 460 28
462 461 28
462 1 -8
879 432 -8
879 880 -13
879 4 -28
1267 374 28
1267 1266 -28
1267 1269 -28
1267 819 -8
1267 1265 -8
374 852 -13
374 345 -13
374 375 13
1266 377 8
1266 1236 13
1266 822 -19
1266 1296 8
1269 376 28
1269 1271 -13
1269 1268 -8
1269 821 28
819 789 -28
819 820 13
819 346 19
819 849 19
1265 817 13
1265 1264 28
1265 1263 -8
71 69 -28
71 73 -19
71 531 8
71 70 19
71 949 -28
69 67 13
69 947 19
73 72 8
73 533 13
73 951 28
531 532 13
531 501 -19
531 982 -28
531 561 -13
70 534 8
70 952 -13
70 42 -8
70 99 28
949 919 -28
949 979 19
977 98 -28
977 947 -8
977 978 13
977 530 -19
98 559 19
98 97 28
98 100 28
98 96 28
947 917 -13
947 948 28
978 527 -28
978 976 -28
978 980 -13
530 66 -19
530 528 -28
530 532 8
643 641 8
643 645 -19
643 1089 13
643 642 -13
641 174 8
641 640 -8
641 1087 -13
645 644 -8
645 647 28
645 1091 -8
645 177 28
1089 1119 28
1089 1090 28
1089 206 -28
642 178 -13
642 613 -28
642 1092 8
642 672 28
425 396 -28
425 1319 8
425 426 8
396 367 8
396 1289 8
396 874 -19
396 397 8
1319 871 28
1319 1321 -19
1319 1318 -19
426 428 -28
426 1316 28
749 1192 28
749 751 -13
749 276 19
749 748 13
1190 304 13
1190 1162 -8
1190 1220 -28
1190 1191 28
746 716 -8
746 776 -28
746 1193 13
746 277 -8
745 272 -28
745 1188 13
745 744 19
453 483 19
453 904 -19
453 454 8
483 513 -19
483 484 13
483 26 8
483 934 8
904 902 8
904 25 -13
904 903 8
454 452 13
454 901 -8
454 456 28
956 958 -28
956 954 -8
958 507 -13
958 76 -13
958 960 13
958 957 -8
954 952 19
954 72 19
954 953 13
954 503 28
1218 331 -19
1218 1219 13
1218 1188 -13
1218 775 -13
331 333 13
331 329 13
331 803 8
331 330 -8
1219 772 19
1219 1217 -8
1219 1221 28
1188 302 -19
1188 1189 -28
1188 1160 8
775 773 13
775 299 -28
775 777 -28
775 774 13
178 176 13
178 177 -8
176 1058 -28
176 175 -19
176 640 -28
177 205 -13
177 149 -13
710 243 8
710 1159 28
710 711 8
710 680 8
243 242 19
243 245 -19
243 241 19
243 1127 8
1159 270 -28
1159 1157 -28
1159 1161 13
1159 1158 13
711 713 28
711 1156 -13
711 709 -19
711 240 13
680 681 8
680 650 -19
680 214 -8
680 1130 19
644 615 8
644 674 28
647 649 -19
647 1093 28
647 646 -8
1091 1062 8
1091 1121 -8
1091 1092 19
1067 1066 28
1067 617 19
1067 1065 19
1067 1069 28
1067 180 28
1066 183 -13
1066 620 -19
1066 1095 8
617 618 -28
617 154 28
617 587 13
617 646 13
1065 615 -8
1065 1064 -8
1069 619 -13
1069 1071 8
1069 182 -8
1069 1068 13
180 649 -28
180 209 8
180 181 19
1028 1058 -8
1028 582 28
1028 998 -13
1028 148 -19
1028 1029 -8
1058 612 -8
1058 1087 -13
582 580 28
582 116 28
582 581 19
582 584 -28
998 552 13
998 119 13
998 969 -8
148 147 -13
148 146 -13
148 150 8
1029 579 13
1029 1031 19
1029 1027 28
1029 145 -19
242 1130 -8
242 213 -8
242 713 8
242 270 -28
1130 1129 8
1130 1132 -8
1130 1128 -19
213 214 8
213 683 -8
213 1100 -13
713 712 8
713 1158 -13
713 715 -8
270 297 8
270 271 8
544 991 -19
544 542 8
544 80 -8
544 546 8
544 543 -8
991 1020 -19
991 992 13
991 112 -8
991 961 -13
542 989 -13
542 78 8
542 541 -8
80 52 13
80 109 -8
80 81 13
80 962 28
546 82 -8
546 548 -13
546 545 13
546 993 -19
543 513 19
543 573 -8
543 83 8
543 994 -19
475 476 -19
475 445 19
506 504 -28
506 953 -19
506 508 -8
506 44 -8
47 46 -19
47 45 -19
47 923 -28
1005 122 28
1005 1004 19
1005 555 8
1009 559 28
1009 1011 -19
1009 1008 13
557 527 19
557 96 13
557 587 -28
557 558 -28
1309 415 -8
1309 1311 13
1309 861 8
1309 1307 8
1309 1308 -13
415 416 -28
1311 417 -8
1311 1310 -19
1311 863 28
1311 1313 19
861 831 -8
861 387 19
861 862 -19
1307 859 28
1307 413 -13
1307 1306 8
1308 864 -13
1308 418 -8
1133 1162 19
1133 687 -8
1133 1134 -13
1133 249 -28
1133 1103 -19
1162 277 -13
1162 717 8
687 685 8
687 686 -19
687 689 -19
687 217 -28
1134 684 19
1134 1136 19
1134 1132 -13
249 716 -28
249 248 -8
249 251 -19
249 247 -19
1103 1104 13
1103 220 8
1103 1074 13
1103 657 -19
800 799 -8
800 1244 -8
800 802 -8
800 324 -8
800 798 28
799 327 -28
799 770 -19
799 829 -19
1244 1245 -19
1244 1274 -28
1244 1214 -8
1244 356 -8
802 1246 -19
802 326 8
802 804 19
324 353 -19
324 1215 -8
324 325 -19
324 296 28
798 1242 -28
798 796 19
798 322 13
798 797 -13
46 508 13
46 17 8
508 507 19
508 510 -19
17 896 -19
1118 668 28
1118 1116 13
1118 1120 8
1118 1117 8
1118 230 19
668 638 -28
668 698 -19
668 669 -28
668 202 19
1116 229 13
1116 1115 13
1120 1119 13
1120 670 -13
1120 1122 19
1120 232 -8
1117 233 -19
1117 671 13
1117 1146 8
1117 1087 19
230 258 -28
230 701 -13
230 201 -8
230 231 -13
327 326 -13
327 329 28
327 325 19
327 1214 13
326 297 8
326 1217 13
326 355 -13
329 1216 -13
325 797 -13
325 1212 28
325 323 19
1214 1215 -28
1214 771 -28
931 484 19
931 932 19
931 55 -13
931 901 -8
931 961 13
484 482 28
484 486 -8
484 23 -19
932 930 28
932 481 28
932 52 -8
932 934 19
55 513 -28
55 54 19
55 53 13
55 57 -19
901 902 8
901 26 -28
961 962 19
961 83 -28
961 514 13
852 854 8
852 851 19
852 850 28
852 1296 19
854 1298 8
854 376 -28
854 853 -13
851 377 -8
851 1299 -13
851 821 -13
850 848 -13
850 849 19
1296 1297 -19
559 560 8
560 558 8
560 562 -19
298 770 -19
298 297 8
298 300 -28
1156 1127 8
1156 271 -13
1156 1157 -19
1185 738 28
1185 1183 -28
1185 1187 19
1185 296 -19
133 595 8
133 132 -28
133 135 28
133 131 8
133 1012 19
595 1045 -8
595 625 -28
595 596 8
132 103 -13
132 598 13
132 1015 -8
132 161 -19
135 597 13
135 1014 8
135 137 28
135 134 -8
131 593 -8
131 1010 8
131 130 8
1012 983 8
1012 1013 -13
1012 566 8
1012 1042 -13
664 199 -19
664 1114 13
664 665 19
199 198 8
199 197 8
199 1081 8
1114 227 -13
1114 1113 28
1114 1112 -13
665 667 19
665 663 19
665 1111 13
665 196 -19
377 375 19
377 376 -13
377 379 -8
375 1264 19
375 849 -28
375 373 19
376 347 8
376 405 28
379 853 -13
379 1268 13
379 381 28
379 378 -13
97 562 -28
97 980 19
562 561 -28
562 1008 -19
562 564 8
980 982 -19
980 979 -19
1273 1272 13
1273 1275 -13
1273 1271 28
1273 825 19
1273 380 -19
1272 383 -28
1272 1242 -28
1272 828 28
1275 1274 8
1275 382 28
1275 1277 19
1275 827 -13
1271 823 -28
1271 378 -8
825 795 19
825 352 28
825 826 8
380 858 -8
380 381 -19
380 351 -13
77 76 -19
77 79 -28
76 48 -19
76 105 13
79 81 8
79 78 -19
79 957 -28
79 539 28
983 953 -8
983 984 -19
983 104 19
953 923 28
984 982 -19
984 533 13
984 101 -28
104 103 13
104 102 8
104 106 8
198 227 28
198 171 -8
198 1084 -13
198 667 -8
227 228 13
171 172 -8
171 142 -28
171 637 -13
1084 1083 -13
1084 1082 8
667 666 8
667 1113 -8
649 651 28
649 1095 13
649 648 28
651 650 -13
651 1097 -19
651 182 13
651 653 -8
1095 1125 -28
1095 1096 8
1095 212 19
648 183 8
648 678 -19
648 619 -13
648 1098 -19
640 1090 13
640 670 -28
581 1031 -28
581 119 -13
612 614 13
612 610 -19
612 145 -8
817 818 -19
817 787 19
817 344 -8
817 847 28
818 1262 -19
818 820 -13
818 342 13
787 1235 13
787 315 13
787 758 -8
787 788 -19
344 1232 -13
344 346 -13
344 343 19
847 848 13
847 373 28
1236 1206 28
1236 348 8
1236 792 -8
1236 1237 19
1206 319 -8
1206 1207 -28
1206 763 -19
1206 1177 -8
348 347 -28
348 350 -8
348 346 19
348 821 19
792 791 19
792 790 28
792 316 28
792 794 13
1237 789 -28
1237 1239 -13
1237 1235 -28
1237 345 13
1224 337 8
1224 1254 28
1224 1225 -13
337 339 -8
337 335 -13
337 809 -8
1254 1284 -19
1254 1255 19
1254 366 28
1254 810 13
1225 1223 -19
1225 778 -28
1225 1227 8
1225 334 -8
183 181 -28
183 185 -13
183 182 -19
181 1064 8
181 646 -28
185 650 13
185 1068 -13
185 187 13
182 155 -8
182 211 -19
716 1165 -13
716 717 19
716 686 -13
1165 276 -28
1165 1164 19
717 719 28
717 715 19
686 656 -13
686 220 -19
686 1136 -8
147 1031 19
147 614 28
1031 1030 -8
1031 1033 -28
614 613 8
614 616 -28
1073 623 -19
1073 1075 19
1073 1072 -8
1073 186 -19
1073 1071 8
623 593 13
623 160 19
623 652 -19
1075 188 28
1075 625 -8
1075 1074 13
1075 1076 13
1072 189 -8
1072 626 8
1072 1042 19
1072 1101 -28
186 655 8
186 159 19
186 215 19
186 187 -13
1071 1070 -13
1071 621 -13
719 1164 28
719 248 13
719 718 -8
1164 1135 -13
1164 279 -13
1164 1192 19
248 276 -8
248 1136 8
248 219 13
718 251 -8
718 748 -19
718 688 8
1034 1004 8
1034 1035 -8
1034 1064 13
1034 154 -28
1004 558 28
1004 975 19
1035 1033 -28
1035 585 28
1035 1037 19
1035 151 -19
1064 618 13
1064 1093 -19
154 156 -19
154 152 -8
276 303 -19
276 277 8
1136 1135 -19
1136 1138 8
219 220 13
219 1106 28
219 190 -28
219 689 -19
730 700 -19
730 760 -8
730 261 28
730 1178 -28
730 731 -13
700 233 28
700 1149 -13
700 701 -19
700 670 28
760 789 28
760 761 8
760 1207 -28
760 289 19
261 260 8
261 263 -19
261 259 -8
261 1146 13
1178 1176 -13
1178 1177 13
1178 1179 28
731 729 -8
731 733 -28
731 1175 -19
731 258 -8
525 65 13
525 976 -13
525 526 -13
525 495 13
525 555 8
65 67 -13
65 63 8
65 943 13
65 64 -28
976 93 -8
976 974 -19
976 975 -8
526 528 -8
526 973 19
526 524 19
526 62 -8
495 496 -19
495 465 8
495 946 -19
495 37 19
555 556 13
555 585 28
555 94 19
806 808 8
806 804 13
806 1250 -13
806 805 -13
806 330 8
808 332 -28
808 1252 -28
808 810 -28
808 807 13
804 803 -8
1250 1280 -8
1250 1220 19
805 333 8
805 776 19
805 835 13
805 1253 19
330 1221 8
233 231 13
233 235 -28
233 232 -13
231 1115 28
231 698 -8
235 1119 19
235 702 13
235 234 8
235 237 -8
232 203 -19
232 260 8
232 703 28
770 1217 -13
770 771 -28
1217 1216 -8
1217 1215 -8
771 773 -28
771 769 28
771 296 19
333 335 -8
333 332 28
333 1220 -19
335 334 13
335 1222 8
335 807 19
332 303 -19
332 1223 19
1220 777 -8
1220 1221 13
873 1321 13
873 843 -19
873 399 -28
873 874 -8
1321 427 -19
1321 1320 19
843 844 -13
843 1291 -8
843 813 -8
843 370 28
399 398 -13
399 1288 -13
399 397 -19
874 876 28
874 872 -8
874 1318 8
527 528 -28
527 67 -8
527 497 13
528 64 8
528 975 -28
67 66 13
67 945 -13
497 498 -19
497 39 -13
497 467 -19
497 948 28
468 466 19
468 915 13
468 470 28
468 7 -8
468 467 -28
466 465 -28
466 464 -28
466 913 13
466 5 -8
915 39 -13
915 885 28
915 945 -8
915 916 8
470 472 13
470 917 13
470 9 -13
7 36 28
7 8 -8
7 886 13
467 437 -19
467 10 13
467 918 13
297 773 13
297 1187 -8
773 772 -28
773 1216 -13
1187 1189 -28
1187 1186 28
876 1320 28
876 875 8
876 398 -8
1320 1290 13
875 845 -13
398 369 28
398 427 -19
398 1291 -8
369 1261 -13
369 846 -28
369 340 -8
369 370 -13
427 428 19
1291 1290 -8
1291 1289 19
566 568 -13
566 564 -8
566 101 19
1015 1014 13
1015 1017 8
1015 1013 -13
772 742 8
772 300 -13
742 712 -19
742 273 -13
742 1189 -19
300 302 -19
300 1186 13
300 299 13
304 776 -8
304 303 8
304 306 -28
304 302 -28
1191 1193 -19
1191 1189 19
1191 744 19
383 857 -8
383 381 -28
383 382 -13
383 385 -19
857 858 8
857 827 19
382 353 -13
382 860 -28
382 411 -28
385 859 28
385 384 -28
385 1274 19
385 387 -19
103 568 8
568 1014 13
568 570 -8
568 567 19
579 609 -13
579 117 28
579 580 28
579 549 19
609 638 -8
609 146 -13
609 610 13
117 997 -13
117 119 28
117 116 19
580 115 28
580 1026 28
549 550 -8
549 519 -8
549 88 19
685 215 -19
685 1131 -19
685 683 28
685 684 19
215 244 -28
215 216 8
215 1102 -8
1131 1160 8
1131 1101 -28
1131 1132 28
1131 247 13
683 1129 19
683 681 13
683 682 8
684 654 -19
684 218 -13
684 714 -28
1176 287 -28
1176 728 13
1176 1174 8
1176 1175 -19
287 761 13
287 314 28
287 258 -19
728 729 13
728 259 -28
728 698 -13
728 758 -8
1174 286 -19
1174 1173 -13
1175 289 8
1175 1204 -28
1175 1146 28
824 822 -19
824 823 8
824 347 8
824 826 -19
824 1268 -28
822 820 13
822 345 28
822 821 -8
823 793 -8
823 350 19
823 853 -13
347 318 -28
347 1239 19
826 349 -28
826 828 8
1268 1298 -19
1268 1238 -19
1279 1281 -13
1279 1277 -8
1279 831 -19
1281 1280 8
1281 388 28
1281 1283 -19
1277 384 13
1277 1276 -19
1277 829 -8
318 794 -28
318 319 -8
318 290 -13
318 1209 19
1239 791 13
1239 1241 28
1239 1238 28
172 170 13
172 1052 19
635 633 -19
635 1081 -28
635 637 8
635 169 -8
1242 1212 -19
1242 354 -8
1242 1243 19
1212 769 28
1212 1213 13
1212 1182 -13
354 353 -28
354 356 19
354 827 19
354 352 13
1243 1245 -28
1243 1241 13
1243 795 28
1243 351 19
722 255 -8
722 723 -28
722 692 28
722 1170 -8
722 752 28
255 254 19
255 253 13
255 256 -19
723 725 -19
723 252 19
723 1168 28
692 226 -13
692 1141 -19
692 662 -13
1170 282 8
1170 1172 28
1170 1169 28
752 283 8
752 753 -19
1245 797 -28
1245 353 -19
797 768 19
797 827 -19
353 830 -13
737 736 -8
737 1180 -28
737 735 28
737 264 19
736 267 28
736 766 19
736 1183 -28
736 706 -8
1180 1181 19
1180 1152 -13
1180 1210 -8
1180 295 -19
735 262 -28
735 734 -28
735 733 -19
264 1153 13
264 292 28
264 265 28
254 282 28
254 1141 -19
254 725 13
282 755 -19
282 283 -19
1141 1139 8
1141 1143 19
725 727 -13
725 724 8
1030 150 19
1030 584 -8
1033 149 13
1033 1032 -19
532 534 -28
532 979 13
501 952 -8
501 471 -19
501 43 -28
982 99 -8
982 981 -28
561 100 -28
561 591 -28
561 1011 -8
400 371 8
400 1293 28
371 848 -8
371 342 8
371 1263 19
1293 1292 28
534 981 -28
534 533 19
981 102 13
981 951 8
981 1010 19
533 503 -28
533 563 8
1056 610 13
1056 1085 8
1056 175 -13
1056 1026 -8
1085 1115 -19
1085 1086 -13
1085 202 13
175 638 13
175 174 -13
1026 1027 -8
1026 146 -13
1026 997 -8
776 1223 -8
776 777 19
1223 1222 13
1223 1221 -8
777 779 28
203 1090 13
203 204 8
203 673 28
1090 1088 28
1090 1092 19
204 670 -19
204 206 -28
204 202 -13
204 1087 -13
673 675 19
673 1119 -19
673 671 -28
673 672 13
339 338 -19
339 341 28
339 811 -28
338 814 28
338 367 13
338 1229 -28
341 813 -13
341 340 -19
341 1228 -28
811 841 8
811 1259 19
811 812 19
474 13 13
474 472 -13
474 921 19
474 476 -13
474 473 -19
13 42 -13
13 892 -13
13 14 -8
472 919 19
472 471 -8
921 45 -8
921 891 8
921 951 8
921 922 8
476 923 -28
476 15 28
473 16 -8
473 443 13
473 924 -19
473 503 8
779 778 8
779 303 -8
779 1222 13
778 306 -13
778 807 13
778 748 -28
303 1193 -13
1222 1192 -13
1222 1252 -19
601 1051 -28
601 602 8
601 631 -13
601 139 -13
601 571 -19
1051 167 28
1051 1050 -13
1051 1049 13
1051 1053 -13
602 1048 -8
602 136 28
602 604 8
602 600 8
631 168 -28
631 660 -19
631 1080 -13
139 137 -19
139 1018 13
139 138 28
139 141 -28
571 1021 19
571 572 8
571 110 8
571 541 -28
1298 1299 -8
1298 408 -28
1299 1297 -13
1299 405 28
408 407 13
1193 1192 -28
1193 1195 -8
789 790 -8
789 317 -19
790 314 -13
790 1234 -8
790 788 -28
317 1204 -13
317 319 -13
317 316 8
317 315 -19
896 894 13
896 445 -28
16 15 -13
16 14 -19
16 891 -8
15 894 -28
15 44 28
14 471 -19
14 12 -8
14 889 -28
891 444 8
891 892 28
1168 1169 -8
1168 283 -28
753 755 -19
753 751 -8
306 1192 13
306 305 8
305 278 -13
305 1195 8
305 334 -13
845 846 -28
845 815 8
846 1290 8
846 844 8
815 816 -13
586 120 13
586 584 -19
586 585 13
586 1032 13
120 91 -8
120 121 -19
120 149 -28
585 123 28
585 615 -8
1032 1062 19
1032 152 13
1032 1002 -28
91 556 28
91 974 8
91 62 -28
121 123 8
121 119 28
149 150 -8
149 616 -19
900 449 28
900 902 28
900 21 13
900 899 8
897 927 13
897 450 -13
1198 1228 8
1198 755 -8
691 221 -19
691 690 19
691 689 28
221 1108 -19
221 250 -13
221 222 19
221 192 -28
690 660 -28
690 224 -28
690 1139 8
690 720 -28
689 1135 -19
689 688 -19
100 99 -8
100 102 13
100 979 -19
99 564 -28
102 563 13
102 101 28
979 1008 -8
830 828 13
830 1274 -19
830 829 -19
122 151 28
122 93 -19
122 123 28
151 618 19
151 152 -13
93 558 28
93 94 8
93 64 -13
123 1002 -8
66 948 13
66 38 13
945 498 19
945 946 -13
945 975 28
168 166 13
168 170 -8
168 167 -8
168 1048 19
166 629 19
166 165 -8
166 164 -19
166 1046 28
170 1050 13
170 632 -19
170 169 -8
167 633 -13
167 194 -13
167 138 13
1048 1049 -8
1048 1018 -28
1186 1158 -19
1186 1216 8
449 450 -19
449 479 13
450 452 -8
479 480 -8
479 930 -8
479 509 19
952 951 -8
951 504 -13
1262 1232 13
1262 373 -8
1262 1263 19
1262 1292 8
1232 1233 19
1232 1202 19
1232 788 13
1292 848 28
638 1088 19
1088 1086 8
1088 201 -8
1088 1087 -13
174 145 19
174 201 -19
145 146 13
145 116 -13
201 671 -13
201 202 13
412 411 19
412 414 -19
858 860 -13
987 988 13
987 957 -19
987 1016 -28
987 108 -8
539 509 19
539 569 13
539 990 13
1062 616 19
616 618 -13
616 615 28
1002 556 28
1002 973 13
796 1240 -28
796 320 -19
796 795 -8
796 794 -8
1240 1241 28
1240 352 -28
1240 1210 13
320 1211 13
320 349 -19
320 321 19
320 292 28
795 323 8
795 766 28
794 793 28
794 1238 -8
480 927 13
480 482 -28
927 957 8
927 51 13
927 928 8
482 21 19
482 929 28
482 481 19
607 577 -28
607 636 -19
607 608 -28
577 578 -13
577 547 -19
636 666 28
636 637 -8
608 142 28
608 1054 -19
48 928 8
48 510 28
902 23 13
902 451 -19
23 52 8
23 24 -8
451 452 -28
451 481 8
42 922 19
42 504 28
42 43 8
922 471 -19
922 924 19
504 503 -28
43 45 8
43 919 8
1108 1106 -19
1108 658 -8
1108 1110 -19
1108 1107 19
1106 1104 -13
1106 656 28
1106 1105 -13
658 688 19
658 629 28
658 659 -28
658 193 13
1110 660 19
1110 1112 -8
1110 1109 28
1110 223 -8
1107 224 -28
1107 1077 -28
1107 661 -13
1304 1274 -8
1304 414 -13
1304 860 -28
414 413 -28
414 416 8
860 859 28
860 862 -28
21 50 -13
24 899 -19
24 26 -13
24 481 -8
228 226 13
228 1111 -8
724 1172 13
724 256 -28
1143 1142 -19
155 622 8
155 156 -19
155 1039 19
322 351 8
322 323 -28
322 294 8
322 1213 -28
351 352 -13
351 828 -8
323 1210 8
323 321 -8
294 266 -13
294 769 -28
294 1183 28
294 295 13
1213 1211 8
1213 766 -19
1213 1215 -19
267 266 -19
267 269 -19
267 265 19
267 1152 28
266 1155 28
266 238 -19
269 738 -28
269 1154 19
269 271 13
265 734 -19
265 1150 8
265 263 8
1152 707 8
1152 1123 28
1152 1153 -8
25 54 -19
25 26 19
25 486 8
903 933 8
903 456 -19
696 666 -8
696 726 19
1142 1113 -8
1142 1171 28
1157 1155 -19
1157 708 -8
1161 712 -13
1161 1160 -28
1161 272 -28
1158 273 -19
1158 1129 -28
388 866 -8
388 417 19
388 389 8
1284 395 28
1284 1314 28
1284 1285 -13
1284 840 -19
395 869 -13
395 393 28
395 397 13
1314 1315 13
1314 870 13
1285 392 -19
1285 837 13
1285 1287 -13
1285 1283 13
840 839 -28
840 842 -19
840 363 -28
840 838 -19
660 195 -13
660 661 -8
195 1077 -8
195 194 28
195 193 -13
195 197 -19
661 192 -8
661 663 -13
661 659 -8
849 1297 13
72 101 28
72 44 -13
343 1235 -13
343 820 19
343 314 8
821 791 -13
428 1318 -28
751 750 19
751 278 -28
748 279 -13
748 1195 -8
960 78 -13
960 509 13
960 959 -8
960 962 -28
957 510 13
1083 1054 -19
1083 1113 13
1083 637 -8
1054 1024 -28
446 445 -28
446 444 19
446 893 -8
444 442 13
444 443 -28
893 894 -28
893 923 13
615 152 -13
674 675 -28
674 704 -19
674 1124 19
712 245 -8
712 682 13
245 1129 13
245 244 19
245 247 -19
682 652 13
682 216 -28
682 1132 -19
1211 764 -19
1211 1210 28
1211 1209 -28
764 734 -8
764 793 19
764 293 19
764 765 28
1210 767 28
1209 1208 28
1209 1207 28
1209 762 13
1024 578 -8
1024 1025 -19
1024 995 -13
578 576 -19
578 113 -13
1025 142 8
1025 1023 -8
995 996 28
995 965 -13
995 548 13
1011 1010 -28
1011 1013 28
1008 1038 8
224 223 28
224 222 19
224 226 28
223 252 -13
223 194 -13
222 220 -28
222 688 -8
222 1105 -28
226 1109 8
1135 1105 19
1135 251 19
1105 659 -13
251 250 8
251 253 19
498 496 8
498 36 -8
496 494 -28
496 34 -28
496 943 -28
36 64 13
36 37 -28
36 916 28
1246 1276 28
1246 1216 19
355 384 -28
355 356 -13
1112 662 -8
1112 1111 13
39 37 -28
39 38 13
37 35 19
37 913 -13
38 9 19
38 918 19
869 870 -28
869 839 -19
870 392 28
870 872 -8
870 868 -8
839 809 13
839 1287 -19
839 366 -8
273 271 13
273 272 -8
272 244 -13
272 299 -19
872 871 -8
872 1316 8
1287 1286 8
1287 1289 28
365 366 -8
365 1257 -28
365 842 -13
463 433 -19
463 464 -28
463 914 13
463 493 28
463 6 8
433 434 19
433 884 8
464 3 8
464 911 19
914 34 -8
914 916 19
914 913 28
914 912 -8
493 494 -19
493 35 -13
493 944 -19
6 8 19
6 5 -8
6 4 -28
6 881 8
1290 1260 13
1260 1261 28
1260 1230 19
1260 816 -13
552 87 13
552 550 -19
87 116 19
87 59 -28
87 88 -19
87 970 13
550 997 -13
550 86 -8
378 349 -19
378 407 -13
827 828 -13
81 83 -13
81 541 -28
81 959 -13
78 50 -13
78 107 -8
974 973 19
974 972 19
975 96 -13
820 1264 -13
346 345 -28
346 1234 28
964 513 13
964 82 -13
964 963 -8
964 966 19
964 962 -8
513 514 -13
82 54 -13
82 111 -8
82 83 -19
963 516 13
963 85 -28
963 993 19
963 933 -28
966 84 28
966 515 8
966 965 8
962 511 -13
452 899 -8
899 929 28
688 1138 13
1215 768 -28
250 278 -28
250 1138 -13
278 279 -28
1138 1139 13
732 733 13
732 702 28
732 263 -13
732 762 -8
732 1179 -8
733 260 -19
733 1177 8
702 1151 19
702 672 -19
702 703 28
263 262 -28
263 1148 19
762 791 -8
762 763 19
762 291 -8
1179 290 28
1179 1181 28
1111 1081 -13
503 45 -13
1252 1282 -13
1252 1253 -13
1252 364 -28
810 809 -8
810 334 28
810 812 -13
807 837 -28
807 1255 19
437 438 19
437 888 8
10 9 -8
10 8 -8
10 885 28
10 12 -13
918 917 -19
918 916 -19
45 44 8
44 924 8
334 363 8
917 887 28
9 888 13
888 886 -28
888 890 28
888 887 -13
1264 1234 19
279 277 8
930 929 -13
930 50 8
930 928 19
929 53 8
929 959 8
50 512 13
50 51 19
576 111 13
576 574 -8
576 1022 -8
111 112 -28
111 140 -8
111 994 28
574 572 19
574 1020 13
574 573 -28
574 109 -19
1022 1052 -8
1022 993 -8
1022 1023 19
892 894 8
892 441 28
892 890 28
654 1104 28
654 189 8
654 655 -13
654 625 19
218 220 28
218 216 19
218 1101 19
218 217 -28
714 715 -13
714 247 -8
714 744 19
894 443 19
96 94 -28
94 973 28
656 627 13
656 191 8
656 657 28
628 626 19
628 1074 -13
628 627 13
628 161 -28
628 630 -13
626 625 28
626 159 28
1074 1044 -8
1074 191 8
627 597 8
627 1076 -28
627 164 -28
161 188 19
161 1045 -19
161 162 19
630 629 -19
630 163 19
356 829 28
766 767 13
766 295 13
1183 1182 13
1183 1181 -8
706 1155 28
706 707 -13
706 239 -28
706 676 28
1221 774 -19
738 768 -13
738 708 -13
768 769 -13
708 709 -28
708 678 -19
708 241 -13
563 593 8
563 1013 13
563 564 19
997 967 13
967 968 8
967 520 28
967 937 -28
967 88 13
1139 252 -13
923 924 -28
969 522 -13
969 90 28
969 970 28
1104 217 8
1104 1102 -19
217 188 -13
1102 1100 -28
1102 652 -8
1102 1101 -13
791 319 28
319 321 -13
936 935 -13
936 485 28
936 934 -28
935 905 8
935 965 8
485 455 -28
485 486 -8
485 515 13
934 54 28
934 933 8
1228 1258 8
1228 1229 13
755 757 -8
720 750 -28
720 1169 -8
720 253 -19
29 908 28
29 58 -28
29 490 8
29 0 19
908 907 28
58 86 28
58 520 -19
58 938 28
490 489 -13
490 937 -8
490 492 13
0 460 -8
0 878 28
290 262 -13
290 291 13
290 765 -13
101 130 19
1080 1082 28
1080 194 19
1080 1079 19
1080 1078 -13
1155 1154 13
1155 1153 8
1154 1182 -13
1154 1125 -19
1154 709 19
1153 1151 13
1153 704 -28
262 1151 8
262 234 28
1151 1150 13
1151 1149 28
234 705 8
234 205 13
234 1122 28
988 990 -13
988 105 -13
990 989 -19
990 107 -13
990 992 8
105 570 28
105 134 19
105 106 -13
948 946 -13
633 1079 28
633 632 -8
1079 1050 28
1079 1109 8
1079 197 28
632 1082 13
632 603 -8
632 662 8
1053 169 13
1053 1052 -19
1053 603 13
194 663 19
138 109 -28
138 1021 -19
138 604 28
1050 604 -13
1050 1020 28
169 140 -28
169 196 8
744 774 -28
1234 1235 -8
1234 1204 28
442 441 -13
442 889 -8
442 440 19
441 471 13
889 919 -8
889 890 -19
440 439 -8
440 887 -13
440 438 8
1207 316 -8
1207 1205 8
763 761 13
763 288 13
763 765 13
1177 1148 -28
1177 291 -8
1077 1078 -28
494 32 19
494 492 -8
494 941 28
32 3 28
32 912 8
492 30 8
492 491 -13
941 971 13
941 942 -13
941 63 8
941 911 -28
1109 663 13
302 774 8
774 803 8
35 911 -19
35 34 8
911 881 -28
911 912 8
34 5 13
34 62 28
238 709 -28
238 209 13
238 1126 -13
238 239 19
933 486 19
933 57 -8
456 455 -19
456 458 -19
943 973 13
943 944 -19
943 913 19
844 842 -28
844 367 8
844 1288 19
842 1286 28
842 841 19
367 368 19
367 1259 -19
1288 1318 -13
1288 1289 8
1288 1258 19
1129 1099 -28
1160 715 -19
1286 397 13
1286 1316 28
1286 1256 -13
397 871 -13
1256 1257 28
1256 368 -8
1256 812 -8
510 512 -19
510 509 13
345 316 8
86 968 -28
86 115 -28
968 970 28
420 418 -28
420 1310 19
420 419 -13
420 422 13
418 417 8
418 416 -8
1310 866 8
1310 1280 19
419 1313 13
419 390 -13
422 1312 13
422 421 8
971 524 -8
971 972 8
524 522 28
972 521 -28
972 89 -19
972 970 -19
769 767 -8
252 253 13
707 709 -28
707 705 19
705 1150 -19
705 704 13
705 703 -19
140 141 -19
140 1023 -8
1052 1081 13
604 603 -8
871 841 19
841 1289 -13
841 368 -8
142 113 19
141 603 19
141 1020 -8
465 8 -13
465 916 -28
465 435 8
8 883 8
435 886 -13
435 436 13
89 90 28
556 558 8
761 759 -13
761 1204 8
759 286 -13
759 758 -8
1204 1205 -8
30 1 -19
30 59 -28
30 31 28
912 461 -28
459 489 19
459 460 -28
459 2 13
459 429 -19
62 63 13
62 944 19
1082 1081 19
1082 196 -8
196 197 -19
1044 598 13
1044 1014 13
1044 164 -13
1044 1045 28
598 597 28
598 596 -13
598 600 19
164 163 -28
164 162 28
1045 1043 13
1045 1047 8
240 211 -13
240 1128 -8
240 241 19
734 704 -28
734 1181 13
704 237 13
1181 292 13
241 1125 -13
241 239 28
1127 681 8
1127 1097 -28
1127 1128 8
1233 342 -8
1233 1235 -19
342 313 13
431 432 -13
431 461 -13
431 882 28
432 434 -8
432 430 19
461 491 13
461 4 8
882 881 -28
882 884 19
882 880 19
882 3 13
1132 244 13
12 887 8
439 890 -28
545 85 -28
545 515 13
545 996 -28
114 113 -8
114 112 -28
114 993 -8
522 520 8
522 59 -13
522 521 8
520 519 28
59 940 -19
59 60 -13
521 61 -13
521 491 13
481 511 -8
52 514 -19
52 53 8
113 996 13
113 84 28
996 994 -28
84 85 -13
84 548 -19
767 292 -13
767 765 -13
292 293 -28
765 1208 -8
663 662 13
597 567 28
597 1047 13
1076 190 -28
1076 1078 19
197 662 8
629 599 -13
629 1078 19
163 1047 13
163 134 13
163 190 19
1189 299 28
1150 1121 -19
1121 675 -28
1121 1122 -19
1121 237 -13
1047 1049 -19
1047 1046 -28
134 600 8
134 1017 -8
190 659 19
190 191 -13
313 1203 -28
313 788 -13
313 286 -19
1227 780 -13
1227 1229 19
1020 1021 19
1241 793 19
1241 349 19
1238 350 19
1238 1208 -28
729 257 28
729 1173 -28
258 259 8
258 1147 -19
438 436 -19
438 885 -28
1202 315 28
1202 1173 -8
1202 1203 -19
315 314 -28
1173 1144 -13
1203 1205 28
657 188 28
657 655 8
657 659 8
64 946 28
489 31 -8
489 940 -19
489 519 -19
31 907 28
940 942 28
940 938 -19
519 970 -19
519 60 28
793 321 -19
321 1208 -13
625 162 -8
596 1042 13
596 594 -13
596 130 19
1 2 13
1 880 13
363 1255 8
363 392 13
363 364 -8
838 837 -13
838 1282 28
838 361 28
349 350 28
1125 679 -13
1125 1126 -19
106 567 -19
106 108 28
603 573 28
885 886 -19
1261 813 -28
1261 1259 -8
813 814 -13
813 784 28
1259 1257 19
1259 1258 28
350 352 -8
937 907 -19
937 938 13
937 60 8
88 90 19
416 1306 19
946 944 -8
944 942 -28
511 53 8
511 541 -8
511 512 28
53 51 19
541 992 19
512 959 19
512 514 -19
1315 421 13
1315 1313 -13
1315 867 -13
5 884 19
192 165 13
192 1078 -13
192 193 -28
136 165 -13
136 137 13
136 1019 -19
136 107 -19
600 599 28
600 1046 -13
1123 239 -28
1123 1093 19
1123 1124 -19
239 237 19
1093 210 -13
1124 1122 8
1124 1126 28
314 1205 -19
137 599 -19
137 1016 -28
1018 572 19
1018 989 -19
1018 1019 -19
316 288 -13
1313 865 -8
1313 1312 28
390 868 -19
390 361 -8
390 391 -28
390 1283 -8
189 188 -19
189 187 -19
189 191 -8
655 1101 -13
655 653 8
1312 868 28
1312 1282 -13
421 392 -8
517 547 -8
517 487 13
517 518 8
547 548 13
487 457 13
518 965 28
518 516 28
676 210 19
676 646 19
676 1126 13
613 150 -13
209 210 28
209 1096 -13
209 679 -19
1126 1128 -19
1099 1100 28
1099 216 13
1099 653 19
1099 1070 -19
289 288 -28
289 291 13
288 260 28
260 1149 -28
866 868 -8
866 864 13
866 865 13
868 867 8
864 862 28
864 863 -28
865 835 -13
865 391 -28
51 509 8
392 393 28
837 867 -13
837 364 -13
1283 835 19
1283 1282 -19
295 293 13
675 205 -28
205 206 -19
205 1092 -13
162 160 28
162 1042 19
715 244 -19
1023 1021 -28
1023 573 -13
434 881 -13
434 436 19
884 883 -8
884 886 -8
61 63 8
61 60 -28
491 942 13
393 1282 -19
393 867 -8
393 391 28
3 4 28
591 621 -8
621 650 -13
621 622 8
4 2 28
599 1049 -13
599 569 19
1149 1148 19
1149 1147 -13
165 1049 28
681 679 8
681 211 -13
679 678 28
211 212 28
211 1098 13
1119 1148 13
1148 703 -13
809 780 -28
809 1257 -28
366 368 -8
366 364 28
567 1017 13
368 370 -8
1230 1231 -28
1230 786 -28
816 340 -28
816 814 13
1147 1145 -28
1147 698 -8
1147 1146 -19
757 756 8
757 284 -13
650 1100 -8
1100 1098 -19
191 193 -13
672 206 -28
672 1122 -8
703 701 28
214 216 -13
214 212 -28
214 1097 -13
212 210 19
212 678 -13
1097 1098 -13
1097 1068 -28
109 110 -28
109 992 -8
1021 1019 13
573 112 -8
859 829 -19
384 862 13
384 413 -8
862 1306 8
1280 391 -8
391 389 28
1019 1017 -13
1019 569 19
678 1128 19
1205 758 -13
814 812 -13
814 1258 -8
784 1231 13
340 1231 13
1231 1229 13
291 293 13
460 907 -8
907 877 13
361 1253 -13
883 436 -19
883 913 13
618 620 -8
620 622 -19
620 619 8
257 1145 13
257 229 28
257 286 8
593 1043 -13
593 594 19
1043 1042 8
1043 159 -19
594 1040 28
1096 646 -8
1096 1098 -28
572 570 13
572 107 -8
570 1016 28
570 569 8
107 108 28
1145 1144 28
1144 259 -19
1144 1115 28
1144 699 -13
1070 1040 13
1070 187 -8
622 1068 19
750 780 -13
160 159 -8
160 1040 13
159 130 -28
1040 1010 -8
1046 1016 -13
430 877 -19
430 429 -28
457 458 19
569 108 -13
112 110 -28
993 994 -13
285 284 28
285 283 -19
1276 1306 13
1276 387 -8
387 389 8
652 187 -28
652 653 19
756 726 13
726 727 -19
1255 1253 13
1255 1257 -8
1016 1017 19
130 1013 13
1171 1172 19
1171 727 8
1172 284 -13
863 389 -28
877 878 8
877 2 -8
878 880 -28
959 989 19
514 516 13
429 880 28
1258 370 -13
989 110 -28
110 108 19
587 1037 -19
619 156 19
1037 1039 19
698 699 -8
516 515 28
516 54 13
1010 564 19
992 994 28
1115 669 -8
699 701 -8
699 229 -13
1146 701 28
1038 1068 28
1038 1039 28
670 671 13
150 152 -19
515 57 -8
85 83 8
671 669 -19
905 458 28
