1249 1248 -8
1249 357 8
1249 1247 -19
1249 1251 -13
1249 801 -13
1248 360 8
1248 1218 28
1248 1278 19
1248 804 -28
357 834 -8
357 386 19
357 328 -13
357 358 13
1247 1245 8
1247 355 -28
1247 799 28
1247 1246 -8
1251 359 -8
1251 803 -19
1251 1253 -19
1251 1250 19
801 772 8
801 802 -28
801 329 -13
801 831 -13
157 1041 19
157 184 -28
157 624 -8
157 158 -28
157 128 -28
1041 591 8
1041 1040 -13
1041 1043 13
1041 1039 -13
184 213 -13
184 185 -28
184 653 28
184 1071 28
624 626 28
624 623 28
624 1070 19
624 622 -28
158 160 28
158 621 -13
158 156 28
158 1038 28
128 129 8
128 594 13
128 1011 -8
128 99 -8
741 268 -19
741 739 -8
741 740 -28
741 743 13
741 1184 13
268 269 13
268 240 28
268 1157 19
268 296 -13
739 737 8
739 738 28
739 266 -8
739 1182 28
740 710 -19
740 770 -8
740 1187 19
740 271 19
743 270 -13
743 745 -19
743 1186 -19
743 742 19
1184 298 -28
1184 1156 8
1184 1214 19
1184 1185 -28
447 448 -13
447 477 13
447 898 -8
448 895 8
448 446 13
448 450 -8
477 20 -8
477 928 19
477 507 -28
477 478 13
898 896 8
898 19 -13
898 900 28
898 897 13
401 402 -19
401 372 28
401 1295 8
402 404 -19
402 1292 -13
372 850 -28
372 343 -8
372 1265 -13
372 373 13
1295 1294 19
1295 1297 -28
1295 1293 -19
1295 847 13
404 406 28
404 1294 -13
404 403 -28
406 408 -28
406 1296 13
406 405 -19
1294 850 28
1294 1264 19
403 1297 19
403 374 19
535 505 19
535 986 -19
535 536 28
535 565 13
535 75 -28
505 956 8
505 475 8
505 506 13
505 47 19
986 103 8
986 988 8
986 984 -13
986 985 -8
536 538 19
536 983 19
536 534 -8
536 72 -13
565 566 -8
565 1015 -28
565 595 -13
565 104 -28
75 77 19
75 73 -13
75 953 -28
75 74 13
1061 611 -28
1061 1059 28
1061 1060 -8
1061 1063 13
611 640 -8
611 581 8
611 612 28
611 148 13
1059 174 28
1059 1058 13
1059 1057 8
1059 609 19
1060 178 8
1060 614 -13
1060 1030 -13
1060 1089 -13
1063 1062 8
1063 177 -8
1063 1065 -8
1063 613 13
173 144 -19
173 639 -28
173 1057 -13
173 200 -28
144 1027 28
144 115 28
144 610 -8
639 638 -8
639 1085 13
639 641 -19
1057 1056 -8
200 229 -19
200 669 -19
200 1086 28
1300 856 28
1300 410 -28
1300 1270 -19
1300 1301 28
856 855 -13
856 858 -19
856 378 -13
856 854 -28
410 408 8
410 412 -28
410 409 8
1270 1240 19
1270 826 -28
1270 1271 -19
1270 381 -13
1301 1303 -13
1301 1299 -28
1301 407 -19
1301 853 -8
27 488 -8
27 906 19
27 56 -19
27 28 8
488 487 13
488 486 13
488 935 19
906 904 -28
906 455 19
906 905 -19
56 936 -19
56 518 8
56 57 8
56 84 13
28 903 28
28 485 28
28 26 8
538 74 8
538 985 8
538 537 -8
538 540 -13
74 956 19
74 46 28
985 955 -13
985 1014 -28
985 106 13
537 77 19
537 988 28
537 507 8
537 567 -28
540 987 13
540 539 19
540 76 -19
540 542 19
499 41 19
499 950 -19
499 529 19
499 500 19
499 469 -8
41 40 -13
41 39 -13
41 43 8
41 917 8
950 952 -13
950 68 -19
950 949 19
950 948 8
529 559 28
529 980 13
529 530 19
529 69 13
500 498 8
500 947 -19
500 38 8
500 502 -28
469 470 -8
469 12 13
469 439 8
469 920 -13
1001 999 8
1001 118 8
1001 1000 19
1001 1003 -8
1001 551 -13
999 998 8
999 549 -19
999 116 -19
118 147 13
118 89 -13
118 119 28
118 584 -28
1000 971 13
1000 554 -19
1000 1030 19
1000 121 13
1003 553 -28
1003 120 -19
1003 1002 8
1003 1005 13
551 552 19
551 521 19
551 581 19
551 90 -8
1303 409 8
1303 1302 28
1303 1305 -19
1303 855 -19
409 380 -19
1302 412 13
1302 858 -8
1302 1272 -8
1305 1304 13
1305 1307 8
1305 857 28
1305 411 19
855 381 -8
855 825 19
207 677 28
207 236 8
207 208 13
207 1094 -13
207 179 13
677 1123 -13
677 675 13
677 676 -19
677 679 -13
236 707 -8
236 264 28
236 1124 19
236 237 19
208 674 -8
208 210 8
208 206 -19
208 1091 -28
1094 644 -13
1094 1096 -8
1094 1092 -13
1094 1093 -13
179 647 13
179 151 -28
179 1065 -28
783 1226 -8
783 785 8
783 782 -28
783 781 19
783 307 -28
1226 339 13
1226 1196 19
1226 1227 -8
1226 1256 -13
785 309 -19
785 1228 -28
785 786 13
785 784 -19
782 310 -19
782 752 8
782 811 -13
782 1229 19
781 1224 -8
781 779 28
781 305 -19
781 780 -19
307 308 19
307 336 -13
307 280 -28
307 1197 28
605 634 8
605 575 -13
605 1055 -19
605 143 -8
605 606 13
634 664 -19
634 172 -28
634 635 -8
634 1084 -13
575 576 13
575 545 -19
575 114 -13
575 1025 13
1055 1053 -8
1055 171 -13
1055 1054 -8
143 142 28
143 141 -13
143 1022 28
606 140 13
606 1052 -28
606 604 -28
606 608 -19
1201 754 -28
1201 1200 28
1201 1199 8
1201 311 19
754 755 -19
754 784 -28
754 724 -28
754 285 19
1200 1171 28
1200 1230 -13
1200 757 -28
1199 752 8
1199 1197 28
1199 1198 28
1199 309 19
311 340 28
311 786 8
311 312 -19
311 284 19
308 310 -28
308 306 28
308 780 8
308 1194 8
336 365 -19
336 337 -13
336 812 -13
336 1227 8
280 1169 19
280 252 28
280 281 -28
280 753 13
1197 1196 8
1197 1195 -13
1197 750 -13
40 920 -28
40 11 -19
40 502 -8
40 68 13
920 919 8
920 922 -19
920 918 -19
11 12 -28
11 890 -28
11 472 -8
502 504 13
502 949 8
502 501 -19
68 97 -19
68 69 -28
68 532 -8
20 18 8
20 895 19
20 22 28
20 19 28
18 16 -8
18 475 28
18 893 28
18 17 13
895 925 28
895 896 8
22 479 -13
22 21 -19
22 897 -19
22 24 19
19 480 -19
19 48 19
310 309 28
310 312 -13
310 1196 13
309 282 8
309 338 -8
312 1198 -19
312 784 13
1196 1168 -13
1196 753 13
274 1163 -19
274 747 13
274 275 13
274 246 8
274 301 -28
1163 1165 -19
1163 1161 8
1163 714 8
1163 1162 28
747 749 19
747 1190 -8
747 746 -28
747 745 -19
275 273 -8
275 744 19
275 277 8
275 1160 19
246 1134 -19
246 717 -8
246 247 19
246 217 -19
301 302 -19
301 1191 -28
301 330 28
301 777 8
590 592 28
590 589 8
590 588 -8
590 124 8
590 1036 -19
592 126 28
592 591 -13
592 594 8
592 1038 -13
589 127 8
589 559 28
589 619 -13
589 1039 19
588 1034 -28
588 586 19
588 122 8
588 587 13
124 1007 13
124 95 -8
124 153 -8
124 125 19
1036 1037 -13
1036 1066 -19
1036 1006 -19
1036 156 -19
1007 1005 13
1007 1009 -19
1007 1006 8
1007 557 13
95 96 -28
95 66 -28
95 978 28
95 560 19
153 620 19
153 1037 8
153 154 -28
153 180 -13
125 127 -19
125 123 -19
125 587 -13
125 1004 -8
925 478 -13
925 955 -8
925 926 -8
925 49 -8
478 480 -8
478 476 8
478 17 -19
955 956 19
955 77 28
955 508 28
926 46 -19
926 924 19
926 475 -8
926 928 13
49 47 -19
49 507 -19
49 48 -8
49 51 -19
1166 1194 -28
1166 1167 19
1166 1137 28
1166 281 19
1166 721 8
1194 1224 -19
1194 1195 -28
1194 751 19
1167 1165 -13
1167 718 28
1167 1169 13
1167 278 -8
1137 691 -8
1137 1138 -19
1137 1107 -19
1137 253 28
281 279 -19
281 750 8
281 283 13
721 719 -13
721 250 -13
721 720 -19
721 723 -8
553 92 28
553 583 28
553 554 28
553 523 13
92 971 13
92 91 28
92 94 8
92 90 13
583 613 -19
583 584 8
583 1033 -8
583 121 8
554 552 19
554 89 19
554 556 8
523 524 19
523 63 13
523 493 -8
523 974 13
695 697 -13
695 693 13
695 694 13
695 225 28
695 1140 -28
697 696 19
697 1142 -8
697 227 13
693 691 28
693 223 -28
693 692 8
694 664 8
694 228 8
694 724 19
694 1143 28
225 254 13
225 226 8
225 1112 -8
225 196 19
1140 1141 13
1140 1111 19
1140 256 13
834 833 -19
834 1278 -8
834 832 19
834 836 -8
833 360 13
833 803 8
833 863 -8
833 1281 28
1278 1279 28
1278 1308 19
1278 389 19
832 831 -28
832 1276 -19
832 830 -28
832 355 -19
836 359 13
836 835 -13
836 1280 8
836 838 8
127 126 -28
127 1006 -28
127 129 -8
126 97 8
126 155 -13
126 1009 -28
1006 977 19
1006 560 8
129 591 19
129 1008 19
129 131 19
386 1279 8
386 415 -13
386 864 -8
386 387 19
328 329 -28
328 1219 -19
328 299 -13
328 804 19
358 360 -19
358 831 13
358 356 8
358 1246 -13
423 394 19
423 424 -8
423 1317 -13
394 872 13
394 1287 8
394 365 8
394 395 -19
424 426 -19
424 1314 19
424 422 -8
1317 869 -28
1317 1316 -28
1317 1315 -28
1317 1319 -8
360 359 -13
360 362 -8
359 388 -28
359 330 -8
362 835 -8
362 361 19
362 1250 28
362 364 -8
909 33 -28
909 910 8
909 939 13
909 462 -19
909 879 28
33 35 -8
33 491 13
33 32 -13
33 31 13
910 30 28
910 908 -28
910 912 8
910 459 -19
939 969 -19
939 492 -8
939 61 19
939 940 -28
462 464 28
462 460 -8
462 461 -8
462 1 -13
879 432 19
879 880 -19
879 4 19
1267 374 -13
1267 1266 13
1267 1269 -19
1267 819 28
1267 1265 19
374 852 -8
374 345 -13
374 375 -13
1266 377 -8
1266 1236 13
1266 822 -28
1266 1296 -19
1269 376 13
1269 1271 -8
1269 1268 28
1269 821 8
819 789 -19
819 820 28
819 346 19
819 849 28
1265 817 13
1265 1264 -28
1265 1263 -19
71 69 -8
71 73 -19
71 531 -13
71 70 8
71 949 -28
69 67 -8
69 947 13
73 72 -13
73 533 -8
73 951 19
531 532 -13
531 501 19
531 982 -19
531 561 19
70 534 -28
70 952 19
70 42 -13
70 99 -28
949 919 -13
949 979 -13
977 98 19
977 947 -28
977 978 -19
977 530 -13
98 559 -8
98 97 13
98 100 -8
98 96 13
947 917 -19
947 948 -8
978 527 -28
978 976 13
978 980 8
530 66 8
530 528 19
530 532 -28
643 641 -13
643 645 -8
643 1089 -19
643 642 -28
641 174 -19
641 640 -19
641 1087 -13
645 644 28
645 647 28
645 1091 -28
645 177 -8
1089 1119 28
1089 1090 13
1089 206 -19
642 178 -28
642 613 -19
642 1092 19
642 672 19
425 396 -13
425 1319 -8
425 426 28
396 367 19
396 1289 28
396 874 19
396 397 28
1319 871 13
1319 1321 -13
1319 1318 -13
426 428 13
426 1316 -19
749 1192 8
749 751 -19
749 276 -13
749 748 -28
1190 304 19
1190 1162 -8
1190 1220 -19
1190 1191 -8
746 716 -13
746 776 -19
746 1193 -19
746 277 -13
745 272 8
745 1188 -8
745 744 -28
453 483 -13
453 904 -28
453 454 13
483 513 8
483 484 8
483 26 8
483 934 -19
904 902 19
904 25 -8
904 903 13
454 452 -28
454 901 -8
454 456 -8
956 958 -8
956 954 -8
958 507 28
958 76 8
958 960 28
958 957 13
954 952 -19
954 72 13
954 953 8
954 503 -19
1218 331 13
1218 1219 13
1218 1188 -28
1218 775 13
331 333 -19
331 329 -19
331 803 -13
331 330 19
1219 772 -28
1219 1217 8
1219 1221 -28
1188 302 -19
1188 1189 -19
1188 1160 8
775 773 -8
775 299 -28
775 777 19
775 774 -19
178 176 -13
178 177 -28
176 1058 -8
176 175 -28
176 640 8
177 205 -19
177 149 -28
710 243 -19
710 1159 8
710 711 13
710 680 -28
243 242 -19
243 245 -19
243 241 -28
243 1127 13
1159 270 -28
1159 1157 -8
1159 1161 8
1159 1158 -8
711 713 28
711 1156 19
711 709 -13
711 240 13
680 681 28
680 650 19
680 214 28
680 1130 8
644 615 -19
644 674 28
647 649 28
647 1093 -19
647 646 28
1091 1062 13
1091 1121 19
1091 1092 -13
1067 1066 13
1067 617 -13
1067 1065 13
1067 1069 19
1067 180 -28
1066 183 13
1066 620 -28
1066 1095 28
617 618 -8
617 154 -19
617 587 8
617 646 19
1065 615 -13
1065 1064 -28
1069 619 -13
1069 1071 -19
1069 182 -28
1069 1068 -19
180 649 13
180 209 -19
180 181 -19
1028 1058 -19
1028 582 -19
1028 998 -19
1028 148 -19
1028 1029 28
1058 612 -19
1058 1087 8
582 580 8
582 116 8
582 581 19
582 584 -28
998 552 -13
998 119 -13
998 969 19
148 147 -19
148 146 -13
148 150 -13
1029 579 13
1029 1031 -19
1029 1027 -13
1029 145 8
242 1130 19
242 213 -28
242 713 -8
242 270 8
1130 1129 -8
1130 1132 28
1130 1128 8
213 214 -28
213 683 13
213 1100 -13
713 712 8
713 1158 -13
713 715 -13
270 297 -8
270 271 8
544 991 8
544 542 -19
544 80 19
544 546 -13
544 543 -28
991 1020 13
991 992 28
991 112 13
991 961 8
542 989 -28
542 78 -28
542 541 13
80 52 -28
80 109 -13
80 81 -13
80 962 28
546 82 -8
546 548 28
546 545 13
546 993 19
543 513 -19
543 573 -28
543 83 13
543 994 13
475 476 -19
475 445 -28
506 504 -13
506 953 13
506 508 13
506 44 -19
47 46 -13
47 45 -8
47 923 8
1005 122 -19
1005 1004 -28
1005 555 -13
1009 559 -13
1009 1011 13
1009 1008 13
557 527 19
557 96 -8
557 587 13
557 558 28
1309 415 -8
1309 1311 13
1309 861 -13
1309 1307 -19
1309 1308 13
415 416 8
1311 417 13
1311 1310 28
1311 863 28
1311 1313 -28
861 831 8
861 387 13
861 862 19
1307 859 -8
1307 413 -28
1307 1306 8
1308 864 28
1308 418 -19
1133 1162 -13
1133 687 -19
1133 1134 8
1133 249 -13
1133 1103 8
1162 277 -8
1162 717 19
687 685 13
687 686 19
687 689 28
687 217 -8
1134 684 -19
1134 1136 13
1134 1132 19
249 716 13
249 248 19
249 251 -13
249 247 13
1103 1104 -19
1103 220 19
1103 1074 -28
1103 657 -19
800 799 28
800 1244 28
800 802 8
800 324 -13
800 798 -13
799 327 -28
799 770 -13
799 829 13
1244 1245 -8
1244 1274 28
1244 1214 13
1244 356 -13
802 1246 -19
802 326 13
802 804 13
324 353 8
324 1215 -28
324 325 -8
324 296 8
798 1242 -13
798 796 13
798 322 28
798 797 8
46 508 -28
46 17 -28
508 507 -8
508 510 -8
17 896 -19
1118 668 -19
1118 1116 -13
1118 1120 -19
1118 1117 8
1118 230 -28
668 638 -13
668 698 -28
668 669 -13
668 202 -13
1116 229 13
1116 1115 8
1120 1119 8
1120 670 -28
1120 1122 -8
1120 232 -13
1117 233 -13
1117 671 28
1117 1146 8
1117 1087 28
230 258 -28
230 701 13
230 201 -8
230 231 28
327 326 13
327 329 -28
327 325 -28
327 1214 -13
326 297 -28
326 1217 8
326 355 -13
329 1216 28
325 797 8
325 1212 -8
325 323 -8
1214 1215 -28
1214 771 -28
931 484 -19
931 932 -19
931 55 13
931 901 28
931 961 28
484 482 -28
484 486 -13
484 23 13
932 930 -19
932 481 13
932 52 8
932 934 -8
55 513 13
55 54 28
55 53 -8
55 57 19
901 902 8
901 26 -13
961 962 28
961 83 -28
961 514 -28
852 854 -13
852 851 28
852 850 -19
852 1296 -13
854 1298 8
854 376 -8
854 853 19
851 377 13
851 1299 -19
851 821 -13
850 848 28
850 849 13
1296 1297 -19
559 560 8
560 558 13
560 562 -28
298 770 -8
298 297 -8
298 300 -13
1156 1127 -28
1156 271 -28
1156 1157 -13
1185 738 -19
1185 1183 8
1185 1187 13
1185 296 -13
133 595 -8
133 132 -28
133 135 -8
133 131 13
133 1012 8
595 1045 19
595 625 -13
595 596 -19
132 103 -8
132 598 19
132 1015 -8
132 161 19
135 597 -28
135 1014 -28
135 137 28
135 134 -19
131 593 28
131 1010 -8
131 130 13
1012 983 -28
1012 1013 28
1012 566 13
1012 1042 -8
664 199 -13
664 1114 8
664 665 28
199 198 28
199 197 19
199 1081 -28
1114 227 28
1114 1113 -8
1114 1112 8
665 667 -13
665 663 -28
665 1111 -13
665 196 13
377 375 -28
377 376 -8
377 379 -19
375 1264 -8
375 849 -8
375 373 13
376 347 -8
376 405 -13
379 853 28
379 1268 -13
379 381 8
379 378 28
97 562 8
97 980 13
562 561 13
562 1008 19
562 564 8
980 982 -13
980 979 8
1273 1272 8
1273 1275 28
1273 1271 -28
1273 825 -8
1273 380 8
1272 383 -13
1272 1242 -19
1272 828 28
1275 1274 -28
1275 382 -19
1275 1277 -19
1275 827 28
1271 823 -13
1271 378 -19
825 795 -8
825 352 8
825 826 13
380 858 -28
380 381 28
380 351 -28
77 76 -13
77 79 8
76 48 8
76 105 -13
79 81 -13
79 78 -28
79 957 13
79 539 28
983 953 28
983 984 -28
983 104 13
953 923 -19
984 982 -8
984 533 19
984 101 28
104 103 -8
104 102 28
104 106 -8
198 227 28
198 171 -28
198 1084 8
198 667 13
227 228 -28
171 172 -28
171 142 -19
171 637 -19
1084 1083 -28
1084 1082 28
667 666 28
667 1113 -19
649 651 -8
649 1095 8
649 648 28
651 650 8
651 1097 8
651 182 8
651 653 13
1095 1125 28
1095 1096 19
1095 212 19
648 183 28
648 678 28
648 619 -13
648 1098 28
640 1090 -19
640 670 -8
581 1031 28
581 119 28
612 614 19
612 610 -19
612 145 -8
817 818 28
817 787 -28
817 344 19
817 847 -19
818 1262 -8
818 820 19
818 342 -13
787 1235 -19
787 315 -28
787 758 13
787 788 -28
344 1232 8
344 346 -13
344 343 -13
847 848 -28
847 373 13
1236 1206 -19
1236 348 13
1236 792 -28
1236 1237 -28
1206 319 28
1206 1207 8
1206 763 13
1206 1177 -8
348 347 28
348 350 -8
348 346 -8
348 821 28
792 791 13
792 790 13
792 316 28
792 794 -28
1237 789 13
1237 1239 -13
1237 1235 -8
1237 345 13
1224 337 28
1224 1254 -28
1224 1225 28
337 339 19
337 335 19
337 809 19
1254 1284 28
1254 1255 13
1254 366 -8
1254 810 8
1225 1223 13
1225 778 19
1225 1227 -19
1225 334 -28
183 181 8
183 185 13
183 182 -8
181 1064 28
181 646 13
185 650 -19
185 1068 8
185 187 19
182 155 -13
182 211 19
716 1165 -8
716 717 -19
716 686 -8
1165 276 19
1165 1164 8
717 719 -13
717 715 -8
686 656 -19
686 220 -19
686 1136 -13
147 1031 19
147 614 13
1031 1030 -28
1031 1033 8
614 613 8
614 616 -8
1073 623 -8
1073 1075 13
1073 1072 19
1073 186 -13
1073 1071 -13
623 593 -19
623 160 -28
623 652 28
1075 188 8
1075 625 -13
1075 1074 28
1075 1076 -13
1072 189 -8
1072 626 19
1072 1042 28
1072 1101 13
186 655 -13
186 159 19
186 215 8
186 187 -8
1071 1070 28
1071 621 -19
719 1164 19
719 248 19
719 718 19
1164 1135 -19
1164 279 -8
1164 1192 -8
248 276 -8
248 1136 -19
248 219 19
718 251 -28
718 748 28
718 688 13
1034 1004 -13
1034 1035 19
1034 1064 -19
1034 154 8
1004 558 19
1004 975 8
1035 1033 19
1035 585 -19
1035 1037 19
1035 151 -13
1064 618 -8
1064 1093 -8
154 156 13
154 152 13
276 303 -28
276 277 -8
1136 1135 28
1136 1138 -13
219 220 -8
219 1106 -19
219 190 -28
219 689 -19
730 700 -28
730 760 19
730 261 28
730 1178 -19
730 731 13
700 233 13
700 1149 -13
700 701 -8
700 670 28
760 789 -8
760 761 -8
760 1207 -19
760 289 19
261 260 28
261 263 -28
261 259 13
261 1146 -8
1178 1176 -28
1178 1177 -19
1178 1179 28
731 729 -13
731 733 -13
731 1175 -8
731 258 19
525 65 -19
525 976 -13
525 526 8
525 495 8
525 555 19
65 67 -28
65 63 8
65 943 -13
65 64 -8
976 93 19
976 974 19
976 975 -28
526 528 -28
526 973 19
526 524 -28
526 62 -28
495 496 -28
495 465 13
495 946 28
495 37 -19
555 556 19
555 585 8
555 94 -28
806 808 -13
806 804 19
806 1250 -8
806 805 -19
806 330 8
808 332 -8
808 1252 13
808 810 -28
808 807 -28
804 803 -28
1250 1280 -13
1250 1220 -19
805 333 8
805 776 19
805 835 -28
805 1253 -8
330 1221 -28
233 231 -28
233 235 -8
233 232 13
231 1115 8
231 698 8
235 1119 8
235 702 -19
235 234 19
235 237 -13
232 203 19
232 260 8
232 703 8
770 1217 8
770 771 -8
1217 1216 28
1217 1215 8
771 773 -19
771 769 28
771 296 -19
333 335 28
333 332 28
333 1220 -13
335 334 28
335 1222 28
335 807 19
332 303 28
332 1223 -28
1220 777 8
1220 1221 -28
873 1321 28
873 843 -8
873 399 28
873 874 -19
1321 427 -13
1321 1320 -19
843 844 -28
843 1291 19
843 813 -28
843 370 -13
399 398 13
399 1288 -19
399 397 8
874 876 -19
874 872 -28
874 1318 -19
527 528 -13
527 67 -13
527 497 -8
528 64 -8
528 975 -28
67 66 19
67 945 19
497 498 -28
497 39 -19
497 467 19
497 948 19
468 466 8
468 915 19
468 470 -19
468 7 13
468 467 28
466 465 19
466 464 -13
466 913 13
466 5 8
915 39 19
915 885 13
915 945 19
915 916 8
470 472 -19
470 917 -13
470 9 8
7 36 -19
7 8 19
7 886 -19
467 437 -19
467 10 13
467 918 13
297 773 8
297 1187 28
773 772 -13
773 1216 -8
1187 1189 -13
1187 1186 -13
876 1320 8
876 875 -13
876 398 -19
1320 1290 8
875 845 -28
398 369 -13
398 427 19
398 1291 -13
369 1261 19
369 846 19
369 340 13
369 370 -19
427 428 -19
1291 1290 -13
1291 1289 19
566 568 13
566 564 -13
566 101 -28
1015 1014 -13
1015 1017 19
1015 1013 28
772 742 -13
772 300 -19
742 712 8
742 273 -28
742 1189 8
300 302 -8
300 1186 -19
300 299 13
304 776 -8
304 303 19
304 306 -8
304 302 -19
1191 1193 28
1191 1189 8
1191 744 -8
383 857 -13
383 381 -8
383 382 19
383 385 28
857 858 28
857 827 -19
382 353 -8
382 860 -8
382 411 -19
385 859 -19
385 384 -8
385 1274 13
385 387 8
103 568 8
568 1014 -19
568 570 -28
568 567 28
579 609 -13
579 117 8
579 580 -13
579 549 -13
609 638 -13
609 146 -28
609 610 -8
117 997 -13
117 119 -28
117 116 13
580 115 -19
580 1026 13
549 550 19
549 519 -13
549 88 -13
685 215 28
685 1131 -13
685 683 28
685 684 28
215 244 -8
215 216 19
215 1102 8
1131 1160 -19
1131 1101 -8
1131 1132 -19
1131 247 13
683 1129 -8
683 681 -13
683 682 8
684 654 -8
684 218 28
684 714 13
1176 287 8
1176 728 -19
1176 1174 19
1176 1175 -19
287 761 -8
287 314 28
287 258 13
728 729 13
728 259 -28
728 698 -13
728 758 13
1174 286 -8
1174 1173 -8
1175 289 19
1175 1204 13
1175 1146 -8
824 822 8
824 823 -8
824 347 -8
824 826 -19
824 1268 -28
822 820 8
822 345 -13
822 821 -13
823 793 19
823 350 28
823 853 -8
347 318 28
347 1239 13
826 349 28
826 828 28
1268 1298 -19
1268 1238 13
1279 1281 19
1279 1277 -8
1279 831 8
1281 1280 28
1281 388 28
1281 1283 -19
1277 384 -28
1277 1276 -13
1277 829 13
318 794 13
318 319 -19
318 290 -13
318 1209 13
1239 791 -19
1239 1241 8
1239 1238 -28
172 170 -19
172 1052 -28
635 633 -8
635 1081 -13
635 637 19
635 169 -8
1242 1212 -28
1242 354 13
1242 1243 8
1212 769 8
1212 1213 -28
1212 1182 8
354 353 -28
354 356 -8
354 827 13
354 352 8
1243 1245 13
1243 1241 28
1243 795 -8
1243 351 28
722 255 8
722 723 -19
722 692 28
722 1170 28
722 752 19
255 254 19
255 253 8
255 256 -13
723 725 8
723 252 8
723 1168 13
692 226 13
692 1141 -8
692 662 8
1170 282 28
1170 1172 -13
1170 1169 19
752 283 19
752 753 -28
1245 797 -19
1245 353 -28
797 768 19
797 827 -28
353 830 -19
737 736 -8
737 1180 19
737 735 -8
737 264 -8
736 267 -19
736 766 13
736 1183 -19
736 706 28
1180 1181 -19
1180 1152 -13
1180 1210 -28
1180 295 28
735 262 8
735 734 13
735 733 -28
264 1153 28
264 292 8
264 265 -13
254 282 -8
254 1141 28
254 725 -8
282 755 28
282 283 -13
1141 1139 8
1141 1143 -19
725 727 28
725 724 13
1030 150 -13
1030 584 8
1033 149 28
1033 1032 13
532 534 -19
532 979 19
501 952 19
501 471 -28
501 43 28
982 99 -8
982 981 -28
561 100 -28
561 591 13
561 1011 -13
400 371 8
400 1293 13
371 848 19
371 342 13
371 1263 -8
1293 1292 -19
534 981 28
534 533 19
981 102 28
981 951 -8
981 1010 -19
533 503 19
533 563 19
1056 610 8
1056 1085 8
1056 175 -8
1056 1026 19
1085 1115 28
1085 1086 -13
1085 202 -13
175 638 -28
175 174 8
1026 1027 -19
1026 146 -13
1026 997 8
776 1223 -28
776 777 8
1223 1222 8
1223 1221 13
777 779 -19
203 1090 -19
203 204 -19
203 673 -13
1090 1088 28
1090 1092 -19
204 670 8
204 206 -8
204 202 13
204 1087 -8
673 675 8
673 1119 8
673 671 -19
673 672 28
339 338 13
339 341 -28
339 811 -28
338 814 -19
338 367 -19
338 1229 -19
341 813 13
341 340 13
341 1228 13
811 841 8
811 1259 8
811 812 8
474 13 19
474 472 -19
474 921 19
474 476 -28
474 473 -13
13 42 13
13 892 -28
13 14 8
472 919 28
472 471 13
921 45 8
921 891 -13
921 951 -28
921 922 13
476 923 13
476 15 8
473 16 19
473 443 28
473 924 19
473 503 19
779 778 -28
779 303 28
779 1222 -13
778 306 28
778 807 28
778 748 -28
303 1193 8
1222 1192 19
1222 1252 -19
601 1051 -13
601 602 -19
601 631 28
601 139 19
601 571 -19
1051 167 -8
1051 1050 28
1051 1049 -13
1051 1053 8
602 1048 -28
602 136 -28
602 604 -8
602 600 8
631 168 -19
631 660 19
631 1080 -8
139 137 13
139 1018 19
139 138 13
139 141 -8
571 1021 -28
571 572 28
571 110 -13
571 541 8
1298 1299 13
1298 408 -8
1299 1297 8
1299 405 19
408 407 -8
1193 1192 -13
1193 1195 -8
789 790 -28
789 317 -19
790 314 8
790 1234 -28
790 788 -28
317 1204 -19
317 319 -8
317 316 -19
317 315 -8
896 894 8
896 445 -13
16 15 28
16 14 8
16 891 13
15 894 -28
15 44 -19
14 471 19
14 12 -28
14 889 28
891 444 -13
891 892 -19
1168 1169 19
1168 283 8
753 755 8
753 751 8
306 1192 19
306 305 19
305 278 -28
305 1195 -28
305 334 -19
845 846 -8
845 815 -28
846 1290 13
846 844 -28
815 816 13
586 120 -19
586 584 28
586 585 -8
586 1032 -8
120 91 -13
120 121 -28
120 149 19
585 123 -13
585 615 8
1032 1062 28
1032 152 -19
1032 1002 19
91 556 -13
91 974 13
91 62 -8
121 123 -8
121 119 -19
149 150 -8
149 616 -8
900 449 28
900 902 13
900 21 -28
900 899 -28
897 927 19
897 450 -13
1198 1228 13
1198 755 -28
691 221 19
691 690 8
691 689 8
221 1108 -13
221 250 19
221 222 -28
221 192 28
690 660 -13
690 224 28
690 1139 -13
690 720 19
689 1135 28
689 688 28
100 99 19
100 102 28
100 979 -28
99 564 -28
102 563 19
102 101 -8
979 1008 -13
830 828 -28
830 1274 -13
830 829 -19
122 151 -13
122 93 -19
122 123 -13
151 618 28
151 152 28
93 558 13
93 94 28
93 64 -28
123 1002 -8
66 948 13
66 38 -8
945 498 -19
945 946 -19
945 975 -19
168 166 28
168 170 8
168 167 8
168 1048 19
166 629 19
166 165 19
166 164 -8
166 1046 19
170 1050 -28
170 632 -8
170 169 -28
167 633 -8
167 194 8
167 138 8
1048 1049 28
1048 1018 28
1186 1158 -13
1186 1216 -8
449 450 -13
449 479 -8
450 452 -19
479 480 8
479 930 28
479 509 -19
952 951 -28
951 504 8
1262 1232 8
1262 373 -8
1262 1263 -19
1262 1292 -13
1232 1233 13
1232 1202 28
1232 788 -28
1292 848 -28
638 1088 -19
1088 1086 8
1088 201 19
1088 1087 8
174 145 -19
174 201 -28
145 146 13
145 116 28
201 671 -19
201 202 8
412 411 -13
412 414 28
858 860 28
987 988 19
987 957 -13
987 1016 8
987 108 -19
539 509 13
539 569 -28
539 990 -8
1062 616 -13
616 618 -28
616 615 19
1002 556 -19
1002 973 -19
796 1240 -13
796 320 -13
796 795 -8
796 794 -8
1240 1241 28
1240 352 -19
1240 1210 -28
320 1211 -28
320 349 13
320 321 8
320 292 -28
795 323 13
795 766 8
794 793 -13
794 1238 28
480 927 8
480 482 28
927 957 8
927 51 -13
927 928 -8
482 21 -19
482 929 -19
482 481 8
607 577 -8
607 636 8
607 608 -28
577 578 19
577 547 8
636 666 8
636 637 -28
608 142 19
608 1054 -8
48 928 -8
48 510 19
902 23 8
902 451 13
23 52 -8
23 24 -8
451 452 28
451 481 -28
42 922 19
42 504 -19
42 43 19
922 471 -19
922 924 28
504 503 -13
43 45 28
43 919 -19
1108 1106 28
1108 658 -13
1108 1110 28
1108 1107 8
1106 1104 19
1106 656 28
1106 1105 -19
658 688 8
658 629 -13
658 659 28
658 193 -28
1110 660 13
1110 1112 -8
1110 1109 -28
1110 223 -8
1107 224 13
1107 1077 -13
1107 661 8
1304 1274 8
1304 414 -8
1304 860 8
414 413 28
414 416 8
860 859 19
860 862 19
21 50 8
24 899 19
24 26 -13
24 481 8
228 226 -19
228 1111 8
724 1172 8
724 256 28
1143 1142 28
155 622 -8
155 156 19
155 1039 28
322 351 8
322 323 19
322 294 28
322 1213 13
351 352 13
351 828 19
323 1210 13
323 321 19
294 266 8
294 769 13
294 1183 -28
294 295 28
1213 1211 19
1213 766 -8
1213 1215 13
267 266 -19
267 269 -13
267 265 -8
267 1152 28
266 1155 19
266 238 -8
269 738 19
269 1154 8
269 271 -19
265 734 -13
265 1150 -19
265 263 13
1152 707 -13
1152 1123 -28
1152 1153 28
25 54 -13
25 26 -13
25 486 13
903 933 -19
903 456 -28
696 666 28
696 726 8
1142 1113 -13
1142 1171 -19
1157 1155 19
1157 708 -28
1161 712 -8
1161 1160 8
1161 272 -28
1158 273 13
1158 1129 -19
388 866 19
388 417 -13
388 389 -28
1284 395 -28
1284 1314 -8
1284 1285 28
1284 840 -8
395 869 -28
395 393 8
395 397 -19
1314 1315 -13
1314 870 -19
1285 392 -13
1285 837 8
1285 1287 -28
1285 1283 -13
840 839 -8
840 842 19
840 363 13
840 838 28
660 195 8
660 661 19
195 1077 -8
195 194 -13
195 193 19
195 197 -13
661 192 8
661 663 28
661 659 28
849 1297 -8
72 101 13
72 44 -8
343 1235 -8
343 820 8
343 314 -8
821 791 28
428 1318 28
751 750 -19
751 278 -28
748 279 -28
748 1195 28
960 78 13
960 509 -8
960 959 -13
960 962 8
957 510 -28
1083 1054 -28
1083 1113 28
1083 637 8
1054 1024 -19
446 445 28
446 444 19
446 893 8
444 442 28
444 443 13
893 894 -19
893 923 28
615 152 19
674 675 19
674 704 8
674 1124 8
712 245 28
712 682 13
245 1129 -28
245 244 19
245 247 -19
682 652 8
682 216 28
682 1132 -8
1211 764 -19
1211 1210 8
1211 1209 13
764 734 13
764 793 13
764 293 28
764 765 28
1210 767 -19
1209 1208 -8
1209 1207 -8
1209 762 -19
1024 578 28
1024 1025 13
1024 995 8
578 576 -13
578 113 -8
1025 142 8
1025 1023 28
995 996 -19
995 965 8
995 548 8
1011 1010 13
1011 1013 19
1008 1038 -28
224 223 -28
224 222 28
224 226 -28
223 252 13
223 194 13
222 220 -13
222 688 -8
222 1105 -19
226 1109 -19
1135 1105 -8
1135 251 8
1105 659 -8
251 250 -8
251 253 -28
498 496 -28
498 36 -13
496 494 8
496 34 -8
496 943 -19
36 64 -19
36 37 13
36 916 -19
1246 1276 -19
1246 1216 28
355 384 -8
355 356 28
1112 662 19
1112 1111 -19
39 37 -8
39 38 19
37 35 -8
37 913 -13
38 9 -13
38 918 -28
869 870 8
869 839 8
870 392 -28
870 872 28
870 868 19
839 809 -8
839 1287 19
839 366 -13
273 271 -8
273 272 -19
272 244 13
272 299 19
872 871 13
872 1316 28
1287 1286 13
1287 1289 -19
365 366 8
365 1257 -8
365 842 -13
463 433 8
463 464 13
463 914 19
463 493 -8
463 6 19
433 434 -19
433 884 -19
464 3 28
464 911 13
914 34 -28
914 916 19
914 913 -19
914 912 -13
493 494 -13
493 35 8
493 944 19
6 8 -19
6 5 8
6 4 -19
6 881 8
1290 1260 -28
1260 1261 -8
1260 1230 -8
1260 816 8
552 87 13
552 550 -13
87 116 28
87 59 13
87 88 13
87 970 -8
550 997 -28
550 86 19
378 349 -28
378 407 -19
827 828 -13
81 83 13
81 541 -19
81 959 -13
78 50 -8
78 107 -28
974 973 13
974 972 28
975 96 13
820 1264 13
346 345 13
346 1234 -19
964 513 -13
964 82 13
964 963 28
964 966 8
964 962 13
513 514 28
82 54 -13
82 111 -28
82 83 -19
963 516 -13
963 85 -19
963 993 -13
963 933 -28
966 84 8
966 515 19
966 965 13
962 511 -28
452 899 -13
899 929 -19
688 1138 -13
1215 768 19
250 278 8
250 1138 -28
278 279 -8
1138 1139 -8
732 733 -19
732 702 19
732 263 19
732 762 -13
732 1179 -13
733 260 13
733 1177 8
702 1151 8
702 672 -28
702 703 19
263 262 -19
263 1148 -19
762 791 -8
762 763 19
762 291 -19
1179 290 -8
1179 1181 -8
1111 1081 -8
503 45 -8
1252 1282 -19
1252 1253 28
1252 364 -28
810 809 -13
810 334 -19
810 812 -19
807 837 19
807 1255 8
437 438 -13
437 888 28
10 9 -8
10 8 -28
10 885 -28
10 12 -28
918 917 -13
918 916 13
45 44 28
44 924 -19
334 363 13
917 887 28
9 888 13
888 886 -13
888 890 19
888 887 -19
1264 1234 -19
279 277 -8
930 929 -13
930 50 19
930 928 19
929 53 -19
929 959 -13
50 512 13
50 51 -8
576 111 -13
576 574 19
576 1022 13
111 112 -28
111 140 -13
111 994 -8
574 572 8
574 1020 19
574 573 -8
574 109 -19
1022 1052 28
1022 993 19
1022 1023 8
892 894 -28
892 441 -8
892 890 28
654 1104 -19
654 189 19
654 655 28
654 625 13
218 220 28
218 216 -8
218 1101 28
218 217 13
714 715 -13
714 247 19
714 744 -8
894 443 13
96 94 -8
94 973 19
656 627 28
656 191 -8
656 657 -19
628 626 -8
628 1074 -8
628 627 -19
628 161 -19
628 630 13
626 625 -28
626 159 13
1074 1044 13
1074 191 -19
627 597 28
627 1076 28
627 164 -28
161 188 8
161 1045 28
161 162 13
630 629 -19
630 163 13
356 829 8
766 767 -13
766 295 -28
1183 1182 19
1183 1181 -19
706 1155 -8
706 707 8
706 239 8
706 676 13
1221 774 13
738 768 28
738 708 -19
768 769 8
708 709 -8
708 678 13
708 241 8
563 593 -28
563 1013 8
563 564 -8
997 967 28
967 968 13
967 520 13
967 937 13
967 88 13
1139 252 -8
923 924 19
969 522 19
969 90 -28
969 970 13
1104 217 13
1104 1102 -8
217 188 -8
1102 1100 -19
1102 652 -28
1102 1101 28
791 319 8
319 321 13
936 935 28
936 485 -28
936 934 -13
935 905 19
935 965 -13
485 455 -13
485 486 -19
485 515 28
934 54 8
934 933 -13
1228 1258 28
1228 1229 28
755 757 -13
720 750 28
720 1169 28
720 253 8
29 908 8
29 58 8
29 490 -8
29 0 28
908 907 -28
58 86 -13
58 520 8
58 938 -8
490 489 -19
490 937 28
490 492 8
0 460 -19
0 878 13
290 262 -19
290 291 -19
290 765 -8
101 130 19
1080 1082 28
1080 194 -19
1080 1079 -19
1080 1078 13
1155 1154 19
1155 1153 -8
1154 1182 13
1154 1125 8
1154 709 8
1153 1151 -8
1153 704 8
262 1151 13
262 234 13
1151 1150 -19
1151 1149 19
234 705 -28
234 205 13
234 1122 -13
988 990 -28
988 105 28
990 989 8
990 107 19
990 992 28
105 570 28
105 134 -28
105 106 -19
948 946 28
633 1079 13
633 632 28
1079 1050 -8
1079 1109 -8
1079 197 28
632 1082 -19
632 603 -28
632 662 28
1053 169 13
1053 1052 -8
1053 603 8
194 663 13
138 109 28
138 1021 8
138 604 -19
1050 604 -8
1050 1020 8
169 140 -28
169 196 -13
744 774 13
1234 1235 -28
1234 1204 13
442 441 13
442 889 -28
442 440 19
441 471 19
889 919 28
889 890 28
440 439 -13
440 887 -19
440 438 28
1207 316 19
1207 1205 13
763 761 13
763 288 8
763 765 8
1177 1148 19
1177 291 -8
1077 1078 -8
494 32 13
494 492 -13
494 941 28
32 3 8
32 912 28
492 30 28
492 491 -28
941 971 13
941 942 28
941 63 8
941 911 28
1109 663 -8
302 774 -13
774 803 -19
35 911 19
35 34 28
911 881 13
911 912 8
34 5 -19
34 62 28
238 709 8
238 209 8
238 1126 19
238 239 -8
933 486 8
933 57 19
456 455 8
456 458 19
943 973 -13
943 944 -8
943 913 19
844 842 -8
844 367 -19
844 1288 -28
842 1286 -28
842 841 8
367 368 13
367 1259 -8
1288 1318 -19
1288 1289 -28
1288 1258 8
1129 1099 28
1160 715 -28
1286 397 13
1286 1316 28
1286 1256 -8
397 871 -13
1256 1257 19
1256 368 -13
1256 812 -13
510 512 -8
510 509 19
345 316 13
86 968 -8
86 115 28
968 970 -8
420 418 -28
420 1310 13
420 419 -19
420 422 8
418 417 8
418 416 -8
1310 866 -13
1310 1280 -8
419 1313 -19
419 390 8
422 1312 19
422 421 -28
971 524 13
971 972 -8
524 522 19
972 521 -8
972 89 -13
972 970 8
769 767 -13
252 253 -28
707 709 8
707 705 19
705 1150 -13
705 704 19
705 703 19
140 141 13
140 1023 19
1052 1081 13
604 603 13
871 841 19
841 1289 -19
841 368 8
142 113 13
141 603 8
141 1020 13
465 8 13
465 916 28
465 435 -19
8 883 -8
435 886 13
435 436 -28
89 90 -13
556 558 -13
761 759 -19
761 1204 28
759 286 -28
759 758 8
1204 1205 13
30 1 -19
30 59 8
30 31 8
912 461 -13
459 489 -8
459 460 -19
459 2 13
459 429 28
62 63 -13
62 944 19
1082 1081 -13
1082 196 19
196 197 -28
1044 598 19
1044 1014 -8
1044 164 28
1044 1045 -8
598 597 28
598 596 -28
598 600 -19
164 163 8
164 162 -8
1045 1043 13
1045 1047 -13
240 211 8
240 1128 13
240 241 28
734 704 13
734 1181 19
704 237 -8
1181 292 28
241 1125 13
241 239 -8
1127 681 -8
1127 1097 8
1127 1128 28
1233 342 8
1233 1235 -19
342 313 13
431 432 -13
431 461 -13
431 882 -28
432 434 13
432 430 8
461 491 19
461 4 -28
882 881 8
882 884 -28
882 880 -8
882 3 -28
1132 244 28
12 887 19
439 890 8
545 85 -13
545 515 13
545 996 13
114 113 -28
114 112 -28
114 993 13
522 520 -28
522 59 -13
522 521 8
520 519 28
59 940 -8
59 60 19
521 61 8
521 491 13
481 511 13
52 514 8
52 53 28
113 996 -28
113 84 -19
996 994 8
84 85 28
84 548 13
767 292 13
767 765 -8
292 293 19
765 1208 19
663 662 28
597 567 -8
597 1047 13
1076 190 13
1076 1078 8
197 662 -13
629 599 -8
629 1078 -28
163 1047 -19
163 134 -13
163 190 -19
1189 299 28
1150 1121 13
1121 675 -28
1121 1122 -28
1121 237 -28
1047 1049 8
1047 1046 19
134 600 -19
134 1017 19
190 659 8
190 191 8
313 1203 -8
313 788 -8
313 286 19
1227 780 -8
1227 1229 13
1020 1021 -28
1241 793 19
1241 349 -8
1238 350 -13
1238 1208 19
729 257 19
729 1173 28
258 259 28
258 1147 -13
438 436 13
438 885 13
1202 315 13
1202 1173 8
1202 1203 8
315 314 8
1173 1144 19
1203 1205 19
657 188 -19
657 655 28
657 659 8
64 946 8
489 31 8
489 940 28
489 519 -13
31 907 -8
940 942 -13
940 938 -8
519 970 28
519 60 -13
793 321 -28
321 1208 19
625 162 19
596 1042 -19
596 594 13
596 130 -13
1 2 -19
1 880 19
363 1255 -8
363 392 8
363 364 -8
838 837 13
838 1282 -13
838 361 19
349 350 -13
1125 679 -8
1125 1126 -8
106 567 -8
106 108 -13
603 573 19
885 886 -19
1261 813 28
1261 1259 28
813 814 19
813 784 -19
1259 1257 -13
1259 1258 13
350 352 28
937 907 -19
937 938 8
937 60 -28
88 90 -13
416 1306 19
946 944 28
944 942 -28
511 53 19
511 541 -28
511 512 28
53 51 28
541 992 -19
512 959 -19
512 514 19
1315 421 -28
1315 1313 28
1315 867 13
5 884 13
192 165 13
192 1078 -13
192 193 8
136 165 -19
136 137 -19
136 1019 8
136 107 13
600 599 -13
600 1046 19
1123 239 -19
1123 1093 19
1123 1124 -13
239 237 28
1093 210 8
1124 1122 -19
1124 1126 -28
314 1205 28
137 599 19
137 1016 13
1018 572 -8
1018 989 -8
1018 1019 -8
316 288 28
1313 865 -19
1313 1312 -13
390 868 -8
390 361 28
390 391 -8
390 1283 -28
189 188 19
189 187 13
189 191 19
655 1101 28
655 653 -8
1312 868 -13
1312 1282 -19
421 392 -8
517 547 -28
517 487 8
517 518 28
547 548 19
487 457 8
518 965 28
518 516 28
676 210 13
676 646 19
676 1126 -8
613 150 28
209 210 8
209 1096 -13
209 679 -19
1126 1128 19
1099 1100 28
1099 216 8
1099 653 13
1099 1070 -28
289 288 -13
289 291 13
288 260 13
260 1149 28
866 868 13
866 864 -19
866 865 8
868 867 8
864 862 28
864 863 -28
865 835 13
865 391 19
51 509 -28
392 393 -28
837 867 -19
837 364 -8
1283 835 13
1283 1282 -19
295 293 28
675 205 19
205 206 -19
205 1092 28
162 160 -8
162 1042 -8
715 244 -19
1023 1021 -19
1023 573 28
434 881 13
434 436 28
884 883 19
884 886 19
61 63 -8
61 60 -28
491 942 19
393 1282 -8
393 867 -28
393 391 19
3 4 -28
591 621 -8
621 650 28
621 622 13
4 2 -8
599 1049 13
599 569 28
1149 1148 19
1149 1147 19
165 1049 13
681 679 -8
681 211 -13
679 678 13
211 212 -28
211 1098 8
1119 1148 19
1148 703 19
809 780 -8
809 1257 -19
366 368 -8
366 364 28
567 1017 -8
368 370 -19
1230 1231 28
1230 786 28
816 340 -13
816 814 -28
1147 1145 -8
1147 698 -19
1147 1146 13
757 756 19
757 284 8
650 1100 19
1100 1098 8
191 193 8
672 206 28
672 1122 13
703 701 -19
214 216 8
214 212 13
214 1097 13
212 210 -19
212 678 -8
1097 1098 28
1097 1068 13
109 110 -13
109 992 -13
1021 1019 -28
573 112 -28
859 829 -13
384 862 19
384 413 -13
862 1306 19
1280 391 -8
391 389 19
1019 1017 19
1019 569 13
678 1128 -19
1205 758 8
814 812 -19
814 1258 -28
784 1231 -28
340 1231 13
1231 1229 -13
291 293 19
460 907 13
907 877 -28
361 1253 8
883 436 -8
883 913 28
618 620 -8
620 622 19
620 619 19
257 1145 -19
257 229 19
257 286 13
593 1043 -13
593 594 -13
1043 1042 -8
1043 159 28
594 1040 8
1096 646 -19
1096 1098 -8
572 570 13
572 107 -19
570 1016 -13
570 569 -8
107 108 -28
1145 1144 13
1144 259 -8
1144 1115 -8
1144 699 -28
1070 1040 -19
1070 187 -13
622 1068 -8
750 780 28
160 159 19
160 1040 8
159 130 -28
1040 1010 -19
1046 1016 -28
430 877 -28
430 429 19
457 458 19
569 108 -8
112 110 28
993 994 28
285 284 -28
285 283 -19
1276 1306 -8
1276 387 -8
387 389 28
652 187 8
652 653 13
756 726 8
726 727 28
1255 1253 -28
1255 1257 -13
1016 1017 28
130 1013 -28
1171 1172 -8
1171 727 8
1172 284 13
863 389 19
877 878 -13
877 2 -19
878 880 13
959 989 13
514 516 13
429 880 -19
1258 370 8
989 110 -19
110 108 -19
587 1037 13
619 156 8
1037 1039 13
698 699 8
516 515 8
516 54 8
1010 564 -13
992 994 13
1115 669 8
699 701 -28
699 229 -8
1146 701 19
1038 1068 28
1038 1039 -13
670 671 13
150 152 13
515 57 19
85 83 13
671 669 13
905 458 -8
