1249 1248 19
1249 357 -19
1249 1247 -19
1249 1251 19
1249 801 28
1248 360 -19
1248 1218 28
1248 1278 13
1248 804 8
357 834 8
357 386 -19
357 328 -8
357 358 -13
1247 1245 28
1247 355 19
1247 799 -8
1247 1246 -28
1251 359 13
1251 803 -13
1251 1253 -8
1251 1250 28
801 772 8
801 802 8
801 329 28
801 831 19
157 1041 13
157 184 8
157 624 -19
157 158 13
157 128 -28
1041 591 13
1041 1040 -13
1041 1043 13
1041 1039 -13
184 213 -28
184 185 -13
184 653 8
184 1071 -8
624 626 28
624 623 28
624 1070 28
624 622 -28
158 160 13
158 621 -13
158 156 -19
158 1038 8
128 129 8
128 594 -13
128 1011 8
128 99 -19
741 268 -28
741 739 -13
741 740 -19
741 743 -19
741 1184 -28
268 269 -28
268 240 -8
268 1157 8
268 296 13
739 737 8
739 738 8
739 266 19
739 1182 -28
740 710 19
740 770 -8
740 1187 13
740 271 8
743 270 -28
743 745 -8
743 1186 -19
743 742 13
1184 298 -19
1184 1156 -8
1184 1214 -19
1184 1185 13
447 448 -8
447 477 28
447 898 -28
448 895 8
448 446 -8
448 450 -13
477 20 28
477 928 19
477 507 19
477 478 28
898 896 -19
898 19 -19
898 900 -13
898 897 -8
401 402 19
401 372 -28
401 1295 -19
402 404 13
402 1292 -19
372 850 -19
372 343 -13
372 1265 19
372 373 -13
1295 1294 -28
1295 1297 28
1295 1293 28
1295 847 8
404 406 -13
404 1294 28
404 403 13
406 408 -28
406 1296 8
406 405 -13
1294 850 28
1294 1264 8
403 1297 8
403 374 -8
535 505 -13
535 986 -13
535 536 -28
535 565 -19
535 75 -13
505 956 19
505 475 -19
505 506 -13
505 47 19
986 103 28
986 988 -28
986 984 -28
986 985 19
536 538 -19
536 983 -28
536 534 19
536 72 -28
565 566 13
565 1015 -19
565 595 -8
565 104 -19
75 77 19
75 73 28
75 953 -19
75 74 -28
1061 611 -13
1061 1059 8
1061 1060 28
1061 1063 -19
611 640 19
611 581 8
611 612 13
611 148 -19
1059 174 28
1059 1058 13
1059 1057 13
1059 609 28
1060 178 -8
1060 614 28
1060 1030 -8
1060 1089 8
1063 1062 -28
1063 177 13
1063 1065 -13
1063 613 19
173 144 8
173 639 -28
173 1057 -13
173 200 8
144 1027 13
144 115 -13
144 610 8
639 638 -13
639 1085 -13
639 641 -28
1057 1056 -8
200 229 13
200 669 -28
200 1086 -13
1300 856 13
1300 410 19
1300 1270 -8
1300 1301 8
856 855 8
856 858 28
856 378 -19
856 854 -19
410 408 -8
410 412 -13
410 409 -13
1270 1240 19
1270 826 28
1270 1271 28
1270 381 -13
1301 1303 -8
1301 1299 -8
1301 407 19
1301 853 -19
27 488 -13
27 906 -28
27 56 19
27 28 19
488 487 -28
488 486 8
488 935 -13
906 904 -8
906 455 -13
906 905 -8
56 936 19
56 518 -28
56 57 -13
56 84 8
28 903 -13
28 485 28
28 26 19
538 74 19
538 985 -13
538 537 8
538 540 -8
74 956 28
74 46 8
985 955 -13
985 1014 13
985 106 19
537 77 -8
537 988 19
537 507 13
537 567 -13
540 987 8
540 539 28
540 76 -8
540 542 19
499 41 -19
499 950 -19
499 529 -13
499 500 -19
499 469 -28
41 40 8
41 39 8
41 43 8
41 917 -13
950 952 -19
950 68 -28
950 949 -13
950 948 -19
529 559 13
529 980 19
529 530 28
529 69 13
500 498 -19
500 947 -13
500 38 19
500 502 -28
469 470 -13
469 12 8
469 439 13
469 920 -28
1001 999 13
1001 118 28
1001 1000 19
1001 1003 -28
1001 551 28
999 998 8
999 549 -28
999 116 19
118 147 -13
118 89 19
118 119 8
118 584 -8
1000 971 -8
1000 554 13
1000 1030 -19
1000 121 19
1003 553 28
1003 120 -28
1003 1002 -28
1003 1005 13
551 552 -28
551 521 19
551 581 -8
551 90 -19
1303 409 28
1303 1302 -8
1303 1305 -19
1303 855 8
409 380 28
1302 412 13
1302 858 19
1302 1272 19
1305 1304 -28
1305 1307 13
1305 857 13
1305 411 28
855 381 -8
855 825 13
207 677 -13
207 236 -19
207 208 -19
207 1094 8
207 179 -8
677 1123 -8
677 675 -13
677 676 -8
677 679 -8
236 707 13
236 264 -8
236 1124 19
236 237 -19
208 674 13
208 210 8
208 206 13
208 1091 -13
1094 644 8
1094 1096 8
1094 1092 -13
1094 1093 13
179 647 19
179 151 8
179 1065 28
783 1226 8
783 785 -28
783 782 19
783 781 8
783 307 28
1226 339 19
1226 1196 13
1226 1227 -19
1226 1256 -28
785 309 -28
785 1228 19
785 786 -19
785 784 -28
782 310 -19
782 752 -13
782 811 -28
782 1229 28
781 1224 13
781 779 -8
781 305 8
781 780 8
307 308 -13
307 336 28
307 280 -13
307 1197 -13
605 634 -28
605 575 -13
605 1055 -8
605 143 -28
605 606 28
634 664 -13
634 172 -28
634 635 -8
634 1084 8
575 576 -28
575 545 -19
575 114 13
575 1025 -19
1055 1053 -19
1055 171 -13
1055 1054 8
143 142 8
143 141 -28
143 1022 -19
606 140 8
606 1052 -28
606 604 19
606 608 -13
1201 754 8
1201 1200 -8
1201 1199 -28
1201 311 -13
754 755 13
754 784 13
754 724 -28
754 285 19
1200 1171 -13
1200 1230 -13
1200 757 19
1199 752 28
1199 1197 -28
1199 1198 28
1199 309 13
311 340 -13
311 786 8
311 312 8
311 284 8
308 310 28
308 306 8
308 780 19
308 1194 8
336 365 19
336 337 19
336 812 28
336 1227 -8
280 1169 -8
280 252 13
280 281 28
280 753 28
1197 1196 19
1197 1195 8
1197 750 -28
40 920 13
40 11 8
40 502 8
40 68 -13
920 919 19
920 922 8
920 918 8
11 12 19
11 890 -19
11 472 19
502 504 8
502 949 28
502 501 -28
68 97 -8
68 69 19
68 532 8
20 18 13
20 895 -8
20 22 -8
20 19 -28
18 16 8
18 475 -8
18 893 28
18 17 8
895 925 28
895 896 -13
22 479 -13
22 21 -13
22 897 -28
22 24 13
19 480 -19
19 48 28
310 309 -8
310 312 -19
310 1196 28
309 282 13
309 338 -13
312 1198 8
312 784 -28
1196 1168 -19
1196 753 -19
274 1163 -13
274 747 13
274 275 -19
274 246 13
274 301 19
1163 1165 19
1163 1161 19
1163 714 13
1163 1162 8
747 749 -8
747 1190 -19
747 746 28
747 745 -28
275 273 -28
275 744 8
275 277 -19
275 1160 -28
246 1134 28
246 717 -13
246 247 28
246 217 28
301 302 -13
301 1191 -19
301 330 19
301 777 8
590 592 -8
590 589 13
590 588 -19
590 124 19
590 1036 19
592 126 19
592 591 28
592 594 -8
592 1038 -8
589 127 28
589 559 8
589 619 -19
589 1039 28
588 1034 -8
588 586 -19
588 122 -19
588 587 -19
124 1007 -28
124 95 -13
124 153 -28
124 125 -13
1036 1037 -28
1036 1066 -28
1036 1006 -8
1036 156 -19
1007 1005 19
1007 1009 8
1007 1006 -28
1007 557 -28
95 96 -13
95 66 -13
95 978 -19
95 560 -19
153 620 -28
153 1037 13
153 154 13
153 180 -28
125 127 -8
125 123 -8
125 587 13
125 1004 28
925 478 -28
925 955 28
925 926 13
925 49 19
478 480 19
478 476 28
478 17 19
955 956 13
955 77 -13
955 508 13
926 46 -28
926 924 28
926 475 8
926 928 -8
49 47 13
49 507 28
49 48 -28
49 51 -13
1166 1194 28
1166 1167 13
1166 1137 19
1166 281 -28
1166 721 28
1194 1224 -8
1194 1195 -13
1194 751 -8
1167 1165 -13
1167 718 -28
1167 1169 13
1167 278 28
1137 691 -13
1137 1138 8
1137 1107 -19
1137 253 13
281 279 8
281 750 28
281 283 28
721 719 -19
721 250 8
721 720 19
721 723 13
553 92 8
553 583 -19
553 554 8
553 523 -13
92 971 8
92 91 28
92 94 13
92 90 28
583 613 -28
583 584 -13
583 1033 8
583 121 -13
554 552 13
554 89 8
554 556 8
523 524 13
523 63 19
523 493 -13
523 974 13
695 697 -19
695 693 28
695 694 19
695 225 -8
695 1140 -19
697 696 8
697 1142 -19
697 227 13
693 691 -13
693 223 -8
693 692 -19
694 664 -28
694 228 -19
694 724 -13
694 1143 13
225 254 8
225 226 13
225 1112 -28
225 196 13
1140 1141 13
1140 1111 -19
1140 256 8
834 833 -28
834 1278 -13
834 832 -13
834 836 8
833 360 13
833 803 13
833 863 8
833 1281 8
1278 1279 8
1278 1308 13
1278 389 19
832 831 8
832 1276 28
832 830 -13
832 355 -28
836 359 -19
836 835 13
836 1280 -13
836 838 -19
127 126 -8
127 1006 -28
127 129 19
126 97 -19
126 155 -28
126 1009 13
1006 977 28
1006 560 19
129 591 -28
129 1008 -28
129 131 28
386 1279 -13
386 415 13
386 864 -28
386 387 19
328 329 -8
328 1219 19
328 299 8
328 804 13
358 360 -19
358 831 13
358 356 28
358 1246 19
423 394 -19
423 424 -8
423 1317 -28
394 872 19
394 1287 28
394 365 28
394 395 -28
424 426 -19
424 1314 19
424 422 -8
1317 869 -13
1317 1316 -13
1317 1315 13
1317 1319 28
360 359 -28
360 362 19
359 388 -19
359 330 19
362 835 8
362 361 -28
362 1250 -19
362 364 19
909 33 -13
909 910 19
909 939 8
909 462 8
909 879 28
33 35 -19
33 491 -13
33 32 8
33 31 -19
910 30 19
910 908 13
910 912 -28
910 459 13
939 969 13
939 492 8
939 61 28
939 940 -8
462 464 -13
462 460 8
462 461 28
462 1 -8
879 432 13
879 880 -19
879 4 -28
1267 374 -13
1267 1266 28
1267 1269 -13
1267 819 -13
1267 1265 -8
374 852 -28
374 345 -19
374 375 -28
1266 377 -19
1266 1236 -8
1266 822 8
1266 1296 -13
1269 376 -8
1269 1271 -13
1269 1268 8
1269 821 -13
819 789 -28
819 820 -28
819 346 19
819 849 -8
1265 817 13
1265 1264 19
1265 1263 -13
71 69 -8
71 73 -19
71 531 -19
71 70 28
71 949 19
69 67 -28
69 947 -8
73 72 -19
73 533 19
73 951 -28
531 532 28
531 501 -8
531 982 -19
531 561 -19
70 534 13
70 952 -8
70 42 -8
70 99 -13
949 919 8
949 979 28
977 98 13
977 947 13
977 978 13
977 530 -19
98 559 -19
98 97 28
98 100 -19
98 96 28
947 917 28
947 948 19
978 527 -13
978 976 -13
978 980 -13
530 66 -8
530 528 -13
530 532 13
643 641 -13
643 645 19
643 1089 -19
643 642 19
641 174 28
641 640 -13
641 1087 -28
645 644 8
645 647 13
645 1091 19
645 177 -13
1089 1119 -19
1089 1090 28
1089 206 19
642 178 8
642 613 13
642 1092 13
642 672 19
425 396 -8
425 1319 -8
425 426 -13
396 367 -28
396 1289 -8
396 874 -8
396 397 8
1319 871 19
1319 1321 -19
1319 1318 -28
426 428 8
426 1316 -19
749 1192 -28
749 751 -19
749 276 -8
749 748 -28
1190 304 -8
1190 1162 13
1190 1220 28
1190 1191 19
746 716 13
746 776 -8
746 1193 19
746 277 8
745 272 -8
745 1188 -28
745 744 -13
453 483 -8
453 904 -13
453 454 -13
483 513 -8
483 484 28
483 26 28
483 934 -28
904 902 28
904 25 28
904 903 -13
454 452 -28
454 901 13
454 456 19
956 958 -13
956 954 -13
958 507 -13
958 76 13
958 960 19
958 957 28
954 952 -8
954 72 -8
954 953 28
954 503 19
1218 331 19
1218 1219 -19
1218 1188 -28
1218 775 -19
331 333 8
331 329 -19
331 803 19
331 330 28
1219 772 8
1219 1217 -28
1219 1221 -19
1188 302 28
1188 1189 13
1188 1160 -19
775 773 -13
775 299 19
775 777 -8
775 774 8
178 176 -8
178 177 -13
176 1058 28
176 175 8
176 640 -8
177 205 -8
177 149 8
710 243 -19
710 1159 8
710 711 13
710 680 -13
243 242 8
243 245 -13
243 241 -19
243 1127 -8
1159 270 8
1159 1157 19
1159 1161 -19
1159 1158 19
711 713 -28
711 1156 13
711 709 -28
711 240 -19
680 681 -8
680 650 -28
680 214 13
680 1130 -19
644 615 -13
644 674 -28
647 649 28
647 1093 8
647 646 -13
1091 1062 -13
1091 1121 13
1091 1092 13
1067 1066 19
1067 617 19
1067 1065 13
1067 1069 19
1067 180 28
1066 183 13
1066 620 28
1066 1095 13
617 618 -8
617 154 19
617 587 -13
617 646 19
1065 615 13
1065 1064 19
1069 619 -28
1069 1071 -28
1069 182 -13
1069 1068 8
180 649 -13
180 209 13
180 181 -28
1028 1058 19
1028 582 -13
1028 998 -19
1028 148 19
1028 1029 19
1058 612 13
1058 1087 -28
582 580 -19
582 116 -13
582 581 28
582 584 19
998 552 19
998 119 -13
998 969 13
148 147 -8
148 146 -8
148 150 19
1029 579 13
1029 1031 -13
1029 1027 8
1029 145 -19
242 1130 13
242 213 -19
242 713 8
242 270 8
1130 1129 13
1130 1132 19
1130 1128 28
213 214 -13
213 683 28
213 1100 13
713 712 28
713 1158 8
713 715 8
270 297 -28
270 271 -28
544 991 -13
544 542 19
544 80 8
544 546 8
544 543 -19
991 1020 -8
991 992 -8
991 112 8
991 961 13
542 989 8
542 78 -8
542 541 -19
80 52 8
80 109 13
80 81 8
80 962 8
546 82 -19
546 548 -13
546 545 8
546 993 -13
543 513 28
543 573 13
543 83 28
543 994 -28
475 476 -19
475 445 -28
506 504 -28
506 953 8
506 508 -13
506 44 -19
47 46 13
47 45 -19
47 923 -28
1005 122 19
1005 1004 8
1005 555 19
1009 559 28
1009 1011 28
1009 1008 13
557 527 -8
557 96 -8
557 587 19
557 558 8
1309 415 -28
1309 1311 28
1309 861 -13
1309 1307 -28
1309 1308 -8
415 416 -13
1311 417 28
1311 1310 -8
1311 863 19
1311 1313 28
861 831 -28
861 387 -28
861 862 -19
1307 859 -28
1307 413 -8
1307 1306 8
1308 864 28
1308 418 -28
1133 1162 19
1133 687 -8
1133 1134 -28
1133 249 -28
1133 1103 -28
1162 277 -8
1162 717 28
687 685 28
687 686 -19
687 689 -13
687 217 -19
1134 684 8
1134 1136 -13
1134 1132 -13
249 716 8
249 248 8
249 251 -8
249 247 -19
1103 1104 -28
1103 220 -13
1103 1074 -8
1103 657 13
800 799 -19
800 1244 8
800 802 -28
800 324 -8
800 798 -8
799 327 -28
799 770 -13
799 829 -28
1244 1245 8
1244 1274 -28
1244 1214 -13
1244 356 -8
802 1246 19
802 326 -19
802 804 19
324 353 -8
324 1215 -13
324 325 -19
324 296 8
798 1242 -28
798 796 -28
798 322 13
798 797 -19
46 508 -28
46 17 -8
508 507 -8
508 510 -28
17 896 13
1118 668 19
1118 1116 13
1118 1120 19
1118 1117 13
1118 230 -28
668 638 28
668 698 -19
668 669 -19
668 202 -19
1116 229 19
1116 1115 13
1120 1119 -13
1120 670 -28
1120 1122 -19
1120 232 -13
1117 233 28
1117 671 28
1117 1146 -8
1117 1087 -8
230 258 28
230 701 -19
230 201 -28
230 231 -19
327 326 28
327 329 -28
327 325 19
327 1214 13
326 297 -13
326 1217 -8
326 355 13
329 1216 -13
325 797 -8
325 1212 -19
325 323 13
1214 1215 19
1214 771 -19
931 484 -13
931 932 28
931 55 28
931 901 -28
931 961 -28
484 482 19
484 486 8
484 23 8
932 930 -8
932 481 -13
932 52 -13
932 934 19
55 513 13
55 54 19
55 53 19
55 57 -13
901 902 8
901 26 8
961 962 28
961 83 8
961 514 -13
852 854 8
852 851 19
852 850 19
852 1296 28
854 1298 28
854 376 19
854 853 28
851 377 -19
851 1299 28
851 821 -8
850 848 19
850 849 -19
1296 1297 -13
559 560 19
560 558 28
560 562 -19
298 770 28
298 297 28
298 300 -13
1156 1127 -8
1156 271 13
1156 1157 -19
1185 738 -28
1185 1183 8
1185 1187 13
1185 296 -8
133 595 8
133 132 8
133 135 8
133 131 -8
133 1012 8
595 1045 19
595 625 -28
595 596 -19
132 103 19
132 598 28
132 1015 -28
132 161 -19
135 597 8
135 1014 19
135 137 19
135 134 13
131 593 -13
131 1010 8
131 130 -19
1012 983 -28
1012 1013 19
1012 566 13
1012 1042 -13
664 199 -19
664 1114 28
664 665 -8
199 198 28
199 197 28
199 1081 -28
1114 227 -19
1114 1113 8
1114 1112 -8
665 667 -19
665 663 28
665 1111 -13
665 196 28
377 375 -13
377 376 13
377 379 13
375 1264 19
375 849 13
375 373 19
376 347 -28
376 405 -28
379 853 -19
379 1268 28
379 381 -8
379 378 13
97 562 -13
97 980 13
562 561 -8
562 1008 28
562 564 13
980 982 -13
980 979 -19
1273 1272 -8
1273 1275 19
1273 1271 -19
1273 825 28
1273 380 8
1272 383 28
1272 1242 -8
1272 828 8
1275 1274 28
1275 382 -13
1275 1277 19
1275 827 28
1271 823 -13
1271 378 -13
825 795 -28
825 352 -19
825 826 -8
380 858 -8
380 381 -13
380 351 -13
77 76 -28
77 79 -19
76 48 -13
76 105 28
79 81 8
79 78 -8
79 957 -19
79 539 19
983 953 -13
983 984 13
983 104 13
953 923 -8
984 982 8
984 533 -13
984 101 28
104 103 -19
104 102 13
104 106 13
198 227 19
198 171 -28
198 1084 8
198 667 13
227 228 28
171 172 28
171 142 13
171 637 -13
1084 1083 -19
1084 1082 -13
667 666 13
667 1113 -13
649 651 -13
649 1095 -8
649 648 -13
651 650 13
651 1097 19
651 182 13
651 653 -13
1095 1125 13
1095 1096 28
1095 212 28
648 183 -19
648 678 19
648 619 19
648 1098 8
640 1090 -13
640 670 -8
581 1031 28
581 119 8
612 614 28
612 610 8
612 145 8
817 818 -19
817 787 8
817 344 19
817 847 28
818 1262 28
818 820 13
818 342 -8
787 1235 -28
787 315 28
787 758 -13
787 788 -19
344 1232 19
344 346 8
344 343 -13
847 848 13
847 373 -13
1236 1206 -13
1236 348 8
1236 792 19
1236 1237 -19
1206 319 19
1206 1207 13
1206 763 -13
1206 1177 13
348 347 -28
348 350 -19
348 346 19
348 821 -8
792 791 13
792 790 -19
792 316 8
792 794 -28
1237 789 28
1237 1239 -19
1237 1235 -19
1237 345 8
1224 337 -28
1224 1254 -8
1224 1225 28
337 339 -8
337 335 -28
337 809 8
1254 1284 -28
1254 1255 -19
1254 366 -8
1254 810 19
1225 1223 19
1225 778 28
1225 1227 8
1225 334 -19
183 181 8
183 185 19
183 182 -19
181 1064 -28
181 646 8
185 650 -28
185 1068 19
185 187 -19
182 155 8
182 211 -13
716 1165 8
716 717 -19
716 686 -8
1165 276 -19
1165 1164 -13
717 719 28
717 715 -19
686 656 8
686 220 19
686 1136 13
147 1031 -13
147 614 28
1031 1030 13
1031 1033 13
614 613 28
614 616 -13
1073 623 -13
1073 1075 8
1073 1072 28
1073 186 -13
1073 1071 8
623 593 8
623 160 -19
623 652 13
1075 188 -28
1075 625 28
1075 1074 -8
1075 1076 8
1072 189 13
1072 626 19
1072 1042 -19
1072 1101 -19
186 655 28
186 159 13
186 215 8
186 187 13
1071 1070 28
1071 621 8
719 1164 -19
719 248 8
719 718 -19
1164 1135 -19
1164 279 8
1164 1192 -28
248 276 -19
248 1136 -8
248 219 8
718 251 13
718 748 13
718 688 13
1034 1004 28
1034 1035 -13
1034 1064 -28
1034 154 -13
1004 558 -19
1004 975 -28
1035 1033 -28
1035 585 19
1035 1037 19
1035 151 -8
1064 618 13
1064 1093 -19
154 156 19
154 152 -8
276 303 13
276 277 -19
1136 1135 -8
1136 1138 28
219 220 28
219 1106 28
219 190 -13
219 689 -19
730 700 -13
730 760 19
730 261 13
730 1178 19
730 731 -28
700 233 -8
700 1149 28
700 701 28
700 670 -8
760 789 28
760 761 13
760 1207 19
760 289 8
261 260 -8
261 263 19
261 259 19
261 1146 13
1178 1176 -13
1178 1177 -13
1178 1179 19
731 729 8
731 733 8
731 1175 13
731 258 19
525 65 -28
525 976 28
525 526 -28
525 495 28
525 555 8
65 67 -19
65 63 8
65 943 -8
65 64 13
976 93 8
976 974 -28
976 975 -19
526 528 13
526 973 13
526 524 13
526 62 -19
495 496 -28
495 465 28
495 946 19
495 37 -28
555 556 -19
555 585 8
555 94 -8
806 808 19
806 804 -19
806 1250 -28
806 805 19
806 330 8
808 332 -19
808 1252 -8
808 810 -19
808 807 -19
804 803 -8
1250 1280 8
1250 1220 -28
805 333 28
805 776 -19
805 835 -8
805 1253 13
330 1221 -19
233 231 -8
233 235 -8
233 232 28
231 1115 -8
231 698 19
235 1119 8
235 702 -13
235 234 19
235 237 -19
232 203 19
232 260 8
232 703 -28
770 1217 8
770 771 19
1217 1216 8
1217 1215 -28
771 773 28
771 769 8
771 296 -13
333 335 13
333 332 -28
333 1220 8
335 334 13
335 1222 8
335 807 -28
332 303 -28
332 1223 -13
1220 777 8
1220 1221 -8
873 1321 -28
873 843 -8
873 399 8
873 874 19
1321 427 13
1321 1320 -13
843 844 -13
843 1291 19
843 813 -8
843 370 -13
399 398 -8
399 1288 -8
399 397 8
874 876 19
874 872 -19
874 1318 19
527 528 -28
527 67 19
527 497 19
528 64 -13
528 975 28
67 66 13
67 945 -28
497 498 19
497 39 -8
497 467 28
497 948 28
468 466 -28
468 915 19
468 470 8
468 7 -8
468 467 8
466 465 -13
466 464 -19
466 913 28
466 5 8
915 39 -28
915 885 -19
915 945 13
915 916 13
470 472 -13
470 917 -28
470 9 28
7 36 -13
7 8 -13
7 886 8
467 437 -8
467 10 -19
467 918 28
297 773 -19
297 1187 -19
773 772 19
773 1216 28
1187 1189 -28
1187 1186 19
876 1320 19
876 875 28
876 398 -19
1320 1290 19
875 845 13
398 369 -8
398 427 -28
398 1291 -13
369 1261 13
369 846 -19
369 340 -19
369 370 28
427 428 19
1291 1290 -19
1291 1289 13
566 568 -13
566 564 28
566 101 -28
1015 1014 28
1015 1017 8
1015 1013 -19
772 742 19
772 300 -28
742 712 -28
742 273 -28
742 1189 13
300 302 28
300 1186 -19
300 299 -13
304 776 13
304 303 -13
304 306 28
304 302 19
1191 1193 28
1191 1189 -19
1191 744 28
383 857 8
383 381 13
383 382 19
383 385 -28
857 858 -8
857 827 -13
382 353 -8
382 860 8
382 411 -13
385 859 -19
385 384 -8
385 1274 -8
385 387 13
103 568 -28
568 1014 -28
568 570 13
568 567 -8
579 609 28
579 117 28
579 580 -28
579 549 19
609 638 -8
609 146 13
609 610 8
117 997 -13
117 119 -8
117 116 -13
580 115 19
580 1026 -13
549 550 -8
549 519 -19
549 88 8
685 215 -8
685 1131 28
685 683 13
685 684 -13
215 244 -13
215 216 -28
215 1102 -19
1131 1160 -28
1131 1101 19
1131 1132 8
1131 247 -8
683 1129 28
683 681 13
683 682 -13
684 654 -13
684 218 -13
684 714 -13
1176 287 19
1176 728 -8
1176 1174 -8
1176 1175 -28
287 761 28
287 314 19
287 258 28
728 729 -19
728 259 19
728 698 8
728 758 19
1174 286 -8
1174 1173 8
1175 289 28
1175 1204 -8
1175 1146 19
824 822 28
824 823 13
824 347 28
824 826 28
824 1268 -28
822 820 8
822 345 -8
822 821 28
823 793 -19
823 350 -8
823 853 -8
347 318 8
347 1239 -8
826 349 19
826 828 -13
1268 1298 -28
1268 1238 28
1279 1281 19
1279 1277 -13
1279 831 -19
1281 1280 19
1281 388 -8
1281 1283 -28
1277 384 -13
1277 1276 -8
1277 829 -19
318 794 -8
318 319 -19
318 290 13
318 1209 13
1239 791 13
1239 1241 -13
1239 1238 28
172 170 -19
172 1052 -13
635 633 8
635 1081 -28
635 637 8
635 169 8
1242 1212 8
1242 354 -13
1242 1243 19
1212 769 -13
1212 1213 13
1212 1182 28
354 353 -19
354 356 8
354 827 -28
354 352 8
1243 1245 8
1243 1241 8
1243 795 13
1243 351 28
722 255 -13
722 723 28
722 692 -19
722 1170 8
722 752 28
255 254 -8
255 253 -19
255 256 19
723 725 -13
723 252 13
723 1168 -13
692 226 13
692 1141 28
692 662 19
1170 282 19
1170 1172 8
1170 1169 -8
752 283 -28
752 753 13
1245 797 28
1245 353 -19
797 768 13
797 827 -13
353 830 -28
737 736 -13
737 1180 -13
737 735 19
737 264 19
736 267 19
736 766 -19
736 1183 -8
736 706 -28
1180 1181 8
1180 1152 19
1180 1210 13
1180 295 -13
735 262 -19
735 734 -28
735 733 28
264 1153 19
264 292 28
264 265 8
254 282 8
254 1141 -28
254 725 19
282 755 -13
282 283 13
1141 1139 19
1141 1143 -13
725 727 8
725 724 -28
1030 150 19
1030 584 19
1033 149 -28
1033 1032 19
532 534 -28
532 979 19
501 952 28
501 471 -19
501 43 -13
982 99 -28
982 981 -13
561 100 -13
561 591 28
561 1011 -19
400 371 -13
400 1293 -8
371 848 8
371 342 -8
371 1263 -28
1293 1292 -13
534 981 -13
534 533 -28
981 102 -13
981 951 8
981 1010 19
533 503 8
533 563 8
1056 610 19
1056 1085 -8
1056 175 -19
1056 1026 -28
1085 1115 -28
1085 1086 -19
1085 202 -19
175 638 19
175 174 8
1026 1027 19
1026 146 13
1026 997 19
776 1223 28
776 777 -8
1223 1222 19
1223 1221 28
777 779 -13
203 1090 13
203 204 28
203 673 -19
1090 1088 13
1090 1092 13
204 670 -28
204 206 28
204 202 19
204 1087 -19
673 675 -19
673 1119 -19
673 671 28
673 672 -8
339 338 19
339 341 19
339 811 13
338 814 -13
338 367 13
338 1229 13
341 813 8
341 340 19
341 1228 -19
811 841 28
811 1259 8
811 812 -28
474 13 -19
474 472 28
474 921 8
474 476 -19
474 473 28
13 42 -28
13 892 -8
13 14 -8
472 919 -28
472 471 -13
921 45 -28
921 891 -13
921 951 28
921 922 -8
476 923 8
476 15 8
473 16 -13
473 443 -13
473 924 28
473 503 -8
779 778 -28
779 303 13
779 1222 19
778 306 8
778 807 8
778 748 19
303 1193 -19
1222 1192 13
1222 1252 -8
601 1051 13
601 602 8
601 631 8
601 139 28
601 571 -8
1051 167 -28
1051 1050 -19
1051 1049 28
1051 1053 -28
602 1048 -8
602 136 8
602 604 28
602 600 -13
631 168 -19
631 660 8
631 1080 28
139 137 28
139 1018 -13
139 138 13
139 141 13
571 1021 28
571 572 19
571 110 -28
571 541 -13
1298 1299 13
1298 408 19
1299 1297 13
1299 405 28
408 407 8
1193 1192 -28
1193 1195 -8
789 790 13
789 317 13
790 314 28
790 1234 13
790 788 8
317 1204 -13
317 319 8
317 316 19
317 315 -13
896 894 19
896 445 -28
16 15 -13
16 14 -19
16 891 -8
15 894 8
15 44 -28
14 471 8
14 12 -19
14 889 13
891 444 28
891 892 -13
1168 1169 8
1168 283 -28
753 755 8
753 751 -28
306 1192 -28
306 305 19
305 278 -13
305 1195 -28
305 334 28
845 846 28
845 815 -13
846 1290 -8
846 844 -19
815 816 19
586 120 8
586 584 8
586 585 -8
586 1032 19
120 91 13
120 121 -28
120 149 8
585 123 8
585 615 19
1032 1062 13
1032 152 28
1032 1002 -19
91 556 19
91 974 19
91 62 13
121 123 28
121 119 19
149 150 28
149 616 -28
900 449 -8
900 902 13
900 21 13
900 899 13
897 927 -19
897 450 -19
1198 1228 -19
1198 755 8
691 221 19
691 690 8
691 689 19
221 1108 -8
221 250 -28
221 222 -13
221 192 8
690 660 28
690 224 -19
690 1139 -8
690 720 19
689 1135 19
689 688 -8
100 99 -19
100 102 8
100 979 -28
99 564 13
102 563 13
102 101 13
979 1008 -19
830 828 28
830 1274 -8
830 829 13
122 151 -8
122 93 -28
122 123 19
151 618 28
151 152 -13
93 558 13
93 94 28
93 64 13
123 1002 -13
66 948 -28
66 38 -13
945 498 19
945 946 -8
945 975 8
168 166 8
168 170 28
168 167 19
168 1048 13
166 629 28
166 165 -8
166 164 -28
166 1046 13
170 1050 -19
170 632 13
170 169 -19
167 633 13
167 194 -19
167 138 19
1048 1049 19
1048 1018 -19
1186 1158 8
1186 1216 -28
449 450 -19
449 479 -13
450 452 -8
479 480 -19
479 930 19
479 509 28
952 951 -13
951 504 8
1262 1232 19
1262 373 -28
1262 1263 -8
1262 1292 8
1232 1233 8
1232 1202 13
1232 788 -13
1292 848 8
638 1088 28
1088 1086 -13
1088 201 -13
1088 1087 13
174 145 13
174 201 8
145 146 8
145 116 8
201 671 -13
201 202 19
412 411 19
412 414 19
858 860 -28
987 988 -28
987 957 8
987 1016 -8
987 108 13
539 509 8
539 569 -8
539 990 -28
1062 616 28
616 618 -8
616 615 -28
1002 556 8
1002 973 19
796 1240 19
796 320 8
796 795 -13
796 794 13
1240 1241 -19
1240 352 19
1240 1210 -28
320 1211 -28
320 349 28
320 321 8
320 292 28
795 323 -8
795 766 -13
794 793 -13
794 1238 8
480 927 -28
480 482 -19
927 957 8
927 51 -8
927 928 -19
482 21 19
482 929 -8
482 481 -13
607 577 -8
607 636 8
607 608 -8
577 578 19
577 547 19
636 666 28
636 637 8
608 142 -28
608 1054 8
48 928 -28
48 510 -8
902 23 -19
902 451 -8
23 52 13
23 24 13
451 452 -19
451 481 8
42 922 -8
42 504 8
42 43 -19
922 471 -28
922 924 -13
504 503 -19
43 45 13
43 919 8
1108 1106 -28
1108 658 -28
1108 1110 -8
1108 1107 8
1106 1104 -28
1106 656 -13
1106 1105 -13
658 688 -28
658 629 19
658 659 -8
658 193 -13
1110 660 -13
1110 1112 -28
1110 1109 -8
1110 223 -8
1107 224 13
1107 1077 -19
1107 661 13
1304 1274 -28
1304 414 -28
1304 860 19
414 413 19
414 416 13
860 859 -28
860 862 -8
21 50 -28
24 899 13
24 26 8
24 481 28
228 226 13
228 1111 8
724 1172 8
724 256 13
1143 1142 -19
155 622 19
155 156 28
155 1039 28
322 351 13
322 323 13
322 294 8
322 1213 28
351 352 -19
351 828 28
323 1210 -28
323 321 -13
294 266 13
294 769 -28
294 1183 13
294 295 28
1213 1211 -19
1213 766 19
1213 1215 -13
267 266 28
267 269 8
267 265 8
267 1152 13
266 1155 -13
266 238 13
269 738 -8
269 1154 13
269 271 -8
265 734 -8
265 1150 8
265 263 -19
1152 707 8
1152 1123 -19
1152 1153 -8
25 54 -8
25 26 -13
25 486 -28
903 933 8
903 456 28
696 666 -13
696 726 -13
1142 1113 -28
1142 1171 19
1157 1155 -28
1157 708 -8
1161 712 -13
1161 1160 28
1161 272 8
1158 273 -8
1158 1129 -8
388 866 13
388 417 -13
388 389 -28
1284 395 -8
1284 1314 -13
1284 1285 13
1284 840 -8
395 869 28
395 393 19
395 397 -28
1314 1315 -19
1314 870 19
1285 392 13
1285 837 28
1285 1287 28
1285 1283 -28
840 839 28
840 842 19
840 363 19
840 838 13
660 195 -28
660 661 28
195 1077 -8
195 194 28
195 193 -8
195 197 -8
661 192 28
661 663 -8
661 659 13
849 1297 -19
72 101 8
72 44 -8
343 1235 -19
343 820 8
343 314 19
821 791 -13
428 1318 28
751 750 28
751 278 19
748 279 -19
748 1195 -8
960 78 28
960 509 -13
960 959 -8
960 962 28
957 510 28
1083 1054 -13
1083 1113 19
1083 637 28
1054 1024 -13
446 445 -28
446 444 -13
446 893 8
444 442 -8
444 443 19
893 894 -19
893 923 19
615 152 -8
674 675 -28
674 704 13
674 1124 -8
712 245 13
712 682 19
245 1129 13
245 244 -13
245 247 8
682 652 19
682 216 -28
682 1132 8
1211 764 19
1211 1210 -13
1211 1209 13
764 734 8
764 793 -8
764 293 -19
764 765 -28
1210 767 -13
1209 1208 28
1209 1207 -28
1209 762 19
1024 578 13
1024 1025 -28
1024 995 -13
578 576 13
578 113 -8
1025 142 19
1025 1023 -28
995 996 8
995 965 8
995 548 19
1011 1010 -13
1011 1013 13
1008 1038 28
224 223 -19
224 222 19
224 226 19
223 252 -13
223 194 -8
222 220 8
222 688 -19
222 1105 28
226 1109 -19
1135 1105 28
1135 251 -8
1105 659 13
251 250 -8
251 253 19
498 496 19
498 36 28
496 494 28
496 34 -19
496 943 8
36 64 8
36 37 -13
36 916 -19
1246 1276 8
1246 1216 -28
355 384 -8
355 356 28
1112 662 28
1112 1111 19
39 37 8
39 38 -19
37 35 -19
37 913 -19
38 9 -19
38 918 28
869 870 -13
869 839 28
870 392 -28
870 872 8
870 868 13
839 809 8
839 1287 -19
839 366 -8
273 271 -28
273 272 8
272 244 28
272 299 8
872 871 -13
872 1316 -28
1287 1286 -13
1287 1289 28
365 366 28
365 1257 -28
365 842 -28
463 433 -13
463 464 -28
463 914 13
463 493 19
463 6 19
433 434 19
433 884 19
464 3 -13
464 911 -13
914 34 -8
914 916 8
914 913 28
914 912 -28
493 494 19
493 35 -19
493 944 -28
6 8 -28
6 5 8
6 4 -8
6 881 -13
1290 1260 13
1260 1261 -28
1260 1230 28
1260 816 8
552 87 -8
552 550 -28
87 116 19
87 59 -28
87 88 8
87 970 13
550 997 -19
550 86 28
378 349 28
378 407 -28
827 828 8
81 83 13
81 541 -8
81 959 8
78 50 -28
78 107 8
974 973 8
974 972 19
975 96 8
820 1264 -19
346 345 8
346 1234 19
964 513 -19
964 82 -13
964 963 8
964 966 8
964 962 -8
513 514 13
82 54 -8
82 111 28
82 83 -19
963 516 -13
963 85 -28
963 993 -13
963 933 13
966 84 -13
966 515 28
966 965 -8
962 511 8
452 899 -8
899 929 13
688 1138 -19
1215 768 28
250 278 8
250 1138 -13
278 279 8
1138 1139 13
732 733 28
732 702 13
732 263 28
732 762 -8
732 1179 -8
733 260 -8
733 1177 -19
702 1151 -8
702 672 28
702 703 -13
263 262 28
263 1148 8
762 791 -28
762 763 -19
762 291 -13
1179 290 -8
1179 1181 13
1111 1081 13
503 45 -13
1252 1282 -8
1252 1253 -19
1252 364 -8
810 809 28
810 334 -13
810 812 -13
807 837 -19
807 1255 28
437 438 -28
437 888 -19
10 9 -13
10 8 -13
10 885 -8
10 12 -13
918 917 -8
918 916 13
45 44 13
44 924 13
334 363 28
917 887 8
9 888 19
888 886 8
888 890 -28
888 887 -13
1264 1234 -13
279 277 -13
930 929 -8
930 50 8
930 928 19
929 53 -13
929 959 -28
50 512 -28
50 51 -13
576 111 -8
576 574 -13
576 1022 13
111 112 -8
111 140 19
111 994 -8
574 572 13
574 1020 -28
574 573 13
574 109 8
1022 1052 -13
1022 993 -8
1022 1023 -19
892 894 13
892 441 13
892 890 8
654 1104 -8
654 189 -19
654 655 13
654 625 -13
218 220 28
218 216 13
218 1101 -28
218 217 19
714 715 -28
714 247 19
714 744 19
894 443 28
96 94 19
94 973 19
656 627 28
656 191 -28
656 657 8
628 626 13
628 1074 -19
628 627 -19
628 161 -28
628 630 -19
626 625 13
626 159 -13
1074 1044 -19
1074 191 19
627 597 -28
627 1076 8
627 164 -28
161 188 -8
161 1045 28
161 162 28
630 629 13
630 163 19
356 829 28
766 767 19
766 295 -28
1183 1182 13
1183 1181 -28
706 1155 -19
706 707 -8
706 239 28
706 676 28
1221 774 19
738 768 -28
738 708 28
768 769 -13
708 709 28
708 678 -13
708 241 -13
563 593 -28
563 1013 -28
563 564 -13
997 967 -8
967 968 8
967 520 -13
967 937 -19
967 88 -13
1139 252 8
923 924 -28
969 522 -19
969 90 -19
969 970 -28
1104 217 19
1104 1102 8
217 188 -13
1102 1100 19
1102 652 8
1102 1101 8
791 319 -28
319 321 -28
936 935 28
936 485 -8
936 934 -13
935 905 8
935 965 13
485 455 28
485 486 8
485 515 19
934 54 13
934 933 8
1228 1258 -13
1228 1229 8
755 757 -13
720 750 19
720 1169 -28
720 253 -19
29 908 -8
29 58 -19
29 490 13
29 0 -19
908 907 8
58 86 -28
58 520 28
58 938 -8
490 489 19
490 937 8
490 492 8
0 460 -8
0 878 -8
290 262 8
290 291 -13
290 765 28
101 130 19
1080 1082 -19
1080 194 8
1080 1079 -8
1080 1078 -13
1155 1154 28
1155 1153 -19
1154 1182 -28
1154 1125 -8
1154 709 -13
1153 1151 -13
1153 704 -19
262 1151 19
262 234 -8
1151 1150 -28
1151 1149 -28
234 705 19
234 205 28
234 1122 13
988 990 28
988 105 -13
990 989 19
990 107 -8
990 992 -8
105 570 13
105 134 8
105 106 -13
948 946 28
633 1079 -13
633 632 8
1079 1050 28
1079 1109 28
1079 197 19
632 1082 -19
632 603 -13
632 662 19
1053 169 28
1053 1052 8
1053 603 -13
194 663 -13
138 109 -8
138 1021 -28
138 604 28
1050 604 19
1050 1020 -13
169 140 19
169 196 -8
744 774 -19
1234 1235 -28
1234 1204 -8
442 441 19
442 889 -8
442 440 8
441 471 -8
889 919 -13
889 890 19
440 439 -28
440 887 8
440 438 19
1207 316 28
1207 1205 -13
763 761 8
763 288 8
763 765 -13
1177 1148 -28
1177 291 13
1077 1078 -13
494 32 -28
494 492 13
494 941 13
32 3 -28
32 912 -8
492 30 -13
492 491 -13
941 971 -8
941 942 13
941 63 8
941 911 8
1109 663 -8
302 774 28
774 803 -8
35 911 -8
35 34 19
911 881 -13
911 912 -19
34 5 8
34 62 8
238 709 28
238 209 8
238 1126 8
238 239 13
933 486 -8
933 57 -8
456 455 -8
456 458 -19
943 973 28
943 944 -13
943 913 -8
844 842 13
844 367 -28
844 1288 -28
842 1286 -8
842 841 -8
367 368 13
367 1259 19
1288 1318 8
1288 1289 28
1288 1258 8
1129 1099 -19
1160 715 19
1286 397 -19
1286 1316 8
1286 1256 13
397 871 13
1256 1257 -19
1256 368 13
1256 812 28
510 512 13
510 509 19
345 316 13
86 968 -19
86 115 -28
968 970 28
420 418 13
420 1310 19
420 419 -28
420 422 8
418 417 -28
418 416 -8
1310 866 -19
1310 1280 -8
419 1313 -19
419 390 -8
422 1312 13
422 421 28
971 524 -28
971 972 19
524 522 28
972 521 19
972 89 8
972 970 28
769 767 -13
252 253 28
707 709 -13
707 705 8
705 1150 -19
705 704 8
705 703 -19
140 141 -28
140 1023 -19
1052 1081 8
604 603 -8
871 841 19
841 1289 -28
841 368 -8
142 113 8
141 603 8
141 1020 13
465 8 8
465 916 19
465 435 19
8 883 -19
435 886 -19
435 436 -13
89 90 8
556 558 -8
761 759 8
761 1204 19
759 286 -13
759 758 19
1204 1205 19
30 1 -8
30 59 -19
30 31 19
912 461 13
459 489 -28
459 460 28
459 2 -8
459 429 13
62 63 -28
62 944 13
1082 1081 28
1082 196 19
196 197 -13
1044 598 28
1044 1014 -19
1044 164 -8
1044 1045 28
598 597 -8
598 596 -19
598 600 -13
164 163 -8
164 162 -19
1045 1043 19
1045 1047 28
240 211 -13
240 1128 -8
240 241 -8
734 704 19
734 1181 -19
704 237 28
1181 292 -28
241 1125 -13
241 239 -13
1127 681 28
1127 1097 28
1127 1128 13
1233 342 19
1233 1235 13
342 313 19
431 432 -13
431 461 -8
431 882 28
432 434 8
432 430 -8
461 491 28
461 4 -8
882 881 -28
882 884 -8
882 880 19
882 3 -13
1132 244 -19
12 887 8
439 890 19
545 85 -13
545 515 19
545 996 -19
114 113 13
114 112 -13
114 993 -19
522 520 8
522 59 28
522 521 19
520 519 -13
59 940 28
59 60 28
521 61 -28
521 491 -8
481 511 -8
52 514 13
52 53 13
113 996 8
113 84 -13
996 994 28
84 85 13
84 548 -28
767 292 -8
767 765 28
292 293 -13
765 1208 8
663 662 19
597 567 -8
597 1047 -13
1076 190 19
1076 1078 -28
197 662 13
629 599 19
629 1078 13
163 1047 -19
163 134 -13
163 190 19
1189 299 19
1150 1121 -28
1121 675 -13
1121 1122 19
1121 237 19
1047 1049 -13
1047 1046 -13
134 600 -8
134 1017 -28
190 659 28
190 191 -13
313 1203 8
313 788 13
313 286 -13
1227 780 8
1227 1229 13
1020 1021 -28
1241 793 -28
1241 349 13
1238 350 -19
1238 1208 -28
729 257 -13
729 1173 13
258 259 28
258 1147 -13
438 436 -13
438 885 28
1202 315 13
1202 1173 28
1202 1203 13
315 314 19
1173 1144 -8
1203 1205 13
657 188 13
657 655 -8
657 659 28
64 946 -19
489 31 28
489 940 -19
489 519 13
31 907 8
940 942 -13
940 938 -8
519 970 -28
519 60 13
793 321 -28
321 1208 19
625 162 13
596 1042 -13
596 594 -8
596 130 19
1 2 8
1 880 8
363 1255 8
363 392 -19
363 364 13
838 837 -8
838 1282 28
838 361 -8
349 350 19
1125 679 13
1125 1126 -19
106 567 13
106 108 -28
603 573 19
885 886 -28
1261 813 13
1261 1259 19
813 814 8
813 784 -13
1259 1257 -28
1259 1258 -13
350 352 13
937 907 28
937 938 -8
937 60 -28
88 90 19
416 1306 -28
946 944 -13
944 942 28
511 53 -13
511 541 -28
511 512 -28
53 51 28
541 992 -19
512 959 28
512 514 -19
1315 421 8
1315 1313 19
1315 867 -28
5 884 13
192 165 -28
192 1078 -13
192 193 28
136 165 -19
136 137 -19
136 1019 13
136 107 8
600 599 13
600 1046 -13
1123 239 13
1123 1093 13
1123 1124 19
239 237 19
1093 210 -19
1124 1122 13
1124 1126 -28
314 1205 28
137 599 -8
137 1016 -28
1018 572 13
1018 989 -28
1018 1019 -8
316 288 28
1313 865 -19
1313 1312 -8
390 868 19
390 361 -28
390 391 -19
390 1283 19
189 188 -13
189 187 -28
189 191 -13
655 1101 -28
655 653 28
1312 868 13
1312 1282 -19
421 392 8
517 547 28
517 487 19
517 518 8
547 548 -8
487 457 13
518 965 -19
518 516 -8
676 210 28
676 646 -19
676 1126 8
613 150 -13
209 210 -19
209 1096 13
209 679 19
1126 1128 13
1099 1100 -19
1099 216 -8
1099 653 13
1099 1070 8
289 288 8
289 291 -28
288 260 -28
260 1149 -28
866 868 19
866 864 -28
866 865 -13
868 867 8
864 862 28
864 863 19
865 835 8
865 391 8
51 509 -28
392 393 -8
837 867 -28
837 364 -8
1283 835 19
1283 1282 13
295 293 8
675 205 13
205 206 8
205 1092 -28
162 160 -13
162 1042 19
715 244 -13
1023 1021 8
1023 573 28
434 881 -13
434 436 19
884 883 -19
884 886 -8
61 63 19
61 60 -28
491 942 -19
393 1282 13
393 867 -28
393 391 -28
3 4 19
591 621 28
621 650 -13
621 622 -8
4 2 -8
599 1049 -8
599 569 13
1149 1148 13
1149 1147 -28
165 1049 28
681 679 -28
681 211 -28
679 678 28
211 212 19
211 1098 -8
1119 1148 8
1148 703 13
809 780 13
809 1257 13
366 368 28
366 364 28
567 1017 28
368 370 13
1230 1231 8
1230 786 -8
816 340 8
816 814 -19
1147 1145 -28
1147 698 19
1147 1146 8
757 756 8
757 284 13
650 1100 -28
1100 1098 -28
191 193 -8
672 206 -8
672 1122 -19
703 701 19
214 216 28
214 212 -28
214 1097 28
212 210 -8
212 678 28
1097 1098 -8
1097 1068 -28
109 110 13
109 992 -19
1021 1019 8
573 112 -8
859 829 -19
384 862 19
384 413 13
862 1306 -8
1280 391 -8
391 389 19
1019 1017 -19
1019 569 -19
678 1128 -13
1205 758 28
814 812 19
814 1258 19
784 1231 -8
340 1231 19
1231 1229 28
291 293 -13
460 907 28
907 877 13
361 1253 28
883 436 19
883 913 -28
618 620 -28
620 622 8
620 619 -8
257 1145 -19
257 229 -19
257 286 -19
593 1043 -13
593 594 -8
1043 1042 -13
1043 159 -8
594 1040 28
1096 646 8
1096 1098 -28
572 570 -8
572 107 -8
570 1016 -19
570 569 -13
107 108 28
1145 1144 -13
1144 259 13
1144 1115 19
1144 699 -28
1070 1040 -13
1070 187 8
622 1068 13
750 780 19
160 159 -13
160 1040 -8
159 130 13
1040 1010 -8
1046 1016 -19
430 877 13
430 429 19
457 458 -19
569 108 -8
112 110 8
993 994 8
285 284 13
285 283 -13
1276 1306 -8
1276 387 -28
387 389 -19
652 187 28
652 653 8
756 726 -28
726 727 19
1255 1253 -19
1255 1257 19
1016 1017 13
130 1013 -8
1171 1172 28
1171 727 -13
1172 284 -13
863 389 -8
877 878 8
877 2 13
878 880 -13
959 989 -13
514 516 8
429 880 -28
1258 370 8
989 110 -8
110 108 19
587 1037 -8
619 156 19
1037 1039 -19
698 699 -13
516 515 -19
516 54 8
1010 564 -19
992 994 -8
1115 669 19
699 701 19
699 229 28
1146 701 19
1038 1068 28
1038 1039 19
670 671 -19
150 152 19
515 57 -28
85 83 19
671 669 19
905 458 -8
