1249 1248 -19
1249 357 -13
1249 1247 8
1249 1251 -28
1249 801 19
1248 360 13
1248 1218 13
1248 1278 -28
1248 804 -28
357 834 -13
357 386 13
357 328 -8
357 358 19
1247 1245 -13
1247 355 28
1247 799 8
1247 1246 8
1251 359 28
1251 803 28
1251 1253 -13
1251 1250 28
801 772 13
801 802 -13
801 329 28
801 831 8
157 1041 19
157 184 -8
157 624 19
157 158 -8
157 128 8
1041 591 8
1041 1040 8
1041 1043 -8
1041 1039 28
184 213 -13
184 185 8
184 653 -13
184 1071 -19
624 626 -28
624 623 19
624 1070 -8
624 622 -19
158 160 8
158 621 -19
158 156 19
158 1038 -19
128 129 28
128 594 19
128 1011 -13
128 99 13
741 268 13
741 739 -19
741 740 -19
741 743 -13
741 1184 8
268 269 8
268 240 8
268 1157 -19
268 296 19
739 737 19
739 738 28
739 266 -19
739 1182 -19
740 710 -8
740 770 -13
740 1187 13
740 271 -28
743 270 8
743 745 8
743 1186 -8
743 742 19
1184 298 -28
1184 1156 13
1184 1214 -8
1184 1185 -28
447 448 -19
447 477 -28
447 898 -28
448 895 28
448 446 8
448 450 13
477 20 -8
477 928 -8
477 507 28
477 478 -8
898 896 -19
898 19 -19
898 900 -28
898 897 13
401 402 8
401 372 28
401 1295 -13
402 404 -13
402 1292 -8
372 850 19
372 343 8
372 1265 -8
372 373 -19
1295 1294 8
1295 1297 19
1295 1293 28
1295 847 8
404 406 -28
404 1294 28
404 403 -28
406 408 -28
406 1296 8
406 405 28
1294 850 -19
1294 1264 28
403 1297 19
403 374 -8
535 505 -28
535 986 19
535 536 28
535 565 28
535 75 28
505 956 -13
505 475 19
505 506 -28
505 47 -13
986 103 13
986 988 -13
986 984 8
986 985 8
536 538 -8
536 983 13
536 534 -28
536 72 -28
565 566 -19
565 1015 28
565 595 19
565 104 -28
75 77 -13
75 73 8
75 953 -13
75 74 -19
1061 611 28
1061 1059 -8
1061 1060 13
1061 1063 -8
611 640 19
611 581 -13
611 612 8
611 148 19
1059 174 -19
1059 1058 -8
1059 1057 -13
1059 609 28
1060 178 13
1060 614 8
1060 1030 -13
1060 1089 -8
1063 1062 19
1063 177 19
1063 1065 -19
1063 613 19
173 144 -13
173 639 13
173 1057 8
173 200 19
144 1027 28
144 115 8
144 610 -8
639 638 -19
639 1085 -28
639 641 -19
1057 1056 28
200 229 -8
200 669 8
200 1086 19
1300 856 8
1300 410 13
1300 1270 -13
1300 1301 8
856 855 8
856 858 19
856 378 -19
856 854 -8
410 408 19
410 412 -28
410 409 -8
1270 1240 -13
1270 826 8
1270 1271 28
1270 381 -28
1301 1303 -8
1301 1299 -28
1301 407 -8
1301 853 -28
27 488 -28
27 906 -28
27 56 -13
27 28 -28
488 487 -28
488 486 -19
488 935 -13
906 904 -13
906 455 19
906 905 -19
56 936 28
56 518 13
56 57 28
56 84 13
28 903 28
28 485 -8
28 26 -13
538 74 -13
538 985 19
538 537 19
538 540 -13
74 956 13
74 46 -13
985 955 28
985 1014 -28
985 106 13
537 77 -8
537 988 19
537 507 8
537 567 19
540 987 -28
540 539 -28
540 76 -28
540 542 -13
499 41 -13
499 950 19
499 529 13
499 500 13
499 469 -13
41 40 13
41 39 28
41 43 -28
41 917 13
950 952 -28
950 68 19
950 949 -28
950 948 28
529 559 8
529 980 19
529 530 -8
529 69 -28
500 498 -13
500 947 28
500 38 8
500 502 -13
469 470 -28
469 12 13
469 439 8
469 920 19
1001 999 -8
1001 118 -8
1001 1000 -8
1001 1003 -13
1001 551 8
999 998 8
999 549 -13
999 116 19
118 147 -28
118 89 -13
118 119 -8
118 584 8
1000 971 13
1000 554 19
1000 1030 -13
1000 121 -19
1003 553 28
1003 120 13
1003 1002 -28
1003 1005 -19
551 552 28
551 521 19
551 581 13
551 90 8
1303 409 -19
1303 1302 -28
1303 1305 -28
1303 855 -19
409 380 -8
1302 412 -13
1302 858 -28
1302 1272 13
1305 1304 -28
1305 1307 -19
1305 857 -19
1305 411 -13
855 381 -13
855 825 -13
207 677 28
207 236 -13
207 208 -19
207 1094 -28
207 179 -19
677 1123 8
677 675 -19
677 676 28
677 679 -28
236 707 -8
236 264 13
236 1124 -19
236 237 -28
208 674 19
208 210 13
208 206 -8
208 1091 28
1094 644 8
1094 1096 -8
1094 1092 -19
1094 1093 13
179 647 -8
179 151 8
179 1065 28
783 1226 -19
783 785 19
783 782 19
783 781 28
783 307 -13
1226 339 19
1226 1196 13
1226 1227 -13
1226 1256 28
785 309 -13
785 1228 -8
785 786 19
785 784 28
782 310 19
782 752 -28
782 811 -8
782 1229 -8
781 1224 19
781 779 19
781 305 -19
781 780 -19
307 308 13
307 336 -8
307 280 -19
307 1197 19
605 634 -13
605 575 13
605 1055 19
605 143 -13
605 606 -19
634 664 13
634 172 -28
634 635 19
634 1084 28
575 576 13
575 545 -28
575 114 8
575 1025 19
1055 1053 28
1055 171 -13
1055 1054 -8
143 142 13
143 141 13
143 1022 19
606 140 8
606 1052 28
606 604 28
606 608 8
1201 754 -19
1201 1200 8
1201 1199 -28
1201 311 8
754 755 13
754 784 8
754 724 -8
754 285 -8
1200 1171 28
1200 1230 -8
1200 757 -28
1199 752 -8
1199 1197 8
1199 1198 -28
1199 309 -13
311 340 -19
311 786 -19
311 312 8
311 284 -13
308 310 -28
308 306 13
308 780 -28
308 1194 -28
336 365 -13
336 337 13
336 812 -13
336 1227 -28
280 1169 -13
280 252 13
280 281 19
280 753 13
1197 1196 8
1197 1195 -8
1197 750 8
40 920 19
40 11 28
40 502 -19
40 68 19
920 919 13
920 922 8
920 918 -8
11 12 13
11 890 13
11 472 -19
502 504 -8
502 949 -19
502 501 -19
68 97 -13
68 69 28
68 532 19
20 18 -28
20 895 8
20 22 -19
20 19 19
18 16 -13
18 475 19
18 893 -13
18 17 8
895 925 13
895 896 28
22 479 -8
22 21 8
22 897 -19
22 24 28
19 480 28
19 48 -19
310 309 -8
310 312 28
310 1196 -13
309 282 19
309 338 -19
312 1198 -13
312 784 8
1196 1168 28
1196 753 19
274 1163 8
274 747 19
274 275 -13
274 246 -13
274 301 -19
1163 1165 19
1163 1161 -19
1163 714 8
1163 1162 -8
747 749 -13
747 1190 19
747 746 -8
747 745 28
275 273 13
275 744 28
275 277 -28
275 1160 -28
246 1134 -13
246 717 28
246 247 -19
246 217 -8
301 302 -13
301 1191 19
301 330 -19
301 777 -8
590 592 -13
590 589 28
590 588 8
590 124 28
590 1036 28
592 126 -8
592 591 -28
592 594 13
592 1038 19
589 127 -19
589 559 19
589 619 -19
589 1039 -19
588 1034 -8
588 586 -28
588 122 19
588 587 8
124 1007 -8
124 95 8
124 153 -13
124 125 -13
1036 1037 19
1036 1066 13
1036 1006 -19
1036 156 -19
1007 1005 8
1007 1009 13
1007 1006 13
1007 557 13
95 96 -13
95 66 28
95 978 8
95 560 -8
153 620 13
153 1037 19
153 154 -28
153 180 13
125 127 -28
125 123 19
125 587 -8
125 1004 -8
925 478 19
925 955 -28
925 926 19
925 49 19
478 480 13
478 476 28
478 17 13
955 956 -19
955 77 13
955 508 8
926 46 13
926 924 8
926 475 -28
926 928 -28
49 47 19
49 507 -19
49 48 -8
49 51 -8
1166 1194 -8
1166 1167 19
1166 1137 -8
1166 281 -13
1166 721 -8
1194 1224 13
1194 1195 28
1194 751 28
1167 1165 28
1167 718 -19
1167 1169 -19
1167 278 8
1137 691 8
1137 1138 8
1137 1107 -8
1137 253 13
281 279 19
281 750 28
281 283 13
721 719 19
721 250 -8
721 720 19
721 723 19
553 92 8
553 583 28
553 554 -28
553 523 -19
92 971 -28
92 91 -19
92 94 19
92 90 -19
583 613 -19
583 584 28
583 1033 8
583 121 -19
554 552 28
554 89 8
554 556 -28
523 524 -19
523 63 28
523 493 13
523 974 -8
695 697 8
695 693 19
695 694 -28
695 225 13
695 1140 -19
697 696 28
697 1142 8
697 227 19
693 691 28
693 223 -13
693 692 -19
694 664 13
694 228 -28
694 724 13
694 1143 28
225 254 8
225 226 -8
225 1112 -28
225 196 -19
1140 1141 -13
1140 1111 19
1140 256 -13
834 833 -19
834 1278 19
834 832 -19
834 836 -19
833 360 19
833 803 -8
833 863 8
833 1281 -13
1278 1279 -19
1278 1308 13
1278 389 13
832 831 -13
832 1276 19
832 830 19
832 355 19
836 359 13
836 835 13
836 1280 -13
836 838 -19
127 126 -28
127 1006 -8
127 129 -13
126 97 19
126 155 19
126 1009 -8
1006 977 -19
1006 560 19
129 591 -28
129 1008 28
129 131 19
386 1279 -28
386 415 -19
386 864 8
386 387 13
328 329 -8
328 1219 -8
328 299 -8
328 804 13
358 360 -13
358 831 -13
358 356 -28
358 1246 19
423 394 -8
423 424 28
423 1317 -8
394 872 -13
394 1287 -19
394 365 19
394 395 -19
424 426 -19
424 1314 -19
424 422 28
1317 869 -13
1317 1316 -19
1317 1315 -13
1317 1319 28
360 359 19
360 362 19
359 388 -8
359 330 -19
362 835 -13
362 361 13
362 1250 -28
362 364 28
909 33 -13
909 910 8
909 939 28
909 462 28
909 879 -28
33 35 28
33 491 13
33 32 -8
33 31 19
910 30 -28
910 908 28
910 912 19
910 459 -13
939 969 13
939 492 19
939 61 8
939 940 19
462 464 -28
462 460 -13
462 461 -28
462 1 19
879 432 -8
879 880 28
879 4 -8
1267 374 28
1267 1266 -28
1267 1269 8
1267 819 -13
1267 1265 -28
374 852 13
374 345 28
374 375 8
1266 377 13
1266 1236 13
1266 822 -8
1266 1296 13
1269 376 13
1269 1271 -13
1269 1268 -19
1269 821 8
819 789 -13
819 820 19
819 346 13
819 849 8
1265 817 -13
1265 1264 8
1265 1263 -8
71 69 19
71 73 19
71 531 -13
71 70 28
71 949 -13
69 67 -28
69 947 -28
73 72 8
73 533 8
73 951 28
531 532 19
531 501 19
531 982 -28
531 561 19
70 534 28
70 952 -8
70 42 -19
70 99 8
949 919 13
949 979 -28
977 98 -8
977 947 13
977 978 13
977 530 -8
98 559 19
98 97 13
98 100 -28
98 96 -28
947 917 19
947 948 -8
978 527 -13
978 976 28
978 980 -28
530 66 -8
530 528 13
530 532 13
643 641 -19
643 645 -8
643 1089 13
643 642 8
641 174 8
641 640 13
641 1087 28
645 644 8
645 647 -19
645 1091 8
645 177 19
1089 1119 19
1089 1090 -8
1089 206 19
642 178 -13
642 613 -8
642 1092 19
642 672 13
425 396 19
425 1319 19
425 426 -13
396 367 28
396 1289 19
396 874 8
396 397 8
1319 871 -8
1319 1321 -8
1319 1318 -8
426 428 -28
426 1316 -13
749 1192 -8
749 751 19
749 276 -19
749 748 -28
1190 304 8
1190 1162 8
1190 1220 -28
1190 1191 8
746 716 13
746 776 19
746 1193 -19
746 277 -28
745 272 -19
745 1188 -8
745 744 13
453 483 8
453 904 13
453 454 13
483 513 28
483 484 13
483 26 -28
483 934 -28
904 902 -19
904 25 -8
904 903 -13
454 452 8
454 901 -13
454 456 28
956 958 -28
956 954 -28
958 507 -19
958 76 13
958 960 -28
958 957 -13
954 952 -28
954 72 -19
954 953 -28
954 503 -19
1218 331 28
1218 1219 -13
1218 1188 13
1218 775 -13
331 333 -28
331 329 8
331 803 8
331 330 13
1219 772 8
1219 1217 -8
1219 1221 28
1188 302 -28
1188 1189 19
1188 1160 13
775 773 28
775 299 28
775 777 13
775 774 8
178 176 -28
178 177 19
176 1058 28
176 175 19
176 640 19
177 205 19
177 149 -19
710 243 8
710 1159 13
710 711 13
710 680 -8
243 242 -13
243 245 -28
243 241 -13
243 1127 19
1159 270 -19
1159 1157 -28
1159 1161 -13
1159 1158 8
711 713 8
711 1156 -8
711 709 -28
711 240 13
680 681 8
680 650 28
680 214 13
680 1130 8
644 615 -13
644 674 19
647 649 8
647 1093 -13
647 646 -13
1091 1062 -28
1091 1121 -19
1091 1092 -8
1067 1066 -13
1067 617 -28
1067 1065 -19
1067 1069 28
1067 180 13
1066 183 8
1066 620 -19
1066 1095 -13
617 618 28
617 154 19
617 587 8
617 646 -28
1065 615 -8
1065 1064 13
1069 619 28
1069 1071 -19
1069 182 28
1069 1068 8
180 649 -19
180 209 8
180 181 -8
1028 1058 8
1028 582 -28
1028 998 8
1028 148 28
1028 1029 8
1058 612 19
1058 1087 8
582 580 13
582 116 19
582 581 -28
582 584 19
998 552 13
998 119 13
998 969 -19
148 147 19
148 146 28
148 150 -13
1029 579 19
1029 1031 -28
1029 1027 8
1029 145 -8
242 1130 19
242 213 19
242 713 8
242 270 28
1130 1129 -8
1130 1132 19
1130 1128 -8
213 214 -8
213 683 -19
213 1100 19
713 712 8
713 1158 -8
713 715 19
270 297 8
270 271 -28
544 991 -8
544 542 -8
544 80 -13
544 546 -8
544 543 -13
991 1020 28
991 992 -19
991 112 -19
991 961 -8
542 989 19
542 78 -19
542 541 -28
80 52 19
80 109 8
80 81 -13
80 962 19
546 82 8
546 548 -28
546 545 8
546 993 13
543 513 13
543 573 19
543 83 -13
543 994 -8
475 476 -8
475 445 13
506 504 28
506 953 28
506 508 8
506 44 -13
47 46 -19
47 45 -28
47 923 13
1005 122 28
1005 1004 8
1005 555 13
1009 559 19
1009 1011 -28
1009 1008 -28
557 527 -8
557 96 28
557 587 -19
557 558 28
1309 415 -28
1309 1311 -8
1309 861 -28
1309 1307 -28
1309 1308 8
415 416 13
1311 417 28
1311 1310 -8
1311 863 -28
1311 1313 -28
861 831 -19
861 387 28
861 862 13
1307 859 -28
1307 413 28
1307 1306 13
1308 864 -28
1308 418 -28
1133 1162 8
1133 687 -13
1133 1134 28
1133 249 28
1133 1103 -19
1162 277 28
1162 717 13
687 685 13
687 686 -13
687 689 19
687 217 8
1134 684 -19
1134 1136 13
1134 1132 -19
249 716 -28
249 248 13
249 251 -13
249 247 -19
1103 1104 28
1103 220 -19
1103 1074 13
1103 657 28
800 799 8
800 1244 19
800 802 -13
800 324 28
800 798 -28
799 327 -19
799 770 -28
799 829 19
1244 1245 -28
1244 1274 -13
1244 1214 8
1244 356 -8
802 1246 28
802 326 19
802 804 -13
324 353 -8
324 1215 -19
324 325 8
324 296 -8
798 1242 28
798 796 -8
798 322 8
798 797 13
46 508 13
46 17 19
508 507 -13
508 510 19
17 896 28
1118 668 8
1118 1116 13
1118 1120 28
1118 1117 -8
1118 230 8
668 638 28
668 698 8
668 669 -8
668 202 -13
1116 229 -8
1116 1115 19
1120 1119 -19
1120 670 -8
1120 1122 28
1120 232 28
1117 233 8
1117 671 13
1117 1146 -8
1117 1087 -19
230 258 28
230 701 -13
230 201 -8
230 231 28
327 326 28
327 329 -28
327 325 28
327 1214 -19
326 297 13
326 1217 -8
326 355 13
329 1216 -28
325 797 19
325 1212 13
325 323 -19
1214 1215 8
1214 771 8
931 484 -19
931 932 -8
931 55 13
931 901 -19
931 961 19
484 482 28
484 486 19
484 23 13
932 930 28
932 481 8
932 52 28
932 934 -19
55 513 -28
55 54 8
55 53 -8
55 57 8
901 902 28
901 26 -28
961 962 -28
961 83 -19
961 514 -8
852 854 13
852 851 19
852 850 -8
852 1296 -13
854 1298 -28
854 376 13
854 853 -28
851 377 -8
851 1299 13
851 821 13
850 848 -28
850 849 -28
1296 1297 8
559 560 13
560 558 19
560 562 -13
298 770 -8
298 297 19
298 300 -19
1156 1127 -28
1156 271 28
1156 1157 28
1185 738 -28
1185 1183 28
1185 1187 28
1185 296 28
133 595 -19
133 132 -13
133 135 19
133 131 -13
133 1012 13
595 1045 -13
595 625 -8
595 596 13
132 103 19
132 598 8
132 1015 -8
132 161 -28
135 597 19
135 1014 8
135 137 -28
135 134 -19
131 593 -19
131 1010 28
131 130 8
1012 983 -8
1012 1013 19
1012 566 8
1012 1042 19
664 199 13
664 1114 -13
664 665 -28
199 198 28
199 197 -8
199 1081 28
1114 227 8
1114 1113 -13
1114 1112 19
665 667 -19
665 663 -8
665 1111 28
665 196 28
377 375 -28
377 376 28
377 379 19
375 1264 -13
375 849 8
375 373 -19
376 347 8
376 405 28
379 853 19
379 1268 13
379 381 28
379 378 28
97 562 -8
97 980 13
562 561 28
562 1008 19
562 564 -28
980 982 -13
980 979 13
1273 1272 -28
1273 1275 13
1273 1271 -19
1273 825 -19
1273 380 19
1272 383 28
1272 1242 28
1272 828 28
1275 1274 -19
1275 382 -28
1275 1277 8
1275 827 -13
1271 823 -28
1271 378 -28
825 795 -28
825 352 -8
825 826 13
380 858 13
380 381 19
380 351 8
77 76 -19
77 79 19
76 48 -19
76 105 -19
79 81 19
79 78 19
79 957 8
79 539 -13
983 953 8
983 984 28
983 104 -8
953 923 13
984 982 -8
984 533 -8
984 101 13
104 103 8
104 102 19
104 106 8
198 227 28
198 171 13
198 1084 -8
198 667 19
227 228 -19
171 172 28
171 142 8
171 637 -13
1084 1083 13
1084 1082 -19
667 666 8
667 1113 -13
649 651 13
649 1095 -8
649 648 -13
651 650 8
651 1097 -8
651 182 -28
651 653 19
1095 1125 13
1095 1096 28
1095 212 -28
648 183 -13
648 678 -19
648 619 19
648 1098 28
640 1090 -28
640 670 -8
581 1031 -13
581 119 8
612 614 28
612 610 -28
612 145 8
817 818 13
817 787 -19
817 344 8
817 847 -13
818 1262 28
818 820 -13
818 342 19
787 1235 -19
787 315 19
787 758 -13
787 788 28
344 1232 -8
344 346 -28
344 343 19
847 848 -8
847 373 -13
1236 1206 -8
1236 348 -8
1236 792 28
1236 1237 -8
1206 319 28
1206 1207 -28
1206 763 19
1206 1177 8
348 347 -13
348 350 28
348 346 -19
348 821 -28
792 791 8
792 790 13
792 316 13
792 794 13
1237 789 8
1237 1239 -28
1237 1235 28
1237 345 -19
1224 337 -13
1224 1254 -19
1224 1225 8
337 339 19
337 335 -13
337 809 28
1254 1284 13
1254 1255 13
1254 366 28
1254 810 -13
1225 1223 13
1225 778 28
1225 1227 8
1225 334 -8
183 181 28
183 185 8
183 182 19
181 1064 -19
181 646 -28
185 650 28
185 1068 -28
185 187 13
182 155 -28
182 211 -8
716 1165 -13
716 717 -13
716 686 28
1165 276 -28
1165 1164 19
717 719 -13
717 715 -28
686 656 -19
686 220 13
686 1136 -28
147 1031 -13
147 614 -28
1031 1030 19
1031 1033 28
614 613 13
614 616 -19
1073 623 -13
1073 1075 -28
1073 1072 -13
1073 186 13
1073 1071 -28
623 593 -13
623 160 13
623 652 -19
1075 188 -19
1075 625 -28
1075 1074 -8
1075 1076 -19
1072 189 19
1072 626 -19
1072 1042 -8
1072 1101 -13
186 655 8
186 159 -28
186 215 -13
186 187 13
1071 1070 -19
1071 621 19
719 1164 -19
719 248 13
719 718 -8
1164 1135 13
1164 279 8
1164 1192 -28
248 276 13
248 1136 -8
248 219 -19
718 251 -8
718 748 -13
718 688 19
1034 1004 -19
1034 1035 -19
1034 1064 8
1034 154 -13
1004 558 -13
1004 975 19
1035 1033 19
1035 585 8
1035 1037 28
1035 151 8
1064 618 -13
1064 1093 -8
154 156 -19
154 152 -13
276 303 -19
276 277 13
1136 1135 19
1136 1138 -19
219 220 -8
219 1106 19
219 190 19
219 689 -13
730 700 8
730 760 -8
730 261 19
730 1178 19
730 731 8
700 233 -13
700 1149 -19
700 701 19
700 670 -13
760 789 13
760 761 8
760 1207 8
760 289 -13
261 260 -28
261 263 13
261 259 -13
261 1146 -8
1178 1176 -13
1178 1177 -28
1178 1179 -19
731 729 -28
731 733 -8
731 1175 19
731 258 -8
525 65 -13
525 976 28
525 526 -8
525 495 8
525 555 -13
65 67 -19
65 63 -19
65 943 8
65 64 8
976 93 -19
976 974 19
976 975 -8
526 528 -13
526 973 8
526 524 -13
526 62 13
495 496 -28
495 465 -19
495 946 -13
495 37 19
555 556 -13
555 585 -13
555 94 28
806 808 19
806 804 8
806 1250 13
806 805 -19
806 330 28
808 332 -8
808 1252 19
808 810 -8
808 807 -13
804 803 -13
1250 1280 -8
1250 1220 8
805 333 8
805 776 13
805 835 13
805 1253 13
330 1221 -13
233 231 19
233 235 28
233 232 8
231 1115 -19
231 698 -28
235 1119 -13
235 702 8
235 234 -19
235 237 28
232 203 8
232 260 -8
232 703 -8
770 1217 -19
770 771 -8
1217 1216 28
1217 1215 8
771 773 28
771 769 -28
771 296 -28
333 335 19
333 332 -28
333 1220 -8
335 334 28
335 1222 -8
335 807 -28
332 303 19
332 1223 -13
1220 777 8
1220 1221 -8
873 1321 8
873 843 13
873 399 -28
873 874 8
1321 427 19
1321 1320 13
843 844 -19
843 1291 8
843 813 13
843 370 -19
399 398 8
399 1288 8
399 397 -8
874 876 -28
874 872 -8
874 1318 19
527 528 8
527 67 -13
527 497 13
528 64 13
528 975 19
67 66 -8
67 945 13
497 498 -8
497 39 -28
497 467 -19
497 948 -28
468 466 -28
468 915 28
468 470 13
468 7 13
468 467 -19
466 465 19
466 464 -19
466 913 -28
466 5 -8
915 39 -13
915 885 19
915 945 8
915 916 -19
470 472 -8
470 917 13
470 9 -8
7 36 -28
7 8 8
7 886 -13
467 437 19
467 10 13
467 918 -28
297 773 8
297 1187 19
773 772 28
773 1216 19
1187 1189 -8
1187 1186 19
876 1320 -8
876 875 -8
876 398 19
1320 1290 28
875 845 -13
398 369 -13
398 427 28
398 1291 19
369 1261 -13
369 846 -13
369 340 19
369 370 -28
427 428 28
1291 1290 -28
1291 1289 -13
566 568 -19
566 564 8
566 101 -19
1015 1014 -13
1015 1017 -28
1015 1013 -19
772 742 -19
772 300 8
742 712 28
742 273 -8
742 1189 -28
300 302 -28
300 1186 13
300 299 -8
304 776 19
304 303 8
304 306 -8
304 302 -8
1191 1193 8
1191 1189 -8
1191 744 8
383 857 28
383 381 -13
383 382 8
383 385 -19
857 858 -19
857 827 -19
382 353 -19
382 860 -28
382 411 19
385 859 -8
385 384 28
385 1274 13
385 387 -8
103 568 8
568 1014 -28
568 570 13
568 567 -28
579 609 -28
579 117 8
579 580 -28
579 549 28
609 638 13
609 146 13
609 610 28
117 997 -19
117 119 8
117 116 28
580 115 -13
580 1026 8
549 550 19
549 519 -19
549 88 13
685 215 -8
685 1131 -8
685 683 -13
685 684 -19
215 244 -13
215 216 19
215 1102 13
1131 1160 -8
1131 1101 13
1131 1132 13
1131 247 13
683 1129 8
683 681 8
683 682 -13
684 654 -28
684 218 28
684 714 13
1176 287 19
1176 728 28
1176 1174 -8
1176 1175 13
287 761 13
287 314 13
287 258 -13
728 729 -19
728 259 -8
728 698 -28
728 758 8
1174 286 28
1174 1173 -8
1175 289 13
1175 1204 -28
1175 1146 -19
824 822 13
824 823 19
824 347 -28
824 826 19
824 1268 28
822 820 8
822 345 28
822 821 28
823 793 19
823 350 19
823 853 -19
347 318 28
347 1239 -28
826 349 8
826 828 -19
1268 1298 28
1268 1238 -8
1279 1281 -28
1279 1277 -28
1279 831 19
1281 1280 28
1281 388 8
1281 1283 8
1277 384 -28
1277 1276 28
1277 829 28
318 794 -28
318 319 -19
318 290 19
318 1209 28
1239 791 -13
1239 1241 -13
1239 1238 13
172 170 -8
172 1052 8
635 633 -19
635 1081 -28
635 637 -13
635 169 -19
1242 1212 -19
1242 354 19
1242 1243 -8
1212 769 19
1212 1213 28
1212 1182 -8
354 353 13
354 356 -8
354 827 28
354 352 -8
1243 1245 -13
1243 1241 19
1243 795 -13
1243 351 28
722 255 8
722 723 19
722 692 13
722 1170 -19
722 752 -19
255 254 13
255 253 28
255 256 28
723 725 19
723 252 13
723 1168 -28
692 226 -8
692 1141 -13
692 662 8
1170 282 28
1170 1172 19
1170 1169 -13
752 283 -28
752 753 28
1245 797 -13
1245 353 -19
797 768 -28
797 827 13
353 830 -19
737 736 -19
737 1180 -13
737 735 -8
737 264 -19
736 267 -19
736 766 13
736 1183 19
736 706 -13
1180 1181 -13
1180 1152 -13
1180 1210 19
1180 295 -13
735 262 -28
735 734 -28
735 733 -28
264 1153 -8
264 292 19
264 265 -19
254 282 -28
254 1141 -8
254 725 -8
282 755 19
282 283 28
1141 1139 -28
1141 1143 -13
725 727 -28
725 724 8
1030 150 -19
1030 584 -8
1033 149 13
1033 1032 -28
532 534 8
532 979 -13
501 952 8
501 471 28
501 43 19
982 99 8
982 981 -19
561 100 13
561 591 -28
561 1011 13
400 371 -28
400 1293 19
371 848 -13
371 342 19
371 1263 -28
1293 1292 -13
534 981 -13
534 533 -19
981 102 -13
981 951 28
981 1010 -8
533 503 -8
533 563 13
1056 610 -13
1056 1085 19
1056 175 -8
1056 1026 -13
1085 1115 13
1085 1086 -19
1085 202 -13
175 638 -19
175 174 28
1026 1027 28
1026 146 13
1026 997 28
776 1223 -13
776 777 -13
1223 1222 19
1223 1221 28
777 779 -19
203 1090 -19
203 204 -19
203 673 8
1090 1088 8
1090 1092 -8
204 670 19
204 206 28
204 202 28
204 1087 28
673 675 -13
673 1119 13
673 671 -19
673 672 -8
339 338 19
339 341 13
339 811 -8
338 814 -8
338 367 -28
338 1229 19
341 813 -28
341 340 13
341 1228 8
811 841 19
811 1259 -19
811 812 28
474 13 19
474 472 -13
474 921 13
474 476 8
474 473 -13
13 42 28
13 892 -19
13 14 -13
472 919 19
472 471 8
921 45 -8
921 891 13
921 951 28
921 922 8
476 923 8
476 15 -8
473 16 -8
473 443 19
473 924 -8
473 503 8
779 778 -8
779 303 -28
779 1222 -19
778 306 -13
778 807 8
778 748 28
303 1193 -28
1222 1192 13
1222 1252 -19
601 1051 -19
601 602 -19
601 631 -19
601 139 -28
601 571 -8
1051 167 -19
1051 1050 -19
1051 1049 8
1051 1053 19
602 1048 -13
602 136 19
602 604 -19
602 600 28
631 168 -19
631 660 19
631 1080 13
139 137 8
139 1018 -13
139 138 8
139 141 -19
571 1021 -19
571 572 -13
571 110 13
571 541 13
1298 1299 -28
1298 408 -8
1299 1297 -28
1299 405 8
408 407 13
1193 1192 8
1193 1195 -28
789 790 -28
789 317 28
790 314 -28
790 1234 28
790 788 28
317 1204 -8
317 319 13
317 316 19
317 315 13
896 894 -19
896 445 28
16 15 28
16 14 8
16 891 13
15 894 -13
15 44 28
14 471 13
14 12 13
14 889 19
891 444 28
891 892 13
1168 1169 -28
1168 283 -8
753 755 13
753 751 -8
306 1192 -13
306 305 8
305 278 19
305 1195 -19
305 334 28
845 846 -19
845 815 -8
846 1290 28
846 844 19
815 816 -8
586 120 -13
586 584 19
586 585 28
586 1032 -13
120 91 -28
120 121 -8
120 149 8
585 123 19
585 615 13
1032 1062 -8
1032 152 19
1032 1002 -28
91 556 -8
91 974 13
91 62 13
121 123 -13
121 119 -28
149 150 -8
149 616 -8
900 449 19
900 902 19
900 21 13
900 899 -28
897 927 -8
897 450 -8
1198 1228 -19
1198 755 -13
691 221 19
691 690 -19
691 689 -8
221 1108 -19
221 250 -28
221 222 28
221 192 -19
690 660 -13
690 224 -13
690 1139 8
690 720 13
689 1135 -8
689 688 8
100 99 19
100 102 -8
100 979 -19
99 564 13
102 563 13
102 101 8
979 1008 -19
830 828 -28
830 1274 -8
830 829 28
122 151 -13
122 93 19
122 123 -8
151 618 13
151 152 13
93 558 -13
93 94 8
93 64 8
123 1002 13
66 948 13
66 38 8
945 498 8
945 946 28
945 975 8
168 166 -8
168 170 8
168 167 -13
168 1048 28
166 629 -19
166 165 13
166 164 -8
166 1046 13
170 1050 -19
170 632 8
170 169 -13
167 633 19
167 194 13
167 138 19
1048 1049 -19
1048 1018 28
1186 1158 8
1186 1216 8
449 450 19
449 479 -28
450 452 8
479 480 -8
479 930 28
479 509 -8
952 951 19
951 504 -8
1262 1232 -8
1262 373 8
1262 1263 -19
1262 1292 28
1232 1233 19
1232 1202 8
1232 788 28
1292 848 -13
638 1088 -8
1088 1086 13
1088 201 -8
1088 1087 28
174 145 19
174 201 28
145 146 -8
145 116 -19
201 671 -19
201 202 8
412 411 -8
412 414 -13
858 860 -19
987 988 -8
987 957 -28
987 1016 -13
987 108 -19
539 509 13
539 569 8
539 990 19
1062 616 28
616 618 -19
616 615 -28
1002 556 -8
1002 973 -13
796 1240 28
796 320 28
796 795 -13
796 794 8
1240 1241 13
1240 352 13
1240 1210 8
320 1211 -28
320 349 -8
320 321 -19
320 292 -13
795 323 13
795 766 13
794 793 -13
794 1238 28
480 927 -13
480 482 28
927 957 13
927 51 -8
927 928 8
482 21 13
482 929 13
482 481 8
607 577 -8
607 636 8
607 608 13
577 578 8
577 547 -28
636 666 13
636 637 28
608 142 -8
608 1054 8
48 928 -28
48 510 -13
902 23 -28
902 451 13
23 52 -8
23 24 -28
451 452 28
451 481 -8
42 922 -19
42 504 28
42 43 -13
922 471 8
922 924 19
504 503 -28
43 45 28
43 919 -19
1108 1106 19
1108 658 -28
1108 1110 19
1108 1107 -19
1106 1104 8
1106 656 8
1106 1105 -28
658 688 8
658 629 13
658 659 -19
658 193 19
1110 660 -19
1110 1112 -19
1110 1109 8
1110 223 -8
1107 224 28
1107 1077 28
1107 661 13
1304 1274 19
1304 414 -28
1304 860 -19
414 413 8
414 416 13
860 859 8
860 862 13
21 50 28
24 899 28
24 26 13
24 481 -19
228 226 28
228 1111 28
724 1172 -13
724 256 28
1143 1142 -8
155 622 8
155 156 13
155 1039 13
322 351 -8
322 323 19
322 294 -19
322 1213 13
351 352 19
351 828 8
323 1210 19
323 321 13
294 266 -19
294 769 -8
294 1183 8
294 295 28
1213 1211 8
1213 766 -19
1213 1215 13
267 266 -8
267 269 -8
267 265 19
267 1152 19
266 1155 -13
266 238 -19
269 738 -13
269 1154 19
269 271 19
265 734 8
265 1150 -19
265 263 -8
1152 707 -28
1152 1123 19
1152 1153 8
25 54 28
25 26 28
25 486 -13
903 933 8
903 456 28
696 666 19
696 726 -13
1142 1113 28
1142 1171 8
1157 1155 8
1157 708 -28
1161 712 -28
1161 1160 -28
1161 272 -13
1158 273 8
1158 1129 -19
388 866 8
388 417 19
388 389 -19
1284 395 -19
1284 1314 13
1284 1285 28
1284 840 -28
395 869 19
395 393 28
395 397 -8
1314 1315 19
1314 870 -19
1285 392 13
1285 837 -19
1285 1287 -8
1285 1283 13
840 839 -19
840 842 -28
840 363 -19
840 838 28
660 195 -13
660 661 -28
195 1077 13
195 194 -19
195 193 28
195 197 13
661 192 -8
661 663 -8
661 659 -8
849 1297 28
72 101 28
72 44 28
343 1235 -8
343 820 8
343 314 8
821 791 -19
428 1318 28
751 750 -13
751 278 19
748 279 13
748 1195 -13
960 78 -13
960 509 -19
960 959 -13
960 962 -13
957 510 -19
1083 1054 -19
1083 1113 -19
1083 637 28
1054 1024 28
446 445 -28
446 444 28
446 893 -8
444 442 -28
444 443 -19
893 894 -28
893 923 19
615 152 8
674 675 -13
674 704 -8
674 1124 8
712 245 19
712 682 8
245 1129 -28
245 244 28
245 247 -28
682 652 28
682 216 13
682 1132 13
1211 764 -28
1211 1210 8
1211 1209 13
764 734 28
764 793 -13
764 293 8
764 765 -19
1210 767 -13
1209 1208 19
1209 1207 28
1209 762 -19
1024 578 -28
1024 1025 28
1024 995 8
578 576 8
578 113 8
1025 142 8
1025 1023 8
995 996 19
995 965 8
995 548 28
1011 1010 28
1011 1013 -28
1008 1038 -19
224 223 13
224 222 19
224 226 -28
223 252 28
223 194 -28
222 220 13
222 688 13
222 1105 -8
226 1109 -8
1135 1105 -8
1135 251 -28
1105 659 -19
251 250 -19
251 253 -19
498 496 -28
498 36 -13
496 494 19
496 34 -19
496 943 8
36 64 19
36 37 28
36 916 -8
1246 1276 28
1246 1216 8
355 384 19
355 356 -19
1112 662 -13
1112 1111 -28
39 37 -13
39 38 8
37 35 -8
37 913 8
38 9 -19
38 918 13
869 870 19
869 839 19
870 392 -28
870 872 -28
870 868 -13
839 809 -8
839 1287 -13
839 366 -13
273 271 -19
273 272 19
272 244 8
272 299 28
872 871 -19
872 1316 8
1287 1286 28
1287 1289 -19
365 366 -8
365 1257 -8
365 842 -28
463 433 -19
463 464 28
463 914 -19
463 493 -19
463 6 28
433 434 -19
433 884 28
464 3 28
464 911 13
914 34 -13
914 916 -19
914 913 -13
914 912 -28
493 494 28
493 35 -19
493 944 -13
6 8 -13
6 5 -8
6 4 -8
6 881 -13
1290 1260 8
1260 1261 -8
1260 1230 -13
1260 816 8
552 87 -8
552 550 28
87 116 -13
87 59 8
87 88 -13
87 970 -19
550 997 -8
550 86 -13
378 349 19
378 407 -13
827 828 -19
81 83 19
81 541 -13
81 959 -13
78 50 28
78 107 19
974 973 13
974 972 -8
975 96 -28
820 1264 19
346 345 19
346 1234 8
964 513 -28
964 82 -8
964 963 28
964 966 8
964 962 -8
513 514 8
82 54 -13
82 111 -19
82 83 19
963 516 8
963 85 -19
963 993 -19
963 933 28
966 84 28
966 515 -8
966 965 -13
962 511 -8
452 899 19
899 929 13
688 1138 13
1215 768 28
250 278 -19
250 1138 -8
278 279 -8
1138 1139 -19
732 733 28
732 702 13
732 263 13
732 762 19
732 1179 -19
733 260 -19
733 1177 -28
702 1151 28
702 672 28
702 703 -19
263 262 28
263 1148 -8
762 791 13
762 763 8
762 291 8
1179 290 13
1179 1181 -8
1111 1081 -8
503 45 13
1252 1282 -13
1252 1253 -19
1252 364 -28
810 809 13
810 334 -13
810 812 -8
807 837 -28
807 1255 28
437 438 8
437 888 -28
10 9 28
10 8 -28
10 885 8
10 12 -19
918 917 -28
918 916 -8
45 44 13
44 924 19
334 363 -28
917 887 -8
9 888 -8
888 886 -13
888 890 -13
888 887 19
1264 1234 28
279 277 28
930 929 -28
930 50 -28
930 928 -19
929 53 28
929 959 19
50 512 13
50 51 -19
576 111 -13
576 574 8
576 1022 19
111 112 19
111 140 -28
111 994 -19
574 572 13
574 1020 -13
574 573 13
574 109 -28
1022 1052 13
1022 993 -8
1022 1023 -13
892 894 -28
892 441 13
892 890 -19
654 1104 -8
654 189 8
654 655 -13
654 625 13
218 220 8
218 216 8
218 1101 -28
218 217 -13
714 715 28
714 247 -28
714 744 8
894 443 8
96 94 -28
94 973 28
656 627 19
656 191 28
656 657 13
628 626 -8
628 1074 19
628 627 19
628 161 28
628 630 -8
626 625 28
626 159 -8
1074 1044 -8
1074 191 8
627 597 -19
627 1076 19
627 164 -28
161 188 -19
161 1045 -8
161 162 19
630 629 19
630 163 -13
356 829 19
766 767 -13
766 295 -19
1183 1182 19
1183 1181 19
706 1155 -13
706 707 -13
706 239 -28
706 676 13
1221 774 28
738 768 19
738 708 28
768 769 -8
708 709 19
708 678 28
708 241 -8
563 593 -19
563 1013 13
563 564 -28
997 967 8
967 968 8
967 520 -8
967 937 -13
967 88 19
1139 252 28
923 924 28
969 522 -8
969 90 8
969 970 -28
1104 217 -28
1104 1102 28
217 188 8
1102 1100 -8
1102 652 19
1102 1101 8
791 319 -8
319 321 -28
936 935 -19
936 485 -19
936 934 19
935 905 -13
935 965 -13
485 455 13
485 486 -28
485 515 13
934 54 13
934 933 28
1228 1258 19
1228 1229 -8
755 757 28
720 750 -28
720 1169 -19
720 253 19
29 908 28
29 58 -19
29 490 -19
29 0 -28
908 907 19
58 86 -8
58 520 13
58 938 13
490 489 -28
490 937 -28
490 492 -8
0 460 -8
0 878 13
290 262 28
290 291 8
290 765 8
101 130 28
1080 1082 19
1080 194 8
1080 1079 8
1080 1078 8
1155 1154 -28
1155 1153 13
1154 1182 -28
1154 1125 -13
1154 709 -13
1153 1151 -28
1153 704 28
262 1151 -8
262 234 28
1151 1150 28
1151 1149 -13
234 705 -13
234 205 -28
234 1122 13
988 990 -19
988 105 28
990 989 -19
990 107 -19
990 992 19
105 570 28
105 134 -13
105 106 8
948 946 -8
633 1079 13
633 632 13
1079 1050 28
1079 1109 -8
1079 197 -19
632 1082 13
632 603 19
632 662 -8
1053 169 -13
1053 1052 -28
1053 603 -13
194 663 19
138 109 -8
138 1021 -8
138 604 -19
1050 604 -8
1050 1020 8
169 140 13
169 196 -8
744 774 28
1234 1235 19
1234 1204 28
442 441 19
442 889 19
442 440 -28
441 471 -19
889 919 -13
889 890 -13
440 439 28
440 887 13
440 438 19
1207 316 -13
1207 1205 28
763 761 28
763 288 28
763 765 28
1177 1148 13
1177 291 -19
1077 1078 -19
494 32 8
494 492 19
494 941 -13
32 3 -13
32 912 -19
492 30 -13
492 491 -19
941 971 -8
941 942 -19
941 63 -28
941 911 13
1109 663 -19
302 774 8
774 803 28
35 911 -19
35 34 -28
911 881 19
911 912 28
34 5 -13
34 62 -19
238 709 28
238 209 13
238 1126 -19
238 239 19
933 486 -13
933 57 13
456 455 28
456 458 -19
943 973 19
943 944 8
943 913 -28
844 842 8
844 367 -13
844 1288 -8
842 1286 -28
842 841 8
367 368 -13
367 1259 -28
1288 1318 -19
1288 1289 13
1288 1258 -13
1129 1099 28
1160 715 8
1286 397 19
1286 1316 -8
1286 1256 19
397 871 -13
1256 1257 -13
1256 368 -19
1256 812 -19
510 512 28
510 509 -19
345 316 8
86 968 -19
86 115 -13
968 970 -8
420 418 19
420 1310 -19
420 419 -8
420 422 19
418 417 19
418 416 -13
1310 866 -19
1310 1280 -19
419 1313 -13
419 390 -19
422 1312 -13
422 421 19
971 524 -13
971 972 28
524 522 -19
972 521 -19
972 89 8
972 970 19
769 767 -19
252 253 8
707 709 28
707 705 8
705 1150 28
705 704 -19
705 703 -28
140 141 -19
140 1023 -13
1052 1081 13
604 603 13
871 841 28
841 1289 -19
841 368 13
142 113 -13
141 603 19
141 1020 -28
465 8 -8
465 916 -8
465 435 -19
8 883 28
435 886 -19
435 436 19
89 90 28
556 558 -28
761 759 -19
761 1204 8
759 286 -19
759 758 -8
1204 1205 -28
30 1 -19
30 59 -19
30 31 -13
912 461 -8
459 489 28
459 460 -19
459 2 -8
459 429 -13
62 63 -28
62 944 8
1082 1081 19
1082 196 19
196 197 8
1044 598 -8
1044 1014 13
1044 164 13
1044 1045 8
598 597 -28
598 596 -8
598 600 8
164 163 28
164 162 28
1045 1043 28
1045 1047 -8
240 211 19
240 1128 -13
240 241 8
734 704 13
734 1181 -19
704 237 13
1181 292 -19
241 1125 28
241 239 -19
1127 681 -13
1127 1097 -13
1127 1128 -28
1233 342 19
1233 1235 -8
342 313 19
431 432 -13
431 461 -28
431 882 28
432 434 8
432 430 13
461 491 -28
461 4 -8
882 881 -8
882 884 28
882 880 -13
882 3 19
1132 244 -19
12 887 8
439 890 13
545 85 -8
545 515 19
545 996 -19
114 113 -8
114 112 19
114 993 -28
522 520 -8
522 59 -13
522 521 -8
520 519 -28
59 940 19
59 60 -8
521 61 -19
521 491 8
481 511 -13
52 514 -13
52 53 -8
113 996 13
113 84 28
996 994 8
84 85 -28
84 548 -19
767 292 13
767 765 -28
292 293 -28
765 1208 19
663 662 -19
597 567 -28
597 1047 -8
1076 190 28
1076 1078 8
197 662 13
629 599 -8
629 1078 -13
163 1047 28
163 134 -8
163 190 28
1189 299 -28
1150 1121 8
1121 675 -8
1121 1122 8
1121 237 19
1047 1049 8
1047 1046 -28
134 600 -28
134 1017 8
190 659 8
190 191 19
313 1203 -19
313 788 8
313 286 28
1227 780 13
1227 1229 -13
1020 1021 -28
1241 793 19
1241 349 8
1238 350 13
1238 1208 -8
729 257 -8
729 1173 -13
258 259 13
258 1147 19
438 436 28
438 885 28
1202 315 -13
1202 1173 13
1202 1203 -13
315 314 8
1173 1144 -8
1203 1205 13
657 188 -8
657 655 8
657 659 8
64 946 8
489 31 -28
489 940 -13
489 519 -8
31 907 -19
940 942 8
940 938 28
519 970 -28
519 60 -8
793 321 8
321 1208 13
625 162 28
596 1042 13
596 594 28
596 130 -13
1 2 19
1 880 28
363 1255 -13
363 392 8
363 364 -8
838 837 13
838 1282 13
838 361 28
349 350 28
1125 679 -8
1125 1126 28
106 567 19
106 108 28
603 573 8
885 886 13
1261 813 -8
1261 1259 8
813 814 28
813 784 -8
1259 1257 -13
1259 1258 8
350 352 -19
937 907 -19
937 938 8
937 60 -8
88 90 -8
416 1306 28
946 944 -8
944 942 -8
511 53 28
511 541 -13
511 512 -8
53 51 -28
541 992 -8
512 959 -13
512 514 19
1315 421 28
1315 1313 28
1315 867 13
5 884 8
192 165 -8
192 1078 8
192 193 -13
136 165 -28
136 137 -28
136 1019 -13
136 107 19
600 599 8
600 1046 -19
1123 239 28
1123 1093 13
1123 1124 8
239 237 8
1093 210 19
1124 1122 28
1124 1126 -8
314 1205 13
137 599 -8
137 1016 -8
1018 572 -28
1018 989 8
1018 1019 -8
316 288 19
1313 865 28
1313 1312 8
390 868 -8
390 361 19
390 391 13
390 1283 28
189 188 8
189 187 19
189 191 13
655 1101 13
655 653 -19
1312 868 -28
1312 1282 -19
421 392 -28
517 547 8
517 487 28
517 518 -28
547 548 -19
487 457 -28
518 965 -8
518 516 -28
676 210 13
676 646 -13
676 1126 19
613 150 -13
209 210 19
209 1096 -28
209 679 28
1126 1128 19
1099 1100 -13
1099 216 19
1099 653 -8
1099 1070 -19
289 288 19
289 291 -8
288 260 28
260 1149 8
866 868 -8
866 864 -28
866 865 28
868 867 8
864 862 13
864 863 19
865 835 -13
865 391 13
51 509 -28
392 393 -19
837 867 -19
837 364 28
1283 835 -8
1283 1282 8
295 293 13
675 205 8
205 206 19
205 1092 -19
162 160 13
162 1042 8
715 244 8
1023 1021 -13
1023 573 19
434 881 -8
434 436 28
884 883 8
884 886 28
61 63 19
61 60 -19
491 942 -28
393 1282 -8
393 867 8
393 391 -28
3 4 -28
591 621 8
621 650 8
621 622 28
4 2 -19
599 1049 13
599 569 19
1149 1148 8
1149 1147 8
165 1049 8
681 679 -28
681 211 -19
679 678 -13
211 212 13
211 1098 -13
1119 1148 -8
1148 703 -13
809 780 -13
809 1257 13
366 368 -19
366 364 28
567 1017 -8
368 370 -13
1230 1231 28
1230 786 28
816 340 -28
816 814 -19
1147 1145 19
1147 698 13
1147 1146 -8
757 756 -19
757 284 8
650 1100 28
1100 1098 28
191 193 -13
672 206 -13
672 1122 -13
703 701 28
214 216 -19
214 212 28
214 1097 -13
212 210 8
212 678 -13
1097 1098 -28
1097 1068 -19
109 110 -28
109 992 19
1021 1019 19
573 112 -8
859 829 28
384 862 28
384 413 28
862 1306 19
1280 391 13
391 389 -28
1019 1017 -13
1019 569 -13
678 1128 -13
1205 758 -28
814 812 8
814 1258 -13
784 1231 28
340 1231 -28
1231 1229 13
291 293 8
460 907 19
907 877 -8
361 1253 -19
883 436 -28
883 913 -19
618 620 -8
620 622 19
620 619 -8
257 1145 13
257 229 -19
257 286 28
593 1043 19
593 594 -28
1043 1042 28
1043 159 -8
594 1040 13
1096 646 -8
1096 1098 8
572 570 -28
572 107 28
570 1016 -28
570 569 -13
107 108 -13
1145 1144 -28
1144 259 -13
1144 1115 28
1144 699 19
1070 1040 -19
1070 187 -28
622 1068 -19
750 780 19
160 159 -13
160 1040 13
159 130 -13
1040 1010 19
1046 1016 -8
430 877 -28
430 429 -8
457 458 19
569 108 8
112 110 -13
993 994 13
285 284 -19
285 283 28
1276 1306 13
1276 387 28
387 389 -8
652 187 -28
652 653 28
756 726 -19
726 727 -8
1255 1253 28
1255 1257 28
1016 1017 -19
130 1013 13
1171 1172 -13
1171 727 -13
1172 284 -19
863 389 -19
877 878 19
877 2 19
878 880 28
959 989 -28
514 516 -19
429 880 -28
1258 370 28
989 110 -28
110 108 28
587 1037 -19
619 156 -13
1037 1039 -19
698 699 28
516 515 -13
516 54 -19
1010 564 19
992 994 28
1115 669 -28
699 701 -8
699 229 -13
1146 701 13
1038 1068 -13
1038 1039 8
670 671 -28
150 152 13
515 57 19
85 83 13
671 669 8
905 458 -13
