1249 1248 19
1249 357 -13
1249 1247 28
1249 1251 28
1249 801 19
1248 360 -28
1248 1218 -19
1248 1278 -8
1248 804 13
357 834 -19
357 386 -13
357 328 28
357 358 -28
1247 1245 28
1247 355 8
1247 799 19
1247 1246 8
1251 359 19
1251 803 -8
1251 1253 13
1251 1250 -19
801 772 8
801 802 28
801 329 -8
801 831 13
157 1041 13
157 184 28
157 624 13
157 158 -19
157 128 13
1041 591 28
1041 1040 13
1041 1043 13
1041 1039 13
184 213 -13
184 185 28
184 653 13
184 1071 8
624 626 -28
624 623 -8
624 1070 -13
624 622 28
158 160 -8
158 621 -13
158 156 13
158 1038 -8
128 129 -8
128 594 -28
128 1011 13
128 99 8
741 268 -13
741 739 -28
741 740 28
741 743 -13
741 1184 8
268 269 8
268 240 -19
268 1157 -8
268 296 28
739 737 19
739 738 13
739 266 -19
739 1182 13
740 710 -19
740 770 -8
740 1187 8
740 271 -19
743 270 -8
743 745 -28
743 1186 -19
743 742 8
1184 298 8
1184 1156 -13
1184 1214 8
1184 1185 -8
447 448 -19
447 477 -8
447 898 8
448 895 19
448 446 -8
448 450 -13
477 20 19
477 928 19
477 507 19
477 478 -13
898 896 13
898 19 -19
898 900 13
898 897 -28
401 402 -13
401 372 -8
401 1295 28
402 404 19
402 1292 13
372 850 8
372 343 13
372 1265 -19
372 373 -8
1295 1294 19
1295 1297 19
1295 1293 13
1295 847 -13
404 406 -13
404 1294 13
404 403 13
406 408 -8
406 1296 19
406 405 -13
1294 850 -28
1294 1264 13
403 1297 -28
403 374 -19
535 505 -8
535 986 28
535 536 -8
535 565 13
535 75 8
505 956 28
505 475 -8
505 506 -28
505 47 28
986 103 -28
986 988 -13
986 984 19
986 985 13
536 538 13
536 983 8
536 534 19
536 72 19
565 566 28
565 1015 19
565 595 -28
565 104 -8
75 77 -28
75 73 28
75 953 13
75 74 13
1061 611 -8
1061 1059 -8
1061 1060 -19
1061 1063 28
611 640 -19
611 581 19
611 612 13
611 148 -13
1059 174 -19
1059 1058 -13
1059 1057 -13
1059 609 -8
1060 178 -8
1060 614 -28
1060 1030 -28
1060 1089 19
1063 1062 19
1063 177 -8
1063 1065 -28
1063 613 13
173 144 -28
173 639 -28
173 1057 -28
173 200 -8
144 1027 8
144 115 28
144 610 -8
639 638 8
639 1085 28
639 641 -13
1057 1056 -28
200 229 19
200 669 8
200 1086 8
1300 856 19
1300 410 13
1300 1270 -28
1300 1301 19
856 855 -8
856 858 -8
856 378 13
856 854 28
410 408 8
410 412 -8
410 409 8
1270 1240 -13
1270 826 -19
1270 1271 -8
1270 381 19
1301 1303 8
1301 1299 13
1301 407 19
1301 853 -28
27 488 13
27 906 -13
27 56 8
27 28 8
488 487 28
488 486 -19
488 935 -28
906 904 -8
906 455 -8
906 905 -13
56 936 19
56 518 13
56 57 -28
56 84 -8
28 903 13
28 485 28
28 26 13
538 74 19
538 985 -28
538 537 -8
538 540 -8
74 956 19
74 46 13
985 955 28
985 1014 -28
985 106 13
537 77 19
537 988 13
537 507 8
537 567 -19
540 987 -13
540 539 13
540 76 19
540 542 13
499 41 19
499 950 -13
499 529 28
499 500 -19
499 469 -13
41 40 -13
41 39 -8
41 43 -13
41 917 -28
950 952 28
950 68 19
950 949 19
950 948 -28
529 559 13
529 980 -13
529 530 13
529 69 -19
500 498 19
500 947 -28
500 38 -19
500 502 13
469 470 -19
469 12 -8
469 439 19
469 920 -8
1001 999 19
1001 118 28
1001 1000 -19
1001 1003 -8
1001 551 19
999 998 -8
999 549 -28
999 116 -13
118 147 8
118 89 -8
118 119 13
118 584 8
1000 971 -8
1000 554 -8
1000 1030 8
1000 121 13
1003 553 -19
1003 120 28
1003 1002 19
1003 1005 8
551 552 8
551 521 13
551 581 -28
551 90 -13
1303 409 -28
1303 1302 13
1303 1305 -8
1303 855 -28
409 380 -8
1302 412 28
1302 858 -8
1302 1272 -8
1305 1304 13
1305 1307 8
1305 857 -19
1305 411 -8
855 381 -8
855 825 13
207 677 -19
207 236 -8
207 208 19
207 1094 -28
207 179 8
677 1123 -8
677 675 -8
677 676 28
677 679 13
236 707 13
236 264 -28
236 1124 -19
236 237 -19
208 674 8
208 210 -28
208 206 -28
208 1091 -19
1094 644 28
1094 1096 13
1094 1092 13
1094 1093 -28
179 647 28
179 151 -28
179 1065 -19
783 1226 -19
783 785 28
783 782 13
783 781 -19
783 307 -19
1226 339 8
1226 1196 13
1226 1227 13
1226 1256 19
785 309 8
785 1228 13
785 786 8
785 784 13
782 310 28
782 752 -19
782 811 -8
782 1229 -19
781 1224 -8
781 779 8
781 305 8
781 780 -28
307 308 19
307 336 19
307 280 19
307 1197 -28
605 634 28
605 575 13
605 1055 28
605 143 28
605 606 -28
634 664 13
634 172 8
634 635 -19
634 1084 -28
575 576 28
575 545 -19
575 114 8
575 1025 19
1055 1053 8
1055 171 -19
1055 1054 -19
143 142 -19
143 141 -19
143 1022 -8
606 140 19
606 1052 13
606 604 -13
606 608 -13
1201 754 28
1201 1200 13
1201 1199 -8
1201 311 -19
754 755 -8
754 784 28
754 724 28
754 285 -28
1200 1171 13
1200 1230 28
1200 757 13
1199 752 -28
1199 1197 13
1199 1198 -19
1199 309 -8
311 340 -13
311 786 -28
311 312 -28
311 284 19
308 310 19
308 306 -19
308 780 19
308 1194 -19
336 365 19
336 337 -8
336 812 -13
336 1227 -8
280 1169 -8
280 252 -13
280 281 8
280 753 -28
1197 1196 28
1197 1195 -13
1197 750 19
40 920 13
40 11 28
40 502 -8
40 68 -19
920 919 28
920 922 13
920 918 13
11 12 -13
11 890 19
11 472 -19
502 504 -19
502 949 19
502 501 -28
68 97 8
68 69 28
68 532 28
20 18 -28
20 895 -8
20 22 -8
20 19 -28
18 16 28
18 475 28
18 893 -28
18 17 28
895 925 -28
895 896 28
22 479 28
22 21 19
22 897 -13
22 24 13
19 480 -28
19 48 -13
310 309 -13
310 312 28
310 1196 -13
309 282 28
309 338 -8
312 1198 -28
312 784 13
1196 1168 19
1196 753 8
274 1163 -13
274 747 -19
274 275 -13
274 246 -28
274 301 -13
1163 1165 8
1163 1161 -8
1163 714 13
1163 1162 13
747 749 -28
747 1190 -8
747 746 -13
747 745 13
275 273 -28
275 744 8
275 277 28
275 1160 -28
246 1134 28
246 717 -8
246 247 -28
246 217 8
301 302 -28
301 1191 8
301 330 8
301 777 -19
590 592 -13
590 589 19
590 588 8
590 124 -19
590 1036 19
592 126 19
592 591 28
592 594 -13
592 1038 8
589 127 8
589 559 -8
589 619 -19
589 1039 13
588 1034 8
588 586 28
588 122 -13
588 587 -28
124 1007 13
124 95 -19
124 153 19
124 125 -8
1036 1037 -19
1036 1066 -19
1036 1006 28
1036 156 -13
1007 1005 -8
1007 1009 -8
1007 1006 -19
1007 557 28
95 96 -19
95 66 28
95 978 -13
95 560 28
153 620 8
153 1037 13
153 154 -8
153 180 -8
125 127 -13
125 123 28
125 587 -19
125 1004 28
925 478 -28
925 955 28
925 926 -19
925 49 13
478 480 28
478 476 -8
478 17 28
955 956 13
955 77 -13
955 508 -19
926 46 -19
926 924 28
926 475 13
926 928 28
49 47 -13
49 507 19
49 48 -13
49 51 28
1166 1194 19
1166 1167 -8
1166 1137 13
1166 281 8
1166 721 -19
1194 1224 -28
1194 1195 -19
1194 751 -13
1167 1165 13
1167 718 -8
1167 1169 13
1167 278 -13
1137 691 -19
1137 1138 -13
1137 1107 -19
1137 253 28
281 279 -19
281 750 -19
281 283 13
721 719 -28
721 250 -8
721 720 19
721 723 -13
553 92 13
553 583 19
553 554 19
553 523 13
92 971 8
92 91 -28
92 94 8
92 90 -28
583 613 8
583 584 -13
583 1033 19
583 121 13
554 552 -13
554 89 8
554 556 -8
523 524 -19
523 63 -8
523 493 8
523 974 -28
695 697 13
695 693 13
695 694 -19
695 225 -13
695 1140 -13
697 696 28
697 1142 -28
697 227 -19
693 691 13
693 223 8
693 692 -28
694 664 -28
694 228 -13
694 724 -19
694 1143 8
225 254 19
225 226 13
225 1112 -28
225 196 28
1140 1141 19
1140 1111 19
1140 256 8
834 833 -8
834 1278 19
834 832 13
834 836 -28
833 360 -19
833 803 13
833 863 28
833 1281 19
1278 1279 13
1278 1308 19
1278 389 -28
832 831 -13
832 1276 19
832 830 19
832 355 19
836 359 -28
836 835 -13
836 1280 -8
836 838 19
127 126 -19
127 1006 -19
127 129 19
126 97 -19
126 155 -8
126 1009 -19
1006 977 8
1006 560 13
129 591 8
129 1008 13
129 131 -19
386 1279 -8
386 415 28
386 864 -28
386 387 -13
328 329 -8
328 1219 19
328 299 -19
328 804 28
358 360 -13
358 831 8
358 356 8
358 1246 -13
423 394 19
423 424 -19
423 1317 13
394 872 -8
394 1287 28
394 365 -13
394 395 19
424 426 -19
424 1314 28
424 422 -28
1317 869 -28
1317 1316 8
1317 1315 -8
1317 1319 -28
360 359 19
360 362 -28
359 388 13
359 330 28
362 835 -19
362 361 13
362 1250 -13
362 364 13
909 33 -28
909 910 13
909 939 28
909 462 -28
909 879 28
33 35 28
33 491 -8
33 32 19
33 31 28
910 30 28
910 908 19
910 912 -19
910 459 13
939 969 28
939 492 -28
939 61 19
939 940 28
462 464 8
462 460 -13
462 461 28
462 1 8
879 432 28
879 880 -19
879 4 -19
1267 374 8
1267 1266 -28
1267 1269 19
1267 819 -19
1267 1265 19
374 852 13
374 345 13
374 375 -19
1266 377 -19
1266 1236 8
1266 822 28
1266 1296 8
1269 376 19
1269 1271 8
1269 1268 -19
1269 821 8
819 789 8
819 820 -28
819 346 19
819 849 13
1265 817 -28
1265 1264 19
1265 1263 -13
71 69 19
71 73 -28
71 531 13
71 70 -13
71 949 -8
69 67 13
69 947 8
73 72 -28
73 533 28
73 951 -28
531 532 -13
531 501 -28
531 982 -19
531 561 28
70 534 -28
70 952 13
70 42 19
70 99 19
949 919 19
949 979 -28
977 98 -19
977 947 -19
977 978 -28
977 530 -19
98 559 -19
98 97 8
98 100 8
98 96 -28
947 917 -19
947 948 13
978 527 -19
978 976 -19
978 980 28
530 66 -13
530 528 8
530 532 -28
643 641 19
643 645 -13
643 1089 8
643 642 19
641 174 -19
641 640 28
641 1087 -19
645 644 -13
645 647 -13
645 1091 8
645 177 28
1089 1119 -8
1089 1090 -8
1089 206 -13
642 178 -8
642 613 19
642 1092 -19
642 672 28
425 396 -13
425 1319 -8
425 426 28
396 367 19
396 1289 8
396 874 -13
396 397 28
1319 871 -13
1319 1321 -28
1319 1318 19
426 428 -13
426 1316 -8
749 1192 -13
749 751 13
749 276 19
749 748 28
1190 304 -19
1190 1162 13
1190 1220 -19
1190 1191 28
746 716 -19
746 776 28
746 1193 -19
746 277 -28
745 272 -13
745 1188 13
745 744 -8
453 483 -19
453 904 19
453 454 -19
483 513 -19
483 484 -28
483 26 8
483 934 19
904 902 -8
904 25 -8
904 903 28
454 452 28
454 901 -8
454 456 28
956 958 19
956 954 28
958 507 -28
958 76 8
958 960 28
958 957 28
954 952 -8
954 72 19
954 953 13
954 503 19
1218 331 -19
1218 1219 19
1218 1188 13
1218 775 8
331 333 19
331 329 -28
331 803 -28
331 330 19
1219 772 -28
1219 1217 8
1219 1221 -13
1188 302 -8
1188 1189 8
1188 1160 19
775 773 -28
775 299 13
775 777 19
775 774 19
178 176 19
178 177 19
176 1058 -8
176 175 -28
176 640 -19
177 205 -28
177 149 -13
710 243 -8
710 1159 -19
710 711 -13
710 680 -19
243 242 -28
243 245 -19
243 241 -8
243 1127 8
1159 270 8
1159 1157 19
1159 1161 -8
1159 1158 -8
711 713 -28
711 1156 -19
711 709 -13
711 240 28
680 681 8
680 650 28
680 214 -8
680 1130 13
644 615 -13
644 674 13
647 649 28
647 1093 28
647 646 13
1091 1062 19
1091 1121 13
1091 1092 28
1067 1066 19
1067 617 13
1067 1065 -8
1067 1069 -13
1067 180 -13
1066 183 -13
1066 620 13
1066 1095 -8
617 618 -13
617 154 -13
617 587 13
617 646 19
1065 615 19
1065 1064 13
1069 619 8
1069 1071 -8
1069 182 -19
1069 1068 13
180 649 -13
180 209 -28
180 181 -28
1028 1058 19
1028 582 -8
1028 998 -19
1028 148 -8
1028 1029 -19
1058 612 -19
1058 1087 28
582 580 -13
582 116 -19
582 581 19
582 584 -8
998 552 13
998 119 -13
998 969 13
148 147 -19
148 146 -28
148 150 13
1029 579 13
1029 1031 -28
1029 1027 13
1029 145 -19
242 1130 -8
242 213 -8
242 713 19
242 270 8
1130 1129 -28
1130 1132 28
1130 1128 -8
213 214 8
213 683 -8
213 1100 -28
713 712 8
713 1158 -19
713 715 19
270 297 -13
270 271 19
544 991 13
544 542 8
544 80 -28
544 546 13
544 543 -8
991 1020 -19
991 992 -8
991 112 19
991 961 28
542 989 8
542 78 -28
542 541 19
80 52 8
80 109 13
80 81 19
80 962 -13
546 82 13
546 548 -19
546 545 -8
546 993 13
543 513 -19
543 573 13
543 83 -13
543 994 19
475 476 19
475 445 -13
506 504 8
506 953 -28
506 508 -13
506 44 -13
47 46 19
47 45 19
47 923 -28
1005 122 13
1005 1004 -19
1005 555 -8
1009 559 -28
1009 1011 8
1009 1008 19
557 527 -28
557 96 -19
557 587 8
557 558 -28
1309 415 19
1309 1311 8
1309 861 19
1309 1307 -8
1309 1308 13
415 416 -28
1311 417 -28
1311 1310 -28
1311 863 13
1311 1313 19
861 831 -28
861 387 -13
861 862 13
1307 859 -13
1307 413 -8
1307 1306 -28
1308 864 -19
1308 418 -8
1133 1162 19
1133 687 28
1133 1134 8
1133 249 19
1133 1103 -8
1162 277 8
1162 717 -8
687 685 8
687 686 19
687 689 13
687 217 -13
1134 684 -8
1134 1136 13
1134 1132 28
249 716 8
249 248 -13
249 251 19
249 247 28
1103 1104 -13
1103 220 -28
1103 1074 -13
1103 657 -13
800 799 -19
800 1244 -19
800 802 28
800 324 -13
800 798 13
799 327 8
799 770 28
799 829 13
1244 1245 8
1244 1274 -13
1244 1214 -8
1244 356 -13
802 1246 19
802 326 28
802 804 13
324 353 13
324 1215 13
324 325 -8
324 296 13
798 1242 -19
798 796 -28
798 322 -28
798 797 -8
46 508 13
46 17 28
508 507 -13
508 510 19
17 896 13
1118 668 28
1118 1116 8
1118 1120 13
1118 1117 -13
1118 230 -13
668 638 -8
668 698 -8
668 669 28
668 202 -19
1116 229 13
1116 1115 -8
1120 1119 28
1120 670 8
1120 1122 -8
1120 232 19
1117 233 -19
1117 671 -8
1117 1146 -8
1117 1087 13
230 258 19
230 701 -28
230 201 -8
230 231 -8
327 326 19
327 329 -13
327 325 28
327 1214 -8
326 297 19
326 1217 -13
326 355 -13
329 1216 28
325 797 13
325 1212 28
325 323 28
1214 1215 19
1214 771 19
931 484 -8
931 932 8
931 55 8
931 901 -13
931 961 -13
484 482 -8
484 486 -13
484 23 -8
932 930 8
932 481 -8
932 52 28
932 934 -13
55 513 13
55 54 8
55 53 13
55 57 28
901 902 19
901 26 13
961 962 8
961 83 -8
961 514 -8
852 854 -28
852 851 -28
852 850 28
852 1296 -28
854 1298 8
854 376 19
854 853 28
851 377 28
851 1299 13
851 821 -13
850 848 -8
850 849 28
1296 1297 8
559 560 8
560 558 -19
560 562 -28
298 770 -28
298 297 -19
298 300 -8
1156 1127 28
1156 271 -28
1156 1157 13
1185 738 -13
1185 1183 -19
1185 1187 8
1185 296 -19
133 595 8
133 132 -19
133 135 -8
133 131 8
133 1012 -8
595 1045 8
595 625 -8
595 596 28
132 103 -8
132 598 -13
132 1015 19
132 161 8
135 597 -28
135 1014 -13
135 137 13
135 134 8
131 593 28
131 1010 19
131 130 8
1012 983 -28
1012 1013 -8
1012 566 -28
1012 1042 -13
664 199 -8
664 1114 -8
664 665 19
199 198 28
199 197 28
199 1081 8
1114 227 -28
1114 1113 -28
1114 1112 13
665 667 -8
665 663 -13
665 1111 -13
665 196 13
377 375 -19
377 376 -13
377 379 -19
375 1264 19
375 849 8
375 373 28
376 347 -8
376 405 28
379 853 8
379 1268 28
379 381 -28
379 378 8
97 562 19
97 980 -28
562 561 19
562 1008 -13
562 564 8
980 982 -13
980 979 -19
1273 1272 -28
1273 1275 13
1273 1271 8
1273 825 -8
1273 380 -28
1272 383 8
1272 1242 -8
1272 828 -8
1275 1274 28
1275 382 28
1275 1277 8
1275 827 8
1271 823 -19
1271 378 -13
825 795 -19
825 352 -28
825 826 -19
380 858 -28
380 381 -19
380 351 -13
77 76 28
77 79 -8
76 48 -8
76 105 -19
79 81 13
79 78 13
79 957 -13
79 539 -19
983 953 28
983 984 13
983 104 -13
953 923 -19
984 982 -8
984 533 -19
984 101 8
104 103 19
104 102 -28
104 106 -8
198 227 13
198 171 -19
198 1084 28
198 667 -13
227 228 -8
171 172 -19
171 142 -28
171 637 -8
1084 1083 -28
1084 1082 13
667 666 13
667 1113 -28
649 651 8
649 1095 8
649 648 28
651 650 -28
651 1097 8
651 182 -8
651 653 -8
1095 1125 -19
1095 1096 -8
1095 212 28
648 183 28
648 678 -13
648 619 13
648 1098 -13
640 1090 13
640 670 28
581 1031 19
581 119 -19
612 614 8
612 610 19
612 145 28
817 818 -28
817 787 28
817 344 13
817 847 -8
818 1262 -19
818 820 -28
818 342 8
787 1235 13
787 315 19
787 758 8
787 788 8
344 1232 8
344 346 -28
344 343 19
847 848 13
847 373 13
1236 1206 -19
1236 348 28
1236 792 -13
1236 1237 8
1206 319 -8
1206 1207 13
1206 763 13
1206 1177 19
348 347 13
348 350 -28
348 346 28
348 821 8
792 791 -13
792 790 -28
792 316 -28
792 794 -13
1237 789 19
1237 1239 -13
1237 1235 -13
1237 345 8
1224 337 19
1224 1254 13
1224 1225 19
337 339 13
337 335 -19
337 809 -8
1254 1284 -28
1254 1255 -28
1254 366 -19
1254 810 28
1225 1223 -8
1225 778 19
1225 1227 8
1225 334 -13
183 181 19
183 185 -19
183 182 -13
181 1064 19
181 646 28
185 650 19
185 1068 19
185 187 -19
182 155 8
182 211 13
716 1165 -8
716 717 -19
716 686 28
1165 276 8
1165 1164 8
717 719 13
717 715 -8
686 656 -19
686 220 8
686 1136 -28
147 1031 8
147 614 -28
1031 1030 19
1031 1033 -19
614 613 13
614 616 28
1073 623 -28
1073 1075 -8
1073 1072 -28
1073 186 -8
1073 1071 19
623 593 -19
623 160 28
623 652 -8
1075 188 -19
1075 625 28
1075 1074 -28
1075 1076 -19
1072 189 13
1072 626 8
1072 1042 13
1072 1101 -8
186 655 -28
186 159 19
186 215 -8
186 187 28
1071 1070 8
1071 621 -28
719 1164 -19
719 248 -28
719 718 -19
1164 1135 19
1164 279 -8
1164 1192 -13
248 276 28
248 1136 8
248 219 19
718 251 19
718 748 -28
718 688 13
1034 1004 -8
1034 1035 19
1034 1064 -19
1034 154 19
1004 558 -28
1004 975 19
1035 1033 28
1035 585 -13
1035 1037 28
1035 151 28
1064 618 13
1064 1093 28
154 156 19
154 152 -28
276 303 -13
276 277 -13
1136 1135 19
1136 1138 -19
219 220 -8
219 1106 -13
219 190 -8
219 689 -28
730 700 -28
730 760 -8
730 261 -13
730 1178 8
730 731 28
700 233 19
700 1149 28
700 701 8
700 670 19
760 789 -19
760 761 8
760 1207 -13
760 289 -28
261 260 19
261 263 -8
261 259 -8
261 1146 -19
1178 1176 13
1178 1177 8
1178 1179 -13
731 729 -13
731 733 28
731 1175 -8
731 258 -19
525 65 8
525 976 13
525 526 -28
525 495 -13
525 555 -28
65 67 -13
65 63 8
65 943 8
65 64 -19
976 93 28
976 974 -19
976 975 8
526 528 8
526 973 -13
526 524 28
526 62 -19
495 496 -19
495 465 -13
495 946 28
495 37 8
555 556 19
555 585 -19
555 94 -13
806 808 8
806 804 -19
806 1250 -8
806 805 -19
806 330 8
808 332 28
808 1252 -8
808 810 8
808 807 28
804 803 -19
1250 1280 -8
1250 1220 -13
805 333 13
805 776 28
805 835 -28
805 1253 -13
330 1221 -8
233 231 -19
233 235 -8
233 232 28
231 1115 -19
231 698 -28
235 1119 -28
235 702 8
235 234 -8
235 237 -13
232 203 19
232 260 28
232 703 -19
770 1217 -13
770 771 -28
1217 1216 28
1217 1215 -19
771 773 13
771 769 8
771 296 19
333 335 13
333 332 13
333 1220 -19
335 334 28
335 1222 13
335 807 -19
332 303 -19
332 1223 8
1220 777 8
1220 1221 -8
873 1321 8
873 843 28
873 399 28
873 874 13
1321 427 19
1321 1320 13
843 844 13
843 1291 8
843 813 28
843 370 19
399 398 -28
399 1288 -19
399 397 -8
874 876 -28
874 872 -8
874 1318 -28
527 528 8
527 67 -13
527 497 19
528 64 28
528 975 19
67 66 28
67 945 8
497 498 19
497 39 -19
497 467 19
497 948 -28
468 466 -19
468 915 28
468 470 -8
468 7 -28
468 467 13
466 465 -28
466 464 13
466 913 28
466 5 28
915 39 19
915 885 -13
915 945 -28
915 916 -28
470 472 13
470 917 -28
470 9 -13
7 36 -28
7 8 -19
7 886 28
467 437 -28
467 10 28
467 918 -8
297 773 28
297 1187 28
773 772 19
773 1216 -28
1187 1189 -19
1187 1186 13
876 1320 -28
876 875 -28
876 398 19
1320 1290 28
875 845 28
398 369 19
398 427 13
398 1291 -13
369 1261 -28
369 846 28
369 340 -13
369 370 -13
427 428 -13
1291 1290 8
1291 1289 28
566 568 -8
566 564 -28
566 101 -28
1015 1014 -28
1015 1017 8
1015 1013 28
772 742 28
772 300 -19
742 712 -13
742 273 8
742 1189 13
300 302 -28
300 1186 13
300 299 8
304 776 -19
304 303 13
304 306 -19
304 302 28
1191 1193 -19
1191 1189 -13
1191 744 -19
383 857 -8
383 381 28
383 382 13
383 385 13
857 858 19
857 827 28
382 353 -13
382 860 8
382 411 -28
385 859 -19
385 384 -8
385 1274 13
385 387 -8
103 568 19
568 1014 8
568 570 8
568 567 28
579 609 -19
579 117 -28
579 580 -8
579 549 -19
609 638 -19
609 146 -28
609 610 -19
117 997 -19
117 119 -19
117 116 8
580 115 8
580 1026 -8
549 550 8
549 519 28
549 88 -13
685 215 -13
685 1131 -8
685 683 -13
685 684 -8
215 244 -8
215 216 8
215 1102 -28
1131 1160 13
1131 1101 -28
1131 1132 -19
1131 247 8
683 1129 13
683 681 13
683 682 19
684 654 13
684 218 13
684 714 -19
1176 287 28
1176 728 -19
1176 1174 -8
1176 1175 -8
287 761 13
287 314 -13
287 258 19
728 729 -8
728 259 -28
728 698 13
728 758 19
1174 286 -19
1174 1173 -13
1175 289 -8
1175 1204 -28
1175 1146 13
824 822 -19
824 823 -8
824 347 -13
824 826 -8
824 1268 28
822 820 8
822 345 -8
822 821 -13
823 793 -13
823 350 8
823 853 8
347 318 -28
347 1239 13
826 349 13
826 828 -13
1268 1298 13
1268 1238 28
1279 1281 19
1279 1277 8
1279 831 -8
1281 1280 -28
1281 388 -13
1281 1283 -28
1277 384 28
1277 1276 -8
1277 829 19
318 794 13
318 319 28
318 290 8
318 1209 8
1239 791 19
1239 1241 8
1239 1238 13
172 170 -13
172 1052 28
635 633 -13
635 1081 -8
635 637 -28
635 169 -8
1242 1212 8
1242 354 13
1242 1243 19
1212 769 -28
1212 1213 19
1212 1182 -13
354 353 -19
354 356 -8
354 827 13
354 352 -13
1243 1245 13
1243 1241 -8
1243 795 -28
1243 351 28
722 255 -28
722 723 -8
722 692 -19
722 1170 -8
722 752 -28
255 254 28
255 253 -28
255 256 -8
723 725 19
723 252 -19
723 1168 8
692 226 19
692 1141 -19
692 662 -28
1170 282 -19
1170 1172 8
1170 1169 -28
752 283 -28
752 753 28
1245 797 13
1245 353 -13
797 768 13
797 827 -8
353 830 -13
737 736 -28
737 1180 -13
737 735 -8
737 264 28
736 267 8
736 766 -8
736 1183 -13
736 706 19
1180 1181 -8
1180 1152 8
1180 1210 28
1180 295 -13
735 262 -19
735 734 -13
735 733 -13
264 1153 -13
264 292 19
264 265 28
254 282 19
254 1141 -8
254 725 19
282 755 -28
282 283 28
1141 1139 28
1141 1143 13
725 727 -13
725 724 8
1030 150 28
1030 584 -28
1033 149 13
1033 1032 19
532 534 -13
532 979 -28
501 952 28
501 471 28
501 43 19
982 99 28
982 981 -8
561 100 -19
561 591 19
561 1011 -13
400 371 -8
400 1293 -19
371 848 -19
371 342 -19
371 1263 13
1293 1292 13
534 981 13
534 533 13
981 102 -19
981 951 -28
981 1010 28
533 503 19
533 563 28
1056 610 13
1056 1085 -28
1056 175 -28
1056 1026 -19
1085 1115 8
1085 1086 8
1085 202 -19
175 638 -28
175 174 -13
1026 1027 13
1026 146 13
1026 997 8
776 1223 19
776 777 -19
1223 1222 28
1223 1221 19
777 779 19
203 1090 13
203 204 8
203 673 -8
1090 1088 13
1090 1092 13
204 670 -13
204 206 -13
204 202 13
204 1087 -28
673 675 8
673 1119 28
673 671 19
673 672 19
339 338 19
339 341 28
339 811 28
338 814 8
338 367 -28
338 1229 19
341 813 19
341 340 13
341 1228 19
811 841 -13
811 1259 -19
811 812 -8
474 13 13
474 472 -28
474 921 13
474 476 -28
474 473 -19
13 42 8
13 892 8
13 14 13
472 919 -19
472 471 19
921 45 -13
921 891 13
921 951 -13
921 922 19
476 923 13
476 15 28
473 16 -28
473 443 -8
473 924 -13
473 503 -28
779 778 8
779 303 -8
779 1222 19
778 306 -28
778 807 -13
778 748 28
303 1193 -8
1222 1192 -28
1222 1252 -13
601 1051 8
601 602 13
601 631 28
601 139 -28
601 571 -13
1051 167 8
1051 1050 -28
1051 1049 -28
1051 1053 -19
602 1048 -28
602 136 -19
602 604 19
602 600 8
631 168 19
631 660 -28
631 1080 19
139 137 8
139 1018 13
139 138 19
139 141 -28
571 1021 28
571 572 -13
571 110 19
571 541 -28
1298 1299 -19
1298 408 -19
1299 1297 28
1299 405 19
408 407 -13
1193 1192 13
1193 1195 8
789 790 -8
789 317 19
790 314 -13
790 1234 -8
790 788 19
317 1204 -13
317 319 8
317 316 -19
317 315 8
896 894 -8
896 445 -28
16 15 -28
16 14 8
16 891 -8
15 894 -19
15 44 -19
14 471 8
14 12 -19
14 889 8
891 444 -28
891 892 -19
1168 1169 28
1168 283 -13
753 755 -28
753 751 19
306 1192 19
306 305 -13
305 278 8
305 1195 -28
305 334 19
845 846 -28
845 815 13
846 1290 -13
846 844 28
815 816 28
586 120 -13
586 584 -13
586 585 8
586 1032 28
120 91 -13
120 121 19
120 149 28
585 123 19
585 615 8
1032 1062 -28
1032 152 19
1032 1002 28
91 556 -8
91 974 13
91 62 -28
121 123 8
121 119 28
149 150 -13
149 616 -28
900 449 -28
900 902 8
900 21 28
900 899 -13
897 927 -13
897 450 8
1198 1228 -19
1198 755 -8
691 221 19
691 690 -19
691 689 28
221 1108 28
221 250 -19
221 222 -8
221 192 28
690 660 -28
690 224 28
690 1139 28
690 720 19
689 1135 28
689 688 -28
100 99 28
100 102 8
100 979 13
99 564 8
102 563 8
102 101 -8
979 1008 19
830 828 -8
830 1274 -28
830 829 19
122 151 -19
122 93 -19
122 123 13
151 618 -13
151 152 28
93 558 -8
93 94 8
93 64 -8
123 1002 19
66 948 -8
66 38 19
945 498 28
945 946 28
945 975 8
168 166 -19
168 170 28
168 167 -19
168 1048 13
166 629 -13
166 165 -13
166 164 -8
166 1046 13
170 1050 -28
170 632 8
170 169 8
167 633 13
167 194 28
167 138 8
1048 1049 -8
1048 1018 -8
1186 1158 19
1186 1216 19
449 450 -13
449 479 13
450 452 28
479 480 28
479 930 8
479 509 -8
952 951 -28
951 504 -28
1262 1232 19
1262 373 -13
1262 1263 8
1262 1292 -28
1232 1233 19
1232 1202 28
1232 788 -13
1292 848 -28
638 1088 8
1088 1086 13
1088 201 13
1088 1087 -13
174 145 -19
174 201 -13
145 146 8
145 116 -28
201 671 19
201 202 -13
412 411 13
412 414 8
858 860 19
987 988 -28
987 957 13
987 1016 -19
987 108 -13
539 509 -19
539 569 8
539 990 -8
1062 616 13
616 618 -8
616 615 -8
1002 556 8
1002 973 -19
796 1240 28
796 320 -13
796 795 28
796 794 8
1240 1241 -13
1240 352 13
1240 1210 -8
320 1211 -28
320 349 -13
320 321 19
320 292 -28
795 323 -19
795 766 -8
794 793 19
794 1238 -13
480 927 28
480 482 19
927 957 -28
927 51 13
927 928 -28
482 21 28
482 929 19
482 481 13
607 577 -19
607 636 -8
607 608 28
577 578 28
577 547 8
636 666 -28
636 637 -19
608 142 28
608 1054 19
48 928 -19
48 510 8
902 23 -19
902 451 28
23 52 28
23 24 -28
451 452 -19
451 481 28
42 922 -19
42 504 19
42 43 13
922 471 8
922 924 13
504 503 8
43 45 28
43 919 -8
1108 1106 8
1108 658 28
1108 1110 -13
1108 1107 28
1106 1104 28
1106 656 13
1106 1105 -19
658 688 8
658 629 28
658 659 -13
658 193 -8
1110 660 -19
1110 1112 -8
1110 1109 13
1110 223 -19
1107 224 19
1107 1077 -19
1107 661 -28
1304 1274 28
1304 414 -8
1304 860 13
414 413 -19
414 416 -13
860 859 8
860 862 8
21 50 8
24 899 -13
24 26 -8
24 481 -8
228 226 -19
228 1111 -13
724 1172 -13
724 256 19
1143 1142 13
155 622 -28
155 156 8
155 1039 -19
322 351 13
322 323 -8
322 294 -28
322 1213 -19
351 352 8
351 828 28
323 1210 -8
323 321 -13
294 266 -28
294 769 -13
294 1183 -28
294 295 -8
1213 1211 8
1213 766 -19
1213 1215 13
267 266 -8
267 269 8
267 265 -28
267 1152 13
266 1155 -13
266 238 -8
269 738 -19
269 1154 8
269 271 8
265 734 13
265 1150 -8
265 263 -19
1152 707 -19
1152 1123 28
1152 1153 13
25 54 13
25 26 28
25 486 -19
903 933 -28
903 456 19
696 666 -8
696 726 28
1142 1113 -19
1142 1171 8
1157 1155 19
1157 708 -28
1161 712 8
1161 1160 -13
1161 272 -28
1158 273 -8
1158 1129 8
388 866 -13
388 417 13
388 389 8
1284 395 19
1284 1314 28
1284 1285 19
1284 840 19
395 869 8
395 393 19
395 397 28
1314 1315 8
1314 870 13
1285 392 13
1285 837 -8
1285 1287 13
1285 1283 8
840 839 28
840 842 -8
840 363 -19
840 838 -28
660 195 -8
660 661 -19
195 1077 -19
195 194 -19
195 193 -13
195 197 -19
661 192 -8
661 663 -13
661 659 28
849 1297 28
72 101 -13
72 44 28
343 1235 -8
343 820 8
343 314 13
821 791 -13
428 1318 -8
751 750 -28
751 278 -13
748 279 28
748 1195 -13
960 78 -28
960 509 8
960 959 -13
960 962 -8
957 510 8
1083 1054 8
1083 1113 28
1083 637 28
1054 1024 8
446 445 -8
446 444 13
446 893 -8
444 442 -8
444 443 8
893 894 -13
893 923 13
615 152 -13
674 675 19
674 704 -13
674 1124 -8
712 245 -28
712 682 -8
245 1129 13
245 244 -13
245 247 -28
682 652 8
682 216 -8
682 1132 -13
1211 764 -19
1211 1210 19
1211 1209 -8
764 734 8
764 793 -8
764 293 28
764 765 8
1210 767 13
1209 1208 -13
1209 1207 -8
1209 762 13
1024 578 -8
1024 1025 -19
1024 995 -28
578 576 -13
578 113 -28
1025 142 28
1025 1023 28
995 996 13
995 965 -13
995 548 28
1011 1010 13
1011 1013 -28
1008 1038 -28
224 223 19
224 222 28
224 226 -28
223 252 -13
223 194 -19
222 220 28
222 688 -13
222 1105 -19
226 1109 -8
1135 1105 -8
1135 251 -8
1105 659 28
251 250 -8
251 253 -13
498 496 19
498 36 8
496 494 -28
496 34 -8
496 943 -8
36 64 28
36 37 19
36 916 28
1246 1276 8
1246 1216 -28
355 384 13
355 356 19
1112 662 -13
1112 1111 -13
39 37 -19
39 38 -28
37 35 -28
37 913 -13
38 9 8
38 918 -13
869 870 -19
869 839 13
870 392 19
870 872 19
870 868 19
839 809 28
839 1287 -28
839 366 -19
273 271 19
273 272 28
272 244 -13
272 299 -13
872 871 -8
872 1316 8
1287 1286 -19
1287 1289 -28
365 366 19
365 1257 13
365 842 28
463 433 -19
463 464 13
463 914 28
463 493 -19
463 6 28
433 434 8
433 884 -19
464 3 -28
464 911 -8
914 34 13
914 916 19
914 913 -13
914 912 -28
493 494 -28
493 35 -13
493 944 -28
6 8 -19
6 5 19
6 4 -13
6 881 19
1290 1260 -8
1260 1261 -8
1260 1230 19
1260 816 28
552 87 28
552 550 -13
87 116 8
87 59 -8
87 88 28
87 970 19
550 997 8
550 86 13
378 349 8
378 407 -8
827 828 -13
81 83 28
81 541 -19
81 959 -28
78 50 -8
78 107 -28
974 973 -8
974 972 -8
975 96 -28
820 1264 28
346 345 13
346 1234 13
964 513 13
964 82 -8
964 963 -13
964 966 -19
964 962 8
513 514 -19
82 54 -19
82 111 19
82 83 -8
963 516 28
963 85 -13
963 993 -19
963 933 -13
966 84 -19
966 515 -8
966 965 -13
962 511 -19
452 899 8
899 929 28
688 1138 28
1215 768 -19
250 278 19
250 1138 -8
278 279 -28
1138 1139 -13
732 733 -13
732 702 -19
732 263 -19
732 762 -13
732 1179 -13
733 260 28
733 1177 13
702 1151 -8
702 672 -19
702 703 -19
263 262 -28
263 1148 28
762 791 -28
762 763 28
762 291 -8
1179 290 19
1179 1181 19
1111 1081 28
503 45 19
1252 1282 -28
1252 1253 8
1252 364 19
810 809 28
810 334 -8
810 812 -8
807 837 -13
807 1255 28
437 438 28
437 888 -28
10 9 8
10 8 28
10 885 -28
10 12 19
918 917 -19
918 916 28
45 44 -8
44 924 -13
334 363 -28
917 887 8
9 888 13
888 886 -28
888 890 -13
888 887 13
1264 1234 28
279 277 -19
930 929 19
930 50 13
930 928 13
929 53 -8
929 959 8
50 512 19
50 51 8
576 111 8
576 574 28
576 1022 13
111 112 19
111 140 13
111 994 19
574 572 -19
574 1020 19
574 573 -28
574 109 -19
1022 1052 19
1022 993 28
1022 1023 -19
892 894 -28
892 441 -28
892 890 -13
654 1104 13
654 189 -13
654 655 19
654 625 28
218 220 8
218 216 28
218 1101 13
218 217 19
714 715 28
714 247 -19
714 744 -28
894 443 -28
96 94 -13
94 973 28
656 627 -19
656 191 -8
656 657 -28
628 626 -28
628 1074 13
628 627 -19
628 161 13
628 630 8
626 625 -13
626 159 -13
1074 1044 -19
1074 191 8
627 597 13
627 1076 -13
627 164 -28
161 188 -13
161 1045 13
161 162 -13
630 629 19
630 163 13
356 829 -19
766 767 -28
766 295 -28
1183 1182 8
1183 1181 -19
706 1155 13
706 707 -28
706 239 -19
706 676 13
1221 774 28
738 768 -28
738 708 19
768 769 28
708 709 13
708 678 -19
708 241 -13
563 593 -28
563 1013 -28
563 564 8
997 967 -19
967 968 -19
967 520 -8
967 937 -8
967 88 28
1139 252 -19
923 924 19
969 522 -8
969 90 -8
969 970 -13
1104 217 -13
1104 1102 19
217 188 -13
1102 1100 13
1102 652 -28
1102 1101 -8
791 319 -8
319 321 -8
936 935 19
936 485 -28
936 934 -19
935 905 28
935 965 -13
485 455 19
485 486 -13
485 515 -28
934 54 28
934 933 19
1228 1258 -19
1228 1229 13
755 757 28
720 750 13
720 1169 -8
720 253 -13
29 908 13
29 58 -13
29 490 8
29 0 28
908 907 -28
58 86 -19
58 520 19
58 938 -8
490 489 28
490 937 28
490 492 8
0 460 13
0 878 13
290 262 -13
290 291 -19
290 765 19
101 130 8
1080 1082 -13
1080 194 19
1080 1079 19
1080 1078 -8
1155 1154 -28
1155 1153 -13
1154 1182 -28
1154 1125 -13
1154 709 13
1153 1151 19
1153 704 -13
262 1151 13
262 234 28
1151 1150 19
1151 1149 -8
234 705 -13
234 205 13
234 1122 8
988 990 -13
988 105 -13
990 989 13
990 107 -8
990 992 -28
105 570 28
105 134 -19
105 106 -28
948 946 28
633 1079 28
633 632 8
1079 1050 -8
1079 1109 -28
1079 197 -19
632 1082 -28
632 603 8
632 662 -19
1053 169 8
1053 1052 19
1053 603 13
194 663 13
138 109 -28
138 1021 28
138 604 8
1050 604 19
1050 1020 13
169 140 -28
169 196 -13
744 774 19
1234 1235 28
1234 1204 -19
442 441 13
442 889 -13
442 440 -13
441 471 -19
889 919 8
889 890 28
440 439 13
440 887 13
440 438 -8
1207 316 -19
1207 1205 28
763 761 8
763 288 8
763 765 -19
1177 1148 -13
1177 291 19
1077 1078 8
494 32 -8
494 492 19
494 941 28
32 3 -8
32 912 -19
492 30 8
492 491 19
941 971 -13
941 942 -8
941 63 -8
941 911 8
1109 663 -8
302 774 28
774 803 -13
35 911 -28
35 34 8
911 881 -28
911 912 13
34 5 28
34 62 8
238 709 13
238 209 -8
238 1126 -8
238 239 28
933 486 8
933 57 19
456 455 -19
456 458 -13
943 973 8
943 944 -8
943 913 28
844 842 28
844 367 -28
844 1288 8
842 1286 -13
842 841 19
367 368 -13
367 1259 -28
1288 1318 -13
1288 1289 19
1288 1258 -13
1129 1099 28
1160 715 8
1286 397 28
1286 1316 13
1286 1256 28
397 871 13
1256 1257 -28
1256 368 19
1256 812 -13
510 512 -13
510 509 28
345 316 -28
86 968 -19
86 115 -19
968 970 8
420 418 8
420 1310 19
420 419 28
420 422 -28
418 417 13
418 416 -13
1310 866 19
1310 1280 28
419 1313 -13
419 390 13
422 1312 -28
422 421 -19
971 524 -28
971 972 13
524 522 -8
972 521 -28
972 89 8
972 970 -8
769 767 8
252 253 -8
707 709 28
707 705 8
705 1150 -8
705 704 19
705 703 -28
140 141 28
140 1023 13
1052 1081 -19
604 603 -28
871 841 28
841 1289 -28
841 368 19
142 113 28
141 603 -19
141 1020 13
465 8 13
465 916 28
465 435 -19
8 883 8
435 886 28
435 436 28
89 90 19
556 558 -13
761 759 -13
761 1204 19
759 286 -28
759 758 -19
1204 1205 -28
30 1 13
30 59 13
30 31 28
912 461 28
459 489 -13
459 460 8
459 2 19
459 429 -28
62 63 8
62 944 -28
1082 1081 -19
1082 196 -13
196 197 13
1044 598 -13
1044 1014 28
1044 164 28
1044 1045 -28
598 597 -19
598 596 13
598 600 -19
164 163 13
164 162 -19
1045 1043 -8
1045 1047 28
240 211 28
240 1128 -13
240 241 28
734 704 -19
734 1181 -19
704 237 -8
1181 292 -13
241 1125 -28
241 239 13
1127 681 -28
1127 1097 -28
1127 1128 -28
1233 342 28
1233 1235 -19
342 313 -8
431 432 13
431 461 -8
431 882 28
432 434 -19
432 430 13
461 491 19
461 4 -13
882 881 8
882 884 -13
882 880 13
882 3 13
1132 244 19
12 887 8
439 890 -8
545 85 28
545 515 -19
545 996 -19
114 113 19
114 112 -28
114 993 8
522 520 13
522 59 -19
522 521 -8
520 519 13
59 940 19
59 60 8
521 61 -8
521 491 -13
481 511 -13
52 514 -13
52 53 -8
113 996 28
113 84 -19
996 994 19
84 85 -19
84 548 28
767 292 -19
767 765 8
292 293 28
765 1208 13
663 662 -13
597 567 28
597 1047 13
1076 190 19
1076 1078 -28
197 662 -13
629 599 8
629 1078 -28
163 1047 8
163 134 -13
163 190 -19
1189 299 -19
1150 1121 19
1121 675 -28
1121 1122 8
1121 237 -19
1047 1049 -8
1047 1046 -13
134 600 -8
134 1017 -28
190 659 -13
190 191 19
313 1203 -13
313 788 8
313 286 19
1227 780 -28
1227 1229 8
1020 1021 13
1241 793 -28
1241 349 -19
1238 350 -19
1238 1208 19
729 257 -13
729 1173 13
258 259 13
258 1147 -19
438 436 28
438 885 -19
1202 315 -28
1202 1173 8
1202 1203 19
315 314 13
1173 1144 28
1203 1205 -8
657 188 -28
657 655 -13
657 659 -8
64 946 -8
489 31 19
489 940 -28
489 519 -8
31 907 8
940 942 -13
940 938 19
519 970 13
519 60 -8
793 321 8
321 1208 28
625 162 8
596 1042 13
596 594 -19
596 130 28
1 2 -13
1 880 13
363 1255 -19
363 392 8
363 364 -13
838 837 -28
838 1282 28
838 361 -19
349 350 -13
1125 679 -8
1125 1126 -8
106 567 -8
106 108 28
603 573 -8
885 886 8
1261 813 -28
1261 1259 -19
813 814 8
813 784 28
1259 1257 19
1259 1258 -19
350 352 -13
937 907 13
937 938 -28
937 60 13
88 90 8
416 1306 -8
946 944 28
944 942 -13
511 53 -28
511 541 -28
511 512 19
53 51 -19
541 992 -13
512 959 19
512 514 -8
1315 421 13
1315 1313 8
1315 867 19
5 884 19
192 165 19
192 1078 28
192 193 -13
136 165 -19
136 137 -13
136 1019 -8
136 107 -8
600 599 -8
600 1046 28
1123 239 28
1123 1093 19
1123 1124 8
239 237 -13
1093 210 28
1124 1122 19
1124 1126 -28
314 1205 13
137 599 -8
137 1016 8
1018 572 -13
1018 989 -19
1018 1019 -28
316 288 -13
1313 865 -19
1313 1312 19
390 868 -19
390 361 28
390 391 -28
390 1283 -28
189 188 -8
189 187 19
189 191 28
655 1101 8
655 653 -8
1312 868 13
1312 1282 8
421 392 19
517 547 -8
517 487 19
517 518 -8
547 548 -8
487 457 -8
518 965 13
518 516 13
676 210 28
676 646 19
676 1126 -19
613 150 -19
209 210 28
209 1096 -19
209 679 -28
1126 1128 -13
1099 1100 -13
1099 216 8
1099 653 -13
1099 1070 -13
289 288 -28
289 291 -28
288 260 13
260 1149 13
866 868 -19
866 864 -8
866 865 -19
868 867 -13
864 862 19
864 863 28
865 835 -13
865 391 19
51 509 28
392 393 28
837 867 19
837 364 -13
1283 835 13
1283 1282 -19
295 293 -19
675 205 -8
205 206 -19
205 1092 -28
162 160 8
162 1042 -28
715 244 -8
1023 1021 -13
1023 573 13
434 881 -19
434 436 8
884 883 -19
884 886 -28
61 63 -8
61 60 8
491 942 -19
393 1282 19
393 867 13
393 391 -28
3 4 -13
591 621 19
621 650 -19
621 622 28
4 2 -13
599 1049 -28
599 569 13
1149 1148 28
1149 1147 28
165 1049 -8
681 679 28
681 211 -8
679 678 28
211 212 -8
211 1098 13
1119 1148 -19
1148 703 -28
809 780 -8
809 1257 28
366 368 19
366 364 -8
567 1017 19
368 370 28
1230 1231 19
1230 786 -13
816 340 -28
816 814 8
1147 1145 -28
1147 698 -19
1147 1146 28
757 756 19
757 284 8
650 1100 -19
1100 1098 -13
191 193 -13
672 206 -13
672 1122 8
703 701 19
214 216 -28
214 212 -8
214 1097 8
212 210 -8
212 678 8
1097 1098 -13
1097 1068 -19
109 110 -8
109 992 13
1021 1019 19
573 112 13
859 829 13
384 862 -8
384 413 -8
862 1306 -8
1280 391 13
391 389 -19
1019 1017 -8
1019 569 -13
678 1128 -19
1205 758 -19
814 812 13
814 1258 -8
784 1231 19
340 1231 8
1231 1229 19
291 293 -8
460 907 -19
907 877 -8
361 1253 13
883 436 -8
883 913 -19
618 620 13
620 622 -28
620 619 13
257 1145 28
257 229 19
257 286 -8
593 1043 8
593 594 28
1043 1042 19
1043 159 -19
594 1040 19
1096 646 8
1096 1098 28
572 570 -13
572 107 -28
570 1016 -28
570 569 -13
107 108 8
1145 1144 13
1144 259 -28
1144 1115 19
1144 699 -8
1070 1040 -8
1070 187 13
622 1068 28
750 780 8
160 159 19
160 1040 8
159 130 13
1040 1010 19
1046 1016 28
430 877 -19
430 429 -13
457 458 8
569 108 28
112 110 8
993 994 -13
285 284 13
285 283 -19
1276 1306 -8
1276 387 -28
387 389 19
652 187 13
652 653 -8
756 726 8
726 727 -13
1255 1253 28
1255 1257 -13
1016 1017 8
130 1013 -8
1171 1172 13
1171 727 13
1172 284 -13
863 389 -28
877 878 8
877 2 28
878 880 8
959 989 -19
514 516 -13
429 880 19
1258 370 -19
989 110 8
110 108 -28
587 1037 -8
619 156 13
1037 1039 19
698 699 -19
516 515 13
516 54 28
1010 564 28
992 994 -28
1115 669 19
699 701 -19
699 229 13
1146 701 -13
1038 1068 -19
1038 1039 19
670 671 -13
150 152 -13
515 57 8
85 83 -28
671 669 28
905 458 -28
