1249 1248 13
1249 357 -8
1249 1247 8
1249 1251 28
1249 801 -8
1248 360 -8
1248 1218 -8
1248 1278 -19
1248 804 -13
357 834 -13
357 386 -19
357 328 13
357 358 -8
1247 1245 19
1247 355 -8
1247 799 19
1247 1246 -28
1251 359 -28
1251 803 28
1251 1253 8
1251 1250 13
801 772 -28
801 802 -13
801 329 -8
801 831 13
157 1041 19
157 184 -13
157 624 8
157 158 -8
157 128 19
1041 591 -19
1041 1040 -28
1041 1043 -28
1041 1039 8
184 213 -8
184 185 13
184 653 -13
184 1071 -13
624 626 19
624 623 -8
624 1070 -28
624 622 -13
158 160 19
158 621 -28
158 156 -28
158 1038 28
128 129 -13
128 594 13
128 1011 8
128 99 -8
741 268 8
741 739 -13
741 740 13
741 743 13
741 1184 8
268 269 -28
268 240 13
268 1157 19
268 296 19
739 737 8
739 738 -8
739 266 -28
739 1182 8
740 710 -19
740 770 19
740 1187 19
740 271 -13
743 270 -13
743 745 -13
743 1186 -13
743 742 -19
1184 298 -28
1184 1156 -19
1184 1214 28
1184 1185 -13
447 448 8
447 477 -19
447 898 -8
448 895 28
448 446 8
448 450 13
477 20 -8
477 928 -8
477 507 28
477 478 13
898 896 -28
898 19 13
898 900 19
898 897 -13
401 402 -19
401 372 -13
401 1295 -28
402 404 -13
402 1292 -13
372 850 13
372 343 -19
372 1265 8
372 373 19
1295 1294 8
1295 1297 -13
1295 1293 -28
1295 847 13
404 406 -19
404 1294 -19
404 403 28
406 408 28
406 1296 -28
406 405 -8
1294 850 -13
1294 1264 8
403 1297 -28
403 374 -8
535 505 -19
535 986 28
535 536 28
535 565 13
535 75 -19
505 956 28
505 475 19
505 506 -13
505 47 8
986 103 -13
986 988 -13
986 984 -28
986 985 -19
536 538 -19
536 983 -28
536 534 19
536 72 -19
565 566 -19
565 1015 19
565 595 -13
565 104 8
75 77 19
75 73 28
75 953 -28
75 74 -28
1061 611 -19
1061 1059 -19
1061 1060 -8
1061 1063 -19
611 640 -13
611 581 -8
611 612 28
611 148 -13
1059 174 13
1059 1058 28
1059 1057 13
1059 609 19
1060 178 -8
1060 614 28
1060 1030 -13
1060 1089 19
1063 1062 -28
1063 177 -28
1063 1065 8
1063 613 28
173 144 -19
173 639 -13
173 1057 19
173 200 13
144 1027 28
144 115 -28
144 610 19
639 638 -8
639 1085 -13
639 641 19
1057 1056 19
200 229 13
200 669 -13
200 1086 28
1300 856 8
1300 410 19
1300 1270 19
1300 1301 -13
856 855 -8
856 858 -19
856 378 -19
856 854 13
410 408 -13
410 412 -28
410 409 13
1270 1240 13
1270 826 8
1270 1271 -13
1270 381 13
1301 1303 28
1301 1299 -28
1301 407 28
1301 853 -19
27 488 -8
27 906 19
27 56 -13
27 28 -19
488 487 -8
488 486 19
488 935 19
906 904 -8
906 455 13
906 905 28
56 936 13
56 518 -19
56 57 8
56 84 -28
28 903 -19
28 485 -8
28 26 13
538 74 28
538 985 -19
538 537 28
538 540 -8
74 956 8
74 46 -19
985 955 8
985 1014 19
985 106 -28
537 77 -28
537 988 -8
537 507 28
537 567 13
540 987 28
540 539 8
540 76 -8
540 542 -28
499 41 -19
499 950 -8
499 529 -28
499 500 28
499 469 13
41 40 8
41 39 13
41 43 8
41 917 28
950 952 -28
950 68 -19
950 949 -8
950 948 13
529 559 13
529 980 19
529 530 -28
529 69 -19
500 498 -13
500 947 -13
500 38 8
500 502 13
469 470 19
469 12 19
469 439 28
469 920 28
1001 999 -8
1001 118 28
1001 1000 13
1001 1003 28
1001 551 19
999 998 28
999 549 28
999 116 -13
118 147 19
118 89 19
118 119 -13
118 584 8
1000 971 -19
1000 554 -13
1000 1030 8
1000 121 8
1003 553 -8
1003 120 -13
1003 1002 -13
1003 1005 19
551 552 -28
551 521 -19
551 581 -13
551 90 28
1303 409 8
1303 1302 8
1303 1305 8
1303 855 -8
409 380 28
1302 412 19
1302 858 -8
1302 1272 -19
1305 1304 28
1305 1307 -8
1305 857 28
1305 411 28
855 381 -19
855 825 19
207 677 28
207 236 -19
207 208 -8
207 1094 19
207 179 28
677 1123 19
677 675 -13
677 676 13
677 679 19
236 707 -19
236 264 28
236 1124 8
236 237 8
208 674 -13
208 210 19
208 206 19
208 1091 -28
1094 644 -8
1094 1096 -8
1094 1092 8
1094 1093 19
179 647 13
179 151 13
179 1065 -28
783 1226 -13
783 785 8
783 782 19
783 781 28
783 307 -8
1226 339 -13
1226 1196 28
1226 1227 -8
1226 1256 13
785 309 -28
785 1228 -13
785 786 -19
785 784 -19
782 310 19
782 752 13
782 811 -28
782 1229 28
781 1224 -8
781 779 13
781 305 -13
781 780 28
307 308 -8
307 336 -8
307 280 13
307 1197 -13
605 634 -28
605 575 -8
605 1055 -13
605 143 -8
605 606 19
634 664 28
634 172 -13
634 635 -19
634 1084 28
575 576 -13
575 545 -8
575 114 13
575 1025 -28
1055 1053 -13
1055 171 13
1055 1054 -8
143 142 13
143 141 -8
143 1022 -13
606 140 13
606 1052 28
606 604 -19
606 608 -19
1201 754 -19
1201 1200 -28
1201 1199 -13
1201 311 19
754 755 13
754 784 -28
754 724 13
754 285 -28
1200 1171 -13
1200 1230 19
1200 757 13
1199 752 8
1199 1197 -8
1199 1198 -28
1199 309 8
311 340 13
311 786 28
311 312 19
311 284 19
308 310 8
308 306 13
308 780 28
308 1194 -28
336 365 19
336 337 19
336 812 13
336 1227 -13
280 1169 -13
280 252 8
280 281 -19
280 753 -13
1197 1196 -8
1197 1195 8
1197 750 19
40 920 -19
40 11 -8
40 502 13
40 68 19
920 919 -13
920 922 28
920 918 28
11 12 13
11 890 28
11 472 -28
502 504 19
502 949 -19
502 501 -13
68 97 28
68 69 -13
68 532 19
20 18 19
20 895 -8
20 22 19
20 19 8
18 16 28
18 475 28
18 893 8
18 17 13
895 925 8
895 896 8
22 479 13
22 21 8
22 897 -13
22 24 28
19 480 -13
19 48 -8
310 309 8
310 312 -8
310 1196 -19
309 282 8
309 338 -19
312 1198 -13
312 784 -19
1196 1168 8
1196 753 8
274 1163 13
274 747 -8
274 275 -28
274 246 8
274 301 13
1163 1165 19
1163 1161 -13
1163 714 -13
1163 1162 -28
747 749 -8
747 1190 19
747 746 28
747 745 -8
275 273 -28
275 744 -19
275 277 8
275 1160 13
246 1134 13
246 717 8
246 247 -8
246 217 13
301 302 28
301 1191 -19
301 330 -28
301 777 -8
590 592 28
590 589 13
590 588 8
590 124 -13
590 1036 13
592 126 13
592 591 13
592 594 19
592 1038 -28
589 127 28
589 559 -8
589 619 -19
589 1039 28
588 1034 13
588 586 -13
588 122 -19
588 587 8
124 1007 28
124 95 19
124 153 -19
124 125 13
1036 1037 -13
1036 1066 -19
1036 1006 -13
1036 156 -19
1007 1005 28
1007 1009 -19
1007 1006 -28
1007 557 -28
95 96 28
95 66 8
95 978 28
95 560 -13
153 620 13
153 1037 -28
153 154 13
153 180 28
125 127 -8
125 123 -13
125 587 -13
125 1004 -8
925 478 -8
925 955 -13
925 926 28
925 49 -13
478 480 28
478 476 19
478 17 -19
955 956 -13
955 77 -19
955 508 -8
926 46 -19
926 924 -8
926 475 -28
926 928 -8
49 47 8
49 507 28
49 48 19
49 51 -8
1166 1194 -13
1166 1167 8
1166 1137 8
1166 281 19
1166 721 13
1194 1224 28
1194 1195 8
1194 751 13
1167 1165 13
1167 718 -28
1167 1169 -19
1167 278 -8
1137 691 8
1137 1138 -13
1137 1107 28
1137 253 -13
281 279 19
281 750 -13
281 283 -19
721 719 -8
721 250 13
721 720 8
721 723 -13
553 92 -13
553 583 19
553 554 19
553 523 28
92 971 -19
92 91 19
92 94 -8
92 90 8
583 613 8
583 584 8
583 1033 -28
583 121 -13
554 552 -13
554 89 28
554 556 13
523 524 13
523 63 8
523 493 -28
523 974 13
695 697 13
695 693 -13
695 694 28
695 225 13
695 1140 -8
697 696 28
697 1142 -28
697 227 13
693 691 -8
693 223 -19
693 692 -28
694 664 -13
694 228 -8
694 724 19
694 1143 8
225 254 -19
225 226 28
225 1112 -13
225 196 19
1140 1141 8
1140 1111 13
1140 256 19
834 833 8
834 1278 -13
834 832 19
834 836 -19
833 360 28
833 803 13
833 863 8
833 1281 19
1278 1279 -28
1278 1308 -28
1278 389 -13
832 831 8
832 1276 13
832 830 13
832 355 -28
836 359 13
836 835 28
836 1280 28
836 838 -28
127 126 -19
127 1006 -28
127 129 -28
126 97 -28
126 155 19
126 1009 19
1006 977 -8
1006 560 13
129 591 -13
129 1008 19
129 131 -8
386 1279 28
386 415 -28
386 864 -28
386 387 -19
328 329 19
328 1219 -19
328 299 8
328 804 -8
358 360 8
358 831 19
358 356 13
358 1246 19
423 394 28
423 424 -19
423 1317 13
394 872 -19
394 1287 -19
394 365 -8
394 395 13
424 426 8
424 1314 -19
424 422 19
1317 869 -19
1317 1316 -13
1317 1315 -13
1317 1319 -19
360 359 8
360 362 13
359 388 -13
359 330 19
362 835 19
362 361 -28
362 1250 8
362 364 8
909 33 -13
909 910 28
909 939 28
909 462 -13
909 879 19
33 35 -8
33 491 8
33 32 -8
33 31 -19
910 30 -28
910 908 -19
910 912 -19
910 459 -28
939 969 19
939 492 28
939 61 28
939 940 -13
462 464 8
462 460 28
462 461 -13
462 1 13
879 432 28
879 880 -8
879 4 28
1267 374 13
1267 1266 -28
1267 1269 -13
1267 819 19
1267 1265 13
374 852 -13
374 345 19
374 375 13
1266 377 -28
1266 1236 28
1266 822 19
1266 1296 13
1269 376 28
1269 1271 -28
1269 1268 -8
1269 821 8
819 789 -8
819 820 13
819 346 -13
819 849 -28
1265 817 -8
1265 1264 -13
1265 1263 8
71 69 -8
71 73 28
71 531 -8
71 70 -13
71 949 28
69 67 13
69 947 19
73 72 -28
73 533 28
73 951 13
531 532 -13
531 501 28
531 982 -19
531 561 -13
70 534 28
70 952 -8
70 42 -28
70 99 19
949 919 -28
949 979 8
977 98 8
977 947 8
977 978 -13
977 530 -13
98 559 -28
98 97 -19
98 100 -28
98 96 13
947 917 28
947 948 -19
978 527 8
978 976 28
978 980 8
530 66 13
530 528 8
530 532 -8
643 641 -28
643 645 -19
643 1089 -8
643 642 -28
641 174 19
641 640 13
641 1087 -13
645 644 -28
645 647 19
645 1091 -8
645 177 -8
1089 1119 -8
1089 1090 -19
1089 206 13
642 178 -28
642 613 -19
642 1092 -28
642 672 -8
425 396 13
425 1319 -8
425 426 28
396 367 -28
396 1289 -28
396 874 19
396 397 -8
1319 871 19
1319 1321 19
1319 1318 -28
426 428 8
426 1316 28
749 1192 -28
749 751 -8
749 276 -19
749 748 -19
1190 304 13
1190 1162 19
1190 1220 13
1190 1191 19
746 716 -19
746 776 13
746 1193 19
746 277 -8
745 272 -19
745 1188 13
745 744 -28
453 483 -19
453 904 28
453 454 -28
483 513 8
483 484 -13
483 26 -13
483 934 8
904 902 -19
904 25 -19
904 903 -13
454 452 13
454 901 8
454 456 -28
956 958 -19
956 954 -13
958 507 19
958 76 -13
958 960 -28
958 957 8
954 952 8
954 72 8
954 953 28
954 503 -19
1218 331 19
1218 1219 -13
1218 1188 -13
1218 775 19
331 333 13
331 329 19
331 803 8
331 330 -28
1219 772 -19
1219 1217 -28
1219 1221 19
1188 302 -19
1188 1189 -19
1188 1160 -19
775 773 13
775 299 -19
775 777 13
775 774 13
178 176 8
178 177 28
176 1058 -13
176 175 28
176 640 28
177 205 19
177 149 8
710 243 8
710 1159 -8
710 711 28
710 680 28
243 242 19
243 245 -19
243 241 28
243 1127 8
1159 270 13
1159 1157 -19
1159 1161 -13
1159 1158 28
711 713 28
711 1156 13
711 709 19
711 240 13
680 681 28
680 650 -13
680 214 13
680 1130 19
644 615 -8
644 674 13
647 649 13
647 1093 8
647 646 28
1091 1062 -13
1091 1121 -19
1091 1092 -8
1067 1066 -13
1067 617 -8
1067 1065 13
1067 1069 -19
1067 180 -13
1066 183 19
1066 620 -13
1066 1095 -28
617 618 -13
617 154 13
617 587 19
617 646 -28
1065 615 -19
1065 1064 8
1069 619 -13
1069 1071 -13
1069 182 -28
1069 1068 19
180 649 -13
180 209 19
180 181 -28
1028 1058 13
1028 582 -28
1028 998 -28
1028 148 -19
1028 1029 28
1058 612 13
1058 1087 -13
582 580 -28
582 116 19
582 581 -19
582 584 19
998 552 -28
998 119 -28
998 969 19
148 147 -8
148 146 -13
148 150 -19
1029 579 19
1029 1031 -13
1029 1027 28
1029 145 28
242 1130 -28
242 213 13
242 713 28
242 270 -28
1130 1129 -19
1130 1132 -28
1130 1128 13
213 214 -13
213 683 -8
213 1100 -28
713 712 -19
713 1158 -8
713 715 -28
270 297 -19
270 271 28
544 991 -28
544 542 19
544 80 -28
544 546 13
544 543 8
991 1020 19
991 992 19
991 112 -28
991 961 28
542 989 -19
542 78 19
542 541 28
80 52 -28
80 109 -19
80 81 -28
80 962 8
546 82 19
546 548 -19
546 545 -28
546 993 -28
543 513 -28
543 573 19
543 83 -13
543 994 -19
475 476 13
475 445 28
506 504 -28
506 953 -28
506 508 -28
506 44 13
47 46 8
47 45 -19
47 923 -19
1005 122 -28
1005 1004 -13
1005 555 13
1009 559 -28
1009 1011 -13
1009 1008 8
557 527 19
557 96 -19
557 587 -19
557 558 -28
1309 415 8
1309 1311 -19
1309 861 13
1309 1307 -13
1309 1308 19
415 416 -28
1311 417 19
1311 1310 -8
1311 863 8
1311 1313 -28
861 831 -19
861 387 -28
861 862 8
1307 859 -8
1307 413 -13
1307 1306 -28
1308 864 -8
1308 418 19
1133 1162 19
1133 687 28
1133 1134 -28
1133 249 19
1133 1103 -19
1162 277 -13
1162 717 19
687 685 -13
687 686 -28
687 689 28
687 217 -28
1134 684 -19
1134 1136 -8
1134 1132 13
249 716 -28
249 248 -13
249 251 8
249 247 -28
1103 1104 -8
1103 220 19
1103 1074 19
1103 657 8
800 799 -8
800 1244 -28
800 802 -8
800 324 13
800 798 13
799 327 -13
799 770 -13
799 829 -28
1244 1245 28
1244 1274 -28
1244 1214 -28
1244 356 -19
802 1246 -19
802 326 8
802 804 8
324 353 -8
324 1215 28
324 325 -13
324 296 -13
798 1242 -8
798 796 13
798 322 28
798 797 -13
46 508 -13
46 17 13
508 507 -13
508 510 -19
17 896 8
1118 668 -8
1118 1116 19
1118 1120 8
1118 1117 13
1118 230 -13
668 638 13
668 698 19
668 669 -28
668 202 -19
1116 229 -8
1116 1115 -8
1120 1119 8
1120 670 13
1120 1122 -19
1120 232 8
1117 233 8
1117 671 28
1117 1146 8
1117 1087 -28
230 258 -28
230 701 -8
230 201 -8
230 231 -19
327 326 -8
327 329 -8
327 325 8
327 1214 -8
326 297 -8
326 1217 8
326 355 -13
329 1216 -8
325 797 13
325 1212 19
325 323 -19
1214 1215 8
1214 771 13
931 484 -19
931 932 -13
931 55 8
931 901 -13
931 961 -28
484 482 13
484 486 19
484 23 -13
932 930 13
932 481 28
932 52 -28
932 934 -8
55 513 -28
55 54 -13
55 53 -8
55 57 -19
901 902 19
901 26 8
961 962 13
961 83 -19
961 514 -19
852 854 8
852 851 -13
852 850 19
852 1296 13
854 1298 -28
854 376 8
854 853 28
851 377 13
851 1299 -19
851 821 28
850 848 -28
850 849 -19
1296 1297 13
559 560 19
560 558 -19
560 562 -28
298 770 28
298 297 19
298 300 -8
1156 1127 19
1156 271 -13
1156 1157 19
1185 738 13
1185 1183 -28
1185 1187 -19
1185 296 -13
133 595 -13
133 132 -13
133 135 -28
133 131 28
133 1012 13
595 1045 -19
595 625 -19
595 596 -8
132 103 13
132 598 -19
132 1015 -28
132 161 19
135 597 28
135 1014 13
135 137 -8
135 134 19
131 593 -13
131 1010 -28
131 130 8
1012 983 8
1012 1013 28
1012 566 28
1012 1042 -8
664 199 -13
664 1114 13
664 665 -13
199 198 19
199 197 13
199 1081 -13
1114 227 13
1114 1113 8
1114 1112 8
665 667 -28
665 663 19
665 1111 13
665 196 13
377 375 -8
377 376 -8
377 379 8
375 1264 -19
375 849 -28
375 373 -8
376 347 -19
376 405 -19
379 853 -28
379 1268 19
379 381 19
379 378 -13
97 562 13
97 980 8
562 561 19
562 1008 19
562 564 -28
980 982 13
980 979 13
1273 1272 13
1273 1275 28
1273 1271 -13
1273 825 28
1273 380 -19
1272 383 28
1272 1242 -28
1272 828 8
1275 1274 -13
1275 382 -13
1275 1277 28
1275 827 28
1271 823 19
1271 378 13
825 795 -8
825 352 28
825 826 28
380 858 -13
380 381 -13
380 351 -13
77 76 -13
77 79 8
76 48 19
76 105 28
79 81 -8
79 78 -13
79 957 8
79 539 13
983 953 19
983 984 19
983 104 8
953 923 8
984 982 -8
984 533 -19
984 101 28
104 103 13
104 102 28
104 106 8
198 227 8
198 171 -19
198 1084 -13
198 667 8
227 228 8
171 172 13
171 142 -13
171 637 -13
1084 1083 19
1084 1082 -8
667 666 -13
667 1113 -8
649 651 -13
649 1095 -19
649 648 8
651 650 -28
651 1097 13
651 182 19
651 653 19
1095 1125 -28
1095 1096 19
1095 212 13
648 183 -8
648 678 13
648 619 -8
648 1098 -28
640 1090 -8
640 670 -28
581 1031 -8
581 119 -19
612 614 28
612 610 -28
612 145 8
817 818 28
817 787 -13
817 344 -19
817 847 28
818 1262 19
818 820 -13
818 342 -13
787 1235 13
787 315 -28
787 758 13
787 788 8
344 1232 -8
344 346 19
344 343 -8
847 848 -8
847 373 -8
1236 1206 13
1236 348 -19
1236 792 -13
1236 1237 13
1206 319 -19
1206 1207 -8
1206 763 19
1206 1177 28
348 347 -19
348 350 -28
348 346 -8
348 821 28
792 791 -19
792 790 -19
792 316 28
792 794 -13
1237 789 28
1237 1239 8
1237 1235 -8
1237 345 -13
1224 337 -13
1224 1254 13
1224 1225 8
337 339 -13
337 335 8
337 809 -19
1254 1284 -19
1254 1255 8
1254 366 13
1254 810 -13
1225 1223 13
1225 778 -13
1225 1227 19
1225 334 -28
183 181 -19
183 185 -13
183 182 -28
181 1064 19
181 646 8
185 650 13
185 1068 8
185 187 -13
182 155 -19
182 211 -19
716 1165 13
716 717 8
716 686 -19
1165 276 -8
1165 1164 -28
717 719 8
717 715 -8
686 656 13
686 220 28
686 1136 -13
147 1031 13
147 614 -19
1031 1030 13
1031 1033 -13
614 613 13
614 616 28
1073 623 8
1073 1075 -8
1073 1072 28
1073 186 28
1073 1071 28
623 593 -19
623 160 13
623 652 -13
1075 188 28
1075 625 19
1075 1074 8
1075 1076 -19
1072 189 13
1072 626 -19
1072 1042 -13
1072 1101 -28
186 655 19
186 159 28
186 215 8
186 187 -28
1071 1070 -13
1071 621 28
719 1164 8
719 248 -8
719 718 -13
1164 1135 -8
1164 279 -13
1164 1192 -8
248 276 -8
248 1136 28
248 219 19
718 251 -13
718 748 -13
718 688 -8
1034 1004 28
1034 1035 13
1034 1064 8
1034 154 19
1004 558 8
1004 975 -28
1035 1033 -28
1035 585 -8
1035 1037 -13
1035 151 -28
1064 618 -19
1064 1093 -28
154 156 28
154 152 -13
276 303 -8
276 277 19
1136 1135 8
1136 1138 -13
219 220 -28
219 1106 8
219 190 -13
219 689 13
730 700 -13
730 760 13
730 261 28
730 1178 -19
730 731 28
700 233 -19
700 1149 -28
700 701 19
700 670 28
760 789 -13
760 761 -8
760 1207 -8
760 289 -13
261 260 -19
261 263 8
261 259 19
261 1146 -13
1178 1176 -28
1178 1177 -8
1178 1179 8
731 729 -19
731 733 19
731 1175 8
731 258 -8
525 65 -13
525 976 -19
525 526 -8
525 495 -19
525 555 -8
65 67 -28
65 63 -13
65 943 -28
65 64 28
976 93 -28
976 974 13
976 975 19
526 528 -19
526 973 19
526 524 -8
526 62 19
495 496 8
495 465 -28
495 946 19
495 37 13
555 556 -8
555 585 13
555 94 -28
806 808 28
806 804 28
806 1250 28
806 805 -8
806 330 -19
808 332 13
808 1252 13
808 810 -13
808 807 -8
804 803 -13
1250 1280 28
1250 1220 -28
805 333 19
805 776 8
805 835 -19
805 1253 -8
330 1221 8
233 231 19
233 235 19
233 232 8
231 1115 -28
231 698 -28
235 1119 8
235 702 -19
235 234 -19
235 237 13
232 203 -8
232 260 13
232 703 19
770 1217 -13
770 771 8
1217 1216 13
1217 1215 -19
771 773 -19
771 769 8
771 296 -13
333 335 -28
333 332 13
333 1220 19
335 334 -19
335 1222 19
335 807 28
332 303 13
332 1223 19
1220 777 -8
1220 1221 -8
873 1321 19
873 843 -8
873 399 8
873 874 8
1321 427 -8
1321 1320 -28
843 844 8
843 1291 -8
843 813 13
843 370 19
399 398 8
399 1288 19
399 397 19
874 876 28
874 872 28
874 1318 13
527 528 -28
527 67 -28
527 497 -28
528 64 -13
528 975 28
67 66 -8
67 945 28
497 498 -8
497 39 8
497 467 8
497 948 -19
468 466 8
468 915 -28
468 470 8
468 7 19
468 467 8
466 465 28
466 464 28
466 913 19
466 5 8
915 39 -8
915 885 -19
915 945 19
915 916 19
470 472 -13
470 917 19
470 9 -19
7 36 -19
7 8 13
7 886 -13
467 437 -13
467 10 19
467 918 -19
297 773 19
297 1187 -8
773 772 13
773 1216 -8
1187 1189 13
1187 1186 13
876 1320 -28
876 875 28
876 398 19
1320 1290 -8
875 845 -8
398 369 -13
398 427 -19
398 1291 -28
369 1261 -28
369 846 28
369 340 -13
369 370 -28
427 428 -19
1291 1290 8
1291 1289 28
566 568 8
566 564 -19
566 101 13
1015 1014 -13
1015 1017 19
1015 1013 19
772 742 13
772 300 19
742 712 -19
742 273 19
742 1189 28
300 302 -19
300 1186 -28
300 299 -19
304 776 -19
304 303 -13
304 306 -8
304 302 13
1191 1193 8
1191 1189 -19
1191 744 8
383 857 19
383 381 28
383 382 8
383 385 13
857 858 19
857 827 8
382 353 -8
382 860 -28
382 411 -28
385 859 -8
385 384 -28
385 1274 28
385 387 13
103 568 -8
568 1014 19
568 570 28
568 567 28
579 609 28
579 117 19
579 580 -19
579 549 -28
609 638 -8
609 146 -13
609 610 28
117 997 -13
117 119 28
117 116 -19
580 115 -8
580 1026 28
549 550 -13
549 519 -28
549 88 19
685 215 -28
685 1131 13
685 683 13
685 684 8
215 244 28
215 216 -8
215 1102 13
1131 1160 -28
1131 1101 28
1131 1132 -19
1131 247 -8
683 1129 28
683 681 -28
683 682 -28
684 654 -13
684 218 -28
684 714 19
1176 287 13
1176 728 28
1176 1174 28
1176 1175 28
287 761 13
287 314 8
287 258 -13
728 729 -13
728 259 -13
728 698 13
728 758 28
1174 286 -8
1174 1173 8
1175 289 8
1175 1204 -13
1175 1146 19
824 822 8
824 823 -8
824 347 8
824 826 19
824 1268 -28
822 820 -28
822 345 -19
822 821 8
823 793 8
823 350 13
823 853 -8
347 318 -19
347 1239 19
826 349 -19
826 828 -19
1268 1298 -13
1268 1238 13
1279 1281 19
1279 1277 8
1279 831 -19
1281 1280 28
1281 388 -13
1281 1283 19
1277 384 13
1277 1276 28
1277 829 13
318 794 -8
318 319 -19
318 290 19
318 1209 28
1239 791 -13
1239 1241 -19
1239 1238 -13
172 170 8
172 1052 -19
635 633 8
635 1081 -28
635 637 -8
635 169 -28
1242 1212 -28
1242 354 8
1242 1243 -28
1212 769 13
1212 1213 -13
1212 1182 -8
354 353 -13
354 356 28
354 827 -13
354 352 13
1243 1245 8
1243 1241 -19
1243 795 19
1243 351 -13
722 255 28
722 723 -19
722 692 28
722 1170 28
722 752 -28
255 254 28
255 253 -28
255 256 -13
723 725 19
723 252 -28
723 1168 13
692 226 8
692 1141 -28
692 662 -13
1170 282 19
1170 1172 -8
1170 1169 28
752 283 -19
752 753 28
1245 797 -8
1245 353 -8
797 768 -28
797 827 8
353 830 -28
737 736 28
737 1180 -19
737 735 19
737 264 8
736 267 -8
736 766 -28
736 1183 -13
736 706 -28
1180 1181 -19
1180 1152 -8
1180 1210 8
1180 295 -28
735 262 -8
735 734 -8
735 733 -13
264 1153 8
264 292 -13
264 265 -8
254 282 13
254 1141 28
254 725 -8
282 755 -28
282 283 28
1141 1139 -8
1141 1143 -19
725 727 13
725 724 8
1030 150 -13
1030 584 28
1033 149 -8
1033 1032 13
532 534 19
532 979 13
501 952 28
501 471 -28
501 43 -28
982 99 -8
982 981 8
561 100 8
561 591 8
561 1011 -8
400 371 -19
400 1293 -19
371 848 -19
371 342 13
371 1263 -28
1293 1292 -28
534 981 28
534 533 13
981 102 -8
981 951 -13
981 1010 -28
533 503 -8
533 563 8
1056 610 28
1056 1085 -8
1056 175 19
1056 1026 -13
1085 1115 28
1085 1086 -19
1085 202 8
175 638 -28
175 174 28
1026 1027 -8
1026 146 -8
1026 997 28
776 1223 13
776 777 -8
1223 1222 28
1223 1221 28
777 779 8
203 1090 -13
203 204 13
203 673 -13
1090 1088 19
1090 1092 -8
204 670 13
204 206 13
204 202 28
204 1087 -13
673 675 -8
673 1119 -13
673 671 -28
673 672 -19
339 338 19
339 341 -19
339 811 19
338 814 28
338 367 8
338 1229 -13
341 813 -28
341 340 8
341 1228 28
811 841 -13
811 1259 -28
811 812 8
474 13 -13
474 472 13
474 921 -28
474 476 19
474 473 28
13 42 -13
13 892 19
13 14 -19
472 919 -19
472 471 19
921 45 8
921 891 28
921 951 28
921 922 -13
476 923 -28
476 15 28
473 16 13
473 443 -8
473 924 -28
473 503 13
779 778 8
779 303 -28
779 1222 28
778 306 13
778 807 28
778 748 -13
303 1193 -8
1222 1192 -8
1222 1252 -28
601 1051 -8
601 602 -28
601 631 13
601 139 -28
601 571 28
1051 167 -13
1051 1050 28
1051 1049 28
1051 1053 -28
602 1048 28
602 136 8
602 604 8
602 600 8
631 168 -19
631 660 -8
631 1080 8
139 137 -13
139 1018 19
139 138 8
139 141 8
571 1021 -13
571 572 -8
571 110 28
571 541 -13
1298 1299 8
1298 408 -8
1299 1297 -28
1299 405 -19
408 407 13
1193 1192 -19
1193 1195 -13
789 790 -19
789 317 8
790 314 28
790 1234 8
790 788 -19
317 1204 8
317 319 28
317 316 -28
317 315 8
896 894 19
896 445 28
16 15 -13
16 14 -28
16 891 28
15 894 19
15 44 8
14 471 -19
14 12 19
14 889 -28
891 444 19
891 892 -8
1168 1169 13
1168 283 -28
753 755 -28
753 751 28
306 1192 -19
306 305 -19
305 278 8
305 1195 -28
305 334 -28
845 846 13
845 815 -28
846 1290 -13
846 844 -13
815 816 28
586 120 8
586 584 -28
586 585 19
586 1032 -19
120 91 28
120 121 -8
120 149 -8
585 123 13
585 615 -28
1032 1062 8
1032 152 -19
1032 1002 13
91 556 19
91 974 -8
91 62 -13
121 123 19
121 119 -8
149 150 -13
149 616 28
900 449 -13
900 902 8
900 21 13
900 899 -19
897 927 13
897 450 8
1198 1228 8
1198 755 28
691 221 -28
691 690 8
691 689 28
221 1108 -19
221 250 -19
221 222 13
221 192 13
690 660 -28
690 224 28
690 1139 -8
690 720 -19
689 1135 -13
689 688 8
100 99 19
100 102 8
100 979 13
99 564 -28
102 563 8
102 101 -8
979 1008 28
830 828 -13
830 1274 8
830 829 8
122 151 -8
122 93 8
122 123 -19
151 618 13
151 152 -28
93 558 13
93 94 -19
93 64 -8
123 1002 13
66 948 28
66 38 13
945 498 -8
945 946 8
945 975 8
168 166 19
168 170 -19
168 167 19
168 1048 19
166 629 -8
166 165 13
166 164 28
166 1046 -19
170 1050 -19
170 632 -13
170 169 8
167 633 -8
167 194 19
167 138 -28
1048 1049 -13
1048 1018 -28
1186 1158 -28
1186 1216 -28
449 450 28
449 479 -19
450 452 8
479 480 28
479 930 13
479 509 28
952 951 28
951 504 19
1262 1232 13
1262 373 -19
1262 1263 8
1262 1292 -13
1232 1233 13
1232 1202 19
1232 788 19
1292 848 19
638 1088 28
1088 1086 -8
1088 201 13
1088 1087 -19
174 145 13
174 201 -8
145 146 -19
145 116 28
201 671 28
201 202 13
412 411 -13
412 414 28
858 860 -19
987 988 -28
987 957 -8
987 1016 -8
987 108 -8
539 509 28
539 569 28
539 990 -8
1062 616 -8
616 618 19
616 615 8
1002 556 8
1002 973 28
796 1240 -8
796 320 -8
796 795 -19
796 794 -8
1240 1241 -13
1240 352 19
1240 1210 8
320 1211 13
320 349 -13
320 321 19
320 292 -28
795 323 -13
795 766 -8
794 793 13
794 1238 13
480 927 19
480 482 13
927 957 -13
927 51 19
927 928 28
482 21 13
482 929 8
482 481 13
607 577 13
607 636 -28
607 608 28
577 578 8
577 547 -8
636 666 -8
636 637 28
608 142 -8
608 1054 19
48 928 -28
48 510 8
902 23 -19
902 451 8
23 52 -28
23 24 -28
451 452 -13
451 481 -13
42 922 -28
42 504 -8
42 43 28
922 471 -8
922 924 -13
504 503 -28
43 45 19
43 919 28
1108 1106 -19
1108 658 13
1108 1110 8
1108 1107 -8
1106 1104 13
1106 656 19
1106 1105 13
658 688 28
658 629 -28
658 659 8
658 193 -28
1110 660 8
1110 1112 -13
1110 1109 19
1110 223 13
1107 224 8
1107 1077 -28
1107 661 -8
1304 1274 -13
1304 414 13
1304 860 19
414 413 19
414 416 8
860 859 8
860 862 -19
21 50 13
24 899 19
24 26 13
24 481 -8
228 226 13
228 1111 19
724 1172 28
724 256 28
1143 1142 -28
155 622 13
155 156 -19
155 1039 -28
322 351 8
322 323 8
322 294 8
322 1213 13
351 352 -8
351 828 -8
323 1210 -8
323 321 -8
294 266 -8
294 769 28
294 1183 -8
294 295 -19
1213 1211 8
1213 766 -8
1213 1215 28
267 266 -8
267 269 13
267 265 -8
267 1152 -8
266 1155 -13
266 238 -19
269 738 19
269 1154 -13
269 271 13
265 734 28
265 1150 13
265 263 8
1152 707 19
1152 1123 28
1152 1153 13
25 54 19
25 26 -19
25 486 8
903 933 -13
903 456 -28
696 666 -8
696 726 8
1142 1113 -19
1142 1171 8
1157 1155 28
1157 708 -13
1161 712 13
1161 1160 -28
1161 272 -13
1158 273 8
1158 1129 -28
388 866 28
388 417 19
388 389 -13
1284 395 28
1284 1314 8
1284 1285 -13
1284 840 -28
395 869 -28
395 393 -28
395 397 -19
1314 1315 -13
1314 870 -13
1285 392 -13
1285 837 8
1285 1287 19
1285 1283 8
840 839 -28
840 842 8
840 363 8
840 838 28
660 195 -13
660 661 -19
195 1077 13
195 194 13
195 193 -8
195 197 -19
661 192 -28
661 663 -28
661 659 28
849 1297 28
72 101 8
72 44 -19
343 1235 -28
343 820 8
343 314 -28
821 791 19
428 1318 -19
751 750 -19
751 278 -28
748 279 13
748 1195 19
960 78 28
960 509 19
960 959 28
960 962 -8
957 510 8
1083 1054 8
1083 1113 28
1083 637 -28
1054 1024 8
446 445 28
446 444 -13
446 893 -13
444 442 -28
444 443 -28
893 894 -8
893 923 -8
615 152 -13
674 675 8
674 704 28
674 1124 19
712 245 13
712 682 19
245 1129 8
245 244 -13
245 247 13
682 652 -8
682 216 19
682 1132 8
1211 764 -19
1211 1210 -28
1211 1209 -8
764 734 -8
764 793 13
764 293 -8
764 765 -13
1210 767 13
1209 1208 13
1209 1207 8
1209 762 -19
1024 578 28
1024 1025 8
1024 995 -19
578 576 19
578 113 -13
1025 142 -13
1025 1023 -19
995 996 8
995 965 19
995 548 -8
1011 1010 -28
1011 1013 19
1008 1038 28
224 223 13
224 222 -19
224 226 13
223 252 8
223 194 28
222 220 -28
222 688 19
222 1105 13
226 1109 13
1135 1105 -8
1135 251 8
1105 659 -13
251 250 28
251 253 28
498 496 -8
498 36 28
496 494 8
496 34 13
496 943 8
36 64 -13
36 37 28
36 916 -28
1246 1276 13
1246 1216 8
355 384 -13
355 356 -13
1112 662 28
1112 1111 13
39 37 19
39 38 -19
37 35 19
37 913 -13
38 9 28
38 918 -19
869 870 13
869 839 -8
870 392 19
870 872 -28
870 868 -8
839 809 -19
839 1287 -13
839 366 -28
273 271 -8
273 272 8
272 244 28
272 299 -19
872 871 -28
872 1316 28
1287 1286 8
1287 1289 28
365 366 13
365 1257 -19
365 842 13
463 433 -19
463 464 -19
463 914 19
463 493 -8
463 6 -28
433 434 -13
433 884 13
464 3 13
464 911 -19
914 34 8
914 916 28
914 913 13
914 912 19
493 494 19
493 35 -13
493 944 13
6 8 -13
6 5 28
6 4 -19
6 881 28
1290 1260 28
1260 1261 19
1260 1230 19
1260 816 -8
552 87 -8
552 550 19
87 116 -13
87 59 -28
87 88 28
87 970 13
550 997 -19
550 86 -13
378 349 -13
378 407 19
827 828 -19
81 83 28
81 541 -13
81 959 -28
78 50 28
78 107 28
974 973 -28
974 972 19
975 96 28
820 1264 8
346 345 13
346 1234 8
964 513 -8
964 82 -28
964 963 -8
964 966 -28
964 962 -8
513 514 13
82 54 28
82 111 13
82 83 28
963 516 -19
963 85 19
963 993 28
963 933 19
966 84 13
966 515 -13
966 965 -8
962 511 28
452 899 -19
899 929 13
688 1138 -28
1215 768 8
250 278 28
250 1138 -28
278 279 -28
1138 1139 19
732 733 13
732 702 13
732 263 13
732 762 -28
732 1179 -28
733 260 28
733 1177 8
702 1151 -19
702 672 -8
702 703 -8
263 262 19
263 1148 13
762 791 19
762 763 19
762 291 -28
1179 290 28
1179 1181 -13
1111 1081 -13
503 45 19
1252 1282 13
1252 1253 -19
1252 364 28
810 809 -28
810 334 -19
810 812 13
807 837 -8
807 1255 -28
437 438 19
437 888 -28
10 9 -19
10 8 -13
10 885 13
10 12 -19
918 917 -28
918 916 13
45 44 -19
44 924 28
334 363 19
917 887 -8
9 888 13
888 886 28
888 890 8
888 887 19
1264 1234 -28
279 277 -13
930 929 28
930 50 28
930 928 -19
929 53 -8
929 959 13
50 512 19
50 51 -13
576 111 -8
576 574 -28
576 1022 19
111 112 -19
111 140 -8
111 994 8
574 572 -8
574 1020 8
574 573 -19
574 109 8
1022 1052 8
1022 993 -19
1022 1023 -28
892 894 19
892 441 19
892 890 13
654 1104 28
654 189 -13
654 655 8
654 625 -19
218 220 -19
218 216 -28
218 1101 -28
218 217 -8
714 715 8
714 247 -28
714 744 -19
894 443 -28
96 94 -28
94 973 -19
656 627 -28
656 191 -8
656 657 8
628 626 -8
628 1074 -28
628 627 19
628 161 19
628 630 8
626 625 -28
626 159 13
1074 1044 -28
1074 191 -13
627 597 -28
627 1076 -28
627 164 -19
161 188 -13
161 1045 28
161 162 -28
630 629 19
630 163 19
356 829 19
766 767 -8
766 295 -28
1183 1182 28
1183 1181 -13
706 1155 -19
706 707 -28
706 239 19
706 676 8
1221 774 28
738 768 -8
738 708 -28
768 769 8
708 709 -28
708 678 -8
708 241 28
563 593 28
563 1013 -19
563 564 19
997 967 -19
967 968 28
967 520 -19
967 937 8
967 88 19
1139 252 -13
923 924 -19
969 522 -28
969 90 13
969 970 -8
1104 217 -8
1104 1102 28
217 188 -19
1102 1100 -13
1102 652 28
1102 1101 13
791 319 13
319 321 -8
936 935 28
936 485 -28
936 934 -8
935 905 8
935 965 -8
485 455 -19
485 486 28
485 515 19
934 54 28
934 933 -19
1228 1258 13
1228 1229 -28
755 757 28
720 750 8
720 1169 -28
720 253 -28
29 908 13
29 58 -28
29 490 -13
29 0 19
908 907 -8
58 86 28
58 520 8
58 938 -19
490 489 -28
490 937 8
490 492 8
0 460 28
0 878 -19
290 262 -28
290 291 8
290 765 28
101 130 13
1080 1082 28
1080 194 -28
1080 1079 28
1080 1078 -19
1155 1154 28
1155 1153 -28
1154 1182 28
1154 1125 13
1154 709 13
1153 1151 19
1153 704 8
262 1151 -13
262 234 -28
1151 1150 8
1151 1149 8
234 705 8
234 205 -8
234 1122 -28
988 990 28
988 105 8
990 989 -8
990 107 -13
990 992 28
105 570 13
105 134 19
105 106 28
948 946 19
633 1079 -28
633 632 8
1079 1050 8
1079 1109 -8
1079 197 -28
632 1082 -19
632 603 -28
632 662 13
1053 169 28
1053 1052 -13
1053 603 13
194 663 28
138 109 13
138 1021 28
138 604 8
1050 604 28
1050 1020 -28
169 140 -28
169 196 28
744 774 13
1234 1235 -13
1234 1204 -8
442 441 28
442 889 -8
442 440 -13
441 471 19
889 919 -28
889 890 28
440 439 -8
440 887 19
440 438 -28
1207 316 19
1207 1205 28
763 761 19
763 288 -19
763 765 -19
1177 1148 28
1177 291 19
1077 1078 8
494 32 -19
494 492 -28
494 941 -19
32 3 13
32 912 8
492 30 -19
492 491 -13
941 971 -19
941 942 19
941 63 -28
941 911 13
1109 663 19
302 774 -28
774 803 -8
35 911 13
35 34 -28
911 881 -8
911 912 -28
34 5 13
34 62 -8
238 709 -13
238 209 8
238 1126 -28
238 239 13
933 486 -19
933 57 -28
456 455 -13
456 458 13
943 973 -28
943 944 19
943 913 28
844 842 28
844 367 -19
844 1288 -13
842 1286 28
842 841 -13
367 368 -28
367 1259 19
1288 1318 8
1288 1289 13
1288 1258 8
1129 1099 28
1160 715 -19
1286 397 19
1286 1316 -13
1286 1256 -28
397 871 -8
1256 1257 8
1256 368 -13
1256 812 13
510 512 -19
510 509 19
345 316 -19
86 968 8
86 115 -13
968 970 -8
420 418 8
420 1310 -13
420 419 -13
420 422 19
418 417 13
418 416 13
1310 866 8
1310 1280 19
419 1313 -28
419 390 -13
422 1312 -28
422 421 13
971 524 -8
971 972 28
524 522 8
972 521 -19
972 89 8
972 970 8
769 767 -13
252 253 19
707 709 19
707 705 -13
705 1150 19
705 704 -13
705 703 19
140 141 -19
140 1023 8
1052 1081 -28
604 603 -8
871 841 -28
841 1289 13
841 368 13
142 113 -28
141 603 -28
141 1020 28
465 8 8
465 916 -13
465 435 -8
8 883 -19
435 886 8
435 436 8
89 90 -13
556 558 8
761 759 8
761 1204 -28
759 286 -8
759 758 -13
1204 1205 -19
30 1 28
30 59 28
30 31 -19
912 461 -19
459 489 -13
459 460 28
459 2 13
459 429 13
62 63 -19
62 944 19
1082 1081 -13
1082 196 8
196 197 -13
1044 598 -28
1044 1014 -28
1044 164 -28
1044 1045 -19
598 597 19
598 596 -28
598 600 -28
164 163 -13
164 162 19
1045 1043 -13
1045 1047 -19
240 211 -8
240 1128 13
240 241 -8
734 704 -28
734 1181 19
704 237 28
1181 292 19
241 1125 -13
241 239 -19
1127 681 -13
1127 1097 -8
1127 1128 28
1233 342 13
1233 1235 -13
342 313 19
431 432 19
431 461 -8
431 882 28
432 434 8
432 430 8
461 491 -28
461 4 -8
882 881 -13
882 884 28
882 880 8
882 3 19
1132 244 -8
12 887 19
439 890 -19
545 85 8
545 515 28
545 996 -28
114 113 -28
114 112 -19
114 993 28
522 520 -13
522 59 -19
522 521 13
520 519 -28
59 940 -28
59 60 -28
521 61 19
521 491 8
481 511 8
52 514 -8
52 53 -19
113 996 -8
113 84 19
996 994 19
84 85 -28
84 548 -19
767 292 8
767 765 28
292 293 -28
765 1208 8
663 662 13
597 567 19
597 1047 19
1076 190 -8
1076 1078 13
197 662 -19
629 599 8
629 1078 -28
163 1047 13
163 134 -19
163 190 19
1189 299 -28
1150 1121 8
1121 675 28
1121 1122 19
1121 237 -8
1047 1049 -19
1047 1046 -13
134 600 -8
134 1017 28
190 659 -19
190 191 -13
313 1203 28
313 788 28
313 286 -13
1227 780 8
1227 1229 -19
1020 1021 19
1241 793 13
1241 349 -8
1238 350 19
1238 1208 -8
729 257 -19
729 1173 -13
258 259 -13
258 1147 -28
438 436 19
438 885 -19
1202 315 13
1202 1173 8
1202 1203 -28
315 314 -8
1173 1144 -28
1203 1205 -13
657 188 -28
657 655 -28
657 659 -13
64 946 -28
489 31 -13
489 940 8
489 519 -28
31 907 13
940 942 19
940 938 13
519 970 -19
519 60 -13
793 321 8
321 1208 8
625 162 13
596 1042 19
596 594 -19
596 130 19
1 2 19
1 880 8
363 1255 19
363 392 -19
363 364 -13
838 837 -28
838 1282 -13
838 361 28
349 350 -19
1125 679 8
1125 1126 -8
106 567 -19
106 108 -13
603 573 28
885 886 -28
1261 813 -13
1261 1259 -8
813 814 28
813 784 -8
1259 1257 -28
1259 1258 28
350 352 19
937 907 28
937 938 19
937 60 13
88 90 13
416 1306 8
946 944 -28
944 942 13
511 53 -13
511 541 13
511 512 28
53 51 -8
541 992 28
512 959 -8
512 514 -19
1315 421 13
1315 1313 8
1315 867 -28
5 884 8
192 165 13
192 1078 -13
192 193 8
136 165 13
136 137 -13
136 1019 -28
136 107 8
600 599 -28
600 1046 8
1123 239 28
1123 1093 19
1123 1124 -28
239 237 28
1093 210 8
1124 1122 -19
1124 1126 -13
314 1205 -8
137 599 -8
137 1016 -13
1018 572 28
1018 989 19
1018 1019 19
316 288 -19
1313 865 -19
1313 1312 8
390 868 19
390 361 28
390 391 13
390 1283 -13
189 188 -13
189 187 -8
189 191 -28
655 1101 8
655 653 -8
1312 868 13
1312 1282 -28
421 392 -8
517 547 8
517 487 13
517 518 -13
547 548 -19
487 457 13
518 965 8
518 516 -13
676 210 19
676 646 8
676 1126 8
613 150 8
209 210 -13
209 1096 19
209 679 8
1126 1128 19
1099 1100 19
1099 216 19
1099 653 -19
1099 1070 -19
289 288 -8
289 291 -28
288 260 -19
260 1149 -19
866 868 28
866 864 -19
866 865 28
868 867 19
864 862 -19
864 863 -19
865 835 13
865 391 -28
51 509 -13
392 393 28
837 867 13
837 364 13
1283 835 -19
1283 1282 -13
295 293 28
675 205 8
205 206 -13
205 1092 28
162 160 13
162 1042 -28
715 244 -8
1023 1021 13
1023 573 -19
434 881 13
434 436 13
884 883 13
884 886 19
61 63 -28
61 60 19
491 942 -19
393 1282 8
393 867 -19
393 391 8
3 4 28
591 621 -8
621 650 19
621 622 8
4 2 13
599 1049 8
599 569 -28
1149 1148 -8
1149 1147 28
165 1049 19
681 679 8
681 211 13
679 678 19
211 212 28
211 1098 -19
1119 1148 28
1148 703 -28
809 780 28
809 1257 13
366 368 -8
366 364 -13
567 1017 -8
368 370 28
1230 1231 19
1230 786 -13
816 340 19
816 814 -13
1147 1145 -8
1147 698 -13
1147 1146 -19
757 756 28
757 284 -8
650 1100 -8
1100 1098 -28
191 193 13
672 206 -28
672 1122 28
703 701 13
214 216 19
214 212 8
214 1097 8
212 210 -28
212 678 8
1097 1098 8
1097 1068 13
109 110 -28
109 992 28
1021 1019 -28
573 112 8
859 829 28
384 862 -19
384 413 19
862 1306 28
1280 391 19
391 389 -8
1019 1017 -28
1019 569 -8
678 1128 8
1205 758 8
814 812 -19
814 1258 -8
784 1231 -28
340 1231 28
1231 1229 19
291 293 19
460 907 -13
907 877 -13
361 1253 -8
883 436 -19
883 913 -8
618 620 28
620 622 28
620 619 -8
257 1145 28
257 229 8
257 286 28
593 1043 -28
593 594 -13
1043 1042 8
1043 159 13
594 1040 19
1096 646 -13
1096 1098 19
572 570 -28
572 107 -13
570 1016 -28
570 569 -8
107 108 28
1145 1144 -8
1144 259 -8
1144 1115 -28
1144 699 -8
1070 1040 8
1070 187 28
622 1068 -19
750 780 -19
160 159 -19
160 1040 19
159 130 19
1040 1010 -19
1046 1016 8
430 877 -13
430 429 -8
457 458 -28
569 108 13
112 110 -19
993 994 8
285 284 -19
285 283 -28
1276 1306 -8
1276 387 19
387 389 28
652 187 -8
652 653 28
756 726 19
726 727 -19
1255 1253 -13
1255 1257 -28
1016 1017 -28
130 1013 -8
1171 1172 13
1171 727 8
1172 284 -28
863 389 -19
877 878 -28
877 2 -13
878 880 13
959 989 -19
514 516 19
429 880 19
1258 370 -28
989 110 -28
110 108 -8
587 1037 -28
619 156 -19
1037 1039 19
698 699 28
516 515 8
516 54 -13
1010 564 8
992 994 -8
1115 669 -19
699 701 13
699 229 -8
1146 701 -8
1038 1068 -8
1038 1039 13
670 671 28
150 152 -28
515 57 -8
85 83 19
671 669 8
905 458 19
