1249 1248 -19
1249 357 8
1249 1247 -8
1249 1251 -8
1249 801 19
1248 360 -8
1248 1218 28
1248 1278 28
1248 804 -13
357 834 13
357 386 28
357 328 -13
357 358 -19
1247 1245 -8
1247 355 -19
1247 799 28
1247 1246 19
1251 359 -13
1251 803 13
1251 1253 -8
1251 1250 -8
801 772 -19
801 802 13
801 329 -8
801 831 13
157 1041 -28
157 184 19
157 624 -28
157 158 19
157 128 -28
1041 591 28
1041 1040 19
1041 1043 19
1041 1039 19
184 213 19
184 185 -8
184 653 -28
184 1071 -28
624 626 -28
624 623 -8
624 1070 28
624 622 -19
158 160 -19
158 621 28
158 156 -13
158 1038 28
128 129 28
128 594 -28
128 1011 28
128 99 -13
741 268 13
741 739 -13
741 740 13
741 743 13
741 1184 13
268 269 -19
268 240 -8
268 1157 -28
268 296 28
739 737 8
739 738 -13
739 266 -8
739 1182 -13
740 710 13
740 770 -19
740 1187 -19
740 271 -8
743 270 -8
743 745 8
743 1186 -28
743 742 19
1184 298 19
1184 1156 13
1184 1214 28
1184 1185 -8
447 448 8
447 477 -19
447 898 8
448 895 -19
448 446 19
448 450 -19
477 20 -28
477 928 -28
477 507 13
477 478 8
898 896 28
898 19 19
898 900 28
898 897 8
401 402 13
401 372 19
401 1295 -8
402 404 19
402 1292 -19
372 850 -13
372 343 8
372 1265 -8
372 373 8
1295 1294 8
1295 1297 28
1295 1293 19
1295 847 -8
404 406 28
404 1294 -28
404 403 28
406 408 19
406 1296 13
406 405 -28
1294 850 -8
1294 1264 13
403 1297 -19
403 374 -8
535 505 -19
535 986 8
535 536 -13
535 565 13
535 75 -8
505 956 13
505 475 -19
505 506 -19
505 47 28
986 103 28
986 988 -28
986 984 -13
986 985 -19
536 538 8
536 983 13
536 534 28
536 72 -13
565 566 8
565 1015 19
565 595 -8
565 104 19
75 77 -28
75 73 -13
75 953 -13
75 74 -8
1061 611 19
1061 1059 13
1061 1060 -19
1061 1063 28
611 640 -28
611 581 -19
611 612 -28
611 148 13
1059 174 28
1059 1058 -28
1059 1057 -19
1059 609 28
1060 178 19
1060 614 8
1060 1030 28
1060 1089 -13
1063 1062 13
1063 177 -19
1063 1065 19
1063 613 -13
173 144 -8
173 639 -28
173 1057 -28
173 200 -19
144 1027 8
144 115 13
144 610 -19
639 638 13
639 1085 -8
639 641 -28
1057 1056 19
200 229 -28
200 669 19
200 1086 8
1300 856 8
1300 410 -13
1300 1270 -19
1300 1301 13
856 855 -13
856 858 28
856 378 -19
856 854 -8
410 408 28
410 412 -28
410 409 -19
1270 1240 13
1270 826 -8
1270 1271 -13
1270 381 8
1301 1303 19
1301 1299 19
1301 407 28
1301 853 13
27 488 28
27 906 19
27 56 -28
27 28 13
488 487 -19
488 486 13
488 935 8
906 904 28
906 455 -8
906 905 -13
56 936 -19
56 518 -28
56 57 -28
56 84 13
28 903 -13
28 485 13
28 26 -28
538 74 28
538 985 -19
538 537 -13
538 540 -13
74 956 28
74 46 -19
985 955 13
985 1014 19
985 106 13
537 77 28
537 988 -19
537 507 28
537 567 13
540 987 13
540 539 -13
540 76 -8
540 542 -19
499 41 28
499 950 -13
499 529 -13
499 500 -19
499 469 -13
41 40 -28
41 39 -28
41 43 8
41 917 -28
950 952 28
950 68 -19
950 949 -13
950 948 -13
529 559 19
529 980 -13
529 530 28
529 69 28
500 498 13
500 947 13
500 38 -28
500 502 19
469 470 28
469 12 -28
469 439 -28
469 920 -13
1001 999 28
1001 118 -8
1001 1000 13
1001 1003 28
1001 551 28
999 998 28
999 549 -13
999 116 -13
118 147 13
118 89 -28
118 119 28
118 584 -19
1000 971 -8
1000 554 28
1000 1030 -28
1000 121 -28
1003 553 -28
1003 120 19
1003 1002 -28
1003 1005 19
551 552 -19
551 521 -19
551 581 13
551 90 28
1303 409 -19
1303 1302 28
1303 1305 13
1303 855 13
409 380 -13
1302 412 13
1302 858 -13
1302 1272 -13
1305 1304 13
1305 1307 28
1305 857 -19
1305 411 28
855 381 8
855 825 -28
207 677 -13
207 236 -13
207 208 -28
207 1094 -19
207 179 28
677 1123 -8
677 675 8
677 676 19
677 679 -28
236 707 -19
236 264 13
236 1124 8
236 237 19
208 674 8
208 210 -19
208 206 -28
208 1091 -19
1094 644 8
1094 1096 -8
1094 1092 -28
1094 1093 -8
179 647 -19
179 151 -13
179 1065 8
783 1226 13
783 785 28
783 782 28
783 781 -13
783 307 28
1226 339 13
1226 1196 -28
1226 1227 19
1226 1256 -19
785 309 -8
785 1228 -19
785 786 8
785 784 -19
782 310 8
782 752 -28
782 811 -28
782 1229 -13
781 1224 -19
781 779 13
781 305 -28
781 780 28
307 308 -13
307 336 -19
307 280 -28
307 1197 13
605 634 -28
605 575 -28
605 1055 8
605 143 8
605 606 -13
634 664 -28
634 172 -19
634 635 -13
634 1084 -13
575 576 -28
575 545 19
575 114 -28
575 1025 19
1055 1053 13
1055 171 -28
1055 1054 -13
143 142 -13
143 141 28
143 1022 -8
606 140 -28
606 1052 13
606 604 13
606 608 -19
1201 754 -13
1201 1200 -19
1201 1199 8
1201 311 -8
754 755 -13
754 784 -19
754 724 19
754 285 19
1200 1171 -19
1200 1230 19
1200 757 -8
1199 752 -13
1199 1197 -8
1199 1198 8
1199 309 19
311 340 -19
311 786 -8
311 312 28
311 284 8
308 310 8
308 306 -13
308 780 13
308 1194 -19
336 365 13
336 337 19
336 812 -28
336 1227 -8
280 1169 -19
280 252 13
280 281 28
280 753 -13
1197 1196 -13
1197 1195 19
1197 750 -8
40 920 -19
40 11 19
40 502 -13
40 68 -19
920 919 -8
920 922 13
920 918 13
11 12 8
11 890 19
11 472 13
502 504 -28
502 949 13
502 501 -13
68 97 -19
68 69 -19
68 532 28
20 18 19
20 895 -28
20 22 -8
20 19 28
18 16 28
18 475 13
18 893 28
18 17 -28
895 925 -19
895 896 -28
22 479 13
22 21 -28
22 897 19
22 24 -19
19 480 8
19 48 19
310 309 13
310 312 19
310 1196 13
309 282 -13
309 338 -19
312 1198 -28
312 784 19
1196 1168 -19
1196 753 13
274 1163 -13
274 747 8
274 275 -28
274 246 -8
274 301 13
1163 1165 -8
1163 1161 -8
1163 714 19
1163 1162 13
747 749 28
747 1190 -19
747 746 28
747 745 19
275 273 -13
275 744 13
275 277 28
275 1160 -28
246 1134 19
246 717 -19
246 247 -19
246 217 -28
301 302 -8
301 1191 8
301 330 28
301 777 -8
590 592 -19
590 589 8
590 588 -8
590 124 -28
590 1036 -8
592 126 19
592 591 8
592 594 -28
592 1038 19
589 127 28
589 559 -13
589 619 28
589 1039 13
588 1034 -8
588 586 13
588 122 -8
588 587 -8
124 1007 13
124 95 13
124 153 -13
124 125 8
1036 1037 19
1036 1066 13
1036 1006 13
1036 156 -13
1007 1005 13
1007 1009 13
1007 1006 13
1007 557 13
95 96 -19
95 66 -19
95 978 -8
95 560 13
153 620 -8
153 1037 28
153 154 28
153 180 -19
125 127 -28
125 123 -28
125 587 -8
125 1004 28
925 478 8
925 955 13
925 926 19
925 49 -13
478 480 -8
478 476 -28
478 17 28
955 956 -28
955 77 8
955 508 -13
926 46 -13
926 924 8
926 475 -8
926 928 8
49 47 19
49 507 13
49 48 -8
49 51 13
1166 1194 -13
1166 1167 8
1166 1137 8
1166 281 -28
1166 721 -13
1194 1224 -19
1194 1195 28
1194 751 -28
1167 1165 -28
1167 718 -28
1167 1169 13
1167 278 -8
1137 691 -19
1137 1138 8
1137 1107 8
1137 253 28
281 279 19
281 750 -8
281 283 -8
721 719 -13
721 250 13
721 720 19
721 723 -13
553 92 -8
553 583 -13
553 554 -28
553 523 -13
92 971 28
92 91 13
92 94 13
92 90 8
583 613 -28
583 584 13
583 1033 -13
583 121 13
554 552 -28
554 89 19
554 556 -28
523 524 -19
523 63 13
523 493 19
523 974 28
695 697 -28
695 693 13
695 694 -19
695 225 28
695 1140 -13
697 696 13
697 1142 19
697 227 -8
693 691 -13
693 223 19
693 692 -19
694 664 28
694 228 -13
694 724 -28
694 1143 19
225 254 8
225 226 13
225 1112 -19
225 196 8
1140 1141 -8
1140 1111 -13
1140 256 -28
834 833 -19
834 1278 19
834 832 -8
834 836 8
833 360 13
833 803 -19
833 863 8
833 1281 -13
1278 1279 -28
1278 1308 19
1278 389 28
832 831 -28
832 1276 -8
832 830 -8
832 355 -13
836 359 -19
836 835 -8
836 1280 -19
836 838 19
127 126 13
127 1006 -13
127 129 28
126 97 8
126 155 -28
126 1009 8
1006 977 19
1006 560 -8
129 591 -8
129 1008 8
129 131 -13
386 1279 19
386 415 13
386 864 28
386 387 -13
328 329 19
328 1219 -13
328 299 -8
328 804 19
358 360 13
358 831 -13
358 356 19
358 1246 8
423 394 -8
423 424 -28
423 1317 -13
394 872 28
394 1287 -28
394 365 13
394 395 -8
424 426 8
424 1314 13
424 422 8
1317 869 8
1317 1316 19
1317 1315 -13
1317 1319 13
360 359 -13
360 362 13
359 388 -19
359 330 -13
362 835 -8
362 361 -28
362 1250 19
362 364 13
909 33 28
909 910 -8
909 939 -19
909 462 -28
909 879 -28
33 35 -28
33 491 19
33 32 -28
33 31 8
910 30 13
910 908 28
910 912 -13
910 459 -8
939 969 -13
939 492 19
939 61 19
939 940 -8
462 464 -28
462 460 -19
462 461 -28
462 1 19
879 432 8
879 880 19
879 4 -8
1267 374 -28
1267 1266 19
1267 1269 -19
1267 819 -19
1267 1265 28
374 852 -19
374 345 -13
374 375 19
1266 377 -13
1266 1236 -28
1266 822 -28
1266 1296 28
1269 376 19
1269 1271 8
1269 1268 -19
1269 821 -19
819 789 -28
819 820 -13
819 346 -28
819 849 -8
1265 817 -8
1265 1264 28
1265 1263 -8
71 69 8
71 73 -13
71 531 -8
71 70 -8
71 949 8
69 67 13
69 947 -8
73 72 13
73 533 13
73 951 28
531 532 28
531 501 28
531 982 -19
531 561 28
70 534 -28
70 952 -13
70 42 -8
70 99 -8
949 919 -28
949 979 -28
977 98 19
977 947 -19
977 978 13
977 530 -28
98 559 -19
98 97 -8
98 100 -13
98 96 8
947 917 19
947 948 -13
978 527 -13
978 976 13
978 980 13
530 66 -28
530 528 -8
530 532 -13
643 641 13
643 645 -8
643 1089 -28
643 642 19
641 174 -13
641 640 8
641 1087 -8
645 644 -8
645 647 28
645 1091 -13
645 177 -8
1089 1119 8
1089 1090 13
1089 206 8
642 178 19
642 613 19
642 1092 -19
642 672 -8
425 396 -8
425 1319 -19
425 426 -13
396 367 -28
396 1289 -13
396 874 28
396 397 13
1319 871 -19
1319 1321 8
1319 1318 -28
426 428 13
426 1316 13
749 1192 28
749 751 28
749 276 8
749 748 19
1190 304 -19
1190 1162 -8
1190 1220 -28
1190 1191 19
746 716 -28
746 776 13
746 1193 -19
746 277 -13
745 272 -8
745 1188 8
745 744 28
453 483 -8
453 904 -8
453 454 -28
483 513 28
483 484 19
483 26 -13
483 934 -28
904 902 -28
904 25 -13
904 903 -13
454 452 -28
454 901 28
454 456 -13
956 958 -13
956 954 8
958 507 13
958 76 -13
958 960 13
958 957 8
954 952 -13
954 72 -28
954 953 13
954 503 8
1218 331 28
1218 1219 28
1218 1188 -8
1218 775 8
331 333 -28
331 329 13
331 803 -13
331 330 19
1219 772 -13
1219 1217 -13
1219 1221 13
1188 302 8
1188 1189 28
1188 1160 19
775 773 8
775 299 -19
775 777 -19
775 774 19
178 176 -8
178 177 -13
176 1058 19
176 175 19
176 640 -8
177 205 8
177 149 13
710 243 -13
710 1159 8
710 711 -8
710 680 -19
243 242 28
243 245 19
243 241 8
243 1127 -19
1159 270 -8
1159 1157 -8
1159 1161 13
1159 1158 13
711 713 28
711 1156 -13
711 709 28
711 240 -19
680 681 -8
680 650 19
680 214 13
680 1130 -19
644 615 28
644 674 -13
647 649 -13
647 1093 8
647 646 8
1091 1062 -8
1091 1121 -13
1091 1092 13
1067 1066 -13
1067 617 -13
1067 1065 -13
1067 1069 13
1067 180 -28
1066 183 -28
1066 620 8
1066 1095 8
617 618 28
617 154 -13
617 587 -28
617 646 -19
1065 615 -28
1065 1064 -13
1069 619 -8
1069 1071 -28
1069 182 28
1069 1068 19
180 649 -19
180 209 28
180 181 19
1028 1058 -13
1028 582 28
1028 998 -13
1028 148 28
1028 1029 -13
1058 612 -19
1058 1087 -8
582 580 13
582 116 -28
582 581 -19
582 584 8
998 552 -28
998 119 19
998 969 -28
148 147 -13
148 146 -19
148 150 13
1029 579 -13
1029 1031 19
1029 1027 8
1029 145 -8
242 1130 -19
242 213 19
242 713 13
242 270 -28
1130 1129 19
1130 1132 8
1130 1128 13
213 214 13
213 683 -28
213 1100 19
713 712 -13
713 1158 -28
713 715 -28
270 297 -8
270 271 19
544 991 13
544 542 -13
544 80 19
544 546 13
544 543 -28
991 1020 -13
991 992 -13
991 112 13
991 961 -19
542 989 -13
542 78 8
542 541 -28
80 52 -13
80 109 -8
80 81 8
80 962 19
546 82 -28
546 548 -8
546 545 8
546 993 -8
543 513 -13
543 573 28
543 83 8
543 994 -19
475 476 -19
475 445 8
506 504 -8
506 953 -19
506 508 -13
506 44 -19
47 46 -19
47 45 28
47 923 28
1005 122 13
1005 1004 8
1005 555 -28
1009 559 13
1009 1011 -28
1009 1008 -19
557 527 -28
557 96 -13
557 587 19
557 558 -8
1309 415 19
1309 1311 19
1309 861 -28
1309 1307 19
1309 1308 -28
415 416 8
1311 417 -28
1311 1310 8
1311 863 -13
1311 1313 -19
861 831 -8
861 387 13
861 862 8
1307 859 28
1307 413 28
1307 1306 28
1308 864 -8
1308 418 28
1133 1162 28
1133 687 28
1133 1134 -19
1133 249 -28
1133 1103 -28
1162 277 -19
1162 717 -19
687 685 -13
687 686 -8
687 689 13
687 217 -13
1134 684 -13
1134 1136 -19
1134 1132 8
249 716 -19
249 248 -13
249 251 -13
249 247 19
1103 1104 13
1103 220 -19
1103 1074 -13
1103 657 19
800 799 -19
800 1244 -28
800 802 28
800 324 8
800 798 13
799 327 28
799 770 -19
799 829 19
1244 1245 28
1244 1274 -13
1244 1214 -13
1244 356 19
802 1246 -13
802 326 -13
802 804 -13
324 353 8
324 1215 8
324 325 28
324 296 13
798 1242 28
798 796 13
798 322 8
798 797 8
46 508 -28
46 17 28
508 507 19
508 510 -13
17 896 19
1118 668 8
1118 1116 19
1118 1120 -28
1118 1117 -13
1118 230 8
668 638 -13
668 698 28
668 669 13
668 202 -28
1116 229 -13
1116 1115 8
1120 1119 -8
1120 670 19
1120 1122 -28
1120 232 13
1117 233 -13
1117 671 -13
1117 1146 8
1117 1087 19
230 258 -13
230 701 19
230 201 8
230 231 -19
327 326 -8
327 329 8
327 325 28
327 1214 28
326 297 8
326 1217 19
326 355 28
329 1216 -13
325 797 -8
325 1212 -28
325 323 28
1214 1215 13
1214 771 28
931 484 -19
931 932 -28
931 55 8
931 901 8
931 961 -8
484 482 -13
484 486 28
484 23 8
932 930 -28
932 481 -8
932 52 8
932 934 -28
55 513 -19
55 54 -13
55 53 8
55 57 -8
901 902 -28
901 26 -19
961 962 28
961 83 -8
961 514 -19
852 854 28
852 851 28
852 850 13
852 1296 13
854 1298 19
854 376 28
854 853 13
851 377 -28
851 1299 -13
851 821 -28
850 848 -13
850 849 8
1296 1297 19
559 560 8
560 558 -19
560 562 -19
298 770 8
298 297 -13
298 300 -19
1156 1127 -13
1156 271 8
1156 1157 -19
1185 738 19
1185 1183 28
1185 1187 19
1185 296 -13
133 595 19
133 132 -8
133 135 -19
133 131 -8
133 1012 -13
595 1045 19
595 625 19
595 596 -28
132 103 -8
132 598 8
132 1015 13
132 161 -13
135 597 13
135 1014 -28
135 137 -13
135 134 -8
131 593 -8
131 1010 13
131 130 8
1012 983 -28
1012 1013 28
1012 566 -19
1012 1042 13
664 199 8
664 1114 -13
664 665 8
199 198 -28
199 197 -19
199 1081 -28
1114 227 13
1114 1113 19
1114 1112 -13
665 667 19
665 663 8
665 1111 28
665 196 -28
377 375 19
377 376 -13
377 379 -8
375 1264 -28
375 849 -28
375 373 8
376 347 19
376 405 -28
379 853 28
379 1268 -28
379 381 13
379 378 28
97 562 13
97 980 8
562 561 -13
562 1008 -19
562 564 -19
980 982 -28
980 979 28
1273 1272 19
1273 1275 -19
1273 1271 -19
1273 825 -19
1273 380 -13
1272 383 28
1272 1242 -8
1272 828 -28
1275 1274 13
1275 382 28
1275 1277 19
1275 827 -13
1271 823 -8
1271 378 -28
825 795 13
825 352 -19
825 826 -8
380 858 28
380 381 -8
380 351 8
77 76 8
77 79 13
76 48 -19
76 105 -8
79 81 8
79 78 13
79 957 19
79 539 -13
983 953 -8
983 984 8
983 104 -28
953 923 8
984 982 -13
984 533 13
984 101 -28
104 103 -19
104 102 28
104 106 8
198 227 19
198 171 8
198 1084 8
198 667 -13
227 228 -13
171 172 -13
171 142 -19
171 637 -28
1084 1083 -28
1084 1082 13
667 666 19
667 1113 -8
649 651 8
649 1095 -19
649 648 19
651 650 -19
651 1097 19
651 182 -8
651 653 28
1095 1125 -8
1095 1096 -19
1095 212 -13
648 183 28
648 678 8
648 619 -8
648 1098 13
640 1090 28
640 670 -19
581 1031 -8
581 119 -8
612 614 -28
612 610 28
612 145 -13
817 818 13
817 787 13
817 344 -19
817 847 -28
818 1262 -8
818 820 8
818 342 8
787 1235 8
787 315 -28
787 758 -19
787 788 -28
344 1232 28
344 346 13
344 343 -28
847 848 -28
847 373 -13
1236 1206 19
1236 348 -28
1236 792 8
1236 1237 -19
1206 319 -8
1206 1207 -8
1206 763 -28
1206 1177 -19
348 347 19
348 350 -28
348 346 -19
348 821 13
792 791 8
792 790 13
792 316 -28
792 794 19
1237 789 8
1237 1239 -13
1237 1235 8
1237 345 -19
1224 337 -13
1224 1254 8
1224 1225 8
337 339 28
337 335 8
337 809 -28
1254 1284 -19
1254 1255 -13
1254 366 -13
1254 810 -28
1225 1223 13
1225 778 -13
1225 1227 -8
1225 334 -28
183 181 13
183 185 -8
183 182 -28
181 1064 28
181 646 -8
185 650 13
185 1068 -8
185 187 8
182 155 -28
182 211 -19
716 1165 -19
716 717 -28
716 686 8
1165 276 -19
1165 1164 -13
717 719 -13
717 715 -28
686 656 -13
686 220 28
686 1136 19
147 1031 -19
147 614 28
1031 1030 -19
1031 1033 28
614 613 8
614 616 19
1073 623 -28
1073 1075 19
1073 1072 13
1073 186 -8
1073 1071 -19
623 593 19
623 160 -13
623 652 28
1075 188 -28
1075 625 -19
1075 1074 13
1075 1076 13
1072 189 28
1072 626 -28
1072 1042 13
1072 1101 -19
186 655 19
186 159 -19
186 215 19
186 187 -19
1071 1070 13
1071 621 -19
719 1164 -19
719 248 28
719 718 -19
1164 1135 19
1164 279 13
1164 1192 -28
248 276 -28
248 1136 19
248 219 -13
718 251 -19
718 748 28
718 688 13
1034 1004 -8
1034 1035 -8
1034 1064 -19
1034 154 8
1004 558 28
1004 975 8
1035 1033 -19
1035 585 19
1035 1037 13
1035 151 28
1064 618 8
1064 1093 -28
154 156 -28
154 152 -28
276 303 13
276 277 8
1136 1135 -13
1136 1138 -19
219 220 -28
219 1106 19
219 190 -8
219 689 -8
730 700 13
730 760 -13
730 261 13
730 1178 13
730 731 -8
700 233 28
700 1149 -8
700 701 28
700 670 -13
760 789 8
760 761 -8
760 1207 -13
760 289 8
261 260 -28
261 263 13
261 259 -13
261 1146 13
1178 1176 28
1178 1177 19
1178 1179 8
731 729 19
731 733 -28
731 1175 -28
731 258 -8
525 65 -13
525 976 13
525 526 -19
525 495 19
525 555 19
65 67 8
65 63 -13
65 943 13
65 64 28
976 93 19
976 974 -8
976 975 -8
526 528 8
526 973 19
526 524 -28
526 62 8
495 496 -13
495 465 -8
495 946 -13
495 37 19
555 556 13
555 585 -28
555 94 -8
806 808 -13
806 804 -13
806 1250 -19
806 805 13
806 330 19
808 332 -13
808 1252 13
808 810 8
808 807 -13
804 803 -19
1250 1280 -13
1250 1220 -8
805 333 13
805 776 -8
805 835 -19
805 1253 -8
330 1221 -8
233 231 -13
233 235 28
233 232 28
231 1115 8
231 698 -19
235 1119 8
235 702 -8
235 234 -8
235 237 13
232 203 28
232 260 -28
232 703 -13
770 1217 -13
770 771 13
1217 1216 8
1217 1215 -28
771 773 -28
771 769 8
771 296 13
333 335 28
333 332 -28
333 1220 28
335 334 8
335 1222 -8
335 807 -8
332 303 -28
332 1223 13
1220 777 -8
1220 1221 -13
873 1321 -28
873 843 8
873 399 -8
873 874 -8
1321 427 -19
1321 1320 -8
843 844 -13
843 1291 -28
843 813 19
843 370 8
399 398 -8
399 1288 -13
399 397 13
874 876 8
874 872 -19
874 1318 28
527 528 -8
527 67 8
527 497 -19
528 64 19
528 975 -19
67 66 -28
67 945 -28
497 498 13
497 39 -19
497 467 8
497 948 -28
468 466 28
468 915 8
468 470 -8
468 7 19
468 467 -19
466 465 -8
466 464 -13
466 913 28
466 5 -19
915 39 8
915 885 19
915 945 19
915 916 -28
470 472 13
470 917 -28
470 9 28
7 36 -8
7 8 28
7 886 19
467 437 19
467 10 -28
467 918 19
297 773 28
297 1187 -8
773 772 -28
773 1216 -13
1187 1189 13
1187 1186 -8
876 1320 8
876 875 28
876 398 28
1320 1290 -28
875 845 -19
398 369 13
398 427 13
398 1291 13
369 1261 -28
369 846 28
369 340 28
369 370 -19
427 428 -19
1291 1290 -13
1291 1289 8
566 568 -19
566 564 -8
566 101 19
1015 1014 -13
1015 1017 -28
1015 1013 -8
772 742 -28
772 300 -28
742 712 -8
742 273 8
742 1189 19
300 302 28
300 1186 28
300 299 19
304 776 19
304 303 28
304 306 -13
304 302 -28
1191 1193 -8
1191 1189 13
1191 744 28
383 857 -19
383 381 -28
383 382 -28
383 385 8
857 858 19
857 827 -8
382 353 19
382 860 -19
382 411 -13
385 859 19
385 384 13
385 1274 19
385 387 13
103 568 19
568 1014 -8
568 570 28
568 567 8
579 609 -8
579 117 -13
579 580 13
579 549 13
609 638 19
609 146 28
609 610 -8
117 997 -13
117 119 8
117 116 13
580 115 -19
580 1026 8
549 550 19
549 519 13
549 88 -8
685 215 -19
685 1131 28
685 683 28
685 684 28
215 244 -28
215 216 -8
215 1102 -8
1131 1160 8
1131 1101 8
1131 1132 13
1131 247 19
683 1129 28
683 681 8
683 682 -19
684 654 8
684 218 -19
684 714 -13
1176 287 -28
1176 728 28
1176 1174 28
1176 1175 28
287 761 28
287 314 -28
287 258 13
728 729 -19
728 259 13
728 698 13
728 758 -19
1174 286 19
1174 1173 -13
1175 289 13
1175 1204 -28
1175 1146 -13
824 822 19
824 823 -28
824 347 19
824 826 8
824 1268 -28
822 820 28
822 345 -19
822 821 8
823 793 -28
823 350 13
823 853 19
347 318 -8
347 1239 -8
826 349 8
826 828 -19
1268 1298 19
1268 1238 8
1279 1281 -13
1279 1277 28
1279 831 13
1281 1280 -19
1281 388 8
1281 1283 8
1277 384 -28
1277 1276 -8
1277 829 -13
318 794 19
318 319 13
318 290 -13
318 1209 -28
1239 791 -13
1239 1241 8
1239 1238 -19
172 170 13
172 1052 13
635 633 8
635 1081 13
635 637 13
635 169 19
1242 1212 19
1242 354 28
1242 1243 28
1212 769 -19
1212 1213 -8
1212 1182 13
354 353 19
354 356 -28
354 827 28
354 352 -13
1243 1245 -13
1243 1241 -13
1243 795 -13
1243 351 -19
722 255 -13
722 723 19
722 692 13
722 1170 13
722 752 -8
255 254 -28
255 253 -28
255 256 28
723 725 -28
723 252 -19
723 1168 13
692 226 19
692 1141 13
692 662 -28
1170 282 -8
1170 1172 -19
1170 1169 19
752 283 28
752 753 28
1245 797 -13
1245 353 -19
797 768 -19
797 827 -13
353 830 13
737 736 8
737 1180 13
737 735 -8
737 264 -19
736 267 -19
736 766 13
736 1183 -28
736 706 28
1180 1181 -28
1180 1152 28
1180 1210 -13
1180 295 -8
735 262 -8
735 734 19
735 733 13
264 1153 13
264 292 -13
264 265 -8
254 282 -28
254 1141 -8
254 725 -8
282 755 -8
282 283 19
1141 1139 28
1141 1143 28
725 727 -13
725 724 8
1030 150 -19
1030 584 28
1033 149 -19
1033 1032 13
532 534 13
532 979 19
501 952 -13
501 471 -28
501 43 28
982 99 28
982 981 13
561 100 13
561 591 13
561 1011 19
400 371 13
400 1293 -28
371 848 13
371 342 13
371 1263 -8
1293 1292 8
534 981 -13
534 533 28
981 102 -8
981 951 19
981 1010 13
533 503 -19
533 563 8
1056 610 28
1056 1085 19
1056 175 19
1056 1026 8
1085 1115 13
1085 1086 8
1085 202 -19
175 638 28
175 174 -8
1026 1027 -8
1026 146 8
1026 997 -13
776 1223 -13
776 777 -8
1223 1222 -19
1223 1221 -28
777 779 -8
203 1090 -19
203 204 -8
203 673 -19
1090 1088 13
1090 1092 28
204 670 -13
204 206 -28
204 202 -19
204 1087 8
673 675 -28
673 1119 8
673 671 28
673 672 8
339 338 8
339 341 8
339 811 8
338 814 28
338 367 -28
338 1229 -8
341 813 13
341 340 -19
341 1228 -19
811 841 28
811 1259 -13
811 812 8
474 13 19
474 472 28
474 921 -8
474 476 -13
474 473 8
13 42 19
13 892 -13
13 14 -13
472 919 -13
472 471 28
921 45 -8
921 891 13
921 951 28
921 922 -19
476 923 28
476 15 28
473 16 13
473 443 -8
473 924 -13
473 503 8
779 778 13
779 303 19
779 1222 -8
778 306 -28
778 807 28
778 748 28
303 1193 -28
1222 1192 -28
1222 1252 13
601 1051 -8
601 602 8
601 631 -13
601 139 13
601 571 -28
1051 167 -28
1051 1050 -13
1051 1049 8
1051 1053 -28
602 1048 -28
602 136 28
602 604 -19
602 600 13
631 168 -28
631 660 -8
631 1080 8
139 137 8
139 1018 -8
139 138 28
139 141 -19
571 1021 -28
571 572 19
571 110 -13
571 541 19
1298 1299 -13
1298 408 19
1299 1297 -19
1299 405 19
408 407 -28
1193 1192 28
1193 1195 8
789 790 19
789 317 19
790 314 8
790 1234 28
790 788 -8
317 1204 -8
317 319 28
317 316 19
317 315 28
896 894 -8
896 445 -13
16 15 28
16 14 -13
16 891 -13
15 894 19
15 44 13
14 471 -19
14 12 28
14 889 -28
891 444 13
891 892 -13
1168 1169 -19
1168 283 -28
753 755 -28
753 751 19
306 1192 19
306 305 8
305 278 -8
305 1195 19
305 334 13
845 846 -8
845 815 13
846 1290 -19
846 844 19
815 816 8
586 120 13
586 584 -28
586 585 -8
586 1032 -13
120 91 8
120 121 28
120 149 -19
585 123 28
585 615 28
1032 1062 -28
1032 152 -8
1032 1002 -13
91 556 -8
91 974 13
91 62 13
121 123 -28
121 119 8
149 150 8
149 616 8
900 449 13
900 902 -19
900 21 8
900 899 -13
897 927 19
897 450 28
1198 1228 -13
1198 755 -8
691 221 8
691 690 8
691 689 28
221 1108 -19
221 250 8
221 222 -8
221 192 13
690 660 13
690 224 13
690 1139 19
690 720 13
689 1135 -13
689 688 28
100 99 19
100 102 -19
100 979 19
99 564 8
102 563 28
102 101 -13
979 1008 -13
830 828 -28
830 1274 -13
830 829 13
122 151 -8
122 93 19
122 123 13
151 618 -8
151 152 8
93 558 13
93 94 -13
93 64 8
123 1002 19
66 948 -13
66 38 8
945 498 -13
945 946 -28
945 975 -8
168 166 8
168 170 -8
168 167 19
168 1048 8
166 629 -28
166 165 -8
166 164 -13
166 1046 28
170 1050 13
170 632 -8
170 169 -8
167 633 19
167 194 -28
167 138 28
1048 1049 -19
1048 1018 -19
1186 1158 -19
1186 1216 -28
449 450 -13
449 479 13
450 452 19
479 480 -19
479 930 13
479 509 -19
952 951 19
951 504 8
1262 1232 8
1262 373 -8
1262 1263 -8
1262 1292 -8
1232 1233 -13
1232 1202 8
1232 788 13
1292 848 -13
638 1088 -13
1088 1086 8
1088 201 8
1088 1087 -19
174 145 -28
174 201 8
145 146 28
145 116 -19
201 671 -13
201 202 -19
412 411 13
412 414 13
858 860 8
987 988 8
987 957 -28
987 1016 -19
987 108 19
539 509 -8
539 569 -28
539 990 -13
1062 616 19
616 618 -8
616 615 19
1002 556 -19
1002 973 -13
796 1240 -13
796 320 19
796 795 -8
796 794 -13
1240 1241 -8
1240 352 13
1240 1210 13
320 1211 -13
320 349 -19
320 321 -13
320 292 -13
795 323 -28
795 766 -19
794 793 19
794 1238 -19
480 927 -28
480 482 13
927 957 13
927 51 19
927 928 28
482 21 -8
482 929 -19
482 481 -19
607 577 28
607 636 -19
607 608 8
577 578 -19
577 547 -28
636 666 -28
636 637 -28
608 142 -8
608 1054 -28
48 928 -19
48 510 -8
902 23 -28
902 451 -19
23 52 8
23 24 -13
451 452 -19
451 481 19
42 922 8
42 504 28
42 43 -13
922 471 13
922 924 -8
504 503 -8
43 45 19
43 919 13
1108 1106 -19
1108 658 -19
1108 1110 -8
1108 1107 -13
1106 1104 -13
1106 656 28
1106 1105 -19
658 688 -13
658 629 -19
658 659 8
658 193 8
1110 660 -8
1110 1112 13
1110 1109 19
1110 223 8
1107 224 -13
1107 1077 -13
1107 661 13
1304 1274 8
1304 414 -19
1304 860 -13
414 413 19
414 416 -19
860 859 -28
860 862 -8
21 50 -28
24 899 -13
24 26 -28
24 481 28
228 226 -8
228 1111 -19
724 1172 19
724 256 28
1143 1142 -19
155 622 28
155 156 13
155 1039 -13
322 351 -19
322 323 13
322 294 28
322 1213 8
351 352 -13
351 828 19
323 1210 19
323 321 -8
294 266 19
294 769 -28
294 1183 13
294 295 -8
1213 1211 8
1213 766 -28
1213 1215 -28
267 266 -13
267 269 19
267 265 13
267 1152 -8
266 1155 -13
266 238 -19
269 738 8
269 1154 -28
269 271 28
265 734 -13
265 1150 -8
265 263 19
1152 707 -8
1152 1123 -13
1152 1153 8
25 54 -28
25 26 -19
25 486 8
903 933 -8
903 456 8
696 666 -13
696 726 13
1142 1113 28
1142 1171 -28
1157 1155 -28
1157 708 8
1161 712 28
1161 1160 13
1161 272 -13
1158 273 28
1158 1129 -19
388 866 -13
388 417 -19
388 389 -8
1284 395 -28
1284 1314 28
1284 1285 13
1284 840 19
395 869 -19
395 393 -13
395 397 -19
1314 1315 19
1314 870 -13
1285 392 28
1285 837 19
1285 1287 -8
1285 1283 28
840 839 13
840 842 13
840 363 -13
840 838 13
660 195 13
660 661 -28
195 1077 8
195 194 13
195 193 -19
195 197 13
661 192 19
661 663 -19
661 659 -8
849 1297 13
72 101 -28
72 44 28
343 1235 -28
343 820 13
343 314 8
821 791 19
428 1318 8
751 750 28
751 278 -8
748 279 28
748 1195 13
960 78 -28
960 509 28
960 959 28
960 962 -28
957 510 -8
1083 1054 -19
1083 1113 13
1083 637 13
1054 1024 -13
446 445 19
446 444 -19
446 893 8
444 442 8
444 443 -19
893 894 28
893 923 -8
615 152 -19
674 675 -28
674 704 -28
674 1124 -19
712 245 19
712 682 -8
245 1129 -8
245 244 19
245 247 13
682 652 -13
682 216 8
682 1132 -8
1211 764 13
1211 1210 -19
1211 1209 19
764 734 13
764 793 28
764 293 8
764 765 -13
1210 767 28
1209 1208 19
1209 1207 19
1209 762 28
1024 578 28
1024 1025 -8
1024 995 -8
578 576 -13
578 113 19
1025 142 8
1025 1023 8
995 996 -8
995 965 -19
995 548 -8
1011 1010 19
1011 1013 28
1008 1038 -13
224 223 -19
224 222 8
224 226 13
223 252 -8
223 194 19
222 220 -28
222 688 -13
222 1105 8
226 1109 -13
1135 1105 -13
1135 251 -13
1105 659 -28
251 250 8
251 253 8
498 496 8
498 36 -8
496 494 -28
496 34 19
496 943 -28
36 64 -28
36 37 8
36 916 -19
1246 1276 -19
1246 1216 28
355 384 -13
355 356 8
1112 662 -8
1112 1111 28
39 37 8
39 38 8
37 35 19
37 913 28
38 9 28
38 918 28
869 870 -8
869 839 13
870 392 -13
870 872 -13
870 868 13
839 809 -13
839 1287 -8
839 366 13
273 271 8
273 272 -8
272 244 28
272 299 8
872 871 -13
872 1316 -8
1287 1286 -28
1287 1289 -8
365 366 13
365 1257 19
365 842 -28
463 433 19
463 464 -13
463 914 19
463 493 13
463 6 8
433 434 28
433 884 8
464 3 -8
464 911 8
914 34 8
914 916 19
914 913 19
914 912 13
493 494 8
493 35 28
493 944 -19
6 8 19
6 5 19
6 4 28
6 881 -13
1290 1260 13
1260 1261 8
1260 1230 -13
1260 816 13
552 87 8
552 550 13
87 116 13
87 59 -8
87 88 -8
87 970 19
550 997 19
550 86 19
378 349 19
378 407 -8
827 828 28
81 83 -28
81 541 28
81 959 -13
78 50 8
78 107 8
974 973 8
974 972 -19
975 96 -8
820 1264 13
346 345 -19
346 1234 8
964 513 -19
964 82 -8
964 963 28
964 966 28
964 962 19
513 514 -13
82 54 -8
82 111 -19
82 83 -8
963 516 19
963 85 -8
963 993 8
963 933 -13
966 84 8
966 515 19
966 965 13
962 511 8
452 899 -8
899 929 -28
688 1138 -28
1215 768 8
250 278 19
250 1138 -19
278 279 28
1138 1139 28
732 733 -13
732 702 13
732 263 -28
732 762 -19
732 1179 -13
733 260 13
733 1177 -13
702 1151 13
702 672 19
702 703 -8
263 262 -28
263 1148 28
762 791 19
762 763 -19
762 291 28
1179 290 -19
1179 1181 -8
1111 1081 19
503 45 8
1252 1282 28
1252 1253 -13
1252 364 28
810 809 -19
810 334 -19
810 812 -13
807 837 8
807 1255 19
437 438 13
437 888 -28
10 9 13
10 8 -13
10 885 19
10 12 -8
918 917 -28
918 916 -28
45 44 -13
44 924 19
334 363 -8
917 887 -13
9 888 -19
888 886 13
888 890 8
888 887 -13
1264 1234 -8
279 277 13
930 929 13
930 50 8
930 928 8
929 53 -8
929 959 -19
50 512 -13
50 51 -19
576 111 8
576 574 28
576 1022 -8
111 112 28
111 140 -13
111 994 13
574 572 -28
574 1020 -8
574 573 -19
574 109 -28
1022 1052 28
1022 993 -8
1022 1023 28
892 894 -8
892 441 8
892 890 -8
654 1104 8
654 189 -13
654 655 28
654 625 19
218 220 -28
218 216 -8
218 1101 19
218 217 -13
714 715 28
714 247 8
714 744 -8
894 443 -28
96 94 19
94 973 19
656 627 8
656 191 -19
656 657 -28
628 626 13
628 1074 -8
628 627 -8
628 161 -8
628 630 13
626 625 8
626 159 19
1074 1044 -8
1074 191 28
627 597 -13
627 1076 -8
627 164 -19
161 188 -13
161 1045 8
161 162 -28
630 629 19
630 163 -8
356 829 -19
766 767 8
766 295 -8
1183 1182 13
1183 1181 28
706 1155 -8
706 707 8
706 239 -28
706 676 13
1221 774 -28
738 768 8
738 708 -13
768 769 19
708 709 -8
708 678 -28
708 241 -8
563 593 28
563 1013 13
563 564 13
997 967 -28
967 968 13
967 520 -13
967 937 -28
967 88 8
1139 252 -28
923 924 13
969 522 13
969 90 19
969 970 -19
1104 217 -8
1104 1102 -19
217 188 -13
1102 1100 -19
1102 652 -19
1102 1101 19
791 319 19
319 321 19
936 935 -28
936 485 19
936 934 -8
935 905 8
935 965 28
485 455 28
485 486 -8
485 515 8
934 54 -28
934 933 -13
1228 1258 -8
1228 1229 -8
755 757 19
720 750 -13
720 1169 -28
720 253 -8
29 908 -28
29 58 -8
29 490 -8
29 0 -28
908 907 -8
58 86 -13
58 520 -19
58 938 13
490 489 -19
490 937 -8
490 492 -8
0 460 19
0 878 -8
290 262 19
290 291 -8
290 765 28
101 130 -19
1080 1082 -28
1080 194 28
1080 1079 -28
1080 1078 -28
1155 1154 -8
1155 1153 -28
1154 1182 28
1154 1125 -8
1154 709 -28
1153 1151 19
1153 704 -19
262 1151 28
262 234 -28
1151 1150 13
1151 1149 -19
234 705 19
234 205 -19
234 1122 -28
988 990 -8
988 105 -19
990 989 8
990 107 -8
990 992 -28
105 570 -8
105 134 -8
105 106 -28
948 946 8
633 1079 -19
633 632 -8
1079 1050 -19
1079 1109 19
1079 197 8
632 1082 8
632 603 28
632 662 19
1053 169 28
1053 1052 28
1053 603 8
194 663 -19
138 109 -13
138 1021 -19
138 604 -28
1050 604 -8
1050 1020 13
169 140 -19
169 196 19
744 774 8
1234 1235 -8
1234 1204 -13
442 441 -13
442 889 13
442 440 -19
441 471 -13
889 919 -13
889 890 28
440 439 19
440 887 19
440 438 -19
1207 316 -13
1207 1205 -13
763 761 13
763 288 28
763 765 8
1177 1148 19
1177 291 28
1077 1078 8
494 32 -19
494 492 8
494 941 -19
32 3 19
32 912 19
492 30 -28
492 491 -19
941 971 28
941 942 -19
941 63 -13
941 911 -28
1109 663 -13
302 774 -8
774 803 -19
35 911 19
35 34 19
911 881 19
911 912 -8
34 5 -19
34 62 -28
238 709 -8
238 209 8
238 1126 -19
238 239 -13
933 486 -19
933 57 8
456 455 28
456 458 -13
943 973 13
943 944 8
943 913 -8
844 842 19
844 367 -8
844 1288 13
842 1286 13
842 841 -8
367 368 8
367 1259 -19
1288 1318 -13
1288 1289 28
1288 1258 19
1129 1099 -28
1160 715 8
1286 397 -13
1286 1316 28
1286 1256 13
397 871 13
1256 1257 -19
1256 368 8
1256 812 19
510 512 19
510 509 19
345 316 19
86 968 -13
86 115 19
968 970 19
420 418 13
420 1310 -28
420 419 19
420 422 13
418 417 8
418 416 19
1310 866 19
1310 1280 13
419 1313 28
419 390 13
422 1312 -13
422 421 -8
971 524 -13
971 972 -13
524 522 28
972 521 -8
972 89 -13
972 970 8
769 767 -8
252 253 28
707 709 -28
707 705 28
705 1150 -28
705 704 19
705 703 8
140 141 8
140 1023 8
1052 1081 28
604 603 -8
871 841 19
841 1289 -8
841 368 28
142 113 -28
141 603 13
141 1020 8
465 8 13
465 916 -13
465 435 13
8 883 -19
435 886 8
435 436 19
89 90 -19
556 558 8
761 759 28
761 1204 8
759 286 -28
759 758 8
1204 1205 -13
30 1 -19
30 59 19
30 31 -28
912 461 -8
459 489 19
459 460 13
459 2 -13
459 429 19
62 63 13
62 944 28
1082 1081 -13
1082 196 8
196 197 13
1044 598 -19
1044 1014 -8
1044 164 -19
1044 1045 28
598 597 -8
598 596 -19
598 600 13
164 163 8
164 162 -8
1045 1043 -8
1045 1047 -19
240 211 19
240 1128 8
240 241 28
734 704 28
734 1181 -13
704 237 13
1181 292 -8
241 1125 -13
241 239 13
1127 681 28
1127 1097 28
1127 1128 -13
1233 342 8
1233 1235 -8
342 313 -28
431 432 -8
431 461 -19
431 882 28
432 434 8
432 430 -13
461 491 8
461 4 -28
882 881 -13
882 884 8
882 880 -8
882 3 28
1132 244 28
12 887 8
439 890 -8
545 85 13
545 515 28
545 996 8
114 113 28
114 112 28
114 993 13
522 520 -8
522 59 19
522 521 -19
520 519 19
59 940 8
59 60 -8
521 61 19
521 491 -28
481 511 -19
52 514 -19
52 53 28
113 996 -19
113 84 -28
996 994 8
84 85 -13
84 548 28
767 292 8
767 765 13
292 293 -8
765 1208 -28
663 662 -13
597 567 -28
597 1047 8
1076 190 -13
1076 1078 28
197 662 -28
629 599 -28
629 1078 8
163 1047 28
163 134 -19
163 190 -8
1189 299 -13
1150 1121 -19
1121 675 -19
1121 1122 28
1121 237 19
1047 1049 -28
1047 1046 -19
134 600 8
134 1017 19
190 659 28
190 191 19
313 1203 -8
313 788 8
313 286 -13
1227 780 13
1227 1229 8
1020 1021 -13
1241 793 -19
1241 349 -19
1238 350 -28
1238 1208 -19
729 257 19
729 1173 19
258 259 28
258 1147 -28
438 436 19
438 885 28
1202 315 13
1202 1173 -8
1202 1203 -13
315 314 -28
1173 1144 19
1203 1205 -28
657 188 -13
657 655 19
657 659 -8
64 946 13
489 31 8
489 940 13
489 519 19
31 907 19
940 942 13
940 938 -19
519 970 28
519 60 -13
793 321 -19
321 1208 19
625 162 -28
596 1042 -28
596 594 13
596 130 28
1 2 -8
1 880 19
363 1255 28
363 392 8
363 364 8
838 837 -19
838 1282 -13
838 361 28
349 350 -13
1125 679 -8
1125 1126 -13
106 567 -8
106 108 28
603 573 -19
885 886 -13
1261 813 13
1261 1259 -8
813 814 -28
813 784 -28
1259 1257 -13
1259 1258 -8
350 352 -19
937 907 -13
937 938 -28
937 60 -13
88 90 13
416 1306 13
946 944 13
944 942 -28
511 53 19
511 541 8
511 512 19
53 51 19
541 992 -13
512 959 28
512 514 13
1315 421 -19
1315 1313 -28
1315 867 8
5 884 8
192 165 -28
192 1078 19
192 193 -8
136 165 13
136 137 -13
136 1019 19
136 107 19
600 599 -28
600 1046 8
1123 239 19
1123 1093 -13
1123 1124 -28
239 237 13
1093 210 -28
1124 1122 -28
1124 1126 -13
314 1205 8
137 599 13
137 1016 28
1018 572 19
1018 989 19
1018 1019 28
316 288 -19
1313 865 8
1313 1312 28
390 868 28
390 361 -8
390 391 -13
390 1283 13
189 188 -8
189 187 13
189 191 -8
655 1101 13
655 653 -28
1312 868 -19
1312 1282 -19
421 392 -19
517 547 -28
517 487 -28
517 518 -19
547 548 -19
487 457 -28
518 965 -8
518 516 28
676 210 -8
676 646 -28
676 1126 13
613 150 -13
209 210 8
209 1096 8
209 679 19
1126 1128 -28
1099 1100 19
1099 216 28
1099 653 -8
1099 1070 28
289 288 13
289 291 8
288 260 -8
260 1149 19
866 868 8
866 864 28
866 865 -19
868 867 -19
864 862 -13
864 863 8
865 835 8
865 391 -28
51 509 -8
392 393 28
837 867 -8
837 364 -8
1283 835 19
1283 1282 -19
295 293 28
675 205 28
205 206 28
205 1092 19
162 160 19
162 1042 28
715 244 -28
1023 1021 -28
1023 573 28
434 881 -28
434 436 19
884 883 -19
884 886 -8
61 63 8
61 60 -8
491 942 -8
393 1282 -19
393 867 13
393 391 -28
3 4 28
591 621 8
621 650 28
621 622 13
4 2 19
599 1049 -8
599 569 13
1149 1148 -13
1149 1147 -8
165 1049 28
681 679 -8
681 211 28
679 678 19
211 212 28
211 1098 13
1119 1148 -28
1148 703 28
809 780 -8
809 1257 -28
366 368 13
366 364 -13
567 1017 8
368 370 19
1230 1231 -13
1230 786 8
816 340 -28
816 814 -8
1147 1145 -19
1147 698 19
1147 1146 -13
757 756 -13
757 284 -8
650 1100 -13
1100 1098 -19
191 193 28
672 206 28
672 1122 -13
703 701 -19
214 216 -28
214 212 -8
214 1097 28
212 210 -28
212 678 8
1097 1098 -19
1097 1068 13
109 110 8
109 992 8
1021 1019 19
573 112 19
859 829 19
384 862 8
384 413 13
862 1306 8
1280 391 28
391 389 19
1019 1017 28
1019 569 13
678 1128 -19
1205 758 -28
814 812 19
814 1258 -19
784 1231 -13
340 1231 28
1231 1229 28
291 293 -28
460 907 -28
907 877 8
361 1253 13
883 436 8
883 913 -28
618 620 13
620 622 -19
620 619 -19
257 1145 -8
257 229 8
257 286 28
593 1043 8
593 594 -8
1043 1042 -19
1043 159 -13
594 1040 13
1096 646 -28
1096 1098 13
572 570 13
572 107 -13
570 1016 -28
570 569 -28
107 108 -8
1145 1144 8
1144 259 8
1144 1115 28
1144 699 -28
1070 1040 13
1070 187 -13
622 1068 13
750 780 -28
160 159 8
160 1040 8
159 130 19
1040 1010 -8
1046 1016 8
430 877 19
430 429 28
457 458 -19
569 108 -8
112 110 28
993 994 28
285 284 13
285 283 -8
1276 1306 -28
1276 387 -28
387 389 28
652 187 8
652 653 -8
756 726 8
726 727 8
1255 1253 28
1255 1257 8
1016 1017 -8
130 1013 19
1171 1172 -8
1171 727 -13
1172 284 -8
863 389 -8
877 878 13
877 2 13
878 880 -28
959 989 -8
514 516 -19
429 880 -28
1258 370 28
989 110 -28
110 108 13
587 1037 -28
619 156 -28
1037 1039 -19
698 699 13
516 515 -19
516 54 13
1010 564 19
992 994 13
1115 669 -28
699 701 -8
699 229 -28
1146 701 -19
1038 1068 -13
1038 1039 -8
670 671 19
150 152 -8
515 57 19
85 83 8
671 669 -13
905 458 13
