1249 1248 13
1249 357 19
1249 1247 13
1249 1251 8
1249 801 -8
1248 360 -8
1248 1218 -13
1248 1278 19
1248 804 8
357 834 -8
357 386 28
357 328 19
357 358 8
1247 1245 8
1247 355 19
1247 799 -28
1247 1246 13
1251 359 -28
1251 803 19
1251 1253 28
1251 1250 13
801 772 19
801 802 -19
801 329 -13
801 831 13
157 1041 13
157 184 -19
157 624 19
157 158 28
157 128 13
1041 591 13
1041 1040 13
1041 1043 13
1041 1039 -8
184 213 28
184 185 28
184 653 8
184 1071 19
624 626 -19
624 623 -8
624 1070 19
624 622 13
158 160 -8
158 621 -28
158 156 -13
158 1038 8
128 129 28
128 594 28
128 1011 -19
128 99 -13
741 268 -19
741 739 -28
741 740 -19
741 743 13
741 1184 -19
268 269 -13
268 240 -19
268 1157 13
268 296 -19
739 737 28
739 738 -13
739 266 19
739 1182 28
740 710 13
740 770 8
740 1187 19
740 271 -8
743 270 -13
743 745 -28
743 1186 28
743 742 -13
1184 298 8
1184 1156 13
1184 1214 19
1184 1185 -19
447 448 -28
447 477 -13
447 898 -19
448 895 -28
448 446 -28
448 450 -13
477 20 13
477 928 -19
477 507 -8
477 478 -19
898 896 -28
898 19 28
898 900 -19
898 897 19
401 402 19
401 372 13
401 1295 28
402 404 -13
402 1292 28
372 850 -13
372 343 8
372 1265 19
372 373 19
1295 1294 19
1295 1297 13
1295 1293 13
1295 847 19
404 406 -13
404 1294 19
404 403 -13
406 408 19
406 1296 19
406 405 -28
1294 850 8
1294 1264 8
403 1297 -8
403 374 -8
535 505 -13
535 986 28
535 536 -8
535 565 28
535 75 -28
505 956 -19
505 475 19
505 506 19
505 47 28
986 103 13
986 988 -28
986 984 19
986 985 28
536 538 28
536 983 28
536 534 -13
536 72 13
565 566 -28
565 1015 -8
565 595 8
565 104 13
75 77 -19
75 73 8
75 953 19
75 74 -28
1061 611 13
1061 1059 28
1061 1060 13
1061 1063 28
611 640 28
611 581 13
611 612 -19
611 148 28
1059 174 -13
1059 1058 19
1059 1057 19
1059 609 -8
1060 178 -8
1060 614 8
1060 1030 28
1060 1089 -13
1063 1062 -19
1063 177 -19
1063 1065 8
1063 613 -8
173 144 8
173 639 13
173 1057 28
173 200 -13
144 1027 19
144 115 28
144 610 -19
639 638 28
639 1085 13
639 641 -13
1057 1056 -8
200 229 -13
200 669 8
200 1086 13
1300 856 28
1300 410 -19
1300 1270 -19
1300 1301 -8
856 855 -8
856 858 -28
856 378 -19
856 854 -13
410 408 19
410 412 -8
410 409 -28
1270 1240 -13
1270 826 13
1270 1271 8
1270 381 28
1301 1303 19
1301 1299 8
1301 407 28
1301 853 19
27 488 28
27 906 -8
27 56 -28
27 28 -28
488 487 19
488 486 -13
488 935 8
906 904 -13
906 455 8
906 905 -19
56 936 -28
56 518 -19
56 57 -28
56 84 -13
28 903 -28
28 485 -8
28 26 -19
538 74 -28
538 985 -8
538 537 -28
538 540 13
74 956 -28
74 46 -13
985 955 -8
985 1014 13
985 106 -19
537 77 28
537 988 -13
537 507 8
537 567 19
540 987 28
540 539 28
540 76 -13
540 542 19
499 41 13
499 950 -13
499 529 28
499 500 -19
499 469 13
41 40 -13
41 39 8
41 43 -28
41 917 -13
950 952 8
950 68 28
950 949 13
950 948 -8
529 559 13
529 980 19
529 530 -8
529 69 -13
500 498 -8
500 947 13
500 38 28
500 502 13
469 470 -13
469 12 -19
469 439 -19
469 920 19
1001 999 -28
1001 118 -28
1001 1000 19
1001 1003 8
1001 551 -8
999 998 19
999 549 19
999 116 28
118 147 -13
118 89 8
118 119 13
118 584 -8
1000 971 28
1000 554 -13
1000 1030 8
1000 121 19
1003 553 19
1003 120 8
1003 1002 -8
1003 1005 19
551 552 -13
551 521 19
551 581 13
551 90 8
1303 409 19
1303 1302 28
1303 1305 -19
1303 855 13
409 380 13
1302 412 -19
1302 858 -19
1302 1272 -13
1305 1304 -13
1305 1307 -28
1305 857 -13
1305 411 -19
855 381 19
855 825 8
207 677 -19
207 236 -28
207 208 19
207 1094 28
207 179 28
677 1123 -19
677 675 13
677 676 -8
677 679 -8
236 707 -8
236 264 -13
236 1124 -8
236 237 -28
208 674 -19
208 210 28
208 206 -28
208 1091 19
1094 644 13
1094 1096 -8
1094 1092 28
1094 1093 -19
179 647 13
179 151 -28
179 1065 -28
783 1226 28
783 785 -8
783 782 -8
783 781 8
783 307 28
1226 339 -8
1226 1196 -19
1226 1227 8
1226 1256 8
785 309 19
785 1228 19
785 786 -8
785 784 -13
782 310 8
782 752 13
782 811 8
782 1229 -19
781 1224 13
781 779 19
781 305 28
781 780 8
307 308 -8
307 336 28
307 280 19
307 1197 -8
605 634 19
605 575 -8
605 1055 -28
605 143 -13
605 606 -13
634 664 -13
634 172 -13
634 635 -19
634 1084 -19
575 576 8
575 545 8
575 114 13
575 1025 19
1055 1053 8
1055 171 -8
1055 1054 19
143 142 -13
143 141 19
143 1022 -28
606 140 -13
606 1052 -28
606 604 8
606 608 8
1201 754 13
1201 1200 19
1201 1199 -13
1201 311 8
754 755 13
754 784 -13
754 724 13
754 285 -28
1200 1171 -8
1200 1230 19
1200 757 8
1199 752 -28
1199 1197 -28
1199 1198 19
1199 309 13
311 340 -28
311 786 -13
311 312 -13
311 284 -19
308 310 13
308 306 -13
308 780 -8
308 1194 28
336 365 -28
336 337 -13
336 812 8
336 1227 -28
280 1169 8
280 252 19
280 281 19
280 753 -28
1197 1196 8
1197 1195 -8
1197 750 28
40 920 19
40 11 -8
40 502 -13
40 68 -13
920 919 -19
920 922 -8
920 918 13
11 12 -13
11 890 -13
11 472 19
502 504 -13
502 949 -28
502 501 8
68 97 28
68 69 -13
68 532 8
20 18 -8
20 895 -8
20 22 -13
20 19 -8
18 16 28
18 475 13
18 893 19
18 17 13
895 925 19
895 896 -8
22 479 -13
22 21 8
22 897 8
22 24 -28
19 480 -28
19 48 13
310 309 -19
310 312 -13
310 1196 -13
309 282 13
309 338 28
312 1198 13
312 784 28
1196 1168 -8
1196 753 8
274 1163 13
274 747 -13
274 275 13
274 246 19
274 301 -19
1163 1165 8
1163 1161 -8
1163 714 8
1163 1162 28
747 749 8
747 1190 -28
747 746 -19
747 745 8
275 273 8
275 744 8
275 277 -28
275 1160 13
246 1134 19
246 717 13
246 247 -13
246 217 13
301 302 8
301 1191 28
301 330 -8
301 777 -8
590 592 13
590 589 -28
590 588 -28
590 124 28
590 1036 -19
592 126 8
592 591 -13
592 594 -8
592 1038 -28
589 127 -28
589 559 -13
589 619 -13
589 1039 19
588 1034 28
588 586 19
588 122 -13
588 587 28
124 1007 13
124 95 -28
124 153 -28
124 125 28
1036 1037 8
1036 1066 19
1036 1006 19
1036 156 28
1007 1005 28
1007 1009 19
1007 1006 28
1007 557 -19
95 96 28
95 66 28
95 978 -13
95 560 8
153 620 28
153 1037 -13
153 154 28
153 180 13
125 127 -28
125 123 -13
125 587 19
125 1004 28
925 478 8
925 955 -8
925 926 8
925 49 -28
478 480 8
478 476 -19
478 17 13
955 956 13
955 77 19
955 508 -13
926 46 -8
926 924 -8
926 475 8
926 928 -8
49 47 -13
49 507 -13
49 48 -13
49 51 13
1166 1194 -28
1166 1167 -8
1166 1137 -8
1166 281 -8
1166 721 -8
1194 1224 -19
1194 1195 8
1194 751 -28
1167 1165 28
1167 718 8
1167 1169 19
1167 278 13
1137 691 -8
1137 1138 13
1137 1107 28
1137 253 19
281 279 -13
281 750 -28
281 283 8
721 719 8
721 250 -8
721 720 -28
721 723 -28
553 92 -13
553 583 -13
553 554 28
553 523 -13
92 971 -13
92 91 -13
92 94 -13
92 90 -28
583 613 -13
583 584 28
583 1033 13
583 121 -19
554 552 -13
554 89 13
554 556 13
523 524 13
523 63 -19
523 493 -28
523 974 8
695 697 13
695 693 -19
695 694 -13
695 225 -19
695 1140 -13
697 696 28
697 1142 -19
697 227 -28
693 691 8
693 223 -13
693 692 8
694 664 13
694 228 -28
694 724 -28
694 1143 19
225 254 8
225 226 13
225 1112 -13
225 196 19
1140 1141 -19
1140 1111 -8
1140 256 -28
834 833 -28
834 1278 13
834 832 -19
834 836 -28
833 360 -13
833 803 -28
833 863 8
833 1281 -13
1278 1279 -19
1278 1308 13
1278 389 13
832 831 -13
832 1276 -13
832 830 19
832 355 -13
836 359 -8
836 835 -19
836 1280 -28
836 838 13
127 126 13
127 1006 -19
127 129 -8
126 97 19
126 155 13
126 1009 -28
1006 977 19
1006 560 -19
129 591 -8
129 1008 -28
129 131 8
386 1279 8
386 415 19
386 864 28
386 387 8
328 329 13
328 1219 -13
328 299 28
328 804 -28
358 360 -28
358 831 -13
358 356 -8
358 1246 -8
423 394 19
423 424 -13
423 1317 -13
394 872 19
394 1287 -28
394 365 -13
394 395 -28
424 426 19
424 1314 -19
424 422 28
1317 869 28
1317 1316 -13
1317 1315 -13
1317 1319 -13
360 359 19
360 362 28
359 388 -13
359 330 13
362 835 -28
362 361 8
362 1250 13
362 364 -8
909 33 -13
909 910 28
909 939 28
909 462 -19
909 879 19
33 35 -28
33 491 -13
33 32 8
33 31 -28
910 30 -28
910 908 -19
910 912 19
910 459 8
939 969 -19
939 492 28
939 61 8
939 940 19
462 464 -19
462 460 -19
462 461 13
462 1 -19
879 432 -28
879 880 28
879 4 19
1267 374 -28
1267 1266 -19
1267 1269 -8
1267 819 19
1267 1265 28
374 852 -8
374 345 -28
374 375 -19
1266 377 -8
1266 1236 19
1266 822 13
1266 1296 -19
1269 376 -8
1269 1271 -28
1269 1268 28
1269 821 -28
819 789 -28
819 820 8
819 346 28
819 849 -19
1265 817 -13
1265 1264 19
1265 1263 -19
71 69 -13
71 73 -8
71 531 -8
71 70 -19
71 949 19
69 67 -8
69 947 -8
73 72 19
73 533 8
73 951 8
531 532 19
531 501 8
531 982 -8
531 561 -8
70 534 19
70 952 -8
70 42 -13
70 99 -19
949 919 -28
949 979 -28
977 98 -8
977 947 28
977 978 -28
977 530 28
98 559 13
98 97 8
98 100 8
98 96 8
947 917 -13
947 948 -19
978 527 19
978 976 28
978 980 -13
530 66 13
530 528 19
530 532 -13
643 641 -13
643 645 19
643 1089 13
643 642 -13
641 174 8
641 640 -19
641 1087 13
645 644 -19
645 647 -28
645 1091 -13
645 177 19
1089 1119 28
1089 1090 -8
1089 206 -19
642 178 8
642 613 13
642 1092 -19
642 672 28
425 396 19
425 1319 -28
425 426 8
396 367 -13
396 1289 -19
396 874 -19
396 397 -8
1319 871 19
1319 1321 13
1319 1318 -28
426 428 -28
426 1316 -13
749 1192 -19
749 751 13
749 276 13
749 748 -13
1190 304 -28
1190 1162 -28
1190 1220 8
1190 1191 -8
746 716 28
746 776 -13
746 1193 28
746 277 8
745 272 -28
745 1188 28
745 744 -28
453 483 -28
453 904 -13
453 454 13
483 513 13
483 484 13
483 26 -28
483 934 8
904 902 -8
904 25 -28
904 903 -19
454 452 19
454 901 -28
454 456 13
956 958 13
956 954 19
958 507 -13
958 76 -19
958 960 -13
958 957 -13
954 952 -28
954 72 -19
954 953 13
954 503 13
1218 331 8
1218 1219 19
1218 1188 8
1218 775 19
331 333 -19
331 329 -13
331 803 -8
331 330 28
1219 772 -19
1219 1217 -28
1219 1221 -8
1188 302 8
1188 1189 13
1188 1160 28
775 773 13
775 299 -19
775 777 -13
775 774 8
178 176 -13
178 177 13
176 1058 -8
176 175 -8
176 640 13
177 205 28
177 149 -8
710 243 -13
710 1159 28
710 711 19
710 680 -28
243 242 -19
243 245 -13
243 241 -13
243 1127 13
1159 270 19
1159 1157 8
1159 1161 -28
1159 1158 8
711 713 -8
711 1156 28
711 709 -19
711 240 8
680 681 -8
680 650 8
680 214 13
680 1130 19
644 615 -19
644 674 13
647 649 8
647 1093 -28
647 646 13
1091 1062 19
1091 1121 -8
1091 1092 -28
1067 1066 -28
1067 617 -8
1067 1065 -19
1067 1069 13
1067 180 -28
1066 183 -13
1066 620 -8
1066 1095 19
617 618 -19
617 154 8
617 587 -8
617 646 13
1065 615 -28
1065 1064 13
1069 619 -13
1069 1071 -19
1069 182 -8
1069 1068 -19
180 649 -13
180 209 -19
180 181 19
1028 1058 -28
1028 582 -19
1028 998 -19
1028 148 -8
1028 1029 13
1058 612 -19
1058 1087 -8
582 580 19
582 116 -8
582 581 19
582 584 -28
998 552 13
998 119 -13
998 969 8
148 147 -8
148 146 -13
148 150 13
1029 579 8
1029 1031 13
1029 1027 -28
1029 145 -28
242 1130 -28
242 213 -28
242 713 28
242 270 -28
1130 1129 8
1130 1132 8
1130 1128 28
213 214 13
213 683 -13
213 1100 -8
713 712 13
713 1158 -19
713 715 -28
270 297 -19
270 271 -8
544 991 8
544 542 -19
544 80 28
544 546 -8
544 543 -13
991 1020 8
991 992 19
991 112 -8
991 961 19
542 989 13
542 78 8
542 541 -28
80 52 19
80 109 19
80 81 -13
80 962 8
546 82 -19
546 548 -28
546 545 28
546 993 -8
543 513 -13
543 573 -28
543 83 -28
543 994 28
475 476 -8
475 445 13
506 504 8
506 953 13
506 508 -28
506 44 -19
47 46 19
47 45 13
47 923 8
1005 122 -28
1005 1004 -8
1005 555 19
1009 559 13
1009 1011 -13
1009 1008 28
557 527 8
557 96 -8
557 587 -19
557 558 -13
1309 415 8
1309 1311 -13
1309 861 -8
1309 1307 -13
1309 1308 -28
415 416 28
1311 417 13
1311 1310 13
1311 863 -28
1311 1313 13
861 831 -8
861 387 -13
861 862 -28
1307 859 13
1307 413 -28
1307 1306 8
1308 864 -19
1308 418 -28
1133 1162 -13
1133 687 19
1133 1134 19
1133 249 28
1133 1103 -13
1162 277 -13
1162 717 -8
687 685 -28
687 686 -13
687 689 -8
687 217 -8
1134 684 28
1134 1136 -8
1134 1132 8
249 716 -8
249 248 19
249 251 28
249 247 8
1103 1104 -13
1103 220 -8
1103 1074 -28
1103 657 -8
800 799 -13
800 1244 8
800 802 -19
800 324 -8
800 798 8
799 327 28
799 770 -8
799 829 -13
1244 1245 8
1244 1274 -19
1244 1214 -8
1244 356 -8
802 1246 -19
802 326 -8
802 804 19
324 353 -19
324 1215 28
324 325 -8
324 296 8
798 1242 -13
798 796 -19
798 322 -19
798 797 -19
46 508 8
46 17 28
508 507 -8
508 510 13
17 896 -19
1118 668 19
1118 1116 8
1118 1120 19
1118 1117 13
1118 230 19
668 638 -19
668 698 13
668 669 13
668 202 -19
1116 229 8
1116 1115 19
1120 1119 13
1120 670 -13
1120 1122 -13
1120 232 19
1117 233 -8
1117 671 -13
1117 1146 -28
1117 1087 8
230 258 -28
230 701 28
230 201 -19
230 231 -13
327 326 8
327 329 8
327 325 8
327 1214 -28
326 297 -28
326 1217 -8
326 355 19
329 1216 28
325 797 13
325 1212 19
325 323 -13
1214 1215 -28
1214 771 13
931 484 -28
931 932 -19
931 55 28
931 901 28
931 961 -19
484 482 19
484 486 -28
484 23 8
932 930 19
932 481 -19
932 52 -13
932 934 -8
55 513 8
55 54 28
55 53 13
55 57 -13
901 902 19
901 26 8
961 962 8
961 83 -28
961 514 19
852 854 28
852 851 19
852 850 -13
852 1296 13
854 1298 -19
854 376 -13
854 853 28
851 377 -28
851 1299 -19
851 821 -8
850 848 -13
850 849 19
1296 1297 8
559 560 8
560 558 -19
560 562 -19
298 770 -28
298 297 8
298 300 -13
1156 1127 8
1156 271 -19
1156 1157 -8
1185 738 19
1185 1183 -13
1185 1187 -28
1185 296 13
133 595 19
133 132 19
133 135 8
133 131 -19
133 1012 -8
595 1045 28
595 625 -8
595 596 19
132 103 -28
132 598 19
132 1015 28
132 161 -8
135 597 28
135 1014 28
135 137 -8
135 134 8
131 593 -8
131 1010 8
131 130 -13
1012 983 -28
1012 1013 28
1012 566 -8
1012 1042 -19
664 199 -8
664 1114 28
664 665 19
199 198 19
199 197 -8
199 1081 8
1114 227 8
1114 1113 -19
1114 1112 8
665 667 -19
665 663 -13
665 1111 -19
665 196 -28
377 375 -8
377 376 -28
377 379 13
375 1264 19
375 849 -28
375 373 8
376 347 -19
376 405 -19
379 853 8
379 1268 -19
379 381 28
379 378 19
97 562 -8
97 980 28
562 561 -28
562 1008 13
562 564 13
980 982 8
980 979 -13
1273 1272 19
1273 1275 13
1273 1271 -19
1273 825 -13
1273 380 -19
1272 383 13
1272 1242 -28
1272 828 -19
1275 1274 -19
1275 382 -8
1275 1277 -8
1275 827 -28
1271 823 -8
1271 378 -19
825 795 -8
825 352 -8
825 826 13
380 858 -28
380 381 -28
380 351 19
77 76 -19
77 79 -19
76 48 -13
76 105 -13
79 81 -19
79 78 28
79 957 -13
79 539 -8
983 953 -28
983 984 -19
983 104 -13
953 923 -19
984 982 -19
984 533 -19
984 101 -13
104 103 28
104 102 -8
104 106 -8
198 227 13
198 171 -13
198 1084 28
198 667 -19
227 228 8
171 172 -13
171 142 -13
171 637 -13
1084 1083 19
1084 1082 8
667 666 19
667 1113 -13
649 651 19
649 1095 -13
649 648 8
651 650 13
651 1097 8
651 182 -19
651 653 8
1095 1125 -8
1095 1096 -13
1095 212 -19
648 183 -19
648 678 -8
648 619 28
648 1098 8
640 1090 28
640 670 13
581 1031 -13
581 119 13
612 614 19
612 610 13
612 145 -13
817 818 8
817 787 28
817 344 28
817 847 13
818 1262 -8
818 820 -8
818 342 8
787 1235 19
787 315 8
787 758 8
787 788 13
344 1232 -19
344 346 -13
344 343 28
847 848 -8
847 373 -8
1236 1206 -13
1236 348 -28
1236 792 19
1236 1237 19
1206 319 19
1206 1207 28
1206 763 8
1206 1177 8
348 347 -19
348 350 -19
348 346 -28
348 821 8
792 791 8
792 790 -8
792 316 13
792 794 -8
1237 789 -13
1237 1239 8
1237 1235 8
1237 345 -8
1224 337 13
1224 1254 19
1224 1225 -13
337 339 28
337 335 -8
337 809 -19
1254 1284 -28
1254 1255 13
1254 366 -13
1254 810 13
1225 1223 19
1225 778 -28
1225 1227 13
1225 334 19
183 181 13
183 185 -8
183 182 28
181 1064 -28
181 646 -13
185 650 19
185 1068 -8
185 187 8
182 155 8
182 211 19
716 1165 8
716 717 19
716 686 8
1165 276 28
1165 1164 -8
717 719 -19
717 715 -19
686 656 -8
686 220 28
686 1136 -13
147 1031 19
147 614 13
1031 1030 -8
1031 1033 13
614 613 -13
614 616 -13
1073 623 8
1073 1075 13
1073 1072 8
1073 186 19
1073 1071 13
623 593 -19
623 160 -13
623 652 19
1075 188 -28
1075 625 8
1075 1074 -13
1075 1076 28
1072 189 -13
1072 626 -13
1072 1042 8
1072 1101 -19
186 655 -8
186 159 -28
186 215 8
186 187 -13
1071 1070 13
1071 621 13
719 1164 -19
719 248 19
719 718 -13
1164 1135 -28
1164 279 19
1164 1192 -8
248 276 -28
248 1136 13
248 219 -19
718 251 -19
718 748 28
718 688 -8
1034 1004 8
1034 1035 13
1034 1064 -13
1034 154 -8
1004 558 -28
1004 975 -13
1035 1033 28
1035 585 -8
1035 1037 8
1035 151 -8
1064 618 -13
1064 1093 13
154 156 -13
154 152 -28
276 303 13
276 277 8
1136 1135 28
1136 1138 -13
219 220 13
219 1106 -28
219 190 8
219 689 19
730 700 -28
730 760 8
730 261 -19
730 1178 -13
730 731 -13
700 233 8
700 1149 8
700 701 -13
700 670 -19
760 789 -8
760 761 13
760 1207 19
760 289 -8
261 260 19
261 263 13
261 259 13
261 1146 -8
1178 1176 19
1178 1177 28
1178 1179 -19
731 729 -8
731 733 -8
731 1175 13
731 258 19
525 65 -8
525 976 -8
525 526 28
525 495 28
525 555 -19
65 67 19
65 63 19
65 943 -28
65 64 -13
976 93 8
976 974 28
976 975 13
526 528 19
526 973 -8
526 524 -28
526 62 28
495 496 -13
495 465 -8
495 946 8
495 37 -19
555 556 19
555 585 -28
555 94 28
806 808 8
806 804 19
806 1250 19
806 805 -8
806 330 -8
808 332 13
808 1252 -8
808 810 8
808 807 19
804 803 -19
1250 1280 -19
1250 1220 -13
805 333 -13
805 776 19
805 835 -19
805 1253 19
330 1221 8
233 231 8
233 235 19
233 232 8
231 1115 -13
231 698 28
235 1119 13
235 702 13
235 234 19
235 237 13
232 203 -19
232 260 -13
232 703 -19
770 1217 -28
770 771 8
1217 1216 -19
1217 1215 28
771 773 -13
771 769 -8
771 296 28
333 335 8
333 332 19
333 1220 19
335 334 -13
335 1222 13
335 807 -28
332 303 28
332 1223 19
1220 777 8
1220 1221 28
873 1321 -8
873 843 13
873 399 -8
873 874 -8
1321 427 -8
1321 1320 28
843 844 8
843 1291 -19
843 813 -8
843 370 -28
399 398 19
399 1288 -13
399 397 19
874 876 28
874 872 -19
874 1318 8
527 528 -8
527 67 -19
527 497 -8
528 64 8
528 975 -13
67 66 8
67 945 19
497 498 -13
497 39 -13
497 467 -19
497 948 13
468 466 -28
468 915 13
468 470 8
468 7 19
468 467 -28
466 465 28
466 464 13
466 913 -8
466 5 8
915 39 8
915 885 19
915 945 -19
915 916 28
470 472 -13
470 917 -13
470 9 19
7 36 13
7 8 -13
7 886 -28
467 437 8
467 10 -19
467 918 -13
297 773 -19
297 1187 8
773 772 13
773 1216 28
1187 1189 8
1187 1186 -19
876 1320 28
876 875 8
876 398 -19
1320 1290 -8
875 845 -19
398 369 13
398 427 28
398 1291 13
369 1261 28
369 846 13
369 340 -19
369 370 19
427 428 28
1291 1290 -19
1291 1289 -19
566 568 -8
566 564 -13
566 101 28
1015 1014 -19
1015 1017 13
1015 1013 28
772 742 -19
772 300 19
742 712 19
742 273 -8
742 1189 13
300 302 28
300 1186 -8
300 299 -13
304 776 -13
304 303 -19
304 306 19
304 302 19
1191 1193 -28
1191 1189 -8
1191 744 -28
383 857 13
383 381 13
383 382 -28
383 385 -19
857 858 -13
857 827 -19
382 353 -28
382 860 -13
382 411 -8
385 859 19
385 384 8
385 1274 -19
385 387 13
103 568 8
568 1014 -28
568 570 19
568 567 8
579 609 28
579 117 8
579 580 -28
579 549 -8
609 638 13
609 146 -28
609 610 13
117 997 8
117 119 13
117 116 -28
580 115 -13
580 1026 -19
549 550 -13
549 519 13
549 88 19
685 215 -19
685 1131 19
685 683 19
685 684 19
215 244 28
215 216 19
215 1102 -19
1131 1160 -19
1131 1101 8
1131 1132 -28
1131 247 8
683 1129 -13
683 681 -13
683 682 8
684 654 -8
684 218 -13
684 714 8
1176 287 -19
1176 728 -19
1176 1174 8
1176 1175 -28
287 761 -8
287 314 8
287 258 28
728 729 13
728 259 28
728 698 -13
728 758 -28
1174 286 28
1174 1173 13
1175 289 19
1175 1204 -13
1175 1146 -13
824 822 28
824 823 -13
824 347 -28
824 826 -13
824 1268 -28
822 820 13
822 345 8
822 821 8
823 793 8
823 350 13
823 853 13
347 318 -8
347 1239 8
826 349 13
826 828 -28
1268 1298 -13
1268 1238 28
1279 1281 28
1279 1277 -28
1279 831 19
1281 1280 -8
1281 388 19
1281 1283 -28
1277 384 -13
1277 1276 -13
1277 829 -19
318 794 -19
318 319 8
318 290 19
318 1209 28
1239 791 13
1239 1241 -19
1239 1238 19
172 170 -8
172 1052 28
635 633 -19
635 1081 28
635 637 -19
635 169 28
1242 1212 13
1242 354 -28
1242 1243 -28
1212 769 -19
1212 1213 -28
1212 1182 -13
354 353 -13
354 356 -8
354 827 8
354 352 28
1243 1245 -19
1243 1241 -28
1243 795 28
1243 351 28
722 255 -13
722 723 19
722 692 19
722 1170 -28
722 752 8
255 254 28
255 253 -8
255 256 -28
723 725 13
723 252 -28
723 1168 -19
692 226 -19
692 1141 -8
692 662 -19
1170 282 -13
1170 1172 13
1170 1169 -8
752 283 19
752 753 -13
1245 797 -8
1245 353 28
797 768 8
797 827 -19
353 830 8
737 736 -13
737 1180 19
737 735 28
737 264 -8
736 267 8
736 766 -13
736 1183 28
736 706 8
1180 1181 28
1180 1152 8
1180 1210 28
1180 295 -8
735 262 28
735 734 -13
735 733 8
264 1153 -13
264 292 -13
264 265 -8
254 282 -8
254 1141 13
254 725 8
282 755 19
282 283 -13
1141 1139 8
1141 1143 13
725 727 -28
725 724 -13
1030 150 28
1030 584 -28
1033 149 -28
1033 1032 -8
532 534 -13
532 979 -8
501 952 13
501 471 13
501 43 -28
982 99 19
982 981 19
561 100 -19
561 591 -28
561 1011 -13
400 371 -13
400 1293 28
371 848 -28
371 342 8
371 1263 8
1293 1292 -19
534 981 -19
534 533 -28
981 102 19
981 951 -19
981 1010 8
533 503 -28
533 563 28
1056 610 -8
1056 1085 -19
1056 175 28
1056 1026 -19
1085 1115 13
1085 1086 19
1085 202 19
175 638 8
175 174 19
1026 1027 -28
1026 146 28
1026 997 13
776 1223 13
776 777 13
1223 1222 19
1223 1221 8
777 779 -13
203 1090 -19
203 204 19
203 673 -13
1090 1088 -19
1090 1092 8
204 670 19
204 206 13
204 202 -19
204 1087 8
673 675 -28
673 1119 -8
673 671 -8
673 672 13
339 338 -8
339 341 -13
339 811 -13
338 814 -28
338 367 28
338 1229 -28
341 813 -8
341 340 13
341 1228 19
811 841 19
811 1259 -19
811 812 8
474 13 -13
474 472 -28
474 921 -28
474 476 8
474 473 8
13 42 -19
13 892 -8
13 14 19
472 919 -8
472 471 -19
921 45 19
921 891 19
921 951 -13
921 922 8
476 923 19
476 15 -8
473 16 -13
473 443 -19
473 924 -19
473 503 -28
779 778 8
779 303 -13
779 1222 28
778 306 13
778 807 -28
778 748 8
303 1193 28
1222 1192 28
1222 1252 19
601 1051 13
601 602 -13
601 631 -19
601 139 -28
601 571 -19
1051 167 8
1051 1050 -28
1051 1049 28
1051 1053 28
602 1048 19
602 136 -13
602 604 13
602 600 -28
631 168 19
631 660 -13
631 1080 19
139 137 -28
139 1018 -8
139 138 -13
139 141 -8
571 1021 19
571 572 19
571 110 -8
571 541 -13
1298 1299 8
1298 408 19
1299 1297 -19
1299 405 -19
408 407 13
1193 1192 -28
1193 1195 -8
789 790 -19
789 317 -19
790 314 28
790 1234 19
790 788 -13
317 1204 -13
317 319 28
317 316 8
317 315 -13
896 894 28
896 445 28
16 15 -28
16 14 28
16 891 13
15 894 13
15 44 -28
14 471 -13
14 12 -19
14 889 13
891 444 -13
891 892 -13
1168 1169 -28
1168 283 19
753 755 -28
753 751 -28
306 1192 -13
306 305 28
305 278 -13
305 1195 28
305 334 13
845 846 -19
845 815 28
846 1290 19
846 844 -28
815 816 28
586 120 13
586 584 -13
586 585 -8
586 1032 13
120 91 13
120 121 19
120 149 28
585 123 -19
585 615 19
1032 1062 28
1032 152 -13
1032 1002 13
91 556 -19
91 974 13
91 62 28
121 123 -13
121 119 -13
149 150 13
149 616 8
900 449 13
900 902 -13
900 21 8
900 899 -28
897 927 -13
897 450 -28
1198 1228 -19
1198 755 -8
691 221 19
691 690 -19
691 689 13
221 1108 28
221 250 8
221 222 13
221 192 19
690 660 13
690 224 -19
690 1139 8
690 720 -13
689 1135 19
689 688 13
100 99 -28
100 102 28
100 979 -13
99 564 19
102 563 19
102 101 28
979 1008 -28
830 828 -19
830 1274 13
830 829 19
122 151 8
122 93 -13
122 123 28
151 618 19
151 152 -8
93 558 8
93 94 -19
93 64 -28
123 1002 13
66 948 -19
66 38 28
945 498 28
945 946 -19
945 975 -19
168 166 13
168 170 8
168 167 8
168 1048 8
166 629 19
166 165 28
166 164 28
166 1046 8
170 1050 13
170 632 -19
170 169 8
167 633 -19
167 194 13
167 138 13
1048 1049 -19
1048 1018 -19
1186 1158 13
1186 1216 -19
449 450 19
449 479 -13
450 452 -28
479 480 -28
479 930 -28
479 509 -19
952 951 8
951 504 19
1262 1232 8
1262 373 8
1262 1263 -19
1262 1292 13
1232 1233 13
1232 1202 13
1232 788 -13
1292 848 -8
638 1088 13
1088 1086 13
1088 201 -28
1088 1087 -8
174 145 -8
174 201 28
145 146 -19
145 116 19
201 671 -19
201 202 -19
412 411 -19
412 414 19
858 860 -28
987 988 19
987 957 8
987 1016 19
987 108 -28
539 509 -28
539 569 13
539 990 -19
1062 616 -13
616 618 19
616 615 19
1002 556 -19
1002 973 -19
796 1240 -28
796 320 19
796 795 -28
796 794 -8
1240 1241 19
1240 352 -28
1240 1210 -8
320 1211 8
320 349 8
320 321 -8
320 292 -19
795 323 -13
795 766 8
794 793 19
794 1238 -19
480 927 -8
480 482 13
927 957 8
927 51 -19
927 928 13
482 21 -13
482 929 19
482 481 28
607 577 28
607 636 28
607 608 -19
577 578 8
577 547 -8
636 666 13
636 637 13
608 142 8
608 1054 19
48 928 -19
48 510 8
902 23 19
902 451 19
23 52 8
23 24 -13
451 452 13
451 481 -19
42 922 13
42 504 19
42 43 -13
922 471 -13
922 924 -8
504 503 -13
43 45 8
43 919 8
1108 1106 13
1108 658 -28
1108 1110 8
1108 1107 -13
1106 1104 -19
1106 656 19
1106 1105 19
658 688 28
658 629 13
658 659 8
658 193 -8
1110 660 13
1110 1112 8
1110 1109 -8
1110 223 -8
1107 224 -8
1107 1077 -19
1107 661 8
1304 1274 -13
1304 414 -8
1304 860 -13
414 413 -19
414 416 -28
860 859 -13
860 862 -19
21 50 -28
24 899 19
24 26 8
24 481 8
228 226 28
228 1111 -13
724 1172 -19
724 256 28
1143 1142 8
155 622 -28
155 156 -19
155 1039 -28
322 351 8
322 323 -8
322 294 -19
322 1213 -8
351 352 -28
351 828 -28
323 1210 13
323 321 -19
294 266 19
294 769 -28
294 1183 8
294 295 -13
1213 1211 19
1213 766 -28
1213 1215 13
267 266 -19
267 269 -19
267 265 19
267 1152 -8
266 1155 -8
266 238 8
269 738 -8
269 1154 -28
269 271 -19
265 734 8
265 1150 13
265 263 8
1152 707 13
1152 1123 19
1152 1153 -19
25 54 8
25 26 13
25 486 -28
903 933 -13
903 456 13
696 666 -8
696 726 13
1142 1113 -28
1142 1171 28
1157 1155 8
1157 708 -28
1161 712 19
1161 1160 13
1161 272 -8
1158 273 -13
1158 1129 8
388 866 -8
388 417 -8
388 389 -19
1284 395 -28
1284 1314 -19
1284 1285 8
1284 840 -8
395 869 19
395 393 -8
395 397 8
1314 1315 -28
1314 870 28
1285 392 -8
1285 837 -8
1285 1287 -8
1285 1283 28
840 839 19
840 842 -8
840 363 -28
840 838 -19
660 195 19
660 661 -28
195 1077 -28
195 194 -13
195 193 8
195 197 19
661 192 -13
661 663 13
661 659 13
849 1297 -8
72 101 13
72 44 28
343 1235 -8
343 820 19
343 314 -28
821 791 -19
428 1318 28
751 750 19
751 278 -28
748 279 8
748 1195 -19
960 78 13
960 509 -19
960 959 -8
960 962 -8
957 510 -8
1083 1054 -8
1083 1113 8
1083 637 19
1054 1024 -8
446 445 -8
446 444 -8
446 893 -13
444 442 -8
444 443 13
893 894 28
893 923 8
615 152 -8
674 675 -28
674 704 8
674 1124 -28
712 245 -8
712 682 -19
245 1129 -8
245 244 28
245 247 -19
682 652 19
682 216 -28
682 1132 19
1211 764 -19
1211 1210 8
1211 1209 -19
764 734 13
764 793 -19
764 293 13
764 765 19
1210 767 19
1209 1208 -8
1209 1207 19
1209 762 28
1024 578 8
1024 1025 -13
1024 995 13
578 576 -28
578 113 28
1025 142 13
1025 1023 19
995 996 -8
995 965 -8
995 548 -13
1011 1010 -13
1011 1013 13
1008 1038 8
224 223 28
224 222 -28
224 226 8
223 252 -19
223 194 13
222 220 -28
222 688 13
222 1105 -28
226 1109 -8
1135 1105 -8
1135 251 -19
1105 659 28
251 250 -13
251 253 -13
498 496 28
498 36 19
496 494 -28
496 34 -13
496 943 -13
36 64 8
36 37 -8
36 916 13
1246 1276 28
1246 1216 -8
355 384 -19
355 356 13
1112 662 -28
1112 1111 13
39 37 8
39 38 28
37 35 -8
37 913 -8
38 9 28
38 918 28
869 870 8
869 839 13
870 392 8
870 872 -13
870 868 8
839 809 -13
839 1287 -8
839 366 13
273 271 13
273 272 28
272 244 28
272 299 -28
872 871 19
872 1316 -8
1287 1286 -28
1287 1289 28
365 366 -28
365 1257 -28
365 842 28
463 433 -19
463 464 8
463 914 8
463 493 -8
463 6 19
433 434 13
433 884 28
464 3 8
464 911 28
914 34 28
914 916 -28
914 913 28
914 912 19
493 494 13
493 35 13
493 944 28
6 8 13
6 5 -19
6 4 -19
6 881 -13
1290 1260 -19
1260 1261 13
1260 1230 28
1260 816 8
552 87 19
552 550 -8
87 116 -13
87 59 13
87 88 -19
87 970 -28
550 997 13
550 86 13
378 349 -19
378 407 -13
827 828 19
81 83 19
81 541 -13
81 959 19
78 50 -8
78 107 -13
974 973 19
974 972 -19
975 96 8
820 1264 -19
346 345 13
346 1234 -19
964 513 -19
964 82 -8
964 963 -8
964 966 -8
964 962 -28
513 514 -19
82 54 -13
82 111 -19
82 83 -8
963 516 -13
963 85 8
963 993 -19
963 933 19
966 84 -8
966 515 -19
966 965 -8
962 511 19
452 899 -13
899 929 -8
688 1138 -8
1215 768 13
250 278 -28
250 1138 -28
278 279 13
1138 1139 -28
732 733 -19
732 702 13
732 263 13
732 762 13
732 1179 -28
733 260 -19
733 1177 13
702 1151 -13
702 672 19
702 703 -8
263 262 -13
263 1148 -28
762 791 -19
762 763 -28
762 291 -28
1179 290 -28
1179 1181 13
1111 1081 13
503 45 -13
1252 1282 -8
1252 1253 -13
1252 364 8
810 809 -28
810 334 -28
810 812 -8
807 837 -19
807 1255 -13
437 438 -28
437 888 8
10 9 -19
10 8 13
10 885 -19
10 12 19
918 917 19
918 916 -8
45 44 8
44 924 13
334 363 -8
917 887 8
9 888 8
888 886 28
888 890 -13
888 887 28
1264 1234 -8
279 277 -13
930 929 -13
930 50 8
930 928 13
929 53 -28
929 959 -19
50 512 -19
50 51 -19
576 111 -13
576 574 -19
576 1022 8
111 112 -28
111 140 -19
111 994 -8
574 572 -19
574 1020 -8
574 573 13
574 109 8
1022 1052 -28
1022 993 8
1022 1023 19
892 894 13
892 441 19
892 890 13
654 1104 28
654 189 -28
654 655 28
654 625 8
218 220 8
218 216 -28
218 1101 -13
218 217 13
714 715 13
714 247 28
714 744 -19
894 443 -8
96 94 8
94 973 8
656 627 -28
656 191 13
656 657 -19
628 626 13
628 1074 13
628 627 19
628 161 -28
628 630 -13
626 625 28
626 159 8
1074 1044 -28
1074 191 -28
627 597 -8
627 1076 -8
627 164 -19
161 188 -19
161 1045 8
161 162 8
630 629 -19
630 163 13
356 829 -8
766 767 -8
766 295 8
1183 1182 28
1183 1181 8
706 1155 -13
706 707 8
706 239 -19
706 676 -13
1221 774 -28
738 768 -8
738 708 19
768 769 19
708 709 -13
708 678 8
708 241 28
563 593 -8
563 1013 19
563 564 -13
997 967 28
967 968 -13
967 520 -28
967 937 -13
967 88 28
1139 252 8
923 924 -8
969 522 -28
969 90 -28
969 970 19
1104 217 8
1104 1102 -13
217 188 13
1102 1100 13
1102 652 -8
1102 1101 8
791 319 19
319 321 19
936 935 -8
936 485 -28
936 934 28
935 905 -28
935 965 28
485 455 -28
485 486 -8
485 515 -28
934 54 -13
934 933 28
1228 1258 -13
1228 1229 -13
755 757 -28
720 750 13
720 1169 -13
720 253 19
29 908 -13
29 58 -13
29 490 19
29 0 -28
908 907 -13
58 86 28
58 520 13
58 938 13
490 489 19
490 937 13
490 492 -19
0 460 13
0 878 -13
290 262 -13
290 291 -8
290 765 19
101 130 -8
1080 1082 28
1080 194 -19
1080 1079 8
1080 1078 -8
1155 1154 -28
1155 1153 -8
1154 1182 -19
1154 1125 13
1154 709 13
1153 1151 -13
1153 704 -19
262 1151 -28
262 234 13
1151 1150 -8
1151 1149 -19
234 705 13
234 205 -8
234 1122 13
988 990 13
988 105 28
990 989 13
990 107 -8
990 992 -8
105 570 28
105 134 13
105 106 19
948 946 19
633 1079 -8
633 632 -13
1079 1050 -19
1079 1109 28
1079 197 19
632 1082 8
632 603 -13
632 662 -19
1053 169 28
1053 1052 28
1053 603 13
194 663 13
138 109 -28
138 1021 -28
138 604 -8
1050 604 8
1050 1020 19
169 140 13
169 196 -19
744 774 -13
1234 1235 8
1234 1204 -8
442 441 -8
442 889 -28
442 440 -19
441 471 -28
889 919 -8
889 890 -8
440 439 -8
440 887 -13
440 438 28
1207 316 28
1207 1205 28
763 761 8
763 288 -19
763 765 -8
1177 1148 -8
1177 291 -28
1077 1078 -28
494 32 13
494 492 28
494 941 -19
32 3 28
32 912 13
492 30 19
492 491 -8
941 971 13
941 942 19
941 63 -13
941 911 -13
1109 663 8
302 774 -13
774 803 28
35 911 -28
35 34 28
911 881 19
911 912 -13
34 5 -13
34 62 13
238 709 -28
238 209 -8
238 1126 -28
238 239 -13
933 486 13
933 57 -28
456 455 28
456 458 -8
943 973 -28
943 944 28
943 913 -13
844 842 -8
844 367 -28
844 1288 13
842 1286 -28
842 841 19
367 368 -28
367 1259 28
1288 1318 -8
1288 1289 -13
1288 1258 13
1129 1099 13
1160 715 28
1286 397 -13
1286 1316 19
1286 1256 28
397 871 -8
1256 1257 -28
1256 368 -28
1256 812 8
510 512 19
510 509 13
345 316 8
86 968 -8
86 115 -19
968 970 19
420 418 -13
420 1310 28
420 419 -8
420 422 19
418 417 8
418 416 -19
1310 866 13
1310 1280 -19
419 1313 28
419 390 -8
422 1312 8
422 421 -8
971 524 -13
971 972 8
524 522 -19
972 521 -19
972 89 -28
972 970 13
769 767 28
252 253 8
707 709 -19
707 705 8
705 1150 8
705 704 8
705 703 19
140 141 -28
140 1023 -28
1052 1081 28
604 603 28
871 841 -19
841 1289 28
841 368 13
142 113 -8
141 603 -8
141 1020 13
465 8 13
465 916 -19
465 435 -13
8 883 -19
435 886 19
435 436 28
89 90 -8
556 558 8
761 759 -8
761 1204 -13
759 286 -28
759 758 -8
1204 1205 28
30 1 -28
30 59 -13
30 31 -19
912 461 28
459 489 28
459 460 28
459 2 19
459 429 19
62 63 -8
62 944 -13
1082 1081 -13
1082 196 8
196 197 8
1044 598 19
1044 1014 8
1044 164 -28
1044 1045 -13
598 597 8
598 596 -13
598 600 -13
164 163 13
164 162 -28
1045 1043 8
1045 1047 -19
240 211 -8
240 1128 -8
240 241 -28
734 704 -8
734 1181 8
704 237 -13
1181 292 -13
241 1125 13
241 239 -19
1127 681 -19
1127 1097 28
1127 1128 -19
1233 342 -8
1233 1235 8
342 313 8
431 432 -19
431 461 -28
431 882 19
432 434 8
432 430 8
461 491 -13
461 4 28
882 881 -28
882 884 -28
882 880 -13
882 3 -8
1132 244 -28
12 887 -28
439 890 -8
545 85 28
545 515 -28
545 996 8
114 113 -8
114 112 13
114 993 28
522 520 13
522 59 -19
522 521 13
520 519 -8
59 940 -28
59 60 19
521 61 8
521 491 -28
481 511 13
52 514 -28
52 53 28
113 996 8
113 84 8
996 994 -19
84 85 19
84 548 13
767 292 19
767 765 28
292 293 -13
765 1208 28
663 662 13
597 567 19
597 1047 13
1076 190 -13
1076 1078 -28
197 662 8
629 599 -19
629 1078 -8
163 1047 -8
163 134 19
163 190 13
1189 299 19
1150 1121 19
1121 675 -8
1121 1122 19
1121 237 -28
1047 1049 -19
1047 1046 8
134 600 8
134 1017 28
190 659 -13
190 191 -8
313 1203 13
313 788 -28
313 286 13
1227 780 -19
1227 1229 -13
1020 1021 -19
1241 793 -19
1241 349 19
1238 350 -13
1238 1208 19
729 257 -19
729 1173 13
258 259 13
258 1147 13
438 436 8
438 885 -13
1202 315 8
1202 1173 -8
1202 1203 8
315 314 -19
1173 1144 28
1203 1205 -8
657 188 19
657 655 -8
657 659 -19
64 946 -28
489 31 13
489 940 -28
489 519 -8
31 907 19
940 942 -19
940 938 28
519 970 -19
519 60 -28
793 321 28
321 1208 -19
625 162 -19
596 1042 28
596 594 19
596 130 -13
1 2 28
1 880 -8
363 1255 13
363 392 -19
363 364 19
838 837 -8
838 1282 -8
838 361 19
349 350 19
1125 679 -13
1125 1126 19
106 567 -28
106 108 -28
603 573 -8
885 886 -19
1261 813 19
1261 1259 -19
813 814 -13
813 784 -28
1259 1257 28
1259 1258 -13
350 352 19
937 907 28
937 938 19
937 60 -19
88 90 -8
416 1306 -28
946 944 -28
944 942 13
511 53 -8
511 541 28
511 512 13
53 51 -13
541 992 -8
512 959 -28
512 514 -8
1315 421 -13
1315 1313 -28
1315 867 -19
5 884 28
192 165 8
192 1078 -13
192 193 28
136 165 -19
136 137 8
136 1019 -28
136 107 8
600 599 -8
600 1046 -19
1123 239 13
1123 1093 -13
1123 1124 28
239 237 -19
1093 210 28
1124 1122 13
1124 1126 -19
314 1205 -19
137 599 8
137 1016 -28
1018 572 -13
1018 989 -19
1018 1019 -13
316 288 -13
1313 865 13
1313 1312 19
390 868 8
390 361 13
390 391 8
390 1283 19
189 188 13
189 187 19
189 191 -28
655 1101 -19
655 653 -19
1312 868 -19
1312 1282 -13
421 392 13
517 547 -19
517 487 -8
517 518 19
547 548 -19
487 457 -13
518 965 -19
518 516 -8
676 210 13
676 646 -28
676 1126 -13
613 150 -13
209 210 -13
209 1096 8
209 679 -13
1126 1128 -19
1099 1100 19
1099 216 -13
1099 653 19
1099 1070 -28
289 288 19
289 291 -8
288 260 -19
260 1149 -28
866 868 -28
866 864 19
866 865 28
868 867 -8
864 862 -28
864 863 28
865 835 13
865 391 -13
51 509 8
392 393 19
837 867 13
837 364 13
1283 835 8
1283 1282 13
295 293 28
675 205 8
205 206 19
205 1092 8
162 160 -13
162 1042 13
715 244 -8
1023 1021 -13
1023 573 28
434 881 -13
434 436 8
884 883 13
884 886 19
61 63 28
61 60 -28
491 942 -13
393 1282 -8
393 867 19
393 391 -19
3 4 19
591 621 28
621 650 -8
621 622 -8
4 2 8
599 1049 -19
599 569 -13
1149 1148 28
1149 1147 13
165 1049 8
681 679 8
681 211 -13
679 678 19
211 212 19
211 1098 28
1119 1148 -28
1148 703 -13
809 780 -19
809 1257 19
366 368 -8
366 364 13
567 1017 -28
368 370 8
1230 1231 8
1230 786 8
816 340 -13
816 814 -13
1147 1145 -28
1147 698 -19
1147 1146 13
757 756 13
757 284 -28
650 1100 -19
1100 1098 28
191 193 19
672 206 13
672 1122 -28
703 701 -13
214 216 8
214 212 8
214 1097 8
212 210 8
212 678 -8
1097 1098 -8
1097 1068 -28
109 110 -28
109 992 -19
1021 1019 -13
573 112 13
859 829 19
384 862 -8
384 413 -19
862 1306 -8
1280 391 -8
391 389 28
1019 1017 28
1019 569 19
678 1128 19
1205 758 19
814 812 -13
814 1258 13
784 1231 -13
340 1231 -19
1231 1229 28
291 293 -28
460 907 8
907 877 8
361 1253 8
883 436 13
883 913 13
618 620 28
620 622 -13
620 619 19
257 1145 28
257 229 -13
257 286 19
593 1043 -8
593 594 8
1043 1042 13
1043 159 -13
594 1040 28
1096 646 -13
1096 1098 -28
572 570 19
572 107 8
570 1016 19
570 569 -28
107 108 -28
1145 1144 -8
1144 259 -13
1144 1115 -8
1144 699 -13
1070 1040 -19
1070 187 28
622 1068 -19
750 780 28
160 159 -13
160 1040 28
159 130 8
1040 1010 -13
1046 1016 -28
430 877 -19
430 429 28
457 458 -28
569 108 -28
112 110 28
993 994 13
285 284 -13
285 283 28
1276 1306 28
1276 387 -13
387 389 8
652 187 28
652 653 28
756 726 -8
726 727 13
1255 1253 19
1255 1257 28
1016 1017 8
130 1013 13
1171 1172 -8
1171 727 -8
1172 284 -13
863 389 28
877 878 -19
877 2 -13
878 880 -13
959 989 19
514 516 8
429 880 -28
1258 370 -13
989 110 13
110 108 -19
587 1037 -28
619 156 13
1037 1039 -19
698 699 13
516 515 13
516 54 -19
1010 564 8
992 994 -8
1115 669 19
699 701 -8
699 229 -8
1146 701 28
1038 1068 -8
1038 1039 -13
670 671 -8
150 152 8
515 57 19
85 83 8
671 669 -28
905 458 -8
