1249 1248 13
1249 357 -19
1249 1247 -28
1249 1251 13
1249 801 -8
1248 360 -13
1248 1218 8
1248 1278 8
1248 804 8
357 834 28
357 386 -19
357 328 13
357 358 -13
1247 1245 8
1247 355 8
1247 799 13
1247 1246 -8
1251 359 19
1251 803 13
1251 1253 13
1251 1250 -19
801 772 19
801 802 -28
801 329 28
801 831 -28
157 1041 -28
157 184 -8
157 624 -13
157 158 -19
157 128 8
1041 591 -8
1041 1040 -19
1041 1043 -13
1041 1039 -8
184 213 -19
184 185 8
184 653 8
184 1071 -28
624 626 19
624 623 13
624 1070 13
624 622 13
158 160 13
158 621 -8
158 156 -13
158 1038 28
128 129 8
128 594 19
128 1011 -13
128 99 -19
741 268 -28
741 739 -28
741 740 -19
741 743 28
741 1184 -19
268 269 28
268 240 -13
268 1157 13
268 296 -19
739 737 -28
739 738 28
739 266 8
739 1182 -13
740 710 28
740 770 13
740 1187 -13
740 271 19
743 270 28
743 745 8
743 1186 -8
743 742 19
1184 298 13
1184 1156 -19
1184 1214 13
1184 1185 19
447 448 -8
447 477 8
447 898 -13
448 895 13
448 446 -28
448 450 19
477 20 19
477 928 -8
477 507 -28
477 478 -19
898 896 13
898 19 -28
898 900 28
898 897 8
401 402 19
401 372 13
401 1295 -19
402 404 13
402 1292 28
372 850 28
372 343 -8
372 1265 -13
372 373 13
1295 1294 -13
1295 1297 -28
1295 1293 -28
1295 847 -8
404 406 28
404 1294 -19
404 403 19
406 408 -19
406 1296 -28
406 405 13
1294 850 13
1294 1264 28
403 1297 -19
403 374 13
535 505 8
535 986 8
535 536 28
535 565 28
535 75 -28
505 956 28
505 475 -8
505 506 13
505 47 -8
986 103 -8
986 988 -8
986 984 -8
986 985 -13
536 538 8
536 983 28
536 534 -19
536 72 8
565 566 28
565 1015 -19
565 595 19
565 104 -19
75 77 -8
75 73 28
75 953 13
75 74 -19
1061 611 28
1061 1059 -8
1061 1060 -13
1061 1063 28
611 640 -28
611 581 8
611 612 -28
611 148 -13
1059 174 8
1059 1058 19
1059 1057 19
1059 609 28
1060 178 8
1060 614 -19
1060 1030 -28
1060 1089 13
1063 1062 -28
1063 177 28
1063 1065 -19
1063 613 13
173 144 19
173 639 -19
173 1057 -8
173 200 -19
144 1027 8
144 115 8
144 610 -8
639 638 19
639 1085 19
639 641 -8
1057 1056 28
200 229 28
200 669 28
200 1086 -19
1300 856 -8
1300 410 -8
1300 1270 -8
1300 1301 28
856 855 19
856 858 8
856 378 -28
856 854 8
410 408 13
410 412 -28
410 409 -8
1270 1240 13
1270 826 -13
1270 1271 19
1270 381 -19
1301 1303 13
1301 1299 19
1301 407 19
1301 853 -19
27 488 13
27 906 -19
27 56 8
27 28 8
488 487 13
488 486 8
488 935 -19
906 904 8
906 455 13
906 905 -13
56 936 8
56 518 13
56 57 19
56 84 13
28 903 13
28 485 -13
28 26 -19
538 74 19
538 985 -8
538 537 8
538 540 -8
74 956 28
74 46 19
985 955 -13
985 1014 -28
985 106 -8
537 77 19
537 988 8
537 507 19
537 567 19
540 987 19
540 539 -19
540 76 -28
540 542 -13
499 41 -13
499 950 -19
499 529 -19
499 500 13
499 469 -28
41 40 -19
41 39 -8
41 43 19
41 917 13
950 952 19
950 68 -13
950 949 -28
950 948 -19
529 559 13
529 980 -28
529 530 -8
529 69 -28
500 498 -28
500 947 28
500 38 19
500 502 13
469 470 13
469 12 -13
469 439 19
469 920 19
1001 999 -28
1001 118 28
1001 1000 -28
1001 1003 -8
1001 551 19
999 998 28
999 549 8
999 116 -28
118 147 13
118 89 -19
118 119 -19
118 584 28
1000 971 19
1000 554 -13
1000 1030 13
1000 121 19
1003 553 19
1003 120 -19
1003 1002 28
1003 1005 -8
551 552 13
551 521 8
551 581 -28
551 90 28
1303 409 -19
1303 1302 28
1303 1305 -19
1303 855 8
409 380 -19
1302 412 -19
1302 858 -28
1302 1272 8
1305 1304 19
1305 1307 -8
1305 857 13
1305 411 19
855 381 8
855 825 28
207 677 8
207 236 -13
207 208 -19
207 1094 13
207 179 19
677 1123 8
677 675 19
677 676 13
677 679 19
236 707 -19
236 264 28
236 1124 -13
236 237 13
208 674 28
208 210 -8
208 206 -19
208 1091 13
1094 644 -13
1094 1096 -8
1094 1092 19
1094 1093 -19
179 647 13
179 151 19
179 1065 -19
783 1226 -19
783 785 -28
783 782 -28
783 781 28
783 307 28
1226 339 19
1226 1196 8
1226 1227 -28
1226 1256 8
785 309 -8
785 1228 19
785 786 13
785 784 8
782 310 -19
782 752 -8
782 811 -8
782 1229 8
781 1224 -28
781 779 -13
781 305 19
781 780 19
307 308 8
307 336 -28
307 280 -8
307 1197 19
605 634 -8
605 575 19
605 1055 -19
605 143 13
605 606 -13
634 664 -19
634 172 -8
634 635 28
634 1084 -19
575 576 -28
575 545 -28
575 114 -28
575 1025 28
1055 1053 13
1055 171 -28
1055 1054 -8
143 142 28
143 141 28
143 1022 8
606 140 -13
606 1052 -19
606 604 19
606 608 -13
1201 754 19
1201 1200 -19
1201 1199 -8
1201 311 -8
754 755 8
754 784 13
754 724 -13
754 285 -19
1200 1171 -19
1200 1230 -28
1200 757 28
1199 752 -19
1199 1197 -8
1199 1198 19
1199 309 -8
311 340 -19
311 786 13
311 312 -8
311 284 -13
308 310 -19
308 306 8
308 780 8
308 1194 -28
336 365 28
336 337 8
336 812 -19
336 1227 8
280 1169 13
280 252 8
280 281 -19
280 753 -28
1197 1196 8
1197 1195 -13
1197 750 13
40 920 19
40 11 -13
40 502 19
40 68 8
920 919 -19
920 922 -13
920 918 -28
11 12 -8
11 890 -13
11 472 13
502 504 -19
502 949 19
502 501 -19
68 97 -8
68 69 -8
68 532 -13
20 18 13
20 895 13
20 22 28
20 19 -28
18 16 -28
18 475 -19
18 893 -13
18 17 -28
895 925 -19
895 896 28
22 479 28
22 21 -19
22 897 -19
22 24 8
19 480 -13
19 48 -8
310 309 -28
310 312 19
310 1196 -8
309 282 28
309 338 -13
312 1198 8
312 784 13
1196 1168 19
1196 753 -28
274 1163 19
274 747 28
274 275 8
274 246 13
274 301 28
1163 1165 19
1163 1161 -8
1163 714 -13
1163 1162 -28
747 749 19
747 1190 -28
747 746 13
747 745 19
275 273 28
275 744 19
275 277 -28
275 1160 8
246 1134 -19
246 717 -28
246 247 -8
246 217 13
301 302 8
301 1191 -19
301 330 28
301 777 13
590 592 28
590 589 -28
590 588 -8
590 124 -19
590 1036 13
592 126 -13
592 591 8
592 594 28
592 1038 -8
589 127 19
589 559 -19
589 619 28
589 1039 -8
588 1034 13
588 586 28
588 122 13
588 587 28
124 1007 28
124 95 19
124 153 -28
124 125 28
1036 1037 8
1036 1066 19
1036 1006 8
1036 156 19
1007 1005 28
1007 1009 -28
1007 1006 28
1007 557 19
95 96 19
95 66 13
95 978 -28
95 560 8
153 620 19
153 1037 -28
153 154 8
153 180 8
125 127 -19
125 123 13
125 587 8
125 1004 19
925 478 -8
925 955 -13
925 926 -13
925 49 13
478 480 -28
478 476 28
478 17 13
955 956 28
955 77 -19
955 508 -13
926 46 -13
926 924 13
926 475 13
926 928 19
49 47 19
49 507 -19
49 48 8
49 51 19
1166 1194 13
1166 1167 19
1166 1137 19
1166 281 28
1166 721 -13
1194 1224 -28
1194 1195 8
1194 751 13
1167 1165 -28
1167 718 19
1167 1169 8
1167 278 -8
1137 691 19
1137 1138 -28
1137 1107 -8
1137 253 -28
281 279 -28
281 750 8
281 283 13
721 719 -8
721 250 28
721 720 -19
721 723 19
553 92 -13
553 583 19
553 554 8
553 523 19
92 971 -8
92 91 13
92 94 8
92 90 28
583 613 13
583 584 19
583 1033 -19
583 121 -13
554 552 -8
554 89 -13
554 556 -19
523 524 -8
523 63 -13
523 493 -19
523 974 8
695 697 13
695 693 -8
695 694 -13
695 225 -8
695 1140 13
697 696 28
697 1142 -28
697 227 -28
693 691 19
693 223 13
693 692 28
694 664 13
694 228 -13
694 724 8
694 1143 8
225 254 -19
225 226 -8
225 1112 -13
225 196 -8
1140 1141 19
1140 1111 -19
1140 256 -28
834 833 28
834 1278 28
834 832 -28
834 836 8
833 360 -28
833 803 -19
833 863 8
833 1281 -8
1278 1279 -19
1278 1308 8
1278 389 28
832 831 28
832 1276 28
832 830 -8
832 355 -28
836 359 8
836 835 13
836 1280 -19
836 838 -28
127 126 19
127 1006 19
127 129 -13
126 97 13
126 155 -28
126 1009 28
1006 977 19
1006 560 19
129 591 -8
129 1008 28
129 131 28
386 1279 -19
386 415 -28
386 864 -13
386 387 28
328 329 19
328 1219 -13
328 299 -28
328 804 -19
358 360 28
358 831 13
358 356 -28
358 1246 -28
423 394 13
423 424 -28
423 1317 -8
394 872 -8
394 1287 -19
394 365 8
394 395 28
424 426 -19
424 1314 13
424 422 -28
1317 869 -8
1317 1316 -19
1317 1315 -13
1317 1319 -13
360 359 -8
360 362 13
359 388 28
359 330 13
362 835 -8
362 361 -13
362 1250 -8
362 364 19
909 33 -13
909 910 13
909 939 8
909 462 28
909 879 -19
33 35 8
33 491 13
33 32 -8
33 31 -13
910 30 -8
910 908 -19
910 912 13
910 459 -13
939 969 -8
939 492 -8
939 61 8
939 940 -28
462 464 -13
462 460 13
462 461 13
462 1 8
879 432 -13
879 880 13
879 4 -28
1267 374 -28
1267 1266 19
1267 1269 -19
1267 819 -13
1267 1265 -28
374 852 8
374 345 -8
374 375 -19
1266 377 28
1266 1236 19
1266 822 -8
1266 1296 -19
1269 376 8
1269 1271 28
1269 1268 19
1269 821 13
819 789 13
819 820 -28
819 346 13
819 849 19
1265 817 19
1265 1264 -19
1265 1263 13
71 69 13
71 73 -13
71 531 13
71 70 -13
71 949 -13
69 67 28
69 947 28
73 72 19
73 533 8
73 951 19
531 532 19
531 501 13
531 982 -19
531 561 -13
70 534 -8
70 952 28
70 42 13
70 99 -28
949 919 -19
949 979 -28
977 98 -28
977 947 -19
977 978 28
977 530 8
98 559 19
98 97 28
98 100 13
98 96 -28
947 917 8
947 948 13
978 527 8
978 976 8
978 980 -19
530 66 -8
530 528 -13
530 532 -8
643 641 -19
643 645 19
643 1089 13
643 642 28
641 174 19
641 640 13
641 1087 8
645 644 -19
645 647 19
645 1091 -19
645 177 19
1089 1119 19
1089 1090 -13
1089 206 8
642 178 -13
642 613 -13
642 1092 28
642 672 -8
425 396 8
425 1319 13
425 426 -28
396 367 13
396 1289 13
396 874 -28
396 397 -8
1319 871 -28
1319 1321 -13
1319 1318 8
426 428 28
426 1316 -28
749 1192 -28
749 751 -13
749 276 13
749 748 19
1190 304 -28
1190 1162 19
1190 1220 28
1190 1191 28
746 716 -19
746 776 -19
746 1193 28
746 277 8
745 272 19
745 1188 -8
745 744 13
453 483 -8
453 904 13
453 454 19
483 513 19
483 484 8
483 26 -19
483 934 -8
904 902 28
904 25 -8
904 903 -8
454 452 -28
454 901 -28
454 456 13
956 958 -13
956 954 13
958 507 -8
958 76 13
958 960 -19
958 957 -8
954 952 13
954 72 13
954 953 13
954 503 8
1218 331 -28
1218 1219 28
1218 1188 -28
1218 775 28
331 333 -19
331 329 -19
331 803 28
331 330 8
1219 772 13
1219 1217 13
1219 1221 19
1188 302 -13
1188 1189 28
1188 1160 28
775 773 -13
775 299 13
775 777 13
775 774 -8
178 176 13
178 177 19
176 1058 -19
176 175 19
176 640 19
177 205 8
177 149 -19
710 243 -8
710 1159 -8
710 711 -13
710 680 28
243 242 -8
243 245 13
243 241 -8
243 1127 -8
1159 270 -19
1159 1157 -8
1159 1161 28
1159 1158 8
711 713 -13
711 1156 -19
711 709 -13
711 240 8
680 681 19
680 650 28
680 214 -19
680 1130 8
644 615 28
644 674 8
647 649 28
647 1093 -13
647 646 13
1091 1062 28
1091 1121 8
1091 1092 -13
1067 1066 -28
1067 617 28
1067 1065 -13
1067 1069 -19
1067 180 13
1066 183 -19
1066 620 -28
1066 1095 -13
617 618 19
617 154 8
617 587 28
617 646 8
1065 615 -19
1065 1064 -28
1069 619 19
1069 1071 -13
1069 182 -28
1069 1068 13
180 649 -8
180 209 -13
180 181 -19
1028 1058 -13
1028 582 -19
1028 998 28
1028 148 -28
1028 1029 -28
1058 612 -28
1058 1087 28
582 580 28
582 116 -28
582 581 -13
582 584 28
998 552 13
998 119 8
998 969 13
148 147 13
148 146 -19
148 150 -13
1029 579 19
1029 1031 8
1029 1027 28
1029 145 8
242 1130 8
242 213 -13
242 713 28
242 270 8
1130 1129 -8
1130 1132 19
1130 1128 -19
213 214 -8
213 683 28
213 1100 19
713 712 19
713 1158 -28
713 715 8
270 297 19
270 271 -19
544 991 -19
544 542 -13
544 80 -8
544 546 -28
544 543 13
991 1020 13
991 992 28
991 112 -28
991 961 13
542 989 8
542 78 -28
542 541 8
80 52 -28
80 109 -28
80 81 -28
80 962 -13
546 82 -13
546 548 19
546 545 -28
546 993 -28
543 513 13
543 573 -13
543 83 -8
543 994 28
475 476 28
475 445 -13
506 504 -13
506 953 -8
506 508 19
506 44 8
47 46 -28
47 45 -19
47 923 8
1005 122 19
1005 1004 19
1005 555 28
1009 559 28
1009 1011 19
1009 1008 13
557 527 -13
557 96 -19
557 587 -19
557 558 -8
1309 415 19
1309 1311 13
1309 861 19
1309 1307 13
1309 1308 -19
415 416 -28
1311 417 -28
1311 1310 8
1311 863 8
1311 1313 28
861 831 8
861 387 -13
861 862 28
1307 859 -8
1307 413 -13
1307 1306 -13
1308 864 -19
1308 418 19
1133 1162 19
1133 687 -28
1133 1134 -28
1133 249 -13
1133 1103 19
1162 277 -13
1162 717 28
687 685 13
687 686 -19
687 689 -19
687 217 19
1134 684 19
1134 1136 -28
1134 1132 8
249 716 13
249 248 28
249 251 13
249 247 -19
1103 1104 -13
1103 220 19
1103 1074 13
1103 657 -19
800 799 28
800 1244 13
800 802 -28
800 324 28
800 798 -28
799 327 -8
799 770 28
799 829 8
1244 1245 28
1244 1274 8
1244 1214 28
1244 356 -28
802 1246 -28
802 326 13
802 804 -28
324 353 13
324 1215 13
324 325 28
324 296 -19
798 1242 8
798 796 28
798 322 8
798 797 8
46 508 19
46 17 8
508 507 -13
508 510 -28
17 896 -13
1118 668 -28
1118 1116 -19
1118 1120 28
1118 1117 -19
1118 230 19
668 638 8
668 698 -19
668 669 8
668 202 -28
1116 229 13
1116 1115 28
1120 1119 13
1120 670 -13
1120 1122 -19
1120 232 -19
1117 233 -28
1117 671 28
1117 1146 19
1117 1087 8
230 258 -13
230 701 -28
230 201 28
230 231 13
327 326 28
327 329 8
327 325 -8
327 1214 8
326 297 -8
326 1217 8
326 355 -13
329 1216 13
325 797 -13
325 1212 19
325 323 -19
1214 1215 -19
1214 771 28
931 484 -13
931 932 -8
931 55 -19
931 901 -28
931 961 19
484 482 -19
484 486 -28
484 23 -13
932 930 -8
932 481 -8
932 52 -8
932 934 8
55 513 -19
55 54 13
55 53 28
55 57 28
901 902 13
901 26 -8
961 962 13
961 83 -8
961 514 -28
852 854 -8
852 851 19
852 850 -19
852 1296 -28
854 1298 8
854 376 13
854 853 -13
851 377 -13
851 1299 13
851 821 -8
850 848 8
850 849 -8
1296 1297 -19
559 560 19
560 558 13
560 562 8
298 770 28
298 297 -13
298 300 19
1156 1127 -28
1156 271 -28
1156 1157 19
1185 738 28
1185 1183 28
1185 1187 -28
1185 296 13
133 595 -8
133 132 13
133 135 19
133 131 -19
133 1012 19
595 1045 -13
595 625 19
595 596 19
132 103 -8
132 598 28
132 1015 19
132 161 -28
135 597 -28
135 1014 -8
135 137 -8
135 134 13
131 593 19
131 1010 -8
131 130 8
1012 983 13
1012 1013 28
1012 566 8
1012 1042 13
664 199 -28
664 1114 13
664 665 19
199 198 28
199 197 19
199 1081 -13
1114 227 19
1114 1113 -8
1114 1112 -13
665 667 -13
665 663 -13
665 1111 -13
665 196 19
377 375 -19
377 376 8
377 379 19
375 1264 28
375 849 -28
375 373 -19
376 347 28
376 405 -8
379 853 -28
379 1268 13
379 381 28
379 378 -13
97 562 -8
97 980 -13
562 561 19
562 1008 -19
562 564 19
980 982 -19
980 979 28
1273 1272 -19
1273 1275 -8
1273 1271 13
1273 825 -8
1273 380 13
1272 383 8
1272 1242 -28
1272 828 13
1275 1274 13
1275 382 -8
1275 1277 8
1275 827 -8
1271 823 8
1271 378 28
825 795 -8
825 352 28
825 826 28
380 858 28
380 381 -13
380 351 8
77 76 28
77 79 19
76 48 -8
76 105 19
79 81 -19
79 78 8
79 957 8
79 539 13
983 953 19
983 984 -19
983 104 28
953 923 13
984 982 19
984 533 19
984 101 -19
104 103 19
104 102 -19
104 106 -28
198 227 -19
198 171 28
198 1084 13
198 667 13
227 228 13
171 172 -28
171 142 8
171 637 8
1084 1083 -28
1084 1082 -19
667 666 -13
667 1113 28
649 651 19
649 1095 -28
649 648 19
651 650 -28
651 1097 19
651 182 28
651 653 -13
1095 1125 -19
1095 1096 19
1095 212 -19
648 183 8
648 678 19
648 619 8
648 1098 19
640 1090 28
640 670 -8
581 1031 8
581 119 -19
612 614 8
612 610 19
612 145 -28
817 818 19
817 787 -19
817 344 19
817 847 8
818 1262 -13
818 820 8
818 342 -13
787 1235 28
787 315 19
787 758 -28
787 788 -19
344 1232 -28
344 346 -13
344 343 19
847 848 -13
847 373 19
1236 1206 19
1236 348 19
1236 792 13
1236 1237 8
1206 319 13
1206 1207 -13
1206 763 -8
1206 1177 -13
348 347 -13
348 350 -13
348 346 -13
348 821 -28
792 791 -8
792 790 13
792 316 8
792 794 8
1237 789 -28
1237 1239 28
1237 1235 -19
1237 345 13
1224 337 8
1224 1254 -13
1224 1225 19
337 339 8
337 335 13
337 809 -28
1254 1284 8
1254 1255 -28
1254 366 -19
1254 810 -19
1225 1223 19
1225 778 -8
1225 1227 8
1225 334 -13
183 181 -13
183 185 -13
183 182 13
181 1064 -28
181 646 -8
185 650 28
185 1068 19
185 187 19
182 155 -19
182 211 -19
716 1165 -13
716 717 8
716 686 13
1165 276 28
1165 1164 -19
717 719 -19
717 715 -28
686 656 8
686 220 13
686 1136 -13
147 1031 13
147 614 -19
1031 1030 13
1031 1033 28
614 613 19
614 616 -28
1073 623 -8
1073 1075 -13
1073 1072 8
1073 186 -13
1073 1071 -28
623 593 28
623 160 13
623 652 13
1075 188 19
1075 625 -8
1075 1074 8
1075 1076 8
1072 189 -13
1072 626 19
1072 1042 19
1072 1101 28
186 655 19
186 159 28
186 215 13
186 187 -13
1071 1070 -8
1071 621 8
719 1164 -8
719 248 -28
719 718 -13
1164 1135 -19
1164 279 13
1164 1192 19
248 276 -28
248 1136 -19
248 219 -28
718 251 -8
718 748 13
718 688 -19
1034 1004 28
1034 1035 8
1034 1064 -13
1034 154 28
1004 558 13
1004 975 -19
1035 1033 -19
1035 585 -28
1035 1037 -28
1035 151 -13
1064 618 -13
1064 1093 19
154 156 19
154 152 -19
276 303 8
276 277 -8
1136 1135 28
1136 1138 -19
219 220 28
219 1106 13
219 190 13
219 689 -19
730 700 -8
730 760 -8
730 261 28
730 1178 28
730 731 -8
700 233 8
700 1149 8
700 701 13
700 670 -28
760 789 19
760 761 19
760 1207 -8
760 289 -19
261 260 -13
261 263 28
261 259 28
261 1146 13
1178 1176 13
1178 1177 -19
1178 1179 -13
731 729 28
731 733 -8
731 1175 19
731 258 19
525 65 8
525 976 8
525 526 28
525 495 28
525 555 -28
65 67 8
65 63 19
65 943 -19
65 64 28
976 93 -28
976 974 19
976 975 13
526 528 28
526 973 -28
526 524 -28
526 62 13
495 496 -8
495 465 -8
495 946 -28
495 37 -13
555 556 8
555 585 13
555 94 -19
806 808 -19
806 804 13
806 1250 -19
806 805 13
806 330 -8
808 332 -8
808 1252 -13
808 810 -8
808 807 28
804 803 -28
1250 1280 -13
1250 1220 -8
805 333 -13
805 776 -8
805 835 -8
805 1253 -19
330 1221 8
233 231 8
233 235 -28
233 232 -13
231 1115 -28
231 698 19
235 1119 28
235 702 8
235 234 19
235 237 -8
232 203 19
232 260 -13
232 703 -28
770 1217 13
770 771 -28
1217 1216 -19
1217 1215 -28
771 773 19
771 769 -8
771 296 8
333 335 -13
333 332 -28
333 1220 13
335 334 -28
335 1222 8
335 807 -13
332 303 28
332 1223 8
1220 777 -8
1220 1221 8
873 1321 -13
873 843 -8
873 399 19
873 874 -19
1321 427 -19
1321 1320 -8
843 844 -19
843 1291 19
843 813 -13
843 370 8
399 398 13
399 1288 19
399 397 28
874 876 -13
874 872 8
874 1318 -13
527 528 -13
527 67 13
527 497 13
528 64 -28
528 975 -28
67 66 -19
67 945 28
497 498 -8
497 39 -13
497 467 13
497 948 8
468 466 -28
468 915 -13
468 470 8
468 7 -13
468 467 -8
466 465 -28
466 464 28
466 913 28
466 5 8
915 39 8
915 885 -13
915 945 19
915 916 -28
470 472 19
470 917 -13
470 9 13
7 36 -13
7 8 -28
7 886 -19
467 437 13
467 10 -28
467 918 -13
297 773 -13
297 1187 19
773 772 28
773 1216 -8
1187 1189 -13
1187 1186 -19
876 1320 -13
876 875 -28
876 398 19
1320 1290 -19
875 845 -13
398 369 -19
398 427 28
398 1291 -8
369 1261 -8
369 846 13
369 340 19
369 370 19
427 428 28
1291 1290 -8
1291 1289 19
566 568 19
566 564 -13
566 101 13
1015 1014 -28
1015 1017 8
1015 1013 -8
772 742 -8
772 300 -28
742 712 28
742 273 19
742 1189 -13
300 302 8
300 1186 28
300 299 -8
304 776 -8
304 303 -19
304 306 13
304 302 19
1191 1193 8
1191 1189 -19
1191 744 13
383 857 28
383 381 28
383 382 8
383 385 -13
857 858 19
857 827 28
382 353 19
382 860 -8
382 411 19
385 859 13
385 384 13
385 1274 -28
385 387 -8
103 568 -28
568 1014 13
568 570 28
568 567 -8
579 609 -28
579 117 -19
579 580 13
579 549 -28
609 638 -13
609 146 19
609 610 19
117 997 13
117 119 28
117 116 19
580 115 13
580 1026 28
549 550 -28
549 519 -8
549 88 -8
685 215 -8
685 1131 8
685 683 -8
685 684 28
215 244 19
215 216 8
215 1102 13
1131 1160 -28
1131 1101 -19
1131 1132 28
1131 247 13
683 1129 -13
683 681 -19
683 682 -19
684 654 -13
684 218 -28
684 714 -8
1176 287 -28
1176 728 -28
1176 1174 -19
1176 1175 -8
287 761 8
287 314 8
287 258 -8
728 729 8
728 259 28
728 698 19
728 758 28
1174 286 13
1174 1173 19
1175 289 -28
1175 1204 8
1175 1146 -19
824 822 -13
824 823 28
824 347 -28
824 826 -13
824 1268 -13
822 820 -19
822 345 28
822 821 -13
823 793 13
823 350 13
823 853 -28
347 318 -19
347 1239 -8
826 349 13
826 828 -8
1268 1298 19
1268 1238 13
1279 1281 8
1279 1277 -28
1279 831 -19
1281 1280 13
1281 388 -28
1281 1283 -8
1277 384 13
1277 1276 13
1277 829 28
318 794 19
318 319 13
318 290 19
318 1209 13
1239 791 13
1239 1241 28
1239 1238 -13
172 170 -19
172 1052 -28
635 633 -19
635 1081 13
635 637 -13
635 169 28
1242 1212 28
1242 354 -8
1242 1243 -8
1212 769 8
1212 1213 19
1212 1182 -13
354 353 13
354 356 8
354 827 28
354 352 -28
1243 1245 28
1243 1241 19
1243 795 -28
1243 351 13
722 255 -13
722 723 -28
722 692 28
722 1170 8
722 752 13
255 254 13
255 253 28
255 256 -8
723 725 -19
723 252 13
723 1168 8
692 226 28
692 1141 19
692 662 28
1170 282 8
1170 1172 -13
1170 1169 -8
752 283 8
752 753 8
1245 797 -19
1245 353 13
797 768 13
797 827 -8
353 830 -19
737 736 -13
737 1180 -8
737 735 13
737 264 19
736 267 -19
736 766 28
736 1183 -8
736 706 13
1180 1181 8
1180 1152 19
1180 1210 -19
1180 295 -19
735 262 28
735 734 -13
735 733 -13
264 1153 28
264 292 28
264 265 -8
254 282 -8
254 1141 -13
254 725 -28
282 755 -19
282 283 -28
1141 1139 28
1141 1143 -8
725 727 -28
725 724 8
1030 150 13
1030 584 28
1033 149 -13
1033 1032 19
532 534 -8
532 979 13
501 952 13
501 471 8
501 43 28
982 99 -13
982 981 -13
561 100 -8
561 591 28
561 1011 -8
400 371 28
400 1293 -8
371 848 -8
371 342 -13
371 1263 -8
1293 1292 19
534 981 -28
534 533 -19
981 102 -19
981 951 13
981 1010 -19
533 503 8
533 563 13
1056 610 -13
1056 1085 13
1056 175 19
1056 1026 -28
1085 1115 13
1085 1086 -13
1085 202 19
175 638 13
175 174 -28
1026 1027 -28
1026 146 -8
1026 997 19
776 1223 19
776 777 19
1223 1222 -28
1223 1221 -8
777 779 28
203 1090 8
203 204 -28
203 673 8
1090 1088 28
1090 1092 -28
204 670 -28
204 206 -19
204 202 8
204 1087 -13
673 675 -28
673 1119 28
673 671 -13
673 672 28
339 338 -8
339 341 13
339 811 -28
338 814 13
338 367 -28
338 1229 -8
341 813 28
341 340 28
341 1228 -8
811 841 13
811 1259 -8
811 812 8
474 13 28
474 472 19
474 921 19
474 476 -19
474 473 19
13 42 8
13 892 19
13 14 -28
472 919 -28
472 471 -19
921 45 13
921 891 28
921 951 -28
921 922 28
476 923 13
476 15 8
473 16 -19
473 443 28
473 924 -19
473 503 28
779 778 -8
779 303 8
779 1222 28
778 306 28
778 807 -8
778 748 -13
303 1193 -28
1222 1192 28
1222 1252 13
601 1051 28
601 602 -13
601 631 -13
601 139 -19
601 571 28
1051 167 -13
1051 1050 8
1051 1049 -28
1051 1053 -13
602 1048 -19
602 136 -28
602 604 -28
602 600 -19
631 168 -8
631 660 -28
631 1080 -13
139 137 8
139 1018 8
139 138 -8
139 141 8
571 1021 -8
571 572 28
571 110 13
571 541 -28
1298 1299 13
1298 408 -8
1299 1297 13
1299 405 -8
408 407 -28
1193 1192 -13
1193 1195 28
789 790 19
789 317 -28
790 314 -13
790 1234 28
790 788 -13
317 1204 -8
317 319 -28
317 316 -13
317 315 13
896 894 -19
896 445 -19
16 15 -13
16 14 -19
16 891 28
15 894 13
15 44 -8
14 471 19
14 12 -28
14 889 28
891 444 28
891 892 -8
1168 1169 28
1168 283 -8
753 755 19
753 751 13
306 1192 -13
306 305 -13
305 278 8
305 1195 -28
305 334 19
845 846 19
845 815 -13
846 1290 8
846 844 19
815 816 28
586 120 13
586 584 8
586 585 8
586 1032 19
120 91 13
120 121 -13
120 149 8
585 123 28
585 615 -28
1032 1062 -28
1032 152 -28
1032 1002 -19
91 556 -19
91 974 -28
91 62 28
121 123 13
121 119 -19
149 150 -8
149 616 -8
900 449 19
900 902 28
900 21 -13
900 899 -13
897 927 19
897 450 13
1198 1228 -13
1198 755 -8
691 221 -19
691 690 -8
691 689 -8
221 1108 -13
221 250 -19
221 222 -19
221 192 19
690 660 8
690 224 8
690 1139 -28
690 720 28
689 1135 28
689 688 -19
100 99 -28
100 102 -13
100 979 -28
99 564 19
102 563 -8
102 101 8
979 1008 13
830 828 28
830 1274 -8
830 829 -8
122 151 -19
122 93 -19
122 123 8
151 618 -28
151 152 -13
93 558 -8
93 94 -19
93 64 -8
123 1002 -28
66 948 8
66 38 28
945 498 13
945 946 -13
945 975 -8
168 166 8
168 170 -19
168 167 19
168 1048 8
166 629 19
166 165 -8
166 164 13
166 1046 -13
170 1050 -28
170 632 13
170 169 13
167 633 19
167 194 -8
167 138 -28
1048 1049 -19
1048 1018 -8
1186 1158 19
1186 1216 -8
449 450 8
449 479 -28
450 452 -19
479 480 -28
479 930 13
479 509 19
952 951 -8
951 504 28
1262 1232 -28
1262 373 -13
1262 1263 -19
1262 1292 19
1232 1233 28
1232 1202 -28
1232 788 8
1292 848 -19
638 1088 8
1088 1086 -19
1088 201 -8
1088 1087 19
174 145 -8
174 201 -8
145 146 19
145 116 -8
201 671 28
201 202 8
412 411 -13
412 414 -19
858 860 13
987 988 -8
987 957 -19
987 1016 13
987 108 19
539 509 19
539 569 28
539 990 -28
1062 616 -13
616 618 -13
616 615 28
1002 556 -19
1002 973 -19
796 1240 -28
796 320 8
796 795 -28
796 794 13
1240 1241 13
1240 352 28
1240 1210 -28
320 1211 19
320 349 -19
320 321 -28
320 292 19
795 323 13
795 766 8
794 793 28
794 1238 -8
480 927 13
480 482 19
927 957 28
927 51 13
927 928 -19
482 21 -8
482 929 -28
482 481 -28
607 577 -13
607 636 8
607 608 -8
577 578 -19
577 547 -19
636 666 -8
636 637 13
608 142 8
608 1054 -28
48 928 -13
48 510 8
902 23 -8
902 451 28
23 52 -8
23 24 -13
451 452 28
451 481 -8
42 922 -13
42 504 19
42 43 19
922 471 -13
922 924 19
504 503 28
43 45 19
43 919 -28
1108 1106 -28
1108 658 8
1108 1110 -13
1108 1107 13
1106 1104 19
1106 656 19
1106 1105 28
658 688 -28
658 629 -13
658 659 -28
658 193 19
1110 660 28
1110 1112 28
1110 1109 19
1110 223 -13
1107 224 13
1107 1077 -28
1107 661 8
1304 1274 8
1304 414 8
1304 860 -8
414 413 -8
414 416 8
860 859 -28
860 862 13
21 50 -28
24 899 -28
24 26 -13
24 481 -8
228 226 19
228 1111 19
724 1172 19
724 256 28
1143 1142 8
155 622 -19
155 156 19
155 1039 8
322 351 -19
322 323 -19
322 294 13
322 1213 -28
351 352 28
351 828 -19
323 1210 13
323 321 28
294 266 -13
294 769 13
294 1183 -13
294 295 28
1213 1211 8
1213 766 8
1213 1215 -28
267 266 8
267 269 8
267 265 28
267 1152 28
266 1155 28
266 238 28
269 738 8
269 1154 -28
269 271 19
265 734 -13
265 1150 19
265 263 13
1152 707 28
1152 1123 -13
1152 1153 -28
25 54 -28
25 26 28
25 486 -28
903 933 -8
903 456 13
696 666 19
696 726 28
1142 1113 13
1142 1171 19
1157 1155 -28
1157 708 13
1161 712 13
1161 1160 8
1161 272 -28
1158 273 28
1158 1129 19
388 866 -8
388 417 28
388 389 19
1284 395 13
1284 1314 -13
1284 1285 -19
1284 840 28
395 869 -19
395 393 13
395 397 13
1314 1315 -28
1314 870 -13
1285 392 13
1285 837 19
1285 1287 -19
1285 1283 28
840 839 -28
840 842 19
840 363 -13
840 838 13
660 195 19
660 661 19
195 1077 8
195 194 -19
195 193 13
195 197 -8
661 192 13
661 663 -28
661 659 -19
849 1297 -19
72 101 19
72 44 19
343 1235 -8
343 820 8
343 314 13
821 791 -8
428 1318 -13
751 750 13
751 278 19
748 279 -19
748 1195 -13
960 78 -19
960 509 28
960 959 -13
960 962 19
957 510 13
1083 1054 -8
1083 1113 -13
1083 637 13
1054 1024 -8
446 445 19
446 444 8
446 893 8
444 442 19
444 443 8
893 894 28
893 923 -13
615 152 19
674 675 13
674 704 13
674 1124 13
712 245 8
712 682 -13
245 1129 -28
245 244 -8
245 247 13
682 652 -19
682 216 28
682 1132 8
1211 764 28
1211 1210 28
1211 1209 -28
764 734 -19
764 793 -19
764 293 13
764 765 -19
1210 767 8
1209 1208 8
1209 1207 -28
1209 762 -13
1024 578 8
1024 1025 -13
1024 995 28
578 576 19
578 113 -13
1025 142 -28
1025 1023 -13
995 996 -8
995 965 -8
995 548 -8
1011 1010 -13
1011 1013 -28
1008 1038 -19
224 223 8
224 222 13
224 226 -19
223 252 13
223 194 -28
222 220 13
222 688 -19
222 1105 19
226 1109 -28
1135 1105 19
1135 251 -8
1105 659 -28
251 250 -13
251 253 -13
498 496 19
498 36 28
496 494 19
496 34 28
496 943 28
36 64 -28
36 37 28
36 916 28
1246 1276 8
1246 1216 -13
355 384 19
355 356 13
1112 662 -19
1112 1111 13
39 37 -8
39 38 8
37 35 -28
37 913 28
38 9 13
38 918 -13
869 870 -19
869 839 -13
870 392 -13
870 872 28
870 868 -19
839 809 -28
839 1287 -13
839 366 -19
273 271 -19
273 272 -28
272 244 -19
272 299 8
872 871 -19
872 1316 -19
1287 1286 28
1287 1289 -19
365 366 8
365 1257 13
365 842 -8
463 433 -8
463 464 -19
463 914 8
463 493 -13
463 6 8
433 434 -8
433 884 -8
464 3 -13
464 911 -19
914 34 8
914 916 28
914 913 -8
914 912 -8
493 494 -8
493 35 13
493 944 -28
6 8 19
6 5 -28
6 4 -13
6 881 -13
1290 1260 -28
1260 1261 19
1260 1230 -19
1260 816 28
552 87 19
552 550 13
87 116 19
87 59 -13
87 88 -8
87 970 8
550 997 -13
550 86 -8
378 349 8
378 407 19
827 828 8
81 83 19
81 541 -8
81 959 -28
78 50 19
78 107 28
974 973 8
974 972 -13
975 96 8
820 1264 28
346 345 28
346 1234 -13
964 513 8
964 82 -13
964 963 19
964 966 -13
964 962 -19
513 514 13
82 54 19
82 111 -13
82 83 -28
963 516 8
963 85 -13
963 993 -8
963 933 -19
966 84 -13
966 515 28
966 965 -19
962 511 -8
452 899 28
899 929 8
688 1138 13
1215 768 28
250 278 13
250 1138 -8
278 279 -8
1138 1139 19
732 733 -8
732 702 28
732 263 8
732 762 13
732 1179 13
733 260 -13
733 1177 -28
702 1151 13
702 672 19
702 703 -28
263 262 28
263 1148 -8
762 791 28
762 763 19
762 291 -28
1179 290 -28
1179 1181 -13
1111 1081 13
503 45 28
1252 1282 13
1252 1253 28
1252 364 13
810 809 -13
810 334 8
810 812 -28
807 837 -8
807 1255 8
437 438 -19
437 888 28
10 9 13
10 8 19
10 885 -28
10 12 13
918 917 -19
918 916 -13
45 44 13
44 924 -19
334 363 -19
917 887 -28
9 888 -28
888 886 -8
888 890 -28
888 887 -28
1264 1234 13
279 277 -13
930 929 13
930 50 -13
930 928 28
929 53 8
929 959 -13
50 512 -13
50 51 -8
576 111 13
576 574 28
576 1022 -28
111 112 13
111 140 -19
111 994 28
574 572 13
574 1020 -8
574 573 -19
574 109 -8
1022 1052 -19
1022 993 -19
1022 1023 -19
892 894 -13
892 441 -8
892 890 13
654 1104 8
654 189 28
654 655 19
654 625 8
218 220 -28
218 216 -19
218 1101 28
218 217 -19
714 715 8
714 247 28
714 744 -19
894 443 -28
96 94 13
94 973 28
656 627 28
656 191 -28
656 657 8
628 626 13
628 1074 28
628 627 -8
628 161 13
628 630 19
626 625 28
626 159 28
1074 1044 8
1074 191 -13
627 597 -28
627 1076 -13
627 164 -28
161 188 -8
161 1045 8
161 162 19
630 629 19
630 163 -28
356 829 8
766 767 -8
766 295 13
1183 1182 -28
1183 1181 -28
706 1155 -8
706 707 8
706 239 13
706 676 -19
1221 774 -28
738 768 -19
738 708 -8
768 769 -19
708 709 -13
708 678 -13
708 241 28
563 593 -8
563 1013 -13
563 564 19
997 967 -19
967 968 -8
967 520 -19
967 937 13
967 88 -13
1139 252 -8
923 924 -13
969 522 -8
969 90 28
969 970 13
1104 217 8
1104 1102 -19
217 188 28
1102 1100 -8
1102 652 19
1102 1101 28
791 319 -8
319 321 8
936 935 -19
936 485 28
936 934 8
935 905 13
935 965 -28
485 455 -28
485 486 -13
485 515 13
934 54 -8
934 933 28
1228 1258 8
1228 1229 -19
755 757 -19
720 750 28
720 1169 -8
720 253 -8
29 908 13
29 58 28
29 490 -19
29 0 -13
908 907 -28
58 86 -13
58 520 19
58 938 -28
490 489 13
490 937 -28
490 492 19
0 460 28
0 878 28
290 262 -19
290 291 -8
290 765 -19
101 130 -28
1080 1082 -8
1080 194 28
1080 1079 8
1080 1078 -8
1155 1154 -13
1155 1153 13
1154 1182 13
1154 1125 19
1154 709 19
1153 1151 19
1153 704 8
262 1151 -13
262 234 19
1151 1150 -8
1151 1149 -28
234 705 8
234 205 28
234 1122 28
988 990 -28
988 105 -8
990 989 -8
990 107 -13
990 992 -28
105 570 -19
105 134 -13
105 106 8
948 946 -28
633 1079 8
633 632 8
1079 1050 13
1079 1109 28
1079 197 -8
632 1082 -13
632 603 19
632 662 -28
1053 169 28
1053 1052 -19
1053 603 -19
194 663 -13
138 109 -19
138 1021 19
138 604 -28
1050 604 -8
1050 1020 13
169 140 -28
169 196 -13
744 774 8
1234 1235 8
1234 1204 28
442 441 -8
442 889 8
442 440 19
441 471 -8
889 919 -28
889 890 -19
440 439 -19
440 887 -19
440 438 -28
1207 316 -13
1207 1205 -8
763 761 8
763 288 28
763 765 8
1177 1148 28
1177 291 28
1077 1078 28
494 32 -13
494 492 -8
494 941 -8
32 3 13
32 912 -28
492 30 -19
492 491 -28
941 971 13
941 942 8
941 63 -8
941 911 -13
1109 663 13
302 774 8
774 803 8
35 911 -13
35 34 28
911 881 28
911 912 28
34 5 -13
34 62 -8
238 709 28
238 209 -19
238 1126 -28
238 239 28
933 486 13
933 57 -13
456 455 -19
456 458 -13
943 973 -28
943 944 -19
943 913 -13
844 842 -8
844 367 19
844 1288 19
842 1286 -8
842 841 28
367 368 -8
367 1259 -28
1288 1318 19
1288 1289 13
1288 1258 -8
1129 1099 -19
1160 715 -8
1286 397 -8
1286 1316 28
1286 1256 19
397 871 28
1256 1257 -28
1256 368 19
1256 812 13
510 512 -8
510 509 28
345 316 8
86 968 8
86 115 -13
968 970 -28
420 418 13
420 1310 19
420 419 13
420 422 -13
418 417 -28
418 416 -13
1310 866 19
1310 1280 -28
419 1313 13
419 390 8
422 1312 -19
422 421 28
971 524 13
971 972 -8
524 522 19
972 521 -28
972 89 -19
972 970 13
769 767 -13
252 253 19
707 709 13
707 705 -19
705 1150 28
705 704 -28
705 703 19
140 141 28
140 1023 -8
1052 1081 28
604 603 -8
871 841 8
841 1289 28
841 368 19
142 113 19
141 603 -8
141 1020 -28
465 8 19
465 916 13
465 435 -19
8 883 8
435 886 -13
435 436 -28
89 90 8
556 558 -28
761 759 -28
761 1204 -8
759 286 -19
759 758 -13
1204 1205 -19
30 1 -19
30 59 -8
30 31 28
912 461 -8
459 489 19
459 460 -13
459 2 19
459 429 8
62 63 -28
62 944 13
1082 1081 13
1082 196 13
196 197 -8
1044 598 -19
1044 1014 28
1044 164 28
1044 1045 13
598 597 -28
598 596 -8
598 600 -8
164 163 8
164 162 -28
1045 1043 -13
1045 1047 19
240 211 -19
240 1128 13
240 241 13
734 704 -8
734 1181 13
704 237 8
1181 292 -13
241 1125 13
241 239 28
1127 681 8
1127 1097 -8
1127 1128 13
1233 342 -13
1233 1235 28
342 313 -13
431 432 8
431 461 13
431 882 8
432 434 13
432 430 -8
461 491 -28
461 4 13
882 881 13
882 884 -8
882 880 -8
882 3 13
1132 244 -8
12 887 13
439 890 -28
545 85 -28
545 515 28
545 996 -28
114 113 -28
114 112 -19
114 993 8
522 520 -8
522 59 8
522 521 -28
520 519 -28
59 940 13
59 60 -19
521 61 8
521 491 8
481 511 -19
52 514 -8
52 53 -28
113 996 -13
113 84 8
996 994 8
84 85 -28
84 548 28
767 292 19
767 765 13
292 293 13
765 1208 13
663 662 8
597 567 8
597 1047 -19
1076 190 28
1076 1078 -28
197 662 -28
629 599 13
629 1078 13
163 1047 -13
163 134 -8
163 190 8
1189 299 -13
1150 1121 13
1121 675 8
1121 1122 -28
1121 237 -28
1047 1049 -28
1047 1046 8
134 600 -28
134 1017 19
190 659 28
190 191 -28
313 1203 -19
313 788 8
313 286 -19
1227 780 13
1227 1229 -19
1020 1021 8
1241 793 8
1241 349 -19
1238 350 28
1238 1208 -13
729 257 19
729 1173 8
258 259 -19
258 1147 28
438 436 19
438 885 13
1202 315 28
1202 1173 19
1202 1203 19
315 314 13
1173 1144 19
1203 1205 -19
657 188 -8
657 655 -13
657 659 13
64 946 -8
489 31 -19
489 940 -28
489 519 13
31 907 28
940 942 -28
940 938 -8
519 970 -19
519 60 19
793 321 -19
321 1208 28
625 162 -19
596 1042 13
596 594 19
596 130 -19
1 2 13
1 880 -28
363 1255 -28
363 392 13
363 364 -13
838 837 19
838 1282 -8
838 361 -19
349 350 -8
1125 679 19
1125 1126 -19
106 567 13
106 108 -13
603 573 8
885 886 -13
1261 813 19
1261 1259 8
813 814 -28
813 784 8
1259 1257 -13
1259 1258 -19
350 352 8
937 907 -19
937 938 -19
937 60 -28
88 90 -8
416 1306 -28
946 944 19
944 942 8
511 53 -8
511 541 -13
511 512 13
53 51 -8
541 992 -28
512 959 19
512 514 -8
1315 421 -13
1315 1313 -28
1315 867 8
5 884 13
192 165 19
192 1078 -8
192 193 -13
136 165 -28
136 137 -13
136 1019 -13
136 107 13
600 599 -19
600 1046 19
1123 239 -13
1123 1093 -28
1123 1124 8
239 237 13
1093 210 -8
1124 1122 -8
1124 1126 -28
314 1205 -13
137 599 28
137 1016 19
1018 572 -19
1018 989 -13
1018 1019 -8
316 288 28
1313 865 13
1313 1312 -8
390 868 19
390 361 -28
390 391 28
390 1283 13
189 188 8
189 187 28
189 191 8
655 1101 8
655 653 -19
1312 868 28
1312 1282 8
421 392 -19
517 547 19
517 487 13
517 518 28
547 548 -8
487 457 13
518 965 13
518 516 19
676 210 -19
676 646 13
676 1126 -8
613 150 -13
209 210 -28
209 1096 -28
209 679 -28
1126 1128 -8
1099 1100 28
1099 216 -13
1099 653 28
1099 1070 19
289 288 -8
289 291 -8
288 260 -8
260 1149 28
866 868 19
866 864 -19
866 865 13
868 867 -19
864 862 8
864 863 13
865 835 -19
865 391 -13
51 509 13
392 393 19
837 867 -28
837 364 -28
1283 835 -19
1283 1282 -13
295 293 -19
675 205 -28
205 206 -13
205 1092 13
162 160 28
162 1042 28
715 244 -28
1023 1021 13
1023 573 28
434 881 13
434 436 -13
884 883 8
884 886 -28
61 63 -13
61 60 -19
491 942 -8
393 1282 -28
393 867 19
393 391 -8
3 4 19
591 621 -19
621 650 -13
621 622 19
4 2 19
599 1049 13
599 569 -28
1149 1148 28
1149 1147 28
165 1049 8
681 679 8
681 211 13
679 678 -19
211 212 8
211 1098 28
1119 1148 -13
1148 703 19
809 780 28
809 1257 8
366 368 -13
366 364 19
567 1017 8
368 370 19
1230 1231 13
1230 786 13
816 340 28
816 814 -13
1147 1145 -8
1147 698 28
1147 1146 13
757 756 -8
757 284 8
650 1100 8
1100 1098 8
191 193 28
672 206 8
672 1122 19
703 701 -13
214 216 -8
214 212 -19
214 1097 13
212 210 -8
212 678 8
1097 1098 -19
1097 1068 28
109 110 13
109 992 -28
1021 1019 13
573 112 8
859 829 -28
384 862 -8
384 413 19
862 1306 -8
1280 391 -13
391 389 13
1019 1017 -8
1019 569 -13
678 1128 13
1205 758 -28
814 812 -13
814 1258 28
784 1231 -13
340 1231 19
1231 1229 28
291 293 13
460 907 19
907 877 -13
361 1253 28
883 436 -19
883 913 8
618 620 19
620 622 -28
620 619 13
257 1145 13
257 229 13
257 286 -28
593 1043 -8
593 594 -8
1043 1042 -8
1043 159 -28
594 1040 19
1096 646 -13
1096 1098 -19
572 570 19
572 107 -13
570 1016 -13
570 569 19
107 108 28
1145 1144 -8
1144 259 -8
1144 1115 19
1144 699 28
1070 1040 13
1070 187 -13
622 1068 -19
750 780 8
160 159 -13
160 1040 -28
159 130 -19
1040 1010 19
1046 1016 -28
430 877 13
430 429 -13
457 458 13
569 108 -19
112 110 13
993 994 -8
285 284 28
285 283 -28
1276 1306 28
1276 387 8
387 389 19
652 187 13
652 653 -13
756 726 13
726 727 8
1255 1253 -28
1255 1257 -8
1016 1017 28
130 1013 13
1171 1172 -13
1171 727 -13
1172 284 13
863 389 -28
877 878 13
877 2 -28
878 880 -19
959 989 -13
514 516 -8
429 880 -19
1258 370 19
989 110 28
110 108 19
587 1037 -28
619 156 -28
1037 1039 -8
698 699 -28
516 515 28
516 54 -8
1010 564 -19
992 994 8
1115 669 -28
699 701 28
699 229 -19
1146 701 -8
1038 1068 -8
1038 1039 13
670 671 -28
150 152 -19
515 57 8
85 83 -13
671 669 28
905 458 19
