1249 1248 13
1249 357 -28
1249 1247 -8
1249 1251 -19
1249 801 13
1248 360 8
1248 1218 -28
1248 1278 -8
1248 804 8
357 834 -13
357 386 8
357 328 19
357 358 19
1247 1245 19
1247 355 -8
1247 799 -19
1247 1246 13
1251 359 -8
1251 803 -28
1251 1253 8
1251 1250 19
801 772 -8
801 802 -13
801 329 28
801 831 28
157 1041 8
157 184 -28
157 624 -13
157 158 -28
157 128 -28
1041 591 28
1041 1040 28
1041 1043 8
1041 1039 -8
184 213 19
184 185 -19
184 653 -28
184 1071 -28
624 626 28
624 623 -28
624 1070 28
624 622 19
158 160 28
158 621 -28
158 156 19
158 1038 28
128 129 -13
128 594 -8
128 1011 -13
128 99 8
741 268 -8
741 739 -8
741 740 13
741 743 28
741 1184 -28
268 269 -28
268 240 -28
268 1157 19
268 296 -8
739 737 -8
739 738 -28
739 266 -13
739 1182 19
740 710 19
740 770 -19
740 1187 19
740 271 13
743 270 -28
743 745 13
743 1186 -13
743 742 -28
1184 298 19
1184 1156 19
1184 1214 19
1184 1185 28
447 448 -19
447 477 8
447 898 -19
448 895 -28
448 446 -19
448 450 -13
477 20 -8
477 928 -8
477 507 19
477 478 8
898 896 -13
898 19 -28
898 900 13
898 897 8
401 402 13
401 372 -8
401 1295 -13
402 404 -8
402 1292 28
372 850 -13
372 343 -28
372 1265 -13
372 373 13
1295 1294 -13
1295 1297 -13
1295 1293 8
1295 847 -19
404 406 -13
404 1294 8
404 403 8
406 408 28
406 1296 8
406 405 8
1294 850 -19
1294 1264 -19
403 1297 -13
403 374 8
535 505 8
535 986 -19
535 536 8
535 565 -28
535 75 28
505 956 -8
505 475 -28
505 506 -13
505 47 8
986 103 8
986 988 19
986 984 28
986 985 13
536 538 28
536 983 -28
536 534 13
536 72 -13
565 566 19
565 1015 -13
565 595 8
565 104 -28
75 77 -13
75 73 13
75 953 -28
75 74 -19
1061 611 13
1061 1059 -28
1061 1060 -19
1061 1063 13
611 640 -8
611 581 -8
611 612 -19
611 148 -28
1059 174 13
1059 1058 19
1059 1057 -28
1059 609 -8
1060 178 -8
1060 614 -19
1060 1030 8
1060 1089 19
1063 1062 28
1063 177 -19
1063 1065 -19
1063 613 19
173 144 -19
173 639 13
173 1057 13
173 200 -28
144 1027 -28
144 115 -28
144 610 -8
639 638 19
639 1085 8
639 641 -8
1057 1056 19
200 229 19
200 669 8
200 1086 -19
1300 856 28
1300 410 19
1300 1270 -8
1300 1301 19
856 855 -19
856 858 19
856 378 28
856 854 8
410 408 28
410 412 -19
410 409 -19
1270 1240 -19
1270 826 -28
1270 1271 -28
1270 381 -13
1301 1303 19
1301 1299 -19
1301 407 8
1301 853 13
27 488 28
27 906 -8
27 56 13
27 28 -19
488 487 -19
488 486 8
488 935 -13
906 904 -28
906 455 -19
906 905 8
56 936 13
56 518 19
56 57 -28
56 84 13
28 903 13
28 485 -13
28 26 -19
538 74 13
538 985 8
538 537 -8
538 540 -19
74 956 28
74 46 -13
985 955 19
985 1014 -8
985 106 28
537 77 8
537 988 19
537 507 -13
537 567 -19
540 987 13
540 539 13
540 76 28
540 542 19
499 41 8
499 950 -19
499 529 28
499 500 -28
499 469 -19
41 40 28
41 39 19
41 43 13
41 917 -13
950 952 -28
950 68 19
950 949 -8
950 948 -8
529 559 8
529 980 -28
529 530 13
529 69 28
500 498 28
500 947 28
500 38 -13
500 502 8
469 470 19
469 12 -28
469 439 -13
469 920 8
1001 999 13
1001 118 8
1001 1000 19
1001 1003 8
1001 551 -19
999 998 28
999 549 -19
999 116 28
118 147 -28
118 89 -8
118 119 -28
118 584 -19
1000 971 -19
1000 554 -19
1000 1030 19
1000 121 19
1003 553 -13
1003 120 -28
1003 1002 28
1003 1005 -19
551 552 -19
551 521 -28
551 581 -28
551 90 28
1303 409 28
1303 1302 -13
1303 1305 -13
1303 855 28
409 380 19
1302 412 -13
1302 858 -28
1302 1272 8
1305 1304 19
1305 1307 -13
1305 857 -28
1305 411 13
855 381 13
855 825 -19
207 677 28
207 236 -8
207 208 13
207 1094 8
207 179 13
677 1123 -8
677 675 -19
677 676 -8
677 679 8
236 707 -8
236 264 28
236 1124 -19
236 237 19
208 674 28
208 210 8
208 206 8
208 1091 -8
1094 644 19
1094 1096 -28
1094 1092 -19
1094 1093 -8
179 647 8
179 151 -13
179 1065 -13
783 1226 -8
783 785 13
783 782 28
783 781 -13
783 307 -8
1226 339 13
1226 1196 -28
1226 1227 8
1226 1256 -8
785 309 -8
785 1228 28
785 786 -13
785 784 -28
782 310 13
782 752 -13
782 811 -8
782 1229 -13
781 1224 19
781 779 28
781 305 28
781 780 19
307 308 28
307 336 -19
307 280 8
307 1197 28
605 634 8
605 575 -13
605 1055 8
605 143 -8
605 606 -13
634 664 -19
634 172 -8
634 635 -19
634 1084 28
575 576 -13
575 545 -13
575 114 8
575 1025 8
1055 1053 19
1055 171 -13
1055 1054 -13
143 142 28
143 141 -13
143 1022 -13
606 140 19
606 1052 28
606 604 13
606 608 28
1201 754 -28
1201 1200 -13
1201 1199 -8
1201 311 19
754 755 28
754 784 19
754 724 -28
754 285 -13
1200 1171 -19
1200 1230 -28
1200 757 -28
1199 752 -8
1199 1197 -19
1199 1198 13
1199 309 -8
311 340 -13
311 786 19
311 312 8
311 284 28
308 310 8
308 306 -28
308 780 19
308 1194 28
336 365 -19
336 337 -13
336 812 19
336 1227 -8
280 1169 -28
280 252 8
280 281 -13
280 753 13
1197 1196 19
1197 1195 19
1197 750 -19
40 920 8
40 11 13
40 502 -8
40 68 -13
920 919 19
920 922 28
920 918 -28
11 12 -8
11 890 -8
11 472 8
502 504 -8
502 949 -13
502 501 19
68 97 -13
68 69 -19
68 532 -28
20 18 -13
20 895 28
20 22 19
20 19 -8
18 16 13
18 475 19
18 893 28
18 17 -19
895 925 8
895 896 28
22 479 8
22 21 -8
22 897 19
22 24 -8
19 480 -28
19 48 -8
310 309 13
310 312 8
310 1196 -13
309 282 -8
309 338 -8
312 1198 -28
312 784 19
1196 1168 8
1196 753 28
274 1163 -28
274 747 -19
274 275 28
274 246 -28
274 301 -19
1163 1165 8
1163 1161 13
1163 714 8
1163 1162 13
747 749 -28
747 1190 -19
747 746 8
747 745 19
275 273 -13
275 744 28
275 277 -13
275 1160 -8
246 1134 -28
246 717 19
246 247 19
246 217 -8
301 302 28
301 1191 -28
301 330 -13
301 777 -19
590 592 19
590 589 19
590 588 -8
590 124 19
590 1036 19
592 126 19
592 591 -8
592 594 -13
592 1038 -28
589 127 -19
589 559 -8
589 619 28
589 1039 19
588 1034 -28
588 586 -8
588 122 13
588 587 -28
124 1007 -8
124 95 -8
124 153 -28
124 125 -28
1036 1037 19
1036 1066 13
1036 1006 19
1036 156 19
1007 1005 8
1007 1009 -8
1007 1006 28
1007 557 19
95 96 8
95 66 -28
95 978 28
95 560 -13
153 620 -8
153 1037 8
153 154 8
153 180 19
125 127 28
125 123 28
125 587 19
125 1004 13
925 478 13
925 955 13
925 926 -8
925 49 28
478 480 19
478 476 8
478 17 28
955 956 13
955 77 28
955 508 -19
926 46 -13
926 924 13
926 475 -8
926 928 -19
49 47 13
49 507 28
49 48 19
49 51 13
1166 1194 -13
1166 1167 -19
1166 1137 -8
1166 281 -19
1166 721 13
1194 1224 8
1194 1195 -19
1194 751 13
1167 1165 -19
1167 718 -13
1167 1169 -19
1167 278 -19
1137 691 19
1137 1138 -8
1137 1107 -13
1137 253 -13
281 279 13
281 750 8
281 283 28
721 719 8
721 250 -19
721 720 8
721 723 -8
553 92 -19
553 583 19
553 554 8
553 523 -19
92 971 -19
92 91 -28
92 94 8
92 90 -19
583 613 -8
583 584 13
583 1033 -28
583 121 28
554 552 -13
554 89 19
554 556 -8
523 524 -8
523 63 28
523 493 -13
523 974 8
695 697 8
695 693 -28
695 694 -28
695 225 28
695 1140 -8
697 696 13
697 1142 8
697 227 13
693 691 -8
693 223 -8
693 692 13
694 664 13
694 228 -28
694 724 -8
694 1143 -8
225 254 -13
225 226 28
225 1112 -8
225 196 8
1140 1141 -28
1140 1111 -19
1140 256 13
834 833 -8
834 1278 28
834 832 -13
834 836 -28
833 360 -8
833 803 -13
833 863 -13
833 1281 8
1278 1279 8
1278 1308 8
1278 389 8
832 831 -19
832 1276 8
832 830 -28
832 355 28
836 359 13
836 835 -19
836 1280 28
836 838 19
127 126 -8
127 1006 -13
127 129 -13
126 97 -8
126 155 19
126 1009 28
1006 977 -28
1006 560 19
129 591 -13
129 1008 -13
129 131 8
386 1279 -8
386 415 -8
386 864 -28
386 387 -13
328 329 -28
328 1219 8
328 299 19
328 804 -19
358 360 28
358 831 -13
358 356 -13
358 1246 -19
423 394 -28
423 424 19
423 1317 13
394 872 19
394 1287 13
394 365 -8
394 395 8
424 426 28
424 1314 -19
424 422 -8
1317 869 13
1317 1316 8
1317 1315 13
1317 1319 -8
360 359 13
360 362 -28
359 388 -8
359 330 19
362 835 -13
362 361 -8
362 1250 13
362 364 -8
909 33 -8
909 910 8
909 939 -19
909 462 13
909 879 -8
33 35 -28
33 491 -13
33 32 -8
33 31 -28
910 30 19
910 908 -8
910 912 13
910 459 8
939 969 19
939 492 -19
939 61 19
939 940 28
462 464 28
462 460 28
462 461 19
462 1 -8
879 432 19
879 880 -13
879 4 -13
1267 374 28
1267 1266 28
1267 1269 -13
1267 819 -8
1267 1265 8
374 852 -8
374 345 28
374 375 -8
1266 377 -13
1266 1236 -13
1266 822 -19
1266 1296 -28
1269 376 -13
1269 1271 -13
1269 1268 -13
1269 821 8
819 789 -8
819 820 -28
819 346 -8
819 849 -19
1265 817 -8
1265 1264 13
1265 1263 19
71 69 13
71 73 -8
71 531 -13
71 70 -8
71 949 8
69 67 -28
69 947 8
73 72 13
73 533 28
73 951 19
531 532 28
531 501 -19
531 982 19
531 561 -13
70 534 -28
70 952 28
70 42 13
70 99 -8
949 919 -28
949 979 -13
977 98 13
977 947 19
977 978 13
977 530 -8
98 559 28
98 97 28
98 100 28
98 96 28
947 917 13
947 948 -28
978 527 -8
978 976 -13
978 980 8
530 66 13
530 528 13
530 532 13
643 641 -19
643 645 13
643 1089 28
643 642 -28
641 174 -28
641 640 -19
641 1087 28
645 644 19
645 647 28
645 1091 19
645 177 13
1089 1119 -8
1089 1090 -8
1089 206 -13
642 178 8
642 613 13
642 1092 -13
642 672 -19
425 396 -8
425 1319 13
425 426 -13
396 367 -8
396 1289 8
396 874 19
396 397 13
1319 871 19
1319 1321 13
1319 1318 -19
426 428 -13
426 1316 -28
749 1192 -28
749 751 -28
749 276 28
749 748 -28
1190 304 -19
1190 1162 -28
1190 1220 28
1190 1191 13
746 716 13
746 776 -8
746 1193 28
746 277 -19
745 272 -28
745 1188 -13
745 744 -13
453 483 -28
453 904 8
453 454 8
483 513 -28
483 484 -13
483 26 8
483 934 -13
904 902 19
904 25 8
904 903 -13
454 452 -13
454 901 -19
454 456 13
956 958 -13
956 954 8
958 507 -28
958 76 13
958 960 -8
958 957 19
954 952 -8
954 72 13
954 953 -13
954 503 28
1218 331 -8
1218 1219 28
1218 1188 -28
1218 775 -13
331 333 19
331 329 -8
331 803 -8
331 330 -13
1219 772 -8
1219 1217 -13
1219 1221 13
1188 302 19
1188 1189 -19
1188 1160 -19
775 773 19
775 299 8
775 777 -28
775 774 -13
178 176 8
178 177 19
176 1058 -8
176 175 19
176 640 -28
177 205 -13
177 149 19
710 243 -28
710 1159 -19
710 711 -13
710 680 -13
243 242 13
243 245 -19
243 241 -28
243 1127 13
1159 270 -8
1159 1157 -19
1159 1161 -28
1159 1158 -28
711 713 13
711 1156 8
711 709 -28
711 240 8
680 681 19
680 650 -19
680 214 13
680 1130 8
644 615 -19
644 674 28
647 649 -13
647 1093 19
647 646 -8
1091 1062 19
1091 1121 -19
1091 1092 -19
1067 1066 19
1067 617 -13
1067 1065 -13
1067 1069 13
1067 180 28
1066 183 -13
1066 620 -19
1066 1095 8
617 618 28
617 154 8
617 587 -28
617 646 -28
1065 615 -8
1065 1064 13
1069 619 8
1069 1071 -8
1069 182 8
1069 1068 8
180 649 19
180 209 -28
180 181 -28
1028 1058 8
1028 582 -28
1028 998 13
1028 148 19
1028 1029 8
1058 612 -13
1058 1087 8
582 580 -8
582 116 13
582 581 -19
582 584 -28
998 552 8
998 119 -19
998 969 28
148 147 13
148 146 28
148 150 8
1029 579 19
1029 1031 28
1029 1027 -13
1029 145 -13
242 1130 28
242 213 19
242 713 19
242 270 19
1130 1129 -13
1130 1132 8
1130 1128 13
213 214 13
213 683 19
213 1100 -13
713 712 8
713 1158 19
713 715 -28
270 297 28
270 271 8
544 991 -8
544 542 -28
544 80 19
544 546 28
544 543 19
991 1020 -28
991 992 -13
991 112 28
991 961 -8
542 989 -19
542 78 -13
542 541 -8
80 52 19
80 109 28
80 81 13
80 962 13
546 82 28
546 548 19
546 545 -19
546 993 8
543 513 28
543 573 -8
543 83 -28
543 994 28
475 476 13
475 445 -19
506 504 -8
506 953 -13
506 508 13
506 44 19
47 46 28
47 45 13
47 923 8
1005 122 8
1005 1004 8
1005 555 28
1009 559 -8
1009 1011 8
1009 1008 8
557 527 -13
557 96 19
557 587 -13
557 558 -19
1309 415 8
1309 1311 -8
1309 861 -28
1309 1307 13
1309 1308 13
415 416 28
1311 417 -19
1311 1310 19
1311 863 28
1311 1313 -8
861 831 -19
861 387 19
861 862 28
1307 859 -8
1307 413 13
1307 1306 -8
1308 864 8
1308 418 -28
1133 1162 8
1133 687 13
1133 1134 19
1133 249 -13
1133 1103 -8
1162 277 -19
1162 717 13
687 685 8
687 686 -13
687 689 -8
687 217 8
1134 684 -19
1134 1136 -8
1134 1132 -8
249 716 -8
249 248 13
249 251 -8
249 247 28
1103 1104 13
1103 220 -28
1103 1074 -13
1103 657 -19
800 799 -19
800 1244 13
800 802 -13
800 324 28
800 798 19
799 327 8
799 770 -13
799 829 8
1244 1245 19
1244 1274 -19
1244 1214 8
1244 356 19
802 1246 -8
802 326 -8
802 804 -13
324 353 -13
324 1215 13
324 325 13
324 296 8
798 1242 -19
798 796 -28
798 322 -19
798 797 8
46 508 -19
46 17 13
508 507 -8
508 510 -19
17 896 -8
1118 668 13
1118 1116 13
1118 1120 -8
1118 1117 8
1118 230 -19
668 638 19
668 698 -8
668 669 -8
668 202 -19
1116 229 13
1116 1115 -8
1120 1119 28
1120 670 -28
1120 1122 -28
1120 232 28
1117 233 28
1117 671 -28
1117 1146 13
1117 1087 13
230 258 28
230 701 -13
230 201 19
230 231 -19
327 326 -19
327 329 -19
327 325 19
327 1214 -28
326 297 -13
326 1217 -19
326 355 8
329 1216 -19
325 797 -8
325 1212 -28
325 323 8
1214 1215 28
1214 771 -28
931 484 -8
931 932 13
931 55 19
931 901 -8
931 961 19
484 482 -8
484 486 -13
484 23 8
932 930 28
932 481 -28
932 52 28
932 934 -8
55 513 13
55 54 -8
55 53 13
55 57 19
901 902 -8
901 26 -13
961 962 -28
961 83 -8
961 514 -8
852 854 19
852 851 13
852 850 28
852 1296 19
854 1298 13
854 376 -8
854 853 13
851 377 19
851 1299 28
851 821 -19
850 848 -19
850 849 13
1296 1297 8
559 560 -28
560 558 -8
560 562 -19
298 770 13
298 297 -8
298 300 13
1156 1127 -8
1156 271 -13
1156 1157 -28
1185 738 8
1185 1183 -13
1185 1187 -8
1185 296 13
133 595 -13
133 132 28
133 135 8
133 131 -28
133 1012 28
595 1045 -8
595 625 28
595 596 -28
132 103 -13
132 598 13
132 1015 -8
132 161 13
135 597 19
135 1014 -13
135 137 -19
135 134 13
131 593 8
131 1010 -13
131 130 19
1012 983 -8
1012 1013 28
1012 566 -8
1012 1042 28
664 199 -28
664 1114 -28
664 665 -8
199 198 -19
199 197 -19
199 1081 28
1114 227 8
1114 1113 -19
1114 1112 -13
665 667 28
665 663 -13
665 1111 -13
665 196 8
377 375 -13
377 376 -28
377 379 -19
375 1264 13
375 849 28
375 373 13
376 347 -13
376 405 -8
379 853 19
379 1268 28
379 381 28
379 378 -28
97 562 -19
97 980 8
562 561 -13
562 1008 -8
562 564 28
980 982 -8
980 979 -28
1273 1272 -13
1273 1275 28
1273 1271 -13
1273 825 -8
1273 380 8
1272 383 19
1272 1242 -13
1272 828 -28
1275 1274 28
1275 382 -8
1275 1277 -19
1275 827 -13
1271 823 -8
1271 378 8
825 795 -28
825 352 -19
825 826 -8
380 858 28
380 381 13
380 351 28
77 76 -13
77 79 19
76 48 -8
76 105 28
79 81 28
79 78 8
79 957 28
79 539 -19
983 953 19
983 984 8
983 104 -13
953 923 19
984 982 -13
984 533 28
984 101 19
104 103 -28
104 102 19
104 106 -8
198 227 -8
198 171 -13
198 1084 28
198 667 13
227 228 -13
171 172 -13
171 142 -13
171 637 -8
1084 1083 13
1084 1082 -8
667 666 28
667 1113 -13
649 651 -8
649 1095 -28
649 648 -19
651 650 -8
651 1097 -13
651 182 28
651 653 -28
1095 1125 -28
1095 1096 19
1095 212 -28
648 183 8
648 678 -8
648 619 -13
648 1098 28
640 1090 8
640 670 -28
581 1031 28
581 119 -28
612 614 -19
612 610 28
612 145 19
817 818 13
817 787 8
817 344 -8
817 847 -8
818 1262 -8
818 820 -19
818 342 -28
787 1235 13
787 315 -28
787 758 19
787 788 19
344 1232 13
344 346 13
344 343 28
847 848 28
847 373 8
1236 1206 13
1236 348 -8
1236 792 -13
1236 1237 -19
1206 319 8
1206 1207 19
1206 763 28
1206 1177 -19
348 347 -13
348 350 -8
348 346 19
348 821 -13
792 791 13
792 790 8
792 316 -8
792 794 19
1237 789 8
1237 1239 28
1237 1235 -19
1237 345 19
1224 337 13
1224 1254 -28
1224 1225 -19
337 339 28
337 335 -19
337 809 -28
1254 1284 -8
1254 1255 28
1254 366 -28
1254 810 -8
1225 1223 8
1225 778 -19
1225 1227 -13
1225 334 -28
183 181 28
183 185 8
183 182 -13
181 1064 19
181 646 -13
185 650 8
185 1068 8
185 187 19
182 155 -8
182 211 -13
716 1165 -13
716 717 -19
716 686 -19
1165 276 8
1165 1164 -13
717 719 -28
717 715 13
686 656 8
686 220 19
686 1136 13
147 1031 8
147 614 -8
1031 1030 13
1031 1033 13
614 613 -28
614 616 8
1073 623 -8
1073 1075 19
1073 1072 -19
1073 186 19
1073 1071 -8
623 593 13
623 160 -13
623 652 -13
1075 188 19
1075 625 -8
1075 1074 13
1075 1076 19
1072 189 -13
1072 626 -28
1072 1042 -13
1072 1101 -13
186 655 28
186 159 -13
186 215 -28
186 187 19
1071 1070 13
1071 621 -13
719 1164 13
719 248 -13
719 718 -8
1164 1135 -28
1164 279 13
1164 1192 13
248 276 -13
248 1136 13
248 219 13
718 251 -8
718 748 -8
718 688 -28
1034 1004 -13
1034 1035 -13
1034 1064 -19
1034 154 19
1004 558 -19
1004 975 28
1035 1033 13
1035 585 -8
1035 1037 -13
1035 151 19
1064 618 28
1064 1093 19
154 156 -19
154 152 19
276 303 -8
276 277 13
1136 1135 19
1136 1138 -28
219 220 -28
219 1106 -13
219 190 -13
219 689 -8
730 700 13
730 760 19
730 261 19
730 1178 -19
730 731 -28
700 233 8
700 1149 8
700 701 -19
700 670 -19
760 789 13
760 761 -13
760 1207 19
760 289 13
261 260 19
261 263 13
261 259 8
261 1146 19
1178 1176 8
1178 1177 28
1178 1179 -19
731 729 19
731 733 -28
731 1175 13
731 258 -8
525 65 19
525 976 -28
525 526 28
525 495 -28
525 555 -8
65 67 28
65 63 -8
65 943 -13
65 64 -28
976 93 -19
976 974 -8
976 975 8
526 528 28
526 973 13
526 524 8
526 62 28
495 496 -8
495 465 13
495 946 -19
495 37 -19
555 556 13
555 585 13
555 94 19
806 808 19
806 804 8
806 1250 19
806 805 -8
806 330 8
808 332 19
808 1252 28
808 810 -13
808 807 13
804 803 19
1250 1280 13
1250 1220 -19
805 333 13
805 776 13
805 835 -19
805 1253 19
330 1221 -13
233 231 8
233 235 -19
233 232 19
231 1115 28
231 698 -19
235 1119 8
235 702 19
235 234 28
235 237 28
232 203 8
232 260 -28
232 703 -19
770 1217 -8
770 771 8
1217 1216 13
1217 1215 28
771 773 -28
771 769 -28
771 296 -13
333 335 -8
333 332 28
333 1220 13
335 334 28
335 1222 19
335 807 19
332 303 28
332 1223 13
1220 777 -28
1220 1221 8
873 1321 -13
873 843 13
873 399 28
873 874 13
1321 427 -8
1321 1320 19
843 844 -19
843 1291 13
843 813 -19
843 370 19
399 398 -8
399 1288 -28
399 397 28
874 876 28
874 872 28
874 1318 28
527 528 -13
527 67 -19
527 497 -19
528 64 28
528 975 -19
67 66 19
67 945 19
497 498 19
497 39 19
497 467 -8
497 948 -19
468 466 -28
468 915 -28
468 470 8
468 7 28
468 467 13
466 465 13
466 464 8
466 913 8
466 5 -8
915 39 8
915 885 -19
915 945 -28
915 916 28
470 472 19
470 917 -8
470 9 13
7 36 -19
7 8 -8
7 886 -8
467 437 -8
467 10 -28
467 918 -8
297 773 -8
297 1187 -13
773 772 19
773 1216 28
1187 1189 -19
1187 1186 28
876 1320 28
876 875 -28
876 398 -19
1320 1290 -28
875 845 -8
398 369 -19
398 427 19
398 1291 19
369 1261 -19
369 846 13
369 340 -13
369 370 -13
427 428 19
1291 1290 28
1291 1289 -13
566 568 -13
566 564 -8
566 101 19
1015 1014 -19
1015 1017 -8
1015 1013 8
772 742 -28
772 300 8
742 712 19
742 273 -28
742 1189 -13
300 302 -19
300 1186 8
300 299 28
304 776 8
304 303 -19
304 306 13
304 302 28
1191 1193 -28
1191 1189 -8
1191 744 19
383 857 28
383 381 -13
383 382 13
383 385 13
857 858 -19
857 827 8
382 353 28
382 860 28
382 411 -28
385 859 13
385 384 28
385 1274 -13
385 387 13
103 568 -28
568 1014 -8
568 570 -13
568 567 8
579 609 13
579 117 19
579 580 -13
579 549 -19
609 638 -28
609 146 19
609 610 28
117 997 -8
117 119 -19
117 116 -13
580 115 -28
580 1026 8
549 550 13
549 519 -28
549 88 13
685 215 28
685 1131 13
685 683 13
685 684 -19
215 244 -28
215 216 13
215 1102 -19
1131 1160 -8
1131 1101 -19
1131 1132 13
1131 247 -19
683 1129 19
683 681 28
683 682 19
684 654 28
684 218 -28
684 714 28
1176 287 19
1176 728 -19
1176 1174 -28
1176 1175 8
287 761 19
287 314 8
287 258 8
728 729 8
728 259 -19
728 698 -28
728 758 -13
1174 286 13
1174 1173 -8
1175 289 -19
1175 1204 28
1175 1146 8
824 822 -28
824 823 -8
824 347 28
824 826 -8
824 1268 -8
822 820 -28
822 345 8
822 821 13
823 793 28
823 350 28
823 853 28
347 318 19
347 1239 -19
826 349 -28
826 828 19
1268 1298 -8
1268 1238 -28
1279 1281 -13
1279 1277 -19
1279 831 8
1281 1280 -8
1281 388 -13
1281 1283 -19
1277 384 19
1277 1276 -28
1277 829 -8
318 794 -28
318 319 8
318 290 -19
318 1209 28
1239 791 -8
1239 1241 8
1239 1238 -19
172 170 -28
172 1052 19
635 633 19
635 1081 -13
635 637 8
635 169 -19
1242 1212 13
1242 354 -13
1242 1243 8
1212 769 -19
1212 1213 28
1212 1182 -28
354 353 -19
354 356 13
354 827 -13
354 352 28
1243 1245 -13
1243 1241 8
1243 795 28
1243 351 -28
722 255 8
722 723 -13
722 692 -13
722 1170 -28
722 752 28
255 254 8
255 253 13
255 256 28
723 725 -28
723 252 28
723 1168 28
692 226 8
692 1141 -13
692 662 -13
1170 282 8
1170 1172 8
1170 1169 -19
752 283 13
752 753 13
1245 797 13
1245 353 8
797 768 8
797 827 13
353 830 -8
737 736 28
737 1180 13
737 735 -19
737 264 19
736 267 -13
736 766 -13
736 1183 19
736 706 -13
1180 1181 28
1180 1152 -8
1180 1210 8
1180 295 19
735 262 13
735 734 8
735 733 -19
264 1153 8
264 292 13
264 265 -19
254 282 13
254 1141 -28
254 725 -19
282 755 -13
282 283 19
1141 1139 13
1141 1143 19
725 727 -13
725 724 -19
1030 150 13
1030 584 8
1033 149 -19
1033 1032 13
532 534 28
532 979 28
501 952 -8
501 471 19
501 43 -8
982 99 -19
982 981 8
561 100 19
561 591 28
561 1011 13
400 371 -28
400 1293 -28
371 848 -19
371 342 -8
371 1263 13
1293 1292 -13
534 981 -28
534 533 -28
981 102 -13
981 951 13
981 1010 -13
533 503 8
533 563 -19
1056 610 19
1056 1085 -13
1056 175 -19
1056 1026 13
1085 1115 19
1085 1086 -28
1085 202 -28
175 638 8
175 174 -8
1026 1027 -13
1026 146 28
1026 997 -28
776 1223 8
776 777 28
1223 1222 8
1223 1221 -13
777 779 28
203 1090 28
203 204 -8
203 673 -8
1090 1088 8
1090 1092 -19
204 670 -13
204 206 19
204 202 19
204 1087 8
673 675 -28
673 1119 13
673 671 28
673 672 -19
339 338 8
339 341 -19
339 811 19
338 814 -28
338 367 8
338 1229 -13
341 813 -13
341 340 8
341 1228 -8
811 841 -28
811 1259 13
811 812 -19
474 13 28
474 472 13
474 921 28
474 476 -19
474 473 28
13 42 -19
13 892 19
13 14 19
472 919 -28
472 471 -28
921 45 19
921 891 13
921 951 8
921 922 8
476 923 28
476 15 28
473 16 -28
473 443 13
473 924 -28
473 503 19
779 778 -8
779 303 -13
779 1222 19
778 306 -8
778 807 -28
778 748 8
303 1193 -28
1222 1192 -13
1222 1252 8
601 1051 -13
601 602 19
601 631 8
601 139 -8
601 571 -13
1051 167 -8
1051 1050 28
1051 1049 19
1051 1053 28
602 1048 28
602 136 -8
602 604 -19
602 600 13
631 168 28
631 660 -28
631 1080 -8
139 137 28
139 1018 19
139 138 19
139 141 28
571 1021 -8
571 572 19
571 110 -13
571 541 8
1298 1299 13
1298 408 -13
1299 1297 -19
1299 405 8
408 407 -13
1193 1192 -13
1193 1195 13
789 790 -13
789 317 13
790 314 13
790 1234 -19
790 788 -19
317 1204 28
317 319 28
317 316 8
317 315 -8
896 894 19
896 445 -28
16 15 -8
16 14 -19
16 891 -19
15 894 19
15 44 -28
14 471 13
14 12 8
14 889 -19
891 444 -13
891 892 13
1168 1169 13
1168 283 19
753 755 -19
753 751 -13
306 1192 -13
306 305 13
305 278 28
305 1195 13
305 334 -8
845 846 8
845 815 -13
846 1290 13
846 844 -28
815 816 -8
586 120 -28
586 584 -8
586 585 -8
586 1032 -19
120 91 -8
120 121 28
120 149 13
585 123 -8
585 615 8
1032 1062 19
1032 152 -13
1032 1002 8
91 556 13
91 974 13
91 62 -8
121 123 -8
121 119 -19
149 150 28
149 616 -8
900 449 -19
900 902 8
900 21 28
900 899 -8
897 927 28
897 450 -28
1198 1228 13
1198 755 -28
691 221 28
691 690 -28
691 689 -13
221 1108 -8
221 250 -13
221 222 28
221 192 19
690 660 -19
690 224 -19
690 1139 -19
690 720 -28
689 1135 19
689 688 28
100 99 28
100 102 19
100 979 -13
99 564 -13
102 563 -13
102 101 8
979 1008 -28
830 828 8
830 1274 -19
830 829 8
122 151 -8
122 93 -13
122 123 19
151 618 13
151 152 -19
93 558 19
93 94 19
93 64 13
123 1002 19
66 948 8
66 38 19
945 498 -28
945 946 8
945 975 8
168 166 -8
168 170 -13
168 167 8
168 1048 -8
166 629 -28
166 165 19
166 164 -28
166 1046 -8
170 1050 8
170 632 8
170 169 13
167 633 -19
167 194 -8
167 138 -13
1048 1049 -28
1048 1018 28
1186 1158 -28
1186 1216 -19
449 450 8
449 479 -13
450 452 -8
479 480 13
479 930 28
479 509 19
952 951 -13
951 504 -19
1262 1232 -19
1262 373 13
1262 1263 -8
1262 1292 13
1232 1233 8
1232 1202 -13
1232 788 28
1292 848 13
638 1088 8
1088 1086 19
1088 201 19
1088 1087 -8
174 145 28
174 201 28
145 146 8
145 116 28
201 671 8
201 202 19
412 411 -13
412 414 13
858 860 -19
987 988 19
987 957 -19
987 1016 19
987 108 8
539 509 28
539 569 13
539 990 13
1062 616 28
616 618 13
616 615 8
1002 556 -8
1002 973 -8
796 1240 28
796 320 13
796 795 -28
796 794 -19
1240 1241 8
1240 352 -19
1240 1210 8
320 1211 13
320 349 -13
320 321 -19
320 292 19
795 323 -19
795 766 13
794 793 -8
794 1238 28
480 927 -8
480 482 8
927 957 -19
927 51 19
927 928 28
482 21 13
482 929 8
482 481 -8
607 577 -19
607 636 13
607 608 -13
577 578 28
577 547 -13
636 666 28
636 637 -19
608 142 28
608 1054 -8
48 928 -13
48 510 -19
902 23 -19
902 451 -19
23 52 28
23 24 -28
451 452 -8
451 481 8
42 922 -19
42 504 8
42 43 19
922 471 28
922 924 -19
504 503 -28
43 45 -8
43 919 -19
1108 1106 -28
1108 658 13
1108 1110 -28
1108 1107 -13
1106 1104 -8
1106 656 13
1106 1105 8
658 688 13
658 629 -13
658 659 -8
658 193 19
1110 660 -13
1110 1112 -13
1110 1109 28
1110 223 19
1107 224 -19
1107 1077 19
1107 661 28
1304 1274 -19
1304 414 -19
1304 860 -28
414 413 -13
414 416 8
860 859 28
860 862 28
21 50 19
24 899 19
24 26 -28
24 481 -13
228 226 -8
228 1111 -13
724 1172 13
724 256 28
1143 1142 -13
155 622 13
155 156 -13
155 1039 -8
322 351 -13
322 323 -8
322 294 -28
322 1213 -19
351 352 -28
351 828 28
323 1210 8
323 321 -8
294 266 13
294 769 13
294 1183 19
294 295 13
1213 1211 28
1213 766 -19
1213 1215 28
267 266 -28
267 269 -8
267 265 28
267 1152 13
266 1155 19
266 238 -13
269 738 28
269 1154 -13
269 271 -19
265 734 28
265 1150 28
265 263 -19
1152 707 28
1152 1123 19
1152 1153 -19
25 54 8
25 26 19
25 486 -19
903 933 -19
903 456 -19
696 666 19
696 726 -19
1142 1113 -19
1142 1171 13
1157 1155 -19
1157 708 -13
1161 712 -28
1161 1160 -13
1161 272 -13
1158 273 13
1158 1129 19
388 866 -13
388 417 13
388 389 -19
1284 395 -19
1284 1314 28
1284 1285 -19
1284 840 28
395 869 -28
395 393 28
395 397 -8
1314 1315 -8
1314 870 8
1285 392 8
1285 837 -19
1285 1287 -13
1285 1283 -19
840 839 -13
840 842 -13
840 363 -28
840 838 -13
660 195 13
660 661 8
195 1077 -13
195 194 -13
195 193 -19
195 197 -13
661 192 -8
661 663 19
661 659 -19
849 1297 8
72 101 -28
72 44 19
343 1235 28
343 820 13
343 314 -19
821 791 -13
428 1318 -28
751 750 13
751 278 13
748 279 19
748 1195 -13
960 78 -28
960 509 -8
960 959 -28
960 962 -13
957 510 -8
1083 1054 -13
1083 1113 -13
1083 637 -13
1054 1024 19
446 445 19
446 444 -13
446 893 19
444 442 28
444 443 -13
893 894 19
893 923 -19
615 152 19
674 675 -28
674 704 13
674 1124 28
712 245 28
712 682 8
245 1129 8
245 244 -13
245 247 13
682 652 -19
682 216 28
682 1132 -13
1211 764 -28
1211 1210 -8
1211 1209 28
764 734 13
764 793 -8
764 293 -8
764 765 -13
1210 767 -19
1209 1208 -8
1209 1207 19
1209 762 -19
1024 578 -13
1024 1025 -8
1024 995 -8
578 576 13
578 113 8
1025 142 -8
1025 1023 -28
995 996 13
995 965 28
995 548 8
1011 1010 -19
1011 1013 -28
1008 1038 -19
224 223 28
224 222 -28
224 226 -28
223 252 28
223 194 -8
222 220 -8
222 688 -28
222 1105 -13
226 1109 -8
1135 1105 -28
1135 251 13
1105 659 -19
251 250 28
251 253 13
498 496 -8
498 36 19
496 494 28
496 34 -8
496 943 28
36 64 -8
36 37 28
36 916 13
1246 1276 8
1246 1216 -8
355 384 13
355 356 -28
1112 662 19
1112 1111 -28
39 37 -19
39 38 -13
37 35 19
37 913 13
38 9 19
38 918 8
869 870 28
869 839 8
870 392 28
870 872 28
870 868 28
839 809 -8
839 1287 8
839 366 28
273 271 28
273 272 19
272 244 -8
272 299 19
872 871 8
872 1316 -8
1287 1286 19
1287 1289 13
365 366 28
365 1257 28
365 842 -19
463 433 -8
463 464 -8
463 914 -8
463 493 -8
463 6 19
433 434 8
433 884 28
464 3 13
464 911 -13
914 34 -28
914 916 -28
914 913 -8
914 912 19
493 494 -8
493 35 -28
493 944 -8
6 8 -19
6 5 28
6 4 -8
6 881 -19
1290 1260 -13
1260 1261 -13
1260 1230 8
1260 816 -13
552 87 13
552 550 -19
87 116 8
87 59 28
87 88 19
87 970 -19
550 997 8
550 86 19
378 349 -13
378 407 -19
827 828 -19
81 83 -19
81 541 -19
81 959 8
78 50 13
78 107 -8
974 973 -13
974 972 -8
975 96 -13
820 1264 -13
346 345 -28
346 1234 19
964 513 28
964 82 13
964 963 8
964 966 19
964 962 -8
513 514 28
82 54 13
82 111 19
82 83 -28
963 516 13
963 85 28
963 993 8
963 933 19
966 84 19
966 515 28
966 965 8
962 511 -28
452 899 8
899 929 13
688 1138 -8
1215 768 19
250 278 19
250 1138 -8
278 279 -13
1138 1139 -8
732 733 13
732 702 19
732 263 19
732 762 -28
732 1179 13
733 260 -28
733 1177 19
702 1151 8
702 672 -19
702 703 -28
263 262 -19
263 1148 28
762 791 -28
762 763 19
762 291 8
1179 290 28
1179 1181 19
1111 1081 -19
503 45 -8
1252 1282 -13
1252 1253 19
1252 364 -19
810 809 -13
810 334 -28
810 812 28
807 837 -8
807 1255 -13
437 438 28
437 888 19
10 9 -8
10 8 -8
10 885 19
10 12 -8
918 917 -13
918 916 -13
45 44 -19
44 924 8
334 363 19
917 887 -13
9 888 8
888 886 8
888 890 -13
888 887 28
1264 1234 -28
279 277 8
930 929 -8
930 50 13
930 928 13
929 53 13
929 959 28
50 512 13
50 51 8
576 111 -19
576 574 -19
576 1022 -13
111 112 -8
111 140 -19
111 994 -8
574 572 -19
574 1020 -28
574 573 28
574 109 19
1022 1052 13
1022 993 28
1022 1023 -28
892 894 8
892 441 19
892 890 -28
654 1104 13
654 189 19
654 655 -28
654 625 8
218 220 28
218 216 -13
218 1101 13
218 217 -8
714 715 13
714 247 -28
714 744 -28
894 443 13
96 94 -19
94 973 28
656 627 19
656 191 19
656 657 13
628 626 -28
628 1074 -19
628 627 -13
628 161 -13
628 630 19
626 625 -8
626 159 -28
1074 1044 28
1074 191 -28
627 597 -8
627 1076 -13
627 164 8
161 188 -8
161 1045 -13
161 162 28
630 629 -28
630 163 -13
356 829 -19
766 767 13
766 295 13
1183 1182 -19
1183 1181 -13
706 1155 -19
706 707 28
706 239 -19
706 676 -13
1221 774 -19
738 768 8
738 708 -28
768 769 19
708 709 -13
708 678 -28
708 241 -13
563 593 8
563 1013 -28
563 564 -28
997 967 13
967 968 -28
967 520 19
967 937 28
967 88 -13
1139 252 28
923 924 -8
969 522 19
969 90 -8
969 970 19
1104 217 -8
1104 1102 -13
217 188 -28
1102 1100 -13
1102 652 8
1102 1101 28
791 319 19
319 321 13
936 935 13
936 485 -28
936 934 8
935 905 19
935 965 8
485 455 -8
485 486 28
485 515 8
934 54 19
934 933 -8
1228 1258 -28
1228 1229 -28
755 757 -8
720 750 19
720 1169 19
720 253 19
29 908 -8
29 58 -28
29 490 -19
29 0 -28
908 907 8
58 86 8
58 520 13
58 938 28
490 489 28
490 937 -8
490 492 28
0 460 13
0 878 19
290 262 -19
290 291 19
290 765 19
101 130 -28
1080 1082 -8
1080 194 -19
1080 1079 19
1080 1078 13
1155 1154 28
1155 1153 13
1154 1182 -13
1154 1125 -19
1154 709 -19
1153 1151 -28
1153 704 19
262 1151 13
262 234 13
1151 1150 8
1151 1149 8
234 705 -8
234 205 19
234 1122 8
988 990 -19
988 105 28
990 989 8
990 107 -8
990 992 13
105 570 8
105 134 -19
105 106 8
948 946 28
633 1079 19
633 632 19
1079 1050 8
1079 1109 19
1079 197 13
632 1082 -13
632 603 -28
632 662 19
1053 169 -28
1053 1052 28
1053 603 -28
194 663 19
138 109 28
138 1021 28
138 604 8
1050 604 -13
1050 1020 -13
169 140 19
169 196 28
744 774 8
1234 1235 19
1234 1204 -8
442 441 -8
442 889 13
442 440 -28
441 471 -13
889 919 28
889 890 -19
440 439 28
440 887 19
440 438 -19
1207 316 28
1207 1205 -13
763 761 -19
763 288 19
763 765 13
1177 1148 -19
1177 291 19
1077 1078 8
494 32 -28
494 492 -28
494 941 13
32 3 -19
32 912 19
492 30 8
492 491 13
941 971 19
941 942 -19
941 63 28
941 911 28
1109 663 8
302 774 -19
774 803 -13
35 911 19
35 34 -8
911 881 -13
911 912 13
34 5 13
34 62 -28
238 709 -28
238 209 -28
238 1126 -28
238 239 -8
933 486 19
933 57 -13
456 455 -19
456 458 28
943 973 -8
943 944 -19
943 913 -28
844 842 13
844 367 -28
844 1288 13
842 1286 13
842 841 8
367 368 19
367 1259 28
1288 1318 -28
1288 1289 -19
1288 1258 13
1129 1099 13
1160 715 13
1286 397 28
1286 1316 19
1286 1256 -13
397 871 -8
1256 1257 -19
1256 368 13
1256 812 19
510 512 -8
510 509 19
345 316 28
86 968 -13
86 115 -28
968 970 -19
420 418 8
420 1310 -13
420 419 -13
420 422 -19
418 417 13
418 416 -28
1310 866 28
1310 1280 28
419 1313 -13
419 390 13
422 1312 28
422 421 -28
971 524 -19
971 972 -8
524 522 8
972 521 19
972 89 13
972 970 28
769 767 -28
252 253 28
707 709 -8
707 705 -28
705 1150 19
705 704 -28
705 703 -8
140 141 -28
140 1023 -19
1052 1081 -13
604 603 -28
871 841 -19
841 1289 -13
841 368 -28
142 113 8
141 603 13
141 1020 19
465 8 -13
465 916 19
465 435 8
8 883 13
435 886 13
435 436 -8
89 90 19
556 558 8
761 759 13
761 1204 13
759 286 -8
759 758 28
1204 1205 28
30 1 8
30 59 -28
30 31 -8
912 461 -28
459 489 19
459 460 28
459 2 19
459 429 -28
62 63 28
62 944 19
1082 1081 13
1082 196 8
196 197 13
1044 598 28
1044 1014 13
1044 164 19
1044 1045 -28
598 597 -19
598 596 -13
598 600 19
164 163 28
164 162 -8
1045 1043 19
1045 1047 -13
240 211 13
240 1128 13
240 241 19
734 704 -28
734 1181 -28
704 237 28
1181 292 28
241 1125 -19
241 239 -8
1127 681 -13
1127 1097 -28
1127 1128 28
1233 342 8
1233 1235 -28
342 313 -13
431 432 -8
431 461 28
431 882 28
432 434 8
432 430 19
461 491 28
461 4 8
882 881 19
882 884 28
882 880 -28
882 3 -13
1132 244 -19
12 887 8
439 890 -19
545 85 -8
545 515 -19
545 996 -13
114 113 19
114 112 28
114 993 -19
522 520 13
522 59 8
522 521 28
520 519 13
59 940 8
59 60 -19
521 61 -13
521 491 -19
481 511 -13
52 514 -19
52 53 -8
113 996 8
113 84 13
996 994 13
84 85 8
84 548 -19
767 292 28
767 765 -28
292 293 28
765 1208 13
663 662 -8
597 567 19
597 1047 8
1076 190 -28
1076 1078 -28
197 662 19
629 599 13
629 1078 -28
163 1047 -28
163 134 8
163 190 -8
1189 299 13
1150 1121 -13
1121 675 -8
1121 1122 -13
1121 237 -8
1047 1049 28
1047 1046 8
134 600 28
134 1017 -8
190 659 28
190 191 28
313 1203 13
313 788 28
313 286 -13
1227 780 8
1227 1229 13
1020 1021 13
1241 793 -13
1241 349 -8
1238 350 8
1238 1208 -8
729 257 -28
729 1173 -13
258 259 -28
258 1147 -13
438 436 13
438 885 -13
1202 315 13
1202 1173 28
1202 1203 19
315 314 -8
1173 1144 -8
1203 1205 28
657 188 -19
657 655 -8
657 659 19
64 946 -13
489 31 8
489 940 -8
489 519 8
31 907 8
940 942 -19
940 938 -13
519 970 13
519 60 -28
793 321 -13
321 1208 13
625 162 -28
596 1042 -28
596 594 -13
596 130 8
1 2 -13
1 880 -19
363 1255 28
363 392 -13
363 364 -28
838 837 -28
838 1282 -8
838 361 28
349 350 13
1125 679 -28
1125 1126 -19
106 567 -19
106 108 -28
603 573 -19
885 886 -13
1261 813 -19
1261 1259 -19
813 814 -8
813 784 -28
1259 1257 -13
1259 1258 28
350 352 8
937 907 -8
937 938 -28
937 60 -28
88 90 -13
416 1306 -13
946 944 19
944 942 -8
511 53 -13
511 541 28
511 512 -8
53 51 -13
541 992 -28
512 959 8
512 514 -8
1315 421 -19
1315 1313 8
1315 867 8
5 884 -19
192 165 19
192 1078 13
192 193 -28
136 165 28
136 137 -19
136 1019 19
136 107 28
600 599 -19
600 1046 -28
1123 239 -19
1123 1093 8
1123 1124 -13
239 237 -8
1093 210 19
1124 1122 -8
1124 1126 -19
314 1205 -28
137 599 28
137 1016 -28
1018 572 8
1018 989 -8
1018 1019 13
316 288 -19
1313 865 19
1313 1312 13
390 868 -13
390 361 13
390 391 -13
390 1283 -8
189 188 -8
189 187 28
189 191 -19
655 1101 -8
655 653 -19
1312 868 19
1312 1282 -28
421 392 -28
517 547 -13
517 487 19
517 518 28
547 548 19
487 457 8
518 965 -28
518 516 -13
676 210 19
676 646 28
676 1126 -13
613 150 -8
209 210 -28
209 1096 19
209 679 8
1126 1128 8
1099 1100 -19
1099 216 8
1099 653 -19
1099 1070 -19
289 288 -13
289 291 13
288 260 -8
260 1149 13
866 868 13
866 864 -28
866 865 19
868 867 28
864 862 -28
864 863 28
865 835 28
865 391 19
51 509 -19
392 393 -19
837 867 -28
837 364 13
1283 835 -8
1283 1282 19
295 293 -8
675 205 -28
205 206 8
205 1092 28
162 160 8
162 1042 8
715 244 -19
1023 1021 19
1023 573 -19
434 881 -13
434 436 -8
884 883 -8
884 886 -13
61 63 -8
61 60 -28
491 942 -13
393 1282 8
393 867 -19
393 391 28
3 4 -8
591 621 19
621 650 -19
621 622 -19
4 2 -19
599 1049 -8
599 569 28
1149 1148 -28
1149 1147 28
165 1049 -8
681 679 -13
681 211 13
679 678 -8
211 212 -28
211 1098 28
1119 1148 -8
1148 703 -13
809 780 -19
809 1257 -13
366 368 -19
366 364 28
567 1017 8
368 370 8
1230 1231 -28
1230 786 -13
816 340 8
816 814 13
1147 1145 28
1147 698 -28
1147 1146 13
757 756 -19
757 284 8
650 1100 -13
1100 1098 8
191 193 19
672 206 -19
672 1122 13
703 701 -19
214 216 -19
214 212 13
214 1097 19
212 210 28
212 678 13
1097 1098 -13
1097 1068 13
109 110 8
109 992 -19
1021 1019 8
573 112 -13
859 829 -8
384 862 19
384 413 28
862 1306 -19
1280 391 -8
391 389 8
1019 1017 13
1019 569 -8
678 1128 -19
1205 758 13
814 812 28
814 1258 -13
784 1231 28
340 1231 -28
1231 1229 13
291 293 28
460 907 13
907 877 28
361 1253 19
883 436 13
883 913 -28
618 620 -28
620 622 8
620 619 13
257 1145 13
257 229 13
257 286 -28
593 1043 13
593 594 -13
1043 1042 19
1043 159 19
594 1040 -19
1096 646 -28
1096 1098 13
572 570 -13
572 107 28
570 1016 -13
570 569 -13
107 108 -28
1145 1144 -8
1144 259 19
1144 1115 28
1144 699 13
1070 1040 13
1070 187 28
622 1068 -13
750 780 13
160 159 28
160 1040 28
159 130 -28
1040 1010 -28
1046 1016 -19
430 877 19
430 429 28
457 458 -19
569 108 -19
112 110 8
993 994 -8
285 284 13
285 283 13
1276 1306 -8
1276 387 -19
387 389 -8
652 187 -13
652 653 8
756 726 8
726 727 -19
1255 1253 28
1255 1257 -13
1016 1017 19
130 1013 13
1171 1172 -13
1171 727 8
1172 284 -19
863 389 8
877 878 -28
877 2 -19
878 880 -8
959 989 8
514 516 -28
429 880 28
1258 370 19
989 110 -13
110 108 -13
587 1037 8
619 156 -28
1037 1039 -13
698 699 -19
516 515 8
516 54 -19
1010 564 13
992 994 -8
1115 669 19
699 701 28
699 229 -13
1146 701 -13
1038 1068 8
1038 1039 -28
670 671 -28
150 152 -13
515 57 19
85 83 19
671 669 28
905 458 19
