1249 1248 8
1249 357 -8
1249 1247 28
1249 1251 -19
1249 801 13
1248 360 -28
1248 1218 13
1248 1278 8
1248 804 -28
357 834 -8
357 386 19
357 328 8
357 358 -13
1247 1245 -8
1247 355 -8
1247 799 13
1247 1246 -13
1251 359 -28
1251 803 -19
1251 1253 -19
1251 1250 8
801 772 -13
801 802 -19
801 329 28
801 831 8
157 1041 -13
157 184 -19
157 624 -8
157 158 -13
157 128 13
1041 591 -19
1041 1040 19
1041 1043 -13
1041 1039 -13
184 213 13
184 185 -8
184 653 8
184 1071 -19
624 626 -19
624 623 -19
624 1070 13
624 622 28
158 160 28
158 621 19
158 156 19
158 1038 -13
128 129 28
128 594 13
128 1011 13
128 99 -28
741 268 -19
741 739 8
741 740 28
741 743 -28
741 1184 -13
268 269 -28
268 240 19
268 1157 -28
268 296 13
739 737 19
739 738 19
739 266 -13
739 1182 28
740 710 8
740 770 -13
740 1187 8
740 271 13
743 270 -19
743 745 8
743 1186 -28
743 742 8
1184 298 -13
1184 1156 13
1184 1214 8
1184 1185 8
447 448 28
447 477 -19
447 898 13
448 895 28
448 446 8
448 450 -13
477 20 -8
477 928 -19
477 507 8
477 478 -13
898 896 19
898 19 28
898 900 13
898 897 -8
401 402 28
401 372 8
401 1295 -19
402 404 19
402 1292 -8
372 850 8
372 343 13
372 1265 8
372 373 19
1295 1294 28
1295 1297 -28
1295 1293 28
1295 847 -19
404 406 19
404 1294 19
404 403 28
406 408 -8
406 1296 8
406 405 -8
1294 850 -19
1294 1264 -13
403 1297 28
403 374 8
535 505 28
535 986 -8
535 536 8
535 565 19
535 75 8
505 956 -13
505 475 -8
505 506 13
505 47 19
986 103 -28
986 988 -8
986 984 -28
986 985 28
536 538 19
536 983 -28
536 534 28
536 72 28
565 566 13
565 1015 28
565 595 28
565 104 13
75 77 28
75 73 -28
75 953 -19
75 74 8
1061 611 -8
1061 1059 -13
1061 1060 -13
1061 1063 -13
611 640 13
611 581 8
611 612 -8
611 148 -13
1059 174 -13
1059 1058 13
1059 1057 8
1059 609 -13
1060 178 -13
1060 614 13
1060 1030 13
1060 1089 -28
1063 1062 -13
1063 177 13
1063 1065 19
1063 613 8
173 144 -19
173 639 -8
173 1057 13
173 200 8
144 1027 -28
144 115 8
144 610 -19
639 638 28
639 1085 -28
639 641 19
1057 1056 -19
200 229 13
200 669 -19
200 1086 13
1300 856 -28
1300 410 28
1300 1270 -28
1300 1301 13
856 855 -8
856 858 19
856 378 -13
856 854 -13
410 408 -8
410 412 8
410 409 -8
1270 1240 28
1270 826 8
1270 1271 28
1270 381 19
1301 1303 -28
1301 1299 28
1301 407 -28
1301 853 28
27 488 19
27 906 28
27 56 19
27 28 19
488 487 -8
488 486 -13
488 935 -19
906 904 -13
906 455 19
906 905 -13
56 936 8
56 518 19
56 57 -19
56 84 28
28 903 8
28 485 -8
28 26 13
538 74 28
538 985 -28
538 537 13
538 540 8
74 956 13
74 46 8
985 955 -19
985 1014 -13
985 106 -13
537 77 -8
537 988 19
537 507 -8
537 567 8
540 987 -13
540 539 -19
540 76 -19
540 542 -13
499 41 19
499 950 -13
499 529 -28
499 500 8
499 469 -19
41 40 -19
41 39 -19
41 43 28
41 917 19
950 952 8
950 68 8
950 949 -13
950 948 -28
529 559 -8
529 980 -28
529 530 8
529 69 13
500 498 -19
500 947 8
500 38 8
500 502 8
469 470 -8
469 12 13
469 439 28
469 920 -28
1001 999 -8
1001 118 13
1001 1000 8
1001 1003 -13
1001 551 19
999 998 8
999 549 28
999 116 -13
118 147 -19
118 89 19
118 119 -28
118 584 -8
1000 971 -13
1000 554 -8
1000 1030 13
1000 121 -28
1003 553 19
1003 120 -28
1003 1002 28
1003 1005 -28
551 552 19
551 521 13
551 581 8
551 90 -13
1303 409 -28
1303 1302 13
1303 1305 -8
1303 855 19
409 380 -13
1302 412 28
1302 858 -19
1302 1272 8
1305 1304 -8
1305 1307 13
1305 857 -19
1305 411 19
855 381 -19
855 825 8
207 677 -13
207 236 13
207 208 8
207 1094 8
207 179 13
677 1123 28
677 675 -28
677 676 -8
677 679 13
236 707 -13
236 264 -19
236 1124 -28
236 237 28
208 674 -19
208 210 13
208 206 -13
208 1091 13
1094 644 -13
1094 1096 -19
1094 1092 -28
1094 1093 28
179 647 19
179 151 -19
179 1065 28
783 1226 -8
783 785 -28
783 782 13
783 781 -19
783 307 -8
1226 339 -13
1226 1196 -8
1226 1227 -13
1226 1256 19
785 309 -19
785 1228 -19
785 786 28
785 784 -28
782 310 -13
782 752 -19
782 811 -28
782 1229 -28
781 1224 -8
781 779 28
781 305 -19
781 780 13
307 308 -13
307 336 -8
307 280 19
307 1197 -28
605 634 19
605 575 13
605 1055 -19
605 143 19
605 606 19
634 664 19
634 172 13
634 635 -28
634 1084 -28
575 576 19
575 545 13
575 114 -28
575 1025 19
1055 1053 -13
1055 171 13
1055 1054 -13
143 142 28
143 141 -19
143 1022 -28
606 140 -8
606 1052 28
606 604 28
606 608 -19
1201 754 13
1201 1200 19
1201 1199 -28
1201 311 13
754 755 -13
754 784 28
754 724 19
754 285 28
1200 1171 8
1200 1230 -13
1200 757 19
1199 752 -13
1199 1197 -13
1199 1198 13
1199 309 19
311 340 13
311 786 8
311 312 -28
311 284 13
308 310 13
308 306 8
308 780 28
308 1194 13
336 365 19
336 337 8
336 812 -28
336 1227 -19
280 1169 19
280 252 19
280 281 -8
280 753 -19
1197 1196 28
1197 1195 -13
1197 750 -8
40 920 -28
40 11 8
40 502 8
40 68 -8
920 919 -28
920 922 19
920 918 28
11 12 -19
11 890 19
11 472 -19
502 504 -19
502 949 -8
502 501 -13
68 97 -13
68 69 19
68 532 13
20 18 8
20 895 -13
20 22 -28
20 19 13
18 16 -8
18 475 -19
18 893 -28
18 17 19
895 925 -19
895 896 -19
22 479 19
22 21 13
22 897 -13
22 24 -19
19 480 -8
19 48 -13
310 309 19
310 312 19
310 1196 13
309 282 -8
309 338 -13
312 1198 -13
312 784 19
1196 1168 -28
1196 753 -8
274 1163 -28
274 747 19
274 275 -28
274 246 19
274 301 13
1163 1165 -28
1163 1161 -8
1163 714 -19
1163 1162 -13
747 749 28
747 1190 -8
747 746 -28
747 745 13
275 273 -28
275 744 13
275 277 13
275 1160 13
246 1134 -19
246 717 -13
246 247 -13
246 217 -28
301 302 28
301 1191 -13
301 330 8
301 777 13
590 592 19
590 589 28
590 588 19
590 124 13
590 1036 28
592 126 13
592 591 -8
592 594 -13
592 1038 -8
589 127 -8
589 559 -8
589 619 13
589 1039 19
588 1034 -28
588 586 8
588 122 -8
588 587 8
124 1007 13
124 95 13
124 153 28
124 125 -13
1036 1037 -19
1036 1066 28
1036 1006 -28
1036 156 13
1007 1005 28
1007 1009 -28
1007 1006 19
1007 557 19
95 96 19
95 66 13
95 978 19
95 560 -8
153 620 -8
153 1037 -13
153 154 28
153 180 28
125 127 -13
125 123 -13
125 587 13
125 1004 -28
925 478 8
925 955 19
925 926 8
925 49 13
478 480 -19
478 476 -28
478 17 -13
955 956 8
955 77 8
955 508 -19
926 46 13
926 924 8
926 475 -28
926 928 -19
49 47 -8
49 507 -13
49 48 -19
49 51 -8
1166 1194 -28
1166 1167 -28
1166 1137 -28
1166 281 -28
1166 721 13
1194 1224 -8
1194 1195 -28
1194 751 28
1167 1165 28
1167 718 -19
1167 1169 8
1167 278 -13
1137 691 -28
1137 1138 28
1137 1107 13
1137 253 8
281 279 8
281 750 -8
281 283 -13
721 719 -8
721 250 -13
721 720 -28
721 723 -19
553 92 28
553 583 -28
553 554 28
553 523 -19
92 971 8
92 91 13
92 94 8
92 90 -13
583 613 -13
583 584 8
583 1033 -13
583 121 -28
554 552 -8
554 89 8
554 556 -13
523 524 -8
523 63 8
523 493 -13
523 974 13
695 697 -19
695 693 19
695 694 -13
695 225 13
695 1140 -28
697 696 19
697 1142 -8
697 227 19
693 691 -19
693 223 -28
693 692 19
694 664 19
694 228 -19
694 724 19
694 1143 13
225 254 28
225 226 -28
225 1112 -19
225 196 -19
1140 1141 28
1140 1111 28
1140 256 -28
834 833 -19
834 1278 28
834 832 -19
834 836 28
833 360 -28
833 803 13
833 863 -19
833 1281 -13
1278 1279 8
1278 1308 8
1278 389 8
832 831 8
832 1276 8
832 830 8
832 355 28
836 359 -8
836 835 -19
836 1280 13
836 838 19
127 126 -8
127 1006 28
127 129 -19
126 97 -8
126 155 -13
126 1009 -8
1006 977 -8
1006 560 8
129 591 -19
129 1008 -28
129 131 -13
386 1279 -13
386 415 -28
386 864 13
386 387 -19
328 329 -19
328 1219 -19
328 299 -8
328 804 28
358 360 13
358 831 8
358 356 8
358 1246 -13
423 394 13
423 424 28
423 1317 -13
394 872 28
394 1287 13
394 365 13
394 395 -28
424 426 -13
424 1314 -8
424 422 19
1317 869 13
1317 1316 -13
1317 1315 13
1317 1319 8
360 359 -19
360 362 19
359 388 13
359 330 19
362 835 -13
362 361 8
362 1250 -28
362 364 28
909 33 19
909 910 -28
909 939 13
909 462 -13
909 879 -28
33 35 -28
33 491 -19
33 32 19
33 31 -13
910 30 13
910 908 -19
910 912 19
910 459 13
939 969 -28
939 492 -28
939 61 8
939 940 -28
462 464 8
462 460 -19
462 461 -8
462 1 28
879 432 -19
879 880 -19
879 4 19
1267 374 19
1267 1266 -8
1267 1269 28
1267 819 -28
1267 1265 -28
374 852 -8
374 345 -19
374 375 -8
1266 377 28
1266 1236 28
1266 822 -28
1266 1296 13
1269 376 -28
1269 1271 -13
1269 1268 -13
1269 821 -8
819 789 28
819 820 13
819 346 -19
819 849 13
1265 817 -13
1265 1264 8
1265 1263 -8
71 69 19
71 73 -8
71 531 13
71 70 28
71 949 13
69 67 -8
69 947 -28
73 72 -19
73 533 8
73 951 -28
531 532 19
531 501 19
531 982 8
531 561 28
70 534 8
70 952 13
70 42 -19
70 99 -28
949 919 -8
949 979 13
977 98 -8
977 947 8
977 978 -13
977 530 13
98 559 28
98 97 13
98 100 8
98 96 28
947 917 -8
947 948 19
978 527 28
978 976 -19
978 980 -19
530 66 13
530 528 28
530 532 28
643 641 8
643 645 -13
643 1089 -19
643 642 -19
641 174 19
641 640 28
641 1087 13
645 644 -8
645 647 -8
645 1091 8
645 177 -28
1089 1119 -19
1089 1090 8
1089 206 -19
642 178 13
642 613 -8
642 1092 -13
642 672 -19
425 396 -13
425 1319 8
425 426 19
396 367 -13
396 1289 8
396 874 -13
396 397 -28
1319 871 -8
1319 1321 -8
1319 1318 -19
426 428 8
426 1316 28
749 1192 -13
749 751 19
749 276 -13
749 748 -19
1190 304 19
1190 1162 8
1190 1220 19
1190 1191 28
746 716 -8
746 776 -19
746 1193 8
746 277 19
745 272 19
745 1188 28
745 744 -19
453 483 28
453 904 -28
453 454 -13
483 513 8
483 484 8
483 26 -13
483 934 -8
904 902 -19
904 25 -19
904 903 19
454 452 8
454 901 -28
454 456 19
956 958 -19
956 954 -13
958 507 -8
958 76 -13
958 960 -8
958 957 19
954 952 -8
954 72 19
954 953 -28
954 503 -19
1218 331 8
1218 1219 13
1218 1188 -19
1218 775 28
331 333 -8
331 329 -13
331 803 -13
331 330 -19
1219 772 -13
1219 1217 8
1219 1221 8
1188 302 28
1188 1189 8
1188 1160 -13
775 773 -13
775 299 -19
775 777 13
775 774 8
178 176 13
178 177 19
176 1058 -13
176 175 28
176 640 8
177 205 -28
177 149 -19
710 243 -8
710 1159 28
710 711 19
710 680 -8
243 242 -8
243 245 -13
243 241 -28
243 1127 -8
1159 270 -8
1159 1157 -19
1159 1161 -8
1159 1158 8
711 713 -8
711 1156 -28
711 709 -19
711 240 -13
680 681 19
680 650 28
680 214 -19
680 1130 8
644 615 -28
644 674 -13
647 649 19
647 1093 19
647 646 28
1091 1062 -13
1091 1121 -28
1091 1092 -8
1067 1066 -19
1067 617 -28
1067 1065 -19
1067 1069 19
1067 180 -13
1066 183 8
1066 620 -28
1066 1095 -19
617 618 19
617 154 28
617 587 -8
617 646 -19
1065 615 13
1065 1064 19
1069 619 19
1069 1071 8
1069 182 -13
1069 1068 -8
180 649 13
180 209 -28
180 181 -28
1028 1058 -28
1028 582 13
1028 998 -19
1028 148 13
1028 1029 -28
1058 612 19
1058 1087 -8
582 580 8
582 116 13
582 581 13
582 584 19
998 552 28
998 119 -8
998 969 13
148 147 -13
148 146 19
148 150 -19
1029 579 8
1029 1031 19
1029 1027 -8
1029 145 19
242 1130 19
242 213 -28
242 713 -19
242 270 13
1130 1129 -19
1130 1132 -8
1130 1128 -19
213 214 -8
213 683 13
213 1100 28
713 712 -28
713 1158 28
713 715 -28
270 297 -19
270 271 -19
544 991 19
544 542 19
544 80 -19
544 546 -28
544 543 -13
991 1020 -19
991 992 -8
991 112 13
991 961 -28
542 989 -19
542 78 -19
542 541 -13
80 52 13
80 109 -13
80 81 -13
80 962 28
546 82 8
546 548 19
546 545 -19
546 993 -13
543 513 28
543 573 -19
543 83 19
543 994 8
475 476 -19
475 445 13
506 504 -13
506 953 -19
506 508 -13
506 44 19
47 46 8
47 45 -13
47 923 8
1005 122 -8
1005 1004 19
1005 555 -28
1009 559 -8
1009 1011 -8
1009 1008 13
557 527 8
557 96 -19
557 587 28
557 558 -28
1309 415 8
1309 1311 8
1309 861 8
1309 1307 -8
1309 1308 -28
415 416 19
1311 417 -8
1311 1310 13
1311 863 19
1311 1313 28
861 831 19
861 387 -28
861 862 19
1307 859 28
1307 413 19
1307 1306 13
1308 864 -8
1308 418 28
1133 1162 -19
1133 687 28
1133 1134 -19
1133 249 13
1133 1103 8
1162 277 8
1162 717 8
687 685 -19
687 686 -8
687 689 28
687 217 13
1134 684 8
1134 1136 -8
1134 1132 -8
249 716 8
249 248 -13
249 251 8
249 247 -8
1103 1104 -13
1103 220 -19
1103 1074 -28
1103 657 -8
800 799 8
800 1244 13
800 802 -28
800 324 -8
800 798 -28
799 327 -28
799 770 28
799 829 28
1244 1245 28
1244 1274 28
1244 1214 -19
1244 356 13
802 1246 -13
802 326 19
802 804 -13
324 353 -13
324 1215 -13
324 325 19
324 296 -28
798 1242 19
798 796 28
798 322 8
798 797 8
46 508 28
46 17 -19
508 507 -28
508 510 -13
17 896 13
1118 668 13
1118 1116 -13
1118 1120 -8
1118 1117 19
1118 230 8
668 638 13
668 698 -28
668 669 19
668 202 -13
1116 229 -19
1116 1115 8
1120 1119 8
1120 670 28
1120 1122 19
1120 232 -13
1117 233 13
1117 671 13
1117 1146 8
1117 1087 -8
230 258 28
230 701 -19
230 201 -13
230 231 8
327 326 19
327 329 28
327 325 -28
327 1214 8
326 297 -8
326 1217 -19
326 355 -8
329 1216 -13
325 797 -28
325 1212 19
325 323 -8
1214 1215 -8
1214 771 13
931 484 8
931 932 -8
931 55 -28
931 901 8
931 961 -8
484 482 8
484 486 19
484 23 -19
932 930 13
932 481 -13
932 52 28
932 934 -8
55 513 -13
55 54 19
55 53 19
55 57 -13
901 902 28
901 26 -28
961 962 -28
961 83 -19
961 514 13
852 854 -28
852 851 -13
852 850 -13
852 1296 19
854 1298 8
854 376 13
854 853 -28
851 377 19
851 1299 -19
851 821 -8
850 848 13
850 849 -13
1296 1297 -28
559 560 -19
560 558 28
560 562 28
298 770 8
298 297 8
298 300 -28
1156 1127 -8
1156 271 -13
1156 1157 -13
1185 738 -8
1185 1183 8
1185 1187 -19
1185 296 -8
133 595 -19
133 132 13
133 135 -13
133 131 28
133 1012 28
595 1045 -13
595 625 13
595 596 -8
132 103 -8
132 598 -13
132 1015 13
132 161 8
135 597 13
135 1014 -19
135 137 19
135 134 -13
131 593 19
131 1010 8
131 130 13
1012 983 -19
1012 1013 8
1012 566 -8
1012 1042 -8
664 199 -28
664 1114 -19
664 665 -8
199 198 -13
199 197 -19
199 1081 13
1114 227 28
1114 1113 13
1114 1112 -19
665 667 8
665 663 13
665 1111 13
665 196 -13
377 375 19
377 376 -13
377 379 13
375 1264 28
375 849 8
375 373 -8
376 347 -28
376 405 19
379 853 -8
379 1268 -19
379 381 -13
379 378 -28
97 562 -13
97 980 -13
562 561 -28
562 1008 -19
562 564 19
980 982 -8
980 979 8
1273 1272 -28
1273 1275 -19
1273 1271 13
1273 825 28
1273 380 19
1272 383 19
1272 1242 -8
1272 828 19
1275 1274 13
1275 382 19
1275 1277 8
1275 827 -13
1271 823 -8
1271 378 -8
825 795 -19
825 352 13
825 826 19
380 858 19
380 381 28
380 351 -8
77 76 19
77 79 -13
76 48 13
76 105 19
79 81 8
79 78 -13
79 957 19
79 539 -28
983 953 -19
983 984 28
983 104 -8
953 923 13
984 982 19
984 533 -19
984 101 13
104 103 13
104 102 -28
104 106 19
198 227 28
198 171 13
198 1084 13
198 667 -28
227 228 -13
171 172 19
171 142 28
171 637 13
1084 1083 28
1084 1082 -8
667 666 -13
667 1113 28
649 651 13
649 1095 13
649 648 13
651 650 -13
651 1097 28
651 182 -8
651 653 -13
1095 1125 19
1095 1096 -19
1095 212 -8
648 183 -13
648 678 13
648 619 28
648 1098 -8
640 1090 13
640 670 -13
581 1031 13
581 119 -19
612 614 8
612 610 28
612 145 28
817 818 -19
817 787 8
817 344 28
817 847 -13
818 1262 -19
818 820 13
818 342 13
787 1235 13
787 315 -8
787 758 28
787 788 19
344 1232 8
344 346 -8
344 343 13
847 848 -28
847 373 8
1236 1206 19
1236 348 13
1236 792 28
1236 1237 19
1206 319 13
1206 1207 28
1206 763 -19
1206 1177 28
348 347 -13
348 350 19
348 346 19
348 821 -19
792 791 -8
792 790 -28
792 316 -8
792 794 19
1237 789 8
1237 1239 8
1237 1235 28
1237 345 -8
1224 337 13
1224 1254 19
1224 1225 -28
337 339 13
337 335 8
337 809 8
1254 1284 13
1254 1255 19
1254 366 -13
1254 810 28
1225 1223 -28
1225 778 19
1225 1227 -13
1225 334 -8
183 181 8
183 185 8
183 182 19
181 1064 19
181 646 -19
185 650 8
185 1068 13
185 187 13
182 155 -13
182 211 13
716 1165 19
716 717 13
716 686 -28
1165 276 -8
1165 1164 -28
717 719 -13
717 715 -8
686 656 13
686 220 28
686 1136 -28
147 1031 19
147 614 28
1031 1030 8
1031 1033 -28
614 613 19
614 616 -13
1073 623 -13
1073 1075 28
1073 1072 -28
1073 186 13
1073 1071 -19
623 593 19
623 160 -19
623 652 -13
1075 188 28
1075 625 13
1075 1074 19
1075 1076 -13
1072 189 -28
1072 626 8
1072 1042 -28
1072 1101 -28
186 655 -8
186 159 8
186 215 -19
186 187 28
1071 1070 19
1071 621 19
719 1164 13
719 248 -19
719 718 -8
1164 1135 28
1164 279 -28
1164 1192 -19
248 276 28
248 1136 28
248 219 -8
718 251 8
718 748 -8
718 688 19
1034 1004 19
1034 1035 19
1034 1064 -19
1034 154 -13
1004 558 13
1004 975 -19
1035 1033 -8
1035 585 19
1035 1037 28
1035 151 19
1064 618 19
1064 1093 13
154 156 19
154 152 -13
276 303 19
276 277 -19
1136 1135 13
1136 1138 13
219 220 -28
219 1106 -19
219 190 -28
219 689 19
730 700 -28
730 760 19
730 261 -28
730 1178 8
730 731 -19
700 233 13
700 1149 -19
700 701 13
700 670 28
760 789 -8
760 761 -8
760 1207 28
760 289 -8
261 260 -13
261 263 -13
261 259 19
261 1146 -19
1178 1176 13
1178 1177 28
1178 1179 -19
731 729 28
731 733 8
731 1175 13
731 258 -13
525 65 19
525 976 19
525 526 -8
525 495 8
525 555 19
65 67 8
65 63 28
65 943 -8
65 64 -8
976 93 19
976 974 28
976 975 13
526 528 -8
526 973 -19
526 524 -13
526 62 28
495 496 -28
495 465 -28
495 946 -19
495 37 13
555 556 -28
555 585 13
555 94 -19
806 808 -19
806 804 -13
806 1250 -19
806 805 13
806 330 28
808 332 -13
808 1252 19
808 810 -19
808 807 19
804 803 28
1250 1280 8
1250 1220 -13
805 333 8
805 776 -8
805 835 19
805 1253 19
330 1221 -8
233 231 -19
233 235 -19
233 232 -19
231 1115 -19
231 698 -19
235 1119 -19
235 702 28
235 234 19
235 237 -28
232 203 -28
232 260 -19
232 703 19
770 1217 19
770 771 13
1217 1216 -28
1217 1215 28
771 773 28
771 769 13
771 296 -13
333 335 -13
333 332 28
333 1220 -19
335 334 -19
335 1222 19
335 807 -28
332 303 8
332 1223 -28
1220 777 8
1220 1221 -13
873 1321 -13
873 843 -8
873 399 8
873 874 -13
1321 427 -19
1321 1320 -28
843 844 8
843 1291 -28
843 813 -19
843 370 19
399 398 13
399 1288 -19
399 397 -13
874 876 -19
874 872 8
874 1318 -8
527 528 -8
527 67 28
527 497 8
528 64 13
528 975 28
67 66 28
67 945 19
497 498 28
497 39 28
497 467 28
497 948 8
468 466 -13
468 915 -13
468 470 -13
468 7 -28
468 467 -8
466 465 -28
466 464 8
466 913 13
466 5 -19
915 39 -19
915 885 19
915 945 -19
915 916 13
470 472 19
470 917 13
470 9 -28
7 36 -13
7 8 -19
7 886 -19
467 437 13
467 10 -28
467 918 28
297 773 -13
297 1187 -13
773 772 13
773 1216 -8
1187 1189 -8
1187 1186 8
876 1320 -8
876 875 -13
876 398 -19
1320 1290 8
875 845 -19
398 369 -28
398 427 28
398 1291 13
369 1261 28
369 846 19
369 340 19
369 370 13
427 428 -13
1291 1290 -13
1291 1289 -8
566 568 13
566 564 -8
566 101 -28
1015 1014 28
1015 1017 13
1015 1013 -8
772 742 19
772 300 -8
742 712 -13
742 273 -8
742 1189 -19
300 302 28
300 1186 -28
300 299 -19
304 776 -13
304 303 -13
304 306 -8
304 302 -19
1191 1193 19
1191 1189 8
1191 744 13
383 857 -28
383 381 13
383 382 -28
383 385 28
857 858 -13
857 827 8
382 353 28
382 860 8
382 411 -13
385 859 -28
385 384 13
385 1274 -13
385 387 19
103 568 13
568 1014 8
568 570 8
568 567 -13
579 609 8
579 117 -8
579 580 19
579 549 -19
609 638 -28
609 146 13
609 610 8
117 997 28
117 119 -13
117 116 -28
580 115 -13
580 1026 28
549 550 28
549 519 -8
549 88 28
685 215 -8
685 1131 -13
685 683 28
685 684 -13
215 244 -13
215 216 -8
215 1102 8
1131 1160 13
1131 1101 13
1131 1132 -28
1131 247 -19
683 1129 -13
683 681 8
683 682 -8
684 654 -13
684 218 -8
684 714 13
1176 287 8
1176 728 19
1176 1174 8
1176 1175 19
287 761 19
287 314 -8
287 258 13
728 729 28
728 259 -19
728 698 8
728 758 13
1174 286 -8
1174 1173 8
1175 289 19
1175 1204 -13
1175 1146 28
824 822 -28
824 823 13
824 347 -13
824 826 28
824 1268 -8
822 820 -8
822 345 28
822 821 8
823 793 28
823 350 -28
823 853 19
347 318 28
347 1239 13
826 349 -13
826 828 19
1268 1298 -19
1268 1238 -8
1279 1281 13
1279 1277 -8
1279 831 -13
1281 1280 13
1281 388 -13
1281 1283 -8
1277 384 -13
1277 1276 -28
1277 829 -13
318 794 13
318 319 -13
318 290 19
318 1209 -13
1239 791 -13
1239 1241 8
1239 1238 13
172 170 -28
172 1052 28
635 633 8
635 1081 19
635 637 13
635 169 28
1242 1212 -13
1242 354 8
1242 1243 -19
1212 769 28
1212 1213 -8
1212 1182 -8
354 353 19
354 356 -8
354 827 13
354 352 -8
1243 1245 13
1243 1241 -13
1243 795 13
1243 351 -13
722 255 8
722 723 28
722 692 -28
722 1170 19
722 752 13
255 254 -8
255 253 -28
255 256 -13
723 725 -13
723 252 8
723 1168 -28
692 226 -19
692 1141 28
692 662 19
1170 282 8
1170 1172 13
1170 1169 -8
752 283 -28
752 753 19
1245 797 13
1245 353 -8
797 768 28
797 827 13
353 830 28
737 736 13
737 1180 8
737 735 -13
737 264 -13
736 267 8
736 766 19
736 1183 28
736 706 -8
1180 1181 -28
1180 1152 -19
1180 1210 -8
1180 295 -19
735 262 -19
735 734 -8
735 733 -8
264 1153 19
264 292 19
264 265 -13
254 282 28
254 1141 -13
254 725 -13
282 755 28
282 283 13
1141 1139 -28
1141 1143 -28
725 727 -19
725 724 19
1030 150 -8
1030 584 -28
1033 149 -19
1033 1032 -8
532 534 13
532 979 -8
501 952 -13
501 471 -13
501 43 -13
982 99 -28
982 981 28
561 100 8
561 591 -13
561 1011 19
400 371 8
400 1293 8
371 848 -28
371 342 19
371 1263 19
1293 1292 -19
534 981 19
534 533 -19
981 102 -8
981 951 -13
981 1010 13
533 503 8
533 563 -13
1056 610 8
1056 1085 13
1056 175 -28
1056 1026 -19
1085 1115 -19
1085 1086 13
1085 202 -19
175 638 19
175 174 19
1026 1027 -28
1026 146 8
1026 997 28
776 1223 -28
776 777 13
1223 1222 -28
1223 1221 13
777 779 13
203 1090 -28
203 204 28
203 673 -13
1090 1088 -19
1090 1092 28
204 670 -8
204 206 -8
204 202 -8
204 1087 -19
673 675 28
673 1119 -8
673 671 -8
673 672 -19
339 338 -19
339 341 13
339 811 -19
338 814 8
338 367 19
338 1229 -19
341 813 8
341 340 -13
341 1228 28
811 841 -28
811 1259 -8
811 812 -28
474 13 -19
474 472 19
474 921 -19
474 476 13
474 473 -8
13 42 8
13 892 13
13 14 -19
472 919 19
472 471 19
921 45 -19
921 891 -13
921 951 28
921 922 28
476 923 8
476 15 -19
473 16 28
473 443 -8
473 924 -19
473 503 -13
779 778 8
779 303 19
779 1222 19
778 306 -19
778 807 13
778 748 13
303 1193 28
1222 1192 -13
1222 1252 -13
601 1051 -19
601 602 19
601 631 13
601 139 28
601 571 -28
1051 167 8
1051 1050 -28
1051 1049 -19
1051 1053 19
602 1048 28
602 136 -8
602 604 -8
602 600 -8
631 168 8
631 660 8
631 1080 13
139 137 -13
139 1018 19
139 138 19
139 141 28
571 1021 28
571 572 8
571 110 -28
571 541 -19
1298 1299 8
1298 408 19
1299 1297 -13
1299 405 13
408 407 19
1193 1192 8
1193 1195 -8
789 790 -13
789 317 -13
790 314 28
790 1234 13
790 788 -8
317 1204 8
317 319 13
317 316 8
317 315 28
896 894 -28
896 445 -8
16 15 13
16 14 8
16 891 28
15 894 13
15 44 8
14 471 -19
14 12 19
14 889 -13
891 444 -13
891 892 19
1168 1169 8
1168 283 8
753 755 8
753 751 28
306 1192 13
306 305 28
305 278 19
305 1195 19
305 334 -13
845 846 -28
845 815 19
846 1290 -28
846 844 -28
815 816 -28
586 120 -13
586 584 -13
586 585 19
586 1032 -8
120 91 -13
120 121 19
120 149 -8
585 123 8
585 615 13
1032 1062 13
1032 152 8
1032 1002 19
91 556 13
91 974 19
91 62 8
121 123 19
121 119 -19
149 150 -28
149 616 19
900 449 -28
900 902 28
900 21 13
900 899 -8
897 927 -13
897 450 -19
1198 1228 -13
1198 755 8
691 221 19
691 690 19
691 689 19
221 1108 13
221 250 -28
221 222 19
221 192 -28
690 660 -13
690 224 8
690 1139 -19
690 720 -8
689 1135 13
689 688 19
100 99 -8
100 102 -19
100 979 28
99 564 -28
102 563 13
102 101 13
979 1008 13
830 828 19
830 1274 -19
830 829 13
122 151 -19
122 93 -19
122 123 28
151 618 -13
151 152 -28
93 558 8
93 94 28
93 64 13
123 1002 -19
66 948 -19
66 38 -8
945 498 8
945 946 8
945 975 13
168 166 13
168 170 -13
168 167 13
168 1048 28
166 629 -19
166 165 -19
166 164 8
166 1046 28
170 1050 28
170 632 -19
170 169 13
167 633 19
167 194 -13
167 138 -28
1048 1049 -28
1048 1018 19
1186 1158 13
1186 1216 -28
449 450 -19
449 479 19
450 452 -13
479 480 28
479 930 13
479 509 -28
952 951 19
951 504 8
1262 1232 8
1262 373 -28
1262 1263 -19
1262 1292 19
1232 1233 8
1232 1202 -28
1232 788 -13
1292 848 -28
638 1088 -19
1088 1086 28
1088 201 19
1088 1087 -19
174 145 -8
174 201 -8
145 146 -13
145 116 13
201 671 19
201 202 -8
412 411 19
412 414 -13
858 860 -8
987 988 8
987 957 19
987 1016 -13
987 108 -13
539 509 -13
539 569 19
539 990 19
1062 616 -8
616 618 -19
616 615 -8
1002 556 13
1002 973 13
796 1240 13
796 320 -13
796 795 8
796 794 8
1240 1241 28
1240 352 28
1240 1210 28
320 1211 -8
320 349 28
320 321 13
320 292 -13
795 323 19
795 766 19
794 793 19
794 1238 -28
480 927 28
480 482 8
927 957 -28
927 51 -8
927 928 -19
482 21 -19
482 929 -28
482 481 -8
607 577 28
607 636 -13
607 608 13
577 578 -28
577 547 -13
636 666 8
636 637 8
608 142 -28
608 1054 -8
48 928 19
48 510 8
902 23 28
902 451 13
23 52 19
23 24 8
451 452 -19
451 481 28
42 922 -13
42 504 -13
42 43 8
922 471 8
922 924 8
504 503 -28
43 45 28
43 919 13
1108 1106 28
1108 658 8
1108 1110 -19
1108 1107 19
1106 1104 -8
1106 656 -13
1106 1105 -19
658 688 28
658 629 -19
658 659 8
658 193 -13
1110 660 -28
1110 1112 -19
1110 1109 8
1110 223 -28
1107 224 8
1107 1077 8
1107 661 -19
1304 1274 -19
1304 414 -19
1304 860 19
414 413 13
414 416 8
860 859 28
860 862 8
21 50 -13
24 899 -19
24 26 -8
24 481 -28
228 226 19
228 1111 -8
724 1172 -13
724 256 -13
1143 1142 -19
155 622 -13
155 156 -8
155 1039 19
322 351 -28
322 323 -19
322 294 8
322 1213 -28
351 352 -8
351 828 -28
323 1210 -19
323 321 13
294 266 13
294 769 19
294 1183 8
294 295 13
1213 1211 -19
1213 766 28
1213 1215 -8
267 266 19
267 269 -13
267 265 -19
267 1152 28
266 1155 13
266 238 28
269 738 -19
269 1154 8
269 271 19
265 734 8
265 1150 19
265 263 13
1152 707 13
1152 1123 13
1152 1153 28
25 54 -28
25 26 -8
25 486 28
903 933 -28
903 456 -8
696 666 28
696 726 -19
1142 1113 28
1142 1171 -19
1157 1155 -13
1157 708 -8
1161 712 28
1161 1160 -13
1161 272 8
1158 273 13
1158 1129 28
388 866 13
388 417 28
388 389 19
1284 395 -28
1284 1314 28
1284 1285 -8
1284 840 13
395 869 -8
395 393 -8
395 397 13
1314 1315 -13
1314 870 19
1285 392 13
1285 837 8
1285 1287 8
1285 1283 19
840 839 -13
840 842 -8
840 363 19
840 838 13
660 195 -19
660 661 -19
195 1077 -8
195 194 -28
195 193 -8
195 197 19
661 192 -13
661 663 28
661 659 -8
849 1297 28
72 101 -19
72 44 19
343 1235 -8
343 820 8
343 314 8
821 791 28
428 1318 28
751 750 19
751 278 13
748 279 -8
748 1195 13
960 78 -8
960 509 -28
960 959 19
960 962 19
957 510 19
1083 1054 -13
1083 1113 -19
1083 637 28
1054 1024 -19
446 445 -28
446 444 28
446 893 -8
444 442 -13
444 443 -13
893 894 19
893 923 -19
615 152 -13
674 675 8
674 704 -19
674 1124 8
712 245 -19
712 682 19
245 1129 28
245 244 -13
245 247 19
682 652 28
682 216 28
682 1132 13
1211 764 -8
1211 1210 19
1211 1209 -19
764 734 -28
764 793 -28
764 293 -8
764 765 -8
1210 767 -28
1209 1208 28
1209 1207 19
1209 762 19
1024 578 -19
1024 1025 -8
1024 995 13
578 576 -19
578 113 -8
1025 142 -8
1025 1023 -28
995 996 19
995 965 28
995 548 19
1011 1010 -8
1011 1013 8
1008 1038 19
224 223 8
224 222 8
224 226 -13
223 252 19
223 194 8
222 220 -19
222 688 -8
222 1105 19
226 1109 8
1135 1105 8
1135 251 13
1105 659 -8
251 250 19
251 253 19
498 496 8
498 36 8
496 494 19
496 34 8
496 943 -8
36 64 -8
36 37 8
36 916 8
1246 1276 -13
1246 1216 13
355 384 13
355 356 -8
1112 662 19
1112 1111 -19
39 37 -8
39 38 -19
37 35 -13
37 913 -19
38 9 -8
38 918 8
869 870 19
869 839 -13
870 392 -19
870 872 -19
870 868 -19
839 809 13
839 1287 -19
839 366 8
273 271 19
273 272 13
272 244 19
272 299 -13
872 871 28
872 1316 13
1287 1286 -28
1287 1289 28
365 366 -13
365 1257 -8
365 842 19
463 433 -8
463 464 -19
463 914 19
463 493 -13
463 6 19
433 434 28
433 884 -13
464 3 8
464 911 13
914 34 -8
914 916 13
914 913 -19
914 912 -19
493 494 -28
493 35 19
493 944 -28
6 8 -19
6 5 -19
6 4 -13
6 881 -8
1290 1260 13
1260 1261 -8
1260 1230 28
1260 816 13
552 87 -28
552 550 -28
87 116 19
87 59 19
87 88 19
87 970 -8
550 997 -8
550 86 13
378 349 -19
378 407 13
827 828 28
81 83 -19
81 541 28
81 959 28
78 50 13
78 107 19
974 973 -13
974 972 -28
975 96 -13
820 1264 19
346 345 13
346 1234 -19
964 513 19
964 82 13
964 963 19
964 966 -28
964 962 -19
513 514 -19
82 54 13
82 111 19
82 83 13
963 516 -28
963 85 -8
963 993 -8
963 933 19
966 84 13
966 515 -8
966 965 -19
962 511 -13
452 899 8
899 929 13
688 1138 -19
1215 768 -8
250 278 13
250 1138 -19
278 279 -19
1138 1139 -8
732 733 -8
732 702 8
732 263 -13
732 762 -8
732 1179 -13
733 260 19
733 1177 -19
702 1151 8
702 672 8
702 703 -8
263 262 28
263 1148 13
762 791 8
762 763 -8
762 291 -28
1179 290 19
1179 1181 28
1111 1081 -28
503 45 8
1252 1282 28
1252 1253 28
1252 364 -19
810 809 -13
810 334 -19
810 812 8
807 837 19
807 1255 8
437 438 8
437 888 -8
10 9 19
10 8 13
10 885 19
10 12 8
918 917 13
918 916 -8
45 44 -13
44 924 19
334 363 -8
917 887 -28
9 888 -13
888 886 19
888 890 -28
888 887 -28
1264 1234 13
279 277 13
930 929 13
930 50 28
930 928 -28
929 53 19
929 959 -8
50 512 13
50 51 19
576 111 8
576 574 8
576 1022 -19
111 112 19
111 140 19
111 994 19
574 572 -8
574 1020 28
574 573 13
574 109 13
1022 1052 13
1022 993 19
1022 1023 -28
892 894 19
892 441 -8
892 890 28
654 1104 -19
654 189 19
654 655 19
654 625 28
218 220 13
218 216 -28
218 1101 -8
218 217 -19
714 715 8
714 247 -28
714 744 -28
894 443 8
96 94 28
94 973 28
656 627 8
656 191 -19
656 657 28
628 626 -19
628 1074 -28
628 627 19
628 161 -28
628 630 28
626 625 -19
626 159 -19
1074 1044 28
1074 191 8
627 597 28
627 1076 -13
627 164 13
161 188 -13
161 1045 28
161 162 -13
630 629 13
630 163 8
356 829 8
766 767 -19
766 295 -13
1183 1182 13
1183 1181 13
706 1155 -19
706 707 -19
706 239 -19
706 676 -19
1221 774 -13
738 768 8
738 708 13
768 769 8
708 709 -28
708 678 28
708 241 19
563 593 -8
563 1013 28
563 564 19
997 967 28
967 968 -28
967 520 -28
967 937 19
967 88 8
1139 252 13
923 924 -13
969 522 28
969 90 -13
969 970 19
1104 217 28
1104 1102 -13
217 188 28
1102 1100 -8
1102 652 -8
1102 1101 28
791 319 28
319 321 -8
936 935 8
936 485 -13
936 934 19
935 905 19
935 965 -8
485 455 -28
485 486 -19
485 515 -8
934 54 8
934 933 -19
1228 1258 -8
1228 1229 19
755 757 19
720 750 -28
720 1169 -8
720 253 28
29 908 13
29 58 19
29 490 -19
29 0 -8
908 907 19
58 86 -28
58 520 -19
58 938 13
490 489 -19
490 937 13
490 492 13
0 460 28
0 878 28
290 262 -28
290 291 8
290 765 -28
101 130 -19
1080 1082 -8
1080 194 8
1080 1079 28
1080 1078 13
1155 1154 28
1155 1153 -28
1154 1182 28
1154 1125 8
1154 709 19
1153 1151 13
1153 704 -19
262 1151 19
262 234 -13
1151 1150 -8
1151 1149 13
234 705 13
234 205 28
234 1122 -28
988 990 -19
988 105 -28
990 989 -19
990 107 -28
990 992 -19
105 570 28
105 134 13
105 106 13
948 946 -13
633 1079 19
633 632 -13
1079 1050 -28
1079 1109 28
1079 197 -19
632 1082 8
632 603 -13
632 662 -19
1053 169 28
1053 1052 -28
1053 603 13
194 663 -28
138 109 -8
138 1021 -8
138 604 8
1050 604 -8
1050 1020 -8
169 140 -28
169 196 -8
744 774 -28
1234 1235 -8
1234 1204 -8
442 441 28
442 889 -28
442 440 19
441 471 -13
889 919 8
889 890 13
440 439 -8
440 887 28
440 438 -13
1207 316 19
1207 1205 -8
763 761 8
763 288 19
763 765 -8
1177 1148 -13
1177 291 -19
1077 1078 -8
494 32 8
494 492 8
494 941 28
32 3 -13
32 912 13
492 30 19
492 491 19
941 971 19
941 942 -8
941 63 19
941 911 28
1109 663 -19
302 774 8
774 803 -13
35 911 -8
35 34 28
911 881 19
911 912 8
34 5 -13
34 62 28
238 709 -28
238 209 -28
238 1126 -8
238 239 8
933 486 -19
933 57 -28
456 455 19
456 458 -28
943 973 -19
943 944 8
943 913 -28
844 842 19
844 367 -8
844 1288 8
842 1286 28
842 841 19
367 368 -8
367 1259 -19
1288 1318 -8
1288 1289 8
1288 1258 19
1129 1099 -13
1160 715 8
1286 397 28
1286 1316 -8
1286 1256 -8
397 871 -8
1256 1257 19
1256 368 28
1256 812 19
510 512 28
510 509 -13
345 316 -8
86 968 28
86 115 8
968 970 -28
420 418 -13
420 1310 19
420 419 -13
420 422 28
418 417 13
418 416 -13
1310 866 13
1310 1280 -13
419 1313 -8
419 390 19
422 1312 -19
422 421 13
971 524 -8
971 972 -19
524 522 8
972 521 -28
972 89 8
972 970 19
769 767 13
252 253 -19
707 709 -13
707 705 8
705 1150 28
705 704 13
705 703 19
140 141 19
140 1023 -19
1052 1081 -8
604 603 -19
871 841 28
841 1289 8
841 368 13
142 113 28
141 603 28
141 1020 -28
465 8 -19
465 916 -28
465 435 28
8 883 19
435 886 -19
435 436 19
89 90 19
556 558 -8
761 759 -19
761 1204 -19
759 286 28
759 758 8
1204 1205 -28
30 1 8
30 59 -19
30 31 -19
912 461 19
459 489 -19
459 460 28
459 2 -19
459 429 -19
62 63 13
62 944 -19
1082 1081 -19
1082 196 13
196 197 28
1044 598 8
1044 1014 28
1044 164 19
1044 1045 -8
598 597 -28
598 596 -28
598 600 28
164 163 28
164 162 19
1045 1043 -28
1045 1047 19
240 211 19
240 1128 28
240 241 13
734 704 -19
734 1181 -8
704 237 28
1181 292 13
241 1125 8
241 239 -28
1127 681 -8
1127 1097 -13
1127 1128 -13
1233 342 -8
1233 1235 -13
342 313 19
431 432 8
431 461 -13
431 882 -13
432 434 -19
432 430 19
461 491 8
461 4 13
882 881 13
882 884 28
882 880 -13
882 3 8
1132 244 -13
12 887 -19
439 890 -8
545 85 -28
545 515 13
545 996 8
114 113 8
114 112 -13
114 993 13
522 520 28
522 59 13
522 521 28
520 519 -28
59 940 -28
59 60 19
521 61 -19
521 491 -28
481 511 8
52 514 -8
52 53 28
113 996 8
113 84 -28
996 994 19
84 85 -13
84 548 -8
767 292 28
767 765 13
292 293 -13
765 1208 -19
663 662 19
597 567 8
597 1047 28
1076 190 -8
1076 1078 -19
197 662 13
629 599 8
629 1078 28
163 1047 13
163 134 28
163 190 28
1189 299 19
1150 1121 -8
1121 675 13
1121 1122 13
1121 237 -28
1047 1049 -19
1047 1046 19
134 600 19
134 1017 8
190 659 28
190 191 13
313 1203 19
313 788 -28
313 286 -13
1227 780 -19
1227 1229 28
1020 1021 8
1241 793 -13
1241 349 -19
1238 350 13
1238 1208 28
729 257 28
729 1173 -28
258 259 -19
258 1147 13
438 436 -8
438 885 28
1202 315 -8
1202 1173 -13
1202 1203 8
315 314 -8
1173 1144 13
1203 1205 19
657 188 -28
657 655 -19
657 659 19
64 946 -19
489 31 13
489 940 -13
489 519 -13
31 907 8
940 942 -13
940 938 8
519 970 -13
519 60 -13
793 321 13
321 1208 -8
625 162 8
596 1042 19
596 594 8
596 130 13
1 2 -8
1 880 8
363 1255 -13
363 392 28
363 364 -19
838 837 -8
838 1282 -28
838 361 -28
349 350 8
1125 679 -13
1125 1126 -13
106 567 28
106 108 -28
603 573 8
885 886 -28
1261 813 13
1261 1259 8
813 814 13
813 784 28
1259 1257 -28
1259 1258 -19
350 352 13
937 907 -19
937 938 -13
937 60 28
88 90 28
416 1306 -8
946 944 -13
944 942 -13
511 53 28
511 541 -28
511 512 -13
53 51 8
541 992 28
512 959 13
512 514 -8
1315 421 -8
1315 1313 -19
1315 867 19
5 884 8
192 165 -28
192 1078 28
192 193 13
136 165 13
136 137 13
136 1019 28
136 107 -8
600 599 19
600 1046 -28
1123 239 -28
1123 1093 -28
1123 1124 -28
239 237 28
1093 210 -19
1124 1122 8
1124 1126 8
314 1205 28
137 599 8
137 1016 19
1018 572 -19
1018 989 -8
1018 1019 -28
316 288 8
1313 865 13
1313 1312 13
390 868 -8
390 361 -8
390 391 13
390 1283 28
189 188 19
189 187 -19
189 191 -19
655 1101 8
655 653 19
1312 868 -28
1312 1282 -8
421 392 -19
517 547 13
517 487 -28
517 518 19
547 548 19
487 457 -13
518 965 -28
518 516 -8
676 210 19
676 646 19
676 1126 19
613 150 -13
209 210 8
209 1096 -28
209 679 28
1126 1128 28
1099 1100 -19
1099 216 13
1099 653 -8
1099 1070 -13
289 288 28
289 291 13
288 260 19
260 1149 -13
866 868 -19
866 864 -13
866 865 28
868 867 8
864 862 19
864 863 -19
865 835 19
865 391 19
51 509 13
392 393 28
837 867 -19
837 364 28
1283 835 13
1283 1282 8
295 293 -8
675 205 19
205 206 -8
205 1092 13
162 160 13
162 1042 8
715 244 -28
1023 1021 -28
1023 573 -13
434 881 -19
434 436 13
884 883 -13
884 886 -13
61 63 19
61 60 -28
491 942 -13
393 1282 19
393 867 8
393 391 28
3 4 19
591 621 19
621 650 28
621 622 8
4 2 -19
599 1049 19
599 569 -8
1149 1148 28
1149 1147 28
165 1049 -13
681 679 8
681 211 -13
679 678 13
211 212 28
211 1098 -19
1119 1148 -13
1148 703 8
809 780 -8
809 1257 -8
366 368 28
366 364 8
567 1017 8
368 370 19
1230 1231 8
1230 786 28
816 340 -8
816 814 -19
1147 1145 8
1147 698 28
1147 1146 -19
757 756 28
757 284 28
650 1100 13
1100 1098 -28
191 193 19
672 206 19
672 1122 13
703 701 28
214 216 -19
214 212 28
214 1097 -13
212 210 -28
212 678 28
1097 1098 8
1097 1068 -28
109 110 -28
109 992 -8
1021 1019 -8
573 112 -13
859 829 8
384 862 19
384 413 28
862 1306 8
1280 391 13
391 389 8
1019 1017 -13
1019 569 28
678 1128 8
1205 758 -13
814 812 13
814 1258 -19
784 1231 19
340 1231 -28
1231 1229 28
291 293 -8
460 907 -28
907 877 -8
361 1253 -19
883 436 -19
883 913 -19
618 620 -19
620 622 8
620 619 19
257 1145 -13
257 229 -13
257 286 8
593 1043 -13
593 594 -13
1043 1042 -13
1043 159 -19
594 1040 8
1096 646 -19
1096 1098 -13
572 570 13
572 107 -13
570 1016 -13
570 569 19
107 108 19
1145 1144 28
1144 259 19
1144 1115 -19
1144 699 28
1070 1040 -13
1070 187 8
622 1068 -19
750 780 -19
160 159 13
160 1040 13
159 130 -13
1040 1010 -13
1046 1016 -8
430 877 8
430 429 19
457 458 13
569 108 19
112 110 8
993 994 13
285 284 13
285 283 13
1276 1306 -19
1276 387 19
387 389 13
652 187 13
652 653 28
756 726 8
726 727 28
1255 1253 -19
1255 1257 -13
1016 1017 28
130 1013 28
1171 1172 8
1171 727 19
1172 284 13
863 389 -19
877 878 -13
877 2 -19
878 880 -8
959 989 -8
514 516 -19
429 880 19
1258 370 -8
989 110 13
110 108 8
587 1037 8
619 156 -19
1037 1039 19
698 699 -19
516 515 28
516 54 19
1010 564 -13
992 994 19
1115 669 19
699 701 -8
699 229 28
1146 701 13
1038 1068 8
1038 1039 28
670 671 19
150 152 -13
515 57 -28
85 83 8
671 669 8
905 458 13
