1249 1248 -13
1249 357 -13
1249 1247 -8
1249 1251 -8
1249 801 -8
1248 360 -13
1248 1218 13
1248 1278 -28
1248 804 19
357 834 -19
357 386 8
357 328 -8
357 358 28
1247 1245 -19
1247 355 19
1247 799 -19
1247 1246 19
1251 359 -19
1251 803 -13
1251 1253 13
1251 1250 28
801 772 28
801 802 -13
801 329 -8
801 831 -8
157 1041 -13
157 184 19
157 624 8
157 158 13
157 128 -19
1041 591 28
1041 1040 -19
1041 1043 -28
1041 1039 -13
184 213 19
184 185 8
184 653 -19
184 1071 -19
624 626 13
624 623 -8
624 1070 19
624 622 28
158 160 19
158 621 8
158 156 -19
158 1038 28
128 129 -8
128 594 -13
128 1011 -19
128 99 19
741 268 28
741 739 19
741 740 28
741 743 8
741 1184 28
268 269 -13
268 240 28
268 1157 8
268 296 -19
739 737 28
739 738 -28
739 266 13
739 1182 19
740 710 -28
740 770 28
740 1187 -13
740 271 -28
743 270 -8
743 745 28
743 1186 -19
743 742 -28
1184 298 28
1184 1156 8
1184 1214 -8
1184 1185 19
447 448 -8
447 477 13
447 898 28
448 895 13
448 446 19
448 450 -19
477 20 -28
477 928 -28
477 507 8
477 478 13
898 896 -13
898 19 13
898 900 28
898 897 -28
401 402 -28
401 372 28
401 1295 -19
402 404 -13
402 1292 8
372 850 8
372 343 19
372 1265 8
372 373 -19
1295 1294 -13
1295 1297 13
1295 1293 13
1295 847 -13
404 406 -28
404 1294 -8
404 403 -13
406 408 28
406 1296 -8
406 405 -8
1294 850 -19
1294 1264 -13
403 1297 13
403 374 19
535 505 -19
535 986 -13
535 536 8
535 565 -13
535 75 8
505 956 -13
505 475 -28
505 506 -8
505 47 -19
986 103 13
986 988 8
986 984 8
986 985 -28
536 538 13
536 983 -19
536 534 -28
536 72 8
565 566 28
565 1015 -19
565 595 -19
565 104 13
75 77 8
75 73 19
75 953 8
75 74 28
1061 611 19
1061 1059 19
1061 1060 13
1061 1063 -19
611 640 13
611 581 -13
611 612 -8
611 148 28
1059 174 -13
1059 1058 -13
1059 1057 -8
1059 609 -19
1060 178 13
1060 614 13
1060 1030 -8
1060 1089 -13
1063 1062 -28
1063 177 -13
1063 1065 -19
1063 613 -8
173 144 8
173 639 8
173 1057 28
173 200 19
144 1027 -19
144 115 8
144 610 13
639 638 -19
639 1085 -28
639 641 -28
1057 1056 -28
200 229 13
200 669 -8
200 1086 -28
1300 856 -28
1300 410 8
1300 1270 28
1300 1301 -8
856 855 -13
856 858 8
856 378 13
856 854 -19
410 408 -19
410 412 13
410 409 -19
1270 1240 -28
1270 826 13
1270 1271 13
1270 381 -13
1301 1303 -13
1301 1299 19
1301 407 -28
1301 853 -28
27 488 -19
27 906 -13
27 56 8
27 28 13
488 487 28
488 486 28
488 935 -19
906 904 13
906 455 19
906 905 28
56 936 13
56 518 28
56 57 8
56 84 13
28 903 13
28 485 19
28 26 8
538 74 19
538 985 8
538 537 28
538 540 28
74 956 13
74 46 -28
985 955 28
985 1014 28
985 106 -13
537 77 13
537 988 -13
537 507 -19
537 567 8
540 987 13
540 539 13
540 76 13
540 542 8
499 41 -19
499 950 -8
499 529 -19
499 500 19
499 469 19
41 40 8
41 39 -28
41 43 -28
41 917 -8
950 952 -8
950 68 13
950 949 13
950 948 28
529 559 -28
529 980 -8
529 530 13
529 69 8
500 498 8
500 947 19
500 38 28
500 502 28
469 470 13
469 12 8
469 439 8
469 920 -19
1001 999 -13
1001 118 -19
1001 1000 13
1001 1003 8
1001 551 13
999 998 19
999 549 -28
999 116 -28
118 147 -8
118 89 13
118 119 28
118 584 13
1000 971 -13
1000 554 -28
1000 1030 -19
1000 121 -19
1003 553 -28
1003 120 19
1003 1002 -13
1003 1005 8
551 552 -8
551 521 -19
551 581 19
551 90 19
1303 409 -28
1303 1302 -19
1303 1305 28
1303 855 19
409 380 8
1302 412 -8
1302 858 -13
1302 1272 -28
1305 1304 13
1305 1307 -28
1305 857 28
1305 411 13
855 381 19
855 825 -28
207 677 19
207 236 19
207 208 28
207 1094 -28
207 179 28
677 1123 19
677 675 -8
677 676 -19
677 679 -19
236 707 19
236 264 28
236 1124 8
236 237 -13
208 674 8
208 210 13
208 206 19
208 1091 -8
1094 644 -8
1094 1096 -19
1094 1092 28
1094 1093 8
179 647 8
179 151 19
179 1065 -19
783 1226 -19
783 785 -28
783 782 -28
783 781 -19
783 307 -19
1226 339 -28
1226 1196 -19
1226 1227 -8
1226 1256 28
785 309 -19
785 1228 28
785 786 -28
785 784 13
782 310 8
782 752 28
782 811 -13
782 1229 19
781 1224 -8
781 779 -19
781 305 13
781 780 -13
307 308 -28
307 336 -19
307 280 -13
307 1197 -28
605 634 13
605 575 -19
605 1055 13
605 143 -19
605 606 -8
634 664 28
634 172 19
634 635 -19
634 1084 -13
575 576 8
575 545 8
575 114 -13
575 1025 -19
1055 1053 19
1055 171 -28
1055 1054 -8
143 142 28
143 141 -19
143 1022 28
606 140 -19
606 1052 -19
606 604 -8
606 608 -8
1201 754 28
1201 1200 19
1201 1199 -19
1201 311 -8
754 755 13
754 784 -19
754 724 13
754 285 19
1200 1171 13
1200 1230 13
1200 757 8
1199 752 -13
1199 1197 19
1199 1198 8
1199 309 -13
311 340 28
311 786 -19
311 312 28
311 284 -8
308 310 13
308 306 -8
308 780 13
308 1194 13
336 365 -8
336 337 28
336 812 -8
336 1227 -28
280 1169 19
280 252 13
280 281 -8
280 753 -13
1197 1196 -13
1197 1195 -13
1197 750 8
40 920 -8
40 11 19
40 502 8
40 68 13
920 919 19
920 922 13
920 918 -28
11 12 19
11 890 8
11 472 13
502 504 28
502 949 -13
502 501 -13
68 97 -28
68 69 28
68 532 -19
20 18 -28
20 895 28
20 22 13
20 19 -8
18 16 -19
18 475 8
18 893 -28
18 17 8
895 925 28
895 896 13
22 479 19
22 21 -19
22 897 19
22 24 -28
19 480 -28
19 48 28
310 309 8
310 312 -13
310 1196 -28
309 282 -13
309 338 13
312 1198 -13
312 784 -13
1196 1168 -28
1196 753 -13
274 1163 13
274 747 28
274 275 -8
274 246 -8
274 301 13
1163 1165 -19
1163 1161 -28
1163 714 19
1163 1162 -8
747 749 -19
747 1190 13
747 746 -8
747 745 13
275 273 13
275 744 28
275 277 8
275 1160 8
246 1134 -13
246 717 -28
246 247 19
246 217 -13
301 302 8
301 1191 -8
301 330 8
301 777 -28
590 592 -8
590 589 28
590 588 19
590 124 -28
590 1036 -8
592 126 -13
592 591 13
592 594 -13
592 1038 13
589 127 -13
589 559 13
589 619 -19
589 1039 28
588 1034 13
588 586 28
588 122 19
588 587 -8
124 1007 -28
124 95 -13
124 153 -8
124 125 8
1036 1037 28
1036 1066 28
1036 1006 8
1036 156 19
1007 1005 13
1007 1009 13
1007 1006 28
1007 557 28
95 96 -19
95 66 19
95 978 -19
95 560 13
153 620 -13
153 1037 13
153 154 8
153 180 8
125 127 13
125 123 28
125 587 19
125 1004 -19
925 478 8
925 955 -19
925 926 19
925 49 8
478 480 8
478 476 28
478 17 -13
955 956 8
955 77 -28
955 508 -19
926 46 -28
926 924 8
926 475 -8
926 928 -28
49 47 19
49 507 -8
49 48 -19
49 51 -13
1166 1194 -28
1166 1167 -19
1166 1137 -13
1166 281 -19
1166 721 8
1194 1224 19
1194 1195 -8
1194 751 8
1167 1165 8
1167 718 8
1167 1169 -28
1167 278 -28
1137 691 13
1137 1138 28
1137 1107 -8
1137 253 28
281 279 -13
281 750 -28
281 283 -13
721 719 13
721 250 -8
721 720 -19
721 723 -8
553 92 -8
553 583 -8
553 554 19
553 523 28
92 971 8
92 91 -19
92 94 -19
92 90 13
583 613 -13
583 584 8
583 1033 -13
583 121 -8
554 552 28
554 89 19
554 556 13
523 524 8
523 63 28
523 493 -8
523 974 -19
695 697 19
695 693 19
695 694 -8
695 225 13
695 1140 13
697 696 -8
697 1142 28
697 227 -13
693 691 -28
693 223 13
693 692 13
694 664 -8
694 228 -8
694 724 28
694 1143 -8
225 254 13
225 226 -28
225 1112 28
225 196 8
1140 1141 -19
1140 1111 8
1140 256 8
834 833 28
834 1278 28
834 832 13
834 836 -28
833 360 8
833 803 13
833 863 -19
833 1281 8
1278 1279 13
1278 1308 8
1278 389 13
832 831 -8
832 1276 28
832 830 28
832 355 8
836 359 13
836 835 -8
836 1280 -13
836 838 28
127 126 -28
127 1006 -8
127 129 28
126 97 8
126 155 13
126 1009 8
1006 977 13
1006 560 -13
129 591 -8
129 1008 13
129 131 -19
386 1279 13
386 415 13
386 864 -13
386 387 28
328 329 -19
328 1219 8
328 299 8
328 804 8
358 360 8
358 831 -28
358 356 13
358 1246 -19
423 394 8
423 424 13
423 1317 -19
394 872 19
394 1287 13
394 365 8
394 395 19
424 426 8
424 1314 19
424 422 -13
1317 869 -28
1317 1316 -8
1317 1315 -28
1317 1319 8
360 359 28
360 362 8
359 388 13
359 330 28
362 835 -8
362 361 -8
362 1250 -28
362 364 -19
909 33 -8
909 910 -8
909 939 -19
909 462 8
909 879 -28
33 35 19
33 491 -19
33 32 28
33 31 19
910 30 13
910 908 -28
910 912 -28
910 459 -19
939 969 -28
939 492 -19
939 61 -8
939 940 -28
462 464 -19
462 460 13
462 461 28
462 1 19
879 432 -8
879 880 8
879 4 -8
1267 374 19
1267 1266 -8
1267 1269 8
1267 819 -19
1267 1265 28
374 852 -19
374 345 28
374 375 -8
1266 377 -8
1266 1236 28
1266 822 -8
1266 1296 -13
1269 376 -13
1269 1271 28
1269 1268 8
1269 821 -28
819 789 -8
819 820 13
819 346 19
819 849 -13
1265 817 -8
1265 1264 28
1265 1263 -8
71 69 -28
71 73 8
71 531 -13
71 70 13
71 949 -8
69 67 13
69 947 28
73 72 -19
73 533 -8
73 951 28
531 532 28
531 501 -19
531 982 8
531 561 -13
70 534 19
70 952 13
70 42 13
70 99 8
949 919 -13
949 979 19
977 98 28
977 947 28
977 978 13
977 530 -8
98 559 -8
98 97 -13
98 100 -13
98 96 -13
947 917 13
947 948 8
978 527 28
978 976 19
978 980 28
530 66 13
530 528 8
530 532 -28
643 641 8
643 645 8
643 1089 -19
643 642 -13
641 174 -8
641 640 -13
641 1087 28
645 644 -8
645 647 13
645 1091 19
645 177 19
1089 1119 13
1089 1090 28
1089 206 13
642 178 8
642 613 28
642 1092 28
642 672 28
425 396 28
425 1319 28
425 426 28
396 367 -13
396 1289 -8
396 874 -8
396 397 -28
1319 871 13
1319 1321 28
1319 1318 28
426 428 -8
426 1316 -13
749 1192 28
749 751 19
749 276 28
749 748 8
1190 304 8
1190 1162 -8
1190 1220 -13
1190 1191 -8
746 716 -13
746 776 -13
746 1193 -13
746 277 13
745 272 19
745 1188 8
745 744 8
453 483 13
453 904 -19
453 454 19
483 513 -13
483 484 -13
483 26 -8
483 934 -28
904 902 19
904 25 -19
904 903 28
454 452 13
454 901 -8
454 456 -13
956 958 -28
956 954 -8
958 507 28
958 76 -13
958 960 19
958 957 8
954 952 28
954 72 -8
954 953 19
954 503 -8
1218 331 -8
1218 1219 -8
1218 1188 -19
1218 775 28
331 333 19
331 329 -13
331 803 -13
331 330 -8
1219 772 -19
1219 1217 -19
1219 1221 13
1188 302 -28
1188 1189 8
1188 1160 19
775 773 8
775 299 8
775 777 28
775 774 -8
178 176 -19
178 177 -8
176 1058 -28
176 175 -13
176 640 -8
177 205 28
177 149 8
710 243 19
710 1159 28
710 711 19
710 680 -13
243 242 8
243 245 13
243 241 -19
243 1127 28
1159 270 19
1159 1157 -8
1159 1161 19
1159 1158 28
711 713 -28
711 1156 -13
711 709 -19
711 240 -8
680 681 -8
680 650 19
680 214 28
680 1130 -28
644 615 -19
644 674 -13
647 649 -13
647 1093 -28
647 646 8
1091 1062 -8
1091 1121 -19
1091 1092 8
1067 1066 -28
1067 617 8
1067 1065 -8
1067 1069 8
1067 180 13
1066 183 -13
1066 620 -8
1066 1095 -8
617 618 -13
617 154 19
617 587 8
617 646 8
1065 615 13
1065 1064 13
1069 619 8
1069 1071 13
1069 182 19
1069 1068 19
180 649 13
180 209 -28
180 181 28
1028 1058 -19
1028 582 -13
1028 998 13
1028 148 -28
1028 1029 19
1058 612 -19
1058 1087 -19
582 580 28
582 116 -13
582 581 -28
582 584 13
998 552 -28
998 119 -19
998 969 19
148 147 19
148 146 8
148 150 -13
1029 579 -13
1029 1031 -28
1029 1027 -28
1029 145 28
242 1130 -28
242 213 13
242 713 -13
242 270 -8
1130 1129 -13
1130 1132 -8
1130 1128 19
213 214 13
213 683 -13
213 1100 -8
713 712 -19
713 1158 8
713 715 19
270 297 28
270 271 8
544 991 13
544 542 28
544 80 28
544 546 -13
544 543 13
991 1020 -28
991 992 -28
991 112 13
991 961 -19
542 989 19
542 78 -28
542 541 19
80 52 -8
80 109 -8
80 81 -19
80 962 -13
546 82 -19
546 548 -28
546 545 8
546 993 8
543 513 13
543 573 -8
543 83 28
543 994 13
475 476 8
475 445 -13
506 504 -19
506 953 -13
506 508 8
506 44 -8
47 46 -19
47 45 28
47 923 28
1005 122 28
1005 1004 -8
1005 555 -28
1009 559 -19
1009 1011 -28
1009 1008 13
557 527 19
557 96 -28
557 587 8
557 558 -13
1309 415 -8
1309 1311 28
1309 861 19
1309 1307 8
1309 1308 13
415 416 13
1311 417 13
1311 1310 -8
1311 863 8
1311 1313 8
861 831 -13
861 387 19
861 862 -19
1307 859 19
1307 413 13
1307 1306 -13
1308 864 13
1308 418 -19
1133 1162 13
1133 687 -13
1133 1134 19
1133 249 -8
1133 1103 -28
1162 277 -8
1162 717 13
687 685 -13
687 686 -13
687 689 19
687 217 -8
1134 684 28
1134 1136 -19
1134 1132 8
249 716 13
249 248 28
249 251 8
249 247 -13
1103 1104 -8
1103 220 -8
1103 1074 19
1103 657 -13
800 799 8
800 1244 -8
800 802 -19
800 324 8
800 798 -19
799 327 19
799 770 13
799 829 28
1244 1245 28
1244 1274 8
1244 1214 -28
1244 356 -8
802 1246 -8
802 326 -28
802 804 13
324 353 -8
324 1215 -28
324 325 13
324 296 -19
798 1242 -28
798 796 -19
798 322 -8
798 797 13
46 508 19
46 17 13
508 507 -19
508 510 19
17 896 28
1118 668 -8
1118 1116 -28
1118 1120 -19
1118 1117 13
1118 230 13
668 638 -28
668 698 -8
668 669 -19
668 202 13
1116 229 19
1116 1115 -19
1120 1119 -13
1120 670 -13
1120 1122 19
1120 232 -19
1117 233 13
1117 671 19
1117 1146 -19
1117 1087 -8
230 258 -13
230 701 13
230 201 -19
230 231 13
327 326 19
327 329 -13
327 325 -28
327 1214 13
326 297 13
326 1217 -13
326 355 28
329 1216 8
325 797 -8
325 1212 28
325 323 -8
1214 1215 13
1214 771 -19
931 484 -28
931 932 -13
931 55 13
931 901 -13
931 961 -19
484 482 8
484 486 -28
484 23 13
932 930 -19
932 481 -8
932 52 13
932 934 -8
55 513 -13
55 54 -19
55 53 8
55 57 28
901 902 19
901 26 28
961 962 -8
961 83 -8
961 514 8
852 854 13
852 851 28
852 850 19
852 1296 -28
854 1298 13
854 376 -19
854 853 -13
851 377 28
851 1299 -13
851 821 -8
850 848 8
850 849 -19
1296 1297 -19
559 560 -13
560 558 28
560 562 13
298 770 19
298 297 13
298 300 13
1156 1127 28
1156 271 8
1156 1157 13
1185 738 -19
1185 1183 13
1185 1187 8
1185 296 -19
133 595 28
133 132 13
133 135 -8
133 131 -8
133 1012 8
595 1045 -13
595 625 28
595 596 -28
132 103 -19
132 598 -19
132 1015 -8
132 161 13
135 597 -13
135 1014 13
135 137 -13
135 134 28
131 593 19
131 1010 8
131 130 -28
1012 983 -8
1012 1013 -13
1012 566 -19
1012 1042 8
664 199 -19
664 1114 28
664 665 28
199 198 28
199 197 -19
199 1081 28
1114 227 -19
1114 1113 8
1114 1112 -13
665 667 -8
665 663 -28
665 1111 19
665 196 8
377 375 -8
377 376 19
377 379 19
375 1264 -28
375 849 -13
375 373 -13
376 347 8
376 405 -8
379 853 8
379 1268 -13
379 381 28
379 378 -13
97 562 19
97 980 -19
562 561 19
562 1008 -8
562 564 -13
980 982 13
980 979 -28
1273 1272 8
1273 1275 -13
1273 1271 -19
1273 825 28
1273 380 28
1272 383 -19
1272 1242 -8
1272 828 -19
1275 1274 13
1275 382 -13
1275 1277 28
1275 827 -8
1271 823 -28
1271 378 13
825 795 13
825 352 -19
825 826 28
380 858 -28
380 381 -8
380 351 19
77 76 19
77 79 19
76 48 -19
76 105 19
79 81 -28
79 78 -28
79 957 -28
79 539 -28
983 953 -8
983 984 13
983 104 28
953 923 -8
984 982 -28
984 533 8
984 101 13
104 103 8
104 102 13
104 106 19
198 227 -28
198 171 8
198 1084 -19
198 667 -8
227 228 -8
171 172 28
171 142 28
171 637 -28
1084 1083 28
1084 1082 -8
667 666 28
667 1113 13
649 651 -8
649 1095 13
649 648 -19
651 650 -19
651 1097 -28
651 182 -13
651 653 -19
1095 1125 -13
1095 1096 8
1095 212 13
648 183 -8
648 678 8
648 619 -19
648 1098 28
640 1090 -28
640 670 13
581 1031 -8
581 119 -8
612 614 -28
612 610 8
612 145 -19
817 818 19
817 787 28
817 344 -13
817 847 13
818 1262 -19
818 820 -8
818 342 19
787 1235 8
787 315 -8
787 758 8
787 788 28
344 1232 -8
344 346 -13
344 343 -13
847 848 -28
847 373 28
1236 1206 28
1236 348 13
1236 792 -19
1236 1237 -13
1206 319 -28
1206 1207 19
1206 763 19
1206 1177 13
348 347 -8
348 350 -13
348 346 -19
348 821 19
792 791 13
792 790 13
792 316 -19
792 794 8
1237 789 13
1237 1239 13
1237 1235 13
1237 345 -8
1224 337 -19
1224 1254 -8
1224 1225 -28
337 339 -13
337 335 8
337 809 28
1254 1284 13
1254 1255 -28
1254 366 -19
1254 810 -19
1225 1223 -28
1225 778 -13
1225 1227 -13
1225 334 -13
183 181 -8
183 185 -28
183 182 -13
181 1064 -13
181 646 28
185 650 -19
185 1068 28
185 187 -8
182 155 -13
182 211 -19
716 1165 -28
716 717 8
716 686 13
1165 276 13
1165 1164 13
717 719 8
717 715 28
686 656 -13
686 220 19
686 1136 13
147 1031 -8
147 614 -28
1031 1030 -13
1031 1033 -19
614 613 19
614 616 19
1073 623 -28
1073 1075 -28
1073 1072 -13
1073 186 19
1073 1071 -13
623 593 8
623 160 -19
623 652 -13
1075 188 13
1075 625 13
1075 1074 19
1075 1076 13
1072 189 8
1072 626 19
1072 1042 -19
1072 1101 13
186 655 -19
186 159 13
186 215 -13
186 187 13
1071 1070 19
1071 621 -28
719 1164 -8
719 248 28
719 718 19
1164 1135 -13
1164 279 8
1164 1192 -8
248 276 28
248 1136 19
248 219 -13
718 251 13
718 748 -28
718 688 -19
1034 1004 8
1034 1035 13
1034 1064 -28
1034 154 -8
1004 558 -8
1004 975 -8
1035 1033 -19
1035 585 13
1035 1037 13
1035 151 -19
1064 618 -8
1064 1093 -19
154 156 28
154 152 8
276 303 -19
276 277 19
1136 1135 -8
1136 1138 28
219 220 8
219 1106 -19
219 190 13
219 689 19
730 700 -8
730 760 13
730 261 8
730 1178 28
730 731 -19
700 233 -13
700 1149 -28
700 701 -28
700 670 -19
760 789 19
760 761 19
760 1207 -28
760 289 -8
261 260 13
261 263 -28
261 259 -28
261 1146 13
1178 1176 19
1178 1177 13
1178 1179 13
731 729 -8
731 733 8
731 1175 13
731 258 8
525 65 -28
525 976 -8
525 526 -13
525 495 -8
525 555 -8
65 67 -13
65 63 -8
65 943 28
65 64 28
976 93 -8
976 974 -19
976 975 8
526 528 -28
526 973 19
526 524 8
526 62 28
495 496 -19
495 465 -28
495 946 8
495 37 -19
555 556 19
555 585 19
555 94 13
806 808 28
806 804 -19
806 1250 -19
806 805 -28
806 330 28
808 332 -19
808 1252 -13
808 810 -19
808 807 19
804 803 -28
1250 1280 13
1250 1220 8
805 333 28
805 776 8
805 835 8
805 1253 13
330 1221 8
233 231 -19
233 235 -8
233 232 -13
231 1115 8
231 698 -19
235 1119 13
235 702 28
235 234 28
235 237 -28
232 203 13
232 260 8
232 703 -13
770 1217 8
770 771 28
1217 1216 -8
1217 1215 13
771 773 8
771 769 -19
771 296 -28
333 335 -19
333 332 -8
333 1220 19
335 334 8
335 1222 19
335 807 8
332 303 13
332 1223 -28
1220 777 8
1220 1221 -28
873 1321 8
873 843 -13
873 399 -13
873 874 13
1321 427 -13
1321 1320 19
843 844 -13
843 1291 -28
843 813 -13
843 370 -8
399 398 8
399 1288 13
399 397 -28
874 876 19
874 872 -8
874 1318 -8
527 528 19
527 67 -8
527 497 13
528 64 19
528 975 -13
67 66 -13
67 945 -19
497 498 8
497 39 28
497 467 13
497 948 8
468 466 -19
468 915 28
468 470 -28
468 7 -19
468 467 -8
466 465 8
466 464 28
466 913 13
466 5 13
915 39 -8
915 885 28
915 945 -13
915 916 -13
470 472 -13
470 917 19
470 9 -8
7 36 19
7 8 13
7 886 8
467 437 -28
467 10 -13
467 918 28
297 773 -8
297 1187 -28
773 772 28
773 1216 -13
1187 1189 8
1187 1186 -28
876 1320 19
876 875 19
876 398 13
1320 1290 -28
875 845 -19
398 369 -19
398 427 8
398 1291 -8
369 1261 -19
369 846 8
369 340 -19
369 370 -13
427 428 -19
1291 1290 -28
1291 1289 19
566 568 19
566 564 28
566 101 13
1015 1014 -19
1015 1017 -13
1015 1013 8
772 742 13
772 300 -13
742 712 -19
742 273 8
742 1189 28
300 302 -28
300 1186 -13
300 299 19
304 776 -8
304 303 13
304 306 8
304 302 13
1191 1193 -13
1191 1189 28
1191 744 -8
383 857 19
383 381 28
383 382 28
383 385 -13
857 858 -13
857 827 -19
382 353 -8
382 860 -28
382 411 8
385 859 28
385 384 28
385 1274 -8
385 387 8
103 568 -13
568 1014 8
568 570 19
568 567 19
579 609 19
579 117 13
579 580 -19
579 549 13
609 638 -19
609 146 19
609 610 8
117 997 -13
117 119 13
117 116 8
580 115 -8
580 1026 -8
549 550 -28
549 519 -13
549 88 -28
685 215 28
685 1131 8
685 683 13
685 684 -28
215 244 -8
215 216 -28
215 1102 -8
1131 1160 8
1131 1101 28
1131 1132 -19
1131 247 -19
683 1129 -19
683 681 -28
683 682 13
684 654 -13
684 218 -13
684 714 8
1176 287 -8
1176 728 -28
1176 1174 28
1176 1175 -28
287 761 -28
287 314 8
287 258 -28
728 729 -8
728 259 -28
728 698 19
728 758 -8
1174 286 13
1174 1173 28
1175 289 19
1175 1204 13
1175 1146 -8
824 822 -8
824 823 -13
824 347 -19
824 826 -28
824 1268 28
822 820 -13
822 345 28
822 821 -28
823 793 -19
823 350 8
823 853 28
347 318 -28
347 1239 -28
826 349 28
826 828 13
1268 1298 -13
1268 1238 -8
1279 1281 8
1279 1277 13
1279 831 28
1281 1280 -19
1281 388 -28
1281 1283 28
1277 384 8
1277 1276 -28
1277 829 28
318 794 28
318 319 -13
318 290 19
318 1209 28
1239 791 -19
1239 1241 19
1239 1238 -8
172 170 -28
172 1052 -19
635 633 28
635 1081 8
635 637 13
635 169 -28
1242 1212 -28
1242 354 8
1242 1243 -19
1212 769 -28
1212 1213 13
1212 1182 19
354 353 -8
354 356 -19
354 827 -19
354 352 -8
1243 1245 13
1243 1241 -8
1243 795 28
1243 351 -19
722 255 -8
722 723 -28
722 692 13
722 1170 -28
722 752 13
255 254 -19
255 253 -28
255 256 -8
723 725 -19
723 252 19
723 1168 -19
692 226 -8
692 1141 19
692 662 -8
1170 282 -28
1170 1172 19
1170 1169 28
752 283 -19
752 753 -13
1245 797 8
1245 353 -28
797 768 13
797 827 -28
353 830 13
737 736 8
737 1180 28
737 735 13
737 264 28
736 267 8
736 766 -13
736 1183 -28
736 706 13
1180 1181 19
1180 1152 -13
1180 1210 13
1180 295 -19
735 262 19
735 734 -13
735 733 -19
264 1153 -19
264 292 28
264 265 28
254 282 13
254 1141 19
254 725 13
282 755 -19
282 283 -8
1141 1139 -13
1141 1143 -28
725 727 -19
725 724 13
1030 150 28
1030 584 -28
1033 149 -28
1033 1032 -8
532 534 -8
532 979 -28
501 952 19
501 471 -8
501 43 -19
982 99 28
982 981 19
561 100 19
561 591 13
561 1011 -13
400 371 8
400 1293 -28
371 848 -8
371 342 19
371 1263 -13
1293 1292 -13
534 981 -19
534 533 28
981 102 -8
981 951 -19
981 1010 -13
533 503 -19
533 563 -13
1056 610 -8
1056 1085 -13
1056 175 19
1056 1026 -8
1085 1115 28
1085 1086 -19
1085 202 13
175 638 -8
175 174 28
1026 1027 19
1026 146 13
1026 997 13
776 1223 19
776 777 -13
1223 1222 28
1223 1221 -13
777 779 28
203 1090 -28
203 204 -19
203 673 -8
1090 1088 8
1090 1092 13
204 670 -19
204 206 19
204 202 8
204 1087 28
673 675 -19
673 1119 -8
673 671 19
673 672 -8
339 338 8
339 341 28
339 811 28
338 814 13
338 367 -28
338 1229 -13
341 813 19
341 340 -8
341 1228 13
811 841 28
811 1259 28
811 812 -13
474 13 -13
474 472 -28
474 921 -8
474 476 -13
474 473 8
13 42 8
13 892 13
13 14 8
472 919 -13
472 471 -19
921 45 -13
921 891 8
921 951 13
921 922 8
476 923 13
476 15 13
473 16 8
473 443 -13
473 924 -28
473 503 13
779 778 28
779 303 -28
779 1222 -28
778 306 -19
778 807 -28
778 748 -8
303 1193 8
1222 1192 13
1222 1252 13
601 1051 -19
601 602 -19
601 631 19
601 139 19
601 571 19
1051 167 8
1051 1050 -8
1051 1049 -19
1051 1053 13
602 1048 -8
602 136 19
602 604 8
602 600 13
631 168 28
631 660 -13
631 1080 19
139 137 -19
139 1018 28
139 138 -19
139 141 8
571 1021 13
571 572 19
571 110 19
571 541 -19
1298 1299 8
1298 408 8
1299 1297 -8
1299 405 -19
408 407 13
1193 1192 -13
1193 1195 13
789 790 -19
789 317 -13
790 314 -8
790 1234 -19
790 788 13
317 1204 19
317 319 19
317 316 -8
317 315 13
896 894 -19
896 445 -19
16 15 28
16 14 -19
16 891 13
15 894 8
15 44 -13
14 471 -19
14 12 -19
14 889 -19
891 444 19
891 892 -28
1168 1169 -13
1168 283 28
753 755 -13
753 751 -28
306 1192 8
306 305 -13
305 278 -19
305 1195 28
305 334 13
845 846 28
845 815 28
846 1290 8
846 844 13
815 816 28
586 120 8
586 584 13
586 585 -13
586 1032 -8
120 91 28
120 121 -28
120 149 -8
585 123 -8
585 615 19
1032 1062 -19
1032 152 -19
1032 1002 8
91 556 13
91 974 -8
91 62 8
121 123 28
121 119 8
149 150 -13
149 616 8
900 449 -19
900 902 8
900 21 -28
900 899 13
897 927 -13
897 450 8
1198 1228 -13
1198 755 28
691 221 -28
691 690 19
691 689 -8
221 1108 8
221 250 19
221 222 13
221 192 8
690 660 13
690 224 13
690 1139 28
690 720 8
689 1135 28
689 688 -19
100 99 -28
100 102 28
100 979 19
99 564 8
102 563 -28
102 101 -13
979 1008 28
830 828 8
830 1274 28
830 829 28
122 151 -13
122 93 -28
122 123 -8
151 618 19
151 152 -8
93 558 8
93 94 28
93 64 13
123 1002 -8
66 948 8
66 38 28
945 498 -8
945 946 13
945 975 28
168 166 8
168 170 -13
168 167 13
168 1048 28
166 629 -13
166 165 -28
166 164 8
166 1046 -8
170 1050 19
170 632 -13
170 169 -28
167 633 -8
167 194 28
167 138 -8
1048 1049 -13
1048 1018 -8
1186 1158 -28
1186 1216 28
449 450 -28
449 479 13
450 452 19
479 480 -13
479 930 -19
479 509 -19
952 951 -8
951 504 -19
1262 1232 8
1262 373 13
1262 1263 8
1262 1292 8
1232 1233 28
1232 1202 13
1232 788 8
1292 848 19
638 1088 19
1088 1086 8
1088 201 28
1088 1087 -13
174 145 13
174 201 19
145 146 -28
145 116 19
201 671 19
201 202 19
412 411 28
412 414 13
858 860 19
987 988 -19
987 957 28
987 1016 -13
987 108 28
539 509 -19
539 569 19
539 990 13
1062 616 13
616 618 -8
616 615 28
1002 556 -19
1002 973 19
796 1240 -13
796 320 8
796 795 19
796 794 -19
1240 1241 28
1240 352 -28
1240 1210 13
320 1211 -28
320 349 13
320 321 -13
320 292 19
795 323 -13
795 766 19
794 793 8
794 1238 28
480 927 28
480 482 -28
927 957 -19
927 51 13
927 928 19
482 21 -28
482 929 -8
482 481 -8
607 577 -8
607 636 -28
607 608 13
577 578 -28
577 547 13
636 666 8
636 637 8
608 142 -19
608 1054 -28
48 928 8
48 510 8
902 23 8
902 451 -13
23 52 -13
23 24 -8
451 452 19
451 481 -13
42 922 -28
42 504 19
42 43 8
922 471 19
922 924 -13
504 503 -8
43 45 -13
43 919 19
1108 1106 -13
1108 658 13
1108 1110 13
1108 1107 -19
1106 1104 13
1106 656 -8
1106 1105 -28
658 688 13
658 629 19
658 659 -8
658 193 -8
1110 660 8
1110 1112 -8
1110 1109 19
1110 223 13
1107 224 -19
1107 1077 13
1107 661 13
1304 1274 -19
1304 414 8
1304 860 19
414 413 -13
414 416 -19
860 859 -28
860 862 -13
21 50 -8
24 899 -8
24 26 28
24 481 19
228 226 -8
228 1111 -28
724 1172 -8
724 256 8
1143 1142 -28
155 622 -13
155 156 19
155 1039 -8
322 351 -19
322 323 28
322 294 -28
322 1213 28
351 352 -8
351 828 -19
323 1210 28
323 321 -28
294 266 -28
294 769 28
294 1183 19
294 295 8
1213 1211 8
1213 766 28
1213 1215 -28
267 266 13
267 269 -8
267 265 13
267 1152 8
266 1155 28
266 238 -8
269 738 -8
269 1154 13
269 271 -13
265 734 -19
265 1150 -13
265 263 -8
1152 707 -13
1152 1123 -19
1152 1153 28
25 54 -8
25 26 -28
25 486 19
903 933 8
903 456 19
696 666 28
696 726 13
1142 1113 8
1142 1171 19
1157 1155 -28
1157 708 -8
1161 712 28
1161 1160 28
1161 272 -8
1158 273 13
1158 1129 13
388 866 13
388 417 -28
388 389 -19
1284 395 19
1284 1314 -13
1284 1285 -28
1284 840 -28
395 869 13
395 393 8
395 397 -13
1314 1315 -8
1314 870 -19
1285 392 19
1285 837 13
1285 1287 13
1285 1283 -19
840 839 -19
840 842 19
840 363 -19
840 838 19
660 195 13
660 661 -28
195 1077 -8
195 194 19
195 193 8
195 197 -28
661 192 -28
661 663 -28
661 659 -8
849 1297 28
72 101 -8
72 44 -8
343 1235 -19
343 820 -28
343 314 -19
821 791 -8
428 1318 -13
751 750 -28
751 278 -28
748 279 -13
748 1195 -19
960 78 -28
960 509 -28
960 959 19
960 962 8
957 510 8
1083 1054 -28
1083 1113 28
1083 637 -28
1054 1024 -8
446 445 -13
446 444 28
446 893 28
444 442 -13
444 443 8
893 894 28
893 923 28
615 152 28
674 675 -8
674 704 -28
674 1124 -8
712 245 -13
712 682 8
245 1129 -8
245 244 -13
245 247 -8
682 652 28
682 216 -19
682 1132 28
1211 764 -8
1211 1210 -19
1211 1209 -13
764 734 -8
764 793 28
764 293 -28
764 765 19
1210 767 -19
1209 1208 19
1209 1207 -8
1209 762 8
1024 578 28
1024 1025 13
1024 995 -19
578 576 28
578 113 8
1025 142 8
1025 1023 -28
995 996 19
995 965 28
995 548 13
1011 1010 19
1011 1013 -13
1008 1038 19
224 223 19
224 222 -13
224 226 -19
223 252 -8
223 194 -13
222 220 13
222 688 -19
222 1105 -8
226 1109 -19
1135 1105 19
1135 251 28
1105 659 13
251 250 8
251 253 19
498 496 19
498 36 8
496 494 13
496 34 -8
496 943 13
36 64 19
36 37 -13
36 916 -8
1246 1276 -13
1246 1216 -19
355 384 -8
355 356 -13
1112 662 -19
1112 1111 8
39 37 -13
39 38 28
37 35 -13
37 913 -19
38 9 8
38 918 -28
869 870 -19
869 839 -8
870 392 13
870 872 -13
870 868 -13
839 809 8
839 1287 8
839 366 19
273 271 28
273 272 -28
272 244 8
272 299 13
872 871 28
872 1316 -13
1287 1286 13
1287 1289 19
365 366 28
365 1257 -19
365 842 19
463 433 13
463 464 -13
463 914 -19
463 493 19
463 6 28
433 434 8
433 884 8
464 3 -28
464 911 -28
914 34 -13
914 916 -19
914 913 -13
914 912 -13
493 494 -8
493 35 8
493 944 -8
6 8 -19
6 5 13
6 4 28
6 881 -8
1290 1260 13
1260 1261 -19
1260 1230 -8
1260 816 -13
552 87 19
552 550 19
87 116 19
87 59 19
87 88 13
87 970 -19
550 997 8
550 86 -13
378 349 -28
378 407 -19
827 828 8
81 83 -8
81 541 -13
81 959 19
78 50 28
78 107 -13
974 973 -8
974 972 -28
975 96 8
820 1264 -8
346 345 13
346 1234 -13
964 513 8
964 82 28
964 963 28
964 966 13
964 962 13
513 514 -28
82 54 -13
82 111 -13
82 83 19
963 516 13
963 85 13
963 993 13
963 933 -19
966 84 28
966 515 -28
966 965 19
962 511 13
452 899 13
899 929 19
688 1138 -19
1215 768 28
250 278 19
250 1138 -13
278 279 -8
1138 1139 28
732 733 19
732 702 8
732 263 -8
732 762 -8
732 1179 -13
733 260 19
733 1177 19
702 1151 -19
702 672 -19
702 703 -8
263 262 -8
263 1148 -8
762 791 19
762 763 28
762 291 -28
1179 290 -8
1179 1181 -8
1111 1081 -8
503 45 13
1252 1282 -8
1252 1253 -28
1252 364 -13
810 809 -19
810 334 -13
810 812 -8
807 837 -13
807 1255 -19
437 438 13
437 888 -19
10 9 13
10 8 28
10 885 13
10 12 8
918 917 -28
918 916 -13
45 44 28
44 924 -19
334 363 28
917 887 -19
9 888 13
888 886 28
888 890 -13
888 887 13
1264 1234 13
279 277 13
930 929 19
930 50 28
930 928 -8
929 53 8
929 959 13
50 512 13
50 51 28
576 111 -8
576 574 28
576 1022 19
111 112 19
111 140 13
111 994 13
574 572 -8
574 1020 8
574 573 13
574 109 19
1022 1052 19
1022 993 -19
1022 1023 28
892 894 -19
892 441 -19
892 890 -13
654 1104 8
654 189 28
654 655 13
654 625 13
218 220 13
218 216 13
218 1101 28
218 217 -13
714 715 28
714 247 19
714 744 28
894 443 19
96 94 -8
94 973 13
656 627 28
656 191 8
656 657 28
628 626 13
628 1074 28
628 627 8
628 161 -8
628 630 -19
626 625 -13
626 159 19
1074 1044 13
1074 191 8
627 597 19
627 1076 -28
627 164 -19
161 188 8
161 1045 13
161 162 -13
630 629 -8
630 163 -28
356 829 8
766 767 -19
766 295 -13
1183 1182 -28
1183 1181 28
706 1155 13
706 707 -13
706 239 -28
706 676 -13
1221 774 -8
738 768 19
738 708 13
768 769 -8
708 709 -19
708 678 -19
708 241 8
563 593 -28
563 1013 28
563 564 -19
997 967 -13
967 968 -28
967 520 28
967 937 -28
967 88 19
1139 252 -8
923 924 -8
969 522 19
969 90 -19
969 970 8
1104 217 -8
1104 1102 8
217 188 13
1102 1100 -13
1102 652 8
1102 1101 -28
791 319 -19
319 321 28
936 935 28
936 485 19
936 934 13
935 905 13
935 965 -13
485 455 -8
485 486 -13
485 515 28
934 54 -19
934 933 -13
1228 1258 -19
1228 1229 13
755 757 28
720 750 8
720 1169 -19
720 253 13
29 908 -8
29 58 13
29 490 -19
29 0 -19
908 907 -28
58 86 -19
58 520 19
58 938 -8
490 489 -8
490 937 13
490 492 -8
0 460 -8
0 878 -13
290 262 8
290 291 -13
290 765 -8
101 130 28
1080 1082 28
1080 194 -19
1080 1079 13
1080 1078 -28
1155 1154 -28
1155 1153 19
1154 1182 19
1154 1125 8
1154 709 8
1153 1151 28
1153 704 -13
262 1151 19
262 234 19
1151 1150 -28
1151 1149 -8
234 705 -19
234 205 19
234 1122 -8
988 990 -19
988 105 -8
990 989 19
990 107 -28
990 992 13
105 570 -13
105 134 -19
105 106 -13
948 946 -13
633 1079 8
633 632 -8
1079 1050 -13
1079 1109 28
1079 197 -13
632 1082 -28
632 603 -8
632 662 -8
1053 169 -28
1053 1052 -8
1053 603 -8
194 663 19
138 109 -8
138 1021 19
138 604 13
1050 604 8
1050 1020 28
169 140 -8
169 196 13
744 774 13
1234 1235 -13
1234 1204 8
442 441 -8
442 889 -13
442 440 19
441 471 -8
889 919 -8
889 890 8
440 439 -19
440 887 -28
440 438 8
1207 316 -19
1207 1205 -8
763 761 19
763 288 19
763 765 -28
1177 1148 -19
1177 291 13
1077 1078 -8
494 32 8
494 492 8
494 941 8
32 3 19
32 912 -8
492 30 28
492 491 19
941 971 -28
941 942 -19
941 63 -28
941 911 -8
1109 663 -8
302 774 8
774 803 28
35 911 -13
35 34 -8
911 881 -28
911 912 -28
34 5 -8
34 62 -8
238 709 28
238 209 -13
238 1126 19
238 239 -8
933 486 -19
933 57 -13
456 455 28
456 458 19
943 973 -8
943 944 13
943 913 -13
844 842 19
844 367 8
844 1288 8
842 1286 -28
842 841 -19
367 368 19
367 1259 -8
1288 1318 8
1288 1289 8
1288 1258 -19
1129 1099 19
1160 715 -8
1286 397 -13
1286 1316 19
1286 1256 28
397 871 -13
1256 1257 13
1256 368 -19
1256 812 8
510 512 8
510 509 13
345 316 19
86 968 19
86 115 13
968 970 -8
420 418 -28
420 1310 13
420 419 -13
420 422 -28
418 417 19
418 416 -19
1310 866 -13
1310 1280 -13
419 1313 -19
419 390 -13
422 1312 8
422 421 -8
971 524 19
971 972 28
524 522 19
972 521 13
972 89 -8
972 970 19
769 767 28
252 253 8
707 709 -13
707 705 -28
705 1150 19
705 704 -8
705 703 13
140 141 -8
140 1023 13
1052 1081 13
604 603 -28
871 841 19
841 1289 -19
841 368 13
142 113 -13
141 603 8
141 1020 -8
465 8 -13
465 916 8
465 435 -28
8 883 -28
435 886 -13
435 436 19
89 90 19
556 558 13
761 759 -13
761 1204 19
759 286 -13
759 758 -8
1204 1205 8
30 1 -28
30 59 -28
30 31 19
912 461 13
459 489 13
459 460 -13
459 2 -28
459 429 13
62 63 -28
62 944 -28
1082 1081 -28
1082 196 -8
196 197 8
1044 598 -19
1044 1014 28
1044 164 13
1044 1045 -19
598 597 28
598 596 -8
598 600 -19
164 163 8
164 162 -13
1045 1043 -28
1045 1047 -19
240 211 19
240 1128 -13
240 241 28
734 704 19
734 1181 8
704 237 -19
1181 292 13
241 1125 -8
241 239 28
1127 681 -8
1127 1097 13
1127 1128 13
1233 342 13
1233 1235 8
342 313 8
431 432 28
431 461 8
431 882 8
432 434 28
432 430 -13
461 491 -8
461 4 19
882 881 13
882 884 -19
882 880 28
882 3 28
1132 244 19
12 887 28
439 890 19
545 85 -8
545 515 28
545 996 8
114 113 -13
114 112 19
114 993 -13
522 520 -13
522 59 8
522 521 13
520 519 28
59 940 19
59 60 19
521 61 -13
521 491 -8
481 511 19
52 514 -13
52 53 -28
113 996 13
113 84 28
996 994 -13
84 85 -8
84 548 8
767 292 -13
767 765 -28
292 293 28
765 1208 -8
663 662 -19
597 567 -19
597 1047 -19
1076 190 13
1076 1078 -8
197 662 13
629 599 13
629 1078 19
163 1047 -13
163 134 13
163 190 8
1189 299 28
1150 1121 -13
1121 675 -28
1121 1122 19
1121 237 -8
1047 1049 -28
1047 1046 -8
134 600 -13
134 1017 -8
190 659 -13
190 191 -28
313 1203 19
313 788 28
313 286 8
1227 780 -28
1227 1229 8
1020 1021 28
1241 793 -13
1241 349 28
1238 350 -28
1238 1208 8
729 257 -28
729 1173 -8
258 259 8
258 1147 -8
438 436 -19
438 885 19
1202 315 -8
1202 1173 28
1202 1203 8
315 314 8
1173 1144 13
1203 1205 -19
657 188 19
657 655 -28
657 659 19
64 946 -8
489 31 8
489 940 -8
489 519 28
31 907 -19
940 942 -28
940 938 8
519 970 -13
519 60 8
793 321 28
321 1208 13
625 162 13
596 1042 13
596 594 8
596 130 19
1 2 -13
1 880 19
363 1255 -13
363 392 28
363 364 13
838 837 13
838 1282 -28
838 361 -13
349 350 -13
1125 679 28
1125 1126 -13
106 567 19
106 108 13
603 573 -28
885 886 13
1261 813 8
1261 1259 -8
813 814 -13
813 784 28
1259 1257 28
1259 1258 19
350 352 8
937 907 -19
937 938 28
937 60 -28
88 90 -19
416 1306 19
946 944 19
944 942 13
511 53 -19
511 541 -19
511 512 -28
53 51 13
541 992 8
512 959 -19
512 514 -19
1315 421 28
1315 1313 28
1315 867 28
5 884 -28
192 165 -8
192 1078 -28
192 193 13
136 165 8
136 137 28
136 1019 -19
136 107 -8
600 599 28
600 1046 -8
1123 239 -8
1123 1093 -8
1123 1124 -19
239 237 -28
1093 210 -13
1124 1122 8
1124 1126 -28
314 1205 -13
137 599 28
137 1016 -28
1018 572 -28
1018 989 19
1018 1019 13
316 288 13
1313 865 13
1313 1312 8
390 868 -13
390 361 19
390 391 13
390 1283 -19
189 188 8
189 187 28
189 191 -13
655 1101 8
655 653 -28
1312 868 13
1312 1282 19
421 392 13
517 547 13
517 487 28
517 518 8
547 548 13
487 457 -28
518 965 13
518 516 13
676 210 -28
676 646 -19
676 1126 -28
613 150 28
209 210 13
209 1096 -13
209 679 -19
1126 1128 -28
1099 1100 8
1099 216 19
1099 653 19
1099 1070 -28
289 288 -8
289 291 19
288 260 13
260 1149 -19
866 868 -13
866 864 13
866 865 19
868 867 -8
864 862 13
864 863 19
865 835 13
865 391 -19
51 509 19
392 393 -13
837 867 -13
837 364 28
1283 835 -19
1283 1282 13
295 293 -8
675 205 -19
205 206 -28
205 1092 -13
162 160 -8
162 1042 28
715 244 -19
1023 1021 -19
1023 573 8
434 881 -13
434 436 -28
884 883 -13
884 886 19
61 63 -8
61 60 -8
491 942 28
393 1282 -8
393 867 -19
393 391 -28
3 4 -13
591 621 19
621 650 13
621 622 -13
4 2 -28
599 1049 19
599 569 -13
1149 1148 -19
1149 1147 19
165 1049 13
681 679 8
681 211 -8
679 678 -19
211 212 13
211 1098 -13
1119 1148 28
1148 703 -8
809 780 -13
809 1257 -13
366 368 -13
366 364 13
567 1017 -19
368 370 13
1230 1231 8
1230 786 -13
816 340 13
816 814 -19
1147 1145 19
1147 698 -28
1147 1146 28
757 756 13
757 284 -19
650 1100 28
1100 1098 13
191 193 19
672 206 -8
672 1122 -28
703 701 -8
214 216 -28
214 212 13
214 1097 -13
212 210 -28
212 678 -28
1097 1098 8
1097 1068 -13
109 110 -13
109 992 -28
1021 1019 -13
573 112 -8
859 829 -13
384 862 -13
384 413 -8
862 1306 -8
1280 391 -28
391 389 19
1019 1017 13
1019 569 28
678 1128 19
1205 758 8
814 812 -13
814 1258 -13
784 1231 28
340 1231 -13
1231 1229 19
291 293 28
460 907 -8
907 877 -19
361 1253 -19
883 436 28
883 913 -13
618 620 8
620 622 -28
620 619 -19
257 1145 -8
257 229 -13
257 286 13
593 1043 8
593 594 19
1043 1042 -8
1043 159 -13
594 1040 -28
1096 646 13
1096 1098 -13
572 570 8
572 107 13
570 1016 13
570 569 -13
107 108 -13
1145 1144 13
1144 259 13
1144 1115 -28
1144 699 -19
1070 1040 -8
1070 187 8
622 1068 -8
750 780 -19
160 159 28
160 1040 -28
159 130 -13
1040 1010 -13
1046 1016 8
430 877 -8
430 429 -13
457 458 8
569 108 -13
112 110 8
993 994 -13
285 284 13
285 283 28
1276 1306 19
1276 387 -8
387 389 -28
652 187 -19
652 653 28
756 726 -13
726 727 28
1255 1253 19
1255 1257 13
1016 1017 19
130 1013 -19
1171 1172 -8
1171 727 -28
1172 284 28
863 389 -19
877 878 19
877 2 13
878 880 -28
959 989 -13
514 516 8
429 880 -28
1258 370 -28
989 110 -28
110 108 -8
587 1037 -28
619 156 19
1037 1039 19
698 699 -28
516 515 8
516 54 19
1010 564 19
992 994 -28
1115 669 28
699 701 13
699 229 13
1146 701 -8
1038 1068 -19
1038 1039 28
670 671 -28
150 152 8
515 57 -28
85 83 8
671 669 28
905 458 -13
