1249 1248 8
1249 357 -28
1249 1247 13
1249 1251 19
1249 801 28
1248 360 28
1248 1218 -28
1248 1278 8
1248 804 -8
357 834 -28
357 386 -8
357 328 -8
357 358 19
1247 1245 -28
1247 355 19
1247 799 28
1247 1246 13
1251 359 28
1251 803 19
1251 1253 19
1251 1250 -19
801 772 28
801 802 13
801 329 -28
801 831 28
157 1041 -13
157 184 8
157 624 19
157 158 -28
157 128 8
1041 591 8
1041 1040 -8
1041 1043 19
1041 1039 -28
184 213 -19
184 185 28
184 653 -8
184 1071 -19
624 626 -8
624 623 28
624 1070 -28
624 622 19
158 160 -8
158 621 -28
158 156 28
158 1038 -28
128 129 -8
128 594 8
128 1011 -28
128 99 -8
741 268 -19
741 739 -28
741 740 -8
741 743 28
741 1184 8
268 269 28
268 240 19
268 1157 28
268 296 -13
739 737 -28
739 738 -28
739 266 -19
739 1182 -28
740 710 8
740 770 8
740 1187 13
740 271 28
743 270 19
743 745 28
743 1186 28
743 742 -28
1184 298 8
1184 1156 -19
1184 1214 13
1184 1185 -28
447 448 -28
447 477 19
447 898 8
448 895 -19
448 446 8
448 450 -28
477 20 -19
477 928 13
477 507 -8
477 478 -8
898 896 19
898 19 -19
898 900 -19
898 897 28
401 402 13
401 372 -28
401 1295 -13
402 404 -8
402 1292 19
372 850 -8
372 343 28
372 1265 -28
372 373 28
1295 1294 -8
1295 1297 8
1295 1293 28
1295 847 19
404 406 8
404 1294 13
404 403 -8
406 408 -13
406 1296 -13
406 405 28
1294 850 -19
1294 1264 8
403 1297 13
403 374 -19
535 505 13
535 986 -13
535 536 -13
535 565 13
535 75 19
505 956 13
505 475 -28
505 506 19
505 47 8
986 103 19
986 988 -19
986 984 -28
986 985 28
536 538 28
536 983 19
536 534 13
536 72 19
565 566 28
565 1015 -8
565 595 8
565 104 -28
75 77 8
75 73 13
75 953 28
75 74 8
1061 611 28
1061 1059 8
1061 1060 -8
1061 1063 8
611 640 19
611 581 19
611 612 -8
611 148 8
1059 174 -13
1059 1058 13
1059 1057 -8
1059 609 28
1060 178 19
1060 614 28
1060 1030 28
1060 1089 13
1063 1062 13
1063 177 -13
1063 1065 -19
1063 613 8
173 144 28
173 639 13
173 1057 8
173 200 19
144 1027 13
144 115 8
144 610 -19
639 638 -13
639 1085 19
639 641 -28
1057 1056 13
200 229 -28
200 669 -8
200 1086 19
1300 856 13
1300 410 -28
1300 1270 13
1300 1301 -28
856 855 28
856 858 -8
856 378 -28
856 854 13
410 408 -28
410 412 -28
410 409 28
1270 1240 13
1270 826 -8
1270 1271 -28
1270 381 -19
1301 1303 19
1301 1299 -19
1301 407 13
1301 853 -8
27 488 -28
27 906 -13
27 56 -28
27 28 28
488 487 8
488 486 -19
488 935 -19
906 904 13
906 455 -19
906 905 -28
56 936 -13
56 518 13
56 57 -28
56 84 -13
28 903 -8
28 485 13
28 26 -28
538 74 13
538 985 -8
538 537 -8
538 540 -13
74 956 -28
74 46 -28
985 955 28
985 1014 19
985 106 -19
537 77 19
537 988 -28
537 507 28
537 567 -8
540 987 13
540 539 -19
540 76 8
540 542 -8
499 41 -13
499 950 -8
499 529 -8
499 500 13
499 469 8
41 40 28
41 39 -19
41 43 -8
41 917 -13
950 952 -28
950 68 8
950 949 28
950 948 -13
529 559 -8
529 980 8
529 530 -28
529 69 -19
500 498 13
500 947 13
500 38 19
500 502 -8
469 470 -19
469 12 -8
469 439 -28
469 920 -13
1001 999 -8
1001 118 -13
1001 1000 19
1001 1003 19
1001 551 -13
999 998 -13
999 549 19
999 116 -13
118 147 13
118 89 -8
118 119 8
118 584 19
1000 971 13
1000 554 -8
1000 1030 13
1000 121 -28
1003 553 19
1003 120 28
1003 1002 13
1003 1005 28
551 552 28
551 521 -19
551 581 19
551 90 13
1303 409 -8
1303 1302 8
1303 1305 19
1303 855 13
409 380 -8
1302 412 13
1302 858 8
1302 1272 13
1305 1304 28
1305 1307 19
1305 857 8
1305 411 8
855 381 8
855 825 -28
207 677 8
207 236 -19
207 208 -13
207 1094 -19
207 179 13
677 1123 19
677 675 19
677 676 -28
677 679 8
236 707 -13
236 264 -13
236 1124 19
236 237 13
208 674 13
208 210 -13
208 206 13
208 1091 -13
1094 644 28
1094 1096 -19
1094 1092 -8
1094 1093 19
179 647 13
179 151 13
179 1065 28
783 1226 13
783 785 8
783 782 -8
783 781 -28
783 307 13
1226 339 8
1226 1196 19
1226 1227 -13
1226 1256 13
785 309 19
785 1228 19
785 786 19
785 784 13
782 310 19
782 752 -28
782 811 -28
782 1229 -28
781 1224 -8
781 779 19
781 305 8
781 780 -19
307 308 -8
307 336 13
307 280 -8
307 1197 -8
605 634 -13
605 575 -13
605 1055 -13
605 143 -19
605 606 19
634 664 13
634 172 -28
634 635 -13
634 1084 -8
575 576 -13
575 545 -8
575 114 8
575 1025 8
1055 1053 -8
1055 171 -28
1055 1054 -8
143 142 -19
143 141 8
143 1022 19
606 140 -13
606 1052 -19
606 604 13
606 608 -8
1201 754 -19
1201 1200 13
1201 1199 8
1201 311 -19
754 755 -19
754 784 8
754 724 19
754 285 -8
1200 1171 -13
1200 1230 -8
1200 757 28
1199 752 -28
1199 1197 13
1199 1198 19
1199 309 -8
311 340 19
311 786 13
311 312 8
311 284 8
308 310 28
308 306 -13
308 780 -13
308 1194 8
336 365 -28
336 337 -19
336 812 19
336 1227 19
280 1169 8
280 252 -8
280 281 -19
280 753 8
1197 1196 19
1197 1195 28
1197 750 -19
40 920 19
40 11 -8
40 502 -19
40 68 8
920 919 -28
920 922 -13
920 918 8
11 12 -28
11 890 -19
11 472 -8
502 504 13
502 949 28
502 501 8
68 97 -19
68 69 -19
68 532 13
20 18 -19
20 895 -8
20 22 -28
20 19 -19
18 16 13
18 475 19
18 893 13
18 17 -13
895 925 13
895 896 8
22 479 28
22 21 -19
22 897 19
22 24 -19
19 480 28
19 48 -8
310 309 13
310 312 -8
310 1196 -8
309 282 -19
309 338 -19
312 1198 28
312 784 13
1196 1168 8
1196 753 -19
274 1163 -8
274 747 13
274 275 -8
274 246 -28
274 301 -28
1163 1165 28
1163 1161 -19
1163 714 -28
1163 1162 13
747 749 8
747 1190 13
747 746 -19
747 745 8
275 273 19
275 744 -8
275 277 28
275 1160 8
246 1134 13
246 717 19
246 247 19
246 217 -28
301 302 -19
301 1191 13
301 330 13
301 777 -28
590 592 -28
590 589 -19
590 588 -13
590 124 28
590 1036 13
592 126 13
592 591 -13
592 594 -19
592 1038 -8
589 127 8
589 559 -28
589 619 8
589 1039 28
588 1034 13
588 586 -8
588 122 -19
588 587 13
124 1007 13
124 95 -8
124 153 8
124 125 8
1036 1037 13
1036 1066 19
1036 1006 28
1036 156 -28
1007 1005 8
1007 1009 -19
1007 1006 -13
1007 557 19
95 96 -8
95 66 19
95 978 28
95 560 -8
153 620 -8
153 1037 -8
153 154 -19
153 180 -13
125 127 -13
125 123 -13
125 587 -13
125 1004 13
925 478 -8
925 955 -19
925 926 -19
925 49 28
478 480 19
478 476 -28
478 17 -28
955 956 8
955 77 -13
955 508 -13
926 46 28
926 924 -28
926 475 -19
926 928 19
49 47 -28
49 507 -28
49 48 28
49 51 -28
1166 1194 -13
1166 1167 -13
1166 1137 19
1166 281 28
1166 721 -19
1194 1224 -28
1194 1195 28
1194 751 19
1167 1165 -13
1167 718 -28
1167 1169 28
1167 278 8
1137 691 28
1137 1138 28
1137 1107 -28
1137 253 28
281 279 -13
281 750 -8
281 283 13
721 719 -8
721 250 8
721 720 8
721 723 -19
553 92 8
553 583 -28
553 554 -8
553 523 13
92 971 -19
92 91 28
92 94 -13
92 90 -28
583 613 8
583 584 -19
583 1033 13
583 121 19
554 552 13
554 89 -28
554 556 -28
523 524 28
523 63 -19
523 493 28
523 974 8
695 697 -19
695 693 28
695 694 19
695 225 -13
695 1140 19
697 696 28
697 1142 -28
697 227 -13
693 691 -8
693 223 19
693 692 -13
694 664 -19
694 228 -19
694 724 -19
694 1143 -8
225 254 -19
225 226 19
225 1112 -28
225 196 -13
1140 1141 -8
1140 1111 19
1140 256 -13
834 833 8
834 1278 13
834 832 19
834 836 -8
833 360 -28
833 803 28
833 863 8
833 1281 19
1278 1279 -8
1278 1308 -19
1278 389 28
832 831 13
832 1276 28
832 830 -8
832 355 19
836 359 19
836 835 -8
836 1280 13
836 838 -13
127 126 -19
127 1006 8
127 129 -19
126 97 -19
126 155 -28
126 1009 19
1006 977 -19
1006 560 -8
129 591 19
129 1008 -19
129 131 8
386 1279 -28
386 415 13
386 864 -13
386 387 -28
328 329 19
328 1219 -13
328 299 28
328 804 13
358 360 28
358 831 -13
358 356 13
358 1246 8
423 394 -19
423 424 -13
423 1317 13
394 872 -13
394 1287 8
394 365 -8
394 395 -8
424 426 8
424 1314 28
424 422 -13
1317 869 -13
1317 1316 -8
1317 1315 19
1317 1319 13
360 359 -13
360 362 28
359 388 28
359 330 -28
362 835 8
362 361 13
362 1250 8
362 364 -28
909 33 19
909 910 -8
909 939 -8
909 462 -19
909 879 13
33 35 -13
33 491 13
33 32 -28
33 31 -13
910 30 19
910 908 -13
910 912 28
910 459 -8
939 969 19
939 492 13
939 61 -28
939 940 19
462 464 28
462 460 8
462 461 -19
462 1 -28
879 432 -13
879 880 28
879 4 -19
1267 374 28
1267 1266 19
1267 1269 -8
1267 819 19
1267 1265 13
374 852 -8
374 345 8
374 375 19
1266 377 28
1266 1236 -13
1266 822 19
1266 1296 -8
1269 376 8
1269 1271 -8
1269 1268 -28
1269 821 -13
819 789 -8
819 820 8
819 346 28
819 849 19
1265 817 8
1265 1264 28
1265 1263 -13
71 69 13
71 73 -19
71 531 -8
71 70 -28
71 949 -19
69 67 19
69 947 8
73 72 -28
73 533 -13
73 951 28
531 532 8
531 501 13
531 982 -19
531 561 13
70 534 -28
70 952 28
70 42 -8
70 99 -13
949 919 8
949 979 -19
977 98 -19
977 947 -28
977 978 -28
977 530 -19
98 559 28
98 97 8
98 100 -13
98 96 -28
947 917 -13
947 948 19
978 527 -8
978 976 -19
978 980 -8
530 66 19
530 528 -28
530 532 19
643 641 8
643 645 13
643 1089 28
643 642 8
641 174 -8
641 640 13
641 1087 28
645 644 -13
645 647 -8
645 1091 13
645 177 -8
1089 1119 -13
1089 1090 -19
1089 206 19
642 178 28
642 613 -13
642 1092 28
642 672 13
425 396 19
425 1319 -19
425 426 19
396 367 -13
396 1289 19
396 874 -13
396 397 19
1319 871 -13
1319 1321 8
1319 1318 -28
426 428 28
426 1316 19
749 1192 8
749 751 28
749 276 13
749 748 8
1190 304 -19
1190 1162 -8
1190 1220 19
1190 1191 28
746 716 19
746 776 28
746 1193 19
746 277 -8
745 272 -13
745 1188 -13
745 744 28
453 483 28
453 904 -19
453 454 -19
483 513 8
483 484 28
483 26 28
483 934 -13
904 902 -13
904 25 13
904 903 -28
454 452 -8
454 901 8
454 456 -28
956 958 -8
956 954 -8
958 507 -28
958 76 19
958 960 -19
958 957 -28
954 952 -8
954 72 -13
954 953 -19
954 503 -8
1218 331 13
1218 1219 13
1218 1188 8
1218 775 -19
331 333 -19
331 329 -13
331 803 -13
331 330 8
1219 772 13
1219 1217 -13
1219 1221 -28
1188 302 -19
1188 1189 -28
1188 1160 -8
775 773 -13
775 299 -8
775 777 -28
775 774 -28
178 176 -28
178 177 -19
176 1058 -28
176 175 8
176 640 19
177 205 -28
177 149 13
710 243 13
710 1159 -28
710 711 -19
710 680 13
243 242 -28
243 245 -19
243 241 -13
243 1127 8
1159 270 19
1159 1157 -8
1159 1161 -13
1159 1158 19
711 713 13
711 1156 8
711 709 8
711 240 -8
680 681 28
680 650 -28
680 214 13
680 1130 19
644 615 8
644 674 8
647 649 -19
647 1093 13
647 646 -28
1091 1062 -19
1091 1121 19
1091 1092 19
1067 1066 13
1067 617 8
1067 1065 28
1067 1069 28
1067 180 -13
1066 183 -28
1066 620 19
1066 1095 -28
617 618 28
617 154 -19
617 587 -13
617 646 -19
1065 615 13
1065 1064 -8
1069 619 28
1069 1071 19
1069 182 -28
1069 1068 28
180 649 -13
180 209 -28
180 181 -13
1028 1058 28
1028 582 13
1028 998 -8
1028 148 -8
1028 1029 13
1058 612 -19
1058 1087 19
582 580 -8
582 116 -28
582 581 -13
582 584 -19
998 552 -19
998 119 28
998 969 8
148 147 -8
148 146 -8
148 150 -13
1029 579 13
1029 1031 19
1029 1027 19
1029 145 28
242 1130 28
242 213 13
242 713 8
242 270 28
1130 1129 -8
1130 1132 -8
1130 1128 28
213 214 19
213 683 13
213 1100 28
713 712 13
713 1158 28
713 715 -13
270 297 19
270 271 19
544 991 28
544 542 -13
544 80 -28
544 546 -19
544 543 8
991 1020 8
991 992 -8
991 112 -19
991 961 19
542 989 -13
542 78 -28
542 541 -28
80 52 28
80 109 -8
80 81 19
80 962 19
546 82 -19
546 548 -8
546 545 -13
546 993 8
543 513 -19
543 573 -28
543 83 -13
543 994 8
475 476 19
475 445 19
506 504 28
506 953 28
506 508 19
506 44 8
47 46 -13
47 45 8
47 923 8
1005 122 -13
1005 1004 28
1005 555 13
1009 559 -19
1009 1011 28
1009 1008 -28
557 527 -8
557 96 -8
557 587 -8
557 558 -19
1309 415 19
1309 1311 28
1309 861 -19
1309 1307 13
1309 1308 -28
415 416 -28
1311 417 8
1311 1310 28
1311 863 -28
1311 1313 -13
861 831 -8
861 387 -13
861 862 19
1307 859 13
1307 413 -8
1307 1306 28
1308 864 -28
1308 418 -19
1133 1162 8
1133 687 8
1133 1134 -28
1133 249 -13
1133 1103 28
1162 277 8
1162 717 8
687 685 -28
687 686 -13
687 689 19
687 217 13
1134 684 13
1134 1136 19
1134 1132 -19
249 716 -28
249 248 28
249 251 13
249 247 13
1103 1104 -19
1103 220 -19
1103 1074 19
1103 657 -28
800 799 -13
800 1244 28
800 802 8
800 324 -8
800 798 -13
799 327 13
799 770 13
799 829 13
1244 1245 28
1244 1274 8
1244 1214 -13
1244 356 -8
802 1246 -13
802 326 -8
802 804 8
324 353 -13
324 1215 13
324 325 8
324 296 19
798 1242 8
798 796 13
798 322 19
798 797 13
46 508 -28
46 17 -28
508 507 -28
508 510 8
17 896 28
1118 668 8
1118 1116 -28
1118 1120 -8
1118 1117 28
1118 230 -8
668 638 8
668 698 28
668 669 13
668 202 -19
1116 229 -8
1116 1115 -28
1120 1119 19
1120 670 -8
1120 1122 13
1120 232 -13
1117 233 28
1117 671 -28
1117 1146 -8
1117 1087 -19
230 258 8
230 701 19
230 201 -13
230 231 -19
327 326 19
327 329 8
327 325 -13
327 1214 8
326 297 -13
326 1217 19
326 355 -19
329 1216 -8
325 797 28
325 1212 8
325 323 19
1214 1215 -19
1214 771 8
931 484 -19
931 932 13
931 55 13
931 901 -13
931 961 8
484 482 -13
484 486 8
484 23 28
932 930 13
932 481 13
932 52 13
932 934 -13
55 513 13
55 54 8
55 53 19
55 57 28
901 902 -13
901 26 28
961 962 28
961 83 -8
961 514 -19
852 854 -28
852 851 19
852 850 -13
852 1296 19
854 1298 -8
854 376 8
854 853 28
851 377 13
851 1299 8
851 821 -19
850 848 28
850 849 28
1296 1297 -8
559 560 19
560 558 8
560 562 -13
298 770 19
298 297 19
298 300 -8
1156 1127 -28
1156 271 -28
1156 1157 19
1185 738 -19
1185 1183 8
1185 1187 13
1185 296 13
133 595 -19
133 132 19
133 135 19
133 131 19
133 1012 -13
595 1045 28
595 625 -8
595 596 8
132 103 -13
132 598 -28
132 1015 -13
132 161 -13
135 597 19
135 1014 28
135 137 8
135 134 -19
131 593 19
131 1010 -19
131 130 -8
1012 983 -13
1012 1013 19
1012 566 -13
1012 1042 -28
664 199 -8
664 1114 8
664 665 19
199 198 8
199 197 -19
199 1081 19
1114 227 13
1114 1113 8
1114 1112 8
665 667 8
665 663 28
665 1111 19
665 196 13
377 375 19
377 376 -19
377 379 -28
375 1264 -28
375 849 28
375 373 -13
376 347 -28
376 405 28
379 853 19
379 1268 19
379 381 19
379 378 -19
97 562 -19
97 980 13
562 561 13
562 1008 13
562 564 13
980 982 28
980 979 -13
1273 1272 -19
1273 1275 8
1273 1271 -19
1273 825 -13
1273 380 13
1272 383 -19
1272 1242 -8
1272 828 19
1275 1274 -19
1275 382 8
1275 1277 -8
1275 827 -28
1271 823 -8
1271 378 28
825 795 -28
825 352 19
825 826 8
380 858 13
380 381 -19
380 351 -28
77 76 -8
77 79 28
76 48 -8
76 105 28
79 81 -28
79 78 13
79 957 8
79 539 -8
983 953 -13
983 984 -8
983 104 -19
953 923 8
984 982 13
984 533 -8
984 101 28
104 103 13
104 102 28
104 106 28
198 227 13
198 171 28
198 1084 -28
198 667 -28
227 228 -8
171 172 -28
171 142 -13
171 637 -19
1084 1083 -8
1084 1082 28
667 666 28
667 1113 8
649 651 19
649 1095 -13
649 648 28
651 650 -8
651 1097 28
651 182 28
651 653 -8
1095 1125 28
1095 1096 28
1095 212 -28
648 183 19
648 678 -13
648 619 8
648 1098 8
640 1090 28
640 670 13
581 1031 -28
581 119 -19
612 614 -28
612 610 19
612 145 -19
817 818 13
817 787 -28
817 344 28
817 847 -19
818 1262 -19
818 820 8
818 342 -28
787 1235 -13
787 315 28
787 758 -19
787 788 -19
344 1232 19
344 346 28
344 343 13
847 848 13
847 373 13
1236 1206 28
1236 348 19
1236 792 -28
1236 1237 -19
1206 319 8
1206 1207 -28
1206 763 -13
1206 1177 13
348 347 -19
348 350 -8
348 346 13
348 821 8
792 791 8
792 790 28
792 316 -13
792 794 19
1237 789 -8
1237 1239 8
1237 1235 -13
1237 345 -8
1224 337 -19
1224 1254 -13
1224 1225 -28
337 339 -19
337 335 -19
337 809 -28
1254 1284 28
1254 1255 -13
1254 366 19
1254 810 19
1225 1223 28
1225 778 -19
1225 1227 -8
1225 334 28
183 181 19
183 185 28
183 182 -8
181 1064 28
181 646 8
185 650 19
185 1068 28
185 187 -19
182 155 -19
182 211 -13
716 1165 -13
716 717 8
716 686 28
1165 276 -13
1165 1164 -13
717 719 -8
717 715 -13
686 656 28
686 220 8
686 1136 -28
147 1031 8
147 614 8
1031 1030 -13
1031 1033 19
614 613 19
614 616 -13
1073 623 -8
1073 1075 -13
1073 1072 -13
1073 186 -13
1073 1071 -28
623 593 8
623 160 28
623 652 28
1075 188 -19
1075 625 28
1075 1074 -19
1075 1076 -28
1072 189 13
1072 626 -28
1072 1042 -13
1072 1101 -19
186 655 -28
186 159 8
186 215 -13
186 187 13
1071 1070 8
1071 621 19
719 1164 8
719 248 -13
719 718 -8
1164 1135 -19
1164 279 13
1164 1192 -13
248 276 8
248 1136 19
248 219 8
718 251 19
718 748 13
718 688 13
1034 1004 -13
1034 1035 -19
1034 1064 -8
1034 154 19
1004 558 13
1004 975 -8
1035 1033 -13
1035 585 13
1035 1037 -8
1035 151 -28
1064 618 28
1064 1093 -19
154 156 13
154 152 13
276 303 -8
276 277 28
1136 1135 -28
1136 1138 28
219 220 13
219 1106 -19
219 190 28
219 689 -8
730 700 19
730 760 19
730 261 28
730 1178 13
730 731 13
700 233 8
700 1149 28
700 701 -28
700 670 8
760 789 13
760 761 -19
760 1207 13
760 289 28
261 260 19
261 263 28
261 259 8
261 1146 -13
1178 1176 19
1178 1177 28
1178 1179 8
731 729 19
731 733 -13
731 1175 13
731 258 -19
525 65 13
525 976 -19
525 526 -19
525 495 8
525 555 -8
65 67 13
65 63 28
65 943 -8
65 64 13
976 93 -8
976 974 28
976 975 8
526 528 8
526 973 19
526 524 -8
526 62 -8
495 496 19
495 465 -8
495 946 -28
495 37 -13
555 556 28
555 585 13
555 94 -13
806 808 -13
806 804 8
806 1250 28
806 805 28
806 330 8
808 332 19
808 1252 19
808 810 13
808 807 -13
804 803 -8
1250 1280 -19
1250 1220 8
805 333 -8
805 776 13
805 835 19
805 1253 13
330 1221 28
233 231 8
233 235 -8
233 232 -13
231 1115 -13
231 698 28
235 1119 -8
235 702 -13
235 234 13
235 237 -19
232 203 19
232 260 -28
232 703 -19
770 1217 -28
770 771 -19
1217 1216 -13
1217 1215 28
771 773 8
771 769 -8
771 296 -28
333 335 13
333 332 -8
333 1220 -28
335 334 -19
335 1222 28
335 807 -8
332 303 28
332 1223 28
1220 777 -19
1220 1221 -13
873 1321 8
873 843 -19
873 399 -19
873 874 -8
1321 427 19
1321 1320 -8
843 844 28
843 1291 -13
843 813 13
843 370 8
399 398 -8
399 1288 8
399 397 -19
874 876 -8
874 872 -13
874 1318 28
527 528 8
527 67 -19
527 497 -19
528 64 13
528 975 8
67 66 28
67 945 28
497 498 28
497 39 28
497 467 28
497 948 8
468 466 19
468 915 8
468 470 8
468 7 8
468 467 8
466 465 -19
466 464 28
466 913 -19
466 5 8
915 39 -13
915 885 8
915 945 -8
915 916 8
470 472 8
470 917 19
470 9 13
7 36 -19
7 8 -19
7 886 -28
467 437 -28
467 10 -8
467 918 -8
297 773 -28
297 1187 19
773 772 8
773 1216 -8
1187 1189 -13
1187 1186 -19
876 1320 8
876 875 -19
876 398 19
1320 1290 -19
875 845 -13
398 369 -19
398 427 8
398 1291 -28
369 1261 28
369 846 8
369 340 -28
369 370 8
427 428 8
1291 1290 13
1291 1289 -8
566 568 28
566 564 -13
566 101 13
1015 1014 28
1015 1017 -13
1015 1013 -19
772 742 -28
772 300 13
742 712 -28
742 273 13
742 1189 -28
300 302 -13
300 1186 -28
300 299 -28
304 776 -8
304 303 19
304 306 13
304 302 19
1191 1193 13
1191 1189 -19
1191 744 19
383 857 -19
383 381 -19
383 382 13
383 385 19
857 858 -13
857 827 13
382 353 -28
382 860 8
382 411 28
385 859 28
385 384 19
385 1274 28
385 387 -13
103 568 -13
568 1014 -8
568 570 8
568 567 -8
579 609 -19
579 117 -19
579 580 -13
579 549 -19
609 638 -8
609 146 -19
609 610 8
117 997 -19
117 119 8
117 116 -8
580 115 -28
580 1026 -19
549 550 28
549 519 13
549 88 8
685 215 -8
685 1131 8
685 683 -28
685 684 8
215 244 -19
215 216 13
215 1102 -19
1131 1160 28
1131 1101 -28
1131 1132 28
1131 247 8
683 1129 19
683 681 -19
683 682 19
684 654 28
684 218 13
684 714 19
1176 287 19
1176 728 -8
1176 1174 13
1176 1175 -28
287 761 -28
287 314 -13
287 258 28
728 729 -13
728 259 13
728 698 -19
728 758 28
1174 286 8
1174 1173 -8
1175 289 -13
1175 1204 -13
1175 1146 -13
824 822 -13
824 823 -8
824 347 -13
824 826 13
824 1268 -13
822 820 28
822 345 -13
822 821 -19
823 793 28
823 350 -8
823 853 28
347 318 -28
347 1239 19
826 349 -28
826 828 19
1268 1298 28
1268 1238 13
1279 1281 -8
1279 1277 8
1279 831 -8
1281 1280 -13
1281 388 19
1281 1283 13
1277 384 -13
1277 1276 13
1277 829 19
318 794 -8
318 319 13
318 290 19
318 1209 -28
1239 791 28
1239 1241 -19
1239 1238 8
172 170 -8
172 1052 28
635 633 -28
635 1081 -8
635 637 -8
635 169 8
1242 1212 8
1242 354 -28
1242 1243 -13
1212 769 28
1212 1213 -19
1212 1182 -8
354 353 -19
354 356 8
354 827 -19
354 352 -28
1243 1245 -28
1243 1241 -13
1243 795 13
1243 351 -28
722 255 19
722 723 28
722 692 13
722 1170 -19
722 752 13
255 254 -13
255 253 -8
255 256 -28
723 725 13
723 252 19
723 1168 -19
692 226 -28
692 1141 -19
692 662 -8
1170 282 19
1170 1172 -19
1170 1169 -28
752 283 8
752 753 -19
1245 797 -28
1245 353 19
797 768 -13
797 827 -28
353 830 19
737 736 -13
737 1180 13
737 735 13
737 264 8
736 267 -8
736 766 -13
736 1183 8
736 706 28
1180 1181 -8
1180 1152 13
1180 1210 19
1180 295 13
735 262 28
735 734 -19
735 733 -28
264 1153 -19
264 292 -19
264 265 -13
254 282 -13
254 1141 -19
254 725 28
282 755 13
282 283 -13
1141 1139 -8
1141 1143 -28
725 727 -19
725 724 13
1030 150 -13
1030 584 -19
1033 149 -28
1033 1032 19
532 534 13
532 979 -13
501 952 8
501 471 -8
501 43 -19
982 99 13
982 981 13
561 100 13
561 591 -28
561 1011 13
400 371 -28
400 1293 13
371 848 28
371 342 8
371 1263 -13
1293 1292 -8
534 981 -8
534 533 -19
981 102 19
981 951 -28
981 1010 28
533 503 8
533 563 -8
1056 610 19
1056 1085 -28
1056 175 -28
1056 1026 28
1085 1115 -19
1085 1086 19
1085 202 13
175 638 -28
175 174 19
1026 1027 -13
1026 146 19
1026 997 19
776 1223 13
776 777 -19
1223 1222 -8
1223 1221 19
777 779 8
203 1090 8
203 204 13
203 673 8
1090 1088 19
1090 1092 8
204 670 28
204 206 -13
204 202 8
204 1087 -8
673 675 -19
673 1119 13
673 671 19
673 672 -8
339 338 8
339 341 28
339 811 28
338 814 19
338 367 13
338 1229 -19
341 813 8
341 340 13
341 1228 19
811 841 28
811 1259 13
811 812 -8
474 13 -19
474 472 -13
474 921 -13
474 476 -19
474 473 13
13 42 28
13 892 28
13 14 19
472 919 -8
472 471 -13
921 45 13
921 891 8
921 951 13
921 922 19
476 923 -8
476 15 -28
473 16 28
473 443 19
473 924 28
473 503 -8
779 778 13
779 303 -13
779 1222 28
778 306 -8
778 807 19
778 748 28
303 1193 13
1222 1192 -19
1222 1252 8
601 1051 -13
601 602 19
601 631 28
601 139 -8
601 571 -19
1051 167 -13
1051 1050 -13
1051 1049 -13
1051 1053 19
602 1048 -13
602 136 8
602 604 13
602 600 -19
631 168 19
631 660 -13
631 1080 -13
139 137 13
139 1018 13
139 138 8
139 141 28
571 1021 13
571 572 13
571 110 28
571 541 -8
1298 1299 28
1298 408 8
1299 1297 13
1299 405 13
408 407 28
1193 1192 -28
1193 1195 -19
789 790 28
789 317 -13
790 314 -28
790 1234 -13
790 788 28
317 1204 -28
317 319 28
317 316 -8
317 315 19
896 894 -13
896 445 19
16 15 -19
16 14 28
16 891 -28
15 894 28
15 44 -19
14 471 -8
14 12 -13
14 889 -8
891 444 -28
891 892 -28
1168 1169 28
1168 283 -28
753 755 28
753 751 -28
306 1192 -19
306 305 13
305 278 8
305 1195 8
305 334 19
845 846 -28
845 815 8
846 1290 -28
846 844 -28
815 816 -13
586 120 19
586 584 8
586 585 8
586 1032 28
120 91 -19
120 121 8
120 149 13
585 123 -8
585 615 19
1032 1062 -13
1032 152 -8
1032 1002 -19
91 556 -28
91 974 19
91 62 8
121 123 19
121 119 8
149 150 13
149 616 -19
900 449 -28
900 902 13
900 21 13
900 899 8
897 927 8
897 450 19
1198 1228 28
1198 755 13
691 221 19
691 690 -8
691 689 -13
221 1108 13
221 250 8
221 222 13
221 192 -13
690 660 28
690 224 -13
690 1139 -28
690 720 -19
689 1135 -28
689 688 -13
100 99 19
100 102 -28
100 979 -19
99 564 -8
102 563 -8
102 101 -8
979 1008 -28
830 828 13
830 1274 28
830 829 -8
122 151 13
122 93 -28
122 123 8
151 618 -28
151 152 8
93 558 8
93 94 -19
93 64 13
123 1002 13
66 948 -13
66 38 13
945 498 -8
945 946 13
945 975 13
168 166 -19
168 170 -13
168 167 8
168 1048 8
166 629 -13
166 165 -19
166 164 13
166 1046 19
170 1050 19
170 632 -8
170 169 -8
167 633 -13
167 194 -13
167 138 -8
1048 1049 13
1048 1018 13
1186 1158 -8
1186 1216 -28
449 450 8
449 479 8
450 452 13
479 480 28
479 930 28
479 509 13
952 951 13
951 504 13
1262 1232 -19
1262 373 -13
1262 1263 -8
1262 1292 -28
1232 1233 -13
1232 1202 -19
1232 788 -19
1292 848 13
638 1088 -19
1088 1086 -19
1088 201 -8
1088 1087 19
174 145 -8
174 201 -8
145 146 19
145 116 -8
201 671 13
201 202 -19
412 411 13
412 414 -19
858 860 19
987 988 -28
987 957 8
987 1016 13
987 108 -8
539 509 8
539 569 -19
539 990 28
1062 616 19
616 618 13
616 615 -28
1002 556 19
1002 973 -28
796 1240 13
796 320 -19
796 795 -8
796 794 28
1240 1241 8
1240 352 8
1240 1210 13
320 1211 13
320 349 8
320 321 -8
320 292 -28
795 323 -8
795 766 -28
794 793 8
794 1238 -13
480 927 -8
480 482 -19
927 957 -28
927 51 -28
927 928 -8
482 21 -8
482 929 -8
482 481 28
607 577 -28
607 636 8
607 608 -13
577 578 -28
577 547 -28
636 666 13
636 637 -19
608 142 13
608 1054 19
48 928 19
48 510 8
902 23 -13
902 451 -28
23 52 -19
23 24 19
451 452 -13
451 481 19
42 922 8
42 504 -19
42 43 -28
922 471 -8
922 924 13
504 503 -19
43 45 -8
43 919 -19
1108 1106 -19
1108 658 -8
1108 1110 19
1108 1107 13
1106 1104 -13
1106 656 28
1106 1105 -13
658 688 28
658 629 28
658 659 8
658 193 28
1110 660 13
1110 1112 8
1110 1109 -13
1110 223 8
1107 224 28
1107 1077 -28
1107 661 13
1304 1274 -8
1304 414 8
1304 860 28
414 413 19
414 416 -19
860 859 -8
860 862 -19
21 50 -28
24 899 8
24 26 19
24 481 19
228 226 28
228 1111 8
724 1172 -28
724 256 8
1143 1142 -28
155 622 13
155 156 -13
155 1039 13
322 351 -8
322 323 28
322 294 19
322 1213 28
351 352 -8
351 828 -19
323 1210 -13
323 321 -19
294 266 -19
294 769 -8
294 1183 19
294 295 28
1213 1211 19
1213 766 -8
1213 1215 8
267 266 8
267 269 19
267 265 13
267 1152 28
266 1155 28
266 238 -8
269 738 -13
269 1154 19
269 271 8
265 734 -13
265 1150 -19
265 263 -13
1152 707 13
1152 1123 -13
1152 1153 8
25 54 8
25 26 -28
25 486 28
903 933 28
903 456 8
696 666 -13
696 726 28
1142 1113 13
1142 1171 -19
1157 1155 -13
1157 708 -13
1161 712 13
1161 1160 -28
1161 272 -28
1158 273 -13
1158 1129 28
388 866 13
388 417 8
388 389 28
1284 395 8
1284 1314 -28
1284 1285 13
1284 840 -28
395 869 -19
395 393 -19
395 397 28
1314 1315 28
1314 870 -8
1285 392 13
1285 837 19
1285 1287 -19
1285 1283 -28
840 839 -19
840 842 28
840 363 -28
840 838 -13
660 195 -13
660 661 -8
195 1077 -19
195 194 -8
195 193 -13
195 197 8
661 192 -28
661 663 -8
661 659 19
849 1297 -28
72 101 -28
72 44 -19
343 1235 -28
343 820 -19
343 314 -28
821 791 28
428 1318 -8
751 750 -13
751 278 28
748 279 19
748 1195 -19
960 78 -19
960 509 -19
960 959 8
960 962 28
957 510 -28
1083 1054 28
1083 1113 -13
1083 637 19
1054 1024 -13
446 445 -8
446 444 13
446 893 28
444 442 -8
444 443 13
893 894 13
893 923 -19
615 152 -8
674 675 19
674 704 -19
674 1124 -28
712 245 19
712 682 -13
245 1129 -19
245 244 -13
245 247 19
682 652 19
682 216 13
682 1132 -8
1211 764 -8
1211 1210 -13
1211 1209 19
764 734 19
764 793 13
764 293 19
764 765 -28
1210 767 -13
1209 1208 19
1209 1207 -28
1209 762 8
1024 578 -19
1024 1025 -19
1024 995 -8
578 576 -8
578 113 13
1025 142 -28
1025 1023 13
995 996 -19
995 965 -19
995 548 13
1011 1010 -13
1011 1013 -13
1008 1038 -13
224 223 8
224 222 19
224 226 -13
223 252 28
223 194 -13
222 220 28
222 688 19
222 1105 -19
226 1109 -19
1135 1105 19
1135 251 19
1105 659 28
251 250 13
251 253 28
498 496 13
498 36 19
496 494 13
496 34 -19
496 943 8
36 64 13
36 37 28
36 916 -8
1246 1276 -13
1246 1216 -8
355 384 19
355 356 -28
1112 662 -13
1112 1111 -13
39 37 13
39 38 -13
37 35 -28
37 913 -19
38 9 -19
38 918 28
869 870 28
869 839 -8
870 392 13
870 872 -28
870 868 19
839 809 19
839 1287 -8
839 366 8
273 271 -8
273 272 13
272 244 -13
272 299 8
872 871 8
872 1316 19
1287 1286 13
1287 1289 28
365 366 28
365 1257 13
365 842 -13
463 433 -8
463 464 19
463 914 13
463 493 13
463 6 19
433 434 -19
433 884 -8
464 3 8
464 911 13
914 34 -13
914 916 8
914 913 8
914 912 19
493 494 -28
493 35 -13
493 944 -8
6 8 28
6 5 28
6 4 -13
6 881 19
1290 1260 8
1260 1261 19
1260 1230 -28
1260 816 28
552 87 28
552 550 -19
87 116 -19
87 59 13
87 88 13
87 970 8
550 997 28
550 86 19
378 349 -8
378 407 13
827 828 -19
81 83 28
81 541 28
81 959 28
78 50 -8
78 107 -28
974 973 -8
974 972 8
975 96 8
820 1264 -19
346 345 -8
346 1234 -28
964 513 13
964 82 -13
964 963 -28
964 966 28
964 962 28
513 514 8
82 54 -28
82 111 28
82 83 -19
963 516 19
963 85 8
963 993 8
963 933 19
966 84 19
966 515 19
966 965 -19
962 511 19
452 899 28
899 929 13
688 1138 13
1215 768 19
250 278 -8
250 1138 13
278 279 -13
1138 1139 -8
732 733 8
732 702 19
732 263 -19
732 762 28
732 1179 13
733 260 19
733 1177 -19
702 1151 -19
702 672 -19
702 703 -28
263 262 -13
263 1148 -13
762 791 -13
762 763 -28
762 291 8
1179 290 -13
1179 1181 -19
1111 1081 13
503 45 28
1252 1282 19
1252 1253 -13
1252 364 8
810 809 13
810 334 -13
810 812 -19
807 837 -19
807 1255 8
437 438 28
437 888 19
10 9 -19
10 8 -8
10 885 -13
10 12 -19
918 917 -13
918 916 13
45 44 13
44 924 -28
334 363 -8
917 887 13
9 888 8
888 886 -28
888 890 19
888 887 8
1264 1234 -28
279 277 -28
930 929 8
930 50 -28
930 928 -8
929 53 8
929 959 -13
50 512 -8
50 51 -19
576 111 28
576 574 -8
576 1022 8
111 112 19
111 140 -28
111 994 19
574 572 28
574 1020 -13
574 573 -28
574 109 -28
1022 1052 8
1022 993 8
1022 1023 13
892 894 19
892 441 8
892 890 -19
654 1104 19
654 189 19
654 655 -28
654 625 -19
218 220 19
218 216 -28
218 1101 -28
218 217 13
714 715 13
714 247 19
714 744 -13
894 443 13
96 94 8
94 973 -8
656 627 -28
656 191 -19
656 657 -13
628 626 28
628 1074 -8
628 627 8
628 161 8
628 630 -8
626 625 -13
626 159 13
1074 1044 13
1074 191 8
627 597 13
627 1076 -19
627 164 -13
161 188 8
161 1045 -13
161 162 28
630 629 -13
630 163 -28
356 829 -8
766 767 28
766 295 -19
1183 1182 -8
1183 1181 28
706 1155 -19
706 707 -19
706 239 28
706 676 13
1221 774 -19
738 768 13
738 708 28
768 769 -19
708 709 -8
708 678 28
708 241 -19
563 593 28
563 1013 -8
563 564 -19
997 967 -28
967 968 -28
967 520 28
967 937 19
967 88 -19
1139 252 13
923 924 8
969 522 -13
969 90 -8
969 970 -19
1104 217 19
1104 1102 13
217 188 -8
1102 1100 -13
1102 652 28
1102 1101 19
791 319 -13
319 321 28
936 935 28
936 485 -8
936 934 -13
935 905 -8
935 965 -19
485 455 -19
485 486 8
485 515 13
934 54 -19
934 933 -13
1228 1258 8
1228 1229 19
755 757 -28
720 750 -13
720 1169 8
720 253 19
29 908 19
29 58 13
29 490 -13
29 0 -8
908 907 -8
58 86 8
58 520 19
58 938 19
490 489 -8
490 937 -19
490 492 13
0 460 -8
0 878 19
290 262 28
290 291 8
290 765 8
101 130 8
1080 1082 -28
1080 194 -19
1080 1079 -13
1080 1078 -28
1155 1154 13
1155 1153 19
1154 1182 19
1154 1125 19
1154 709 -19
1153 1151 19
1153 704 19
262 1151 -13
262 234 8
1151 1150 -13
1151 1149 -13
234 705 -28
234 205 28
234 1122 28
988 990 19
988 105 13
990 989 -28
990 107 -19
990 992 -13
105 570 8
105 134 -13
105 106 -19
948 946 -13
633 1079 -8
633 632 -13
1079 1050 -13
1079 1109 8
1079 197 -28
632 1082 -8
632 603 -28
632 662 19
1053 169 19
1053 1052 13
1053 603 8
194 663 19
138 109 13
138 1021 19
138 604 -13
1050 604 -8
1050 1020 8
169 140 -13
169 196 8
744 774 28
1234 1235 -28
1234 1204 19
442 441 -19
442 889 -8
442 440 -28
441 471 28
889 919 -19
889 890 -19
440 439 8
440 887 -8
440 438 -13
1207 316 13
1207 1205 8
763 761 28
763 288 -28
763 765 -8
1177 1148 -8
1177 291 28
1077 1078 -19
494 32 -8
494 492 -8
494 941 19
32 3 19
32 912 -28
492 30 19
492 491 28
941 971 -8
941 942 -19
941 63 8
941 911 8
1109 663 13
302 774 -28
774 803 13
35 911 -19
35 34 -8
911 881 -28
911 912 -19
34 5 -28
34 62 -19
238 709 -28
238 209 -28
238 1126 8
238 239 13
933 486 -8
933 57 -8
456 455 28
456 458 28
943 973 19
943 944 28
943 913 8
844 842 28
844 367 28
844 1288 13
842 1286 13
842 841 -28
367 368 13
367 1259 -8
1288 1318 -19
1288 1289 8
1288 1258 13
1129 1099 -8
1160 715 -28
1286 397 -13
1286 1316 -13
1286 1256 19
397 871 8
1256 1257 28
1256 368 19
1256 812 -8
510 512 8
510 509 -8
345 316 19
86 968 28
86 115 28
968 970 -19
420 418 -8
420 1310 28
420 419 -8
420 422 19
418 417 28
418 416 -19
1310 866 19
1310 1280 -8
419 1313 -28
419 390 -28
422 1312 -13
422 421 -8
971 524 -13
971 972 8
524 522 13
972 521 8
972 89 28
972 970 13
769 767 -28
252 253 -19
707 709 13
707 705 -19
705 1150 28
705 704 -13
705 703 -19
140 141 19
140 1023 -28
1052 1081 -28
604 603 8
871 841 -13
841 1289 -28
841 368 -19
142 113 -13
141 603 -19
141 1020 -19
465 8 -28
465 916 13
465 435 -8
8 883 -19
435 886 13
435 436 8
89 90 -28
556 558 -19
761 759 8
761 1204 8
759 286 28
759 758 -28
1204 1205 28
30 1 -13
30 59 -13
30 31 19
912 461 28
459 489 19
459 460 -8
459 2 -8
459 429 -8
62 63 8
62 944 -8
1082 1081 -28
1082 196 13
196 197 -8
1044 598 -19
1044 1014 19
1044 164 -19
1044 1045 28
598 597 8
598 596 19
598 600 -28
164 163 -13
164 162 28
1045 1043 -8
1045 1047 19
240 211 -28
240 1128 -13
240 241 -13
734 704 28
734 1181 8
704 237 -13
1181 292 28
241 1125 -8
241 239 -19
1127 681 19
1127 1097 -28
1127 1128 -19
1233 342 13
1233 1235 13
342 313 -28
431 432 -8
431 461 19
431 882 -8
432 434 -13
432 430 28
461 491 13
461 4 13
882 881 28
882 884 8
882 880 -19
882 3 13
1132 244 -28
12 887 -28
439 890 19
545 85 13
545 515 19
545 996 -8
114 113 8
114 112 -19
114 993 -13
522 520 8
522 59 13
522 521 -28
520 519 -19
59 940 28
59 60 13
521 61 13
521 491 28
481 511 8
52 514 -19
52 53 8
113 996 -13
113 84 8
996 994 -28
84 85 -28
84 548 13
767 292 -13
767 765 -8
292 293 -28
765 1208 13
663 662 -13
597 567 19
597 1047 19
1076 190 13
1076 1078 8
197 662 13
629 599 13
629 1078 -13
163 1047 -8
163 134 -28
163 190 19
1189 299 -19
1150 1121 -13
1121 675 13
1121 1122 8
1121 237 -8
1047 1049 -19
1047 1046 8
134 600 -19
134 1017 13
190 659 13
190 191 19
313 1203 -19
313 788 -8
313 286 28
1227 780 -13
1227 1229 -19
1020 1021 13
1241 793 8
1241 349 8
1238 350 -19
1238 1208 -19
729 257 13
729 1173 19
258 259 13
258 1147 13
438 436 -13
438 885 -19
1202 315 -19
1202 1173 -8
1202 1203 -28
315 314 13
1173 1144 13
1203 1205 19
657 188 8
657 655 19
657 659 19
64 946 -13
489 31 -28
489 940 -28
489 519 -19
31 907 8
940 942 -28
940 938 -28
519 970 13
519 60 -8
793 321 8
321 1208 -19
625 162 -19
596 1042 -8
596 594 28
596 130 -19
1 2 19
1 880 8
363 1255 -19
363 392 -8
363 364 -8
838 837 8
838 1282 28
838 361 8
349 350 13
1125 679 8
1125 1126 28
106 567 8
106 108 -8
603 573 19
885 886 19
1261 813 -28
1261 1259 -8
813 814 19
813 784 19
1259 1257 -19
1259 1258 -13
350 352 13
937 907 8
937 938 19
937 60 -19
88 90 -13
416 1306 19
946 944 -13
944 942 28
511 53 -28
511 541 -28
511 512 8
53 51 -28
541 992 8
512 959 -19
512 514 19
1315 421 8
1315 1313 13
1315 867 13
5 884 -13
192 165 19
192 1078 28
192 193 -13
136 165 19
136 137 -13
136 1019 -13
136 107 28
600 599 28
600 1046 28
1123 239 -13
1123 1093 -13
1123 1124 13
239 237 -19
1093 210 19
1124 1122 28
1124 1126 -13
314 1205 -28
137 599 13
137 1016 -13
1018 572 13
1018 989 19
1018 1019 -28
316 288 -13
1313 865 -19
1313 1312 -8
390 868 28
390 361 -8
390 391 19
390 1283 19
189 188 13
189 187 8
189 191 28
655 1101 28
655 653 19
1312 868 -13
1312 1282 -13
421 392 -8
517 547 13
517 487 -13
517 518 19
547 548 -13
487 457 -28
518 965 -8
518 516 -28
676 210 -8
676 646 28
676 1126 19
613 150 19
209 210 13
209 1096 -8
209 679 8
1126 1128 8
1099 1100 -19
1099 216 -19
1099 653 -19
1099 1070 19
289 288 -13
289 291 13
288 260 -19
260 1149 -19
866 868 -19
866 864 -13
866 865 -28
868 867 -8
864 862 -19
864 863 -28
865 835 28
865 391 -19
51 509 -8
392 393 28
837 867 8
837 364 -13
1283 835 28
1283 1282 8
295 293 13
675 205 13
205 206 -19
205 1092 -13
162 160 -13
162 1042 -19
715 244 -28
1023 1021 -8
1023 573 -19
434 881 -8
434 436 13
884 883 13
884 886 -13
61 63 -28
61 60 13
491 942 19
393 1282 -13
393 867 13
393 391 13
3 4 19
591 621 -13
621 650 -19
621 622 19
4 2 28
599 1049 -13
599 569 19
1149 1148 19
1149 1147 13
165 1049 19
681 679 8
681 211 -13
679 678 19
211 212 8
211 1098 28
1119 1148 28
1148 703 -19
809 780 28
809 1257 28
366 368 13
366 364 13
567 1017 8
368 370 -13
1230 1231 8
1230 786 -28
816 340 13
816 814 -8
1147 1145 -13
1147 698 19
1147 1146 13
757 756 -28
757 284 -13
650 1100 28
1100 1098 -28
191 193 28
672 206 -8
672 1122 13
703 701 -19
214 216 28
214 212 -19
214 1097 -28
212 210 13
212 678 -13
1097 1098 28
1097 1068 -13
109 110 -28
109 992 28
1021 1019 13
573 112 -19
859 829 28
384 862 -13
384 413 -28
862 1306 28
1280 391 13
391 389 -28
1019 1017 19
1019 569 19
678 1128 28
1205 758 -28
814 812 -8
814 1258 -8
784 1231 -19
340 1231 -13
1231 1229 28
291 293 28
460 907 -13
907 877 28
361 1253 -13
883 436 13
883 913 8
618 620 -8
620 622 8
620 619 -28
257 1145 28
257 229 -8
257 286 8
593 1043 -19
593 594 13
1043 1042 28
1043 159 8
594 1040 -19
1096 646 19
1096 1098 -13
572 570 -28
572 107 13
570 1016 -28
570 569 13
107 108 19
1145 1144 -13
1144 259 -19
1144 1115 13
1144 699 -19
1070 1040 28
1070 187 28
622 1068 -28
750 780 19
160 159 -28
160 1040 13
159 130 13
1040 1010 -19
1046 1016 28
430 877 8
430 429 -13
457 458 -8
569 108 -28
112 110 -19
993 994 8
285 284 -13
285 283 -19
1276 1306 -28
1276 387 13
387 389 -13
652 187 -13
652 653 28
756 726 -13
726 727 28
1255 1253 28
1255 1257 28
1016 1017 13
130 1013 -13
1171 1172 -13
1171 727 -19
1172 284 19
863 389 -8
877 878 -19
877 2 28
878 880 -13
959 989 19
514 516 -19
429 880 13
1258 370 -13
989 110 28
110 108 19
587 1037 -13
619 156 8
1037 1039 -8
698 699 -28
516 515 19
516 54 28
1010 564 19
992 994 -13
1115 669 -28
699 701 13
699 229 -13
1146 701 13
1038 1068 -8
1038 1039 -28
670 671 -19
150 152 -13
515 57 13
85 83 19
671 669 8
905 458 -8
