1249 1248 28
1249 357 19
1249 1247 28
1249 1251 -13
1249 801 -19
1248 360 28
1248 1218 28
1248 1278 13
1248 804 -28
357 834 -13
357 386 8
357 328 28
357 358 -8
1247 1245 -28
1247 355 8
1247 799 19
1247 1246 -19
1251 359 13
1251 803 13
1251 1253 -28
1251 1250 13
801 772 8
801 802 -28
801 329 8
801 831 28
157 1041 8
157 184 19
157 624 28
157 158 -8
157 128 19
1041 591 19
1041 1040 -8
1041 1043 -13
1041 1039 8
184 213 19
184 185 19
184 653 19
184 1071 -28
624 626 13
624 623 -8
624 1070 -19
624 622 -28
158 160 8
158 621 28
158 156 28
158 1038 13
128 129 -28
128 594 8
128 1011 -28
128 99 19
741 268 -28
741 739 13
741 740 -8
741 743 -13
741 1184 -28
268 269 8
268 240 -13
268 1157 -8
268 296 -19
739 737 8
739 738 -19
739 266 13
739 1182 -28
740 710 -28
740 770 -19
740 1187 -19
740 271 -8
743 270 -28
743 745 -13
743 1186 13
743 742 -13
1184 298 -28
1184 1156 13
1184 1214 -19
1184 1185 -13
447 448 -8
447 477 28
447 898 -28
448 895 28
448 446 -19
448 450 8
477 20 -13
477 928 -13
477 507 13
477 478 13
898 896 -8
898 19 -13
898 900 -28
898 897 -13
401 402 -8
401 372 -19
401 1295 -8
402 404 19
402 1292 28
372 850 -13
372 343 8
372 1265 13
372 373 28
1295 1294 -28
1295 1297 -19
1295 1293 -19
1295 847 28
404 406 13
404 1294 -19
404 403 -8
406 408 28
406 1296 -8
406 405 -19
1294 850 -28
1294 1264 -8
403 1297 28
403 374 19
535 505 -28
535 986 19
535 536 -28
535 565 28
535 75 -13
505 956 8
505 475 -28
505 506 8
505 47 -19
986 103 -13
986 988 13
986 984 19
986 985 -19
536 538 -8
536 983 -28
536 534 13
536 72 -28
565 566 -13
565 1015 19
565 595 28
565 104 13
75 77 19
75 73 -13
75 953 19
75 74 -13
1061 611 19
1061 1059 -13
1061 1060 -8
1061 1063 -8
611 640 28
611 581 -28
611 612 -19
611 148 -8
1059 174 -19
1059 1058 -8
1059 1057 8
1059 609 -13
1060 178 13
1060 614 -8
1060 1030 -19
1060 1089 -8
1063 1062 -8
1063 177 19
1063 1065 -19
1063 613 -13
173 144 -28
173 639 -13
173 1057 -8
173 200 -19
144 1027 8
144 115 -28
144 610 -19
639 638 8
639 1085 13
639 641 8
1057 1056 -13
200 229 -13
200 669 -28
200 1086 19
1300 856 8
1300 410 19
1300 1270 28
1300 1301 13
856 855 -28
856 858 19
856 378 -8
856 854 13
410 408 13
410 412 -19
410 409 -13
1270 1240 28
1270 826 -19
1270 1271 19
1270 381 13
1301 1303 19
1301 1299 -13
1301 407 -13
1301 853 13
27 488 -28
27 906 -28
27 56 13
27 28 8
488 487 19
488 486 8
488 935 -19
906 904 -8
906 455 28
906 905 19
56 936 28
56 518 -28
56 57 -19
56 84 -8
28 903 28
28 485 -13
28 26 8
538 74 -8
538 985 13
538 537 19
538 540 19
74 956 28
74 46 -8
985 955 8
985 1014 -8
985 106 -19
537 77 8
537 988 -13
537 507 -28
537 567 19
540 987 13
540 539 28
540 76 -19
540 542 19
499 41 19
499 950 8
499 529 19
499 500 28
499 469 28
41 40 -28
41 39 -13
41 43 19
41 917 -19
950 952 -19
950 68 -19
950 949 -8
950 948 8
529 559 13
529 980 19
529 530 -13
529 69 -8
500 498 -28
500 947 28
500 38 13
500 502 13
469 470 -13
469 12 8
469 439 28
469 920 -19
1001 999 28
1001 118 19
1001 1000 -19
1001 1003 -19
1001 551 -28
999 998 13
999 549 -28
999 116 -13
118 147 -19
118 89 13
118 119 8
118 584 -28
1000 971 -19
1000 554 19
1000 1030 28
1000 121 -19
1003 553 -19
1003 120 19
1003 1002 -8
1003 1005 -19
551 552 13
551 521 8
551 581 28
551 90 28
1303 409 -13
1303 1302 19
1303 1305 8
1303 855 28
409 380 8
1302 412 -19
1302 858 19
1302 1272 8
1305 1304 28
1305 1307 -19
1305 857 -19
1305 411 -28
855 381 -28
855 825 19
207 677 -28
207 236 28
207 208 -8
207 1094 13
207 179 -19
677 1123 -28
677 675 -28
677 676 -13
677 679 28
236 707 19
236 264 8
236 1124 -8
236 237 -28
208 674 28
208 210 13
208 206 -13
208 1091 8
1094 644 8
1094 1096 -8
1094 1092 -28
1094 1093 28
179 647 -8
179 151 8
179 1065 -8
783 1226 19
783 785 28
783 782 19
783 781 28
783 307 -19
1226 339 -28
1226 1196 -28
1226 1227 28
1226 1256 -13
785 309 -28
785 1228 13
785 786 8
785 784 -28
782 310 -13
782 752 -28
782 811 -19
782 1229 -19
781 1224 19
781 779 28
781 305 -28
781 780 -19
307 308 28
307 336 -13
307 280 19
307 1197 8
605 634 8
605 575 -28
605 1055 8
605 143 -8
605 606 -8
634 664 28
634 172 28
634 635 -19
634 1084 13
575 576 8
575 545 -8
575 114 -8
575 1025 -8
1055 1053 28
1055 171 -28
1055 1054 -8
143 142 -8
143 141 19
143 1022 28
606 140 28
606 1052 8
606 604 8
606 608 -13
1201 754 -8
1201 1200 8
1201 1199 -28
1201 311 -13
754 755 -28
754 784 -13
754 724 19
754 285 13
1200 1171 13
1200 1230 -13
1200 757 8
1199 752 8
1199 1197 28
1199 1198 13
1199 309 19
311 340 -28
311 786 28
311 312 -8
311 284 -8
308 310 -19
308 306 19
308 780 -8
308 1194 13
336 365 13
336 337 -13
336 812 -13
336 1227 -8
280 1169 -19
280 252 -28
280 281 13
280 753 -8
1197 1196 13
1197 1195 -28
1197 750 8
40 920 -13
40 11 -28
40 502 19
40 68 8
920 919 -28
920 922 13
920 918 8
11 12 -13
11 890 -28
11 472 19
502 504 13
502 949 -19
502 501 -13
68 97 -28
68 69 8
68 532 -28
20 18 8
20 895 13
20 22 -13
20 19 19
18 16 -28
18 475 -13
18 893 13
18 17 8
895 925 8
895 896 13
22 479 28
22 21 13
22 897 19
22 24 8
19 480 -13
19 48 -13
310 309 -19
310 312 -8
310 1196 -19
309 282 13
309 338 -19
312 1198 -8
312 784 -13
1196 1168 8
1196 753 -8
274 1163 28
274 747 -13
274 275 -28
274 246 13
274 301 -28
1163 1165 13
1163 1161 -8
1163 714 13
1163 1162 28
747 749 8
747 1190 -8
747 746 13
747 745 19
275 273 13
275 744 -28
275 277 28
275 1160 19
246 1134 -13
246 717 -28
246 247 28
246 217 -13
301 302 19
301 1191 -8
301 330 -19
301 777 -13
590 592 -28
590 589 19
590 588 -19
590 124 28
590 1036 28
592 126 -28
592 591 8
592 594 -19
592 1038 19
589 127 -13
589 559 8
589 619 -13
589 1039 8
588 1034 19
588 586 13
588 122 19
588 587 8
124 1007 -28
124 95 -13
124 153 8
124 125 19
1036 1037 -28
1036 1066 -19
1036 1006 -28
1036 156 -8
1007 1005 -8
1007 1009 13
1007 1006 -28
1007 557 13
95 96 28
95 66 13
95 978 13
95 560 28
153 620 8
153 1037 13
153 154 -28
153 180 -13
125 127 13
125 123 -28
125 587 13
125 1004 19
925 478 -8
925 955 -28
925 926 -28
925 49 8
478 480 -28
478 476 -19
478 17 -19
955 956 -19
955 77 13
955 508 -8
926 46 19
926 924 8
926 475 -28
926 928 8
49 47 -19
49 507 19
49 48 28
49 51 -8
1166 1194 -19
1166 1167 28
1166 1137 -28
1166 281 -8
1166 721 19
1194 1224 13
1194 1195 13
1194 751 -8
1167 1165 -19
1167 718 -28
1167 1169 -13
1167 278 -19
1137 691 19
1137 1138 8
1137 1107 -8
1137 253 -28
281 279 28
281 750 13
281 283 -19
721 719 -28
721 250 8
721 720 8
721 723 8
553 92 28
553 583 -28
553 554 8
553 523 19
92 971 -8
92 91 -8
92 94 -19
92 90 -8
583 613 13
583 584 -28
583 1033 8
583 121 28
554 552 -13
554 89 19
554 556 -19
523 524 8
523 63 -28
523 493 -28
523 974 -13
695 697 19
695 693 -13
695 694 -19
695 225 8
695 1140 -13
697 696 -28
697 1142 28
697 227 13
693 691 -19
693 223 -19
693 692 -28
694 664 13
694 228 13
694 724 13
694 1143 -8
225 254 19
225 226 -19
225 1112 28
225 196 13
1140 1141 -28
1140 1111 13
1140 256 28
834 833 -28
834 1278 19
834 832 -19
834 836 28
833 360 28
833 803 13
833 863 -13
833 1281 19
1278 1279 8
1278 1308 -28
1278 389 -13
832 831 8
832 1276 19
832 830 -8
832 355 8
836 359 -28
836 835 13
836 1280 13
836 838 28
127 126 19
127 1006 8
127 129 13
126 97 -19
126 155 -8
126 1009 13
1006 977 28
1006 560 19
129 591 -13
129 1008 -19
129 131 28
386 1279 -19
386 415 19
386 864 -19
386 387 -28
328 329 19
328 1219 -8
328 299 19
328 804 28
358 360 -13
358 831 -8
358 356 -13
358 1246 28
423 394 -8
423 424 -28
423 1317 -13
394 872 -28
394 1287 -19
394 365 8
394 395 -19
424 426 8
424 1314 -8
424 422 -13
1317 869 19
1317 1316 28
1317 1315 13
1317 1319 8
360 359 28
360 362 8
359 388 13
359 330 8
362 835 8
362 361 -8
362 1250 -28
362 364 -13
909 33 -28
909 910 28
909 939 19
909 462 8
909 879 -28
33 35 19
33 491 28
33 32 8
33 31 -13
910 30 -19
910 908 -28
910 912 -13
910 459 8
939 969 19
939 492 -13
939 61 -13
939 940 8
462 464 19
462 460 19
462 461 8
462 1 28
879 432 -28
879 880 8
879 4 -19
1267 374 -19
1267 1266 -13
1267 1269 19
1267 819 13
1267 1265 19
374 852 -19
374 345 28
374 375 -8
1266 377 -8
1266 1236 13
1266 822 -8
1266 1296 -28
1269 376 -13
1269 1271 -8
1269 1268 -19
1269 821 -13
819 789 19
819 820 -28
819 346 13
819 849 19
1265 817 -28
1265 1264 -28
1265 1263 28
71 69 -19
71 73 -19
71 531 -28
71 70 13
71 949 8
69 67 -13
69 947 19
73 72 8
73 533 28
73 951 13
531 532 13
531 501 -28
531 982 -28
531 561 13
70 534 13
70 952 -28
70 42 -8
70 99 -13
949 919 -13
949 979 -28
977 98 19
977 947 8
977 978 -19
977 530 -13
98 559 8
98 97 8
98 100 -28
98 96 28
947 917 -19
947 948 8
978 527 19
978 976 -19
978 980 -28
530 66 -8
530 528 -19
530 532 28
643 641 8
643 645 19
643 1089 19
643 642 -8
641 174 -13
641 640 8
641 1087 8
645 644 8
645 647 -28
645 1091 -28
645 177 -19
1089 1119 -8
1089 1090 -8
1089 206 13
642 178 -8
642 613 -28
642 1092 -19
642 672 -8
425 396 28
425 1319 -13
425 426 -13
396 367 -8
396 1289 -13
396 874 19
396 397 -13
1319 871 -28
1319 1321 -19
1319 1318 8
426 428 -8
426 1316 28
749 1192 13
749 751 -13
749 276 -13
749 748 19
1190 304 28
1190 1162 8
1190 1220 -8
1190 1191 8
746 716 -19
746 776 -8
746 1193 -13
746 277 -13
745 272 -28
745 1188 -19
745 744 -8
453 483 -8
453 904 -13
453 454 13
483 513 -13
483 484 28
483 26 -28
483 934 28
904 902 -13
904 25 28
904 903 -28
454 452 -13
454 901 -8
454 456 28
956 958 13
956 954 -13
958 507 -19
958 76 19
958 960 -13
958 957 -8
954 952 28
954 72 -19
954 953 -13
954 503 -19
1218 331 -8
1218 1219 -13
1218 1188 19
1218 775 8
331 333 28
331 329 -28
331 803 -13
331 330 19
1219 772 19
1219 1217 -8
1219 1221 -13
1188 302 -13
1188 1189 19
1188 1160 8
775 773 8
775 299 19
775 777 -8
775 774 -28
178 176 13
178 177 13
176 1058 13
176 175 -19
176 640 8
177 205 28
177 149 -19
710 243 -28
710 1159 19
710 711 19
710 680 28
243 242 -13
243 245 -8
243 241 -13
243 1127 28
1159 270 -19
1159 1157 -19
1159 1161 8
1159 1158 -28
711 713 8
711 1156 -19
711 709 13
711 240 -19
680 681 -28
680 650 -13
680 214 -13
680 1130 8
644 615 28
644 674 -28
647 649 -8
647 1093 19
647 646 19
1091 1062 -19
1091 1121 8
1091 1092 13
1067 1066 -8
1067 617 19
1067 1065 -28
1067 1069 -19
1067 180 -19
1066 183 -8
1066 620 13
1066 1095 -19
617 618 -8
617 154 -8
617 587 28
617 646 13
1065 615 13
1065 1064 19
1069 619 19
1069 1071 -28
1069 182 -13
1069 1068 -28
180 649 -28
180 209 -19
180 181 -28
1028 1058 28
1028 582 -13
1028 998 -13
1028 148 8
1028 1029 13
1058 612 8
1058 1087 -28
582 580 -13
582 116 19
582 581 19
582 584 8
998 552 19
998 119 -13
998 969 19
148 147 -28
148 146 -19
148 150 13
1029 579 13
1029 1031 8
1029 1027 -8
1029 145 -8
242 1130 -8
242 213 8
242 713 19
242 270 8
1130 1129 -8
1130 1132 -19
1130 1128 -13
213 214 28
213 683 -19
213 1100 19
713 712 19
713 1158 28
713 715 28
270 297 -19
270 271 28
544 991 -13
544 542 13
544 80 -28
544 546 28
544 543 13
991 1020 8
991 992 13
991 112 -19
991 961 -28
542 989 -19
542 78 28
542 541 -13
80 52 -19
80 109 8
80 81 19
80 962 28
546 82 13
546 548 13
546 545 8
546 993 8
543 513 8
543 573 8
543 83 13
543 994 -13
475 476 -19
475 445 -8
506 504 -13
506 953 19
506 508 8
506 44 -13
47 46 -28
47 45 -13
47 923 -13
1005 122 -8
1005 1004 28
1005 555 28
1009 559 28
1009 1011 -13
1009 1008 13
557 527 -19
557 96 19
557 587 8
557 558 28
1309 415 19
1309 1311 8
1309 861 -19
1309 1307 -8
1309 1308 -8
415 416 -8
1311 417 -19
1311 1310 19
1311 863 13
1311 1313 28
861 831 -13
861 387 -8
861 862 13
1307 859 -8
1307 413 -13
1307 1306 8
1308 864 28
1308 418 -28
1133 1162 -8
1133 687 -19
1133 1134 -13
1133 249 -13
1133 1103 8
1162 277 19
1162 717 8
687 685 13
687 686 28
687 689 -13
687 217 19
1134 684 8
1134 1136 -28
1134 1132 -13
249 716 28
249 248 19
249 251 13
249 247 -8
1103 1104 28
1103 220 28
1103 1074 -28
1103 657 -8
800 799 13
800 1244 -28
800 802 -8
800 324 13
800 798 -19
799 327 -8
799 770 -13
799 829 -8
1244 1245 -13
1244 1274 28
1244 1214 8
1244 356 -19
802 1246 -19
802 326 -19
802 804 19
324 353 8
324 1215 19
324 325 -19
324 296 -19
798 1242 8
798 796 13
798 322 -19
798 797 19
46 508 8
46 17 -19
508 507 -19
508 510 8
17 896 -13
1118 668 8
1118 1116 -28
1118 1120 19
1118 1117 8
1118 230 8
668 638 19
668 698 -28
668 669 -28
668 202 -19
1116 229 -28
1116 1115 28
1120 1119 -19
1120 670 -28
1120 1122 8
1120 232 19
1117 233 8
1117 671 -28
1117 1146 -19
1117 1087 8
230 258 28
230 701 28
230 201 -8
230 231 -13
327 326 -8
327 329 13
327 325 -28
327 1214 28
326 297 13
326 1217 19
326 355 -28
329 1216 19
325 797 -19
325 1212 -28
325 323 -13
1214 1215 19
1214 771 -8
931 484 -19
931 932 8
931 55 -28
931 901 8
931 961 -19
484 482 13
484 486 -13
484 23 -28
932 930 -8
932 481 8
932 52 -8
932 934 -8
55 513 13
55 54 28
55 53 -28
55 57 8
901 902 -8
901 26 13
961 962 28
961 83 -19
961 514 -28
852 854 -28
852 851 13
852 850 -13
852 1296 -13
854 1298 -28
854 376 8
854 853 -28
851 377 8
851 1299 -19
851 821 8
850 848 -28
850 849 -8
1296 1297 -13
559 560 -19
560 558 19
560 562 -13
298 770 -19
298 297 -19
298 300 -13
1156 1127 13
1156 271 -28
1156 1157 13
1185 738 -19
1185 1183 8
1185 1187 -13
1185 296 8
133 595 19
133 132 28
133 135 -8
133 131 13
133 1012 -8
595 1045 -28
595 625 19
595 596 -28
132 103 -13
132 598 19
132 1015 13
132 161 -28
135 597 -13
135 1014 -13
135 137 -13
135 134 -13
131 593 -28
131 1010 -28
131 130 13
1012 983 13
1012 1013 -13
1012 566 28
1012 1042 -28
664 199 13
664 1114 8
664 665 13
199 198 8
199 197 8
199 1081 13
1114 227 8
1114 1113 -28
1114 1112 19
665 667 19
665 663 -28
665 1111 13
665 196 13
377 375 19
377 376 13
377 379 8
375 1264 -8
375 849 8
375 373 -8
376 347 13
376 405 13
379 853 19
379 1268 -19
379 381 -19
379 378 8
97 562 8
97 980 13
562 561 28
562 1008 28
562 564 28
980 982 -13
980 979 13
1273 1272 28
1273 1275 28
1273 1271 13
1273 825 19
1273 380 8
1272 383 28
1272 1242 19
1272 828 -8
1275 1274 -19
1275 382 -28
1275 1277 -8
1275 827 19
1271 823 -19
1271 378 8
825 795 -19
825 352 -19
825 826 -13
380 858 8
380 381 13
380 351 13
77 76 -28
77 79 -28
76 48 -8
76 105 -28
79 81 28
79 78 8
79 957 -19
79 539 28
983 953 19
983 984 -19
983 104 -13
953 923 28
984 982 -8
984 533 -28
984 101 -28
104 103 19
104 102 13
104 106 8
198 227 -19
198 171 8
198 1084 -13
198 667 8
227 228 28
171 172 28
171 142 28
171 637 -19
1084 1083 -19
1084 1082 -13
667 666 -28
667 1113 8
649 651 -13
649 1095 28
649 648 -13
651 650 -28
651 1097 -13
651 182 19
651 653 -13
1095 1125 19
1095 1096 -13
1095 212 -8
648 183 -8
648 678 -13
648 619 -28
648 1098 28
640 1090 19
640 670 -19
581 1031 -28
581 119 28
612 614 -19
612 610 -13
612 145 19
817 818 -8
817 787 -28
817 344 -19
817 847 8
818 1262 -13
818 820 13
818 342 28
787 1235 -28
787 315 -13
787 758 -8
787 788 28
344 1232 28
344 346 -13
344 343 13
847 848 13
847 373 -28
1236 1206 13
1236 348 -13
1236 792 -13
1236 1237 19
1206 319 8
1206 1207 -28
1206 763 8
1206 1177 -13
348 347 -19
348 350 28
348 346 8
348 821 8
792 791 -28
792 790 -8
792 316 -8
792 794 -13
1237 789 -19
1237 1239 -28
1237 1235 19
1237 345 -13
1224 337 -19
1224 1254 -8
1224 1225 -28
337 339 28
337 335 13
337 809 -8
1254 1284 19
1254 1255 -19
1254 366 28
1254 810 8
1225 1223 -28
1225 778 -19
1225 1227 13
1225 334 28
183 181 -28
183 185 -8
183 182 28
181 1064 -13
181 646 13
185 650 -19
185 1068 19
185 187 -19
182 155 -19
182 211 -13
716 1165 -13
716 717 -28
716 686 -8
1165 276 -8
1165 1164 -13
717 719 -8
717 715 13
686 656 -19
686 220 -8
686 1136 13
147 1031 8
147 614 -13
1031 1030 28
1031 1033 -28
614 613 -8
614 616 19
1073 623 -19
1073 1075 8
1073 1072 -8
1073 186 13
1073 1071 19
623 593 -13
623 160 -8
623 652 13
1075 188 -8
1075 625 19
1075 1074 19
1075 1076 28
1072 189 28
1072 626 28
1072 1042 28
1072 1101 13
186 655 -13
186 159 13
186 215 13
186 187 13
1071 1070 8
1071 621 -19
719 1164 -8
719 248 8
719 718 13
1164 1135 13
1164 279 13
1164 1192 19
248 276 -8
248 1136 19
248 219 -8
718 251 13
718 748 19
718 688 19
1034 1004 8
1034 1035 28
1034 1064 8
1034 154 -28
1004 558 -28
1004 975 13
1035 1033 8
1035 585 13
1035 1037 -8
1035 151 -28
1064 618 8
1064 1093 -28
154 156 8
154 152 -8
276 303 -13
276 277 -19
1136 1135 28
1136 1138 -13
219 220 19
219 1106 13
219 190 13
219 689 19
730 700 28
730 760 -19
730 261 -19
730 1178 -13
730 731 -28
700 233 -28
700 1149 19
700 701 13
700 670 8
760 789 28
760 761 13
760 1207 -28
760 289 8
261 260 -8
261 263 -28
261 259 19
261 1146 8
1178 1176 -8
1178 1177 -8
1178 1179 8
731 729 -8
731 733 -19
731 1175 -8
731 258 28
525 65 -8
525 976 -28
525 526 28
525 495 -8
525 555 -13
65 67 -28
65 63 -8
65 943 19
65 64 -19
976 93 28
976 974 19
976 975 19
526 528 8
526 973 28
526 524 -8
526 62 -13
495 496 -8
495 465 28
495 946 28
495 37 -19
555 556 -13
555 585 28
555 94 28
806 808 -13
806 804 8
806 1250 -8
806 805 13
806 330 -19
808 332 19
808 1252 -19
808 810 -19
808 807 28
804 803 8
1250 1280 -19
1250 1220 -13
805 333 28
805 776 28
805 835 19
805 1253 -8
330 1221 -28
233 231 -8
233 235 8
233 232 -13
231 1115 8
231 698 19
235 1119 -28
235 702 13
235 234 28
235 237 13
232 203 28
232 260 19
232 703 -8
770 1217 13
770 771 13
1217 1216 8
1217 1215 -19
771 773 -28
771 769 8
771 296 8
333 335 8
333 332 28
333 1220 13
335 334 -28
335 1222 -28
335 807 8
332 303 -8
332 1223 19
1220 777 -28
1220 1221 13
873 1321 28
873 843 -13
873 399 -8
873 874 13
1321 427 -28
1321 1320 8
843 844 -19
843 1291 -13
843 813 -13
843 370 -19
399 398 28
399 1288 -13
399 397 -28
874 876 -19
874 872 -28
874 1318 19
527 528 -8
527 67 8
527 497 8
528 64 -13
528 975 -8
67 66 -28
67 945 -8
497 498 19
497 39 -19
497 467 13
497 948 19
468 466 8
468 915 8
468 470 -19
468 7 -13
468 467 -8
466 465 -8
466 464 13
466 913 13
466 5 13
915 39 28
915 885 -8
915 945 -28
915 916 8
470 472 8
470 917 19
470 9 8
7 36 -13
7 8 -8
7 886 13
467 437 13
467 10 -13
467 918 -19
297 773 28
297 1187 -13
773 772 -8
773 1216 13
1187 1189 28
1187 1186 -28
876 1320 28
876 875 8
876 398 -19
1320 1290 28
875 845 -13
398 369 28
398 427 -28
398 1291 19
369 1261 -13
369 846 -8
369 340 19
369 370 -19
427 428 -19
1291 1290 -8
1291 1289 19
566 568 19
566 564 28
566 101 -8
1015 1014 8
1015 1017 -28
1015 1013 -13
772 742 8
772 300 19
742 712 8
742 273 -28
742 1189 -19
300 302 -19
300 1186 13
300 299 8
304 776 19
304 303 -19
304 306 -13
304 302 13
1191 1193 28
1191 1189 19
1191 744 -28
383 857 28
383 381 13
383 382 8
383 385 19
857 858 -8
857 827 8
382 353 -19
382 860 19
382 411 19
385 859 -8
385 384 28
385 1274 -28
385 387 8
103 568 13
568 1014 8
568 570 8
568 567 28
579 609 -13
579 117 -13
579 580 -13
579 549 13
609 638 -28
609 146 -19
609 610 -8
117 997 13
117 119 28
117 116 -8
580 115 -19
580 1026 8
549 550 -19
549 519 -8
549 88 -8
685 215 8
685 1131 13
685 683 13
685 684 28
215 244 -13
215 216 19
215 1102 8
1131 1160 19
1131 1101 -8
1131 1132 19
1131 247 -8
683 1129 19
683 681 -28
683 682 8
684 654 -28
684 218 -8
684 714 13
1176 287 8
1176 728 28
1176 1174 -8
1176 1175 13
287 761 -28
287 314 13
287 258 -28
728 729 28
728 259 28
728 698 -28
728 758 28
1174 286 -13
1174 1173 13
1175 289 19
1175 1204 28
1175 1146 -8
824 822 13
824 823 -13
824 347 -28
824 826 -28
824 1268 -28
822 820 -8
822 345 -13
822 821 13
823 793 19
823 350 8
823 853 13
347 318 13
347 1239 -19
826 349 19
826 828 28
1268 1298 28
1268 1238 -8
1279 1281 28
1279 1277 13
1279 831 -13
1281 1280 -8
1281 388 -19
1281 1283 -13
1277 384 -13
1277 1276 -28
1277 829 28
318 794 19
318 319 -19
318 290 -13
318 1209 -13
1239 791 19
1239 1241 28
1239 1238 -28
172 170 -19
172 1052 -28
635 633 13
635 1081 -19
635 637 -13
635 169 -28
1242 1212 -13
1242 354 13
1242 1243 13
1212 769 -19
1212 1213 -13
1212 1182 19
354 353 13
354 356 28
354 827 19
354 352 -13
1243 1245 28
1243 1241 13
1243 795 -19
1243 351 -8
722 255 13
722 723 28
722 692 28
722 1170 28
722 752 -28
255 254 19
255 253 -19
255 256 28
723 725 8
723 252 28
723 1168 8
692 226 19
692 1141 8
692 662 -13
1170 282 8
1170 1172 13
1170 1169 -19
752 283 28
752 753 -13
1245 797 28
1245 353 19
797 768 -28
797 827 19
353 830 28
737 736 13
737 1180 8
737 735 -13
737 264 -13
736 267 8
736 766 -19
736 1183 -8
736 706 -28
1180 1181 13
1180 1152 19
1180 1210 13
1180 295 -8
735 262 -28
735 734 -8
735 733 13
264 1153 8
264 292 8
264 265 -19
254 282 8
254 1141 -28
254 725 -28
282 755 -13
282 283 8
1141 1139 13
1141 1143 8
725 727 -13
725 724 -19
1030 150 -13
1030 584 -13
1033 149 -13
1033 1032 28
532 534 28
532 979 -19
501 952 8
501 471 13
501 43 -13
982 99 28
982 981 13
561 100 -13
561 591 13
561 1011 -28
400 371 13
400 1293 19
371 848 -28
371 342 -13
371 1263 -19
1293 1292 28
534 981 19
534 533 -19
981 102 28
981 951 -13
981 1010 -13
533 503 8
533 563 -19
1056 610 13
1056 1085 8
1056 175 -28
1056 1026 28
1085 1115 13
1085 1086 13
1085 202 8
175 638 -8
175 174 -8
1026 1027 -8
1026 146 -19
1026 997 -8
776 1223 -13
776 777 28
1223 1222 -28
1223 1221 13
777 779 13
203 1090 -28
203 204 28
203 673 8
1090 1088 -13
1090 1092 28
204 670 -8
204 206 -8
204 202 13
204 1087 13
673 675 8
673 1119 -13
673 671 28
673 672 -13
339 338 8
339 341 -8
339 811 -19
338 814 -8
338 367 28
338 1229 -19
341 813 -8
341 340 28
341 1228 19
811 841 28
811 1259 -13
811 812 8
474 13 -28
474 472 -28
474 921 -8
474 476 -13
474 473 -19
13 42 -19
13 892 -19
13 14 -13
472 919 8
472 471 13
921 45 13
921 891 13
921 951 19
921 922 -28
476 923 8
476 15 -28
473 16 8
473 443 13
473 924 -8
473 503 -8
779 778 19
779 303 -13
779 1222 8
778 306 19
778 807 28
778 748 19
303 1193 -8
1222 1192 13
1222 1252 -28
601 1051 -19
601 602 -8
601 631 -19
601 139 -13
601 571 -8
1051 167 -13
1051 1050 19
1051 1049 -19
1051 1053 -13
602 1048 -13
602 136 28
602 604 19
602 600 28
631 168 19
631 660 28
631 1080 13
139 137 -8
139 1018 13
139 138 -19
139 141 -19
571 1021 8
571 572 -28
571 110 -13
571 541 -8
1298 1299 -19
1298 408 -28
1299 1297 -13
1299 405 8
408 407 28
1193 1192 8
1193 1195 -13
789 790 -28
789 317 19
790 314 -13
790 1234 -8
790 788 13
317 1204 8
317 319 -28
317 316 28
317 315 8
896 894 -13
896 445 28
16 15 -28
16 14 13
16 891 19
15 894 -28
15 44 -13
14 471 13
14 12 19
14 889 13
891 444 -19
891 892 8
1168 1169 8
1168 283 -13
753 755 19
753 751 -13
306 1192 -13
306 305 28
305 278 13
305 1195 8
305 334 28
845 846 8
845 815 8
846 1290 -19
846 844 8
815 816 -13
586 120 13
586 584 -13
586 585 -28
586 1032 13
120 91 19
120 121 19
120 149 13
585 123 -13
585 615 -19
1032 1062 28
1032 152 -8
1032 1002 -28
91 556 13
91 974 -8
91 62 28
121 123 -28
121 119 28
149 150 13
149 616 13
900 449 -13
900 902 13
900 21 -28
900 899 -19
897 927 -28
897 450 13
1198 1228 -19
1198 755 -8
691 221 13
691 690 13
691 689 -28
221 1108 -19
221 250 -19
221 222 -13
221 192 -8
690 660 -8
690 224 8
690 1139 13
690 720 13
689 1135 8
689 688 -8
100 99 -28
100 102 13
100 979 -13
99 564 -8
102 563 28
102 101 -13
979 1008 -19
830 828 8
830 1274 -28
830 829 28
122 151 -28
122 93 28
122 123 -8
151 618 -28
151 152 -13
93 558 28
93 94 8
93 64 8
123 1002 -28
66 948 -19
66 38 -19
945 498 19
945 946 -19
945 975 -8
168 166 28
168 170 -8
168 167 19
168 1048 -28
166 629 19
166 165 -13
166 164 -8
166 1046 8
170 1050 19
170 632 13
170 169 8
167 633 -19
167 194 28
167 138 13
1048 1049 13
1048 1018 28
1186 1158 -19
1186 1216 -13
449 450 28
449 479 8
450 452 -8
479 480 -13
479 930 19
479 509 -19
952 951 8
951 504 -28
1262 1232 -28
1262 373 -8
1262 1263 28
1262 1292 13
1232 1233 -13
1232 1202 -13
1232 788 13
1292 848 13
638 1088 19
1088 1086 13
1088 201 28
1088 1087 -8
174 145 -28
174 201 28
145 146 -19
145 116 -28
201 671 -19
201 202 -19
412 411 -19
412 414 -13
858 860 -28
987 988 19
987 957 28
987 1016 -13
987 108 13
539 509 -19
539 569 13
539 990 13
1062 616 28
616 618 28
616 615 -19
1002 556 -8
1002 973 8
796 1240 -13
796 320 -8
796 795 13
796 794 -8
1240 1241 -13
1240 352 13
1240 1210 -8
320 1211 28
320 349 -28
320 321 28
320 292 -28
795 323 8
795 766 8
794 793 -28
794 1238 -13
480 927 8
480 482 -28
927 957 13
927 51 -19
927 928 8
482 21 -19
482 929 8
482 481 28
607 577 19
607 636 28
607 608 -13
577 578 28
577 547 -19
636 666 19
636 637 -28
608 142 19
608 1054 8
48 928 -19
48 510 -8
902 23 -28
902 451 -13
23 52 -19
23 24 -28
451 452 -8
451 481 19
42 922 13
42 504 8
42 43 -19
922 471 -8
922 924 13
504 503 -19
43 45 -19
43 919 28
1108 1106 19
1108 658 -19
1108 1110 19
1108 1107 28
1106 1104 8
1106 656 -13
1106 1105 -28
658 688 -19
658 629 -8
658 659 8
658 193 -19
1110 660 28
1110 1112 28
1110 1109 8
1110 223 -28
1107 224 8
1107 1077 -28
1107 661 8
1304 1274 -19
1304 414 -19
1304 860 28
414 413 -8
414 416 8
860 859 -28
860 862 -28
21 50 -8
24 899 8
24 26 8
24 481 28
228 226 -28
228 1111 19
724 1172 -19
724 256 13
1143 1142 -8
155 622 19
155 156 28
155 1039 -19
322 351 -28
322 323 -8
322 294 -13
322 1213 28
351 352 -28
351 828 -8
323 1210 19
323 321 -8
294 266 8
294 769 -28
294 1183 28
294 295 13
1213 1211 13
1213 766 -13
1213 1215 -28
267 266 19
267 269 8
267 265 28
267 1152 13
266 1155 19
266 238 -28
269 738 28
269 1154 19
269 271 -19
265 734 19
265 1150 -8
265 263 -19
1152 707 -13
1152 1123 28
1152 1153 19
25 54 -13
25 26 -8
25 486 -19
903 933 8
903 456 -28
696 666 19
696 726 -28
1142 1113 8
1142 1171 8
1157 1155 19
1157 708 28
1161 712 -13
1161 1160 -8
1161 272 -13
1158 273 -19
1158 1129 -19
388 866 28
388 417 19
388 389 8
1284 395 -19
1284 1314 8
1284 1285 -28
1284 840 -19
395 869 -19
395 393 8
395 397 -13
1314 1315 13
1314 870 28
1285 392 13
1285 837 8
1285 1287 19
1285 1283 13
840 839 8
840 842 28
840 363 -28
840 838 -8
660 195 13
660 661 -19
195 1077 -13
195 194 -19
195 193 -28
195 197 -8
661 192 8
661 663 -19
661 659 -8
849 1297 13
72 101 -19
72 44 -19
343 1235 8
343 820 -8
343 314 8
821 791 8
428 1318 -8
751 750 8
751 278 8
748 279 19
748 1195 -8
960 78 28
960 509 -13
960 959 -19
960 962 13
957 510 -19
1083 1054 28
1083 1113 13
1083 637 19
1054 1024 19
446 445 -13
446 444 13
446 893 -28
444 442 13
444 443 -13
893 894 -8
893 923 28
615 152 -28
674 675 8
674 704 28
674 1124 -13
712 245 -8
712 682 -28
245 1129 19
245 244 8
245 247 -28
682 652 19
682 216 -19
682 1132 13
1211 764 -13
1211 1210 19
1211 1209 -28
764 734 19
764 793 -28
764 293 8
764 765 -28
1210 767 13
1209 1208 8
1209 1207 -19
1209 762 19
1024 578 -8
1024 1025 28
1024 995 19
578 576 13
578 113 -8
1025 142 -19
1025 1023 -13
995 996 8
995 965 28
995 548 -28
1011 1010 -13
1011 1013 8
1008 1038 -13
224 223 -19
224 222 19
224 226 19
223 252 -13
223 194 -19
222 220 19
222 688 13
222 1105 -19
226 1109 13
1135 1105 -8
1135 251 13
1105 659 13
251 250 -19
251 253 -8
498 496 28
498 36 -8
496 494 -28
496 34 -13
496 943 -19
36 64 -8
36 37 -19
36 916 -19
1246 1276 19
1246 1216 19
355 384 19
355 356 -13
1112 662 -13
1112 1111 -8
39 37 28
39 38 28
37 35 8
37 913 19
38 9 -13
38 918 8
869 870 19
869 839 -8
870 392 -28
870 872 -19
870 868 -13
839 809 28
839 1287 -19
839 366 -13
273 271 19
273 272 -19
272 244 8
272 299 -13
872 871 19
872 1316 8
1287 1286 -28
1287 1289 -13
365 366 8
365 1257 13
365 842 -19
463 433 28
463 464 -19
463 914 28
463 493 19
463 6 -13
433 434 -8
433 884 -28
464 3 13
464 911 -13
914 34 19
914 916 13
914 913 -8
914 912 -8
493 494 28
493 35 -19
493 944 28
6 8 13
6 5 -8
6 4 13
6 881 -28
1290 1260 19
1260 1261 -8
1260 1230 13
1260 816 19
552 87 -19
552 550 -28
87 116 19
87 59 -8
87 88 19
87 970 -8
550 997 -28
550 86 8
378 349 13
378 407 -13
827 828 -28
81 83 -8
81 541 8
81 959 -13
78 50 19
78 107 -19
974 973 8
974 972 -13
975 96 28
820 1264 -19
346 345 28
346 1234 -28
964 513 28
964 82 -19
964 963 -28
964 966 8
964 962 8
513 514 28
82 54 -13
82 111 -13
82 83 -13
963 516 8
963 85 -19
963 993 -8
963 933 8
966 84 19
966 515 -8
966 965 -28
962 511 -19
452 899 -8
899 929 28
688 1138 -8
1215 768 8
250 278 28
250 1138 19
278 279 28
1138 1139 19
732 733 -8
732 702 -28
732 263 -13
732 762 -28
732 1179 -28
733 260 8
733 1177 -19
702 1151 -8
702 672 -19
702 703 19
263 262 19
263 1148 8
762 791 28
762 763 19
762 291 19
1179 290 13
1179 1181 -19
1111 1081 -8
503 45 28
1252 1282 28
1252 1253 8
1252 364 -13
810 809 19
810 334 8
810 812 -13
807 837 8
807 1255 28
437 438 13
437 888 -8
10 9 -19
10 8 -19
10 885 28
10 12 -13
918 917 19
918 916 -13
45 44 -19
44 924 -28
334 363 -28
917 887 -28
9 888 -13
888 886 19
888 890 -28
888 887 28
1264 1234 -19
279 277 -13
930 929 28
930 50 -28
930 928 -19
929 53 -8
929 959 -13
50 512 28
50 51 28
576 111 -28
576 574 8
576 1022 19
111 112 -28
111 140 28
111 994 19
574 572 -8
574 1020 -28
574 573 13
574 109 28
1022 1052 -28
1022 993 28
1022 1023 28
892 894 19
892 441 28
892 890 19
654 1104 -8
654 189 28
654 655 -13
654 625 13
218 220 -19
218 216 -28
218 1101 19
218 217 -8
714 715 19
714 247 -13
714 744 -8
894 443 -28
96 94 -19
94 973 13
656 627 -28
656 191 -28
656 657 -19
628 626 28
628 1074 28
628 627 -8
628 161 -19
628 630 13
626 625 -8
626 159 8
1074 1044 28
1074 191 -19
627 597 19
627 1076 -8
627 164 19
161 188 -28
161 1045 13
161 162 28
630 629 13
630 163 -19
356 829 13
766 767 -13
766 295 -13
1183 1182 28
1183 1181 -19
706 1155 -13
706 707 -13
706 239 -19
706 676 13
1221 774 19
738 768 -19
738 708 -28
768 769 -19
708 709 13
708 678 19
708 241 13
563 593 -13
563 1013 -8
563 564 -19
997 967 -8
967 968 13
967 520 -13
967 937 -8
967 88 -8
1139 252 -13
923 924 -13
969 522 13
969 90 -8
969 970 -8
1104 217 19
1104 1102 -8
217 188 13
1102 1100 -13
1102 652 -8
1102 1101 -13
791 319 -28
319 321 13
936 935 -28
936 485 8
936 934 -8
935 905 13
935 965 8
485 455 8
485 486 19
485 515 -8
934 54 -19
934 933 19
1228 1258 -13
1228 1229 13
755 757 -13
720 750 -8
720 1169 -28
720 253 -28
29 908 -8
29 58 -8
29 490 -13
29 0 -28
908 907 28
58 86 -13
58 520 13
58 938 -8
490 489 13
490 937 -8
490 492 -13
0 460 -8
0 878 -13
290 262 -19
290 291 -8
290 765 -8
101 130 -13
1080 1082 8
1080 194 19
1080 1079 19
1080 1078 -19
1155 1154 -28
1155 1153 19
1154 1182 -8
1154 1125 8
1154 709 13
1153 1151 -19
1153 704 8
262 1151 19
262 234 19
1151 1150 8
1151 1149 19
234 705 8
234 205 8
234 1122 -19
988 990 8
988 105 8
990 989 19
990 107 -28
990 992 -13
105 570 28
105 134 -19
105 106 13
948 946 19
633 1079 -13
633 632 19
1079 1050 -13
1079 1109 28
1079 197 28
632 1082 -8
632 603 19
632 662 -8
1053 169 -13
1053 1052 28
1053 603 8
194 663 -8
138 109 -8
138 1021 19
138 604 19
1050 604 19
1050 1020 8
169 140 13
169 196 28
744 774 -13
1234 1235 -13
1234 1204 -8
442 441 13
442 889 -13
442 440 -28
441 471 -8
889 919 -19
889 890 -13
440 439 -8
440 887 8
440 438 -19
1207 316 -13
1207 1205 19
763 761 -19
763 288 19
763 765 -28
1177 1148 8
1177 291 19
1077 1078 -28
494 32 28
494 492 -8
494 941 -13
32 3 13
32 912 19
492 30 -8
492 491 8
941 971 -8
941 942 19
941 63 13
941 911 8
1109 663 13
302 774 -13
774 803 13
35 911 19
35 34 -8
911 881 8
911 912 -8
34 5 -13
34 62 -13
238 709 -13
238 209 19
238 1126 -19
238 239 -8
933 486 19
933 57 13
456 455 -19
456 458 -19
943 973 -13
943 944 19
943 913 28
844 842 -19
844 367 28
844 1288 -19
842 1286 28
842 841 -19
367 368 -13
367 1259 -13
1288 1318 -19
1288 1289 -19
1288 1258 -13
1129 1099 13
1160 715 8
1286 397 8
1286 1316 8
1286 1256 19
397 871 -28
1256 1257 -13
1256 368 -19
1256 812 -19
510 512 13
510 509 28
345 316 28
86 968 -13
86 115 8
968 970 28
420 418 -13
420 1310 -13
420 419 19
420 422 -13
418 417 -13
418 416 -13
1310 866 19
1310 1280 -8
419 1313 -13
419 390 28
422 1312 -28
422 421 19
971 524 8
971 972 -8
524 522 28
972 521 19
972 89 19
972 970 28
769 767 -13
252 253 19
707 709 -19
707 705 -28
705 1150 28
705 704 13
705 703 8
140 141 8
140 1023 19
1052 1081 13
604 603 28
871 841 28
841 1289 8
841 368 -8
142 113 13
141 603 19
141 1020 -8
465 8 -8
465 916 -19
465 435 -8
8 883 8
435 886 19
435 436 8
89 90 8
556 558 28
761 759 -28
761 1204 -13
759 286 13
759 758 -28
1204 1205 -8
30 1 28
30 59 13
30 31 -28
912 461 -19
459 489 -8
459 460 -19
459 2 13
459 429 8
62 63 -28
62 944 8
1082 1081 -19
1082 196 -13
196 197 -19
1044 598 28
1044 1014 13
1044 164 -28
1044 1045 8
598 597 19
598 596 -19
598 600 19
164 163 -19
164 162 -28
1045 1043 19
1045 1047 8
240 211 19
240 1128 28
240 241 8
734 704 8
734 1181 13
704 237 -19
1181 292 -19
241 1125 -8
241 239 13
1127 681 13
1127 1097 8
1127 1128 -13
1233 342 13
1233 1235 19
342 313 8
431 432 19
431 461 -28
431 882 19
432 434 -8
432 430 28
461 491 28
461 4 19
882 881 13
882 884 28
882 880 28
882 3 8
1132 244 -19
12 887 28
439 890 -8
545 85 -28
545 515 13
545 996 19
114 113 8
114 112 28
114 993 28
522 520 -13
522 59 13
522 521 8
520 519 -28
59 940 28
59 60 -8
521 61 28
521 491 28
481 511 19
52 514 8
52 53 8
113 996 19
113 84 13
996 994 19
84 85 -19
84 548 13
767 292 -13
767 765 13
292 293 -28
765 1208 8
663 662 19
597 567 -8
597 1047 -8
1076 190 -13
1076 1078 -13
197 662 -13
629 599 -8
629 1078 13
163 1047 -13
163 134 -8
163 190 19
1189 299 19
1150 1121 -13
1121 675 8
1121 1122 -28
1121 237 8
1047 1049 8
1047 1046 -28
134 600 28
134 1017 -28
190 659 8
190 191 -19
313 1203 19
313 788 -19
313 286 8
1227 780 28
1227 1229 -28
1020 1021 -8
1241 793 -19
1241 349 19
1238 350 -28
1238 1208 28
729 257 -28
729 1173 28
258 259 19
258 1147 19
438 436 19
438 885 -13
1202 315 28
1202 1173 19
1202 1203 -28
315 314 8
1173 1144 8
1203 1205 19
657 188 8
657 655 -8
657 659 28
64 946 28
489 31 -28
489 940 -8
489 519 -13
31 907 13
940 942 19
940 938 -19
519 970 8
519 60 -8
793 321 -13
321 1208 -13
625 162 -8
596 1042 -8
596 594 -13
596 130 19
1 2 -19
1 880 -8
363 1255 -8
363 392 -28
363 364 13
838 837 13
838 1282 19
838 361 13
349 350 19
1125 679 -28
1125 1126 -8
106 567 -13
106 108 19
603 573 -8
885 886 -8
1261 813 28
1261 1259 28
813 814 -19
813 784 13
1259 1257 13
1259 1258 -28
350 352 -8
937 907 13
937 938 28
937 60 -28
88 90 19
416 1306 8
946 944 -19
944 942 -8
511 53 8
511 541 -28
511 512 -8
53 51 13
541 992 8
512 959 -28
512 514 -8
1315 421 13
1315 1313 -8
1315 867 -19
5 884 13
192 165 28
192 1078 -28
192 193 19
136 165 28
136 137 19
136 1019 8
136 107 -19
600 599 -8
600 1046 28
1123 239 -19
1123 1093 19
1123 1124 13
239 237 -19
1093 210 -13
1124 1122 28
1124 1126 -8
314 1205 8
137 599 8
137 1016 8
1018 572 13
1018 989 13
1018 1019 -28
316 288 8
1313 865 -19
1313 1312 28
390 868 28
390 361 8
390 391 8
390 1283 -13
189 188 13
189 187 -28
189 191 -13
655 1101 8
655 653 -19
1312 868 13
1312 1282 -8
421 392 19
517 547 28
517 487 13
517 518 -13
547 548 13
487 457 -28
518 965 -8
518 516 13
676 210 19
676 646 -19
676 1126 -8
613 150 -8
209 210 13
209 1096 13
209 679 8
1126 1128 19
1099 1100 -13
1099 216 -19
1099 653 -8
1099 1070 28
289 288 -19
289 291 -28
288 260 -28
260 1149 -8
866 868 -28
866 864 13
866 865 -13
868 867 8
864 862 8
864 863 28
865 835 -19
865 391 8
51 509 19
392 393 8
837 867 28
837 364 8
1283 835 -8
1283 1282 -19
295 293 28
675 205 -13
205 206 8
205 1092 28
162 160 -13
162 1042 19
715 244 -28
1023 1021 -13
1023 573 -19
434 881 13
434 436 -19
884 883 -28
884 886 -13
61 63 8
61 60 8
491 942 13
393 1282 28
393 867 -19
393 391 13
3 4 28
591 621 -8
621 650 28
621 622 19
4 2 -28
599 1049 13
599 569 -28
1149 1148 13
1149 1147 -8
165 1049 -28
681 679 -8
681 211 -28
679 678 -28
211 212 -8
211 1098 -28
1119 1148 8
1148 703 -8
809 780 8
809 1257 -13
366 368 -8
366 364 -28
567 1017 19
368 370 -13
1230 1231 -8
1230 786 -13
816 340 13
816 814 -8
1147 1145 -19
1147 698 -8
1147 1146 -13
757 756 -13
757 284 19
650 1100 28
1100 1098 -8
191 193 13
672 206 28
672 1122 -8
703 701 -19
214 216 -8
214 212 -28
214 1097 -13
212 210 -8
212 678 19
1097 1098 -19
1097 1068 8
109 110 13
109 992 28
1021 1019 -19
573 112 28
859 829 13
384 862 19
384 413 -13
862 1306 -13
1280 391 28
391 389 -28
1019 1017 -13
1019 569 13
678 1128 19
1205 758 8
814 812 28
814 1258 8
784 1231 8
340 1231 -13
1231 1229 8
291 293 -28
460 907 13
907 877 -19
361 1253 -19
883 436 13
883 913 -8
618 620 28
620 622 19
620 619 13
257 1145 28
257 229 13
257 286 -28
593 1043 -13
593 594 -8
1043 1042 8
1043 159 -8
594 1040 -13
1096 646 -8
1096 1098 13
572 570 8
572 107 28
570 1016 -13
570 569 8
107 108 -19
1145 1144 28
1144 259 -19
1144 1115 19
1144 699 -13
1070 1040 -13
1070 187 -13
622 1068 28
750 780 13
160 159 -19
160 1040 -8
159 130 8
1040 1010 -19
1046 1016 -13
430 877 13
430 429 -28
457 458 8
569 108 -28
112 110 13
993 994 28
285 284 -8
285 283 -28
1276 1306 -19
1276 387 19
387 389 -13
652 187 -28
652 653 -19
756 726 28
726 727 -19
1255 1253 -28
1255 1257 19
1016 1017 13
130 1013 -28
1171 1172 8
1171 727 -8
1172 284 13
863 389 -13
877 878 -19
877 2 -13
878 880 8
959 989 -19
514 516 8
429 880 -13
1258 370 -19
989 110 -13
110 108 13
587 1037 28
619 156 -19
1037 1039 28
698 699 -13
516 515 -28
516 54 -8
1010 564 -19
992 994 -28
1115 669 19
699 701 -8
699 229 -28
1146 701 19
1038 1068 -13
1038 1039 -28
670 671 -8
150 152 -8
515 57 -28
85 83 13
671 669 -13
905 458 -8
