1249 1248 -13
1249 357 19
1249 1247 -28
1249 1251 -13
1249 801 -8
1248 360 -19
1248 1218 -19
1248 1278 8
1248 804 -13
357 834 -28
357 386 28
357 328 19
357 358 8
1247 1245 28
1247 355 19
1247 799 28
1247 1246 13
1251 359 -13
1251 803 -28
1251 1253 8
1251 1250 -13
801 772 13
801 802 -19
801 329 19
801 831 19
157 1041 -8
157 184 13
157 624 -13
157 158 19
157 128 28
1041 591 -28
1041 1040 19
1041 1043 8
1041 1039 28
184 213 -19
184 185 8
184 653 -19
184 1071 -28
624 626 -8
624 623 -19
624 1070 -19
624 622 13
158 160 -19
158 621 19
158 156 -19
158 1038 13
128 129 -8
128 594 -13
128 1011 19
128 99 13
741 268 13
741 739 28
741 740 13
741 743 8
741 1184 8
268 269 -8
268 240 -19
268 1157 -28
268 296 28
739 737 -28
739 738 19
739 266 -28
739 1182 -19
740 710 -8
740 770 -13
740 1187 -19
740 271 28
743 270 -28
743 745 -8
743 1186 8
743 742 -8
1184 298 28
1184 1156 -28
1184 1214 -19
1184 1185 8
447 448 28
447 477 28
447 898 -28
448 895 -28
448 446 19
448 450 -13
477 20 13
477 928 -28
477 507 -28
477 478 13
898 896 19
898 19 -28
898 900 -19
898 897 -13
401 402 8
401 372 -19
401 1295 -28
402 404 28
402 1292 -13
372 850 -8
372 343 8
372 1265 28
372 373 -8
1295 1294 -8
1295 1297 -8
1295 1293 -28
1295 847 -13
404 406 -28
404 1294 -28
404 403 19
406 408 13
406 1296 13
406 405 28
1294 850 -19
1294 1264 -19
403 1297 13
403 374 -19
535 505 -8
535 986 13
535 536 8
535 565 -8
535 75 -19
505 956 28
505 475 -28
505 506 28
505 47 19
986 103 19
986 988 8
986 984 -19
986 985 -13
536 538 -19
536 983 19
536 534 19
536 72 19
565 566 28
565 1015 8
565 595 -13
565 104 -28
75 77 19
75 73 -19
75 953 8
75 74 -8
1061 611 -8
1061 1059 -28
1061 1060 13
1061 1063 8
611 640 19
611 581 19
611 612 19
611 148 -28
1059 174 -8
1059 1058 8
1059 1057 28
1059 609 13
1060 178 -28
1060 614 -19
1060 1030 -13
1060 1089 -19
1063 1062 13
1063 177 8
1063 1065 19
1063 613 8
173 144 8
173 639 -19
173 1057 13
173 200 -19
144 1027 -28
144 115 -19
144 610 13
639 638 -28
639 1085 -28
639 641 13
1057 1056 28
200 229 28
200 669 13
200 1086 -13
1300 856 8
1300 410 -19
1300 1270 13
1300 1301 13
856 855 19
856 858 -19
856 378 8
856 854 13
410 408 -19
410 412 8
410 409 19
1270 1240 -28
1270 826 8
1270 1271 -28
1270 381 19
1301 1303 13
1301 1299 13
1301 407 -28
1301 853 -19
27 488 8
27 906 -19
27 56 28
27 28 -13
488 487 -19
488 486 13
488 935 -19
906 904 -28
906 455 -19
906 905 -13
56 936 28
56 518 -8
56 57 8
56 84 13
28 903 8
28 485 -8
28 26 -13
538 74 28
538 985 8
538 537 8
538 540 -19
74 956 19
74 46 -19
985 955 8
985 1014 28
985 106 19
537 77 -19
537 988 19
537 507 -13
537 567 -19
540 987 -8
540 539 8
540 76 -13
540 542 -13
499 41 -13
499 950 13
499 529 -8
499 500 19
499 469 19
41 40 8
41 39 -19
41 43 -13
41 917 -13
950 952 -13
950 68 -28
950 949 -8
950 948 -19
529 559 -8
529 980 8
529 530 8
529 69 -28
500 498 8
500 947 -13
500 38 -19
500 502 -19
469 470 13
469 12 28
469 439 8
469 920 -13
1001 999 -8
1001 118 19
1001 1000 -19
1001 1003 8
1001 551 28
999 998 8
999 549 19
999 116 -28
118 147 19
118 89 13
118 119 -8
118 584 13
1000 971 -8
1000 554 -13
1000 1030 13
1000 121 -8
1003 553 -8
1003 120 28
1003 1002 -8
1003 1005 19
551 552 13
551 521 13
551 581 8
551 90 -28
1303 409 -13
1303 1302 28
1303 1305 19
1303 855 8
409 380 19
1302 412 28
1302 858 13
1302 1272 -8
1305 1304 13
1305 1307 -28
1305 857 8
1305 411 -13
855 381 -8
855 825 -13
207 677 19
207 236 8
207 208 8
207 1094 -19
207 179 13
677 1123 -8
677 675 19
677 676 -28
677 679 19
236 707 8
236 264 -28
236 1124 -19
236 237 13
208 674 28
208 210 19
208 206 -8
208 1091 -13
1094 644 13
1094 1096 13
1094 1092 8
1094 1093 -19
179 647 8
179 151 8
179 1065 19
783 1226 28
783 785 -13
783 782 -8
783 781 19
783 307 -13
1226 339 -13
1226 1196 -28
1226 1227 13
1226 1256 -28
785 309 8
785 1228 -8
785 786 13
785 784 -28
782 310 -8
782 752 -13
782 811 -13
782 1229 -19
781 1224 -13
781 779 -19
781 305 13
781 780 8
307 308 8
307 336 -13
307 280 19
307 1197 -28
605 634 -28
605 575 -28
605 1055 -28
605 143 19
605 606 8
634 664 28
634 172 28
634 635 13
634 1084 28
575 576 13
575 545 -19
575 114 -19
575 1025 -28
1055 1053 8
1055 171 8
1055 1054 19
143 142 13
143 141 19
143 1022 19
606 140 8
606 1052 -8
606 604 28
606 608 -28
1201 754 -8
1201 1200 28
1201 1199 19
1201 311 28
754 755 -28
754 784 -8
754 724 -8
754 285 19
1200 1171 19
1200 1230 28
1200 757 13
1199 752 -8
1199 1197 8
1199 1198 28
1199 309 19
311 340 19
311 786 8
311 312 -8
311 284 -28
308 310 8
308 306 8
308 780 13
308 1194 -19
336 365 8
336 337 13
336 812 -19
336 1227 -13
280 1169 -19
280 252 8
280 281 19
280 753 -28
1197 1196 8
1197 1195 -19
1197 750 -8
40 920 13
40 11 -19
40 502 13
40 68 13
920 919 -19
920 922 19
920 918 -8
11 12 -8
11 890 -13
11 472 13
502 504 -28
502 949 8
502 501 -8
68 97 13
68 69 19
68 532 8
20 18 8
20 895 28
20 22 -13
20 19 -28
18 16 13
18 475 -19
18 893 28
18 17 13
895 925 28
895 896 -8
22 479 28
22 21 -19
22 897 -28
22 24 13
19 480 -28
19 48 -8
310 309 -19
310 312 13
310 1196 -19
309 282 19
309 338 -28
312 1198 13
312 784 -8
1196 1168 -28
1196 753 -8
274 1163 13
274 747 -19
274 275 19
274 246 13
274 301 -28
1163 1165 13
1163 1161 8
1163 714 -13
1163 1162 -28
747 749 -13
747 1190 8
747 746 19
747 745 -28
275 273 28
275 744 8
275 277 28
275 1160 19
246 1134 28
246 717 28
246 247 28
246 217 13
301 302 28
301 1191 -28
301 330 -8
301 777 -8
590 592 -13
590 589 -19
590 588 -19
590 124 -8
590 1036 -13
592 126 19
592 591 -13
592 594 19
592 1038 13
589 127 -28
589 559 -28
589 619 -13
589 1039 13
588 1034 -8
588 586 19
588 122 -19
588 587 -28
124 1007 13
124 95 -8
124 153 19
124 125 13
1036 1037 8
1036 1066 -28
1036 1006 -8
1036 156 -13
1007 1005 13
1007 1009 13
1007 1006 -8
1007 557 19
95 96 -19
95 66 -8
95 978 -8
95 560 28
153 620 28
153 1037 -19
153 154 -19
153 180 28
125 127 19
125 123 -28
125 587 28
125 1004 19
925 478 -13
925 955 19
925 926 -13
925 49 13
478 480 28
478 476 19
478 17 -13
955 956 -8
955 77 -28
955 508 13
926 46 13
926 924 -19
926 475 28
926 928 -13
49 47 -28
49 507 -19
49 48 -8
49 51 -13
1166 1194 -19
1166 1167 -28
1166 1137 19
1166 281 8
1166 721 13
1194 1224 13
1194 1195 28
1194 751 -19
1167 1165 -13
1167 718 19
1167 1169 -13
1167 278 -13
1137 691 -19
1137 1138 19
1137 1107 -19
1137 253 8
281 279 28
281 750 -8
281 283 8
721 719 -19
721 250 8
721 720 8
721 723 28
553 92 13
553 583 19
553 554 -8
553 523 19
92 971 -13
92 91 19
92 94 -28
92 90 8
583 613 28
583 584 8
583 1033 -8
583 121 8
554 552 -13
554 89 28
554 556 28
523 524 19
523 63 -19
523 493 -19
523 974 13
695 697 28
695 693 8
695 694 13
695 225 -13
695 1140 -28
697 696 19
697 1142 19
697 227 13
693 691 28
693 223 -19
693 692 8
694 664 19
694 228 8
694 724 8
694 1143 -13
225 254 -28
225 226 13
225 1112 -8
225 196 -19
1140 1141 -28
1140 1111 28
1140 256 13
834 833 -8
834 1278 -19
834 832 -8
834 836 13
833 360 13
833 803 8
833 863 -28
833 1281 13
1278 1279 19
1278 1308 -13
1278 389 -8
832 831 28
832 1276 19
832 830 19
832 355 -13
836 359 28
836 835 13
836 1280 8
836 838 8
127 126 -19
127 1006 -8
127 129 -13
126 97 -13
126 155 8
126 1009 13
1006 977 19
1006 560 -19
129 591 -19
129 1008 -19
129 131 8
386 1279 8
386 415 -8
386 864 13
386 387 -28
328 329 8
328 1219 -28
328 299 19
328 804 28
358 360 -19
358 831 -13
358 356 -13
358 1246 13
423 394 -28
423 424 19
423 1317 13
394 872 -28
394 1287 28
394 365 19
394 395 -8
424 426 8
424 1314 -19
424 422 -19
1317 869 28
1317 1316 28
1317 1315 -8
1317 1319 13
360 359 8
360 362 13
359 388 8
359 330 19
362 835 -13
362 361 13
362 1250 -28
362 364 28
909 33 -8
909 910 13
909 939 13
909 462 -8
909 879 -19
33 35 13
33 491 -8
33 32 19
33 31 13
910 30 19
910 908 19
910 912 19
910 459 8
939 969 -13
939 492 -19
939 61 -28
939 940 -19
462 464 19
462 460 8
462 461 13
462 1 -19
879 432 13
879 880 -8
879 4 -19
1267 374 13
1267 1266 13
1267 1269 8
1267 819 13
1267 1265 -28
374 852 28
374 345 -28
374 375 8
1266 377 -19
1266 1236 19
1266 822 -19
1266 1296 28
1269 376 -19
1269 1271 -19
1269 1268 19
1269 821 13
819 789 -28
819 820 -19
819 346 19
819 849 -28
1265 817 19
1265 1264 -28
1265 1263 -28
71 69 -8
71 73 -19
71 531 -28
71 70 -13
71 949 13
69 67 28
69 947 28
73 72 -19
73 533 28
73 951 8
531 532 -8
531 501 13
531 982 -13
531 561 -13
70 534 8
70 952 -13
70 42 28
70 99 -8
949 919 -28
949 979 28
977 98 -8
977 947 8
977 978 -8
977 530 28
98 559 28
98 97 19
98 100 -28
98 96 8
947 917 8
947 948 28
978 527 19
978 976 -28
978 980 -28
530 66 8
530 528 13
530 532 19
643 641 -8
643 645 -19
643 1089 -19
643 642 19
641 174 -8
641 640 -28
641 1087 8
645 644 -8
645 647 13
645 1091 -8
645 177 8
1089 1119 19
1089 1090 28
1089 206 -19
642 178 19
642 613 19
642 1092 -28
642 672 -13
425 396 -8
425 1319 -8
425 426 -19
396 367 -28
396 1289 -19
396 874 -13
396 397 -8
1319 871 -19
1319 1321 -28
1319 1318 -8
426 428 -19
426 1316 -19
749 1192 28
749 751 13
749 276 -28
749 748 -19
1190 304 19
1190 1162 8
1190 1220 8
1190 1191 -28
746 716 -13
746 776 -13
746 1193 -19
746 277 8
745 272 -13
745 1188 28
745 744 28
453 483 -13
453 904 13
453 454 -28
483 513 8
483 484 -8
483 26 13
483 934 -8
904 902 13
904 25 -19
904 903 -13
454 452 19
454 901 8
454 456 13
956 958 -28
956 954 13
958 507 -28
958 76 13
958 960 19
958 957 28
954 952 28
954 72 19
954 953 -28
954 503 28
1218 331 19
1218 1219 13
1218 1188 -8
1218 775 28
331 333 28
331 329 -28
331 803 19
331 330 -19
1219 772 -13
1219 1217 13
1219 1221 -8
1188 302 -13
1188 1189 -19
1188 1160 -8
775 773 -8
775 299 -13
775 777 -28
775 774 19
178 176 -13
178 177 8
176 1058 -8
176 175 19
176 640 19
177 205 -13
177 149 -13
710 243 8
710 1159 -19
710 711 13
710 680 -8
243 242 -28
243 245 -28
243 241 -19
243 1127 13
1159 270 -19
1159 1157 -8
1159 1161 -28
1159 1158 -8
711 713 13
711 1156 19
711 709 -19
711 240 19
680 681 8
680 650 28
680 214 -28
680 1130 -13
644 615 -19
644 674 -13
647 649 -13
647 1093 19
647 646 -8
1091 1062 19
1091 1121 -13
1091 1092 8
1067 1066 13
1067 617 28
1067 1065 -13
1067 1069 -13
1067 180 19
1066 183 -13
1066 620 13
1066 1095 28
617 618 -28
617 154 -19
617 587 -8
617 646 -13
1065 615 -19
1065 1064 13
1069 619 28
1069 1071 -19
1069 182 -8
1069 1068 28
180 649 -19
180 209 13
180 181 -19
1028 1058 19
1028 582 19
1028 998 -8
1028 148 28
1028 1029 28
1058 612 13
1058 1087 19
582 580 -13
582 116 -13
582 581 28
582 584 -8
998 552 -8
998 119 -13
998 969 8
148 147 -13
148 146 -13
148 150 19
1029 579 -19
1029 1031 -8
1029 1027 -19
1029 145 -13
242 1130 28
242 213 28
242 713 19
242 270 19
1130 1129 28
1130 1132 13
1130 1128 8
213 214 13
213 683 28
213 1100 -28
713 712 -28
713 1158 13
713 715 -8
270 297 -13
270 271 19
544 991 13
544 542 19
544 80 -8
544 546 -28
544 543 8
991 1020 -13
991 992 28
991 112 -13
991 961 28
542 989 13
542 78 -13
542 541 19
80 52 -19
80 109 28
80 81 -28
80 962 -28
546 82 19
546 548 19
546 545 -8
546 993 19
543 513 -13
543 573 8
543 83 -13
543 994 -28
475 476 19
475 445 -28
506 504 -19
506 953 -13
506 508 -8
506 44 -13
47 46 -19
47 45 -19
47 923 8
1005 122 28
1005 1004 -8
1005 555 19
1009 559 -19
1009 1011 -28
1009 1008 8
557 527 8
557 96 -8
557 587 -28
557 558 8
1309 415 19
1309 1311 -28
1309 861 -13
1309 1307 8
1309 1308 28
415 416 -19
1311 417 13
1311 1310 -28
1311 863 28
1311 1313 28
861 831 -19
861 387 -8
861 862 28
1307 859 19
1307 413 -28
1307 1306 8
1308 864 -8
1308 418 28
1133 1162 8
1133 687 -13
1133 1134 -13
1133 249 -8
1133 1103 -19
1162 277 28
1162 717 -8
687 685 28
687 686 -13
687 689 -28
687 217 8
1134 684 -28
1134 1136 19
1134 1132 8
249 716 28
249 248 8
249 251 8
249 247 -28
1103 1104 19
1103 220 8
1103 1074 -28
1103 657 -13
800 799 28
800 1244 8
800 802 8
800 324 -19
800 798 -28
799 327 -28
799 770 8
799 829 19
1244 1245 -19
1244 1274 -8
1244 1214 13
1244 356 -19
802 1246 -19
802 326 13
802 804 -28
324 353 -28
324 1215 13
324 325 13
324 296 13
798 1242 13
798 796 13
798 322 19
798 797 -19
46 508 13
46 17 13
508 507 19
508 510 -8
17 896 8
1118 668 -28
1118 1116 19
1118 1120 28
1118 1117 28
1118 230 13
668 638 19
668 698 19
668 669 13
668 202 -28
1116 229 28
1116 1115 -19
1120 1119 28
1120 670 8
1120 1122 -8
1120 232 13
1117 233 19
1117 671 -13
1117 1146 13
1117 1087 19
230 258 -28
230 701 13
230 201 -28
230 231 13
327 326 -28
327 329 8
327 325 19
327 1214 28
326 297 -28
326 1217 -28
326 355 8
329 1216 13
325 797 13
325 1212 -13
325 323 28
1214 1215 -8
1214 771 -13
931 484 -8
931 932 -13
931 55 28
931 901 28
931 961 13
484 482 -28
484 486 8
484 23 19
932 930 -28
932 481 -28
932 52 -13
932 934 13
55 513 -19
55 54 -19
55 53 -13
55 57 8
901 902 28
901 26 -28
961 962 28
961 83 -19
961 514 -19
852 854 8
852 851 13
852 850 13
852 1296 13
854 1298 -13
854 376 8
854 853 -19
851 377 28
851 1299 -28
851 821 -8
850 848 -19
850 849 -28
1296 1297 -28
559 560 13
560 558 -28
560 562 13
298 770 -8
298 297 19
298 300 -19
1156 1127 8
1156 271 -8
1156 1157 8
1185 738 8
1185 1183 8
1185 1187 -8
1185 296 28
133 595 -8
133 132 -8
133 135 19
133 131 19
133 1012 -13
595 1045 -8
595 625 -8
595 596 13
132 103 -19
132 598 -19
132 1015 8
132 161 8
135 597 -13
135 1014 8
135 137 8
135 134 -8
131 593 -8
131 1010 28
131 130 -19
1012 983 -28
1012 1013 8
1012 566 -28
1012 1042 8
664 199 -8
664 1114 -28
664 665 13
199 198 8
199 197 -8
199 1081 13
1114 227 -28
1114 1113 -13
1114 1112 8
665 667 8
665 663 8
665 1111 8
665 196 13
377 375 -19
377 376 -28
377 379 28
375 1264 13
375 849 28
375 373 19
376 347 19
376 405 -28
379 853 19
379 1268 13
379 381 -19
379 378 13
97 562 13
97 980 -13
562 561 19
562 1008 8
562 564 28
980 982 13
980 979 28
1273 1272 -19
1273 1275 8
1273 1271 -28
1273 825 8
1273 380 8
1272 383 -8
1272 1242 8
1272 828 28
1275 1274 13
1275 382 -19
1275 1277 -8
1275 827 19
1271 823 13
1271 378 13
825 795 8
825 352 8
825 826 -19
380 858 19
380 381 -19
380 351 19
77 76 -19
77 79 -19
76 48 -8
76 105 -28
79 81 28
79 78 19
79 957 13
79 539 -28
983 953 28
983 984 19
983 104 -8
953 923 13
984 982 -13
984 533 -28
984 101 8
104 103 28
104 102 -13
104 106 19
198 227 -8
198 171 -19
198 1084 -19
198 667 -19
227 228 -8
171 172 13
171 142 -28
171 637 -19
1084 1083 19
1084 1082 8
667 666 19
667 1113 19
649 651 19
649 1095 -19
649 648 -19
651 650 -28
651 1097 19
651 182 8
651 653 13
1095 1125 -19
1095 1096 8
1095 212 28
648 183 8
648 678 8
648 619 -8
648 1098 8
640 1090 28
640 670 8
581 1031 28
581 119 8
612 614 8
612 610 13
612 145 8
817 818 -19
817 787 8
817 344 28
817 847 -19
818 1262 28
818 820 -28
818 342 28
787 1235 13
787 315 13
787 758 -28
787 788 13
344 1232 28
344 346 -8
344 343 -28
847 848 -19
847 373 28
1236 1206 19
1236 348 28
1236 792 -13
1236 1237 -28
1206 319 8
1206 1207 28
1206 763 -8
1206 1177 -28
348 347 19
348 350 8
348 346 -13
348 821 -28
792 791 -28
792 790 -19
792 316 13
792 794 -13
1237 789 -13
1237 1239 -28
1237 1235 8
1237 345 -19
1224 337 -28
1224 1254 13
1224 1225 -28
337 339 -28
337 335 8
337 809 -19
1254 1284 -8
1254 1255 19
1254 366 -8
1254 810 -13
1225 1223 -13
1225 778 -19
1225 1227 19
1225 334 8
183 181 19
183 185 13
183 182 -8
181 1064 19
181 646 -28
185 650 28
185 1068 28
185 187 -8
182 155 19
182 211 28
716 1165 -13
716 717 -28
716 686 -13
1165 276 -13
1165 1164 -19
717 719 -8
717 715 19
686 656 -13
686 220 13
686 1136 13
147 1031 -8
147 614 -13
1031 1030 28
1031 1033 -8
614 613 8
614 616 -8
1073 623 -19
1073 1075 -19
1073 1072 -8
1073 186 28
1073 1071 19
623 593 -28
623 160 -28
623 652 8
1075 188 8
1075 625 19
1075 1074 -8
1075 1076 13
1072 189 28
1072 626 28
1072 1042 8
1072 1101 -28
186 655 8
186 159 19
186 215 13
186 187 -13
1071 1070 19
1071 621 -19
719 1164 -28
719 248 -13
719 718 -13
1164 1135 -19
1164 279 19
1164 1192 -19
248 276 13
248 1136 28
248 219 19
718 251 19
718 748 -8
718 688 -19
1034 1004 -8
1034 1035 13
1034 1064 8
1034 154 -28
1004 558 -19
1004 975 -8
1035 1033 8
1035 585 -28
1035 1037 13
1035 151 8
1064 618 19
1064 1093 28
154 156 -13
154 152 -8
276 303 19
276 277 -19
1136 1135 13
1136 1138 19
219 220 -8
219 1106 -13
219 190 19
219 689 19
730 700 -19
730 760 -19
730 261 -28
730 1178 -19
730 731 -19
700 233 8
700 1149 -8
700 701 13
700 670 19
760 789 19
760 761 -19
760 1207 -13
760 289 8
261 260 19
261 263 19
261 259 -8
261 1146 13
1178 1176 8
1178 1177 19
1178 1179 -19
731 729 -13
731 733 19
731 1175 19
731 258 13
525 65 -13
525 976 13
525 526 8
525 495 19
525 555 -13
65 67 -8
65 63 28
65 943 -13
65 64 19
976 93 -8
976 974 8
976 975 -13
526 528 8
526 973 -19
526 524 8
526 62 -19
495 496 28
495 465 -28
495 946 19
495 37 13
555 556 8
555 585 -8
555 94 -13
806 808 13
806 804 -28
806 1250 8
806 805 -19
806 330 13
808 332 13
808 1252 19
808 810 28
808 807 13
804 803 19
1250 1280 19
1250 1220 28
805 333 -8
805 776 19
805 835 28
805 1253 13
330 1221 8
233 231 -28
233 235 -13
233 232 -28
231 1115 -13
231 698 19
235 1119 8
235 702 8
235 234 8
235 237 13
232 203 8
232 260 13
232 703 13
770 1217 13
770 771 -28
1217 1216 -8
1217 1215 28
771 773 -28
771 769 -19
771 296 13
333 335 13
333 332 -28
333 1220 -13
335 334 8
335 1222 -28
335 807 -13
332 303 13
332 1223 -28
1220 777 -8
1220 1221 13
873 1321 19
873 843 13
873 399 19
873 874 -28
1321 427 19
1321 1320 28
843 844 -13
843 1291 -8
843 813 13
843 370 -8
399 398 -8
399 1288 -28
399 397 28
874 876 13
874 872 -28
874 1318 -19
527 528 8
527 67 -19
527 497 19
528 64 -19
528 975 -13
67 66 19
67 945 28
497 498 19
497 39 8
497 467 28
497 948 -8
468 466 -13
468 915 -8
468 470 -19
468 7 -8
468 467 -19
466 465 28
466 464 -28
466 913 -13
466 5 8
915 39 19
915 885 28
915 945 28
915 916 13
470 472 -13
470 917 -28
470 9 -8
7 36 -28
7 8 -28
7 886 -28
467 437 8
467 10 -13
467 918 -28
297 773 13
297 1187 -8
773 772 -28
773 1216 8
1187 1189 13
1187 1186 -28
876 1320 28
876 875 19
876 398 -19
1320 1290 28
875 845 28
398 369 -13
398 427 8
398 1291 13
369 1261 8
369 846 -8
369 340 -28
369 370 19
427 428 -19
1291 1290 13
1291 1289 -28
566 568 28
566 564 19
566 101 -28
1015 1014 -19
1015 1017 -13
1015 1013 -13
772 742 13
772 300 19
742 712 -8
742 273 -13
742 1189 8
300 302 28
300 1186 -8
300 299 13
304 776 19
304 303 19
304 306 -19
304 302 -8
1191 1193 28
1191 1189 -13
1191 744 8
383 857 -8
383 381 13
383 382 -8
383 385 -28
857 858 19
857 827 8
382 353 8
382 860 19
382 411 19
385 859 8
385 384 -28
385 1274 -8
385 387 13
103 568 -8
568 1014 28
568 570 -8
568 567 -28
579 609 -19
579 117 13
579 580 28
579 549 -19
609 638 28
609 146 8
609 610 8
117 997 -8
117 119 -13
117 116 -28
580 115 19
580 1026 -8
549 550 8
549 519 13
549 88 28
685 215 8
685 1131 -8
685 683 28
685 684 -19
215 244 -19
215 216 19
215 1102 19
1131 1160 -19
1131 1101 -8
1131 1132 -28
1131 247 13
683 1129 -8
683 681 19
683 682 -13
684 654 8
684 218 19
684 714 28
1176 287 13
1176 728 19
1176 1174 8
1176 1175 19
287 761 28
287 314 28
287 258 28
728 729 8
728 259 -8
728 698 28
728 758 -28
1174 286 28
1174 1173 -19
1175 289 -19
1175 1204 28
1175 1146 28
824 822 -8
824 823 -28
824 347 -8
824 826 -19
824 1268 -19
822 820 13
822 345 -8
822 821 8
823 793 8
823 350 -13
823 853 8
347 318 -28
347 1239 13
826 349 28
826 828 -13
1268 1298 -13
1268 1238 -28
1279 1281 -13
1279 1277 -19
1279 831 -28
1281 1280 -19
1281 388 -19
1281 1283 -13
1277 384 19
1277 1276 -13
1277 829 -8
318 794 19
318 319 -19
318 290 8
318 1209 8
1239 791 -28
1239 1241 -13
1239 1238 -8
172 170 -8
172 1052 8
635 633 -13
635 1081 8
635 637 -28
635 169 19
1242 1212 -28
1242 354 8
1242 1243 13
1212 769 13
1212 1213 28
1212 1182 -19
354 353 -28
354 356 13
354 827 13
354 352 -8
1243 1245 13
1243 1241 19
1243 795 19
1243 351 -13
722 255 19
722 723 19
722 692 -13
722 1170 -28
722 752 28
255 254 -19
255 253 13
255 256 -19
723 725 19
723 252 8
723 1168 -13
692 226 -13
692 1141 -19
692 662 8
1170 282 -13
1170 1172 13
1170 1169 -13
752 283 28
752 753 13
1245 797 -19
1245 353 8
797 768 -19
797 827 8
353 830 -19
737 736 -13
737 1180 19
737 735 -13
737 264 28
736 267 -8
736 766 -8
736 1183 -13
736 706 -8
1180 1181 19
1180 1152 8
1180 1210 -13
1180 295 -8
735 262 13
735 734 19
735 733 19
264 1153 -28
264 292 8
264 265 13
254 282 28
254 1141 19
254 725 13
282 755 19
282 283 -8
1141 1139 -19
1141 1143 8
725 727 19
725 724 -28
1030 150 13
1030 584 -28
1033 149 -8
1033 1032 -8
532 534 -19
532 979 13
501 952 -28
501 471 -8
501 43 -8
982 99 -28
982 981 28
561 100 -28
561 591 -28
561 1011 -19
400 371 13
400 1293 -19
371 848 13
371 342 -8
371 1263 28
1293 1292 -28
534 981 -13
534 533 -8
981 102 -28
981 951 13
981 1010 -8
533 503 -8
533 563 -8
1056 610 -19
1056 1085 -8
1056 175 -28
1056 1026 8
1085 1115 -19
1085 1086 13
1085 202 -28
175 638 -19
175 174 -28
1026 1027 8
1026 146 13
1026 997 -8
776 1223 -28
776 777 28
1223 1222 13
1223 1221 -28
777 779 -8
203 1090 -28
203 204 13
203 673 19
1090 1088 -13
1090 1092 -8
204 670 -28
204 206 8
204 202 8
204 1087 28
673 675 -28
673 1119 13
673 671 8
673 672 -13
339 338 -28
339 341 28
339 811 -8
338 814 13
338 367 -13
338 1229 -8
341 813 -28
341 340 8
341 1228 -19
811 841 -8
811 1259 -8
811 812 28
474 13 19
474 472 28
474 921 19
474 476 -13
474 473 -13
13 42 -19
13 892 19
13 14 19
472 919 -13
472 471 19
921 45 8
921 891 -28
921 951 19
921 922 13
476 923 13
476 15 19
473 16 13
473 443 -8
473 924 13
473 503 13
779 778 -28
779 303 -8
779 1222 8
778 306 -13
778 807 13
778 748 8
303 1193 -28
1222 1192 -19
1222 1252 8
601 1051 8
601 602 -8
601 631 13
601 139 28
601 571 19
1051 167 8
1051 1050 8
1051 1049 -13
1051 1053 -28
602 1048 8
602 136 19
602 604 -8
602 600 28
631 168 -19
631 660 13
631 1080 19
139 137 -19
139 1018 -28
139 138 -19
139 141 13
571 1021 -13
571 572 19
571 110 13
571 541 28
1298 1299 8
1298 408 19
1299 1297 28
1299 405 8
408 407 -19
1193 1192 -8
1193 1195 28
789 790 -19
789 317 -8
790 314 -8
790 1234 -8
790 788 -8
317 1204 -13
317 319 -13
317 316 8
317 315 -19
896 894 19
896 445 -8
16 15 -19
16 14 -28
16 891 -8
15 894 -8
15 44 -13
14 471 -28
14 12 -19
14 889 -13
891 444 -13
891 892 -8
1168 1169 -13
1168 283 13
753 755 -13
753 751 -19
306 1192 -28
306 305 -13
305 278 -8
305 1195 8
305 334 -28
845 846 -8
845 815 8
846 1290 -28
846 844 13
815 816 -28
586 120 -8
586 584 -8
586 585 -19
586 1032 -13
120 91 19
120 121 8
120 149 8
585 123 19
585 615 -13
1032 1062 -19
1032 152 -8
1032 1002 -13
91 556 -8
91 974 13
91 62 -28
121 123 -8
121 119 -8
149 150 -28
149 616 -19
900 449 -19
900 902 19
900 21 13
900 899 -8
897 927 28
897 450 -19
1198 1228 8
1198 755 -28
691 221 -19
691 690 -28
691 689 -8
221 1108 -19
221 250 -19
221 222 19
221 192 8
690 660 13
690 224 8
690 1139 8
690 720 -19
689 1135 13
689 688 -8
100 99 -13
100 102 8
100 979 -13
99 564 13
102 563 13
102 101 -28
979 1008 -28
830 828 13
830 1274 -8
830 829 8
122 151 -19
122 93 -8
122 123 -8
151 618 19
151 152 -8
93 558 28
93 94 28
93 64 28
123 1002 -8
66 948 13
66 38 19
945 498 8
945 946 19
945 975 -8
168 166 -8
168 170 28
168 167 28
168 1048 -19
166 629 19
166 165 13
166 164 13
166 1046 -13
170 1050 13
170 632 -8
170 169 -28
167 633 19
167 194 28
167 138 8
1048 1049 28
1048 1018 19
1186 1158 8
1186 1216 -19
449 450 -19
449 479 -13
450 452 8
479 480 -8
479 930 -13
479 509 -28
952 951 19
951 504 -19
1262 1232 28
1262 373 28
1262 1263 -28
1262 1292 -19
1232 1233 -8
1232 1202 8
1232 788 -28
1292 848 8
638 1088 19
1088 1086 19
1088 201 13
1088 1087 8
174 145 -13
174 201 -8
145 146 13
145 116 -19
201 671 -28
201 202 -19
412 411 -13
412 414 -19
858 860 -13
987 988 -13
987 957 -28
987 1016 -13
987 108 8
539 509 -28
539 569 -19
539 990 -8
1062 616 13
616 618 -8
616 615 19
1002 556 13
1002 973 -8
796 1240 -19
796 320 8
796 795 -19
796 794 -13
1240 1241 -28
1240 352 -19
1240 1210 8
320 1211 28
320 349 -19
320 321 -28
320 292 8
795 323 -8
795 766 -8
794 793 -8
794 1238 8
480 927 -28
480 482 -13
927 957 -28
927 51 -13
927 928 8
482 21 -28
482 929 -13
482 481 8
607 577 8
607 636 13
607 608 -8
577 578 28
577 547 -28
636 666 -13
636 637 -28
608 142 -8
608 1054 13
48 928 13
48 510 8
902 23 28
902 451 19
23 52 -13
23 24 -19
451 452 13
451 481 -8
42 922 28
42 504 -19
42 43 8
922 471 19
922 924 -19
504 503 -19
43 45 19
43 919 -13
1108 1106 19
1108 658 8
1108 1110 19
1108 1107 -8
1106 1104 -28
1106 656 -19
1106 1105 -8
658 688 -13
658 629 8
658 659 -19
658 193 19
1110 660 -28
1110 1112 13
1110 1109 -8
1110 223 -8
1107 224 13
1107 1077 -28
1107 661 28
1304 1274 13
1304 414 8
1304 860 19
414 413 28
414 416 -19
860 859 8
860 862 8
21 50 8
24 899 13
24 26 19
24 481 13
228 226 28
228 1111 -13
724 1172 -28
724 256 19
1143 1142 19
155 622 8
155 156 8
155 1039 19
322 351 -8
322 323 -8
322 294 -13
322 1213 13
351 352 -28
351 828 -13
323 1210 8
323 321 13
294 266 19
294 769 13
294 1183 -13
294 295 19
1213 1211 -28
1213 766 -8
1213 1215 -8
267 266 28
267 269 19
267 265 8
267 1152 13
266 1155 -8
266 238 -13
269 738 13
269 1154 -8
269 271 28
265 734 -13
265 1150 -8
265 263 -13
1152 707 19
1152 1123 8
1152 1153 -8
25 54 -28
25 26 8
25 486 -19
903 933 -28
903 456 13
696 666 -28
696 726 13
1142 1113 13
1142 1171 13
1157 1155 28
1157 708 -13
1161 712 8
1161 1160 -8
1161 272 8
1158 273 13
1158 1129 -8
388 866 8
388 417 -19
388 389 19
1284 395 -19
1284 1314 -19
1284 1285 -28
1284 840 -13
395 869 13
395 393 8
395 397 -13
1314 1315 8
1314 870 19
1285 392 -19
1285 837 19
1285 1287 -19
1285 1283 13
840 839 -13
840 842 28
840 363 -13
840 838 8
660 195 -8
660 661 8
195 1077 -13
195 194 19
195 193 28
195 197 28
661 192 -13
661 663 19
661 659 -19
849 1297 19
72 101 13
72 44 8
343 1235 -28
343 820 28
343 314 -19
821 791 -13
428 1318 -13
751 750 -8
751 278 28
748 279 13
748 1195 -28
960 78 -19
960 509 -19
960 959 13
960 962 -28
957 510 -13
1083 1054 -19
1083 1113 28
1083 637 28
1054 1024 -19
446 445 28
446 444 -19
446 893 -28
444 442 -13
444 443 -19
893 894 13
893 923 -28
615 152 13
674 675 8
674 704 -19
674 1124 8
712 245 -13
712 682 -28
245 1129 -8
245 244 28
245 247 -19
682 652 -28
682 216 -13
682 1132 13
1211 764 13
1211 1210 28
1211 1209 19
764 734 19
764 793 28
764 293 13
764 765 13
1210 767 8
1209 1208 28
1209 1207 19
1209 762 -28
1024 578 19
1024 1025 -19
1024 995 19
578 576 8
578 113 28
1025 142 13
1025 1023 -28
995 996 8
995 965 28
995 548 -28
1011 1010 -13
1011 1013 28
1008 1038 -8
224 223 19
224 222 28
224 226 19
223 252 -8
223 194 8
222 220 13
222 688 19
222 1105 19
226 1109 -13
1135 1105 19
1135 251 8
1105 659 -8
251 250 13
251 253 13
498 496 -28
498 36 -19
496 494 28
496 34 -8
496 943 8
36 64 -8
36 37 28
36 916 -19
1246 1276 19
1246 1216 -13
355 384 8
355 356 28
1112 662 -19
1112 1111 -8
39 37 13
39 38 28
37 35 -28
37 913 -19
38 9 -8
38 918 8
869 870 -8
869 839 -28
870 392 -19
870 872 8
870 868 -28
839 809 -13
839 1287 -28
839 366 -13
273 271 8
273 272 -8
272 244 13
272 299 -13
872 871 -8
872 1316 -19
1287 1286 8
1287 1289 -19
365 366 28
365 1257 -28
365 842 -8
463 433 13
463 464 -13
463 914 -28
463 493 -8
463 6 19
433 434 -19
433 884 -28
464 3 19
464 911 28
914 34 -28
914 916 13
914 913 13
914 912 -8
493 494 13
493 35 19
493 944 28
6 8 19
6 5 19
6 4 8
6 881 -19
1290 1260 19
1260 1261 8
1260 1230 13
1260 816 8
552 87 8
552 550 28
87 116 -8
87 59 8
87 88 -28
87 970 -13
550 997 -8
550 86 -19
378 349 28
378 407 13
827 828 8
81 83 19
81 541 19
81 959 -13
78 50 13
78 107 -8
974 973 -13
974 972 13
975 96 -28
820 1264 -28
346 345 -19
346 1234 28
964 513 28
964 82 -19
964 963 28
964 966 -19
964 962 8
513 514 -13
82 54 28
82 111 28
82 83 8
963 516 -13
963 85 28
963 993 28
963 933 -13
966 84 13
966 515 8
966 965 13
962 511 13
452 899 13
899 929 19
688 1138 -13
1215 768 19
250 278 -19
250 1138 13
278 279 -19
1138 1139 13
732 733 -13
732 702 -28
732 263 -8
732 762 -13
732 1179 28
733 260 -8
733 1177 -19
702 1151 13
702 672 -8
702 703 -28
263 262 -28
263 1148 -8
762 791 -13
762 763 13
762 291 28
1179 290 8
1179 1181 8
1111 1081 -13
503 45 28
1252 1282 13
1252 1253 -28
1252 364 19
810 809 8
810 334 8
810 812 19
807 837 19
807 1255 -8
437 438 -13
437 888 -28
10 9 19
10 8 -19
10 885 8
10 12 -28
918 917 -13
918 916 -13
45 44 13
44 924 19
334 363 13
917 887 -13
9 888 -8
888 886 13
888 890 -19
888 887 -19
1264 1234 8
279 277 13
930 929 13
930 50 -8
930 928 28
929 53 19
929 959 28
50 512 19
50 51 19
576 111 28
576 574 28
576 1022 -13
111 112 28
111 140 -13
111 994 8
574 572 -13
574 1020 19
574 573 -8
574 109 -8
1022 1052 8
1022 993 8
1022 1023 -13
892 894 -28
892 441 8
892 890 -13
654 1104 -19
654 189 19
654 655 -19
654 625 28
218 220 -28
218 216 13
218 1101 -19
218 217 19
714 715 19
714 247 8
714 744 8
894 443 8
96 94 -19
94 973 8
656 627 -13
656 191 13
656 657 -28
628 626 28
628 1074 8
628 627 -8
628 161 -8
628 630 8
626 625 -28
626 159 28
1074 1044 19
1074 191 -8
627 597 -8
627 1076 8
627 164 -13
161 188 -19
161 1045 8
161 162 13
630 629 19
630 163 -28
356 829 -8
766 767 8
766 295 19
1183 1182 -13
1183 1181 19
706 1155 -13
706 707 -28
706 239 -8
706 676 -8
1221 774 8
738 768 19
738 708 -19
768 769 -13
708 709 28
708 678 8
708 241 13
563 593 -8
563 1013 -28
563 564 19
997 967 13
967 968 -8
967 520 19
967 937 28
967 88 -28
1139 252 28
923 924 -13
969 522 -13
969 90 13
969 970 -19
1104 217 8
1104 1102 28
217 188 19
1102 1100 -13
1102 652 19
1102 1101 28
791 319 -8
319 321 -13
936 935 -8
936 485 -28
936 934 -19
935 905 8
935 965 28
485 455 -8
485 486 8
485 515 8
934 54 -28
934 933 -13
1228 1258 -13
1228 1229 -19
755 757 -28
720 750 -19
720 1169 -8
720 253 28
29 908 -8
29 58 -8
29 490 -28
29 0 -28
908 907 -8
58 86 -8
58 520 -13
58 938 19
490 489 -13
490 937 8
490 492 -13
0 460 13
0 878 -8
290 262 13
290 291 -28
290 765 -28
101 130 -13
1080 1082 -13
1080 194 8
1080 1079 -28
1080 1078 13
1155 1154 8
1155 1153 -13
1154 1182 -8
1154 1125 -13
1154 709 -19
1153 1151 19
1153 704 8
262 1151 -13
262 234 -13
1151 1150 -8
1151 1149 -8
234 705 13
234 205 -8
234 1122 -28
988 990 -19
988 105 -19
990 989 -8
990 107 19
990 992 13
105 570 8
105 134 13
105 106 -28
948 946 28
633 1079 28
633 632 -19
1079 1050 8
1079 1109 28
1079 197 8
632 1082 28
632 603 -8
632 662 -8
1053 169 -19
1053 1052 -8
1053 603 19
194 663 -8
138 109 -28
138 1021 19
138 604 8
1050 604 -28
1050 1020 13
169 140 19
169 196 28
744 774 -8
1234 1235 -28
1234 1204 -19
442 441 13
442 889 28
442 440 -28
441 471 13
889 919 19
889 890 19
440 439 28
440 887 -19
440 438 28
1207 316 -13
1207 1205 -28
763 761 28
763 288 -28
763 765 -8
1177 1148 -19
1177 291 19
1077 1078 8
494 32 8
494 492 -19
494 941 19
32 3 8
32 912 -13
492 30 19
492 491 -19
941 971 28
941 942 28
941 63 -8
941 911 -8
1109 663 -28
302 774 13
774 803 8
35 911 13
35 34 -19
911 881 28
911 912 8
34 5 -28
34 62 -19
238 709 13
238 209 -28
238 1126 13
238 239 13
933 486 19
933 57 -28
456 455 -19
456 458 8
943 973 19
943 944 13
943 913 19
844 842 -28
844 367 13
844 1288 -13
842 1286 8
842 841 -8
367 368 -13
367 1259 19
1288 1318 19
1288 1289 13
1288 1258 -28
1129 1099 -8
1160 715 -13
1286 397 8
1286 1316 -8
1286 1256 -19
397 871 -13
1256 1257 -13
1256 368 -19
1256 812 13
510 512 28
510 509 -28
345 316 -8
86 968 -28
86 115 -13
968 970 -28
420 418 -28
420 1310 -19
420 419 19
420 422 -8
418 417 -8
418 416 -13
1310 866 28
1310 1280 8
419 1313 -8
419 390 8
422 1312 28
422 421 -8
971 524 13
971 972 19
524 522 19
972 521 19
972 89 -13
972 970 19
769 767 -19
252 253 19
707 709 -8
707 705 19
705 1150 -28
705 704 -28
705 703 19
140 141 8
140 1023 8
1052 1081 19
604 603 19
871 841 8
841 1289 -19
841 368 19
142 113 -8
141 603 13
141 1020 19
465 8 -28
465 916 -28
465 435 -28
8 883 -8
435 886 -8
435 436 19
89 90 -28
556 558 28
761 759 -28
761 1204 -8
759 286 13
759 758 28
1204 1205 -13
30 1 19
30 59 -8
30 31 -13
912 461 19
459 489 -13
459 460 19
459 2 -13
459 429 13
62 63 -8
62 944 -28
1082 1081 -19
1082 196 13
196 197 -19
1044 598 28
1044 1014 -13
1044 164 28
1044 1045 -19
598 597 -8
598 596 28
598 600 -8
164 163 -13
164 162 28
1045 1043 19
1045 1047 13
240 211 8
240 1128 13
240 241 -19
734 704 -19
734 1181 8
704 237 28
1181 292 -8
241 1125 -19
241 239 19
1127 681 13
1127 1097 -8
1127 1128 13
1233 342 -19
1233 1235 8
342 313 8
431 432 -28
431 461 28
431 882 19
432 434 8
432 430 -28
461 491 -28
461 4 8
882 881 -13
882 884 -19
882 880 -28
882 3 28
1132 244 8
12 887 -19
439 890 -8
545 85 8
545 515 -8
545 996 -28
114 113 -19
114 112 -19
114 993 -13
522 520 13
522 59 19
522 521 -19
520 519 -13
59 940 -28
59 60 13
521 61 8
521 491 -13
481 511 -19
52 514 -19
52 53 13
113 996 8
113 84 13
996 994 8
84 85 13
84 548 -13
767 292 -8
767 765 -19
292 293 8
765 1208 28
663 662 -19
597 567 -19
597 1047 8
1076 190 -19
1076 1078 -13
197 662 -8
629 599 28
629 1078 -13
163 1047 13
163 134 -13
163 190 28
1189 299 -8
1150 1121 28
1121 675 -19
1121 1122 13
1121 237 -19
1047 1049 -8
1047 1046 28
134 600 -19
134 1017 -13
190 659 -19
190 191 8
313 1203 -13
313 788 -19
313 286 8
1227 780 13
1227 1229 13
1020 1021 28
1241 793 -19
1241 349 8
1238 350 8
1238 1208 -19
729 257 -28
729 1173 -13
258 259 -19
258 1147 19
438 436 13
438 885 -28
1202 315 13
1202 1173 -19
1202 1203 -13
315 314 -28
1173 1144 -28
1203 1205 8
657 188 8
657 655 -13
657 659 -28
64 946 13
489 31 -19
489 940 13
489 519 -28
31 907 13
940 942 19
940 938 28
519 970 19
519 60 28
793 321 -13
321 1208 13
625 162 -8
596 1042 28
596 594 19
596 130 28
1 2 -8
1 880 -13
363 1255 28
363 392 13
363 364 -8
838 837 -19
838 1282 8
838 361 8
349 350 -19
1125 679 -8
1125 1126 19
106 567 -28
106 108 19
603 573 28
885 886 19
1261 813 13
1261 1259 19
813 814 -28
813 784 19
1259 1257 13
1259 1258 -28
350 352 28
937 907 19
937 938 28
937 60 13
88 90 13
416 1306 19
946 944 -28
944 942 28
511 53 8
511 541 -28
511 512 28
53 51 -13
541 992 -28
512 959 13
512 514 -19
1315 421 -13
1315 1313 -8
1315 867 -13
5 884 -19
192 165 8
192 1078 -13
192 193 28
136 165 28
136 137 13
136 1019 28
136 107 -19
600 599 -8
600 1046 -28
1123 239 -28
1123 1093 -19
1123 1124 -28
239 237 -13
1093 210 19
1124 1122 13
1124 1126 13
314 1205 -28
137 599 19
137 1016 28
1018 572 -19
1018 989 28
1018 1019 -13
316 288 28
1313 865 -19
1313 1312 28
390 868 19
390 361 -13
390 391 19
390 1283 -13
189 188 -13
189 187 -19
189 191 -13
655 1101 19
655 653 28
1312 868 8
1312 1282 28
421 392 -13
517 547 28
517 487 -28
517 518 -8
547 548 13
487 457 -28
518 965 8
518 516 8
676 210 -8
676 646 -28
676 1126 -8
613 150 8
209 210 28
209 1096 28
209 679 19
1126 1128 -19
1099 1100 -28
1099 216 -28
1099 653 8
1099 1070 8
289 288 -13
289 291 28
288 260 13
260 1149 -13
866 868 -8
866 864 -8
866 865 -28
868 867 -28
864 862 -13
864 863 -19
865 835 28
865 391 28
51 509 -28
392 393 -13
837 867 13
837 364 -13
1283 835 -13
1283 1282 -13
295 293 28
675 205 -13
205 206 -13
205 1092 28
162 160 -28
162 1042 28
715 244 -8
1023 1021 -8
1023 573 -19
434 881 8
434 436 -13
884 883 -28
884 886 -8
61 63 -8
61 60 -8
491 942 19
393 1282 -8
393 867 -8
393 391 -28
3 4 19
591 621 8
621 650 -8
621 622 13
4 2 28
599 1049 -8
599 569 -13
1149 1148 -13
1149 1147 -19
165 1049 19
681 679 8
681 211 -13
679 678 19
211 212 28
211 1098 -28
1119 1148 -8
1148 703 13
809 780 -13
809 1257 13
366 368 -13
366 364 -19
567 1017 -28
368 370 -19
1230 1231 28
1230 786 13
816 340 -28
816 814 28
1147 1145 -28
1147 698 28
1147 1146 8
757 756 13
757 284 -8
650 1100 -13
1100 1098 -19
191 193 -28
672 206 -13
672 1122 19
703 701 19
214 216 13
214 212 -8
214 1097 13
212 210 13
212 678 19
1097 1098 8
1097 1068 -19
109 110 -8
109 992 -8
1021 1019 13
573 112 -13
859 829 -19
384 862 28
384 413 -28
862 1306 19
1280 391 8
391 389 -13
1019 1017 13
1019 569 -13
678 1128 -8
1205 758 19
814 812 -28
814 1258 -13
784 1231 -28
340 1231 -13
1231 1229 -19
291 293 13
460 907 -19
907 877 -13
361 1253 -28
883 436 28
883 913 28
618 620 -13
620 622 8
620 619 -28
257 1145 -28
257 229 8
257 286 28
593 1043 13
593 594 -19
1043 1042 13
1043 159 8
594 1040 -13
1096 646 -19
1096 1098 13
572 570 -28
572 107 -19
570 1016 13
570 569 -19
107 108 -8
1145 1144 -8
1144 259 -28
1144 1115 8
1144 699 -13
1070 1040 8
1070 187 13
622 1068 13
750 780 28
160 159 -8
160 1040 -13
159 130 -28
1040 1010 -13
1046 1016 -19
430 877 -13
430 429 -19
457 458 -13
569 108 8
112 110 -8
993 994 -28
285 284 19
285 283 28
1276 1306 13
1276 387 -28
387 389 -8
652 187 -19
652 653 -13
756 726 8
726 727 28
1255 1253 28
1255 1257 -28
1016 1017 -19
130 1013 8
1171 1172 13
1171 727 8
1172 284 -19
863 389 8
877 878 13
877 2 -13
878 880 -19
959 989 13
514 516 8
429 880 -19
1258 370 19
989 110 13
110 108 -8
587 1037 -19
619 156 -28
1037 1039 -8
698 699 8
516 515 19
516 54 28
1010 564 -13
992 994 28
1115 669 28
699 701 -19
699 229 28
1146 701 -8
1038 1068 13
1038 1039 28
670 671 8
150 152 -19
515 57 -13
85 83 -19
671 669 19
905 458 -19
