1249 1248 -28
1249 357 -19
1249 1247 28
1249 1251 -28
1249 801 8
1248 360 19
1248 1218 8
1248 1278 8
1248 804 28
357 834 -8
357 386 -19
357 328 8
357 358 8
1247 1245 -8
1247 355 13
1247 799 -28
1247 1246 -13
1251 359 -28
1251 803 28
1251 1253 13
1251 1250 -28
801 772 -19
801 802 -13
801 329 -19
801 831 -8
157 1041 28
157 184 -13
157 624 -28
157 158 13
157 128 -28
1041 591 8
1041 1040 -13
1041 1043 -8
1041 1039 -8
184 213 -28
184 185 -19
184 653 28
184 1071 -13
624 626 28
624 623 28
624 1070 8
624 622 8
158 160 28
158 621 28
158 156 -19
158 1038 13
128 129 8
128 594 -8
128 1011 -19
128 99 8
741 268 -19
741 739 19
741 740 28
741 743 -28
741 1184 28
268 269 28
268 240 -8
268 1157 -19
268 296 28
739 737 19
739 738 -28
739 266 19
739 1182 28
740 710 8
740 770 -13
740 1187 -19
740 271 -13
743 270 -13
743 745 19
743 1186 -28
743 742 19
1184 298 19
1184 1156 28
1184 1214 -28
1184 1185 -13
447 448 -28
447 477 13
447 898 8
448 895 8
448 446 -13
448 450 -13
477 20 13
477 928 19
477 507 19
477 478 19
898 896 28
898 19 -28
898 900 19
898 897 -19
401 402 28
401 372 -28
401 1295 28
402 404 13
402 1292 8
372 850 28
372 343 28
372 1265 -28
372 373 -19
1295 1294 -19
1295 1297 -13
1295 1293 -19
1295 847 28
404 406 19
404 1294 19
404 403 8
406 408 13
406 1296 -19
406 405 28
1294 850 -8
1294 1264 13
403 1297 -28
403 374 19
535 505 8
535 986 13
535 536 -19
535 565 -13
535 75 -28
505 956 -8
505 475 -28
505 506 13
505 47 19
986 103 13
986 988 8
986 984 19
986 985 8
536 538 28
536 983 -19
536 534 -28
536 72 8
565 566 -8
565 1015 -8
565 595 19
565 104 -19
75 77 8
75 73 19
75 953 13
75 74 -28
1061 611 28
1061 1059 -19
1061 1060 13
1061 1063 -19
611 640 28
611 581 -13
611 612 8
611 148 -8
1059 174 13
1059 1058 19
1059 1057 -28
1059 609 19
1060 178 -28
1060 614 -8
1060 1030 13
1060 1089 19
1063 1062 -8
1063 177 -13
1063 1065 -19
1063 613 19
173 144 -28
173 639 -19
173 1057 19
173 200 -13
144 1027 13
144 115 -19
144 610 13
639 638 13
639 1085 19
639 641 -13
1057 1056 19
200 229 -8
200 669 -13
200 1086 28
1300 856 -19
1300 410 -13
1300 1270 19
1300 1301 -28
856 855 28
856 858 -19
856 378 19
856 854 19
410 408 -8
410 412 28
410 409 13
1270 1240 28
1270 826 -13
1270 1271 -8
1270 381 -8
1301 1303 13
1301 1299 13
1301 407 19
1301 853 -8
27 488 8
27 906 -28
27 56 -8
27 28 -19
488 487 -13
488 486 -13
488 935 -19
906 904 -13
906 455 19
906 905 -8
56 936 28
56 518 -19
56 57 8
56 84 -13
28 903 -19
28 485 -28
28 26 28
538 74 28
538 985 8
538 537 13
538 540 -28
74 956 8
74 46 -13
985 955 13
985 1014 -28
985 106 28
537 77 13
537 988 -28
537 507 28
537 567 -13
540 987 28
540 539 -28
540 76 -28
540 542 8
499 41 -8
499 950 13
499 529 -28
499 500 8
499 469 -13
41 40 8
41 39 28
41 43 19
41 917 -8
950 952 28
950 68 19
950 949 -8
950 948 8
529 559 28
529 980 -13
529 530 -28
529 69 -8
500 498 -19
500 947 13
500 38 13
500 502 13
469 470 -28
469 12 -8
469 439 -19
469 920 28
1001 999 -13
1001 118 -28
1001 1000 19
1001 1003 28
1001 551 28
999 998 13
999 549 -13
999 116 -28
118 147 19
118 89 19
118 119 8
118 584 -8
1000 971 -8
1000 554 -13
1000 1030 28
1000 121 13
1003 553 -8
1003 120 -8
1003 1002 -28
1003 1005 19
551 552 -13
551 521 13
551 581 13
551 90 -13
1303 409 13
1303 1302 -8
1303 1305 -13
1303 855 13
409 380 -13
1302 412 19
1302 858 -28
1302 1272 -19
1305 1304 -13
1305 1307 -13
1305 857 -28
1305 411 28
855 381 28
855 825 28
207 677 8
207 236 19
207 208 -13
207 1094 -13
207 179 -28
677 1123 13
677 675 19
677 676 -19
677 679 -28
236 707 -28
236 264 -28
236 1124 19
236 237 -13
208 674 19
208 210 -13
208 206 -19
208 1091 8
1094 644 28
1094 1096 -19
1094 1092 -19
1094 1093 19
179 647 -8
179 151 -28
179 1065 -19
783 1226 -28
783 785 -8
783 782 -13
783 781 19
783 307 -19
1226 339 -8
1226 1196 -28
1226 1227 13
1226 1256 -13
785 309 -19
785 1228 -13
785 786 28
785 784 -8
782 310 28
782 752 19
782 811 8
782 1229 -8
781 1224 8
781 779 -28
781 305 8
781 780 28
307 308 -28
307 336 13
307 280 19
307 1197 8
605 634 13
605 575 -19
605 1055 8
605 143 -19
605 606 -19
634 664 19
634 172 -13
634 635 19
634 1084 8
575 576 19
575 545 -28
575 114 13
575 1025 28
1055 1053 13
1055 171 -8
1055 1054 19
143 142 28
143 141 -13
143 1022 8
606 140 19
606 1052 13
606 604 -8
606 608 -13
1201 754 -8
1201 1200 -8
1201 1199 -28
1201 311 -28
754 755 -28
754 784 -19
754 724 -8
754 285 -19
1200 1171 19
1200 1230 28
1200 757 8
1199 752 28
1199 1197 28
1199 1198 -19
1199 309 -8
311 340 -8
311 786 19
311 312 28
311 284 -19
308 310 -8
308 306 -19
308 780 -13
308 1194 8
336 365 -13
336 337 -28
336 812 8
336 1227 -8
280 1169 19
280 252 -19
280 281 13
280 753 19
1197 1196 28
1197 1195 28
1197 750 13
40 920 28
40 11 13
40 502 8
40 68 -19
920 919 8
920 922 19
920 918 19
11 12 -19
11 890 -19
11 472 19
502 504 -28
502 949 13
502 501 28
68 97 -28
68 69 -8
68 532 28
20 18 -28
20 895 8
20 22 -19
20 19 -28
18 16 28
18 475 19
18 893 19
18 17 -19
895 925 8
895 896 -8
22 479 28
22 21 -13
22 897 -28
22 24 -8
19 480 28
19 48 -8
310 309 28
310 312 13
310 1196 -13
309 282 8
309 338 -28
312 1198 13
312 784 8
1196 1168 -8
1196 753 -28
274 1163 -19
274 747 -19
274 275 19
274 246 28
274 301 19
1163 1165 -13
1163 1161 19
1163 714 13
1163 1162 -19
747 749 -13
747 1190 13
747 746 -13
747 745 -28
275 273 13
275 744 28
275 277 28
275 1160 -8
246 1134 28
246 717 -13
246 247 28
246 217 -13
301 302 -13
301 1191 8
301 330 -13
301 777 -8
590 592 -8
590 589 8
590 588 8
590 124 8
590 1036 8
592 126 -13
592 591 -13
592 594 28
592 1038 -19
589 127 28
589 559 8
589 619 19
589 1039 -28
588 1034 -28
588 586 19
588 122 -8
588 587 19
124 1007 -19
124 95 8
124 153 19
124 125 -13
1036 1037 28
1036 1066 -28
1036 1006 -8
1036 156 -19
1007 1005 -13
1007 1009 28
1007 1006 19
1007 557 13
95 96 28
95 66 -13
95 978 13
95 560 -8
153 620 13
153 1037 13
153 154 -13
153 180 28
125 127 -28
125 123 28
125 587 -8
125 1004 19
925 478 -19
925 955 19
925 926 8
925 49 28
478 480 28
478 476 -8
478 17 -13
955 956 -28
955 77 19
955 508 19
926 46 -13
926 924 13
926 475 28
926 928 28
49 47 8
49 507 28
49 48 28
49 51 -19
1166 1194 8
1166 1167 19
1166 1137 19
1166 281 8
1166 721 -19
1194 1224 -28
1194 1195 8
1194 751 8
1167 1165 19
1167 718 -13
1167 1169 -13
1167 278 8
1137 691 -28
1137 1138 -28
1137 1107 13
1137 253 28
281 279 28
281 750 -8
281 283 -28
721 719 -28
721 250 13
721 720 -13
721 723 -8
553 92 -28
553 583 -8
553 554 -8
553 523 8
92 971 13
92 91 -13
92 94 19
92 90 8
583 613 28
583 584 -13
583 1033 28
583 121 28
554 552 28
554 89 8
554 556 -19
523 524 -19
523 63 8
523 493 28
523 974 -28
695 697 13
695 693 28
695 694 19
695 225 19
695 1140 28
697 696 8
697 1142 19
697 227 8
693 691 19
693 223 8
693 692 19
694 664 8
694 228 -8
694 724 -28
694 1143 13
225 254 8
225 226 8
225 1112 19
225 196 19
1140 1141 -13
1140 1111 -8
1140 256 -13
834 833 -8
834 1278 13
834 832 -19
834 836 19
833 360 19
833 803 -13
833 863 -28
833 1281 13
1278 1279 -19
1278 1308 13
1278 389 19
832 831 8
832 1276 -13
832 830 -28
832 355 28
836 359 13
836 835 -28
836 1280 8
836 838 19
127 126 13
127 1006 -19
127 129 8
126 97 -13
126 155 19
126 1009 -8
1006 977 -13
1006 560 -28
129 591 -8
129 1008 28
129 131 19
386 1279 8
386 415 13
386 864 8
386 387 19
328 329 28
328 1219 -13
328 299 19
328 804 8
358 360 8
358 831 -8
358 356 -28
358 1246 13
423 394 -19
423 424 -8
423 1317 19
394 872 19
394 1287 28
394 365 -19
394 395 28
424 426 -19
424 1314 -19
424 422 -28
1317 869 19
1317 1316 28
1317 1315 13
1317 1319 13
360 359 28
360 362 19
359 388 -19
359 330 -28
362 835 13
362 361 28
362 1250 -13
362 364 -8
909 33 -28
909 910 -13
909 939 8
909 462 13
909 879 19
33 35 19
33 491 28
33 32 -13
33 31 28
910 30 -13
910 908 -28
910 912 -13
910 459 -8
939 969 19
939 492 19
939 61 -13
939 940 -13
462 464 19
462 460 -28
462 461 28
462 1 -13
879 432 -13
879 880 -13
879 4 28
1267 374 28
1267 1266 13
1267 1269 -8
1267 819 28
1267 1265 8
374 852 -19
374 345 -28
374 375 -8
1266 377 -19
1266 1236 8
1266 822 -28
1266 1296 -19
1269 376 -13
1269 1271 8
1269 1268 8
1269 821 28
819 789 -8
819 820 8
819 346 28
819 849 8
1265 817 -28
1265 1264 -28
1265 1263 8
71 69 8
71 73 19
71 531 -8
71 70 8
71 949 -13
69 67 -8
69 947 -28
73 72 -13
73 533 -13
73 951 -8
531 532 -8
531 501 -28
531 982 13
531 561 -19
70 534 -13
70 952 28
70 42 19
70 99 8
949 919 13
949 979 -8
977 98 -28
977 947 28
977 978 -8
977 530 -13
98 559 -28
98 97 8
98 100 -13
98 96 -8
947 917 28
947 948 8
978 527 -13
978 976 19
978 980 -28
530 66 -8
530 528 13
530 532 28
643 641 19
643 645 -8
643 1089 -19
643 642 -28
641 174 -28
641 640 28
641 1087 -19
645 644 -8
645 647 13
645 1091 19
645 177 -19
1089 1119 -28
1089 1090 -19
1089 206 -28
642 178 8
642 613 -8
642 1092 -28
642 672 19
425 396 -28
425 1319 -8
425 426 8
396 367 8
396 1289 -19
396 874 -13
396 397 8
1319 871 -19
1319 1321 -19
1319 1318 -8
426 428 8
426 1316 -13
749 1192 -8
749 751 13
749 276 -13
749 748 13
1190 304 -13
1190 1162 -28
1190 1220 28
1190 1191 19
746 716 13
746 776 8
746 1193 13
746 277 28
745 272 -28
745 1188 28
745 744 13
453 483 -8
453 904 -13
453 454 8
483 513 -28
483 484 13
483 26 -19
483 934 19
904 902 28
904 25 -13
904 903 8
454 452 19
454 901 -28
454 456 8
956 958 28
956 954 19
958 507 13
958 76 -28
958 960 -8
958 957 8
954 952 19
954 72 -28
954 953 28
954 503 13
1218 331 -8
1218 1219 -13
1218 1188 19
1218 775 -13
331 333 28
331 329 -13
331 803 -8
331 330 28
1219 772 -28
1219 1217 13
1219 1221 -8
1188 302 -19
1188 1189 13
1188 1160 -19
775 773 13
775 299 13
775 777 13
775 774 28
178 176 -19
178 177 -13
176 1058 8
176 175 -19
176 640 19
177 205 13
177 149 8
710 243 -8
710 1159 -19
710 711 8
710 680 -8
243 242 -13
243 245 -13
243 241 -19
243 1127 -19
1159 270 8
1159 1157 -8
1159 1161 19
1159 1158 -19
711 713 8
711 1156 -19
711 709 -19
711 240 -19
680 681 -28
680 650 -19
680 214 -13
680 1130 -8
644 615 8
644 674 19
647 649 8
647 1093 -28
647 646 13
1091 1062 8
1091 1121 8
1091 1092 13
1067 1066 28
1067 617 19
1067 1065 -8
1067 1069 8
1067 180 -13
1066 183 28
1066 620 -13
1066 1095 28
617 618 -8
617 154 -13
617 587 8
617 646 19
1065 615 -28
1065 1064 19
1069 619 -8
1069 1071 -28
1069 182 19
1069 1068 -19
180 649 -28
180 209 -8
180 181 19
1028 1058 -28
1028 582 -13
1028 998 19
1028 148 19
1028 1029 8
1058 612 8
1058 1087 8
582 580 19
582 116 -28
582 581 -8
582 584 19
998 552 13
998 119 -19
998 969 19
148 147 19
148 146 13
148 150 8
1029 579 28
1029 1031 -13
1029 1027 -19
1029 145 -28
242 1130 8
242 213 -28
242 713 19
242 270 13
1130 1129 28
1130 1132 28
1130 1128 -28
213 214 8
213 683 13
213 1100 -19
713 712 28
713 1158 -28
713 715 28
270 297 -13
270 271 -28
544 991 19
544 542 13
544 80 19
544 546 19
544 543 19
991 1020 19
991 992 -13
991 112 -19
991 961 28
542 989 8
542 78 28
542 541 28
80 52 28
80 109 8
80 81 28
80 962 -28
546 82 -8
546 548 19
546 545 8
546 993 -13
543 513 -13
543 573 28
543 83 13
543 994 -13
475 476 19
475 445 19
506 504 19
506 953 -8
506 508 -28
506 44 -19
47 46 13
47 45 13
47 923 19
1005 122 -19
1005 1004 -19
1005 555 13
1009 559 13
1009 1011 8
1009 1008 -19
557 527 -19
557 96 -13
557 587 -28
557 558 8
1309 415 13
1309 1311 19
1309 861 8
1309 1307 19
1309 1308 -19
415 416 28
1311 417 8
1311 1310 8
1311 863 28
1311 1313 -8
861 831 19
861 387 -8
861 862 -13
1307 859 -8
1307 413 13
1307 1306 -13
1308 864 -13
1308 418 -28
1133 1162 -28
1133 687 13
1133 1134 13
1133 249 -8
1133 1103 19
1162 277 28
1162 717 -13
687 685 -13
687 686 8
687 689 -8
687 217 -19
1134 684 -19
1134 1136 -13
1134 1132 -8
249 716 -28
249 248 -8
249 251 -13
249 247 -19
1103 1104 8
1103 220 8
1103 1074 -19
1103 657 -8
800 799 19
800 1244 8
800 802 -28
800 324 -8
800 798 28
799 327 -28
799 770 -13
799 829 28
1244 1245 -19
1244 1274 -13
1244 1214 8
1244 356 13
802 1246 -19
802 326 -19
802 804 8
324 353 -19
324 1215 -28
324 325 -28
324 296 19
798 1242 8
798 796 -13
798 322 8
798 797 13
46 508 -8
46 17 -8
508 507 13
508 510 19
17 896 -13
1118 668 -8
1118 1116 -19
1118 1120 13
1118 1117 8
1118 230 -13
668 638 -13
668 698 19
668 669 -8
668 202 -13
1116 229 8
1116 1115 13
1120 1119 19
1120 670 19
1120 1122 28
1120 232 8
1117 233 28
1117 671 19
1117 1146 -8
1117 1087 28
230 258 8
230 701 28
230 201 -13
230 231 28
327 326 -19
327 329 -28
327 325 8
327 1214 -28
326 297 19
326 1217 8
326 355 8
329 1216 -28
325 797 13
325 1212 -28
325 323 -8
1214 1215 8
1214 771 19
931 484 -13
931 932 13
931 55 13
931 901 -19
931 961 19
484 482 -19
484 486 -8
484 23 -19
932 930 8
932 481 -13
932 52 -13
932 934 13
55 513 -28
55 54 -13
55 53 -28
55 57 -13
901 902 -13
901 26 13
961 962 8
961 83 13
961 514 28
852 854 -13
852 851 28
852 850 -19
852 1296 -13
854 1298 28
854 376 8
854 853 -19
851 377 -28
851 1299 -8
851 821 13
850 848 -13
850 849 -13
1296 1297 28
559 560 28
560 558 -19
560 562 -13
298 770 -19
298 297 28
298 300 19
1156 1127 -28
1156 271 -13
1156 1157 13
1185 738 28
1185 1183 -19
1185 1187 -13
1185 296 8
133 595 8
133 132 8
133 135 8
133 131 13
133 1012 13
595 1045 -19
595 625 19
595 596 -19
132 103 19
132 598 8
132 1015 -28
132 161 28
135 597 -28
135 1014 28
135 137 28
135 134 13
131 593 13
131 1010 8
131 130 -8
1012 983 19
1012 1013 19
1012 566 8
1012 1042 -19
664 199 19
664 1114 28
664 665 8
199 198 8
199 197 28
199 1081 -8
1114 227 8
1114 1113 -8
1114 1112 -19
665 667 -13
665 663 -19
665 1111 -13
665 196 8
377 375 -8
377 376 13
377 379 13
375 1264 -19
375 849 19
375 373 8
376 347 -13
376 405 19
379 853 -8
379 1268 -28
379 381 28
379 378 -28
97 562 -13
97 980 28
562 561 8
562 1008 8
562 564 13
980 982 -19
980 979 13
1273 1272 28
1273 1275 8
1273 1271 -28
1273 825 -19
1273 380 28
1272 383 28
1272 1242 -28
1272 828 13
1275 1274 13
1275 382 28
1275 1277 8
1275 827 -19
1271 823 -19
1271 378 28
825 795 -13
825 352 -28
825 826 -8
380 858 19
380 381 -19
380 351 -19
77 76 28
77 79 19
76 48 28
76 105 -8
79 81 -19
79 78 28
79 957 -28
79 539 28
983 953 13
983 984 -28
983 104 8
953 923 -28
984 982 8
984 533 -8
984 101 19
104 103 13
104 102 13
104 106 8
198 227 -13
198 171 -8
198 1084 19
198 667 -13
227 228 -19
171 172 -8
171 142 13
171 637 -13
1084 1083 -8
1084 1082 19
667 666 8
667 1113 -13
649 651 -13
649 1095 13
649 648 8
651 650 28
651 1097 13
651 182 19
651 653 8
1095 1125 28
1095 1096 -8
1095 212 8
648 183 -28
648 678 -19
648 619 8
648 1098 8
640 1090 -13
640 670 19
581 1031 13
581 119 28
612 614 28
612 610 8
612 145 8
817 818 -13
817 787 8
817 344 -28
817 847 -13
818 1262 13
818 820 -28
818 342 -13
787 1235 -8
787 315 13
787 758 -13
787 788 19
344 1232 -13
344 346 13
344 343 -28
847 848 28
847 373 28
1236 1206 8
1236 348 28
1236 792 28
1236 1237 -28
1206 319 13
1206 1207 19
1206 763 28
1206 1177 -19
348 347 19
348 350 -8
348 346 -19
348 821 8
792 791 28
792 790 8
792 316 8
792 794 -8
1237 789 -28
1237 1239 19
1237 1235 8
1237 345 -13
1224 337 -19
1224 1254 19
1224 1225 -28
337 339 -13
337 335 -8
337 809 28
1254 1284 -8
1254 1255 -8
1254 366 8
1254 810 8
1225 1223 28
1225 778 -19
1225 1227 13
1225 334 -8
183 181 19
183 185 28
183 182 28
181 1064 19
181 646 13
185 650 8
185 1068 13
185 187 8
182 155 -8
182 211 28
716 1165 -13
716 717 13
716 686 13
1165 276 -28
1165 1164 -28
717 719 8
717 715 19
686 656 -19
686 220 -13
686 1136 -13
147 1031 8
147 614 8
1031 1030 -28
1031 1033 19
614 613 19
614 616 -8
1073 623 -8
1073 1075 19
1073 1072 -28
1073 186 -28
1073 1071 -8
623 593 -13
623 160 -28
623 652 -13
1075 188 8
1075 625 8
1075 1074 13
1075 1076 28
1072 189 13
1072 626 -13
1072 1042 28
1072 1101 -13
186 655 -8
186 159 28
186 215 -28
186 187 -13
1071 1070 13
1071 621 -13
719 1164 13
719 248 -19
719 718 19
1164 1135 -28
1164 279 -19
1164 1192 13
248 276 -19
248 1136 -28
248 219 19
718 251 8
718 748 -13
718 688 -28
1034 1004 -19
1034 1035 -19
1034 1064 8
1034 154 13
1004 558 -13
1004 975 13
1035 1033 -19
1035 585 13
1035 1037 -13
1035 151 13
1064 618 19
1064 1093 8
154 156 -8
154 152 -19
276 303 19
276 277 -19
1136 1135 13
1136 1138 -28
219 220 8
219 1106 -8
219 190 19
219 689 8
730 700 13
730 760 8
730 261 28
730 1178 28
730 731 -28
700 233 -13
700 1149 8
700 701 -19
700 670 28
760 789 8
760 761 -28
760 1207 28
760 289 -8
261 260 -19
261 263 19
261 259 13
261 1146 28
1178 1176 -8
1178 1177 8
1178 1179 19
731 729 -19
731 733 13
731 1175 -19
731 258 13
525 65 28
525 976 28
525 526 8
525 495 19
525 555 28
65 67 -8
65 63 13
65 943 8
65 64 19
976 93 -19
976 974 28
976 975 -28
526 528 -8
526 973 28
526 524 19
526 62 19
495 496 -8
495 465 8
495 946 -13
495 37 -28
555 556 -28
555 585 19
555 94 -8
806 808 28
806 804 28
806 1250 -8
806 805 13
806 330 -8
808 332 19
808 1252 -28
808 810 8
808 807 -13
804 803 8
1250 1280 -28
1250 1220 -28
805 333 -13
805 776 -8
805 835 -13
805 1253 -28
330 1221 8
233 231 28
233 235 19
233 232 13
231 1115 8
231 698 13
235 1119 28
235 702 28
235 234 28
235 237 28
232 203 8
232 260 -8
232 703 28
770 1217 -8
770 771 8
1217 1216 -8
1217 1215 13
771 773 -19
771 769 8
771 296 13
333 335 19
333 332 -28
333 1220 8
335 334 -13
335 1222 28
335 807 8
332 303 -28
332 1223 28
1220 777 -19
1220 1221 8
873 1321 13
873 843 13
873 399 13
873 874 13
1321 427 28
1321 1320 28
843 844 -28
843 1291 28
843 813 13
843 370 -28
399 398 28
399 1288 -13
399 397 -28
874 876 28
874 872 8
874 1318 8
527 528 28
527 67 -8
527 497 13
528 64 13
528 975 -13
67 66 19
67 945 8
497 498 8
497 39 -19
497 467 19
497 948 -19
468 466 -8
468 915 -13
468 470 19
468 7 -13
468 467 19
466 465 -28
466 464 -13
466 913 -13
466 5 8
915 39 13
915 885 -13
915 945 8
915 916 -19
470 472 19
470 917 8
470 9 -28
7 36 8
7 8 8
7 886 28
467 437 -8
467 10 -19
467 918 -8
297 773 -19
297 1187 -13
773 772 -28
773 1216 -28
1187 1189 28
1187 1186 8
876 1320 13
876 875 8
876 398 13
1320 1290 19
875 845 -19
398 369 13
398 427 -13
398 1291 8
369 1261 -13
369 846 28
369 340 13
369 370 -8
427 428 -28
1291 1290 -8
1291 1289 -8
566 568 -13
566 564 -13
566 101 28
1015 1014 -13
1015 1017 -28
1015 1013 19
772 742 8
772 300 13
742 712 -8
742 273 13
742 1189 -28
300 302 -19
300 1186 28
300 299 -19
304 776 -13
304 303 -13
304 306 19
304 302 13
1191 1193 28
1191 1189 -8
1191 744 -28
383 857 8
383 381 -13
383 382 -13
383 385 -19
857 858 28
857 827 -13
382 353 -13
382 860 28
382 411 -8
385 859 -8
385 384 19
385 1274 13
385 387 19
103 568 28
568 1014 -28
568 570 8
568 567 8
579 609 13
579 117 -8
579 580 -13
579 549 13
609 638 19
609 146 19
609 610 13
117 997 -19
117 119 13
117 116 19
580 115 8
580 1026 28
549 550 28
549 519 -8
549 88 19
685 215 13
685 1131 -28
685 683 8
685 684 19
215 244 -28
215 216 8
215 1102 28
1131 1160 -8
1131 1101 28
1131 1132 -13
1131 247 19
683 1129 28
683 681 13
683 682 8
684 654 13
684 218 8
684 714 28
1176 287 -28
1176 728 28
1176 1174 19
1176 1175 19
287 761 28
287 314 -28
287 258 28
728 729 -28
728 259 -19
728 698 8
728 758 -19
1174 286 -8
1174 1173 -28
1175 289 -28
1175 1204 -19
1175 1146 -8
824 822 28
824 823 -8
824 347 19
824 826 -13
824 1268 8
822 820 8
822 345 8
822 821 8
823 793 8
823 350 13
823 853 8
347 318 -28
347 1239 19
826 349 8
826 828 19
1268 1298 -19
1268 1238 -8
1279 1281 -19
1279 1277 -8
1279 831 8
1281 1280 -13
1281 388 19
1281 1283 13
1277 384 -28
1277 1276 -19
1277 829 -8
318 794 -28
318 319 28
318 290 -8
318 1209 28
1239 791 -28
1239 1241 28
1239 1238 19
172 170 8
172 1052 -28
635 633 -28
635 1081 19
635 637 28
635 169 28
1242 1212 -19
1242 354 19
1242 1243 -28
1212 769 13
1212 1213 8
1212 1182 -13
354 353 8
354 356 -19
354 827 8
354 352 -28
1243 1245 13
1243 1241 -19
1243 795 8
1243 351 -13
722 255 8
722 723 13
722 692 8
722 1170 13
722 752 -19
255 254 8
255 253 -8
255 256 -19
723 725 -8
723 252 28
723 1168 -28
692 226 13
692 1141 -8
692 662 -8
1170 282 28
1170 1172 8
1170 1169 13
752 283 28
752 753 -8
1245 797 -8
1245 353 -8
797 768 -13
797 827 13
353 830 -19
737 736 -13
737 1180 28
737 735 13
737 264 13
736 267 -13
736 766 -8
736 1183 -13
736 706 -8
1180 1181 -13
1180 1152 19
1180 1210 19
1180 295 13
735 262 28
735 734 -8
735 733 -13
264 1153 -19
264 292 19
264 265 19
254 282 -28
254 1141 -8
254 725 -13
282 755 13
282 283 28
1141 1139 -13
1141 1143 -19
725 727 28
725 724 19
1030 150 -8
1030 584 -8
1033 149 13
1033 1032 -8
532 534 19
532 979 -8
501 952 28
501 471 -8
501 43 -19
982 99 13
982 981 -13
561 100 28
561 591 28
561 1011 28
400 371 -13
400 1293 -28
371 848 -28
371 342 13
371 1263 28
1293 1292 28
534 981 -8
534 533 -8
981 102 19
981 951 -8
981 1010 8
533 503 -8
533 563 13
1056 610 19
1056 1085 -13
1056 175 -13
1056 1026 8
1085 1115 28
1085 1086 -28
1085 202 8
175 638 28
175 174 13
1026 1027 19
1026 146 -28
1026 997 19
776 1223 -28
776 777 28
1223 1222 8
1223 1221 -8
777 779 -13
203 1090 -19
203 204 -28
203 673 13
1090 1088 28
1090 1092 19
204 670 8
204 206 28
204 202 -28
204 1087 -8
673 675 13
673 1119 -19
673 671 -28
673 672 -19
339 338 28
339 341 -13
339 811 -8
338 814 19
338 367 -19
338 1229 8
341 813 19
341 340 -8
341 1228 19
811 841 13
811 1259 28
811 812 28
474 13 13
474 472 -19
474 921 -8
474 476 -13
474 473 -8
13 42 -8
13 892 -13
13 14 8
472 919 19
472 471 -8
921 45 -8
921 891 -28
921 951 -13
921 922 28
476 923 8
476 15 -13
473 16 8
473 443 19
473 924 19
473 503 28
779 778 -19
779 303 -13
779 1222 -13
778 306 -19
778 807 28
778 748 -13
303 1193 -19
1222 1192 8
1222 1252 -8
601 1051 -28
601 602 -28
601 631 -8
601 139 19
601 571 13
1051 167 13
1051 1050 -19
1051 1049 -19
1051 1053 -13
602 1048 13
602 136 -28
602 604 -28
602 600 -28
631 168 -8
631 660 -13
631 1080 28
139 137 28
139 1018 19
139 138 -19
139 141 -19
571 1021 19
571 572 19
571 110 8
571 541 -19
1298 1299 8
1298 408 19
1299 1297 8
1299 405 8
408 407 28
1193 1192 28
1193 1195 28
789 790 -8
789 317 28
790 314 -13
790 1234 -28
790 788 -13
317 1204 -13
317 319 -13
317 316 -13
317 315 8
896 894 19
896 445 -8
16 15 -19
16 14 -28
16 891 -13
15 894 -8
15 44 -8
14 471 -28
14 12 19
14 889 19
891 444 13
891 892 28
1168 1169 8
1168 283 -13
753 755 8
753 751 -19
306 1192 -8
306 305 -13
305 278 19
305 1195 -8
305 334 13
845 846 19
845 815 -13
846 1290 -19
846 844 -8
815 816 -19
586 120 19
586 584 13
586 585 -19
586 1032 -13
120 91 -8
120 121 -19
120 149 -28
585 123 8
585 615 8
1032 1062 -28
1032 152 -8
1032 1002 -13
91 556 13
91 974 13
91 62 13
121 123 -28
121 119 -19
149 150 28
149 616 -8
900 449 28
900 902 8
900 21 -28
900 899 13
897 927 -8
897 450 19
1198 1228 -8
1198 755 8
691 221 13
691 690 28
691 689 28
221 1108 -13
221 250 19
221 222 -8
221 192 8
690 660 -8
690 224 -13
690 1139 13
690 720 -13
689 1135 28
689 688 -28
100 99 19
100 102 -19
100 979 19
99 564 8
102 563 -8
102 101 -19
979 1008 28
830 828 8
830 1274 -28
830 829 28
122 151 -28
122 93 19
122 123 19
151 618 -13
151 152 13
93 558 19
93 94 8
93 64 -28
123 1002 -28
66 948 19
66 38 -13
945 498 -13
945 946 -28
945 975 19
168 166 -13
168 170 28
168 167 13
168 1048 28
166 629 13
166 165 28
166 164 -19
166 1046 -28
170 1050 19
170 632 -28
170 169 13
167 633 13
167 194 -28
167 138 -8
1048 1049 -19
1048 1018 13
1186 1158 -28
1186 1216 -28
449 450 19
449 479 -28
450 452 8
479 480 -13
479 930 28
479 509 13
952 951 -13
951 504 19
1262 1232 -28
1262 373 -19
1262 1263 -19
1262 1292 -8
1232 1233 -28
1232 1202 -8
1232 788 28
1292 848 19
638 1088 19
1088 1086 -28
1088 201 -8
1088 1087 8
174 145 -19
174 201 13
145 146 19
145 116 -19
201 671 -13
201 202 13
412 411 -28
412 414 8
858 860 -13
987 988 -28
987 957 28
987 1016 13
987 108 -19
539 509 -28
539 569 28
539 990 -19
1062 616 -19
616 618 13
616 615 -28
1002 556 13
1002 973 -13
796 1240 -19
796 320 8
796 795 19
796 794 -13
1240 1241 -28
1240 352 -8
1240 1210 -28
320 1211 13
320 349 8
320 321 -28
320 292 8
795 323 28
795 766 19
794 793 19
794 1238 -28
480 927 13
480 482 8
927 957 8
927 51 -13
927 928 8
482 21 19
482 929 28
482 481 13
607 577 28
607 636 13
607 608 -19
577 578 -8
577 547 -19
636 666 28
636 637 -19
608 142 19
608 1054 8
48 928 -28
48 510 -13
902 23 -8
902 451 -13
23 52 -13
23 24 19
451 452 13
451 481 28
42 922 -13
42 504 -19
42 43 19
922 471 28
922 924 -28
504 503 28
43 45 -13
43 919 19
1108 1106 -8
1108 658 -28
1108 1110 8
1108 1107 -8
1106 1104 -28
1106 656 -19
1106 1105 13
658 688 -19
658 629 28
658 659 19
658 193 13
1110 660 8
1110 1112 13
1110 1109 28
1110 223 -19
1107 224 -28
1107 1077 8
1107 661 13
1304 1274 -8
1304 414 -28
1304 860 19
414 413 -13
414 416 13
860 859 13
860 862 -8
21 50 -28
24 899 -8
24 26 -28
24 481 -8
228 226 28
228 1111 28
724 1172 -28
724 256 28
1143 1142 -28
155 622 8
155 156 19
155 1039 -8
322 351 28
322 323 -8
322 294 -8
322 1213 8
351 352 -13
351 828 8
323 1210 -19
323 321 -8
294 266 -19
294 769 13
294 1183 -28
294 295 -8
1213 1211 19
1213 766 -28
1213 1215 -19
267 266 -19
267 269 8
267 265 19
267 1152 -8
266 1155 -28
266 238 -28
269 738 19
269 1154 8
269 271 28
265 734 -28
265 1150 19
265 263 28
1152 707 28
1152 1123 19
1152 1153 19
25 54 28
25 26 19
25 486 19
903 933 13
903 456 -8
696 666 8
696 726 28
1142 1113 -19
1142 1171 19
1157 1155 -19
1157 708 -13
1161 712 13
1161 1160 28
1161 272 -13
1158 273 -19
1158 1129 8
388 866 -13
388 417 -19
388 389 28
1284 395 8
1284 1314 28
1284 1285 -19
1284 840 -28
395 869 -28
395 393 -8
395 397 -8
1314 1315 13
1314 870 8
1285 392 -8
1285 837 13
1285 1287 13
1285 1283 -8
840 839 19
840 842 28
840 363 13
840 838 13
660 195 28
660 661 8
195 1077 -19
195 194 -19
195 193 -8
195 197 -28
661 192 28
661 663 -13
661 659 -28
849 1297 -13
72 101 8
72 44 -8
343 1235 13
343 820 13
343 314 -28
821 791 -8
428 1318 -19
751 750 -19
751 278 8
748 279 -19
748 1195 8
960 78 19
960 509 -19
960 959 28
960 962 -28
957 510 28
1083 1054 28
1083 1113 -8
1083 637 28
1054 1024 19
446 445 -8
446 444 8
446 893 13
444 442 28
444 443 -19
893 894 19
893 923 -28
615 152 -8
674 675 -13
674 704 -13
674 1124 8
712 245 -13
712 682 -8
245 1129 -19
245 244 13
245 247 8
682 652 13
682 216 8
682 1132 -19
1211 764 19
1211 1210 28
1211 1209 -8
764 734 -8
764 793 8
764 293 19
764 765 8
1210 767 -13
1209 1208 13
1209 1207 19
1209 762 -19
1024 578 28
1024 1025 13
1024 995 8
578 576 -19
578 113 19
1025 142 -28
1025 1023 19
995 996 -13
995 965 19
995 548 -28
1011 1010 13
1011 1013 -28
1008 1038 -13
224 223 -8
224 222 28
224 226 -28
223 252 -19
223 194 -19
222 220 -19
222 688 19
222 1105 -19
226 1109 -8
1135 1105 19
1135 251 13
1105 659 28
251 250 13
251 253 13
498 496 13
498 36 8
496 494 28
496 34 19
496 943 -8
36 64 19
36 37 -19
36 916 -13
1246 1276 19
1246 1216 -28
355 384 8
355 356 19
1112 662 13
1112 1111 13
39 37 13
39 38 28
37 35 28
37 913 19
38 9 -28
38 918 -13
869 870 13
869 839 28
870 392 28
870 872 -8
870 868 8
839 809 19
839 1287 19
839 366 -13
273 271 28
273 272 28
272 244 8
272 299 8
872 871 -13
872 1316 19
1287 1286 -19
1287 1289 13
365 366 19
365 1257 -19
365 842 28
463 433 -13
463 464 19
463 914 -13
463 493 -19
463 6 19
433 434 8
433 884 -13
464 3 -28
464 911 19
914 34 8
914 916 -13
914 913 28
914 912 -28
493 494 -8
493 35 -13
493 944 8
6 8 -13
6 5 28
6 4 -13
6 881 -8
1290 1260 28
1260 1261 -8
1260 1230 8
1260 816 28
552 87 -28
552 550 -19
87 116 28
87 59 28
87 88 19
87 970 19
550 997 -19
550 86 -28
378 349 19
378 407 -19
827 828 13
81 83 -28
81 541 -19
81 959 13
78 50 -8
78 107 -28
974 973 13
974 972 19
975 96 -8
820 1264 -13
346 345 -13
346 1234 -19
964 513 8
964 82 19
964 963 -13
964 966 -28
964 962 -19
513 514 28
82 54 -8
82 111 19
82 83 28
963 516 13
963 85 28
963 993 -8
963 933 -19
966 84 -28
966 515 -28
966 965 19
962 511 -8
452 899 -19
899 929 -28
688 1138 8
1215 768 28
250 278 8
250 1138 28
278 279 8
1138 1139 -28
732 733 19
732 702 8
732 263 -8
732 762 28
732 1179 8
733 260 -13
733 1177 13
702 1151 -19
702 672 28
702 703 8
263 262 -28
263 1148 13
762 791 -13
762 763 -28
762 291 -8
1179 290 -28
1179 1181 8
1111 1081 8
503 45 -13
1252 1282 19
1252 1253 -28
1252 364 -13
810 809 -8
810 334 -13
810 812 28
807 837 13
807 1255 -28
437 438 19
437 888 -28
10 9 -28
10 8 -28
10 885 -13
10 12 19
918 917 19
918 916 8
45 44 13
44 924 8
334 363 -28
917 887 -28
9 888 -28
888 886 -19
888 890 28
888 887 -28
1264 1234 19
279 277 19
930 929 28
930 50 -19
930 928 -8
929 53 -13
929 959 13
50 512 8
50 51 13
576 111 -13
576 574 8
576 1022 -8
111 112 -19
111 140 28
111 994 19
574 572 -19
574 1020 -8
574 573 28
574 109 13
1022 1052 -13
1022 993 -13
1022 1023 -19
892 894 19
892 441 13
892 890 13
654 1104 28
654 189 -8
654 655 -19
654 625 -13
218 220 8
218 216 -13
218 1101 28
218 217 8
714 715 28
714 247 -28
714 744 -28
894 443 -8
96 94 13
94 973 28
656 627 8
656 191 28
656 657 -19
628 626 -13
628 1074 -8
628 627 -19
628 161 -28
628 630 8
626 625 8
626 159 19
1074 1044 28
1074 191 -28
627 597 -13
627 1076 -19
627 164 8
161 188 -13
161 1045 -13
161 162 -8
630 629 28
630 163 13
356 829 8
766 767 -28
766 295 8
1183 1182 -28
1183 1181 -28
706 1155 -8
706 707 19
706 239 13
706 676 13
1221 774 -28
738 768 -19
738 708 -8
768 769 -28
708 709 -13
708 678 19
708 241 28
563 593 -13
563 1013 28
563 564 19
997 967 19
967 968 -19
967 520 -19
967 937 -8
967 88 28
1139 252 13
923 924 28
969 522 -13
969 90 -19
969 970 8
1104 217 19
1104 1102 8
217 188 -8
1102 1100 13
1102 652 -28
1102 1101 13
791 319 13
319 321 28
936 935 8
936 485 -8
936 934 -19
935 905 -28
935 965 28
485 455 13
485 486 13
485 515 -13
934 54 -28
934 933 -19
1228 1258 8
1228 1229 -8
755 757 -28
720 750 -28
720 1169 -28
720 253 -28
29 908 -28
29 58 19
29 490 -13
29 0 28
908 907 19
58 86 -19
58 520 -13
58 938 8
490 489 13
490 937 13
490 492 8
0 460 -8
0 878 -13
290 262 -28
290 291 28
290 765 8
101 130 28
1080 1082 28
1080 194 -13
1080 1079 28
1080 1078 28
1155 1154 -13
1155 1153 -13
1154 1182 8
1154 1125 19
1154 709 -28
1153 1151 19
1153 704 -8
262 1151 -28
262 234 -19
1151 1150 19
1151 1149 13
234 705 -8
234 205 8
234 1122 -19
988 990 13
988 105 13
990 989 -19
990 107 8
990 992 -19
105 570 -8
105 134 13
105 106 8
948 946 -13
633 1079 -13
633 632 13
1079 1050 19
1079 1109 -28
1079 197 13
632 1082 13
632 603 8
632 662 8
1053 169 8
1053 1052 -13
1053 603 -19
194 663 -19
138 109 28
138 1021 28
138 604 28
1050 604 13
1050 1020 19
169 140 19
169 196 8
744 774 -8
1234 1235 8
1234 1204 -8
442 441 -28
442 889 -13
442 440 -28
441 471 8
889 919 -19
889 890 13
440 439 19
440 887 8
440 438 -28
1207 316 19
1207 1205 -13
763 761 -8
763 288 28
763 765 -28
1177 1148 28
1177 291 8
1077 1078 -28
494 32 8
494 492 19
494 941 28
32 3 -19
32 912 -13
492 30 13
492 491 8
941 971 28
941 942 19
941 63 28
941 911 -28
1109 663 19
302 774 -13
774 803 -8
35 911 8
35 34 28
911 881 13
911 912 -28
34 5 -8
34 62 13
238 709 -19
238 209 -28
238 1126 -13
238 239 -19
933 486 28
933 57 -28
456 455 -19
456 458 13
943 973 -13
943 944 19
943 913 -13
844 842 -13
844 367 8
844 1288 -28
842 1286 -13
842 841 13
367 368 8
367 1259 -13
1288 1318 -8
1288 1289 -19
1288 1258 8
1129 1099 8
1160 715 8
1286 397 28
1286 1316 8
1286 1256 28
397 871 28
1256 1257 -13
1256 368 8
1256 812 8
510 512 13
510 509 8
345 316 13
86 968 8
86 115 -13
968 970 -19
420 418 28
420 1310 13
420 419 -8
420 422 28
418 417 -8
418 416 -19
1310 866 8
1310 1280 -19
419 1313 -8
419 390 -19
422 1312 -8
422 421 13
971 524 -28
971 972 13
524 522 8
972 521 -28
972 89 13
972 970 19
769 767 13
252 253 13
707 709 -28
707 705 -13
705 1150 -13
705 704 -8
705 703 28
140 141 -13
140 1023 19
1052 1081 13
604 603 19
871 841 8
841 1289 8
841 368 -28
142 113 -28
141 603 -8
141 1020 19
465 8 19
465 916 13
465 435 13
8 883 13
435 886 13
435 436 19
89 90 -19
556 558 -28
761 759 28
761 1204 13
759 286 -8
759 758 -8
1204 1205 -19
30 1 13
30 59 19
30 31 19
912 461 -13
459 489 19
459 460 28
459 2 13
459 429 -13
62 63 -19
62 944 -13
1082 1081 19
1082 196 13
196 197 28
1044 598 13
1044 1014 -13
1044 164 8
1044 1045 8
598 597 -13
598 596 19
598 600 -19
164 163 -28
164 162 -13
1045 1043 -8
1045 1047 -28
240 211 -8
240 1128 28
240 241 -19
734 704 -8
734 1181 -8
704 237 -28
1181 292 -19
241 1125 -13
241 239 -28
1127 681 -19
1127 1097 28
1127 1128 -28
1233 342 -28
1233 1235 8
342 313 -19
431 432 -19
431 461 -8
431 882 -8
432 434 13
432 430 -19
461 491 19
461 4 -13
882 881 -28
882 884 -13
882 880 13
882 3 19
1132 244 -13
12 887 -8
439 890 19
545 85 8
545 515 28
545 996 -19
114 113 13
114 112 19
114 993 13
522 520 8
522 59 -19
522 521 19
520 519 -8
59 940 8
59 60 -13
521 61 28
521 491 -28
481 511 13
52 514 8
52 53 28
113 996 8
113 84 -8
996 994 8
84 85 -19
84 548 -13
767 292 28
767 765 -8
292 293 28
765 1208 8
663 662 -19
597 567 -28
597 1047 -8
1076 190 19
1076 1078 19
197 662 -19
629 599 13
629 1078 28
163 1047 8
163 134 13
163 190 8
1189 299 19
1150 1121 28
1121 675 8
1121 1122 -19
1121 237 -28
1047 1049 13
1047 1046 -28
134 600 19
134 1017 19
190 659 -8
190 191 -19
313 1203 8
313 788 -28
313 286 -13
1227 780 28
1227 1229 -13
1020 1021 13
1241 793 -13
1241 349 13
1238 350 -8
1238 1208 19
729 257 28
729 1173 -28
258 259 -8
258 1147 19
438 436 19
438 885 -13
1202 315 -28
1202 1173 28
1202 1203 -8
315 314 -19
1173 1144 19
1203 1205 19
657 188 -8
657 655 -19
657 659 13
64 946 -13
489 31 -28
489 940 -28
489 519 -8
31 907 -13
940 942 28
940 938 -13
519 970 -28
519 60 -8
793 321 8
321 1208 8
625 162 28
596 1042 28
596 594 19
596 130 -19
1 2 -19
1 880 19
363 1255 -28
363 392 -28
363 364 -19
838 837 28
838 1282 28
838 361 -19
349 350 13
1125 679 -8
1125 1126 8
106 567 -28
106 108 28
603 573 -28
885 886 -13
1261 813 -28
1261 1259 -8
813 814 28
813 784 8
1259 1257 8
1259 1258 -28
350 352 -19
937 907 28
937 938 -13
937 60 8
88 90 -13
416 1306 28
946 944 -8
944 942 -8
511 53 -28
511 541 -13
511 512 8
53 51 -13
541 992 -28
512 959 28
512 514 8
1315 421 -28
1315 1313 19
1315 867 -8
5 884 -19
192 165 -28
192 1078 28
192 193 19
136 165 -13
136 137 -13
136 1019 28
136 107 -8
600 599 8
600 1046 19
1123 239 13
1123 1093 28
1123 1124 -8
239 237 13
1093 210 -19
1124 1122 -8
1124 1126 28
314 1205 -28
137 599 19
137 1016 -28
1018 572 19
1018 989 19
1018 1019 -28
316 288 19
1313 865 8
1313 1312 28
390 868 -28
390 361 -28
390 391 8
390 1283 8
189 188 19
189 187 -28
189 191 -19
655 1101 8
655 653 -19
1312 868 -13
1312 1282 13
421 392 19
517 547 -28
517 487 -8
517 518 19
547 548 -19
487 457 -8
518 965 -28
518 516 -19
676 210 19
676 646 -13
676 1126 -19
613 150 -19
209 210 8
209 1096 8
209 679 -28
1126 1128 -13
1099 1100 -13
1099 216 -8
1099 653 8
1099 1070 19
289 288 -28
289 291 19
288 260 -19
260 1149 -28
866 868 8
866 864 28
866 865 -8
868 867 28
864 862 8
864 863 -8
865 835 -13
865 391 -28
51 509 13
392 393 -28
837 867 13
837 364 8
1283 835 -8
1283 1282 -19
295 293 8
675 205 13
205 206 19
205 1092 13
162 160 -19
162 1042 -8
715 244 8
1023 1021 8
1023 573 -19
434 881 28
434 436 13
884 883 -8
884 886 -28
61 63 19
61 60 13
491 942 28
393 1282 8
393 867 -19
393 391 -8
3 4 28
591 621 19
621 650 -28
621 622 -13
4 2 -19
599 1049 28
599 569 19
1149 1148 8
1149 1147 -19
165 1049 -19
681 679 -28
681 211 28
679 678 28
211 212 -8
211 1098 -8
1119 1148 -8
1148 703 -19
809 780 -8
809 1257 19
366 368 -19
366 364 -8
567 1017 -8
368 370 -19
1230 1231 8
1230 786 -28
816 340 -8
816 814 -8
1147 1145 19
1147 698 28
1147 1146 13
757 756 -8
757 284 28
650 1100 28
1100 1098 -19
191 193 13
672 206 -28
672 1122 -19
703 701 13
214 216 19
214 212 -8
214 1097 28
212 210 -8
212 678 13
1097 1098 -19
1097 1068 -8
109 110 -13
109 992 19
1021 1019 -28
573 112 28
859 829 -13
384 862 28
384 413 13
862 1306 -28
1280 391 -13
391 389 -19
1019 1017 13
1019 569 8
678 1128 -13
1205 758 8
814 812 -13
814 1258 -19
784 1231 19
340 1231 28
1231 1229 -8
291 293 13
460 907 -8
907 877 13
361 1253 -13
883 436 -13
883 913 -8
618 620 8
620 622 -8
620 619 -13
257 1145 -8
257 229 8
257 286 -8
593 1043 -19
593 594 -8
1043 1042 19
1043 159 -8
594 1040 -8
1096 646 19
1096 1098 13
572 570 28
572 107 28
570 1016 19
570 569 19
107 108 19
1145 1144 19
1144 259 13
1144 1115 -28
1144 699 8
1070 1040 -13
1070 187 -8
622 1068 -13
750 780 -28
160 159 8
160 1040 -19
159 130 -8
1040 1010 -13
1046 1016 19
430 877 13
430 429 -19
457 458 19
569 108 -28
112 110 19
993 994 19
285 284 -28
285 283 -19
1276 1306 28
1276 387 13
387 389 28
652 187 13
652 653 -28
756 726 19
726 727 8
1255 1253 -8
1255 1257 13
1016 1017 8
130 1013 28
1171 1172 -8
1171 727 -19
1172 284 19
863 389 -13
877 878 13
877 2 -19
878 880 -19
959 989 13
514 516 28
429 880 8
1258 370 28
989 110 -13
110 108 8
587 1037 28
619 156 -28
1037 1039 -28
698 699 -8
516 515 -13
516 54 -28
1010 564 19
992 994 28
1115 669 -28
699 701 19
699 229 19
1146 701 -28
1038 1068 19
1038 1039 -13
670 671 28
150 152 -28
515 57 -8
85 83 -28
671 669 -13
905 458 -13
