1249 1248 19
1249 357 -8
1249 1247 28
1249 1251 -19
1249 801 -19
1248 360 -28
1248 1218 19
1248 1278 -19
1248 804 8
357 834 -13
357 386 -8
357 328 8
357 358 -28
1247 1245 13
1247 355 19
1247 799 -19
1247 1246 8
1251 359 -19
1251 803 28
1251 1253 19
1251 1250 8
801 772 -8
801 802 -13
801 329 13
801 831 13
157 1041 -28
157 184 -13
157 624 -19
157 158 -13
157 128 -19
1041 591 19
1041 1040 -13
1041 1043 -28
1041 1039 -28
184 213 -28
184 185 -28
184 653 -13
184 1071 28
624 626 -8
624 623 -28
624 1070 -28
624 622 8
158 160 28
158 621 -13
158 156 8
158 1038 -8
128 129 -13
128 594 8
128 1011 13
128 99 -13
741 268 -8
741 739 28
741 740 -8
741 743 19
741 1184 -19
268 269 -28
268 240 -8
268 1157 -8
268 296 -19
739 737 13
739 738 8
739 266 13
739 1182 -13
740 710 -13
740 770 -8
740 1187 -28
740 271 -19
743 270 8
743 745 19
743 1186 13
743 742 8
1184 298 19
1184 1156 -19
1184 1214 19
1184 1185 -8
447 448 13
447 477 -8
447 898 -8
448 895 -28
448 446 -19
448 450 -8
477 20 19
477 928 -19
477 507 19
477 478 28
898 896 8
898 19 -13
898 900 28
898 897 28
401 402 19
401 372 -19
401 1295 -28
402 404 19
402 1292 -19
372 850 -8
372 343 -13
372 1265 -8
372 373 -13
1295 1294 -19
1295 1297 19
1295 1293 13
1295 847 -19
404 406 13
404 1294 8
404 403 19
406 408 19
406 1296 -13
406 405 8
1294 850 8
1294 1264 -13
403 1297 -13
403 374 13
535 505 28
535 986 -13
535 536 19
535 565 -28
535 75 -8
505 956 -8
505 475 -28
505 506 -28
505 47 -13
986 103 13
986 988 -13
986 984 19
986 985 13
536 538 -13
536 983 19
536 534 -28
536 72 -8
565 566 19
565 1015 -8
565 595 19
565 104 13
75 77 -8
75 73 13
75 953 28
75 74 19
1061 611 19
1061 1059 -13
1061 1060 -28
1061 1063 28
611 640 -8
611 581 28
611 612 13
611 148 19
1059 174 -19
1059 1058 -19
1059 1057 -13
1059 609 -19
1060 178 -19
1060 614 13
1060 1030 -13
1060 1089 13
1063 1062 -19
1063 177 28
1063 1065 -13
1063 613 -8
173 144 13
173 639 28
173 1057 8
173 200 -13
144 1027 8
144 115 19
144 610 -28
639 638 -28
639 1085 -13
639 641 -19
1057 1056 -28
200 229 8
200 669 8
200 1086 19
1300 856 13
1300 410 -19
1300 1270 19
1300 1301 -19
856 855 8
856 858 -8
856 378 28
856 854 -8
410 408 -19
410 412 -8
410 409 -28
1270 1240 28
1270 826 13
1270 1271 13
1270 381 13
1301 1303 -19
1301 1299 -28
1301 407 8
1301 853 -19
27 488 -28
27 906 19
27 56 19
27 28 -13
488 487 19
488 486 -13
488 935 -19
906 904 13
906 455 19
906 905 -19
56 936 -8
56 518 -8
56 57 -13
56 84 13
28 903 -28
28 485 -8
28 26 8
538 74 8
538 985 -13
538 537 19
538 540 8
74 956 13
74 46 19
985 955 -13
985 1014 -13
985 106 8
537 77 28
537 988 8
537 507 -28
537 567 -19
540 987 -19
540 539 28
540 76 8
540 542 -19
499 41 8
499 950 13
499 529 -28
499 500 8
499 469 28
41 40 28
41 39 -13
41 43 13
41 917 28
950 952 -8
950 68 8
950 949 8
950 948 19
529 559 -19
529 980 -13
529 530 -19
529 69 -13
500 498 -13
500 947 13
500 38 -19
500 502 13
469 470 -28
469 12 -28
469 439 19
469 920 19
1001 999 -13
1001 118 8
1001 1000 19
1001 1003 8
1001 551 -13
999 998 19
999 549 -8
999 116 -19
118 147 -19
118 89 -19
118 119 28
118 584 -13
1000 971 8
1000 554 28
1000 1030 13
1000 121 -28
1003 553 19
1003 120 -8
1003 1002 19
1003 1005 13
551 552 -19
551 521 8
551 581 -28
551 90 28
1303 409 -19
1303 1302 -28
1303 1305 -28
1303 855 -8
409 380 -19
1302 412 19
1302 858 19
1302 1272 28
1305 1304 -28
1305 1307 13
1305 857 -19
1305 411 13
855 381 -13
855 825 28
207 677 -8
207 236 -28
207 208 19
207 1094 -13
207 179 13
677 1123 -8
677 675 -28
677 676 19
677 679 -8
236 707 -19
236 264 -19
236 1124 -8
236 237 28
208 674 28
208 210 -28
208 206 -19
208 1091 8
1094 644 -19
1094 1096 28
1094 1092 13
1094 1093 19
179 647 13
179 151 19
179 1065 13
783 1226 19
783 785 -28
783 782 -19
783 781 28
783 307 13
1226 339 8
1226 1196 -19
1226 1227 -19
1226 1256 -8
785 309 -8
785 1228 -19
785 786 -8
785 784 -28
782 310 -8
782 752 19
782 811 -19
782 1229 13
781 1224 13
781 779 -28
781 305 8
781 780 -13
307 308 13
307 336 28
307 280 13
307 1197 -19
605 634 -13
605 575 8
605 1055 28
605 143 -13
605 606 28
634 664 28
634 172 -19
634 635 -8
634 1084 -19
575 576 -8
575 545 13
575 114 -28
575 1025 13
1055 1053 -13
1055 171 13
1055 1054 -13
143 142 19
143 141 -8
143 1022 28
606 140 13
606 1052 -28
606 604 -13
606 608 -19
1201 754 13
1201 1200 8
1201 1199 -19
1201 311 8
754 755 -28
754 784 -8
754 724 -13
754 285 8
1200 1171 8
1200 1230 13
1200 757 13
1199 752 -19
1199 1197 -8
1199 1198 -13
1199 309 -28
311 340 -28
311 786 19
311 312 -19
311 284 -28
308 310 -13
308 306 -13
308 780 8
308 1194 -13
336 365 -13
336 337 -13
336 812 13
336 1227 13
280 1169 -8
280 252 -13
280 281 -19
280 753 -19
1197 1196 -28
1197 1195 19
1197 750 13
40 920 -13
40 11 19
40 502 -19
40 68 -8
920 919 -19
920 922 -19
920 918 19
11 12 13
11 890 13
11 472 8
502 504 -19
502 949 28
502 501 -28
68 97 -13
68 69 -8
68 532 -13
20 18 8
20 895 8
20 22 -28
20 19 28
18 16 -8
18 475 -13
18 893 -8
18 17 -8
895 925 -19
895 896 -8
22 479 13
22 21 -19
22 897 28
22 24 8
19 480 8
19 48 -19
310 309 -28
310 312 -8
310 1196 -19
309 282 -8
309 338 28
312 1198 19
312 784 28
1196 1168 -8
1196 753 -8
274 1163 -28
274 747 -19
274 275 28
274 246 -19
274 301 -13
1163 1165 28
1163 1161 -19
1163 714 -28
1163 1162 19
747 749 -19
747 1190 -8
747 746 -8
747 745 -19
275 273 -19
275 744 -28
275 277 -19
275 1160 13
246 1134 28
246 717 8
246 247 -8
246 217 -28
301 302 -28
301 1191 28
301 330 8
301 777 8
590 592 13
590 589 19
590 588 -13
590 124 19
590 1036 13
592 126 13
592 591 19
592 594 13
592 1038 8
589 127 8
589 559 19
589 619 28
589 1039 19
588 1034 -8
588 586 -13
588 122 -8
588 587 8
124 1007 13
124 95 -19
124 153 -19
124 125 -8
1036 1037 -19
1036 1066 -8
1036 1006 28
1036 156 19
1007 1005 19
1007 1009 -8
1007 1006 8
1007 557 13
95 96 13
95 66 -13
95 978 -28
95 560 -28
153 620 -13
153 1037 8
153 154 13
153 180 -13
125 127 -8
125 123 -28
125 587 -8
125 1004 -28
925 478 -13
925 955 -13
925 926 19
925 49 -28
478 480 -8
478 476 -28
478 17 8
955 956 -28
955 77 8
955 508 19
926 46 13
926 924 8
926 475 -19
926 928 -13
49 47 -28
49 507 -8
49 48 19
49 51 19
1166 1194 -13
1166 1167 13
1166 1137 28
1166 281 19
1166 721 -13
1194 1224 19
1194 1195 -8
1194 751 8
1167 1165 8
1167 718 -8
1167 1169 -28
1167 278 -28
1137 691 -13
1137 1138 8
1137 1107 -8
1137 253 28
281 279 8
281 750 -28
281 283 28
721 719 8
721 250 -28
721 720 -8
721 723 -28
553 92 -13
553 583 19
553 554 19
553 523 -13
92 971 -8
92 91 13
92 94 19
92 90 13
583 613 13
583 584 19
583 1033 -28
583 121 -13
554 552 -8
554 89 8
554 556 8
523 524 -19
523 63 13
523 493 28
523 974 -28
695 697 -19
695 693 -13
695 694 13
695 225 -8
695 1140 19
697 696 8
697 1142 19
697 227 28
693 691 -8
693 223 -8
693 692 -28
694 664 -13
694 228 19
694 724 -13
694 1143 -19
225 254 13
225 226 13
225 1112 -8
225 196 8
1140 1141 13
1140 1111 -8
1140 256 -19
834 833 -28
834 1278 -19
834 832 -19
834 836 -13
833 360 -13
833 803 13
833 863 -28
833 1281 13
1278 1279 19
1278 1308 28
1278 389 -19
832 831 13
832 1276 -8
832 830 19
832 355 -8
836 359 -28
836 835 8
836 1280 -19
836 838 19
127 126 28
127 1006 -28
127 129 -13
126 97 8
126 155 13
126 1009 28
1006 977 -28
1006 560 -19
129 591 -28
129 1008 19
129 131 -8
386 1279 -19
386 415 -8
386 864 8
386 387 19
328 329 13
328 1219 -19
328 299 19
328 804 -8
358 360 8
358 831 -8
358 356 -13
358 1246 -28
423 394 8
423 424 -8
423 1317 13
394 872 -8
394 1287 -28
394 365 8
394 395 -28
424 426 -8
424 1314 28
424 422 28
1317 869 -19
1317 1316 28
1317 1315 -8
1317 1319 -28
360 359 -13
360 362 -8
359 388 13
359 330 19
362 835 -13
362 361 28
362 1250 13
362 364 28
909 33 19
909 910 28
909 939 -28
909 462 -28
909 879 13
33 35 28
33 491 13
33 32 8
33 31 8
910 30 -19
910 908 -13
910 912 -13
910 459 -8
939 969 -13
939 492 -19
939 61 -19
939 940 -8
462 464 28
462 460 -19
462 461 13
462 1 19
879 432 13
879 880 8
879 4 -13
1267 374 -28
1267 1266 -28
1267 1269 8
1267 819 -13
1267 1265 -28
374 852 -28
374 345 -13
374 375 28
1266 377 28
1266 1236 28
1266 822 28
1266 1296 -8
1269 376 19
1269 1271 -19
1269 1268 -28
1269 821 -13
819 789 -28
819 820 -8
819 346 8
819 849 -28
1265 817 -8
1265 1264 19
1265 1263 -19
71 69 -28
71 73 19
71 531 -13
71 70 -19
71 949 8
69 67 19
69 947 8
73 72 19
73 533 8
73 951 8
531 532 8
531 501 19
531 982 -19
531 561 -19
70 534 -28
70 952 -8
70 42 -13
70 99 28
949 919 13
949 979 -13
977 98 -19
977 947 8
977 978 -13
977 530 28
98 559 13
98 97 28
98 100 -8
98 96 28
947 917 -19
947 948 -28
978 527 -13
978 976 -8
978 980 13
530 66 -19
530 528 19
530 532 13
643 641 -19
643 645 19
643 1089 19
643 642 13
641 174 -13
641 640 28
641 1087 13
645 644 -28
645 647 -28
645 1091 -19
645 177 13
1089 1119 -19
1089 1090 13
1089 206 -19
642 178 -28
642 613 -28
642 1092 -28
642 672 -8
425 396 8
425 1319 -13
425 426 -19
396 367 -8
396 1289 19
396 874 28
396 397 8
1319 871 19
1319 1321 -19
1319 1318 13
426 428 -8
426 1316 19
749 1192 19
749 751 28
749 276 -28
749 748 -28
1190 304 -19
1190 1162 -13
1190 1220 -13
1190 1191 -13
746 716 -8
746 776 -13
746 1193 19
746 277 13
745 272 -13
745 1188 13
745 744 -13
453 483 -13
453 904 -28
453 454 -28
483 513 -13
483 484 19
483 26 19
483 934 28
904 902 13
904 25 -28
904 903 8
454 452 -13
454 901 -28
454 456 -13
956 958 28
956 954 13
958 507 -19
958 76 28
958 960 -28
958 957 8
954 952 13
954 72 19
954 953 28
954 503 8
1218 331 -28
1218 1219 28
1218 1188 28
1218 775 13
331 333 -19
331 329 -28
331 803 -19
331 330 19
1219 772 -19
1219 1217 -13
1219 1221 -13
1188 302 8
1188 1189 -28
1188 1160 8
775 773 13
775 299 13
775 777 13
775 774 -13
178 176 -28
178 177 -8
176 1058 -19
176 175 8
176 640 -8
177 205 -8
177 149 19
710 243 -8
710 1159 -13
710 711 8
710 680 -8
243 242 -28
243 245 28
243 241 19
243 1127 -28
1159 270 8
1159 1157 8
1159 1161 -19
1159 1158 8
711 713 -8
711 1156 -13
711 709 13
711 240 13
680 681 -13
680 650 28
680 214 19
680 1130 13
644 615 8
644 674 28
647 649 13
647 1093 13
647 646 8
1091 1062 8
1091 1121 8
1091 1092 8
1067 1066 -19
1067 617 -28
1067 1065 -8
1067 1069 -13
1067 180 8
1066 183 -19
1066 620 8
1066 1095 19
617 618 8
617 154 -8
617 587 28
617 646 -19
1065 615 -19
1065 1064 -13
1069 619 -8
1069 1071 -28
1069 182 13
1069 1068 -28
180 649 13
180 209 -19
180 181 -28
1028 1058 -19
1028 582 -19
1028 998 13
1028 148 -19
1028 1029 19
1058 612 -13
1058 1087 13
582 580 28
582 116 28
582 581 8
582 584 28
998 552 -28
998 119 -28
998 969 8
148 147 -28
148 146 28
148 150 8
1029 579 -19
1029 1031 19
1029 1027 -13
1029 145 -28
242 1130 13
242 213 -13
242 713 -28
242 270 -8
1130 1129 -8
1130 1132 19
1130 1128 13
213 214 8
213 683 13
213 1100 13
713 712 28
713 1158 19
713 715 8
270 297 -13
270 271 28
544 991 -8
544 542 -28
544 80 19
544 546 -28
544 543 -28
991 1020 19
991 992 13
991 112 -28
991 961 -19
542 989 28
542 78 -19
542 541 19
80 52 28
80 109 13
80 81 -28
80 962 -13
546 82 -19
546 548 -13
546 545 19
546 993 -13
543 513 28
543 573 -19
543 83 -28
543 994 13
475 476 -13
475 445 -19
506 504 -13
506 953 -19
506 508 8
506 44 13
47 46 -28
47 45 19
47 923 -13
1005 122 13
1005 1004 -8
1005 555 -8
1009 559 -13
1009 1011 28
1009 1008 19
557 527 -19
557 96 13
557 587 8
557 558 28
1309 415 28
1309 1311 8
1309 861 -8
1309 1307 19
1309 1308 -8
415 416 -19
1311 417 -13
1311 1310 13
1311 863 19
1311 1313 8
861 831 -28
861 387 -8
861 862 28
1307 859 28
1307 413 8
1307 1306 -8
1308 864 -28
1308 418 13
1133 1162 28
1133 687 -28
1133 1134 8
1133 249 -19
1133 1103 19
1162 277 -28
1162 717 19
687 685 19
687 686 -13
687 689 13
687 217 13
1134 684 8
1134 1136 -19
1134 1132 8
249 716 -13
249 248 -8
249 251 -28
249 247 28
1103 1104 28
1103 220 -28
1103 1074 8
1103 657 19
800 799 19
800 1244 -28
800 802 -13
800 324 -13
800 798 -28
799 327 28
799 770 8
799 829 19
1244 1245 -19
1244 1274 28
1244 1214 8
1244 356 28
802 1246 -19
802 326 -13
802 804 8
324 353 -28
324 1215 13
324 325 -19
324 296 13
798 1242 13
798 796 28
798 322 -8
798 797 -28
46 508 8
46 17 8
508 507 13
508 510 -28
17 896 -8
1118 668 19
1118 1116 -28
1118 1120 19
1118 1117 19
1118 230 -8
668 638 19
668 698 -19
668 669 -13
668 202 -8
1116 229 -19
1116 1115 28
1120 1119 -28
1120 670 -8
1120 1122 28
1120 232 28
1117 233 -13
1117 671 -13
1117 1146 -28
1117 1087 -19
230 258 -13
230 701 19
230 201 28
230 231 -8
327 326 8
327 329 19
327 325 19
327 1214 -13
326 297 8
326 1217 -28
326 355 -13
329 1216 -28
325 797 -8
325 1212 -19
325 323 -13
1214 1215 -13
1214 771 -13
931 484 -19
931 932 28
931 55 -8
931 901 -19
931 961 13
484 482 28
484 486 -13
484 23 28
932 930 8
932 481 -28
932 52 -13
932 934 28
55 513 -13
55 54 -8
55 53 28
55 57 8
901 902 -13
901 26 8
961 962 -19
961 83 -13
961 514 8
852 854 13
852 851 -13
852 850 13
852 1296 -19
854 1298 -19
854 376 -28
854 853 -19
851 377 -28
851 1299 -13
851 821 -8
850 848 8
850 849 28
1296 1297 -19
559 560 -13
560 558 28
560 562 -19
298 770 -13
298 297 -28
298 300 -13
1156 1127 19
1156 271 28
1156 1157 19
1185 738 -8
1185 1183 28
1185 1187 28
1185 296 -28
133 595 8
133 132 -19
133 135 -13
133 131 -8
133 1012 -13
595 1045 -13
595 625 28
595 596 -28
132 103 13
132 598 -28
132 1015 19
132 161 -28
135 597 -13
135 1014 -19
135 137 -13
135 134 -8
131 593 -8
131 1010 13
131 130 -28
1012 983 -8
1012 1013 -19
1012 566 -13
1012 1042 28
664 199 13
664 1114 -13
664 665 13
199 198 13
199 197 -28
199 1081 8
1114 227 19
1114 1113 -19
1114 1112 -8
665 667 8
665 663 -19
665 1111 -13
665 196 -19
377 375 -28
377 376 -13
377 379 19
375 1264 13
375 849 -19
375 373 -13
376 347 -28
376 405 -13
379 853 -19
379 1268 8
379 381 -19
379 378 -8
97 562 19
97 980 -19
562 561 -28
562 1008 13
562 564 -8
980 982 8
980 979 -8
1273 1272 13
1273 1275 -28
1273 1271 28
1273 825 -28
1273 380 13
1272 383 -13
1272 1242 28
1272 828 28
1275 1274 19
1275 382 28
1275 1277 8
1275 827 13
1271 823 8
1271 378 28
825 795 28
825 352 -13
825 826 -28
380 858 -19
380 381 19
380 351 -28
77 76 19
77 79 13
76 48 28
76 105 13
79 81 8
79 78 19
79 957 28
79 539 8
983 953 -28
983 984 13
983 104 13
953 923 13
984 982 28
984 533 -19
984 101 -13
104 103 19
104 102 19
104 106 8
198 227 13
198 171 -13
198 1084 8
198 667 -19
227 228 13
171 172 -19
171 142 -19
171 637 13
1084 1083 -8
1084 1082 19
667 666 -8
667 1113 -19
649 651 -8
649 1095 -13
649 648 -8
651 650 -19
651 1097 28
651 182 28
651 653 8
1095 1125 19
1095 1096 -28
1095 212 28
648 183 19
648 678 19
648 619 19
648 1098 -8
640 1090 -28
640 670 -19
581 1031 -28
581 119 -13
612 614 -19
612 610 -8
612 145 -8
817 818 -19
817 787 19
817 344 -28
817 847 -19
818 1262 -13
818 820 -13
818 342 -8
787 1235 -13
787 315 -8
787 758 -13
787 788 8
344 1232 8
344 346 -19
344 343 -19
847 848 -13
847 373 -13
1236 1206 -28
1236 348 8
1236 792 -19
1236 1237 -28
1206 319 -19
1206 1207 -13
1206 763 13
1206 1177 8
348 347 -19
348 350 -28
348 346 28
348 821 8
792 791 8
792 790 -28
792 316 -8
792 794 28
1237 789 19
1237 1239 13
1237 1235 28
1237 345 -19
1224 337 -19
1224 1254 13
1224 1225 -19
337 339 -19
337 335 -13
337 809 13
1254 1284 8
1254 1255 19
1254 366 8
1254 810 19
1225 1223 19
1225 778 8
1225 1227 -13
1225 334 -19
183 181 -19
183 185 -19
183 182 -8
181 1064 28
181 646 -28
185 650 -28
185 1068 -19
185 187 28
182 155 -13
182 211 8
716 1165 -13
716 717 8
716 686 8
1165 276 -19
1165 1164 -13
717 719 -28
717 715 8
686 656 -28
686 220 -28
686 1136 -13
147 1031 -8
147 614 -8
1031 1030 -28
1031 1033 8
614 613 28
614 616 -13
1073 623 19
1073 1075 8
1073 1072 28
1073 186 -28
1073 1071 -13
623 593 -19
623 160 -28
623 652 28
1075 188 8
1075 625 -8
1075 1074 8
1075 1076 8
1072 189 19
1072 626 -13
1072 1042 28
1072 1101 13
186 655 -19
186 159 -13
186 215 -13
186 187 -13
1071 1070 -8
1071 621 -8
719 1164 8
719 248 -28
719 718 -19
1164 1135 19
1164 279 28
1164 1192 19
248 276 13
248 1136 13
248 219 8
718 251 -28
718 748 -8
718 688 19
1034 1004 -8
1034 1035 28
1034 1064 -19
1034 154 -8
1004 558 -8
1004 975 -28
1035 1033 -28
1035 585 19
1035 1037 -19
1035 151 13
1064 618 -19
1064 1093 -28
154 156 -8
154 152 -28
276 303 8
276 277 19
1136 1135 -28
1136 1138 19
219 220 19
219 1106 19
219 190 8
219 689 -28
730 700 13
730 760 28
730 261 13
730 1178 13
730 731 -8
700 233 -13
700 1149 -19
700 701 -19
700 670 -28
760 789 13
760 761 -19
760 1207 -8
760 289 -28
261 260 -13
261 263 -8
261 259 28
261 1146 -8
1178 1176 -13
1178 1177 13
1178 1179 19
731 729 -28
731 733 28
731 1175 19
731 258 -28
525 65 -8
525 976 13
525 526 28
525 495 13
525 555 13
65 67 -8
65 63 -28
65 943 28
65 64 28
976 93 8
976 974 -19
976 975 -28
526 528 -13
526 973 28
526 524 19
526 62 8
495 496 19
495 465 -13
495 946 8
495 37 8
555 556 8
555 585 19
555 94 28
806 808 -8
806 804 19
806 1250 8
806 805 -8
806 330 19
808 332 13
808 1252 -13
808 810 19
808 807 -19
804 803 13
1250 1280 -28
1250 1220 28
805 333 -13
805 776 13
805 835 -28
805 1253 28
330 1221 13
233 231 13
233 235 8
233 232 -8
231 1115 -19
231 698 28
235 1119 19
235 702 13
235 234 8
235 237 8
232 203 -28
232 260 13
232 703 -8
770 1217 -8
770 771 13
1217 1216 -19
1217 1215 -8
771 773 -13
771 769 28
771 296 -28
333 335 -28
333 332 19
333 1220 28
335 334 28
335 1222 13
335 807 -13
332 303 19
332 1223 -28
1220 777 -13
1220 1221 19
873 1321 -13
873 843 8
873 399 -28
873 874 -19
1321 427 -19
1321 1320 19
843 844 13
843 1291 -28
843 813 -13
843 370 19
399 398 13
399 1288 -13
399 397 -8
874 876 19
874 872 -8
874 1318 -13
527 528 -28
527 67 13
527 497 -19
528 64 28
528 975 8
67 66 -8
67 945 28
497 498 -8
497 39 28
497 467 13
497 948 28
468 466 -8
468 915 -19
468 470 -28
468 7 13
468 467 -13
466 465 19
466 464 19
466 913 28
466 5 8
915 39 -13
915 885 -19
915 945 -13
915 916 28
470 472 19
470 917 -19
470 9 28
7 36 13
7 8 -8
7 886 -28
467 437 -13
467 10 19
467 918 -8
297 773 -28
297 1187 -13
773 772 -19
773 1216 8
1187 1189 28
1187 1186 28
876 1320 13
876 875 28
876 398 28
1320 1290 -28
875 845 19
398 369 13
398 427 -28
398 1291 13
369 1261 -28
369 846 8
369 340 -8
369 370 28
427 428 -28
1291 1290 -8
1291 1289 19
566 568 -19
566 564 -13
566 101 -13
1015 1014 -8
1015 1017 -13
1015 1013 19
772 742 -19
772 300 -13
742 712 28
742 273 -8
742 1189 8
300 302 19
300 1186 -19
300 299 8
304 776 -13
304 303 -13
304 306 -13
304 302 19
1191 1193 -8
1191 1189 28
1191 744 -8
383 857 28
383 381 -28
383 382 13
383 385 19
857 858 -19
857 827 -8
382 353 8
382 860 8
382 411 -13
385 859 -19
385 384 -19
385 1274 28
385 387 28
103 568 8
568 1014 -13
568 570 -28
568 567 13
579 609 -8
579 117 -8
579 580 -13
579 549 8
609 638 -13
609 146 19
609 610 19
117 997 8
117 119 19
117 116 19
580 115 -19
580 1026 -19
549 550 -28
549 519 13
549 88 -8
685 215 28
685 1131 19
685 683 19
685 684 -28
215 244 28
215 216 19
215 1102 13
1131 1160 -8
1131 1101 8
1131 1132 8
1131 247 28
683 1129 28
683 681 28
683 682 -19
684 654 19
684 218 -19
684 714 -28
1176 287 -8
1176 728 -28
1176 1174 8
1176 1175 -8
287 761 -28
287 314 -19
287 258 28
728 729 8
728 259 19
728 698 -8
728 758 28
1174 286 -13
1174 1173 13
1175 289 8
1175 1204 -28
1175 1146 -13
824 822 -19
824 823 28
824 347 28
824 826 28
824 1268 13
822 820 28
822 345 8
822 821 19
823 793 8
823 350 -13
823 853 -19
347 318 8
347 1239 -19
826 349 28
826 828 -8
1268 1298 -13
1268 1238 28
1279 1281 -28
1279 1277 13
1279 831 -8
1281 1280 8
1281 388 13
1281 1283 -13
1277 384 19
1277 1276 28
1277 829 -28
318 794 13
318 319 8
318 290 -28
318 1209 8
1239 791 19
1239 1241 19
1239 1238 -13
172 170 -13
172 1052 -28
635 633 19
635 1081 19
635 637 -8
635 169 8
1242 1212 28
1242 354 -28
1242 1243 -8
1212 769 8
1212 1213 13
1212 1182 -13
354 353 -8
354 356 -13
354 827 -28
354 352 8
1243 1245 28
1243 1241 28
1243 795 13
1243 351 28
722 255 13
722 723 -19
722 692 -19
722 1170 -19
722 752 -8
255 254 28
255 253 13
255 256 28
723 725 -19
723 252 -19
723 1168 -13
692 226 13
692 1141 13
692 662 -19
1170 282 13
1170 1172 -13
1170 1169 -19
752 283 13
752 753 28
1245 797 8
1245 353 -8
797 768 -13
797 827 -28
353 830 -28
737 736 -28
737 1180 -13
737 735 13
737 264 -19
736 267 19
736 766 -13
736 1183 -13
736 706 -19
1180 1181 28
1180 1152 -28
1180 1210 -13
1180 295 13
735 262 -13
735 734 -8
735 733 19
264 1153 -19
264 292 19
264 265 -13
254 282 8
254 1141 -13
254 725 -13
282 755 28
282 283 -13
1141 1139 8
1141 1143 -19
725 727 -13
725 724 -13
1030 150 8
1030 584 19
1033 149 -8
1033 1032 13
532 534 8
532 979 -8
501 952 19
501 471 13
501 43 13
982 99 -13
982 981 -19
561 100 -8
561 591 -8
561 1011 8
400 371 -28
400 1293 -19
371 848 19
371 342 28
371 1263 -28
1293 1292 19
534 981 13
534 533 8
981 102 -13
981 951 28
981 1010 8
533 503 8
533 563 8
1056 610 -13
1056 1085 -28
1056 175 -19
1056 1026 -19
1085 1115 -28
1085 1086 19
1085 202 -13
175 638 -13
175 174 -13
1026 1027 8
1026 146 -13
1026 997 -8
776 1223 -13
776 777 28
1223 1222 -19
1223 1221 19
777 779 -13
203 1090 -19
203 204 -8
203 673 -19
1090 1088 -19
1090 1092 28
204 670 13
204 206 13
204 202 -19
204 1087 8
673 675 19
673 1119 8
673 671 -13
673 672 19
339 338 19
339 341 -19
339 811 -13
338 814 -19
338 367 -13
338 1229 -13
341 813 13
341 340 28
341 1228 -8
811 841 -13
811 1259 13
811 812 -13
474 13 -13
474 472 19
474 921 19
474 476 19
474 473 28
13 42 -28
13 892 -8
13 14 19
472 919 -19
472 471 -19
921 45 -8
921 891 28
921 951 -28
921 922 13
476 923 13
476 15 -19
473 16 -28
473 443 -8
473 924 13
473 503 -13
779 778 -19
779 303 -28
779 1222 -28
778 306 -8
778 807 -28
778 748 8
303 1193 19
1222 1192 13
1222 1252 -19
601 1051 -19
601 602 -19
601 631 -28
601 139 8
601 571 -28
1051 167 19
1051 1050 -19
1051 1049 28
1051 1053 8
602 1048 -13
602 136 8
602 604 -28
602 600 -19
631 168 13
631 660 -8
631 1080 28
139 137 -13
139 1018 -13
139 138 19
139 141 -8
571 1021 -8
571 572 -8
571 110 -8
571 541 -19
1298 1299 -28
1298 408 -13
1299 1297 -13
1299 405 -28
408 407 8
1193 1192 28
1193 1195 8
789 790 -28
789 317 -13
790 314 -13
790 1234 -28
790 788 -8
317 1204 28
317 319 19
317 316 13
317 315 28
896 894 28
896 445 19
16 15 -28
16 14 -8
16 891 28
15 894 -19
15 44 -28
14 471 13
14 12 8
14 889 13
891 444 19
891 892 -19
1168 1169 8
1168 283 -8
753 755 -8
753 751 8
306 1192 8
306 305 -13
305 278 8
305 1195 -28
305 334 8
845 846 19
845 815 13
846 1290 28
846 844 -8
815 816 13
586 120 -19
586 584 -8
586 585 -8
586 1032 13
120 91 13
120 121 8
120 149 19
585 123 -28
585 615 -28
1032 1062 -28
1032 152 -28
1032 1002 -28
91 556 28
91 974 -8
91 62 -19
121 123 -19
121 119 -28
149 150 28
149 616 28
900 449 -19
900 902 13
900 21 -8
900 899 -19
897 927 -13
897 450 -19
1198 1228 -8
1198 755 8
691 221 -19
691 690 -13
691 689 -8
221 1108 13
221 250 13
221 222 -13
221 192 19
690 660 -13
690 224 28
690 1139 28
690 720 -8
689 1135 8
689 688 -13
100 99 -8
100 102 13
100 979 28
99 564 -28
102 563 -8
102 101 -8
979 1008 19
830 828 -8
830 1274 19
830 829 28
122 151 -28
122 93 -13
122 123 28
151 618 28
151 152 -8
93 558 -28
93 94 -8
93 64 19
123 1002 -19
66 948 -13
66 38 -13
945 498 19
945 946 -8
945 975 28
168 166 -13
168 170 28
168 167 19
168 1048 -8
166 629 -19
166 165 8
166 164 8
166 1046 8
170 1050 19
170 632 -19
170 169 -19
167 633 -19
167 194 13
167 138 -8
1048 1049 -13
1048 1018 -19
1186 1158 8
1186 1216 -13
449 450 28
449 479 -8
450 452 13
479 480 -8
479 930 19
479 509 -8
952 951 -28
951 504 8
1262 1232 8
1262 373 19
1262 1263 13
1262 1292 28
1232 1233 28
1232 1202 28
1232 788 13
1292 848 8
638 1088 -19
1088 1086 8
1088 201 -8
1088 1087 8
174 145 19
174 201 -13
145 146 -19
145 116 -28
201 671 -13
201 202 28
412 411 -28
412 414 13
858 860 13
987 988 -8
987 957 -28
987 1016 28
987 108 -13
539 509 19
539 569 13
539 990 -8
1062 616 -8
616 618 -28
616 615 -13
1002 556 -8
1002 973 -19
796 1240 -8
796 320 8
796 795 8
796 794 -13
1240 1241 -8
1240 352 28
1240 1210 19
320 1211 -13
320 349 -28
320 321 8
320 292 8
795 323 -8
795 766 -19
794 793 -8
794 1238 -13
480 927 8
480 482 -13
927 957 -19
927 51 -8
927 928 -8
482 21 28
482 929 8
482 481 -8
607 577 19
607 636 -28
607 608 -19
577 578 -8
577 547 -28
636 666 -19
636 637 -19
608 142 -19
608 1054 -28
48 928 -28
48 510 8
902 23 -28
902 451 -19
23 52 -28
23 24 19
451 452 19
451 481 -8
42 922 19
42 504 -13
42 43 -13
922 471 28
922 924 -19
504 503 8
43 45 -19
43 919 13
1108 1106 -19
1108 658 13
1108 1110 13
1108 1107 28
1106 1104 -8
1106 656 -8
1106 1105 28
658 688 19
658 629 -28
658 659 -13
658 193 -8
1110 660 28
1110 1112 -19
1110 1109 28
1110 223 13
1107 224 -8
1107 1077 8
1107 661 13
1304 1274 -28
1304 414 8
1304 860 -19
414 413 -19
414 416 -8
860 859 -13
860 862 -8
21 50 -19
24 899 -19
24 26 -19
24 481 13
228 226 19
228 1111 -8
724 1172 -8
724 256 -19
1143 1142 28
155 622 19
155 156 19
155 1039 -13
322 351 28
322 323 8
322 294 19
322 1213 19
351 352 -13
351 828 28
323 1210 -19
323 321 -28
294 266 13
294 769 28
294 1183 -28
294 295 -8
1213 1211 -28
1213 766 -13
1213 1215 19
267 266 -13
267 269 19
267 265 -19
267 1152 -8
266 1155 19
266 238 -19
269 738 -19
269 1154 -13
269 271 -8
265 734 -13
265 1150 -28
265 263 8
1152 707 -19
1152 1123 -13
1152 1153 8
25 54 -19
25 26 -13
25 486 -13
903 933 -13
903 456 -19
696 666 -13
696 726 -19
1142 1113 -13
1142 1171 -8
1157 1155 8
1157 708 8
1161 712 -8
1161 1160 -19
1161 272 -8
1158 273 -28
1158 1129 28
388 866 28
388 417 -28
388 389 19
1284 395 28
1284 1314 -19
1284 1285 28
1284 840 -8
395 869 -13
395 393 13
395 397 13
1314 1315 28
1314 870 -8
1285 392 19
1285 837 19
1285 1287 13
1285 1283 -8
840 839 -19
840 842 28
840 363 19
840 838 8
660 195 -13
660 661 13
195 1077 28
195 194 28
195 193 -13
195 197 -28
661 192 13
661 663 13
661 659 8
849 1297 28
72 101 8
72 44 8
343 1235 -28
343 820 13
343 314 8
821 791 13
428 1318 -8
751 750 -19
751 278 8
748 279 -13
748 1195 28
960 78 -8
960 509 -19
960 959 -28
960 962 -13
957 510 13
1083 1054 -13
1083 1113 8
1083 637 -13
1054 1024 19
446 445 -19
446 444 19
446 893 -28
444 442 -8
444 443 13
893 894 28
893 923 13
615 152 8
674 675 13
674 704 -28
674 1124 -19
712 245 -8
712 682 8
245 1129 -19
245 244 19
245 247 13
682 652 -28
682 216 28
682 1132 -28
1211 764 -13
1211 1210 -8
1211 1209 13
764 734 8
764 793 -13
764 293 -13
764 765 -19
1210 767 -13
1209 1208 -19
1209 1207 -8
1209 762 -19
1024 578 -8
1024 1025 8
1024 995 -13
578 576 -19
578 113 13
1025 142 13
1025 1023 -8
995 996 19
995 965 -19
995 548 -8
1011 1010 -13
1011 1013 -28
1008 1038 8
224 223 -13
224 222 28
224 226 19
223 252 -19
223 194 28
222 220 -8
222 688 -8
222 1105 13
226 1109 19
1135 1105 -19
1135 251 13
1105 659 8
251 250 -13
251 253 -28
498 496 13
498 36 28
496 494 -8
496 34 -19
496 943 -19
36 64 19
36 37 -28
36 916 28
1246 1276 -8
1246 1216 8
355 384 13
355 356 -13
1112 662 -28
1112 1111 -28
39 37 -8
39 38 19
37 35 19
37 913 -28
38 9 8
38 918 -8
869 870 28
869 839 28
870 392 28
870 872 -13
870 868 8
839 809 28
839 1287 -13
839 366 -19
273 271 13
273 272 28
272 244 -28
272 299 13
872 871 13
872 1316 -28
1287 1286 -19
1287 1289 -13
365 366 -19
365 1257 -19
365 842 -28
463 433 -13
463 464 8
463 914 -28
463 493 13
463 6 8
433 434 28
433 884 -19
464 3 -19
464 911 13
914 34 -13
914 916 -8
914 913 28
914 912 8
493 494 -13
493 35 -19
493 944 19
6 8 -13
6 5 13
6 4 19
6 881 -19
1290 1260 -13
1260 1261 8
1260 1230 -13
1260 816 19
552 87 19
552 550 19
87 116 -19
87 59 -19
87 88 -19
87 970 28
550 997 28
550 86 -13
378 349 -28
378 407 -19
827 828 -8
81 83 -13
81 541 -8
81 959 28
78 50 -28
78 107 -28
974 973 19
974 972 28
975 96 13
820 1264 -8
346 345 -28
346 1234 13
964 513 -28
964 82 -28
964 963 -8
964 966 -28
964 962 8
513 514 19
82 54 -13
82 111 -13
82 83 -28
963 516 8
963 85 -8
963 993 13
963 933 -13
966 84 8
966 515 19
966 965 -13
962 511 -28
452 899 -28
899 929 -8
688 1138 28
1215 768 -28
250 278 8
250 1138 13
278 279 13
1138 1139 -28
732 733 -8
732 702 -28
732 263 -13
732 762 13
732 1179 19
733 260 28
733 1177 -28
702 1151 -28
702 672 -8
702 703 8
263 262 28
263 1148 -28
762 791 -19
762 763 -28
762 291 28
1179 290 -19
1179 1181 19
1111 1081 -8
503 45 -19
1252 1282 13
1252 1253 8
1252 364 28
810 809 -28
810 334 -8
810 812 13
807 837 -8
807 1255 -19
437 438 -8
437 888 28
10 9 -28
10 8 19
10 885 28
10 12 -28
918 917 19
918 916 13
45 44 -8
44 924 -13
334 363 -28
917 887 19
9 888 -13
888 886 -28
888 890 19
888 887 -8
1264 1234 -19
279 277 -19
930 929 -13
930 50 -28
930 928 -19
929 53 13
929 959 19
50 512 -8
50 51 8
576 111 19
576 574 -19
576 1022 -19
111 112 -28
111 140 -8
111 994 -28
574 572 19
574 1020 -19
574 573 19
574 109 8
1022 1052 -28
1022 993 19
1022 1023 28
892 894 -28
892 441 -19
892 890 19
654 1104 -28
654 189 19
654 655 19
654 625 13
218 220 -19
218 216 -28
218 1101 19
218 217 19
714 715 -8
714 247 -13
714 744 19
894 443 -8
96 94 -8
94 973 13
656 627 -8
656 191 -8
656 657 -19
628 626 8
628 1074 19
628 627 13
628 161 28
628 630 -13
626 625 -28
626 159 13
1074 1044 -13
1074 191 28
627 597 19
627 1076 -19
627 164 -13
161 188 28
161 1045 -28
161 162 -19
630 629 -8
630 163 13
356 829 19
766 767 -28
766 295 28
1183 1182 -8
1183 1181 8
706 1155 -13
706 707 -19
706 239 28
706 676 -28
1221 774 8
738 768 -19
738 708 13
768 769 -13
708 709 8
708 678 19
708 241 -8
563 593 13
563 1013 19
563 564 -28
997 967 19
967 968 8
967 520 13
967 937 -28
967 88 -8
1139 252 -13
923 924 8
969 522 13
969 90 19
969 970 -8
1104 217 19
1104 1102 -28
217 188 -8
1102 1100 8
1102 652 13
1102 1101 -28
791 319 13
319 321 -8
936 935 8
936 485 -8
936 934 8
935 905 -8
935 965 19
485 455 28
485 486 19
485 515 -8
934 54 -28
934 933 8
1228 1258 -13
1228 1229 28
755 757 -28
720 750 -19
720 1169 -28
720 253 -19
29 908 -8
29 58 -19
29 490 -13
29 0 28
908 907 8
58 86 -13
58 520 -13
58 938 -28
490 489 28
490 937 -8
490 492 -19
0 460 -8
0 878 8
290 262 8
290 291 -28
290 765 8
101 130 8
1080 1082 28
1080 194 28
1080 1079 8
1080 1078 -8
1155 1154 13
1155 1153 19
1154 1182 28
1154 1125 -8
1154 709 13
1153 1151 8
1153 704 28
262 1151 -13
262 234 -28
1151 1150 -8
1151 1149 13
234 705 19
234 205 -13
234 1122 -28
988 990 28
988 105 -8
990 989 13
990 107 -13
990 992 -8
105 570 19
105 134 8
105 106 -19
948 946 -28
633 1079 -13
633 632 13
1079 1050 -28
1079 1109 8
1079 197 19
632 1082 -19
632 603 -19
632 662 -8
1053 169 -28
1053 1052 -19
1053 603 28
194 663 -13
138 109 -28
138 1021 -8
138 604 -28
1050 604 28
1050 1020 -19
169 140 8
169 196 -28
744 774 28
1234 1235 -13
1234 1204 -13
442 441 -28
442 889 -28
442 440 8
441 471 -13
889 919 -19
889 890 -28
440 439 13
440 887 -13
440 438 -13
1207 316 -8
1207 1205 19
763 761 -28
763 288 -13
763 765 -13
1177 1148 19
1177 291 -19
1077 1078 -13
494 32 -19
494 492 -28
494 941 28
32 3 -19
32 912 28
492 30 8
492 491 8
941 971 19
941 942 8
941 63 19
941 911 -8
1109 663 -13
302 774 28
774 803 -8
35 911 -13
35 34 19
911 881 13
911 912 -13
34 5 -28
34 62 13
238 709 19
238 209 13
238 1126 -13
238 239 8
933 486 13
933 57 19
456 455 28
456 458 -13
943 973 -8
943 944 28
943 913 8
844 842 -28
844 367 8
844 1288 19
842 1286 8
842 841 13
367 368 19
367 1259 -8
1288 1318 13
1288 1289 -19
1288 1258 19
1129 1099 19
1160 715 -19
1286 397 28
1286 1316 19
1286 1256 19
397 871 28
1256 1257 -13
1256 368 8
1256 812 -13
510 512 -8
510 509 -28
345 316 13
86 968 8
86 115 -19
968 970 -28
420 418 13
420 1310 13
420 419 -19
420 422 13
418 417 19
418 416 8
1310 866 -19
1310 1280 13
419 1313 19
419 390 -8
422 1312 -13
422 421 -13
971 524 13
971 972 28
524 522 8
972 521 -8
972 89 19
972 970 -13
769 767 13
252 253 28
707 709 28
707 705 -8
705 1150 -8
705 704 -28
705 703 -19
140 141 28
140 1023 -13
1052 1081 19
604 603 -19
871 841 19
841 1289 19
841 368 -8
142 113 28
141 603 -28
141 1020 -13
465 8 -13
465 916 -8
465 435 -28
8 883 28
435 886 13
435 436 -28
89 90 -8
556 558 8
761 759 -19
761 1204 13
759 286 28
759 758 -8
1204 1205 28
30 1 -8
30 59 8
30 31 8
912 461 -28
459 489 -19
459 460 -19
459 2 8
459 429 28
62 63 19
62 944 19
1082 1081 13
1082 196 8
196 197 8
1044 598 -28
1044 1014 13
1044 164 -13
1044 1045 -8
598 597 28
598 596 -13
598 600 -19
164 163 -19
164 162 8
1045 1043 -13
1045 1047 13
240 211 19
240 1128 28
240 241 19
734 704 13
734 1181 -28
704 237 28
1181 292 28
241 1125 8
241 239 -28
1127 681 28
1127 1097 -13
1127 1128 8
1233 342 -8
1233 1235 19
342 313 8
431 432 -8
431 461 -19
431 882 8
432 434 13
432 430 8
461 491 -19
461 4 19
882 881 -28
882 884 13
882 880 -8
882 3 -13
1132 244 19
12 887 -8
439 890 19
545 85 -8
545 515 19
545 996 -13
114 113 8
114 112 13
114 993 13
522 520 19
522 59 -19
522 521 8
520 519 8
59 940 28
59 60 -19
521 61 8
521 491 -13
481 511 -19
52 514 -19
52 53 8
113 996 -8
113 84 19
996 994 8
84 85 -19
84 548 28
767 292 -8
767 765 -19
292 293 -8
765 1208 28
663 662 19
597 567 28
597 1047 19
1076 190 -13
1076 1078 -19
197 662 8
629 599 -19
629 1078 8
163 1047 13
163 134 -13
163 190 -13
1189 299 19
1150 1121 8
1121 675 -8
1121 1122 -13
1121 237 19
1047 1049 8
1047 1046 8
134 600 -8
134 1017 28
190 659 -8
190 191 13
313 1203 -8
313 788 19
313 286 -8
1227 780 13
1227 1229 28
1020 1021 -8
1241 793 -8
1241 349 -19
1238 350 8
1238 1208 -8
729 257 -19
729 1173 13
258 259 13
258 1147 -19
438 436 -13
438 885 28
1202 315 -19
1202 1173 28
1202 1203 -28
315 314 -19
1173 1144 -19
1203 1205 -13
657 188 19
657 655 -13
657 659 -19
64 946 19
489 31 -28
489 940 -8
489 519 -19
31 907 8
940 942 -8
940 938 8
519 970 -19
519 60 19
793 321 13
321 1208 8
625 162 -13
596 1042 -8
596 594 -28
596 130 19
1 2 8
1 880 -19
363 1255 28
363 392 -8
363 364 -13
838 837 -13
838 1282 19
838 361 13
349 350 8
1125 679 -13
1125 1126 -28
106 567 -28
106 108 -19
603 573 28
885 886 8
1261 813 -8
1261 1259 13
813 814 28
813 784 28
1259 1257 8
1259 1258 -8
350 352 13
937 907 -28
937 938 8
937 60 -19
88 90 8
416 1306 -28
946 944 13
944 942 -13
511 53 19
511 541 19
511 512 13
53 51 28
541 992 -8
512 959 -28
512 514 -28
1315 421 -8
1315 1313 13
1315 867 28
5 884 19
192 165 -19
192 1078 -13
192 193 8
136 165 -19
136 137 28
136 1019 -8
136 107 13
600 599 8
600 1046 28
1123 239 -13
1123 1093 19
1123 1124 -28
239 237 28
1093 210 13
1124 1122 -19
1124 1126 -28
314 1205 -19
137 599 -13
137 1016 8
1018 572 -8
1018 989 -8
1018 1019 -8
316 288 -13
1313 865 -13
1313 1312 -8
390 868 28
390 361 -19
390 391 19
390 1283 28
189 188 -13
189 187 -13
189 191 -19
655 1101 -8
655 653 28
1312 868 -19
1312 1282 19
421 392 -8
517 547 -28
517 487 -8
517 518 19
547 548 -8
487 457 28
518 965 28
518 516 28
676 210 8
676 646 -28
676 1126 28
613 150 -8
209 210 -28
209 1096 -19
209 679 13
1126 1128 -8
1099 1100 -13
1099 216 -28
1099 653 -8
1099 1070 13
289 288 13
289 291 8
288 260 28
260 1149 13
866 868 13
866 864 -8
866 865 19
868 867 -13
864 862 13
864 863 19
865 835 -13
865 391 -28
51 509 19
392 393 13
837 867 -19
837 364 28
1283 835 -13
1283 1282 13
295 293 -28
675 205 28
205 206 -19
205 1092 -8
162 160 -19
162 1042 -28
715 244 -28
1023 1021 19
1023 573 8
434 881 19
434 436 -19
884 883 28
884 886 -28
61 63 28
61 60 -8
491 942 -19
393 1282 28
393 867 -13
393 391 19
3 4 8
591 621 13
621 650 -8
621 622 8
4 2 -19
599 1049 28
599 569 8
1149 1148 -28
1149 1147 19
165 1049 8
681 679 -28
681 211 8
679 678 -28
211 212 13
211 1098 -13
1119 1148 -28
1148 703 19
809 780 13
809 1257 28
366 368 13
366 364 13
567 1017 -8
368 370 13
1230 1231 8
1230 786 -13
816 340 28
816 814 13
1147 1145 -13
1147 698 19
1147 1146 -19
757 756 13
757 284 -13
650 1100 -28
1100 1098 -13
191 193 19
672 206 -8
672 1122 13
703 701 -13
214 216 19
214 212 -8
214 1097 -28
212 210 13
212 678 8
1097 1098 28
1097 1068 -13
109 110 19
109 992 -28
1021 1019 -13
573 112 28
859 829 28
384 862 -8
384 413 -8
862 1306 -19
1280 391 -19
391 389 8
1019 1017 -8
1019 569 28
678 1128 -28
1205 758 -19
814 812 19
814 1258 -8
784 1231 -13
340 1231 8
1231 1229 19
291 293 13
460 907 8
907 877 -28
361 1253 28
883 436 -13
883 913 -8
618 620 19
620 622 19
620 619 -28
257 1145 19
257 229 -13
257 286 13
593 1043 -28
593 594 13
1043 1042 19
1043 159 19
594 1040 19
1096 646 -19
1096 1098 19
572 570 -19
572 107 19
570 1016 28
570 569 19
107 108 -8
1145 1144 -8
1144 259 28
1144 1115 13
1144 699 -28
1070 1040 -13
1070 187 19
622 1068 -8
750 780 8
160 159 -19
160 1040 -28
159 130 8
1040 1010 -13
1046 1016 -8
430 877 -28
430 429 19
457 458 -8
569 108 -13
112 110 -19
993 994 8
285 284 19
285 283 28
1276 1306 8
1276 387 8
387 389 13
652 187 19
652 653 -19
756 726 19
726 727 19
1255 1253 -19
1255 1257 -13
1016 1017 -8
130 1013 8
1171 1172 -28
1171 727 -28
1172 284 -13
863 389 -28
877 878 -28
877 2 13
878 880 -8
959 989 28
514 516 13
429 880 19
1258 370 8
989 110 -13
110 108 -8
587 1037 13
619 156 -13
1037 1039 28
698 699 -28
516 515 -13
516 54 -8
1010 564 28
992 994 8
1115 669 -13
699 701 28
699 229 -13
1146 701 -19
1038 1068 8
1038 1039 13
670 671 28
150 152 8
515 57 8
85 83 -28
671 669 28
905 458 19
