1249 1248 -8
1249 357 -8
1249 1247 -19
1249 1251 -28
1249 801 -19
1248 360 -19
1248 1218 19
1248 1278 28
1248 804 -28
357 834 -28
357 386 28
357 328 19
357 358 -8
1247 1245 8
1247 355 8
1247 799 -13
1247 1246 -28
1251 359 19
1251 803 -13
1251 1253 13
1251 1250 28
801 772 13
801 802 -28
801 329 -13
801 831 -19
157 1041 28
157 184 -28
157 624 19
157 158 -19
157 128 -28
1041 591 28
1041 1040 13
1041 1043 -28
1041 1039 13
184 213 19
184 185 -13
184 653 -8
184 1071 8
624 626 13
624 623 -13
624 1070 -19
624 622 8
158 160 19
158 621 13
158 156 -28
158 1038 28
128 129 -19
128 594 28
128 1011 -13
128 99 -19
741 268 -8
741 739 8
741 740 -8
741 743 -19
741 1184 8
268 269 13
268 240 28
268 1157 -8
268 296 -13
739 737 -28
739 738 -19
739 266 -13
739 1182 8
740 710 -19
740 770 -19
740 1187 19
740 271 13
743 270 -19
743 745 -13
743 1186 19
743 742 -28
1184 298 -28
1184 1156 19
1184 1214 19
1184 1185 8
447 448 8
447 477 -13
447 898 8
448 895 19
448 446 -8
448 450 13
477 20 28
477 928 13
477 507 13
477 478 -19
898 896 -28
898 19 -28
898 900 19
898 897 -8
401 402 -28
401 372 8
401 1295 28
402 404 -8
402 1292 19
372 850 -28
372 343 -28
372 1265 13
372 373 13
1295 1294 -28
1295 1297 13
1295 1293 -8
1295 847 8
404 406 -19
404 1294 -28
404 403 8
406 408 8
406 1296 19
406 405 -19
1294 850 -13
1294 1264 8
403 1297 -19
403 374 -19
535 505 -28
535 986 -8
535 536 28
535 565 -8
535 75 8
505 956 13
505 475 28
505 506 -28
505 47 28
986 103 8
986 988 13
986 984 -19
986 985 13
536 538 28
536 983 8
536 534 19
536 72 -8
565 566 19
565 1015 -28
565 595 13
565 104 -19
75 77 8
75 73 -8
75 953 -13
75 74 19
1061 611 -8
1061 1059 19
1061 1060 13
1061 1063 -13
611 640 19
611 581 13
611 612 -13
611 148 -19
1059 174 13
1059 1058 8
1059 1057 28
1059 609 -8
1060 178 -19
1060 614 28
1060 1030 -13
1060 1089 28
1063 1062 28
1063 177 28
1063 1065 8
1063 613 19
173 144 19
173 639 -19
173 1057 -13
173 200 -19
144 1027 -19
144 115 -13
144 610 -28
639 638 -8
639 1085 13
639 641 13
1057 1056 -19
200 229 -13
200 669 19
200 1086 13
1300 856 8
1300 410 8
1300 1270 -13
1300 1301 -19
856 855 13
856 858 28
856 378 -19
856 854 -28
410 408 -8
410 412 -13
410 409 -13
1270 1240 8
1270 826 8
1270 1271 -19
1270 381 -13
1301 1303 -13
1301 1299 -28
1301 407 -28
1301 853 -28
27 488 -13
27 906 -8
27 56 -28
27 28 19
488 487 -13
488 486 19
488 935 -8
906 904 13
906 455 -19
906 905 19
56 936 -19
56 518 8
56 57 28
56 84 -8
28 903 13
28 485 8
28 26 8
538 74 13
538 985 28
538 537 -13
538 540 13
74 956 -13
74 46 -19
985 955 19
985 1014 -19
985 106 -13
537 77 -8
537 988 13
537 507 -19
537 567 13
540 987 -8
540 539 13
540 76 -19
540 542 -13
499 41 -13
499 950 19
499 529 -28
499 500 13
499 469 -13
41 40 13
41 39 -8
41 43 19
41 917 -8
950 952 8
950 68 -13
950 949 28
950 948 -8
529 559 -8
529 980 19
529 530 -8
529 69 19
500 498 -19
500 947 -8
500 38 -19
500 502 -13
469 470 19
469 12 8
469 439 -8
469 920 -28
1001 999 -28
1001 118 -13
1001 1000 13
1001 1003 -28
1001 551 13
999 998 -19
999 549 8
999 116 13
118 147 -8
118 89 8
118 119 28
118 584 -19
1000 971 8
1000 554 13
1000 1030 28
1000 121 28
1003 553 13
1003 120 28
1003 1002 8
1003 1005 -19
551 552 13
551 521 8
551 581 28
551 90 -13
1303 409 -28
1303 1302 13
1303 1305 -8
1303 855 -19
409 380 8
1302 412 -19
1302 858 -28
1302 1272 8
1305 1304 8
1305 1307 -8
1305 857 28
1305 411 -19
855 381 -8
855 825 13
207 677 13
207 236 -8
207 208 -28
207 1094 13
207 179 -13
677 1123 -8
677 675 -8
677 676 -8
677 679 19
236 707 19
236 264 -8
236 1124 28
236 237 28
208 674 -13
208 210 -19
208 206 -28
208 1091 -8
1094 644 -8
1094 1096 -28
1094 1092 28
1094 1093 -13
179 647 8
179 151 19
179 1065 -19
783 1226 -28
783 785 8
783 782 -8
783 781 -13
783 307 8
1226 339 -28
1226 1196 8
1226 1227 19
1226 1256 13
785 309 -19
785 1228 8
785 786 -28
785 784 -8
782 310 13
782 752 -13
782 811 8
782 1229 -13
781 1224 19
781 779 -19
781 305 -28
781 780 8
307 308 -28
307 336 8
307 280 -13
307 1197 -28
605 634 -19
605 575 19
605 1055 13
605 143 13
605 606 8
634 664 13
634 172 28
634 635 -13
634 1084 -8
575 576 19
575 545 -13
575 114 -28
575 1025 28
1055 1053 -13
1055 171 -28
1055 1054 -19
143 142 8
143 141 -13
143 1022 -28
606 140 -28
606 1052 -13
606 604 -28
606 608 13
1201 754 -8
1201 1200 28
1201 1199 8
1201 311 8
754 755 19
754 784 -28
754 724 28
754 285 -28
1200 1171 8
1200 1230 13
1200 757 13
1199 752 -13
1199 1197 8
1199 1198 13
1199 309 8
311 340 -19
311 786 -8
311 312 -13
311 284 28
308 310 -13
308 306 -19
308 780 28
308 1194 -8
336 365 19
336 337 -28
336 812 -13
336 1227 -28
280 1169 -28
280 252 -19
280 281 28
280 753 -8
1197 1196 8
1197 1195 13
1197 750 19
40 920 8
40 11 -28
40 502 8
40 68 -28
920 919 19
920 922 8
920 918 8
11 12 -8
11 890 -28
11 472 8
502 504 8
502 949 28
502 501 28
68 97 -28
68 69 -19
68 532 -28
20 18 13
20 895 13
20 22 8
20 19 19
18 16 -19
18 475 13
18 893 8
18 17 28
895 925 13
895 896 8
22 479 19
22 21 -13
22 897 19
22 24 19
19 480 -13
19 48 -13
310 309 28
310 312 28
310 1196 28
309 282 28
309 338 8
312 1198 -19
312 784 8
1196 1168 28
1196 753 13
274 1163 -28
274 747 -13
274 275 -8
274 246 8
274 301 8
1163 1165 8
1163 1161 28
1163 714 -19
1163 1162 28
747 749 -19
747 1190 -28
747 746 -8
747 745 -8
275 273 -28
275 744 -13
275 277 8
275 1160 -28
246 1134 19
246 717 -8
246 247 -8
246 217 13
301 302 13
301 1191 28
301 330 -19
301 777 13
590 592 28
590 589 8
590 588 -8
590 124 -28
590 1036 13
592 126 -13
592 591 19
592 594 19
592 1038 -19
589 127 19
589 559 -8
589 619 28
589 1039 -28
588 1034 28
588 586 -19
588 122 13
588 587 -13
124 1007 28
124 95 19
124 153 19
124 125 28
1036 1037 -13
1036 1066 13
1036 1006 -8
1036 156 -19
1007 1005 19
1007 1009 -8
1007 1006 -28
1007 557 -8
95 96 28
95 66 8
95 978 28
95 560 19
153 620 -19
153 1037 -13
153 154 8
153 180 28
125 127 19
125 123 13
125 587 13
125 1004 -28
925 478 19
925 955 -28
925 926 -8
925 49 13
478 480 -19
478 476 13
478 17 -8
955 956 -19
955 77 -19
955 508 -19
926 46 8
926 924 19
926 475 28
926 928 13
49 47 13
49 507 -13
49 48 13
49 51 -28
1166 1194 -13
1166 1167 8
1166 1137 -19
1166 281 -28
1166 721 28
1194 1224 -13
1194 1195 -19
1194 751 28
1167 1165 -19
1167 718 19
1167 1169 -13
1167 278 -13
1137 691 8
1137 1138 -28
1137 1107 -8
1137 253 13
281 279 19
281 750 -8
281 283 -28
721 719 -8
721 250 -28
721 720 -8
721 723 -13
553 92 13
553 583 -28
553 554 -13
553 523 13
92 971 19
92 91 13
92 94 -19
92 90 -8
583 613 28
583 584 -13
583 1033 8
583 121 -13
554 552 -28
554 89 -13
554 556 -13
523 524 -13
523 63 19
523 493 8
523 974 -28
695 697 13
695 693 13
695 694 -28
695 225 13
695 1140 -19
697 696 -28
697 1142 -28
697 227 -13
693 691 -13
693 223 28
693 692 -28
694 664 -19
694 228 -28
694 724 -13
694 1143 8
225 254 8
225 226 -8
225 1112 13
225 196 28
1140 1141 -8
1140 1111 28
1140 256 -28
834 833 -13
834 1278 -8
834 832 8
834 836 -28
833 360 -13
833 803 28
833 863 -13
833 1281 8
1278 1279 -19
1278 1308 8
1278 389 -28
832 831 28
832 1276 -8
832 830 8
832 355 8
836 359 13
836 835 8
836 1280 19
836 838 8
127 126 -8
127 1006 19
127 129 19
126 97 8
126 155 -13
126 1009 -28
1006 977 -13
1006 560 -19
129 591 -8
129 1008 28
129 131 8
386 1279 8
386 415 -28
386 864 -19
386 387 28
328 329 -13
328 1219 13
328 299 -13
328 804 8
358 360 8
358 831 28
358 356 19
358 1246 28
423 394 -28
423 424 -8
423 1317 -19
394 872 -28
394 1287 -13
394 365 -13
394 395 13
424 426 19
424 1314 -19
424 422 -19
1317 869 -13
1317 1316 -8
1317 1315 19
1317 1319 8
360 359 -8
360 362 -28
359 388 13
359 330 -13
362 835 -13
362 361 -13
362 1250 19
362 364 -8
909 33 19
909 910 -8
909 939 -8
909 462 -19
909 879 -19
33 35 -13
33 491 19
33 32 13
33 31 8
910 30 -19
910 908 28
910 912 -28
910 459 -8
939 969 19
939 492 13
939 61 19
939 940 -13
462 464 28
462 460 -28
462 461 19
462 1 28
879 432 -28
879 880 -28
879 4 -28
1267 374 13
1267 1266 -13
1267 1269 -28
1267 819 19
1267 1265 -19
374 852 13
374 345 28
374 375 19
1266 377 28
1266 1236 -8
1266 822 19
1266 1296 -28
1269 376 -19
1269 1271 8
1269 1268 -13
1269 821 13
819 789 -28
819 820 28
819 346 28
819 849 -13
1265 817 8
1265 1264 28
1265 1263 19
71 69 8
71 73 19
71 531 -8
71 70 -13
71 949 19
69 67 28
69 947 -28
73 72 13
73 533 19
73 951 19
531 532 -8
531 501 -13
531 982 -13
531 561 -19
70 534 13
70 952 -13
70 42 -8
70 99 -8
949 919 8
949 979 -8
977 98 -19
977 947 -19
977 978 13
977 530 8
98 559 28
98 97 -8
98 100 -28
98 96 -28
947 917 -19
947 948 8
978 527 8
978 976 -19
978 980 -28
530 66 -13
530 528 13
530 532 13
643 641 -28
643 645 13
643 1089 8
643 642 19
641 174 -28
641 640 -13
641 1087 -8
645 644 -13
645 647 28
645 1091 13
645 177 13
1089 1119 8
1089 1090 13
1089 206 13
642 178 -28
642 613 -8
642 1092 -28
642 672 19
425 396 -19
425 1319 -19
425 426 8
396 367 19
396 1289 -8
396 874 -8
396 397 -13
1319 871 -13
1319 1321 28
1319 1318 8
426 428 8
426 1316 13
749 1192 -8
749 751 -13
749 276 -8
749 748 19
1190 304 -13
1190 1162 -28
1190 1220 -13
1190 1191 13
746 716 -28
746 776 -13
746 1193 -8
746 277 28
745 272 -8
745 1188 28
745 744 -13
453 483 8
453 904 19
453 454 28
483 513 -8
483 484 -8
483 26 13
483 934 8
904 902 13
904 25 -28
904 903 -28
454 452 8
454 901 -8
454 456 -28
956 958 -28
956 954 -19
958 507 13
958 76 -19
958 960 -19
958 957 -13
954 952 -19
954 72 13
954 953 -13
954 503 -8
1218 331 -19
1218 1219 -28
1218 1188 13
1218 775 -13
331 333 -28
331 329 8
331 803 19
331 330 -19
1219 772 19
1219 1217 -19
1219 1221 -8
1188 302 -8
1188 1189 28
1188 1160 -28
775 773 -19
775 299 -19
775 777 -8
775 774 -8
178 176 8
178 177 -8
176 1058 19
176 175 -28
176 640 -8
177 205 -28
177 149 -8
710 243 -28
710 1159 -8
710 711 -8
710 680 19
243 242 -28
243 245 -8
243 241 28
243 1127 -19
1159 270 19
1159 1157 -28
1159 1161 13
1159 1158 -13
711 713 -8
711 1156 28
711 709 -28
711 240 19
680 681 19
680 650 -8
680 214 19
680 1130 19
644 615 -28
644 674 -13
647 649 -28
647 1093 28
647 646 19
1091 1062 13
1091 1121 -19
1091 1092 -13
1067 1066 -19
1067 617 -13
1067 1065 -28
1067 1069 13
1067 180 -19
1066 183 19
1066 620 13
1066 1095 28
617 618 28
617 154 -13
617 587 28
617 646 8
1065 615 19
1065 1064 28
1069 619 -13
1069 1071 13
1069 182 -13
1069 1068 -19
180 649 19
180 209 13
180 181 -28
1028 1058 13
1028 582 -13
1028 998 -28
1028 148 -8
1028 1029 -8
1058 612 -28
1058 1087 13
582 580 -8
582 116 -19
582 581 13
582 584 28
998 552 13
998 119 13
998 969 28
148 147 -19
148 146 13
148 150 28
1029 579 13
1029 1031 -28
1029 1027 -13
1029 145 -13
242 1130 13
242 213 8
242 713 13
242 270 -28
1130 1129 -13
1130 1132 19
1130 1128 19
213 214 8
213 683 -8
213 1100 -28
713 712 19
713 1158 28
713 715 19
270 297 -28
270 271 -8
544 991 -13
544 542 -28
544 80 8
544 546 8
544 543 28
991 1020 19
991 992 -13
991 112 19
991 961 8
542 989 19
542 78 -13
542 541 -19
80 52 -28
80 109 28
80 81 28
80 962 19
546 82 13
546 548 -19
546 545 -19
546 993 28
543 513 13
543 573 -8
543 83 19
543 994 13
475 476 28
475 445 -8
506 504 28
506 953 -28
506 508 -13
506 44 8
47 46 -19
47 45 -28
47 923 28
1005 122 28
1005 1004 28
1005 555 -8
1009 559 8
1009 1011 19
1009 1008 28
557 527 13
557 96 -28
557 587 28
557 558 13
1309 415 8
1309 1311 -8
1309 861 19
1309 1307 28
1309 1308 28
415 416 19
1311 417 19
1311 1310 -28
1311 863 -8
1311 1313 -13
861 831 -8
861 387 13
861 862 8
1307 859 8
1307 413 -19
1307 1306 -19
1308 864 13
1308 418 28
1133 1162 13
1133 687 8
1133 1134 19
1133 249 -19
1133 1103 19
1162 277 -28
1162 717 8
687 685 19
687 686 13
687 689 28
687 217 8
1134 684 -8
1134 1136 19
1134 1132 -8
249 716 -19
249 248 28
249 251 8
249 247 -28
1103 1104 13
1103 220 13
1103 1074 13
1103 657 8
800 799 8
800 1244 -28
800 802 13
800 324 -13
800 798 -13
799 327 -19
799 770 -13
799 829 -8
1244 1245 13
1244 1274 13
1244 1214 28
1244 356 -13
802 1246 19
802 326 19
802 804 -8
324 353 -19
324 1215 -13
324 325 8
324 296 13
798 1242 28
798 796 -19
798 322 -28
798 797 -28
46 508 19
46 17 -19
508 507 28
508 510 13
17 896 -19
1118 668 13
1118 1116 19
1118 1120 -8
1118 1117 -28
1118 230 -28
668 638 -28
668 698 28
668 669 28
668 202 8
1116 229 13
1116 1115 19
1120 1119 -28
1120 670 19
1120 1122 -8
1120 232 8
1117 233 8
1117 671 13
1117 1146 -19
1117 1087 8
230 258 8
230 701 -28
230 201 13
230 231 19
327 326 -13
327 329 19
327 325 -13
327 1214 -19
326 297 8
326 1217 -8
326 355 28
329 1216 28
325 797 13
325 1212 13
325 323 -28
1214 1215 -19
1214 771 19
931 484 -13
931 932 -13
931 55 -8
931 901 28
931 961 -28
484 482 13
484 486 28
484 23 -13
932 930 8
932 481 28
932 52 28
932 934 13
55 513 -19
55 54 19
55 53 19
55 57 13
901 902 13
901 26 -8
961 962 -13
961 83 28
961 514 -13
852 854 -19
852 851 8
852 850 28
852 1296 -13
854 1298 -8
854 376 -13
854 853 -19
851 377 28
851 1299 19
851 821 28
850 848 -19
850 849 -8
1296 1297 -13
559 560 28
560 558 19
560 562 19
298 770 -13
298 297 8
298 300 28
1156 1127 -8
1156 271 19
1156 1157 -19
1185 738 -8
1185 1183 8
1185 1187 13
1185 296 19
133 595 -8
133 132 19
133 135 19
133 131 13
133 1012 -13
595 1045 -19
595 625 -28
595 596 19
132 103 -8
132 598 13
132 1015 19
132 161 -13
135 597 13
135 1014 28
135 137 -8
135 134 -8
131 593 19
131 1010 -28
131 130 -13
1012 983 -19
1012 1013 28
1012 566 28
1012 1042 -8
664 199 -19
664 1114 -19
664 665 -13
199 198 -8
199 197 8
199 1081 -19
1114 227 13
1114 1113 -13
1114 1112 -19
665 667 -8
665 663 28
665 1111 -28
665 196 13
377 375 13
377 376 -13
377 379 -28
375 1264 28
375 849 13
375 373 -8
376 347 8
376 405 8
379 853 -28
379 1268 -28
379 381 28
379 378 19
97 562 13
97 980 28
562 561 -13
562 1008 -19
562 564 -8
980 982 -13
980 979 8
1273 1272 -28
1273 1275 8
1273 1271 8
1273 825 -8
1273 380 28
1272 383 -8
1272 1242 19
1272 828 28
1275 1274 -8
1275 382 19
1275 1277 8
1275 827 28
1271 823 -28
1271 378 13
825 795 8
825 352 -28
825 826 13
380 858 19
380 381 -19
380 351 -13
77 76 8
77 79 -19
76 48 -28
76 105 13
79 81 19
79 78 19
79 957 8
79 539 13
983 953 -28
983 984 -13
983 104 -13
953 923 8
984 982 -28
984 533 -19
984 101 -19
104 103 -8
104 102 -28
104 106 -13
198 227 19
198 171 28
198 1084 -19
198 667 -28
227 228 8
171 172 -13
171 142 28
171 637 8
1084 1083 -13
1084 1082 -19
667 666 19
667 1113 -28
649 651 28
649 1095 -19
649 648 -28
651 650 13
651 1097 -13
651 182 -8
651 653 13
1095 1125 -19
1095 1096 28
1095 212 8
648 183 8
648 678 19
648 619 8
648 1098 -13
640 1090 -19
640 670 -13
581 1031 -13
581 119 8
612 614 19
612 610 19
612 145 8
817 818 -8
817 787 8
817 344 -13
817 847 28
818 1262 -19
818 820 19
818 342 13
787 1235 8
787 315 8
787 758 13
787 788 -13
344 1232 -8
344 346 19
344 343 28
847 848 -13
847 373 19
1236 1206 8
1236 348 -13
1236 792 28
1236 1237 -28
1206 319 28
1206 1207 28
1206 763 -28
1206 1177 -19
348 347 -19
348 350 8
348 346 13
348 821 19
792 791 -13
792 790 -19
792 316 -28
792 794 -28
1237 789 19
1237 1239 -8
1237 1235 13
1237 345 -8
1224 337 8
1224 1254 19
1224 1225 19
337 339 28
337 335 8
337 809 13
1254 1284 13
1254 1255 19
1254 366 13
1254 810 19
1225 1223 13
1225 778 -28
1225 1227 -28
1225 334 8
183 181 13
183 185 -19
183 182 -28
181 1064 -8
181 646 28
185 650 8
185 1068 19
185 187 -13
182 155 8
182 211 -28
716 1165 -13
716 717 -19
716 686 -13
1165 276 -19
1165 1164 -8
717 719 28
717 715 28
686 656 19
686 220 -28
686 1136 19
147 1031 -8
147 614 -19
1031 1030 19
1031 1033 19
614 613 8
614 616 -19
1073 623 -13
1073 1075 28
1073 1072 -8
1073 186 28
1073 1071 28
623 593 -19
623 160 -13
623 652 8
1075 188 8
1075 625 19
1075 1074 -28
1075 1076 -13
1072 189 -19
1072 626 -19
1072 1042 28
1072 1101 13
186 655 -13
186 159 28
186 215 8
186 187 28
1071 1070 8
1071 621 19
719 1164 -28
719 248 -8
719 718 -8
1164 1135 19
1164 279 -28
1164 1192 -28
248 276 8
248 1136 -19
248 219 19
718 251 28
718 748 -19
718 688 -8
1034 1004 19
1034 1035 -13
1034 1064 28
1034 154 -19
1004 558 -13
1004 975 -8
1035 1033 8
1035 585 -28
1035 1037 -13
1035 151 -28
1064 618 -19
1064 1093 13
154 156 13
154 152 -13
276 303 -8
276 277 -13
1136 1135 -13
1136 1138 28
219 220 -8
219 1106 -28
219 190 8
219 689 -13
730 700 8
730 760 19
730 261 8
730 1178 8
730 731 -19
700 233 -28
700 1149 -8
700 701 13
700 670 8
760 789 8
760 761 -19
760 1207 -19
760 289 8
261 260 8
261 263 28
261 259 -28
261 1146 13
1178 1176 -8
1178 1177 8
1178 1179 -19
731 729 28
731 733 -28
731 1175 -13
731 258 -8
525 65 -8
525 976 -19
525 526 -8
525 495 13
525 555 -8
65 67 28
65 63 13
65 943 19
65 64 28
976 93 -19
976 974 -19
976 975 19
526 528 -19
526 973 -19
526 524 -19
526 62 -28
495 496 -19
495 465 -13
495 946 -13
495 37 -28
555 556 13
555 585 13
555 94 28
806 808 -8
806 804 8
806 1250 -28
806 805 -8
806 330 -19
808 332 19
808 1252 -28
808 810 13
808 807 -13
804 803 -8
1250 1280 13
1250 1220 28
805 333 -19
805 776 13
805 835 -28
805 1253 -13
330 1221 -13
233 231 28
233 235 28
233 232 28
231 1115 -19
231 698 -19
235 1119 -28
235 702 -8
235 234 -13
235 237 19
232 203 8
232 260 -19
232 703 -28
770 1217 19
770 771 19
1217 1216 19
1217 1215 -28
771 773 -28
771 769 -8
771 296 19
333 335 -13
333 332 -19
333 1220 19
335 334 -19
335 1222 -28
335 807 8
332 303 19
332 1223 -13
1220 777 -13
1220 1221 19
873 1321 19
873 843 -8
873 399 28
873 874 -13
1321 427 19
1321 1320 13
843 844 19
843 1291 19
843 813 28
843 370 -13
399 398 -19
399 1288 28
399 397 8
874 876 28
874 872 28
874 1318 -19
527 528 -28
527 67 -8
527 497 8
528 64 -28
528 975 -19
67 66 8
67 945 28
497 498 8
497 39 -28
497 467 13
497 948 28
468 466 -19
468 915 -19
468 470 13
468 7 -19
468 467 13
466 465 -28
466 464 -13
466 913 19
466 5 -28
915 39 8
915 885 13
915 945 -19
915 916 28
470 472 13
470 917 28
470 9 13
7 36 19
7 8 -28
7 886 19
467 437 13
467 10 8
467 918 -19
297 773 13
297 1187 -13
773 772 13
773 1216 13
1187 1189 8
1187 1186 8
876 1320 8
876 875 -19
876 398 13
1320 1290 -8
875 845 28
398 369 -19
398 427 8
398 1291 28
369 1261 -19
369 846 28
369 340 -28
369 370 28
427 428 -19
1291 1290 -19
1291 1289 -8
566 568 13
566 564 -13
566 101 -19
1015 1014 8
1015 1017 -19
1015 1013 -28
772 742 -19
772 300 -13
742 712 -19
742 273 28
742 1189 8
300 302 19
300 1186 -13
300 299 -8
304 776 13
304 303 28
304 306 -8
304 302 13
1191 1193 8
1191 1189 -28
1191 744 19
383 857 -19
383 381 -19
383 382 13
383 385 -8
857 858 -28
857 827 28
382 353 -19
382 860 19
382 411 28
385 859 19
385 384 28
385 1274 -19
385 387 -8
103 568 -13
568 1014 28
568 570 -19
568 567 -28
579 609 -28
579 117 -28
579 580 8
579 549 -13
609 638 13
609 146 -13
609 610 28
117 997 -13
117 119 19
117 116 19
580 115 -28
580 1026 -13
549 550 -8
549 519 -28
549 88 -28
685 215 -19
685 1131 8
685 683 -28
685 684 -8
215 244 -13
215 216 13
215 1102 -13
1131 1160 -8
1131 1101 -28
1131 1132 -19
1131 247 -8
683 1129 -8
683 681 -13
683 682 -19
684 654 -28
684 218 28
684 714 8
1176 287 28
1176 728 19
1176 1174 -13
1176 1175 8
287 761 8
287 314 8
287 258 -19
728 729 13
728 259 -13
728 698 -13
728 758 28
1174 286 -13
1174 1173 -19
1175 289 -8
1175 1204 -28
1175 1146 -8
824 822 -19
824 823 28
824 347 -8
824 826 8
824 1268 -19
822 820 8
822 345 28
822 821 8
823 793 -19
823 350 8
823 853 19
347 318 -13
347 1239 13
826 349 -13
826 828 -8
1268 1298 19
1268 1238 -13
1279 1281 -19
1279 1277 -28
1279 831 8
1281 1280 -19
1281 388 13
1281 1283 8
1277 384 -13
1277 1276 8
1277 829 8
318 794 -8
318 319 8
318 290 19
318 1209 -28
1239 791 -28
1239 1241 -19
1239 1238 13
172 170 -28
172 1052 -13
635 633 8
635 1081 -28
635 637 8
635 169 -19
1242 1212 13
1242 354 -13
1242 1243 -13
1212 769 -19
1212 1213 -19
1212 1182 13
354 353 19
354 356 19
354 827 19
354 352 -13
1243 1245 -13
1243 1241 19
1243 795 28
1243 351 13
722 255 28
722 723 13
722 692 13
722 1170 13
722 752 19
255 254 28
255 253 -13
255 256 28
723 725 -19
723 252 -28
723 1168 -19
692 226 -19
692 1141 -19
692 662 -8
1170 282 -19
1170 1172 -13
1170 1169 -19
752 283 28
752 753 8
1245 797 -28
1245 353 -28
797 768 28
797 827 -13
353 830 13
737 736 8
737 1180 8
737 735 19
737 264 -19
736 267 28
736 766 -28
736 1183 -19
736 706 13
1180 1181 -28
1180 1152 -8
1180 1210 -28
1180 295 19
735 262 -28
735 734 -13
735 733 -19
264 1153 13
264 292 -8
264 265 28
254 282 -19
254 1141 -8
254 725 -19
282 755 8
282 283 8
1141 1139 13
1141 1143 28
725 727 -19
725 724 -13
1030 150 -8
1030 584 -19
1033 149 19
1033 1032 -19
532 534 19
532 979 -13
501 952 -8
501 471 28
501 43 19
982 99 28
982 981 -28
561 100 -28
561 591 -8
561 1011 8
400 371 -13
400 1293 28
371 848 13
371 342 -28
371 1263 -13
1293 1292 -8
534 981 28
534 533 -13
981 102 8
981 951 -8
981 1010 19
533 503 -28
533 563 19
1056 610 8
1056 1085 13
1056 175 8
1056 1026 -8
1085 1115 -19
1085 1086 28
1085 202 -19
175 638 -28
175 174 19
1026 1027 -19
1026 146 13
1026 997 13
776 1223 -19
776 777 28
1223 1222 -8
1223 1221 19
777 779 19
203 1090 -13
203 204 28
203 673 -19
1090 1088 8
1090 1092 28
204 670 -8
204 206 -8
204 202 13
204 1087 -13
673 675 8
673 1119 19
673 671 28
673 672 19
339 338 -28
339 341 28
339 811 13
338 814 -13
338 367 -28
338 1229 28
341 813 -19
341 340 -19
341 1228 8
811 841 28
811 1259 -19
811 812 -13
474 13 8
474 472 -13
474 921 8
474 476 -13
474 473 -13
13 42 -28
13 892 -8
13 14 -8
472 919 -19
472 471 8
921 45 -19
921 891 8
921 951 13
921 922 8
476 923 28
476 15 28
473 16 19
473 443 19
473 924 8
473 503 28
779 778 -8
779 303 -19
779 1222 -19
778 306 -28
778 807 -19
778 748 -19
303 1193 8
1222 1192 -28
1222 1252 19
601 1051 13
601 602 -28
601 631 -19
601 139 8
601 571 8
1051 167 -28
1051 1050 -19
1051 1049 -28
1051 1053 -8
602 1048 -19
602 136 -19
602 604 13
602 600 -19
631 168 19
631 660 8
631 1080 13
139 137 13
139 1018 8
139 138 28
139 141 13
571 1021 19
571 572 -8
571 110 13
571 541 8
1298 1299 13
1298 408 19
1299 1297 8
1299 405 -13
408 407 -8
1193 1192 28
1193 1195 -8
789 790 -13
789 317 28
790 314 19
790 1234 13
790 788 -19
317 1204 -28
317 319 13
317 316 13
317 315 -13
896 894 13
896 445 13
16 15 13
16 14 -8
16 891 8
15 894 -19
15 44 -8
14 471 -19
14 12 -19
14 889 19
891 444 28
891 892 -8
1168 1169 -19
1168 283 19
753 755 28
753 751 19
306 1192 -8
306 305 19
305 278 19
305 1195 -8
305 334 -28
845 846 28
845 815 13
846 1290 28
846 844 -13
815 816 -8
586 120 8
586 584 28
586 585 19
586 1032 19
120 91 19
120 121 8
120 149 19
585 123 19
585 615 19
1032 1062 -8
1032 152 8
1032 1002 13
91 556 -13
91 974 -28
91 62 13
121 123 -19
121 119 -8
149 150 19
149 616 -8
900 449 -8
900 902 28
900 21 -8
900 899 -8
897 927 -8
897 450 28
1198 1228 19
1198 755 28
691 221 -28
691 690 28
691 689 8
221 1108 8
221 250 -8
221 222 19
221 192 -19
690 660 8
690 224 -8
690 1139 -19
690 720 8
689 1135 19
689 688 13
100 99 -28
100 102 13
100 979 -13
99 564 13
102 563 19
102 101 -28
979 1008 -13
830 828 8
830 1274 28
830 829 -13
122 151 -8
122 93 8
122 123 28
151 618 -8
151 152 13
93 558 -28
93 94 -13
93 64 -13
123 1002 -8
66 948 19
66 38 -28
945 498 -13
945 946 -28
945 975 13
168 166 -8
168 170 19
168 167 19
168 1048 -19
166 629 8
166 165 -13
166 164 8
166 1046 19
170 1050 -28
170 632 28
170 169 19
167 633 8
167 194 -19
167 138 -28
1048 1049 -8
1048 1018 19
1186 1158 -13
1186 1216 13
449 450 19
449 479 28
450 452 -8
479 480 19
479 930 13
479 509 8
952 951 8
951 504 -8
1262 1232 -28
1262 373 13
1262 1263 19
1262 1292 8
1232 1233 13
1232 1202 -28
1232 788 13
1292 848 -19
638 1088 -28
1088 1086 8
1088 201 8
1088 1087 19
174 145 -28
174 201 13
145 146 -28
145 116 -13
201 671 13
201 202 13
412 411 -8
412 414 13
858 860 8
987 988 -8
987 957 19
987 1016 13
987 108 -13
539 509 -28
539 569 13
539 990 19
1062 616 28
616 618 13
616 615 -8
1002 556 -8
1002 973 -19
796 1240 -28
796 320 19
796 795 -28
796 794 19
1240 1241 13
1240 352 8
1240 1210 -28
320 1211 13
320 349 19
320 321 28
320 292 13
795 323 19
795 766 -28
794 793 8
794 1238 -19
480 927 -8
480 482 -28
927 957 13
927 51 -19
927 928 -13
482 21 13
482 929 -19
482 481 19
607 577 -13
607 636 -19
607 608 -8
577 578 28
577 547 28
636 666 -13
636 637 8
608 142 -19
608 1054 -13
48 928 -19
48 510 8
902 23 19
902 451 -8
23 52 13
23 24 -8
451 452 -19
451 481 28
42 922 13
42 504 13
42 43 -28
922 471 -19
922 924 8
504 503 8
43 45 19
43 919 13
1108 1106 -13
1108 658 -8
1108 1110 -19
1108 1107 -19
1106 1104 -19
1106 656 -28
1106 1105 -13
658 688 -8
658 629 -28
658 659 -8
658 193 -13
1110 660 13
1110 1112 -19
1110 1109 -19
1110 223 19
1107 224 -13
1107 1077 -19
1107 661 28
1304 1274 -19
1304 414 -28
1304 860 8
414 413 -19
414 416 19
860 859 -8
860 862 8
21 50 19
24 899 13
24 26 28
24 481 -13
228 226 -28
228 1111 -28
724 1172 8
724 256 28
1143 1142 19
155 622 -13
155 156 -19
155 1039 -19
322 351 19
322 323 8
322 294 -28
322 1213 28
351 352 -19
351 828 19
323 1210 -13
323 321 -19
294 266 13
294 769 -19
294 1183 13
294 295 -28
1213 1211 -19
1213 766 19
1213 1215 -28
267 266 8
267 269 19
267 265 19
267 1152 8
266 1155 8
266 238 19
269 738 19
269 1154 -28
269 271 -19
265 734 19
265 1150 -13
265 263 -8
1152 707 -19
1152 1123 13
1152 1153 19
25 54 28
25 26 28
25 486 13
903 933 13
903 456 -19
696 666 -28
696 726 -8
1142 1113 -28
1142 1171 -28
1157 1155 -13
1157 708 -13
1161 712 28
1161 1160 -8
1161 272 -28
1158 273 -28
1158 1129 19
388 866 -28
388 417 13
388 389 -28
1284 395 -13
1284 1314 -13
1284 1285 13
1284 840 19
395 869 8
395 393 -19
395 397 -28
1314 1315 -28
1314 870 -8
1285 392 28
1285 837 13
1285 1287 -8
1285 1283 13
840 839 28
840 842 -28
840 363 13
840 838 -28
660 195 -19
660 661 -13
195 1077 28
195 194 28
195 193 19
195 197 28
661 192 -28
661 663 13
661 659 -28
849 1297 8
72 101 -28
72 44 -28
343 1235 -19
343 820 19
343 314 19
821 791 13
428 1318 -13
751 750 13
751 278 -13
748 279 19
748 1195 -28
960 78 -8
960 509 -8
960 959 28
960 962 13
957 510 -19
1083 1054 8
1083 1113 19
1083 637 -8
1054 1024 19
446 445 13
446 444 8
446 893 -13
444 442 -13
444 443 -28
893 894 19
893 923 13
615 152 -8
674 675 13
674 704 -28
674 1124 -19
712 245 -8
712 682 8
245 1129 19
245 244 -19
245 247 13
682 652 -19
682 216 -28
682 1132 8
1211 764 -8
1211 1210 19
1211 1209 -19
764 734 -28
764 793 -28
764 293 -8
764 765 -28
1210 767 -19
1209 1208 13
1209 1207 -13
1209 762 13
1024 578 28
1024 1025 13
1024 995 19
578 576 -8
578 113 -19
1025 142 -28
1025 1023 28
995 996 19
995 965 -13
995 548 -8
1011 1010 19
1011 1013 -13
1008 1038 -8
224 223 -28
224 222 -8
224 226 -8
223 252 13
223 194 8
222 220 8
222 688 19
222 1105 19
226 1109 -8
1135 1105 13
1135 251 -13
1105 659 13
251 250 13
251 253 -19
498 496 -13
498 36 8
496 494 -28
496 34 19
496 943 19
36 64 19
36 37 -13
36 916 13
1246 1276 -13
1246 1216 28
355 384 19
355 356 13
1112 662 -28
1112 1111 -28
39 37 -8
39 38 -28
37 35 8
37 913 -13
38 9 19
38 918 28
869 870 -28
869 839 28
870 392 19
870 872 -19
870 868 13
839 809 -13
839 1287 -13
839 366 -28
273 271 19
273 272 -13
272 244 -8
272 299 8
872 871 -8
872 1316 13
1287 1286 28
1287 1289 8
365 366 13
365 1257 8
365 842 -13
463 433 -8
463 464 -19
463 914 13
463 493 -28
463 6 -19
433 434 28
433 884 -8
464 3 13
464 911 -13
914 34 8
914 916 -8
914 913 -8
914 912 -19
493 494 -8
493 35 19
493 944 8
6 8 -28
6 5 -28
6 4 13
6 881 19
1290 1260 19
1260 1261 13
1260 1230 -28
1260 816 13
552 87 8
552 550 -19
87 116 -13
87 59 -8
87 88 -8
87 970 -19
550 997 13
550 86 -19
378 349 -28
378 407 13
827 828 8
81 83 -28
81 541 -13
81 959 8
78 50 8
78 107 -28
974 973 -19
974 972 13
975 96 -13
820 1264 -13
346 345 8
346 1234 19
964 513 -19
964 82 -28
964 963 28
964 966 -28
964 962 8
513 514 13
82 54 28
82 111 -19
82 83 19
963 516 8
963 85 -19
963 993 -19
963 933 -28
966 84 8
966 515 8
966 965 8
962 511 28
452 899 -13
899 929 -8
688 1138 -8
1215 768 19
250 278 19
250 1138 8
278 279 28
1138 1139 19
732 733 28
732 702 28
732 263 13
732 762 -13
732 1179 19
733 260 8
733 1177 -8
702 1151 8
702 672 -28
702 703 13
263 262 28
263 1148 8
762 791 -8
762 763 19
762 291 13
1179 290 -19
1179 1181 13
1111 1081 -28
503 45 -28
1252 1282 19
1252 1253 19
1252 364 8
810 809 -8
810 334 19
810 812 19
807 837 -19
807 1255 -8
437 438 -19
437 888 -8
10 9 -13
10 8 8
10 885 8
10 12 8
918 917 -8
918 916 28
45 44 -8
44 924 13
334 363 -8
917 887 -19
9 888 8
888 886 -19
888 890 28
888 887 8
1264 1234 -28
279 277 28
930 929 19
930 50 -28
930 928 8
929 53 8
929 959 28
50 512 -13
50 51 -8
576 111 -13
576 574 -19
576 1022 13
111 112 19
111 140 28
111 994 -13
574 572 19
574 1020 -28
574 573 -19
574 109 19
1022 1052 -19
1022 993 28
1022 1023 -28
892 894 -19
892 441 8
892 890 13
654 1104 19
654 189 -8
654 655 28
654 625 19
218 220 28
218 216 13
218 1101 8
218 217 28
714 715 28
714 247 -13
714 744 -13
894 443 -19
96 94 -28
94 973 13
656 627 -13
656 191 -19
656 657 28
628 626 19
628 1074 -19
628 627 19
628 161 -8
628 630 13
626 625 28
626 159 -13
1074 1044 8
1074 191 -19
627 597 -19
627 1076 -28
627 164 -28
161 188 -19
161 1045 -19
161 162 13
630 629 13
630 163 19
356 829 -19
766 767 -19
766 295 19
1183 1182 13
1183 1181 8
706 1155 19
706 707 -8
706 239 -8
706 676 13
1221 774 -28
738 768 -13
738 708 8
768 769 28
708 709 28
708 678 -28
708 241 -28
563 593 -13
563 1013 -19
563 564 19
997 967 8
967 968 -8
967 520 19
967 937 8
967 88 19
1139 252 -28
923 924 -13
969 522 13
969 90 -28
969 970 -8
1104 217 28
1104 1102 13
217 188 -8
1102 1100 13
1102 652 -28
1102 1101 -8
791 319 19
319 321 -13
936 935 28
936 485 -13
936 934 -13
935 905 -8
935 965 -19
485 455 -13
485 486 13
485 515 28
934 54 28
934 933 28
1228 1258 -13
1228 1229 -19
755 757 -8
720 750 28
720 1169 8
720 253 8
29 908 -13
29 58 -28
29 490 28
29 0 19
908 907 28
58 86 -19
58 520 -8
58 938 -28
490 489 19
490 937 -28
490 492 19
0 460 -13
0 878 19
290 262 -28
290 291 -13
290 765 -28
101 130 -8
1080 1082 -19
1080 194 19
1080 1079 13
1080 1078 13
1155 1154 -8
1155 1153 -28
1154 1182 19
1154 1125 -8
1154 709 28
1153 1151 19
1153 704 19
262 1151 28
262 234 -8
1151 1150 -28
1151 1149 -28
234 705 -8
234 205 -28
234 1122 -8
988 990 13
988 105 -8
990 989 -8
990 107 -19
990 992 -19
105 570 -28
105 134 -8
105 106 -13
948 946 8
633 1079 8
633 632 -19
1079 1050 -13
1079 1109 13
1079 197 13
632 1082 13
632 603 -8
632 662 19
1053 169 -8
1053 1052 13
1053 603 -28
194 663 13
138 109 19
138 1021 -19
138 604 -8
1050 604 13
1050 1020 8
169 140 -19
169 196 -28
744 774 28
1234 1235 -19
1234 1204 -13
442 441 19
442 889 13
442 440 -13
441 471 13
889 919 -13
889 890 28
440 439 19
440 887 -28
440 438 28
1207 316 -13
1207 1205 28
763 761 -13
763 288 19
763 765 -13
1177 1148 -13
1177 291 -8
1077 1078 19
494 32 -28
494 492 8
494 941 28
32 3 -13
32 912 -19
492 30 8
492 491 -19
941 971 -13
941 942 28
941 63 8
941 911 -13
1109 663 8
302 774 -28
774 803 -28
35 911 8
35 34 -8
911 881 -19
911 912 -8
34 5 28
34 62 -8
238 709 -28
238 209 -8
238 1126 28
238 239 -8
933 486 -28
933 57 -13
456 455 -13
456 458 28
943 973 -19
943 944 19
943 913 13
844 842 8
844 367 13
844 1288 13
842 1286 8
842 841 8
367 368 -19
367 1259 8
1288 1318 28
1288 1289 -8
1288 1258 -8
1129 1099 -13
1160 715 -19
1286 397 19
1286 1316 13
1286 1256 28
397 871 8
1256 1257 -28
1256 368 13
1256 812 13
510 512 -28
510 509 8
345 316 28
86 968 -13
86 115 -28
968 970 28
420 418 -19
420 1310 13
420 419 -19
420 422 -8
418 417 13
418 416 28
1310 866 -8
1310 1280 -8
419 1313 28
419 390 28
422 1312 -19
422 421 28
971 524 28
971 972 28
524 522 -13
972 521 19
972 89 -8
972 970 -13
769 767 -8
252 253 8
707 709 28
707 705 13
705 1150 28
705 704 28
705 703 28
140 141 -28
140 1023 13
1052 1081 -13
604 603 -8
871 841 13
841 1289 -8
841 368 28
142 113 8
141 603 28
141 1020 -19
465 8 -13
465 916 -19
465 435 -19
8 883 19
435 886 -13
435 436 28
89 90 28
556 558 19
761 759 -8
761 1204 19
759 286 -8
759 758 -19
1204 1205 -19
30 1 -19
30 59 13
30 31 13
912 461 8
459 489 -13
459 460 8
459 2 13
459 429 -28
62 63 -8
62 944 -19
1082 1081 -13
1082 196 19
196 197 -28
1044 598 -8
1044 1014 19
1044 164 -28
1044 1045 -8
598 597 -19
598 596 8
598 600 8
164 163 -13
164 162 19
1045 1043 -8
1045 1047 8
240 211 -28
240 1128 28
240 241 -13
734 704 -28
734 1181 19
704 237 -28
1181 292 13
241 1125 8
241 239 -8
1127 681 13
1127 1097 -13
1127 1128 28
1233 342 -19
1233 1235 -8
342 313 8
431 432 -19
431 461 -8
431 882 8
432 434 -13
432 430 -8
461 491 -28
461 4 -13
882 881 28
882 884 28
882 880 19
882 3 8
1132 244 -13
12 887 -19
439 890 -13
545 85 8
545 515 13
545 996 8
114 113 13
114 112 28
114 993 19
522 520 28
522 59 13
522 521 -8
520 519 28
59 940 -8
59 60 8
521 61 -19
521 491 13
481 511 -13
52 514 -8
52 53 13
113 996 -19
113 84 8
996 994 8
84 85 28
84 548 19
767 292 28
767 765 19
292 293 -19
765 1208 -19
663 662 -19
597 567 -8
597 1047 -28
1076 190 -8
1076 1078 -28
197 662 -19
629 599 13
629 1078 8
163 1047 -13
163 134 8
163 190 13
1189 299 19
1150 1121 -28
1121 675 13
1121 1122 -13
1121 237 28
1047 1049 -13
1047 1046 19
134 600 8
134 1017 -13
190 659 13
190 191 -13
313 1203 28
313 788 -19
313 286 -28
1227 780 13
1227 1229 -8
1020 1021 -8
1241 793 8
1241 349 8
1238 350 -8
1238 1208 13
729 257 -13
729 1173 -8
258 259 -13
258 1147 8
438 436 19
438 885 19
1202 315 19
1202 1173 -13
1202 1203 -13
315 314 19
1173 1144 28
1203 1205 -19
657 188 -19
657 655 -28
657 659 13
64 946 8
489 31 -8
489 940 8
489 519 13
31 907 -13
940 942 19
940 938 19
519 970 19
519 60 -28
793 321 -13
321 1208 19
625 162 -28
596 1042 8
596 594 28
596 130 -13
1 2 13
1 880 28
363 1255 13
363 392 -28
363 364 13
838 837 -19
838 1282 8
838 361 13
349 350 28
1125 679 8
1125 1126 -8
106 567 -13
106 108 8
603 573 -19
885 886 19
1261 813 -8
1261 1259 8
813 814 28
813 784 -13
1259 1257 -19
1259 1258 8
350 352 -28
937 907 -13
937 938 19
937 60 -19
88 90 -8
416 1306 -13
946 944 -19
944 942 -19
511 53 -8
511 541 -28
511 512 19
53 51 -13
541 992 -19
512 959 19
512 514 -8
1315 421 28
1315 1313 19
1315 867 8
5 884 -13
192 165 -8
192 1078 28
192 193 -8
136 165 -13
136 137 -13
136 1019 -8
136 107 -19
600 599 28
600 1046 -13
1123 239 -8
1123 1093 19
1123 1124 28
239 237 19
1093 210 -8
1124 1122 -8
1124 1126 28
314 1205 28
137 599 19
137 1016 13
1018 572 -13
1018 989 8
1018 1019 -8
316 288 -19
1313 865 13
1313 1312 -13
390 868 13
390 361 28
390 391 -13
390 1283 13
189 188 -8
189 187 28
189 191 -8
655 1101 13
655 653 -8
1312 868 -19
1312 1282 -8
421 392 19
517 547 -8
517 487 -28
517 518 -19
547 548 -8
487 457 -19
518 965 13
518 516 -28
676 210 -8
676 646 -19
676 1126 13
613 150 19
209 210 8
209 1096 19
209 679 13
1126 1128 19
1099 1100 -28
1099 216 8
1099 653 -28
1099 1070 8
289 288 -28
289 291 13
288 260 -8
260 1149 19
866 868 -8
866 864 -19
866 865 8
868 867 13
864 862 8
864 863 -8
865 835 28
865 391 13
51 509 19
392 393 -8
837 867 -28
837 364 -19
1283 835 13
1283 1282 13
295 293 -19
675 205 8
205 206 -8
205 1092 19
162 160 19
162 1042 -13
715 244 -13
1023 1021 13
1023 573 -28
434 881 8
434 436 19
884 883 -19
884 886 13
61 63 -28
61 60 28
491 942 28
393 1282 28
393 867 -8
393 391 28
3 4 13
591 621 -8
621 650 -28
621 622 19
4 2 19
599 1049 13
599 569 -13
1149 1148 28
1149 1147 19
165 1049 -28
681 679 19
681 211 28
679 678 -8
211 212 8
211 1098 8
1119 1148 -8
1148 703 -28
809 780 28
809 1257 -8
366 368 -19
366 364 -19
567 1017 13
368 370 13
1230 1231 28
1230 786 28
816 340 8
816 814 28
1147 1145 8
1147 698 -8
1147 1146 13
757 756 -19
757 284 13
650 1100 28
1100 1098 13
191 193 13
672 206 13
672 1122 13
703 701 -8
214 216 -19
214 212 19
214 1097 8
212 210 8
212 678 -19
1097 1098 19
1097 1068 28
109 110 -19
109 992 -28
1021 1019 -13
573 112 -8
859 829 13
384 862 -13
384 413 -19
862 1306 -13
1280 391 -28
391 389 13
1019 1017 -13
1019 569 28
678 1128 -8
1205 758 -8
814 812 -13
814 1258 13
784 1231 13
340 1231 19
1231 1229 -13
291 293 8
460 907 19
907 877 28
361 1253 -13
883 436 8
883 913 8
618 620 19
620 622 28
620 619 19
257 1145 28
257 229 -13
257 286 -28
593 1043 8
593 594 28
1043 1042 -19
1043 159 -8
594 1040 -8
1096 646 -13
1096 1098 -19
572 570 -28
572 107 -8
570 1016 -19
570 569 -8
107 108 -8
1145 1144 -13
1144 259 8
1144 1115 -13
1144 699 -13
1070 1040 -19
1070 187 19
622 1068 -28
750 780 -19
160 159 13
160 1040 -28
159 130 -13
1040 1010 -13
1046 1016 -8
430 877 -28
430 429 -28
457 458 -28
569 108 -8
112 110 -19
993 994 -19
285 284 -19
285 283 28
1276 1306 28
1276 387 8
387 389 -28
652 187 -28
652 653 28
756 726 -28
726 727 28
1255 1253 -28
1255 1257 -13
1016 1017 -19
130 1013 -13
1171 1172 28
1171 727 -13
1172 284 -19
863 389 -19
877 878 13
877 2 -28
878 880 -28
959 989 -28
514 516 -13
429 880 8
1258 370 -28
989 110 -19
110 108 28
587 1037 -19
619 156 8
1037 1039 28
698 699 -13
516 515 8
516 54 13
1010 564 -13
992 994 -19
1115 669 -13
699 701 19
699 229 -13
1146 701 -13
1038 1068 28
1038 1039 -13
670 671 -28
150 152 -28
515 57 -28
85 83 -19
671 669 28
905 458 -13
