1249 1248 28
1249 357 13
1249 1247 13
1249 1251 28
1249 801 28
1248 360 -13
1248 1218 13
1248 1278 8
1248 804 -28
357 834 -13
357 386 8
357 328 -8
357 358 -13
1247 1245 -13
1247 355 19
1247 799 19
1247 1246 -8
1251 359 -13
1251 803 -8
1251 1253 -8
1251 1250 8
801 772 -28
801 802 28
801 329 13
801 831 -28
157 1041 -8
157 184 -28
157 624 28
157 158 -19
157 128 8
1041 591 19
1041 1040 -13
1041 1043 8
1041 1039 -8
184 213 -13
184 185 -19
184 653 28
184 1071 -8
624 626 28
624 623 8
624 1070 -19
624 622 8
158 160 8
158 621 8
158 156 8
158 1038 -28
128 129 -28
128 594 -13
128 1011 -8
128 99 19
741 268 -13
741 739 -28
741 740 13
741 743 -8
741 1184 -8
268 269 28
268 240 -8
268 1157 -28
268 296 28
739 737 -13
739 738 -19
739 266 19
739 1182 8
740 710 -13
740 770 -13
740 1187 -13
740 271 -8
743 270 -13
743 745 28
743 1186 -19
743 742 28
1184 298 28
1184 1156 13
1184 1214 19
1184 1185 8
447 448 -19
447 477 28
447 898 8
448 895 13
448 446 -28
448 450 28
477 20 -13
477 928 -28
477 507 28
477 478 -19
898 896 -13
898 19 -19
898 900 -28
898 897 -19
401 402 13
401 372 -8
401 1295 -19
402 404 8
402 1292 -19
372 850 -8
372 343 -19
372 1265 19
372 373 8
1295 1294 8
1295 1297 -13
1295 1293 -13
1295 847 -28
404 406 19
404 1294 19
404 403 -19
406 408 28
406 1296 -28
406 405 -13
1294 850 -19
1294 1264 -28
403 1297 19
403 374 13
535 505 -19
535 986 28
535 536 13
535 565 -8
535 75 28
505 956 13
505 475 -19
505 506 8
505 47 -8
986 103 -8
986 988 -28
986 984 19
986 985 28
536 538 8
536 983 -8
536 534 -28
536 72 -13
565 566 8
565 1015 -8
565 595 -8
565 104 13
75 77 8
75 73 -13
75 953 8
75 74 -8
1061 611 -13
1061 1059 19
1061 1060 -8
1061 1063 13
611 640 -13
611 581 -8
611 612 -19
611 148 -13
1059 174 -8
1059 1058 -19
1059 1057 8
1059 609 -13
1060 178 -19
1060 614 13
1060 1030 13
1060 1089 -28
1063 1062 -19
1063 177 -28
1063 1065 -13
1063 613 -19
173 144 -19
173 639 -28
173 1057 19
173 200 -28
144 1027 13
144 115 -28
144 610 13
639 638 13
639 1085 -8
639 641 -8
1057 1056 -28
200 229 -8
200 669 -28
200 1086 13
1300 856 28
1300 410 -28
1300 1270 -28
1300 1301 -19
856 855 -8
856 858 -13
856 378 13
856 854 13
410 408 28
410 412 8
410 409 -8
1270 1240 -13
1270 826 28
1270 1271 -8
1270 381 -13
1301 1303 -8
1301 1299 13
1301 407 -8
1301 853 -8
27 488 -8
27 906 -8
27 56 -28
27 28 19
488 487 28
488 486 -28
488 935 13
906 904 19
906 455 28
906 905 -8
56 936 -28
56 518 8
56 57 -28
56 84 -13
28 903 13
28 485 -19
28 26 19
538 74 8
538 985 -19
538 537 -28
538 540 13
74 956 28
74 46 8
985 955 -13
985 1014 -19
985 106 28
537 77 13
537 988 -28
537 507 -28
537 567 -19
540 987 -13
540 539 -19
540 76 -13
540 542 28
499 41 -8
499 950 -13
499 529 28
499 500 13
499 469 -13
41 40 28
41 39 8
41 43 -13
41 917 -8
950 952 -28
950 68 13
950 949 -13
950 948 -8
529 559 -19
529 980 -28
529 530 -19
529 69 13
500 498 -28
500 947 19
500 38 -19
500 502 -8
469 470 -19
469 12 28
469 439 8
469 920 19
1001 999 -28
1001 118 8
1001 1000 28
1001 1003 -28
1001 551 28
999 998 -8
999 549 -19
999 116 -19
118 147 28
118 89 -28
118 119 -13
118 584 -19
1000 971 -28
1000 554 -28
1000 1030 28
1000 121 -28
1003 553 19
1003 120 -13
1003 1002 13
1003 1005 -28
551 552 -13
551 521 -13
551 581 -19
551 90 28
1303 409 -19
1303 1302 19
1303 1305 -19
1303 855 -28
409 380 -13
1302 412 8
1302 858 -19
1302 1272 13
1305 1304 -28
1305 1307 28
1305 857 8
1305 411 28
855 381 -28
855 825 -19
207 677 -28
207 236 19
207 208 28
207 1094 -8
207 179 -13
677 1123 8
677 675 -28
677 676 -28
677 679 -28
236 707 -28
236 264 28
236 1124 19
236 237 -8
208 674 -19
208 210 13
208 206 -13
208 1091 13
1094 644 19
1094 1096 13
1094 1092 -28
1094 1093 13
179 647 8
179 151 -19
179 1065 -19
783 1226 -13
783 785 8
783 782 -13
783 781 -13
783 307 -28
1226 339 -19
1226 1196 8
1226 1227 -13
1226 1256 -28
785 309 -8
785 1228 13
785 786 -19
785 784 -8
782 310 19
782 752 19
782 811 13
782 1229 -8
781 1224 8
781 779 -13
781 305 13
781 780 13
307 308 13
307 336 28
307 280 13
307 1197 8
605 634 -8
605 575 -13
605 1055 8
605 143 -13
605 606 -8
634 664 19
634 172 28
634 635 13
634 1084 -28
575 576 13
575 545 -8
575 114 -19
575 1025 -13
1055 1053 -13
1055 171 8
1055 1054 -13
143 142 -13
143 141 19
143 1022 13
606 140 13
606 1052 -8
606 604 28
606 608 -19
1201 754 19
1201 1200 13
1201 1199 -19
1201 311 -8
754 755 -19
754 784 19
754 724 -8
754 285 -13
1200 1171 8
1200 1230 -13
1200 757 -19
1199 752 28
1199 1197 -8
1199 1198 -19
1199 309 -28
311 340 8
311 786 8
311 312 28
311 284 19
308 310 -8
308 306 8
308 780 19
308 1194 -19
336 365 -8
336 337 -8
336 812 -19
336 1227 28
280 1169 -8
280 252 -19
280 281 19
280 753 19
1197 1196 -19
1197 1195 -13
1197 750 -8
40 920 8
40 11 -19
40 502 8
40 68 28
920 919 -28
920 922 -13
920 918 13
11 12 19
11 890 28
11 472 -19
502 504 -8
502 949 -19
502 501 -28
68 97 8
68 69 28
68 532 -28
20 18 -19
20 895 8
20 22 28
20 19 8
18 16 -8
18 475 19
18 893 -8
18 17 28
895 925 19
895 896 -8
22 479 28
22 21 8
22 897 28
22 24 28
19 480 -19
19 48 13
310 309 -28
310 312 19
310 1196 -13
309 282 -13
309 338 -19
312 1198 -19
312 784 -13
1196 1168 -19
1196 753 19
274 1163 28
274 747 -8
274 275 19
274 246 8
274 301 -28
1163 1165 -8
1163 1161 19
1163 714 19
1163 1162 8
747 749 8
747 1190 8
747 746 13
747 745 -19
275 273 -19
275 744 19
275 277 -19
275 1160 -8
246 1134 -28
246 717 -13
246 247 19
246 217 -19
301 302 13
301 1191 28
301 330 13
301 777 19
590 592 -28
590 589 28
590 588 8
590 124 13
590 1036 8
592 126 13
592 591 -8
592 594 28
592 1038 -13
589 127 -8
589 559 -8
589 619 -8
589 1039 -8
588 1034 -13
588 586 28
588 122 -13
588 587 -8
124 1007 -13
124 95 -19
124 153 -8
124 125 -28
1036 1037 -13
1036 1066 13
1036 1006 19
1036 156 -28
1007 1005 28
1007 1009 28
1007 1006 -8
1007 557 -28
95 96 -28
95 66 13
95 978 19
95 560 -19
153 620 -8
153 1037 -19
153 154 -13
153 180 8
125 127 19
125 123 -13
125 587 13
125 1004 -28
925 478 -19
925 955 13
925 926 -8
925 49 8
478 480 -13
478 476 -13
478 17 13
955 956 28
955 77 -13
955 508 -28
926 46 -19
926 924 -8
926 475 8
926 928 -28
49 47 -28
49 507 -13
49 48 -19
49 51 13
1166 1194 19
1166 1167 -28
1166 1137 -8
1166 281 -19
1166 721 19
1194 1224 -13
1194 1195 -28
1194 751 -8
1167 1165 -13
1167 718 13
1167 1169 19
1167 278 19
1137 691 -13
1137 1138 -13
1137 1107 -13
1137 253 -13
281 279 -13
281 750 -19
281 283 -8
721 719 -8
721 250 19
721 720 -28
721 723 -28
553 92 13
553 583 13
553 554 28
553 523 19
92 971 -8
92 91 19
92 94 -28
92 90 -19
583 613 19
583 584 19
583 1033 -13
583 121 8
554 552 -8
554 89 -28
554 556 -19
523 524 13
523 63 28
523 493 28
523 974 -19
695 697 8
695 693 -19
695 694 -28
695 225 -19
695 1140 28
697 696 13
697 1142 8
697 227 -19
693 691 -19
693 223 -19
693 692 13
694 664 19
694 228 -8
694 724 -13
694 1143 -13
225 254 -19
225 226 -28
225 1112 19
225 196 19
1140 1141 -19
1140 1111 -28
1140 256 13
834 833 -28
834 1278 28
834 832 19
834 836 -28
833 360 8
833 803 -19
833 863 19
833 1281 19
1278 1279 -13
1278 1308 -19
1278 389 8
832 831 28
832 1276 8
832 830 -19
832 355 28
836 359 -28
836 835 8
836 1280 -19
836 838 -28
127 126 -13
127 1006 8
127 129 -13
126 97 19
126 155 28
126 1009 -28
1006 977 -8
1006 560 28
129 591 -13
129 1008 8
129 131 -28
386 1279 13
386 415 -28
386 864 -8
386 387 8
328 329 -13
328 1219 8
328 299 13
328 804 -8
358 360 -19
358 831 8
358 356 -28
358 1246 -8
423 394 8
423 424 -19
423 1317 -28
394 872 8
394 1287 -13
394 365 -19
394 395 -8
424 426 13
424 1314 -19
424 422 -8
1317 869 -19
1317 1316 -19
1317 1315 -13
1317 1319 8
360 359 19
360 362 13
359 388 -8
359 330 -8
362 835 -28
362 361 19
362 1250 -19
362 364 -28
909 33 19
909 910 -19
909 939 -8
909 462 -28
909 879 8
33 35 28
33 491 19
33 32 -28
33 31 -8
910 30 -13
910 908 19
910 912 -13
910 459 8
939 969 -8
939 492 -13
939 61 -19
939 940 28
462 464 -19
462 460 28
462 461 -8
462 1 13
879 432 -19
879 880 -8
879 4 28
1267 374 13
1267 1266 -28
1267 1269 -19
1267 819 -28
1267 1265 19
374 852 13
374 345 28
374 375 -13
1266 377 -13
1266 1236 13
1266 822 13
1266 1296 28
1269 376 -8
1269 1271 13
1269 1268 28
1269 821 -28
819 789 8
819 820 13
819 346 13
819 849 28
1265 817 -13
1265 1264 -28
1265 1263 -8
71 69 -19
71 73 -28
71 531 -8
71 70 -13
71 949 -8
69 67 28
69 947 19
73 72 -8
73 533 19
73 951 19
531 532 28
531 501 19
531 982 19
531 561 -28
70 534 -28
70 952 13
70 42 -19
70 99 8
949 919 -19
949 979 -8
977 98 -19
977 947 -13
977 978 28
977 530 28
98 559 -13
98 97 -19
98 100 13
98 96 13
947 917 -19
947 948 -19
978 527 13
978 976 28
978 980 -19
530 66 -19
530 528 -19
530 532 19
643 641 -13
643 645 -28
643 1089 13
643 642 -28
641 174 -19
641 640 13
641 1087 -8
645 644 -28
645 647 19
645 1091 8
645 177 8
1089 1119 -28
1089 1090 28
1089 206 13
642 178 13
642 613 13
642 1092 -8
642 672 19
425 396 -28
425 1319 28
425 426 28
396 367 13
396 1289 -13
396 874 -19
396 397 19
1319 871 -13
1319 1321 19
1319 1318 -19
426 428 19
426 1316 28
749 1192 19
749 751 -13
749 276 -28
749 748 19
1190 304 8
1190 1162 -8
1190 1220 19
1190 1191 19
746 716 -8
746 776 8
746 1193 13
746 277 8
745 272 19
745 1188 28
745 744 -19
453 483 -13
453 904 13
453 454 8
483 513 8
483 484 -28
483 26 13
483 934 8
904 902 -19
904 25 13
904 903 -19
454 452 13
454 901 -28
454 456 28
956 958 -13
956 954 8
958 507 8
958 76 -28
958 960 8
958 957 28
954 952 -13
954 72 -28
954 953 13
954 503 13
1218 331 8
1218 1219 -28
1218 1188 -28
1218 775 19
331 333 19
331 329 -13
331 803 28
331 330 19
1219 772 -19
1219 1217 -8
1219 1221 8
1188 302 -13
1188 1189 19
1188 1160 13
775 773 -19
775 299 -28
775 777 28
775 774 -8
178 176 -8
178 177 13
176 1058 -28
176 175 8
176 640 28
177 205 -13
177 149 -28
710 243 13
710 1159 13
710 711 -8
710 680 -8
243 242 8
243 245 13
243 241 -13
243 1127 19
1159 270 -8
1159 1157 -28
1159 1161 -13
1159 1158 -28
711 713 -19
711 1156 8
711 709 13
711 240 8
680 681 28
680 650 -8
680 214 -13
680 1130 -8
644 615 28
644 674 -19
647 649 28
647 1093 -8
647 646 -19
1091 1062 8
1091 1121 8
1091 1092 -8
1067 1066 8
1067 617 13
1067 1065 8
1067 1069 -28
1067 180 8
1066 183 13
1066 620 -8
1066 1095 8
617 618 -13
617 154 8
617 587 -19
617 646 -19
1065 615 19
1065 1064 -19
1069 619 -28
1069 1071 -13
1069 182 8
1069 1068 13
180 649 8
180 209 8
180 181 -8
1028 1058 -13
1028 582 8
1028 998 -19
1028 148 8
1028 1029 -8
1058 612 8
1058 1087 -19
582 580 13
582 116 28
582 581 -19
582 584 13
998 552 8
998 119 -8
998 969 -13
148 147 -13
148 146 -28
148 150 13
1029 579 -28
1029 1031 19
1029 1027 13
1029 145 8
242 1130 13
242 213 -13
242 713 -19
242 270 28
1130 1129 8
1130 1132 13
1130 1128 -28
213 214 28
213 683 -13
213 1100 -28
713 712 -28
713 1158 13
713 715 -28
270 297 -13
270 271 13
544 991 -8
544 542 -8
544 80 -28
544 546 19
544 543 -13
991 1020 13
991 992 8
991 112 8
991 961 19
542 989 19
542 78 13
542 541 -28
80 52 19
80 109 13
80 81 13
80 962 -8
546 82 -28
546 548 28
546 545 -13
546 993 28
543 513 8
543 573 -28
543 83 -28
543 994 19
475 476 19
475 445 19
506 504 13
506 953 28
506 508 13
506 44 8
47 46 8
47 45 8
47 923 8
1005 122 8
1005 1004 13
1005 555 8
1009 559 28
1009 1011 13
1009 1008 -8
557 527 -19
557 96 13
557 587 -19
557 558 13
1309 415 19
1309 1311 19
1309 861 19
1309 1307 -19
1309 1308 -13
415 416 -19
1311 417 -8
1311 1310 -13
1311 863 28
1311 1313 -28
861 831 -28
861 387 -8
861 862 -19
1307 859 28
1307 413 28
1307 1306 -13
1308 864 19
1308 418 -13
1133 1162 -13
1133 687 13
1133 1134 13
1133 249 8
1133 1103 28
1162 277 -19
1162 717 -8
687 685 19
687 686 -13
687 689 -8
687 217 -13
1134 684 8
1134 1136 -13
1134 1132 8
249 716 8
249 248 19
249 251 -8
249 247 -19
1103 1104 -13
1103 220 -19
1103 1074 -13
1103 657 -28
800 799 8
800 1244 28
800 802 -8
800 324 13
800 798 19
799 327 -28
799 770 13
799 829 19
1244 1245 -13
1244 1274 13
1244 1214 -19
1244 356 -19
802 1246 -8
802 326 -8
802 804 13
324 353 -28
324 1215 -19
324 325 -19
324 296 -13
798 1242 -19
798 796 13
798 322 28
798 797 19
46 508 -8
46 17 -19
508 507 -13
508 510 -8
17 896 8
1118 668 8
1118 1116 19
1118 1120 -13
1118 1117 -13
1118 230 -8
668 638 -28
668 698 -19
668 669 28
668 202 -19
1116 229 19
1116 1115 -28
1120 1119 8
1120 670 -19
1120 1122 19
1120 232 8
1117 233 13
1117 671 -13
1117 1146 28
1117 1087 8
230 258 13
230 701 13
230 201 -8
230 231 8
327 326 -28
327 329 -28
327 325 28
327 1214 -13
326 297 28
326 1217 8
326 355 -28
329 1216 19
325 797 -13
325 1212 28
325 323 19
1214 1215 -19
1214 771 -8
931 484 28
931 932 -13
931 55 8
931 901 28
931 961 -13
484 482 8
484 486 8
484 23 19
932 930 8
932 481 -28
932 52 -8
932 934 19
55 513 -28
55 54 -13
55 53 19
55 57 -13
901 902 -19
901 26 19
961 962 13
961 83 28
961 514 -13
852 854 -28
852 851 -8
852 850 -28
852 1296 19
854 1298 19
854 376 28
854 853 13
851 377 28
851 1299 -8
851 821 28
850 848 -19
850 849 8
1296 1297 19
559 560 13
560 558 8
560 562 28
298 770 -13
298 297 28
298 300 13
1156 1127 -13
1156 271 8
1156 1157 8
1185 738 13
1185 1183 -28
1185 1187 -8
1185 296 13
133 595 -8
133 132 -13
133 135 -28
133 131 -28
133 1012 -19
595 1045 13
595 625 -13
595 596 28
132 103 -28
132 598 -8
132 1015 13
132 161 -8
135 597 -13
135 1014 28
135 137 19
135 134 19
131 593 -13
131 1010 13
131 130 13
1012 983 -19
1012 1013 19
1012 566 -28
1012 1042 -28
664 199 -19
664 1114 13
664 665 13
199 198 13
199 197 -13
199 1081 -8
1114 227 13
1114 1113 -19
1114 1112 -13
665 667 13
665 663 -13
665 1111 -8
665 196 -19
377 375 28
377 376 8
377 379 13
375 1264 -8
375 849 8
375 373 13
376 347 -13
376 405 13
379 853 8
379 1268 13
379 381 19
379 378 -28
97 562 -28
97 980 28
562 561 -28
562 1008 -13
562 564 -19
980 982 -19
980 979 28
1273 1272 -8
1273 1275 -13
1273 1271 -8
1273 825 13
1273 380 -8
1272 383 -8
1272 1242 13
1272 828 -13
1275 1274 19
1275 382 -13
1275 1277 28
1275 827 28
1271 823 28
1271 378 -28
825 795 -13
825 352 -28
825 826 19
380 858 -13
380 381 -19
380 351 -8
77 76 8
77 79 -8
76 48 8
76 105 19
79 81 8
79 78 -13
79 957 8
79 539 13
983 953 -13
983 984 28
983 104 -13
953 923 19
984 982 -8
984 533 -8
984 101 -8
104 103 -28
104 102 -13
104 106 8
198 227 -8
198 171 -13
198 1084 -13
198 667 -19
227 228 -13
171 172 -28
171 142 -19
171 637 19
1084 1083 -8
1084 1082 13
667 666 13
667 1113 13
649 651 28
649 1095 19
649 648 13
651 650 8
651 1097 8
651 182 -8
651 653 -28
1095 1125 -19
1095 1096 8
1095 212 28
648 183 -8
648 678 -19
648 619 19
648 1098 28
640 1090 -19
640 670 -13
581 1031 13
581 119 8
612 614 -28
612 610 -28
612 145 19
817 818 13
817 787 13
817 344 28
817 847 8
818 1262 -19
818 820 8
818 342 -8
787 1235 19
787 315 13
787 758 -28
787 788 -8
344 1232 -13
344 346 13
344 343 28
847 848 8
847 373 28
1236 1206 19
1236 348 -13
1236 792 -28
1236 1237 13
1206 319 8
1206 1207 13
1206 763 8
1206 1177 28
348 347 19
348 350 28
348 346 28
348 821 -19
792 791 -19
792 790 -28
792 316 -28
792 794 -19
1237 789 28
1237 1239 -19
1237 1235 13
1237 345 8
1224 337 -8
1224 1254 -13
1224 1225 -19
337 339 13
337 335 13
337 809 -19
1254 1284 28
1254 1255 -13
1254 366 -28
1254 810 -13
1225 1223 -8
1225 778 -13
1225 1227 -8
1225 334 19
183 181 8
183 185 -28
183 182 -19
181 1064 -19
181 646 8
185 650 -28
185 1068 -8
185 187 28
182 155 -8
182 211 13
716 1165 28
716 717 -8
716 686 -13
1165 276 -13
1165 1164 -8
717 719 8
717 715 19
686 656 -19
686 220 28
686 1136 -19
147 1031 -13
147 614 28
1031 1030 -28
1031 1033 -19
614 613 -8
614 616 28
1073 623 28
1073 1075 8
1073 1072 8
1073 186 -13
1073 1071 -19
623 593 8
623 160 -28
623 652 -13
1075 188 19
1075 625 28
1075 1074 28
1075 1076 -13
1072 189 8
1072 626 19
1072 1042 19
1072 1101 -8
186 655 28
186 159 -28
186 215 -19
186 187 -13
1071 1070 28
1071 621 13
719 1164 28
719 248 -13
719 718 -19
1164 1135 -28
1164 279 -13
1164 1192 -19
248 276 19
248 1136 -28
248 219 -13
718 251 19
718 748 28
718 688 -8
1034 1004 28
1034 1035 -13
1034 1064 13
1034 154 -8
1004 558 -19
1004 975 13
1035 1033 -13
1035 585 8
1035 1037 19
1035 151 -8
1064 618 13
1064 1093 -28
154 156 8
154 152 13
276 303 19
276 277 13
1136 1135 19
1136 1138 -8
219 220 19
219 1106 -13
219 190 -13
219 689 13
730 700 19
730 760 -19
730 261 13
730 1178 -28
730 731 -8
700 233 13
700 1149 -13
700 701 -8
700 670 -19
760 789 8
760 761 13
760 1207 8
760 289 19
261 260 28
261 263 19
261 259 -13
261 1146 -19
1178 1176 -13
1178 1177 8
1178 1179 28
731 729 19
731 733 -19
731 1175 13
731 258 28
525 65 -19
525 976 13
525 526 19
525 495 8
525 555 -19
65 67 8
65 63 13
65 943 -13
65 64 8
976 93 -13
976 974 -28
976 975 28
526 528 -19
526 973 13
526 524 28
526 62 -19
495 496 8
495 465 8
495 946 28
495 37 -19
555 556 -19
555 585 8
555 94 -8
806 808 13
806 804 -13
806 1250 -19
806 805 19
806 330 -13
808 332 -8
808 1252 28
808 810 19
808 807 19
804 803 28
1250 1280 -28
1250 1220 -19
805 333 -28
805 776 8
805 835 -13
805 1253 8
330 1221 -8
233 231 8
233 235 28
233 232 19
231 1115 -13
231 698 -8
235 1119 -8
235 702 -28
235 234 -8
235 237 28
232 203 -28
232 260 -28
232 703 -8
770 1217 28
770 771 28
1217 1216 -13
1217 1215 -19
771 773 -19
771 769 13
771 296 13
333 335 -8
333 332 -19
333 1220 13
335 334 -28
335 1222 8
335 807 -19
332 303 13
332 1223 -13
1220 777 -8
1220 1221 28
873 1321 19
873 843 28
873 399 -28
873 874 28
1321 427 13
1321 1320 -19
843 844 -19
843 1291 8
843 813 -8
843 370 -8
399 398 28
399 1288 -13
399 397 -19
874 876 8
874 872 -8
874 1318 -28
527 528 -13
527 67 -19
527 497 28
528 64 13
528 975 -19
67 66 -8
67 945 -28
497 498 19
497 39 19
497 467 28
497 948 -19
468 466 19
468 915 -28
468 470 13
468 7 -28
468 467 -28
466 465 19
466 464 -13
466 913 28
466 5 -28
915 39 -28
915 885 -19
915 945 28
915 916 13
470 472 -19
470 917 -13
470 9 19
7 36 19
7 8 8
7 886 -8
467 437 19
467 10 -13
467 918 28
297 773 8
297 1187 8
773 772 19
773 1216 13
1187 1189 -13
1187 1186 19
876 1320 -19
876 875 -8
876 398 -19
1320 1290 -13
875 845 8
398 369 8
398 427 19
398 1291 19
369 1261 28
369 846 -8
369 340 19
369 370 13
427 428 -13
1291 1290 13
1291 1289 -13
566 568 19
566 564 8
566 101 -8
1015 1014 -19
1015 1017 8
1015 1013 19
772 742 8
772 300 -8
742 712 -8
742 273 -28
742 1189 -19
300 302 13
300 1186 28
300 299 -19
304 776 28
304 303 -28
304 306 13
304 302 -13
1191 1193 13
1191 1189 8
1191 744 19
383 857 19
383 381 -28
383 382 19
383 385 -19
857 858 28
857 827 -13
382 353 19
382 860 8
382 411 28
385 859 -19
385 384 -28
385 1274 -13
385 387 -28
103 568 13
568 1014 28
568 570 28
568 567 -28
579 609 8
579 117 28
579 580 13
579 549 13
609 638 -13
609 146 -13
609 610 -28
117 997 -19
117 119 -28
117 116 -13
580 115 28
580 1026 -13
549 550 -13
549 519 -8
549 88 -13
685 215 13
685 1131 28
685 683 13
685 684 28
215 244 -13
215 216 19
215 1102 8
1131 1160 19
1131 1101 -8
1131 1132 19
1131 247 28
683 1129 -28
683 681 -8
683 682 -28
684 654 8
684 218 -28
684 714 8
1176 287 -8
1176 728 -28
1176 1174 19
1176 1175 13
287 761 19
287 314 -13
287 258 8
728 729 -19
728 259 -8
728 698 -13
728 758 28
1174 286 13
1174 1173 -28
1175 289 -19
1175 1204 19
1175 1146 -8
824 822 -8
824 823 28
824 347 8
824 826 -19
824 1268 13
822 820 -13
822 345 -8
822 821 -8
823 793 28
823 350 13
823 853 -19
347 318 19
347 1239 -13
826 349 8
826 828 -13
1268 1298 -19
1268 1238 19
1279 1281 8
1279 1277 -19
1279 831 -19
1281 1280 -28
1281 388 -8
1281 1283 -8
1277 384 19
1277 1276 -8
1277 829 -19
318 794 13
318 319 -13
318 290 8
318 1209 8
1239 791 -28
1239 1241 19
1239 1238 13
172 170 13
172 1052 -19
635 633 8
635 1081 28
635 637 -19
635 169 -8
1242 1212 8
1242 354 19
1242 1243 -8
1212 769 -28
1212 1213 19
1212 1182 -13
354 353 8
354 356 -28
354 827 8
354 352 28
1243 1245 28
1243 1241 28
1243 795 13
1243 351 13
722 255 8
722 723 -19
722 692 -28
722 1170 8
722 752 -13
255 254 -13
255 253 19
255 256 19
723 725 8
723 252 19
723 1168 13
692 226 19
692 1141 -13
692 662 28
1170 282 8
1170 1172 13
1170 1169 -28
752 283 13
752 753 -8
1245 797 13
1245 353 8
797 768 -28
797 827 -8
353 830 28
737 736 13
737 1180 13
737 735 -19
737 264 8
736 267 -13
736 766 -19
736 1183 -19
736 706 28
1180 1181 13
1180 1152 28
1180 1210 19
1180 295 -19
735 262 28
735 734 13
735 733 28
264 1153 -19
264 292 -19
264 265 28
254 282 -8
254 1141 -8
254 725 -8
282 755 13
282 283 13
1141 1139 28
1141 1143 -28
725 727 8
725 724 8
1030 150 -8
1030 584 8
1033 149 -13
1033 1032 19
532 534 13
532 979 13
501 952 -28
501 471 -28
501 43 13
982 99 -13
982 981 -19
561 100 -13
561 591 -13
561 1011 -8
400 371 -8
400 1293 19
371 848 -19
371 342 -13
371 1263 -28
1293 1292 13
534 981 28
534 533 -13
981 102 -8
981 951 -28
981 1010 -19
533 503 19
533 563 28
1056 610 -8
1056 1085 -13
1056 175 -13
1056 1026 13
1085 1115 -28
1085 1086 19
1085 202 8
175 638 -28
175 174 28
1026 1027 -8
1026 146 28
1026 997 -28
776 1223 -28
776 777 13
1223 1222 -13
1223 1221 -13
777 779 -8
203 1090 -28
203 204 28
203 673 -28
1090 1088 -19
1090 1092 -19
204 670 13
204 206 8
204 202 13
204 1087 -13
673 675 -13
673 1119 -28
673 671 13
673 672 13
339 338 19
339 341 19
339 811 13
338 814 -19
338 367 -28
338 1229 -8
341 813 13
341 340 28
341 1228 8
811 841 -13
811 1259 -13
811 812 -19
474 13 28
474 472 8
474 921 13
474 476 -13
474 473 19
13 42 13
13 892 19
13 14 8
472 919 28
472 471 19
921 45 -28
921 891 28
921 951 13
921 922 -13
476 923 -13
476 15 -28
473 16 -13
473 443 -19
473 924 13
473 503 8
779 778 -13
779 303 -13
779 1222 8
778 306 13
778 807 19
778 748 -13
303 1193 -8
1222 1192 -8
1222 1252 13
601 1051 8
601 602 -8
601 631 8
601 139 13
601 571 -19
1051 167 -8
1051 1050 -8
1051 1049 -13
1051 1053 -19
602 1048 -28
602 136 -28
602 604 19
602 600 28
631 168 8
631 660 -13
631 1080 -8
139 137 -8
139 1018 8
139 138 -13
139 141 13
571 1021 28
571 572 19
571 110 13
571 541 -19
1298 1299 -8
1298 408 8
1299 1297 -8
1299 405 -28
408 407 28
1193 1192 8
1193 1195 28
789 790 -13
789 317 -19
790 314 -28
790 1234 13
790 788 -8
317 1204 -19
317 319 28
317 316 -19
317 315 19
896 894 -13
896 445 19
16 15 19
16 14 -8
16 891 8
15 894 -13
15 44 -19
14 471 -28
14 12 -28
14 889 13
891 444 -28
891 892 -8
1168 1169 -28
1168 283 8
753 755 -13
753 751 -8
306 1192 -19
306 305 19
305 278 -8
305 1195 -8
305 334 13
845 846 -19
845 815 19
846 1290 -13
846 844 13
815 816 8
586 120 8
586 584 -19
586 585 -19
586 1032 28
120 91 -28
120 121 19
120 149 19
585 123 -28
585 615 -28
1032 1062 13
1032 152 8
1032 1002 -19
91 556 19
91 974 8
91 62 19
121 123 -19
121 119 8
149 150 -28
149 616 -13
900 449 -19
900 902 -19
900 21 8
900 899 19
897 927 28
897 450 8
1198 1228 -28
1198 755 -13
691 221 -13
691 690 28
691 689 -8
221 1108 -13
221 250 -13
221 222 28
221 192 28
690 660 19
690 224 13
690 1139 28
690 720 -19
689 1135 19
689 688 28
100 99 8
100 102 -19
100 979 28
99 564 28
102 563 8
102 101 19
979 1008 -13
830 828 -19
830 1274 -19
830 829 28
122 151 13
122 93 19
122 123 8
151 618 -13
151 152 19
93 558 -8
93 94 -13
93 64 -8
123 1002 -8
66 948 8
66 38 -19
945 498 -13
945 946 -8
945 975 -8
168 166 28
168 170 28
168 167 28
168 1048 -28
166 629 28
166 165 -8
166 164 -19
166 1046 -28
170 1050 13
170 632 -28
170 169 -8
167 633 19
167 194 -8
167 138 28
1048 1049 -19
1048 1018 -28
1186 1158 28
1186 1216 -13
449 450 -28
449 479 8
450 452 -8
479 480 19
479 930 8
479 509 -28
952 951 28
951 504 19
1262 1232 8
1262 373 8
1262 1263 28
1262 1292 8
1232 1233 -28
1232 1202 28
1232 788 13
1292 848 13
638 1088 8
1088 1086 -13
1088 201 28
1088 1087 13
174 145 19
174 201 28
145 146 -13
145 116 -28
201 671 13
201 202 19
412 411 -13
412 414 -8
858 860 28
987 988 -28
987 957 -19
987 1016 13
987 108 -19
539 509 13
539 569 13
539 990 -13
1062 616 -28
616 618 28
616 615 19
1002 556 13
1002 973 8
796 1240 -8
796 320 28
796 795 28
796 794 28
1240 1241 28
1240 352 -19
1240 1210 -8
320 1211 -8
320 349 -28
320 321 -13
320 292 13
795 323 13
795 766 19
794 793 28
794 1238 -19
480 927 28
480 482 28
927 957 -28
927 51 -19
927 928 -19
482 21 -19
482 929 28
482 481 -8
607 577 19
607 636 -19
607 608 19
577 578 8
577 547 -19
636 666 13
636 637 -13
608 142 13
608 1054 8
48 928 -13
48 510 -19
902 23 8
902 451 13
23 52 8
23 24 28
451 452 -19
451 481 -28
42 922 -13
42 504 19
42 43 -19
922 471 -8
922 924 -8
504 503 -28
43 45 -13
43 919 -19
1108 1106 8
1108 658 -8
1108 1110 28
1108 1107 13
1106 1104 19
1106 656 19
1106 1105 -13
658 688 -8
658 629 -19
658 659 28
658 193 -8
1110 660 19
1110 1112 -19
1110 1109 13
1110 223 -13
1107 224 28
1107 1077 -28
1107 661 8
1304 1274 -28
1304 414 -13
1304 860 19
414 413 19
414 416 -8
860 859 -19
860 862 -8
21 50 -13
24 899 -8
24 26 -19
24 481 -19
228 226 19
228 1111 13
724 1172 13
724 256 13
1143 1142 8
155 622 -13
155 156 28
155 1039 13
322 351 19
322 323 28
322 294 8
322 1213 13
351 352 28
351 828 -13
323 1210 8
323 321 -19
294 266 -13
294 769 28
294 1183 -8
294 295 -8
1213 1211 -19
1213 766 28
1213 1215 19
267 266 -8
267 269 -28
267 265 -13
267 1152 -13
266 1155 19
266 238 28
269 738 13
269 1154 28
269 271 13
265 734 19
265 1150 -28
265 263 13
1152 707 13
1152 1123 -28
1152 1153 8
25 54 19
25 26 -28
25 486 -13
903 933 -19
903 456 19
696 666 -28
696 726 8
1142 1113 -19
1142 1171 28
1157 1155 19
1157 708 13
1161 712 28
1161 1160 28
1161 272 28
1158 273 28
1158 1129 -13
388 866 19
388 417 -8
388 389 19
1284 395 28
1284 1314 8
1284 1285 19
1284 840 -19
395 869 -8
395 393 -19
395 397 -19
1314 1315 -19
1314 870 19
1285 392 19
1285 837 8
1285 1287 19
1285 1283 -13
840 839 -19
840 842 -28
840 363 28
840 838 28
660 195 19
660 661 -19
195 1077 -13
195 194 -28
195 193 8
195 197 -13
661 192 19
661 663 -19
661 659 -8
849 1297 -8
72 101 8
72 44 28
343 1235 28
343 820 8
343 314 28
821 791 -28
428 1318 28
751 750 13
751 278 8
748 279 -8
748 1195 -13
960 78 -13
960 509 -8
960 959 13
960 962 28
957 510 28
1083 1054 13
1083 1113 -8
1083 637 13
1054 1024 19
446 445 28
446 444 -28
446 893 13
444 442 -28
444 443 19
893 894 -8
893 923 8
615 152 13
674 675 -28
674 704 -19
674 1124 -19
712 245 13
712 682 13
245 1129 -8
245 244 19
245 247 -8
682 652 -8
682 216 19
682 1132 28
1211 764 13
1211 1210 19
1211 1209 -19
764 734 13
764 793 8
764 293 13
764 765 13
1210 767 -19
1209 1208 -8
1209 1207 -28
1209 762 19
1024 578 -28
1024 1025 19
1024 995 28
578 576 -19
578 113 19
1025 142 19
1025 1023 19
995 996 28
995 965 28
995 548 -8
1011 1010 -13
1011 1013 19
1008 1038 28
224 223 -28
224 222 -19
224 226 -19
223 252 -8
223 194 -8
222 220 -8
222 688 13
222 1105 -19
226 1109 -19
1135 1105 19
1135 251 28
1105 659 13
251 250 -8
251 253 19
498 496 -19
498 36 -19
496 494 8
496 34 -8
496 943 28
36 64 13
36 37 13
36 916 -19
1246 1276 8
1246 1216 8
355 384 -8
355 356 8
1112 662 13
1112 1111 28
39 37 19
39 38 -19
37 35 8
37 913 8
38 9 -13
38 918 19
869 870 8
869 839 -19
870 392 -19
870 872 28
870 868 -28
839 809 -19
839 1287 -19
839 366 8
273 271 -13
273 272 -13
272 244 13
272 299 -19
872 871 -28
872 1316 -13
1287 1286 -8
1287 1289 8
365 366 -19
365 1257 -28
365 842 19
463 433 28
463 464 28
463 914 -28
463 493 19
463 6 13
433 434 -8
433 884 8
464 3 -8
464 911 -8
914 34 8
914 916 19
914 913 -8
914 912 -28
493 494 -28
493 35 -28
493 944 -28
6 8 -28
6 5 -28
6 4 13
6 881 19
1290 1260 -13
1260 1261 -13
1260 1230 13
1260 816 -19
552 87 8
552 550 -19
87 116 -8
87 59 13
87 88 -28
87 970 19
550 997 -13
550 86 8
378 349 -19
378 407 -8
827 828 28
81 83 -8
81 541 8
81 959 -8
78 50 28
78 107 -28
974 973 -28
974 972 8
975 96 -28
820 1264 -8
346 345 -19
346 1234 -13
964 513 28
964 82 19
964 963 28
964 966 -19
964 962 -28
513 514 -28
82 54 -19
82 111 -19
82 83 13
963 516 -19
963 85 13
963 993 28
963 933 -19
966 84 -19
966 515 -13
966 965 -8
962 511 13
452 899 13
899 929 28
688 1138 8
1215 768 13
250 278 -19
250 1138 -19
278 279 19
1138 1139 8
732 733 -13
732 702 19
732 263 -13
732 762 -28
732 1179 19
733 260 -13
733 1177 -28
702 1151 13
702 672 19
702 703 -28
263 262 -28
263 1148 -28
762 791 13
762 763 8
762 291 -8
1179 290 -13
1179 1181 13
1111 1081 13
503 45 8
1252 1282 28
1252 1253 -8
1252 364 8
810 809 8
810 334 13
810 812 13
807 837 13
807 1255 -28
437 438 8
437 888 -28
10 9 -28
10 8 -19
10 885 28
10 12 8
918 917 28
918 916 13
45 44 13
44 924 19
334 363 13
917 887 8
9 888 -19
888 886 28
888 890 -8
888 887 13
1264 1234 -19
279 277 8
930 929 28
930 50 -13
930 928 -19
929 53 -19
929 959 -13
50 512 -8
50 51 8
576 111 8
576 574 -8
576 1022 19
111 112 -28
111 140 13
111 994 -8
574 572 19
574 1020 -8
574 573 -28
574 109 -19
1022 1052 -13
1022 993 19
1022 1023 -8
892 894 -8
892 441 -28
892 890 8
654 1104 28
654 189 19
654 655 28
654 625 19
218 220 8
218 216 -8
218 1101 13
218 217 8
714 715 -19
714 247 -8
714 744 19
894 443 28
96 94 -28
94 973 19
656 627 13
656 191 8
656 657 28
628 626 8
628 1074 8
628 627 -28
628 161 -8
628 630 -28
626 625 -28
626 159 -19
1074 1044 -28
1074 191 8
627 597 13
627 1076 -13
627 164 -28
161 188 -13
161 1045 -8
161 162 19
630 629 -8
630 163 8
356 829 -19
766 767 28
766 295 -13
1183 1182 -8
1183 1181 8
706 1155 13
706 707 13
706 239 -8
706 676 -13
1221 774 -13
738 768 -28
738 708 13
768 769 -28
708 709 -28
708 678 13
708 241 -19
563 593 13
563 1013 8
563 564 28
997 967 -13
967 968 -28
967 520 8
967 937 13
967 88 19
1139 252 -19
923 924 8
969 522 13
969 90 -8
969 970 19
1104 217 -28
1104 1102 8
217 188 -8
1102 1100 28
1102 652 19
1102 1101 -28
791 319 8
319 321 -19
936 935 -19
936 485 13
936 934 -19
935 905 28
935 965 -13
485 455 8
485 486 8
485 515 -28
934 54 28
934 933 -8
1228 1258 19
1228 1229 8
755 757 -13
720 750 28
720 1169 -28
720 253 -28
29 908 -28
29 58 28
29 490 -8
29 0 13
908 907 -19
58 86 -28
58 520 13
58 938 -13
490 489 19
490 937 8
490 492 28
0 460 13
0 878 8
290 262 8
290 291 -8
290 765 19
101 130 -13
1080 1082 -8
1080 194 13
1080 1079 -13
1080 1078 -28
1155 1154 -19
1155 1153 13
1154 1182 -8
1154 1125 -13
1154 709 13
1153 1151 -8
1153 704 -8
262 1151 13
262 234 28
1151 1150 8
1151 1149 -19
234 705 -13
234 205 -8
234 1122 13
988 990 -28
988 105 28
990 989 -13
990 107 8
990 992 19
105 570 13
105 134 19
105 106 8
948 946 -8
633 1079 -19
633 632 28
1079 1050 -28
1079 1109 -13
1079 197 8
632 1082 -13
632 603 -19
632 662 19
1053 169 19
1053 1052 -28
1053 603 8
194 663 28
138 109 -19
138 1021 -28
138 604 8
1050 604 -19
1050 1020 28
169 140 -8
169 196 -13
744 774 -28
1234 1235 -13
1234 1204 28
442 441 -19
442 889 -13
442 440 -19
441 471 -13
889 919 -13
889 890 -13
440 439 -8
440 887 8
440 438 28
1207 316 28
1207 1205 -8
763 761 19
763 288 -28
763 765 -19
1177 1148 -28
1177 291 8
1077 1078 -13
494 32 -19
494 492 -13
494 941 13
32 3 28
32 912 19
492 30 28
492 491 -19
941 971 -8
941 942 13
941 63 -8
941 911 8
1109 663 -13
302 774 -28
774 803 -8
35 911 8
35 34 13
911 881 -28
911 912 28
34 5 -19
34 62 -13
238 709 -28
238 209 -19
238 1126 -28
238 239 -28
933 486 28
933 57 -13
456 455 -8
456 458 -19
943 973 -8
943 944 -28
943 913 19
844 842 8
844 367 28
844 1288 -28
842 1286 -13
842 841 -28
367 368 -8
367 1259 19
1288 1318 19
1288 1289 -19
1288 1258 28
1129 1099 -8
1160 715 -19
1286 397 -28
1286 1316 -8
1286 1256 -28
397 871 -13
1256 1257 -19
1256 368 -8
1256 812 -8
510 512 13
510 509 -28
345 316 13
86 968 8
86 115 8
968 970 28
420 418 -28
420 1310 8
420 419 28
420 422 -13
418 417 28
418 416 -8
1310 866 19
1310 1280 -8
419 1313 -19
419 390 13
422 1312 -13
422 421 -8
971 524 -28
971 972 19
524 522 8
972 521 -28
972 89 13
972 970 -13
769 767 28
252 253 -19
707 709 28
707 705 13
705 1150 13
705 704 19
705 703 19
140 141 8
140 1023 -8
1052 1081 8
604 603 -8
871 841 -19
841 1289 8
841 368 -13
142 113 -8
141 603 13
141 1020 -8
465 8 8
465 916 13
465 435 28
8 883 -13
435 886 -28
435 436 13
89 90 -8
556 558 -8
761 759 8
761 1204 28
759 286 -13
759 758 -28
1204 1205 -8
30 1 8
30 59 8
30 31 -8
912 461 19
459 489 13
459 460 -19
459 2 19
459 429 28
62 63 13
62 944 19
1082 1081 13
1082 196 28
196 197 19
1044 598 19
1044 1014 28
1044 164 -13
1044 1045 13
598 597 19
598 596 19
598 600 -28
164 163 -28
164 162 8
1045 1043 -8
1045 1047 28
240 211 -19
240 1128 -28
240 241 13
734 704 19
734 1181 -19
704 237 13
1181 292 13
241 1125 28
241 239 -28
1127 681 -8
1127 1097 -13
1127 1128 -13
1233 342 19
1233 1235 13
342 313 19
431 432 19
431 461 28
431 882 -8
432 434 -8
432 430 28
461 491 -19
461 4 -13
882 881 -19
882 884 8
882 880 -19
882 3 -28
1132 244 19
12 887 -13
439 890 -8
545 85 19
545 515 28
545 996 -28
114 113 28
114 112 8
114 993 8
522 520 28
522 59 19
522 521 19
520 519 19
59 940 -28
59 60 -8
521 61 -13
521 491 28
481 511 -19
52 514 28
52 53 -8
113 996 -19
113 84 -8
996 994 28
84 85 19
84 548 13
767 292 13
767 765 -19
292 293 -19
765 1208 -19
663 662 -28
597 567 -28
597 1047 8
1076 190 -8
1076 1078 13
197 662 -28
629 599 8
629 1078 -8
163 1047 -8
163 134 8
163 190 -13
1189 299 -13
1150 1121 -8
1121 675 -8
1121 1122 13
1121 237 -19
1047 1049 13
1047 1046 13
134 600 -28
134 1017 8
190 659 -13
190 191 -28
313 1203 -8
313 788 -13
313 286 -13
1227 780 -28
1227 1229 28
1020 1021 -8
1241 793 -19
1241 349 8
1238 350 -13
1238 1208 28
729 257 8
729 1173 13
258 259 28
258 1147 19
438 436 28
438 885 -28
1202 315 -8
1202 1173 28
1202 1203 28
315 314 -19
1173 1144 28
1203 1205 28
657 188 13
657 655 19
657 659 -13
64 946 -13
489 31 19
489 940 13
489 519 8
31 907 13
940 942 13
940 938 -19
519 970 8
519 60 -8
793 321 13
321 1208 -8
625 162 19
596 1042 8
596 594 19
596 130 28
1 2 13
1 880 -8
363 1255 8
363 392 19
363 364 13
838 837 8
838 1282 -19
838 361 8
349 350 19
1125 679 -28
1125 1126 13
106 567 8
106 108 -13
603 573 -19
885 886 8
1261 813 19
1261 1259 13
813 814 -19
813 784 -13
1259 1257 -8
1259 1258 19
350 352 -8
937 907 -8
937 938 19
937 60 -8
88 90 13
416 1306 -28
946 944 -19
944 942 -19
511 53 -28
511 541 -19
511 512 28
53 51 13
541 992 -13
512 959 -13
512 514 13
1315 421 13
1315 1313 13
1315 867 8
5 884 -13
192 165 -8
192 1078 -28
192 193 -8
136 165 -8
136 137 8
136 1019 -13
136 107 8
600 599 8
600 1046 -13
1123 239 -13
1123 1093 13
1123 1124 -13
239 237 13
1093 210 -19
1124 1122 28
1124 1126 -8
314 1205 28
137 599 -8
137 1016 8
1018 572 -19
1018 989 13
1018 1019 -13
316 288 28
1313 865 -19
1313 1312 28
390 868 -19
390 361 -13
390 391 -8
390 1283 -8
189 188 -19
189 187 13
189 191 13
655 1101 -8
655 653 19
1312 868 13
1312 1282 19
421 392 -28
517 547 -28
517 487 13
517 518 -19
547 548 -13
487 457 19
518 965 -8
518 516 28
676 210 -28
676 646 28
676 1126 13
613 150 13
209 210 -8
209 1096 8
209 679 8
1126 1128 -19
1099 1100 28
1099 216 -28
1099 653 -13
1099 1070 -8
289 288 -13
289 291 -8
288 260 8
260 1149 -8
866 868 -8
866 864 -8
866 865 -28
868 867 -28
864 862 28
864 863 8
865 835 -28
865 391 -8
51 509 -19
392 393 -13
837 867 8
837 364 -28
1283 835 -28
1283 1282 -8
295 293 -8
675 205 13
205 206 13
205 1092 -8
162 160 -28
162 1042 -19
715 244 8
1023 1021 8
1023 573 19
434 881 19
434 436 13
884 883 -19
884 886 -28
61 63 -13
61 60 -28
491 942 -19
393 1282 -13
393 867 -28
393 391 28
3 4 13
591 621 19
621 650 -28
621 622 28
4 2 -19
599 1049 -8
599 569 -13
1149 1148 -13
1149 1147 -13
165 1049 -8
681 679 -28
681 211 28
679 678 19
211 212 8
211 1098 -8
1119 1148 19
1148 703 13
809 780 28
809 1257 8
366 368 -19
366 364 8
567 1017 8
368 370 19
1230 1231 28
1230 786 -19
816 340 -13
816 814 -13
1147 1145 -19
1147 698 -13
1147 1146 8
757 756 -8
757 284 -28
650 1100 -8
1100 1098 -19
191 193 -13
672 206 -28
672 1122 -13
703 701 -28
214 216 13
214 212 -28
214 1097 8
212 210 -28
212 678 13
1097 1098 13
1097 1068 28
109 110 -28
109 992 8
1021 1019 -19
573 112 19
859 829 28
384 862 13
384 413 -13
862 1306 -19
1280 391 19
391 389 19
1019 1017 28
1019 569 19
678 1128 -13
1205 758 19
814 812 8
814 1258 8
784 1231 28
340 1231 -28
1231 1229 28
291 293 13
460 907 -13
907 877 8
361 1253 19
883 436 -8
883 913 -8
618 620 13
620 622 13
620 619 -13
257 1145 -13
257 229 13
257 286 -19
593 1043 8
593 594 8
1043 1042 -28
1043 159 19
594 1040 -8
1096 646 -8
1096 1098 8
572 570 -8
572 107 19
570 1016 -28
570 569 19
107 108 -13
1145 1144 -13
1144 259 -28
1144 1115 -28
1144 699 28
1070 1040 28
1070 187 -28
622 1068 8
750 780 13
160 159 -8
160 1040 -19
159 130 -13
1040 1010 13
1046 1016 8
430 877 19
430 429 -8
457 458 13
569 108 -28
112 110 8
993 994 28
285 284 13
285 283 -28
1276 1306 -13
1276 387 28
387 389 -28
652 187 19
652 653 -8
756 726 28
726 727 19
1255 1253 19
1255 1257 -19
1016 1017 -8
130 1013 -28
1171 1172 -28
1171 727 -8
1172 284 19
863 389 13
877 878 -8
877 2 19
878 880 -19
959 989 8
514 516 8
429 880 -8
1258 370 -8
989 110 13
110 108 28
587 1037 19
619 156 -19
1037 1039 8
698 699 13
516 515 19
516 54 -19
1010 564 -28
992 994 -28
1115 669 13
699 701 8
699 229 -8
1146 701 19
1038 1068 -19
1038 1039 -28
670 671 -13
150 152 19
515 57 8
85 83 -19
671 669 8
905 458 -8
