1249 1248 -13
1249 357 -13
1249 1247 28
1249 1251 -13
1249 801 -28
1248 360 19
1248 1218 -8
1248 1278 -13
1248 804 28
357 834 28
357 386 13
357 328 -13
357 358 13
1247 1245 -8
1247 355 -13
1247 799 -13
1247 1246 -19
1251 359 -19
1251 803 -8
1251 1253 13
1251 1250 19
801 772 28
801 802 -13
801 329 -8
801 831 13
157 1041 -19
157 184 -19
157 624 -8
157 158 -19
157 128 8
1041 591 19
1041 1040 28
1041 1043 -13
1041 1039 28
184 213 -28
184 185 -8
184 653 13
184 1071 -13
624 626 19
624 623 8
624 1070 -28
624 622 -28
158 160 -13
158 621 -8
158 156 28
158 1038 13
128 129 13
128 594 8
128 1011 19
128 99 -19
741 268 8
741 739 8
741 740 -28
741 743 13
741 1184 28
268 269 -13
268 240 -8
268 1157 -28
268 296 13
739 737 -19
739 738 28
739 266 8
739 1182 28
740 710 -13
740 770 19
740 1187 13
740 271 19
743 270 -28
743 745 8
743 1186 -8
743 742 8
1184 298 -8
1184 1156 -8
1184 1214 -28
1184 1185 13
447 448 -19
447 477 -8
447 898 -28
448 895 13
448 446 8
448 450 -19
477 20 -28
477 928 -28
477 507 19
477 478 -13
898 896 28
898 19 -19
898 900 28
898 897 -19
401 402 8
401 372 -19
401 1295 8
402 404 -28
402 1292 28
372 850 -8
372 343 -19
372 1265 19
372 373 -13
1295 1294 19
1295 1297 -8
1295 1293 28
1295 847 -28
404 406 -13
404 1294 8
404 403 13
406 408 13
406 1296 8
406 405 -19
1294 850 19
1294 1264 8
403 1297 -28
403 374 28
535 505 -13
535 986 28
535 536 28
535 565 -19
535 75 8
505 956 28
505 475 28
505 506 -8
505 47 -28
986 103 13
986 988 -28
986 984 -8
986 985 -28
536 538 -13
536 983 -28
536 534 -19
536 72 8
565 566 -13
565 1015 -13
565 595 13
565 104 -19
75 77 8
75 73 19
75 953 -8
75 74 8
1061 611 8
1061 1059 -8
1061 1060 28
1061 1063 19
611 640 -8
611 581 13
611 612 -8
611 148 -13
1059 174 19
1059 1058 28
1059 1057 -8
1059 609 13
1060 178 -19
1060 614 28
1060 1030 8
1060 1089 -28
1063 1062 8
1063 177 -19
1063 1065 13
1063 613 8
173 144 -28
173 639 -13
173 1057 -8
173 200 28
144 1027 -13
144 115 8
144 610 13
639 638 -13
639 1085 28
639 641 -13
1057 1056 13
200 229 -8
200 669 28
200 1086 -28
1300 856 -28
1300 410 19
1300 1270 -28
1300 1301 8
856 855 28
856 858 13
856 378 -19
856 854 8
410 408 -13
410 412 -13
410 409 13
1270 1240 -8
1270 826 -19
1270 1271 13
1270 381 19
1301 1303 -13
1301 1299 8
1301 407 28
1301 853 -28
27 488 -13
27 906 -8
27 56 -28
27 28 13
488 487 -13
488 486 8
488 935 28
906 904 -8
906 455 -19
906 905 13
56 936 28
56 518 13
56 57 -8
56 84 -19
28 903 -13
28 485 8
28 26 -28
538 74 19
538 985 8
538 537 -13
538 540 19
74 956 13
74 46 8
985 955 -8
985 1014 -19
985 106 8
537 77 -28
537 988 -19
537 507 -19
537 567 8
540 987 13
540 539 -19
540 76 28
540 542 19
499 41 13
499 950 8
499 529 -28
499 500 -19
499 469 28
41 40 28
41 39 -8
41 43 -28
41 917 13
950 952 -28
950 68 -28
950 949 -28
950 948 13
529 559 -19
529 980 -19
529 530 8
529 69 13
500 498 28
500 947 -13
500 38 13
500 502 19
469 470 -19
469 12 28
469 439 28
469 920 -28
1001 999 28
1001 118 28
1001 1000 -19
1001 1003 -13
1001 551 19
999 998 28
999 549 19
999 116 -28
118 147 13
118 89 28
118 119 -13
118 584 13
1000 971 -19
1000 554 28
1000 1030 13
1000 121 -19
1003 553 8
1003 120 -8
1003 1002 -8
1003 1005 -8
551 552 13
551 521 -28
551 581 13
551 90 8
1303 409 -8
1303 1302 -13
1303 1305 -28
1303 855 13
409 380 -19
1302 412 -8
1302 858 -19
1302 1272 -19
1305 1304 -19
1305 1307 -28
1305 857 19
1305 411 28
855 381 -13
855 825 -13
207 677 -8
207 236 19
207 208 -28
207 1094 -28
207 179 -19
677 1123 -28
677 675 -28
677 676 28
677 679 -19
236 707 19
236 264 19
236 1124 -28
236 237 28
208 674 19
208 210 -8
208 206 -28
208 1091 -13
1094 644 19
1094 1096 -19
1094 1092 8
1094 1093 -19
179 647 19
179 151 -28
179 1065 8
783 1226 -19
783 785 19
783 782 13
783 781 19
783 307 28
1226 339 -8
1226 1196 8
1226 1227 13
1226 1256 -28
785 309 8
785 1228 -28
785 786 -28
785 784 -19
782 310 8
782 752 -8
782 811 -13
782 1229 8
781 1224 -13
781 779 -13
781 305 28
781 780 -8
307 308 -13
307 336 -28
307 280 13
307 1197 -28
605 634 8
605 575 19
605 1055 19
605 143 8
605 606 28
634 664 -28
634 172 -8
634 635 13
634 1084 28
575 576 8
575 545 -13
575 114 -13
575 1025 28
1055 1053 8
1055 171 -28
1055 1054 -13
143 142 -19
143 141 19
143 1022 -13
606 140 8
606 1052 -8
606 604 -13
606 608 -13
1201 754 -19
1201 1200 -19
1201 1199 28
1201 311 -19
754 755 19
754 784 -8
754 724 -8
754 285 8
1200 1171 19
1200 1230 28
1200 757 19
1199 752 -13
1199 1197 -19
1199 1198 -13
1199 309 8
311 340 28
311 786 8
311 312 -28
311 284 -19
308 310 8
308 306 -8
308 780 13
308 1194 13
336 365 28
336 337 13
336 812 -28
336 1227 -19
280 1169 -13
280 252 8
280 281 -13
280 753 28
1197 1196 -13
1197 1195 28
1197 750 -28
40 920 13
40 11 19
40 502 -13
40 68 -13
920 919 -8
920 922 13
920 918 13
11 12 28
11 890 -8
11 472 28
502 504 -28
502 949 -19
502 501 -13
68 97 28
68 69 28
68 532 13
20 18 -19
20 895 28
20 22 -28
20 19 8
18 16 19
18 475 13
18 893 13
18 17 13
895 925 19
895 896 -8
22 479 -8
22 21 19
22 897 -13
22 24 -28
19 480 -13
19 48 19
310 309 -13
310 312 13
310 1196 19
309 282 8
309 338 19
312 1198 -19
312 784 19
1196 1168 -13
1196 753 28
274 1163 8
274 747 -28
274 275 19
274 246 -28
274 301 -13
1163 1165 8
1163 1161 -8
1163 714 28
1163 1162 13
747 749 -13
747 1190 -19
747 746 -28
747 745 28
275 273 13
275 744 -19
275 277 8
275 1160 8
246 1134 28
246 717 28
246 247 13
246 217 -19
301 302 -13
301 1191 -19
301 330 -19
301 777 8
590 592 -8
590 589 -8
590 588 -28
590 124 13
590 1036 19
592 126 -28
592 591 19
592 594 -19
592 1038 8
589 127 8
589 559 28
589 619 -13
589 1039 -8
588 1034 -28
588 586 -28
588 122 28
588 587 -19
124 1007 -13
124 95 13
124 153 -8
124 125 -13
1036 1037 13
1036 1066 19
1036 1006 28
1036 156 -8
1007 1005 -19
1007 1009 -8
1007 1006 -19
1007 557 -13
95 96 13
95 66 28
95 978 -8
95 560 19
153 620 28
153 1037 -19
153 154 -8
153 180 -28
125 127 -28
125 123 13
125 587 19
125 1004 -13
925 478 -8
925 955 -19
925 926 28
925 49 -13
478 480 -13
478 476 -8
478 17 -13
955 956 19
955 77 28
955 508 -28
926 46 19
926 924 -28
926 475 -28
926 928 28
49 47 -13
49 507 -28
49 48 -28
49 51 -28
1166 1194 19
1166 1167 -8
1166 1137 8
1166 281 28
1166 721 13
1194 1224 8
1194 1195 -19
1194 751 -28
1167 1165 -13
1167 718 19
1167 1169 -13
1167 278 8
1137 691 13
1137 1138 19
1137 1107 -8
1137 253 13
281 279 -8
281 750 -28
281 283 -19
721 719 -13
721 250 8
721 720 -28
721 723 19
553 92 8
553 583 -8
553 554 -13
553 523 -19
92 971 8
92 91 -13
92 94 -13
92 90 -28
583 613 -8
583 584 28
583 1033 28
583 121 19
554 552 19
554 89 19
554 556 -8
523 524 8
523 63 8
523 493 -13
523 974 -28
695 697 28
695 693 19
695 694 28
695 225 8
695 1140 13
697 696 19
697 1142 -13
697 227 -19
693 691 28
693 223 -13
693 692 28
694 664 -8
694 228 -13
694 724 -19
694 1143 19
225 254 28
225 226 -19
225 1112 -8
225 196 -8
1140 1141 28
1140 1111 13
1140 256 -13
834 833 -13
834 1278 -8
834 832 -13
834 836 13
833 360 8
833 803 -8
833 863 28
833 1281 8
1278 1279 13
1278 1308 13
1278 389 13
832 831 8
832 1276 -28
832 830 13
832 355 -13
836 359 19
836 835 -28
836 1280 8
836 838 -28
127 126 13
127 1006 -13
127 129 -28
126 97 13
126 155 -13
126 1009 -28
1006 977 -13
1006 560 -13
129 591 8
129 1008 -8
129 131 13
386 1279 -8
386 415 28
386 864 -19
386 387 -28
328 329 8
328 1219 -28
328 299 -28
328 804 -28
358 360 13
358 831 -13
358 356 19
358 1246 13
423 394 19
423 424 -19
423 1317 8
394 872 -8
394 1287 19
394 365 19
394 395 8
424 426 8
424 1314 -28
424 422 13
1317 869 8
1317 1316 -28
1317 1315 -19
1317 1319 8
360 359 -28
360 362 -8
359 388 13
359 330 13
362 835 8
362 361 -13
362 1250 28
362 364 -13
909 33 28
909 910 -13
909 939 -13
909 462 -19
909 879 28
33 35 28
33 491 -19
33 32 -13
33 31 -8
910 30 -8
910 908 8
910 912 -8
910 459 8
939 969 13
939 492 8
939 61 -13
939 940 28
462 464 -13
462 460 -13
462 461 -13
462 1 8
879 432 -28
879 880 -28
879 4 28
1267 374 -13
1267 1266 -19
1267 1269 28
1267 819 -8
1267 1265 -19
374 852 8
374 345 -13
374 375 8
1266 377 -13
1266 1236 19
1266 822 -8
1266 1296 28
1269 376 19
1269 1271 -28
1269 1268 -19
1269 821 8
819 789 -28
819 820 28
819 346 19
819 849 13
1265 817 -19
1265 1264 -8
1265 1263 -19
71 69 -13
71 73 13
71 531 13
71 70 8
71 949 -28
69 67 28
69 947 -8
73 72 13
73 533 -13
73 951 -19
531 532 -13
531 501 -28
531 982 -13
531 561 -8
70 534 8
70 952 8
70 42 -8
70 99 -13
949 919 -28
949 979 -28
977 98 13
977 947 13
977 978 28
977 530 -28
98 559 -19
98 97 8
98 100 -13
98 96 -8
947 917 -19
947 948 -13
978 527 28
978 976 13
978 980 19
530 66 13
530 528 -28
530 532 8
643 641 -13
643 645 13
643 1089 19
643 642 -13
641 174 -28
641 640 13
641 1087 -19
645 644 19
645 647 -8
645 1091 -13
645 177 19
1089 1119 28
1089 1090 28
1089 206 -8
642 178 19
642 613 -13
642 1092 28
642 672 8
425 396 19
425 1319 13
425 426 -8
396 367 -28
396 1289 8
396 874 8
396 397 8
1319 871 8
1319 1321 -8
1319 1318 -8
426 428 -13
426 1316 -13
749 1192 8
749 751 -8
749 276 -28
749 748 19
1190 304 28
1190 1162 -19
1190 1220 -13
1190 1191 13
746 716 -28
746 776 13
746 1193 19
746 277 8
745 272 28
745 1188 13
745 744 28
453 483 19
453 904 -13
453 454 13
483 513 28
483 484 -8
483 26 8
483 934 -13
904 902 -13
904 25 28
904 903 13
454 452 -19
454 901 -13
454 456 -8
956 958 28
956 954 19
958 507 19
958 76 -28
958 960 19
958 957 -8
954 952 19
954 72 -19
954 953 8
954 503 13
1218 331 -13
1218 1219 28
1218 1188 13
1218 775 -19
331 333 13
331 329 8
331 803 13
331 330 -8
1219 772 -28
1219 1217 -13
1219 1221 -8
1188 302 -13
1188 1189 13
1188 1160 -13
775 773 -13
775 299 -19
775 777 -19
775 774 -28
178 176 -8
178 177 -28
176 1058 -13
176 175 -28
176 640 28
177 205 8
177 149 28
710 243 19
710 1159 19
710 711 -19
710 680 28
243 242 -28
243 245 -8
243 241 -8
243 1127 28
1159 270 28
1159 1157 -28
1159 1161 -28
1159 1158 -19
711 713 28
711 1156 28
711 709 -28
711 240 -8
680 681 8
680 650 13
680 214 -19
680 1130 -13
644 615 -19
644 674 -28
647 649 19
647 1093 -19
647 646 8
1091 1062 13
1091 1121 28
1091 1092 -8
1067 1066 -8
1067 617 13
1067 1065 -19
1067 1069 19
1067 180 -28
1066 183 -19
1066 620 -19
1066 1095 19
617 618 -19
617 154 28
617 587 -19
617 646 -19
1065 615 -8
1065 1064 -28
1069 619 8
1069 1071 -13
1069 182 -28
1069 1068 -19
180 649 28
180 209 13
180 181 19
1028 1058 -19
1028 582 -8
1028 998 -8
1028 148 -28
1028 1029 28
1058 612 -19
1058 1087 8
582 580 -28
582 116 13
582 581 8
582 584 19
998 552 -13
998 119 19
998 969 -19
148 147 -19
148 146 13
148 150 -19
1029 579 -8
1029 1031 -8
1029 1027 -19
1029 145 -28
242 1130 28
242 213 19
242 713 -13
242 270 -13
1130 1129 -19
1130 1132 13
1130 1128 19
213 214 -19
213 683 28
213 1100 13
713 712 -28
713 1158 -28
713 715 -28
270 297 -8
270 271 -13
544 991 19
544 542 -28
544 80 19
544 546 19
544 543 8
991 1020 28
991 992 -19
991 112 -8
991 961 19
542 989 13
542 78 19
542 541 -19
80 52 19
80 109 -13
80 81 13
80 962 -13
546 82 -19
546 548 19
546 545 -19
546 993 -8
543 513 13
543 573 -19
543 83 28
543 994 28
475 476 28
475 445 -28
506 504 -28
506 953 13
506 508 -13
506 44 -13
47 46 8
47 45 8
47 923 -13
1005 122 -8
1005 1004 19
1005 555 13
1009 559 28
1009 1011 19
1009 1008 8
557 527 -8
557 96 -8
557 587 -19
557 558 -28
1309 415 -28
1309 1311 8
1309 861 28
1309 1307 28
1309 1308 -19
415 416 8
1311 417 13
1311 1310 -8
1311 863 -28
1311 1313 8
861 831 28
861 387 8
861 862 -19
1307 859 -19
1307 413 19
1307 1306 -8
1308 864 19
1308 418 -8
1133 1162 19
1133 687 28
1133 1134 -13
1133 249 13
1133 1103 -13
1162 277 28
1162 717 -8
687 685 8
687 686 -28
687 689 -28
687 217 28
1134 684 13
1134 1136 -8
1134 1132 28
249 716 -28
249 248 8
249 251 -28
249 247 -13
1103 1104 19
1103 220 -28
1103 1074 19
1103 657 -8
800 799 -13
800 1244 19
800 802 19
800 324 19
800 798 19
799 327 8
799 770 -19
799 829 28
1244 1245 13
1244 1274 -19
1244 1214 13
1244 356 -19
802 1246 28
802 326 28
802 804 -28
324 353 -28
324 1215 -28
324 325 28
324 296 -13
798 1242 -28
798 796 -19
798 322 19
798 797 -19
46 508 -8
46 17 13
508 507 -8
508 510 -13
17 896 -28
1118 668 19
1118 1116 13
1118 1120 8
1118 1117 28
1118 230 -13
668 638 -8
668 698 13
668 669 13
668 202 13
1116 229 13
1116 1115 -28
1120 1119 13
1120 670 13
1120 1122 -19
1120 232 -13
1117 233 -19
1117 671 -13
1117 1146 8
1117 1087 19
230 258 -28
230 701 -13
230 201 -19
230 231 19
327 326 28
327 329 8
327 325 8
327 1214 -13
326 297 19
326 1217 -19
326 355 -28
329 1216 13
325 797 -13
325 1212 -28
325 323 -8
1214 1215 28
1214 771 19
931 484 -13
931 932 -8
931 55 28
931 901 -13
931 961 19
484 482 -13
484 486 28
484 23 -19
932 930 13
932 481 -13
932 52 28
932 934 -19
55 513 -28
55 54 28
55 53 13
55 57 -28
901 902 13
901 26 19
961 962 8
961 83 28
961 514 13
852 854 19
852 851 -8
852 850 -28
852 1296 -28
854 1298 -28
854 376 19
854 853 -13
851 377 -13
851 1299 -13
851 821 -28
850 848 19
850 849 8
1296 1297 -28
559 560 -8
560 558 -13
560 562 -8
298 770 19
298 297 8
298 300 -8
1156 1127 8
1156 271 -8
1156 1157 -28
1185 738 19
1185 1183 -8
1185 1187 28
1185 296 19
133 595 19
133 132 -19
133 135 -19
133 131 -8
133 1012 8
595 1045 -28
595 625 28
595 596 8
132 103 19
132 598 8
132 1015 -8
132 161 -13
135 597 -28
135 1014 -28
135 137 -28
135 134 -28
131 593 -19
131 1010 -13
131 130 13
1012 983 8
1012 1013 8
1012 566 28
1012 1042 -13
664 199 -8
664 1114 13
664 665 -28
199 198 -8
199 197 -13
199 1081 -28
1114 227 -8
1114 1113 19
1114 1112 8
665 667 19
665 663 -13
665 1111 19
665 196 -13
377 375 13
377 376 28
377 379 8
375 1264 8
375 849 28
375 373 -13
376 347 8
376 405 13
379 853 8
379 1268 13
379 381 19
379 378 -8
97 562 28
97 980 13
562 561 28
562 1008 8
562 564 -19
980 982 -8
980 979 8
1273 1272 -19
1273 1275 -19
1273 1271 19
1273 825 -19
1273 380 -19
1272 383 13
1272 1242 -28
1272 828 8
1275 1274 8
1275 382 8
1275 1277 -8
1275 827 19
1271 823 -13
1271 378 -28
825 795 -28
825 352 -8
825 826 -19
380 858 -8
380 381 13
380 351 19
77 76 -28
77 79 -8
76 48 -28
76 105 19
79 81 -13
79 78 13
79 957 19
79 539 8
983 953 -19
983 984 -28
983 104 -13
953 923 28
984 982 -19
984 533 13
984 101 13
104 103 -8
104 102 28
104 106 -13
198 227 -13
198 171 -19
198 1084 28
198 667 13
227 228 13
171 172 -13
171 142 -28
171 637 -19
1084 1083 -8
1084 1082 28
667 666 19
667 1113 -28
649 651 -8
649 1095 8
649 648 -28
651 650 -28
651 1097 8
651 182 -13
651 653 8
1095 1125 28
1095 1096 13
1095 212 -28
648 183 13
648 678 -28
648 619 13
648 1098 13
640 1090 28
640 670 -8
581 1031 -8
581 119 28
612 614 -19
612 610 -28
612 145 19
817 818 8
817 787 8
817 344 28
817 847 13
818 1262 -13
818 820 19
818 342 8
787 1235 28
787 315 13
787 758 13
787 788 -28
344 1232 -19
344 346 -19
344 343 13
847 848 -19
847 373 19
1236 1206 -19
1236 348 -19
1236 792 13
1236 1237 19
1206 319 -28
1206 1207 19
1206 763 19
1206 1177 19
348 347 -28
348 350 28
348 346 -28
348 821 -19
792 791 28
792 790 -8
792 316 13
792 794 -19
1237 789 -19
1237 1239 -19
1237 1235 -13
1237 345 13
1224 337 -13
1224 1254 -13
1224 1225 -19
337 339 -8
337 335 -13
337 809 28
1254 1284 -8
1254 1255 19
1254 366 13
1254 810 13
1225 1223 -13
1225 778 19
1225 1227 28
1225 334 -28
183 181 13
183 185 -19
183 182 19
181 1064 13
181 646 -13
185 650 8
185 1068 19
185 187 -19
182 155 13
182 211 -8
716 1165 28
716 717 28
716 686 13
1165 276 8
1165 1164 13
717 719 13
717 715 -28
686 656 8
686 220 -13
686 1136 8
147 1031 28
147 614 -13
1031 1030 -8
1031 1033 -19
614 613 -28
614 616 -19
1073 623 13
1073 1075 -28
1073 1072 -8
1073 186 8
1073 1071 -8
623 593 19
623 160 -19
623 652 -19
1075 188 19
1075 625 -28
1075 1074 28
1075 1076 28
1072 189 -28
1072 626 13
1072 1042 -13
1072 1101 13
186 655 8
186 159 19
186 215 8
186 187 -13
1071 1070 -8
1071 621 -13
719 1164 -19
719 248 -8
719 718 -28
1164 1135 -8
1164 279 8
1164 1192 -13
248 276 -13
248 1136 -8
248 219 -8
718 251 -13
718 748 -28
718 688 8
1034 1004 13
1034 1035 8
1034 1064 13
1034 154 13
1004 558 -28
1004 975 -8
1035 1033 -13
1035 585 -8
1035 1037 28
1035 151 28
1064 618 8
1064 1093 -28
154 156 13
154 152 28
276 303 28
276 277 -13
1136 1135 -28
1136 1138 -8
219 220 19
219 1106 13
219 190 8
219 689 -19
730 700 28
730 760 -19
730 261 8
730 1178 13
730 731 19
700 233 8
700 1149 -8
700 701 -13
700 670 19
760 789 -13
760 761 -13
760 1207 28
760 289 -13
261 260 13
261 263 13
261 259 8
261 1146 8
1178 1176 -13
1178 1177 -8
1178 1179 8
731 729 -28
731 733 8
731 1175 8
731 258 8
525 65 8
525 976 19
525 526 28
525 495 8
525 555 -28
65 67 19
65 63 -19
65 943 19
65 64 28
976 93 -28
976 974 19
976 975 19
526 528 13
526 973 13
526 524 13
526 62 28
495 496 19
495 465 28
495 946 28
495 37 8
555 556 -8
555 585 28
555 94 -28
806 808 -8
806 804 8
806 1250 -28
806 805 -8
806 330 28
808 332 13
808 1252 -13
808 810 13
808 807 -28
804 803 13
1250 1280 -19
1250 1220 19
805 333 8
805 776 13
805 835 28
805 1253 -28
330 1221 -13
233 231 19
233 235 13
233 232 -13
231 1115 -13
231 698 -13
235 1119 19
235 702 -8
235 234 28
235 237 13
232 203 -13
232 260 19
232 703 -13
770 1217 -8
770 771 -19
1217 1216 19
1217 1215 13
771 773 -19
771 769 19
771 296 -19
333 335 -8
333 332 28
333 1220 -28
335 334 19
335 1222 -19
335 807 13
332 303 19
332 1223 13
1220 777 8
1220 1221 -19
873 1321 19
873 843 19
873 399 19
873 874 -8
1321 427 13
1321 1320 13
843 844 -28
843 1291 -13
843 813 19
843 370 13
399 398 -13
399 1288 28
399 397 -28
874 876 13
874 872 13
874 1318 -8
527 528 28
527 67 -13
527 497 19
528 64 8
528 975 28
67 66 28
67 945 28
497 498 -28
497 39 8
497 467 -28
497 948 8
468 466 28
468 915 -8
468 470 8
468 7 8
468 467 13
466 465 19
466 464 19
466 913 -19
466 5 28
915 39 19
915 885 -28
915 945 13
915 916 -13
470 472 -13
470 917 13
470 9 -28
7 36 -13
7 8 -19
7 886 19
467 437 -28
467 10 -28
467 918 -13
297 773 -19
297 1187 19
773 772 -13
773 1216 19
1187 1189 -8
1187 1186 8
876 1320 19
876 875 -28
876 398 8
1320 1290 28
875 845 -8
398 369 -13
398 427 28
398 1291 -8
369 1261 8
369 846 -19
369 340 13
369 370 8
427 428 19
1291 1290 -8
1291 1289 -28
566 568 -28
566 564 -28
566 101 19
1015 1014 13
1015 1017 -13
1015 1013 13
772 742 -28
772 300 -28
742 712 8
742 273 -8
742 1189 8
300 302 19
300 1186 13
300 299 -8
304 776 28
304 303 19
304 306 -8
304 302 13
1191 1193 8
1191 1189 -28
1191 744 -19
383 857 28
383 381 19
383 382 13
383 385 19
857 858 28
857 827 19
382 353 -13
382 860 -19
382 411 28
385 859 8
385 384 13
385 1274 13
385 387 28
103 568 -13
568 1014 -8
568 570 -8
568 567 -8
579 609 -13
579 117 -13
579 580 -13
579 549 -19
609 638 8
609 146 -8
609 610 13
117 997 -13
117 119 8
117 116 -19
580 115 -8
580 1026 -28
549 550 28
549 519 -8
549 88 -19
685 215 -8
685 1131 -28
685 683 -13
685 684 13
215 244 28
215 216 28
215 1102 -19
1131 1160 19
1131 1101 -13
1131 1132 19
1131 247 13
683 1129 13
683 681 19
683 682 8
684 654 -19
684 218 -8
684 714 19
1176 287 8
1176 728 -19
1176 1174 13
1176 1175 -13
287 761 13
287 314 -13
287 258 8
728 729 -13
728 259 28
728 698 -28
728 758 28
1174 286 28
1174 1173 28
1175 289 8
1175 1204 8
1175 1146 -19
824 822 19
824 823 8
824 347 -19
824 826 13
824 1268 19
822 820 28
822 345 13
822 821 -8
823 793 8
823 350 -8
823 853 -13
347 318 -8
347 1239 13
826 349 -8
826 828 -28
1268 1298 19
1268 1238 28
1279 1281 -13
1279 1277 -13
1279 831 -28
1281 1280 -8
1281 388 -19
1281 1283 28
1277 384 28
1277 1276 -8
1277 829 -8
318 794 28
318 319 13
318 290 -13
318 1209 -13
1239 791 19
1239 1241 -19
1239 1238 -8
172 170 -19
172 1052 -28
635 633 19
635 1081 -13
635 637 -19
635 169 13
1242 1212 -13
1242 354 28
1242 1243 -19
1212 769 19
1212 1213 13
1212 1182 -13
354 353 13
354 356 19
354 827 13
354 352 8
1243 1245 -13
1243 1241 13
1243 795 8
1243 351 -28
722 255 -8
722 723 -28
722 692 -13
722 1170 -13
722 752 -8
255 254 -28
255 253 13
255 256 19
723 725 -28
723 252 -13
723 1168 -13
692 226 28
692 1141 -28
692 662 -28
1170 282 -28
1170 1172 -28
1170 1169 -8
752 283 -19
752 753 -8
1245 797 -19
1245 353 8
797 768 -13
797 827 13
353 830 13
737 736 28
737 1180 28
737 735 -8
737 264 28
736 267 28
736 766 8
736 1183 8
736 706 19
1180 1181 8
1180 1152 -28
1180 1210 8
1180 295 28
735 262 8
735 734 -8
735 733 -13
264 1153 -13
264 292 -19
264 265 8
254 282 8
254 1141 -13
254 725 -19
282 755 19
282 283 13
1141 1139 28
1141 1143 -19
725 727 8
725 724 19
1030 150 8
1030 584 -28
1033 149 28
1033 1032 -19
532 534 -13
532 979 -19
501 952 -8
501 471 -8
501 43 13
982 99 -28
982 981 19
561 100 -8
561 591 13
561 1011 -28
400 371 -8
400 1293 -19
371 848 28
371 342 -19
371 1263 -13
1293 1292 28
534 981 8
534 533 8
981 102 28
981 951 8
981 1010 -28
533 503 13
533 563 -28
1056 610 28
1056 1085 -13
1056 175 -19
1056 1026 28
1085 1115 28
1085 1086 28
1085 202 -19
175 638 -13
175 174 -28
1026 1027 28
1026 146 -19
1026 997 19
776 1223 -28
776 777 -19
1223 1222 -28
1223 1221 28
777 779 19
203 1090 -28
203 204 -28
203 673 8
1090 1088 13
1090 1092 8
204 670 8
204 206 13
204 202 -8
204 1087 8
673 675 19
673 1119 -19
673 671 -19
673 672 -19
339 338 -13
339 341 -13
339 811 19
338 814 -8
338 367 13
338 1229 8
341 813 -19
341 340 -19
341 1228 13
811 841 -8
811 1259 -8
811 812 28
474 13 -19
474 472 -8
474 921 -28
474 476 8
474 473 -8
13 42 -13
13 892 -8
13 14 -28
472 919 -19
472 471 -8
921 45 -13
921 891 8
921 951 -19
921 922 -19
476 923 -19
476 15 13
473 16 -13
473 443 -13
473 924 19
473 503 -13
779 778 -19
779 303 -13
779 1222 -19
778 306 8
778 807 13
778 748 19
303 1193 8
1222 1192 -13
1222 1252 13
601 1051 -13
601 602 -8
601 631 28
601 139 19
601 571 -28
1051 167 -8
1051 1050 -19
1051 1049 -13
1051 1053 8
602 1048 13
602 136 -28
602 604 13
602 600 -8
631 168 -19
631 660 -28
631 1080 8
139 137 -8
139 1018 13
139 138 19
139 141 -28
571 1021 -19
571 572 28
571 110 19
571 541 13
1298 1299 -28
1298 408 -13
1299 1297 19
1299 405 13
408 407 -28
1193 1192 -8
1193 1195 19
789 790 28
789 317 8
790 314 -8
790 1234 -28
790 788 -8
317 1204 -19
317 319 -8
317 316 -13
317 315 13
896 894 -19
896 445 -28
16 15 28
16 14 -13
16 891 -19
15 894 19
15 44 -13
14 471 -19
14 12 -13
14 889 19
891 444 -8
891 892 13
1168 1169 -28
1168 283 8
753 755 -28
753 751 -13
306 1192 -19
306 305 8
305 278 -19
305 1195 -19
305 334 8
845 846 28
845 815 -13
846 1290 -8
846 844 -13
815 816 -13
586 120 28
586 584 -8
586 585 -19
586 1032 -19
120 91 8
120 121 -19
120 149 -8
585 123 -19
585 615 28
1032 1062 -13
1032 152 -28
1032 1002 8
91 556 -28
91 974 28
91 62 -8
121 123 -28
121 119 19
149 150 28
149 616 -19
900 449 -19
900 902 8
900 21 13
900 899 8
897 927 13
897 450 -19
1198 1228 19
1198 755 13
691 221 8
691 690 -19
691 689 13
221 1108 28
221 250 19
221 222 13
221 192 19
690 660 -19
690 224 -28
690 1139 8
690 720 8
689 1135 13
689 688 -13
100 99 19
100 102 19
100 979 -13
99 564 13
102 563 -28
102 101 -28
979 1008 8
830 828 -28
830 1274 28
830 829 13
122 151 -13
122 93 -19
122 123 -8
151 618 19
151 152 28
93 558 -8
93 94 19
93 64 19
123 1002 -13
66 948 -28
66 38 -19
945 498 13
945 946 13
945 975 13
168 166 -13
168 170 -13
168 167 -19
168 1048 -13
166 629 -28
166 165 -19
166 164 8
166 1046 -19
170 1050 19
170 632 -8
170 169 8
167 633 28
167 194 -28
167 138 -19
1048 1049 -19
1048 1018 28
1186 1158 19
1186 1216 -19
449 450 -13
449 479 -8
450 452 13
479 480 8
479 930 -13
479 509 13
952 951 -8
951 504 -8
1262 1232 28
1262 373 8
1262 1263 28
1262 1292 8
1232 1233 -13
1232 1202 -8
1232 788 28
1292 848 19
638 1088 19
1088 1086 13
1088 201 28
1088 1087 28
174 145 19
174 201 13
145 146 -8
145 116 28
201 671 8
201 202 -28
412 411 -13
412 414 -8
858 860 -28
987 988 -28
987 957 8
987 1016 13
987 108 -28
539 509 -13
539 569 28
539 990 8
1062 616 -13
616 618 -19
616 615 -19
1002 556 -8
1002 973 -19
796 1240 -19
796 320 -28
796 795 28
796 794 -19
1240 1241 -28
1240 352 19
1240 1210 -28
320 1211 19
320 349 13
320 321 13
320 292 -19
795 323 19
795 766 19
794 793 -13
794 1238 28
480 927 13
480 482 -8
927 957 -8
927 51 19
927 928 13
482 21 -28
482 929 -13
482 481 -19
607 577 13
607 636 -8
607 608 -13
577 578 -19
577 547 -13
636 666 -28
636 637 19
608 142 -19
608 1054 -13
48 928 28
48 510 -19
902 23 -19
902 451 19
23 52 19
23 24 -28
451 452 -13
451 481 -19
42 922 8
42 504 -28
42 43 8
922 471 -13
922 924 -28
504 503 -8
43 45 -13
43 919 19
1108 1106 -19
1108 658 -19
1108 1110 -13
1108 1107 13
1106 1104 -28
1106 656 8
1106 1105 19
658 688 -28
658 629 28
658 659 28
658 193 19
1110 660 -28
1110 1112 13
1110 1109 -28
1110 223 28
1107 224 13
1107 1077 19
1107 661 28
1304 1274 -19
1304 414 -13
1304 860 -8
414 413 -28
414 416 -28
860 859 -19
860 862 -28
21 50 -19
24 899 -19
24 26 8
24 481 28
228 226 19
228 1111 28
724 1172 -8
724 256 -28
1143 1142 -8
155 622 13
155 156 13
155 1039 -8
322 351 -28
322 323 13
322 294 -28
322 1213 -8
351 352 13
351 828 8
323 1210 8
323 321 -8
294 266 19
294 769 -8
294 1183 -13
294 295 19
1213 1211 -19
1213 766 -19
1213 1215 -13
267 266 -13
267 269 -8
267 265 19
267 1152 13
266 1155 -13
266 238 19
269 738 8
269 1154 13
269 271 8
265 734 8
265 1150 19
265 263 19
1152 707 -19
1152 1123 -8
1152 1153 -13
25 54 -28
25 26 -13
25 486 28
903 933 13
903 456 28
696 666 -19
696 726 -28
1142 1113 28
1142 1171 -19
1157 1155 13
1157 708 8
1161 712 13
1161 1160 8
1161 272 -13
1158 273 19
1158 1129 28
388 866 -8
388 417 -13
388 389 19
1284 395 13
1284 1314 -28
1284 1285 13
1284 840 -13
395 869 13
395 393 -8
395 397 -28
1314 1315 19
1314 870 28
1285 392 -28
1285 837 19
1285 1287 -19
1285 1283 19
840 839 8
840 842 13
840 363 -8
840 838 8
660 195 28
660 661 -13
195 1077 8
195 194 13
195 193 13
195 197 -8
661 192 -19
661 663 8
661 659 19
849 1297 13
72 101 13
72 44 -13
343 1235 13
343 820 13
343 314 -13
821 791 13
428 1318 13
751 750 -13
751 278 28
748 279 8
748 1195 8
960 78 28
960 509 8
960 959 -8
960 962 -13
957 510 8
1083 1054 -8
1083 1113 28
1083 637 19
1054 1024 13
446 445 -28
446 444 28
446 893 13
444 442 -13
444 443 -13
893 894 19
893 923 28
615 152 -28
674 675 13
674 704 13
674 1124 -13
712 245 8
712 682 -8
245 1129 -8
245 244 19
245 247 -19
682 652 -8
682 216 8
682 1132 -8
1211 764 -19
1211 1210 -19
1211 1209 -8
764 734 28
764 793 13
764 293 19
764 765 -19
1210 767 -8
1209 1208 -28
1209 1207 13
1209 762 19
1024 578 -8
1024 1025 28
1024 995 19
578 576 -19
578 113 13
1025 142 19
1025 1023 28
995 996 -28
995 965 -13
995 548 -28
1011 1010 28
1011 1013 28
1008 1038 8
224 223 19
224 222 8
224 226 -8
223 252 8
223 194 -28
222 220 8
222 688 -28
222 1105 8
226 1109 13
1135 1105 19
1135 251 -8
1105 659 19
251 250 -19
251 253 -8
498 496 -19
498 36 -13
496 494 13
496 34 -13
496 943 -19
36 64 -28
36 37 -19
36 916 19
1246 1276 -8
1246 1216 -8
355 384 -28
355 356 28
1112 662 19
1112 1111 8
39 37 -28
39 38 19
37 35 -13
37 913 -28
38 9 -19
38 918 -13
869 870 -19
869 839 -8
870 392 8
870 872 -13
870 868 19
839 809 28
839 1287 -28
839 366 13
273 271 -13
273 272 19
272 244 -28
272 299 -13
872 871 -8
872 1316 -28
1287 1286 19
1287 1289 28
365 366 28
365 1257 19
365 842 -8
463 433 19
463 464 13
463 914 -28
463 493 -28
463 6 -19
433 434 -8
433 884 8
464 3 19
464 911 13
914 34 -8
914 916 -13
914 913 28
914 912 -19
493 494 13
493 35 -8
493 944 8
6 8 19
6 5 13
6 4 28
6 881 -19
1290 1260 8
1260 1261 19
1260 1230 -8
1260 816 -19
552 87 13
552 550 8
87 116 13
87 59 -13
87 88 -8
87 970 -13
550 997 -8
550 86 -19
378 349 19
378 407 -13
827 828 -19
81 83 19
81 541 -13
81 959 8
78 50 19
78 107 -19
974 973 -8
974 972 8
975 96 -8
820 1264 -28
346 345 -19
346 1234 13
964 513 -13
964 82 -13
964 963 19
964 966 -8
964 962 -19
513 514 -19
82 54 -28
82 111 28
82 83 -28
963 516 8
963 85 19
963 993 -8
963 933 13
966 84 -19
966 515 19
966 965 -13
962 511 -19
452 899 28
899 929 -8
688 1138 13
1215 768 13
250 278 -19
250 1138 -19
278 279 -8
1138 1139 -8
732 733 19
732 702 13
732 263 -19
732 762 -28
732 1179 -28
733 260 -19
733 1177 -13
702 1151 8
702 672 13
702 703 19
263 262 -8
263 1148 28
762 791 -13
762 763 8
762 291 -8
1179 290 13
1179 1181 19
1111 1081 13
503 45 -19
1252 1282 8
1252 1253 -28
1252 364 13
810 809 -8
810 334 19
810 812 -13
807 837 8
807 1255 -19
437 438 28
437 888 8
10 9 28
10 8 -8
10 885 -13
10 12 19
918 917 19
918 916 -28
45 44 28
44 924 -28
334 363 28
917 887 -28
9 888 19
888 886 19
888 890 13
888 887 -13
1264 1234 -19
279 277 13
930 929 -13
930 50 19
930 928 13
929 53 19
929 959 -13
50 512 8
50 51 -19
576 111 -28
576 574 -13
576 1022 -28
111 112 -8
111 140 -13
111 994 8
574 572 -28
574 1020 -13
574 573 -28
574 109 28
1022 1052 -13
1022 993 -19
1022 1023 -13
892 894 28
892 441 13
892 890 -28
654 1104 -8
654 189 -28
654 655 13
654 625 19
218 220 8
218 216 28
218 1101 -8
218 217 -13
714 715 13
714 247 19
714 744 -19
894 443 13
96 94 28
94 973 -19
656 627 28
656 191 -19
656 657 -13
628 626 28
628 1074 -13
628 627 8
628 161 -13
628 630 -8
626 625 13
626 159 -13
1074 1044 -8
1074 191 -28
627 597 -19
627 1076 -13
627 164 -28
161 188 -28
161 1045 -13
161 162 -13
630 629 -19
630 163 8
356 829 -8
766 767 8
766 295 -19
1183 1182 -19
1183 1181 19
706 1155 19
706 707 19
706 239 28
706 676 -19
1221 774 -19
738 768 28
738 708 19
768 769 13
708 709 28
708 678 28
708 241 19
563 593 -8
563 1013 -19
563 564 19
997 967 8
967 968 -13
967 520 19
967 937 -19
967 88 13
1139 252 -13
923 924 -28
969 522 -8
969 90 19
969 970 -8
1104 217 8
1104 1102 19
217 188 13
1102 1100 -13
1102 652 -8
1102 1101 8
791 319 8
319 321 -19
936 935 8
936 485 -28
936 934 -13
935 905 -28
935 965 -13
485 455 -8
485 486 -13
485 515 -8
934 54 19
934 933 8
1228 1258 19
1228 1229 -13
755 757 -19
720 750 -28
720 1169 -8
720 253 8
29 908 -8
29 58 28
29 490 8
29 0 -19
908 907 8
58 86 8
58 520 28
58 938 -8
490 489 -13
490 937 -8
490 492 28
0 460 -19
0 878 -13
290 262 -13
290 291 28
290 765 13
101 130 28
1080 1082 -28
1080 194 8
1080 1079 19
1080 1078 -8
1155 1154 -13
1155 1153 13
1154 1182 8
1154 1125 8
1154 709 -13
1153 1151 28
1153 704 13
262 1151 -19
262 234 -19
1151 1150 -28
1151 1149 -19
234 705 8
234 205 -28
234 1122 -8
988 990 -8
988 105 -19
990 989 19
990 107 28
990 992 -28
105 570 19
105 134 8
105 106 -8
948 946 -28
633 1079 -28
633 632 -13
1079 1050 19
1079 1109 13
1079 197 -8
632 1082 8
632 603 -28
632 662 -13
1053 169 8
1053 1052 19
1053 603 13
194 663 -19
138 109 13
138 1021 -19
138 604 28
1050 604 -28
1050 1020 13
169 140 28
169 196 -19
744 774 -28
1234 1235 28
1234 1204 8
442 441 -19
442 889 -19
442 440 -28
441 471 -19
889 919 -13
889 890 -19
440 439 -28
440 887 -8
440 438 13
1207 316 -28
1207 1205 -28
763 761 -8
763 288 13
763 765 13
1177 1148 -13
1177 291 -28
1077 1078 -19
494 32 19
494 492 8
494 941 19
32 3 -19
32 912 -8
492 30 13
492 491 8
941 971 -19
941 942 13
941 63 28
941 911 -28
1109 663 -8
302 774 -8
774 803 -8
35 911 -13
35 34 28
911 881 -13
911 912 -28
34 5 -19
34 62 8
238 709 19
238 209 -28
238 1126 13
238 239 19
933 486 -28
933 57 -28
456 455 -13
456 458 13
943 973 -28
943 944 -8
943 913 -13
844 842 28
844 367 13
844 1288 8
842 1286 -19
842 841 13
367 368 -8
367 1259 28
1288 1318 -28
1288 1289 8
1288 1258 13
1129 1099 -28
1160 715 13
1286 397 8
1286 1316 -8
1286 1256 28
397 871 -19
1256 1257 -13
1256 368 -19
1256 812 -8
510 512 -19
510 509 -13
345 316 8
86 968 -8
86 115 28
968 970 -28
420 418 13
420 1310 19
420 419 13
420 422 13
418 417 28
418 416 8
1310 866 19
1310 1280 -13
419 1313 -8
419 390 -13
422 1312 8
422 421 8
971 524 -28
971 972 28
524 522 -28
972 521 19
972 89 8
972 970 -13
769 767 -13
252 253 13
707 709 8
707 705 28
705 1150 13
705 704 28
705 703 8
140 141 19
140 1023 28
1052 1081 28
604 603 -8
871 841 -8
841 1289 19
841 368 8
142 113 28
141 603 19
141 1020 13
465 8 -13
465 916 -13
465 435 -8
8 883 28
435 886 8
435 436 19
89 90 -8
556 558 -19
761 759 -8
761 1204 -19
759 286 -8
759 758 28
1204 1205 -19
30 1 19
30 59 -13
30 31 -19
912 461 -28
459 489 8
459 460 -19
459 2 -13
459 429 -8
62 63 19
62 944 8
1082 1081 -8
1082 196 -8
196 197 -13
1044 598 19
1044 1014 -28
1044 164 8
1044 1045 8
598 597 -28
598 596 19
598 600 -13
164 163 -13
164 162 19
1045 1043 -13
1045 1047 28
240 211 28
240 1128 8
240 241 19
734 704 -8
734 1181 -28
704 237 28
1181 292 -19
241 1125 -13
241 239 -28
1127 681 -28
1127 1097 -28
1127 1128 13
1233 342 13
1233 1235 -13
342 313 -28
431 432 -8
431 461 28
431 882 -13
432 434 -8
432 430 -28
461 491 -13
461 4 -13
882 881 -13
882 884 28
882 880 13
882 3 13
1132 244 8
12 887 8
439 890 -8
545 85 -13
545 515 -19
545 996 28
114 113 -13
114 112 13
114 993 -28
522 520 8
522 59 28
522 521 -13
520 519 -8
59 940 13
59 60 8
521 61 28
521 491 28
481 511 -28
52 514 28
52 53 13
113 996 -28
113 84 -19
996 994 -28
84 85 19
84 548 -8
767 292 8
767 765 8
292 293 28
765 1208 19
663 662 28
597 567 -28
597 1047 -8
1076 190 -13
1076 1078 28
197 662 8
629 599 28
629 1078 13
163 1047 -13
163 134 -19
163 190 8
1189 299 28
1150 1121 28
1121 675 -28
1121 1122 8
1121 237 -13
1047 1049 28
1047 1046 8
134 600 -28
134 1017 -8
190 659 -13
190 191 -13
313 1203 19
313 788 -8
313 286 28
1227 780 28
1227 1229 13
1020 1021 28
1241 793 19
1241 349 -19
1238 350 19
1238 1208 19
729 257 -8
729 1173 -28
258 259 -8
258 1147 -13
438 436 -28
438 885 13
1202 315 13
1202 1173 -8
1202 1203 8
315 314 -28
1173 1144 19
1203 1205 -28
657 188 -8
657 655 19
657 659 -28
64 946 8
489 31 -13
489 940 -28
489 519 13
31 907 28
940 942 19
940 938 -13
519 970 -8
519 60 8
793 321 -28
321 1208 -8
625 162 -28
596 1042 19
596 594 8
596 130 -28
1 2 28
1 880 -8
363 1255 13
363 392 -19
363 364 28
838 837 -13
838 1282 8
838 361 -13
349 350 -13
1125 679 -13
1125 1126 19
106 567 -8
106 108 -13
603 573 13
885 886 -8
1261 813 -19
1261 1259 13
813 814 -8
813 784 28
1259 1257 19
1259 1258 -8
350 352 8
937 907 -13
937 938 -19
937 60 -13
88 90 -19
416 1306 -8
946 944 19
944 942 8
511 53 8
511 541 -8
511 512 -19
53 51 13
541 992 -13
512 959 28
512 514 -28
1315 421 19
1315 1313 19
1315 867 -19
5 884 -13
192 165 -13
192 1078 19
192 193 13
136 165 -13
136 137 -28
136 1019 -8
136 107 -19
600 599 -13
600 1046 -28
1123 239 28
1123 1093 -8
1123 1124 -28
239 237 -28
1093 210 -19
1124 1122 19
1124 1126 -28
314 1205 -28
137 599 13
137 1016 -19
1018 572 -8
1018 989 -13
1018 1019 19
316 288 -8
1313 865 13
1313 1312 19
390 868 8
390 361 -19
390 391 28
390 1283 -13
189 188 13
189 187 8
189 191 -8
655 1101 -8
655 653 -8
1312 868 -13
1312 1282 -28
421 392 8
517 547 28
517 487 -8
517 518 8
547 548 -28
487 457 -19
518 965 -13
518 516 -8
676 210 28
676 646 28
676 1126 -8
613 150 8
209 210 19
209 1096 -28
209 679 28
1126 1128 28
1099 1100 -19
1099 216 -13
1099 653 -8
1099 1070 8
289 288 -19
289 291 13
288 260 19
260 1149 -8
866 868 -8
866 864 -13
866 865 28
868 867 -13
864 862 -19
864 863 13
865 835 28
865 391 -19
51 509 8
392 393 -8
837 867 8
837 364 -28
1283 835 -13
1283 1282 -28
295 293 -13
675 205 8
205 206 -13
205 1092 28
162 160 -13
162 1042 -13
715 244 8
1023 1021 -8
1023 573 13
434 881 -28
434 436 -8
884 883 -19
884 886 28
61 63 28
61 60 -13
491 942 13
393 1282 28
393 867 -19
393 391 19
3 4 13
591 621 -19
621 650 28
621 622 19
4 2 13
599 1049 28
599 569 -28
1149 1148 -13
1149 1147 -19
165 1049 -28
681 679 8
681 211 28
679 678 -28
211 212 19
211 1098 -13
1119 1148 19
1148 703 13
809 780 -8
809 1257 -28
366 368 28
366 364 -8
567 1017 -13
368 370 19
1230 1231 -8
1230 786 8
816 340 -19
816 814 13
1147 1145 -13
1147 698 -8
1147 1146 19
757 756 8
757 284 8
650 1100 28
1100 1098 13
191 193 -19
672 206 19
672 1122 -8
703 701 8
214 216 -13
214 212 -28
214 1097 13
212 210 19
212 678 -13
1097 1098 -28
1097 1068 -19
109 110 -13
109 992 8
1021 1019 19
573 112 19
859 829 19
384 862 -13
384 413 -13
862 1306 -28
1280 391 8
391 389 8
1019 1017 19
1019 569 8
678 1128 8
1205 758 8
814 812 -13
814 1258 19
784 1231 -13
340 1231 19
1231 1229 8
291 293 -19
460 907 -19
907 877 8
361 1253 -28
883 436 8
883 913 -8
618 620 -8
620 622 8
620 619 19
257 1145 -8
257 229 -8
257 286 19
593 1043 -28
593 594 13
1043 1042 8
1043 159 -19
594 1040 -13
1096 646 13
1096 1098 -19
572 570 -8
572 107 13
570 1016 19
570 569 -19
107 108 -19
1145 1144 -28
1144 259 -28
1144 1115 8
1144 699 -19
1070 1040 -28
1070 187 -13
622 1068 -28
750 780 -19
160 159 -19
160 1040 19
159 130 -19
1040 1010 -8
1046 1016 -19
430 877 -28
430 429 13
457 458 -8
569 108 19
112 110 -28
993 994 8
285 284 13
285 283 13
1276 1306 -19
1276 387 -19
387 389 -8
652 187 -13
652 653 -28
756 726 19
726 727 8
1255 1253 28
1255 1257 -13
1016 1017 8
130 1013 -13
1171 1172 -28
1171 727 -28
1172 284 -13
863 389 -28
877 878 -8
877 2 28
878 880 -8
959 989 -8
514 516 -13
429 880 -8
1258 370 28
989 110 28
110 108 13
587 1037 -28
619 156 -13
1037 1039 -19
698 699 8
516 515 19
516 54 -28
1010 564 8
992 994 -13
1115 669 13
699 701 19
699 229 13
1146 701 28
1038 1068 -13
1038 1039 -28
670 671 28
150 152 -13
515 57 28
85 83 8
671 669 -19
905 458 19
