117 592 -13
117 136 -8
117 373 -28
117 118 -19
117 96 19
592 348 -13
592 591 28
592 594 -19
592 590 -28
136 157 19
136 137 13
136 395 -8
136 614 -8
373 375 28
373 372 28
373 613 -8
373 371 -13
118 120 -8
118 370 -28
118 116 8
118 589 -19
96 97 -28
96 351 -28
96 570 13
96 75 -28
459 197 19
459 457 19
459 458 -13
459 461 28
459 697 13
197 198 -13
197 176 28
197 677 13
197 217 19
457 455 -19
457 456 -19
457 195 -19
457 695 -13
458 436 -8
458 700 -13
458 200 -19
461 199 -28
461 463 8
461 699 -28
461 460 28
697 219 -13
697 676 19
697 698 -8
244 245 -28
244 266 -19
244 489 19
245 486 -13
245 243 13
245 247 28
266 20 13
266 511 -19
266 288 13
266 267 -19
489 487 -13
489 19 -8
489 488 19
308 286 28
308 553 28
308 309 -28
308 330 13
308 59 -13
286 531 -19
286 264 28
286 287 13
286 39 8
553 79 -28
553 555 13
553 551 8
553 552 8
309 311 -28
309 550 -28
309 307 8
309 56 19
330 331 28
330 574 -8
330 352 -28
330 80 28
59 61 13
59 57 -28
59 528 -28
59 58 -19
604 360 -13
604 602 -8
604 603 -28
604 606 13
360 382 13
360 338 -19
360 361 -13
360 108 -13
602 126 28
602 601 19
602 600 28
602 358 -19
603 130 -19
603 363 -8
603 581 -19
603 624 -8
606 605 -19
606 129 -28
606 608 28
606 362 -8
125 104 -19
125 381 19
125 600 -8
125 144 -28
104 578 19
104 83 8
104 359 8
381 380 -28
381 620 -13
381 383 28
600 599 8
144 165 19
144 403 13
144 621 -19
311 58 -28
311 552 13
311 310 8
311 313 -28
58 531 -8
58 38 -13
552 530 13
552 573 -19
552 82 28
310 61 19
310 555 -19
310 288 13
310 332 19
313 554 -13
313 312 28
313 60 13
280 33 28
280 525 8
280 302 -13
280 281 -19
280 258 28
33 32 -13
33 31 -19
33 35 -28
33 500 -28
525 527 8
525 52 19
525 524 28
525 523 19
302 324 19
302 547 8
302 303 -8
302 53 -19
281 279 28
281 522 19
281 30 -13
281 283 -28
258 259 19
258 12 -28
258 236 13
258 503 -28
560 558 28
560 86 -8
560 559 -8
560 562 13
560 316 28
558 557 -19
558 314 -28
558 84 -13
86 107 19
86 65 13
86 87 13
86 341 -28
559 538 13
559 319 19
559 581 28
559 89 13
562 318 13
562 88 -8
562 561 13
562 564 8
316 317 19
316 294 19
316 338 -19
316 66 -13
151 411 -28
151 172 13
151 152 28
151 629 19
151 131 -13
411 650 -8
411 409 -13
411 410 -13
411 413 13
172 433 -19
172 193 13
172 651 13
172 173 19
152 408 13
152 154 -19
152 150 -8
152 626 -13
629 386 -28
629 631 -28
629 627 -19
629 628 -13
131 389 19
131 111 8
131 608 13
32 503 8
32 11 -28
32 283 19
32 52 -13
503 502 19
503 505 -19
503 501 19
11 12 19
11 481 19
11 261 8
283 285 8
283 524 8
283 282 -28
52 73 19
52 53 -28
52 305 -13
20 18 -13
20 486 -19
20 19 -8
18 16 19
18 264 8
18 484 8
18 17 13
486 508 -28
486 487 -13
19 269 13
19 40 19
203 683 13
203 465 19
203 204 19
203 182 19
203 222 19
683 685 8
683 681 28
683 440 28
683 682 19
465 467 19
465 703 8
465 464 -13
465 463 -8
204 202 13
204 462 19
204 206 13
204 680 -8
182 661 -13
182 443 19
182 183 8
182 161 -13
222 223 -19
222 704 13
347 349 19
347 346 -28
347 345 -19
347 92 28
347 587 -28
349 94 28
349 348 28
349 351 13
349 589 -28
346 95 -8
346 324 -28
346 368 19
346 590 -8
345 585 13
345 343 8
345 90 -8
345 344 -8
92 566 -28
92 71 8
92 113 -28
92 93 -13
587 588 -28
587 609 28
587 565 -13
587 116 -19
566 564 -19
566 568 8
566 565 -19
566 322 13
71 72 28
71 50 -8
71 545 8
71 325 -8
113 369 -19
113 588 19
113 114 19
113 132 -13
93 95 -28
93 91 -28
93 344 13
93 563 -13
508 267 -8
508 530 -13
508 509 19
508 41 8
267 269 13
267 265 19
267 17 8
530 531 -19
530 61 -28
530 289 -19
509 38 -13
509 507 -28
509 264 8
509 511 19
41 39 19
41 288 19
41 40 8
318 68 8
318 340 19
318 319 8
318 296 19
68 538 -28
68 67 -28
68 70 28
68 66 -13
340 362 -19
340 341 8
340 584 -8
340 89 -13
319 317 -8
319 65 -13
319 321 -8
296 297 8
296 47 8
296 274 13
296 541 -19
95 94 -19
95 565 28
95 97 8
94 73 -19
94 115 8
94 568 -28
565 544 -19
565 325 28
97 348 -19
97 567 28
97 99 8
492 25 -19
492 493 -13
492 514 28
492 251 -19
492 470 -8
25 27 13
25 272 -28
25 24 28
25 23 -28
493 22 13
493 491 -19
493 495 19
493 248 13
514 536 -13
514 273 -8
514 45 -8
514 515 19
251 253 19
251 249 13
251 250 8
251 1 28
470 229 28
470 471 28
470 4 13
55 53 13
55 57 19
55 304 28
55 54 -13
55 524 -8
53 51 28
53 522 -19
57 56 28
57 306 -8
57 526 -28
304 305 -8
304 282 8
304 549 13
304 326 -8
54 307 -19
54 527 19
54 34 -19
54 75 19
524 502 8
524 546 13
544 74 8
544 522 -8
544 545 -28
544 303 -19
74 324 -13
74 73 -8
74 76 19
74 72 -19
522 500 19
522 523 19
545 300 19
545 543 -19
545 547 -13
303 50 13
303 301 -19
303 305 19
385 383 13
385 387 -28
385 624 -19
385 384 -19
383 126 19
383 382 -28
383 622 19
387 386 28
387 389 8
387 626 8
387 129 13
624 646 -28
624 625 -13
624 150 -8
384 130 19
384 362 -8
384 627 -28
384 406 28
467 705 8
467 205 8
467 466 -8
703 225 28
703 682 28
703 704 13
464 442 8
464 706 -19
464 206 13
463 201 -13
463 701 -28
463 462 -28
531 533 -28
531 529 19
533 288 -8
533 60 13
533 532 28
529 527 28
529 56 28
529 528 19
529 284 28
130 128 28
130 129 28
128 601 -19
128 127 13
128 382 13
129 149 -28
129 109 -19
436 179 -13
436 679 8
436 437 13
436 414 28
179 178 28
179 181 -8
179 177 28
179 654 -13
679 199 -8
679 677 -28
679 681 28
679 678 -13
437 439 -13
437 676 28
437 435 -28
437 176 13
414 415 28
414 392 13
414 158 13
414 657 -13
386 364 -28
386 408 19
389 391 8
389 628 -19
389 388 28
626 605 13
626 648 28
626 627 -28
610 609 19
610 366 -13
610 608 -13
610 612 28
610 132 13
609 135 8
609 369 13
609 630 19
366 367 -13
366 114 -8
366 344 28
366 388 -13
608 364 -19
608 607 -19
612 368 -8
612 614 19
612 134 -13
612 611 13
132 391 -28
132 153 -19
132 133 13
579 601 8
579 339 8
579 557 8
579 108 -8
579 580 -19
601 361 -28
601 622 -28
339 337 19
339 84 -13
339 338 8
339 341 13
557 317 -28
557 87 19
557 536 19
108 107 -28
108 106 28
108 110 -19
580 336 -8
580 582 -28
580 578 -28
580 105 -28
178 657 -8
178 157 -19
178 439 28
178 199 -28
657 656 -19
657 659 -28
657 655 -28
157 158 -28
157 417 19
157 635 13
439 438 -8
439 678 28
439 441 13
199 218 13
199 200 -28
264 265 -28
264 242 8
287 285 -28
287 528 8
287 289 28
287 36 19
39 38 13
39 37 8
39 506 19
564 90 13
564 563 -8
564 320 13
568 324 13
568 570 -8
568 567 -19
322 300 19
322 72 28
322 344 -13
322 323 13
660 682 28
660 421 8
660 661 -19
660 185 19
660 638 28
682 206 19
682 443 13
421 419 -28
421 420 13
421 423 -19
421 161 19
661 418 19
661 663 -13
661 659 8
185 442 13
185 184 28
185 183 -28
638 639 -8
638 164 -8
638 617 19
638 399 -28
38 289 19
38 17 -19
289 288 28
289 291 -28
17 487 8
645 402 -8
645 643 -8
645 647 -8
645 644 -13
645 166 8
402 380 -19
402 424 -28
402 403 -19
402 146 -28
643 165 -13
643 642 19
647 646 -19
647 404 -8
647 649 19
647 168 8
644 169 -13
644 405 -19
644 666 -8
644 622 -19
166 187 -13
166 427 13
166 145 -8
166 167 -13
324 325 28
325 323 19
325 327 8
219 218 28
219 221 -28
676 654 -8
676 200 13
676 677 -8
698 456 28
698 696 -8
698 700 -13
698 217 19
101 352 -28
101 100 -28
101 103 -19
101 99 -8
101 571 13
352 596 -28
352 374 19
352 353 -28
100 79 -8
100 355 13
100 574 -19
100 121 -8
103 354 -28
103 573 8
103 102 8
99 350 19
99 569 28
99 98 19
571 550 -8
571 572 8
571 331 13
571 593 -8
73 327 -13
73 547 -19
327 326 -13
327 567 -28
327 329 13
547 549 13
547 546 8
61 60 -19
60 40 -19
60 81 28
550 528 -19
550 551 8
550 80 28
528 506 -19
551 549 28
551 306 -19
551 77 19
80 79 8
80 78 13
80 82 13
391 393 -28
391 630 8
391 390 -8
393 392 -13
393 632 8
393 134 13
393 395 28
630 652 -13
630 631 19
630 156 13
390 135 13
390 412 -19
390 368 -28
390 633 13
382 625 -8
382 404 -13
338 582 -13
338 87 -13
361 363 -19
361 359 -19
361 105 28
135 133 -8
135 137 13
135 134 13
133 607 19
133 388 -28
137 392 -19
137 611 -28
137 139 -13
134 115 -19
134 155 -19
442 685 -28
442 443 13
442 420 -8
685 205 19
685 684 -13
443 445 -13
443 441 -19
420 398 -13
420 164 -8
420 663 -19
107 582 28
107 363 13
582 581 -19
582 584 19
363 362 -19
363 365 28
616 372 -8
616 618 28
616 615 -28
616 138 19
616 614 -8
372 350 13
372 120 -28
372 394 13
618 140 -28
618 374 28
618 617 13
618 619 -13
615 141 28
615 375 -8
615 593 -13
615 636 19
138 397 13
138 119 -28
138 159 8
138 139 8
614 613 -28
614 370 -13
445 684 -13
445 184 -28
445 444 8
684 662 8
684 705 19
184 205 -13
184 663 -13
184 163 13
444 466 -8
444 422 13
585 563 19
585 586 -8
585 607 -13
585 114 -8
563 323 19
563 542 -28
586 584 -13
586 342 28
586 588 -8
586 111 19
607 367 -13
607 628 28
114 116 28
114 112 -13
205 224 -13
205 206 -13
663 662 -8
163 164 -28
163 641 13
163 142 -19
163 423 -8
448 426 8
448 190 -13
448 691 -8
448 449 13
426 169 -13
426 669 -8
426 427 19
426 404 -19
190 189 8
190 192 -19
190 188 -19
190 666 -28
691 689 -28
691 690 -19
691 692 -8
449 447 13
449 451 28
449 688 -8
449 187 -13
298 49 -8
298 543 -19
298 299 28
298 276 -8
298 320 -13
49 51 19
49 47 28
49 518 28
49 48 28
543 69 -19
543 541 8
543 542 -28
299 301 -13
299 540 -13
299 297 19
299 46 -28
276 277 -8
276 254 8
276 521 13
276 29 -19
320 321 -13
320 342 -28
320 70 -28
169 167 -13
169 171 -19
169 168 -28
167 642 8
167 424 28
171 646 -19
171 428 8
171 170 13
171 173 -19
168 147 -28
168 189 8
168 429 -28
300 301 -28
300 51 19
300 278 28
301 48 8
301 542 -13
51 50 -8
51 520 8
278 279 -8
278 31 13
278 256 -8
278 523 13
257 255 28
257 498 -19
257 259 -19
257 7 -13
257 256 -28
255 254 -8
255 253 28
255 496 -19
255 5 28
498 31 13
498 476 -28
498 520 -13
498 499 -13
259 261 28
259 500 -28
259 9 8
7 28 -28
7 8 8
7 477 -13
256 234 13
256 10 -19
256 501 -19
218 700 13
700 702 -28
700 699 13
331 333 13
331 329 19
331 77 -13
574 573 19
574 576 -8
574 572 -8
225 224 19
225 223 -19
704 706 8
704 702 -19
704 462 -28
79 333 -13
333 573 19
333 335 13
333 332 -19
336 358 13
336 85 8
336 337 -19
336 314 -13
358 380 -28
358 106 28
358 359 13
85 556 8
85 87 19
85 84 19
337 83 -13
337 577 13
314 315 -13
314 292 19
314 64 28
419 159 -13
419 658 28
419 417 -19
419 418 28
159 180 8
159 160 19
159 637 -28
658 680 13
658 636 -28
658 659 -19
658 183 13
417 656 19
417 415 -19
417 416 19
418 396 19
418 162 13
418 440 -28
689 208 28
689 446 -28
689 687 19
689 688 -28
208 187 -13
446 447 28
446 188 13
446 424 -8
687 207 -19
687 686 -28
688 210 -19
688 666 -8
455 454 -28
455 693 -19
455 453 19
455 193 -13
454 196 -28
454 696 -19
454 432 -19
693 694 28
693 672 28
693 216 -19
453 191 13
453 452 -8
453 451 13
193 673 28
193 213 -19
193 194 -13
581 110 13
581 341 -19
584 109 -19
584 583 -19
305 307 13
305 546 8
282 527 13
282 260 19
282 35 13
549 75 -8
549 548 28
326 76 -13
326 348 -8
326 570 8
307 548 -8
307 306 8
548 78 13
548 526 19
548 569 28
306 284 28
306 328 13
599 359 -8
599 620 -28
599 127 13
599 577 -19
620 642 8
620 621 19
620 146 19
127 380 -13
127 126 8
577 578 -13
577 106 -19
577 556 -19
147 625 -8
147 148 -19
147 407 28
625 623 -28
625 627 28
148 404 -13
148 150 -19
148 146 8
148 622 28
407 409 -8
407 646 -19
407 405 19
407 406 8
263 13 -19
263 261 8
263 504 28
263 265 -13
263 262 -13
13 34 -8
13 483 13
13 14 -13
261 502 -19
261 260 -19
504 37 -19
504 482 -8
504 526 13
504 505 -19
265 506 28
265 15 19
262 16 28
262 240 -13
262 507 -13
262 284 -13
224 706 19
706 705 -13
487 485 28
487 242 28
16 15 -13
16 14 -13
16 482 -13
15 485 13
15 36 -8
14 260 28
14 12 -13
14 480 8
482 241 -8
482 483 28
343 88 -8
343 341 -28
343 342 19
343 583 -8
88 67 -13
88 89 19
88 109 -19
342 91 -8
342 364 8
583 605 8
583 112 -19
583 561 -8
67 321 8
67 541 13
67 46 -28
89 91 13
89 87 -8
109 110 -8
109 365 -8
488 510 -8
488 247 -8
76 75 -8
76 78 13
76 546 -13
75 329 28
78 328 -8
78 77 -8
546 567 -28
90 111 28
90 69 -28
90 91 -8
111 367 -13
111 112 -19
69 323 -13
69 70 13
69 48 -8
91 561 -8
50 523 28
50 30 -8
520 279 -28
520 521 19
520 542 -28
699 678 19
699 221 13
460 438 -8
460 202 28
460 702 -19
246 247 28
246 268 -19
268 269 -19
268 290 -28
527 526 13
526 285 28
380 623 -8
623 621 -8
623 145 -19
623 622 -19
126 105 -19
126 145 -28
105 106 19
105 84 -13
145 405 13
145 146 -13
554 555 28
554 532 13
554 575 -13
312 290 -28
312 334 13
605 365 -28
365 367 28
365 364 -13
561 321 8
561 540 -8
269 510 -8
510 532 19
510 511 13
40 511 8
40 291 13
34 505 -28
34 285 8
34 35 19
505 260 8
505 507 13
285 284 -28
35 37 8
35 502 13
115 371 8
115 116 -28
115 590 -19
196 195 13
196 198 8
196 194 -28
196 672 28
195 675 13
195 215 19
195 174 -28
198 456 13
198 674 -19
198 200 -28
194 452 -8
194 670 28
194 192 19
672 433 -8
672 650 28
672 673 -19
677 675 28
677 434 13
681 438 19
681 680 -19
681 201 13
678 202 -8
678 656 -19
56 77 13
56 36 8
532 291 -13
243 242 28
243 241 -19
243 484 19
241 239 19
241 240 -19
484 485 13
484 506 -13
364 112 19
408 409 13
408 430 13
408 651 -8
438 181 8
438 416 -28
181 656 -13
181 180 13
181 183 19
416 394 -19
416 160 28
416 659 8
570 569 28
570 572 13
567 589 8
662 640 -13
662 423 13
640 641 28
640 401 -19
423 422 -13
279 277 -8
279 28 -19
277 275 28
277 26 13
277 518 19
28 48 28
28 29 28
28 499 8
31 29 -8
31 30 13
29 27 8
29 496 -13
30 9 -8
30 501 -8
202 200 -19
202 201 -13
201 180 28
201 220 28
252 230 -28
252 253 13
252 497 -8
252 274 -19
252 6 -8
230 231 -13
230 475 -19
253 3 28
253 494 -19
497 26 -28
497 499 19
497 496 13
497 495 -28
274 275 -19
274 27 -13
274 519 13
6 8 -8
6 5 8
6 4 -28
6 472 13
317 63 13
317 315 19
63 84 19
63 43 -13
63 64 -8
63 537 28
315 556 -19
315 62 28
541 540 -28
541 539 -8
542 72 -13
422 400 -8
450 451 8
450 428 -19
450 192 -19
450 692 28
451 189 19
451 690 -28
428 671 -19
428 406 -8
428 429 8
192 191 -13
192 668 -19
692 211 28
692 694 -28
284 37 -28
234 235 8
234 479 -19
10 9 8
10 8 -28
10 476 19
10 12 -13
501 500 -19
501 499 28
37 36 -8
36 507 -19
500 478 -13
9 479 28
479 477 13
479 481 -19
479 478 8
483 485 -13
483 238 8
483 481 28
396 639 8
396 141 13
396 397 8
396 374 13
162 164 19
162 160 13
162 636 -13
162 161 13
440 441 19
440 183 -8
440 462 -19
485 240 8
72 70 28
70 540 19
398 376 -13
398 641 -8
398 143 -28
398 399 -13
377 375 8
377 617 -8
377 376 19
377 121 28
377 379 8
375 374 13
375 119 -8
617 595 13
617 143 8
376 354 8
376 619 13
376 124 13
121 140 8
121 596 19
121 122 -28
379 378 -8
379 123 -19
696 215 -28
696 695 -8
696 694 -13
432 675 -19
432 433 13
432 175 13
432 410 8
456 434 8
434 435 -28
434 412 19
434 177 13
328 350 19
328 572 13
328 329 28
556 534 -8
534 535 -19
534 293 -19
534 512 -13
534 64 19
506 507 -8
536 295 -13
536 66 28
536 537 -28
639 161 8
639 641 -28
639 637 19
161 140 8
637 635 -8
637 394 28
637 636 -8
21 491 -8
21 42 -19
21 271 28
21 0 19
491 490 19
42 62 19
42 293 13
42 513 -28
271 270 -19
271 512 -13
271 273 -19
0 249 19
0 469 8
77 98 -13
675 674 13
675 673 -19
674 695 13
674 652 -8
674 435 -8
673 671 8
673 430 -13
191 671 -19
191 170 19
191 211 -13
671 670 8
671 669 -19
170 431 28
170 149 -13
170 649 28
211 212 28
555 81 8
81 335 28
81 102 8
81 82 28
523 521 -13
701 223 -28
701 702 -19
701 680 8
239 238 8
239 480 19
239 237 -28
238 260 19
480 502 13
480 481 28
237 236 -28
237 478 19
237 235 28
275 24 -13
275 273 13
275 516 28
24 3 -28
24 495 -19
273 22 28
273 272 8
516 538 -19
516 517 19
516 47 19
516 494 13
223 221 8
221 220 28
27 494 19
27 26 28
494 472 -19
494 495 -19
26 5 -28
26 46 -28
215 216 -28
174 435 13
174 153 -8
174 653 19
174 175 -13
518 540 -19
518 519 -13
518 496 13
656 634 28
680 441 -8
291 290 -13
62 535 -8
62 83 28
535 537 19
538 297 19
538 539 -13
297 295 -13
539 294 19
539 65 -19
539 537 -8
433 435 -8
433 431 -28
431 670 8
431 430 -19
431 429 13
254 8 19
254 499 28
254 232 -13
8 474 -28
232 477 -28
232 233 -19
65 66 -19
321 323 19
22 1 19
22 43 -28
22 23 8
495 250 -8
248 270 -13
248 249 -8
248 2 -28
248 226 -8
46 47 19
46 519 8
595 355 -28
595 573 19
595 124 -28
595 596 -28
355 354 -28
355 353 13
355 357 -8
124 123 19
124 122 28
596 594 19
596 598 -28
176 155 -8
176 655 -13
176 177 28
452 430 -28
452 694 -19
430 173 19
694 213 19
177 652 19
177 175 -19
654 415 13
654 632 -28
654 655 -19
228 229 -8
228 250 -28
228 473 13
229 231 13
229 227 -13
250 272 -8
250 4 -13
473 472 19
473 475 -13
473 471 8
473 3 -13
659 180 13
12 478 -13
236 481 13
295 293 -19
295 43 13
295 294 -19
293 292 -19
43 515 -19
43 44 8
294 45 19
294 272 13
354 332 13
354 598 19
619 142 28
400 378 13
400 401 -13
378 356 28
123 598 -28
123 102 -13
123 142 -8
702 220 -13
670 648 19
648 409 -19
648 649 -13
648 173 28
598 597 28
102 357 -19
102 576 28
142 401 13
142 143 28
447 186 8
447 686 -28
187 188 -8
187 667 -19
235 233 8
235 476 -8
399 140 -19
399 397 28
399 401 8
48 521 -28
270 23 -8
270 515 -19
270 292 28
23 490 28
515 517 -8
515 513 -28
292 537 -13
292 44 28
374 122 8
353 593 13
353 351 13
353 98 -13
1 2 8
1 471 -19
652 413 8
652 653 28
82 332 -19
213 214 -28
476 477 -19
512 490 -8
512 513 -19
512 44 19
64 66 -28
521 519 -13
519 517 -8
5 475 -19
650 175 28
650 628 -19
650 651 -8
175 173 -19
628 154 19
651 649 -13
651 653 -13
141 140 19
141 139 28
141 143 -28
397 636 28
397 395 28
410 154 13
410 388 13
410 653 28
362 110 -8
153 154 -19
153 631 -8
153 413 -13
653 655 -13
634 635 13
634 160 28
634 395 -13
634 613 13
209 210 28
209 189 28
210 212 19
189 669 19
216 214 8
409 149 28
149 150 -19
149 627 19
122 120 -28
122 593 -19
441 180 -28
231 472 13
231 233 13
475 474 13
475 477 -8
45 47 19
45 44 28
272 517 13
3 4 -8
348 370 13
370 392 19
370 371 -8
4 2 13
356 357 13
356 334 -28
669 668 8
669 667 -19
415 413 -13
415 155 -8
413 412 -19
155 156 8
155 633 13
690 668 -19
690 212 28
646 668 28
668 429 -13
332 576 -19
667 665 8
667 424 -13
667 666 -19
392 635 13
635 633 19
406 150 19
406 649 19
429 427 -13
158 160 28
158 156 13
158 632 28
156 154 13
156 412 -19
632 633 28
632 611 -28
412 655 -19
249 490 -19
490 468 -28
212 214 -8
474 233 -28
474 496 19
367 369 -19
369 371 28
369 368 -19
186 665 19
186 165 -19
186 207 28
686 664 -13
350 594 -8
350 351 -19
594 593 -8
594 119 8
351 591 13
631 388 28
631 633 8
665 664 -8
664 188 -13
664 642 -8
664 425 28
613 591 -13
613 139 -28
371 611 13
120 119 28
120 591 -28
119 98 8
591 569 -8
597 575 -19
597 357 -19
227 468 13
227 226 -13
334 335 -28
394 139 -13
394 395 13
575 576 13
575 335 13
98 572 19
468 469 8
468 2 -8
469 471 -28
226 471 13
344 588 8
368 116 8
588 590 28
424 425 19
569 329 -19
642 403 28
425 427 28
425 165 -19
666 427 -19
589 611 -19
589 590 -28
404 405 19
110 112 -8
405 403 -13
