117 592 -19
117 136 -13
117 373 8
117 118 -13
117 96 13
592 348 -19
592 591 -28
592 594 8
592 590 28
136 157 19
136 137 13
136 395 13
136 614 -8
373 375 -13
373 372 -8
373 613 -13
373 371 19
118 120 -19
118 370 19
118 116 -13
118 589 28
96 97 -19
96 351 -8
96 570 8
96 75 -8
459 197 -13
459 457 8
459 458 -8
459 461 -19
459 697 -8
197 198 13
197 176 19
197 677 -13
197 217 -13
457 455 -8
457 456 19
457 195 -19
457 695 -13
458 436 8
458 700 28
458 200 -8
461 199 -8
461 463 13
461 699 19
461 460 -13
697 219 8
697 676 -28
697 698 8
244 245 -13
244 266 -13
244 489 28
245 486 -19
245 243 -8
245 247 -28
266 20 -28
266 511 -19
266 288 19
266 267 8
489 487 -8
489 19 -13
489 488 -13
308 286 -13
308 553 -8
308 309 -19
308 330 28
308 59 19
286 531 13
286 264 13
286 287 -13
286 39 19
553 79 8
553 555 -28
553 551 -8
553 552 -8
309 311 28
309 550 -8
309 307 -8
309 56 -19
330 331 13
330 574 -28
330 352 8
330 80 -8
59 61 19
59 57 -8
59 528 13
59 58 28
604 360 -13
604 602 -19
604 603 -28
604 606 -8
360 382 13
360 338 -8
360 361 28
360 108 19
602 126 -8
602 601 19
602 600 -28
602 358 -19
603 130 13
603 363 -28
603 581 -13
603 624 8
606 605 -19
606 129 19
606 608 28
606 362 28
125 104 28
125 381 13
125 600 8
125 144 28
104 578 -19
104 83 -8
104 359 13
381 380 -8
381 620 19
381 383 -8
600 599 -28
144 165 -28
144 403 -8
144 621 8
311 58 13
311 552 -28
311 310 13
311 313 19
58 531 -13
58 38 13
552 530 -19
552 573 -28
552 82 13
310 61 -19
310 555 -19
310 288 8
310 332 19
313 554 -28
313 312 -8
313 60 -8
280 33 13
280 525 -13
280 302 28
280 281 -13
280 258 28
33 32 19
33 31 -28
33 35 -28
33 500 8
525 527 13
525 52 28
525 524 -13
525 523 -28
302 324 8
302 547 -13
302 303 8
302 53 13
281 279 -28
281 522 13
281 30 19
281 283 13
258 259 -8
258 12 -28
258 236 19
258 503 -19
560 558 -8
560 86 -28
560 559 13
560 562 -8
560 316 13
558 557 13
558 314 13
558 84 8
86 107 19
86 65 -19
86 87 -19
86 341 -13
559 538 -19
559 319 19
559 581 -19
559 89 -19
562 318 19
562 88 -19
562 561 -13
562 564 19
316 317 13
316 294 -19
316 338 28
316 66 -13
151 411 -8
151 172 19
151 152 13
151 629 8
151 131 -13
411 650 -19
411 409 -8
411 410 -13
411 413 -28
172 433 -13
172 193 28
172 651 -28
172 173 -19
152 408 19
152 154 19
152 150 -28
152 626 19
629 386 -28
629 631 -8
629 627 -28
629 628 8
131 389 -13
131 111 13
131 608 -28
32 503 -28
32 11 -28
32 283 -19
32 52 28
503 502 -8
503 505 -13
503 501 8
11 12 -28
11 481 13
11 261 -28
283 285 13
283 524 -19
283 282 8
52 73 28
52 53 13
52 305 28
20 18 13
20 486 -13
20 19 8
18 16 -8
18 264 -19
18 484 28
18 17 -13
486 508 19
486 487 -28
19 269 28
19 40 8
203 683 -8
203 465 -8
203 204 -28
203 182 13
203 222 -13
683 685 -28
683 681 19
683 440 -13
683 682 13
465 467 -19
465 703 -28
465 464 -19
465 463 8
204 202 -19
204 462 19
204 206 13
204 680 8
182 661 28
182 443 -13
182 183 19
182 161 -19
222 223 19
222 704 -19
347 349 -13
347 346 -8
347 345 -8
347 92 -8
347 587 28
349 94 19
349 348 -28
349 351 -28
349 589 -8
346 95 -8
346 324 -19
346 368 -13
346 590 -8
345 585 28
345 343 28
345 90 13
345 344 -13
92 566 -8
92 71 -19
92 113 19
92 93 -28
587 588 -28
587 609 -19
587 565 -28
587 116 -8
566 564 -19
566 568 28
566 565 -8
566 322 -19
71 72 13
71 50 13
71 545 -13
71 325 -13
113 369 13
113 588 -19
113 114 -8
113 132 28
93 95 -13
93 91 13
93 344 -28
93 563 8
508 267 -19
508 530 19
508 509 -13
508 41 13
267 269 19
267 265 -8
267 17 19
530 531 28
530 61 13
530 289 8
509 38 28
509 507 19
509 264 -8
509 511 8
41 39 13
41 288 -8
41 40 19
318 68 -13
318 340 -28
318 319 -28
318 296 8
68 538 -13
68 67 -19
68 70 19
68 66 19
340 362 13
340 341 13
340 584 13
340 89 13
319 317 -19
319 65 28
319 321 -19
296 297 -19
296 47 -8
296 274 -8
296 541 -28
95 94 8
95 565 -19
95 97 19
94 73 -13
94 115 -13
94 568 8
565 544 -19
565 325 -13
97 348 13
97 567 -8
97 99 19
492 25 28
492 493 -8
492 514 -8
492 251 19
492 470 -19
25 27 -8
25 272 -8
25 24 13
25 23 -8
493 22 -19
493 491 19
493 495 19
493 248 -28
514 536 -28
514 273 8
514 45 13
514 515 28
251 253 28
251 249 -28
251 250 -8
251 1 -28
470 229 19
470 471 8
470 4 -13
55 53 -19
55 57 -28
55 304 -13
55 54 13
55 524 28
53 51 13
53 522 19
57 56 -19
57 306 -28
57 526 -19
304 305 -19
304 282 -13
304 549 -13
304 326 8
54 307 -28
54 527 -13
54 34 -19
54 75 -28
524 502 13
524 546 -13
544 74 -28
544 522 13
544 545 -28
544 303 13
74 324 -19
74 73 -8
74 76 19
74 72 -13
522 500 19
522 523 8
545 300 28
545 543 -8
545 547 28
303 50 28
303 301 8
303 305 -19
385 383 -28
385 387 -8
385 624 -8
385 384 -8
383 126 -8
383 382 -19
383 622 -19
387 386 19
387 389 -19
387 626 -13
387 129 8
624 646 19
624 625 28
624 150 13
384 130 13
384 362 8
384 627 -28
384 406 -28
467 705 19
467 205 -19
467 466 8
703 225 13
703 682 28
703 704 -13
464 442 8
464 706 -28
464 206 -13
463 201 -28
463 701 -8
463 462 19
531 533 28
531 529 -13
533 288 -19
533 60 -13
533 532 28
529 527 28
529 56 8
529 528 13
529 284 -19
130 128 8
130 129 -8
128 601 8
128 127 13
128 382 -28
129 149 19
129 109 13
436 179 13
436 679 19
436 437 -13
436 414 -13
179 178 -28
179 181 13
179 177 -8
179 654 -13
679 199 19
679 677 8
679 681 13
679 678 28
437 439 -28
437 676 19
437 435 28
437 176 13
414 415 13
414 392 -13
414 158 19
414 657 -28
386 364 28
386 408 -28
389 391 28
389 628 8
389 388 -28
626 605 28
626 648 -28
626 627 -28
610 609 8
610 366 -19
610 608 28
610 612 -28
610 132 8
609 135 19
609 369 -13
609 630 13
366 367 -19
366 114 19
366 344 -13
366 388 -28
608 364 -28
608 607 19
612 368 -19
612 614 -28
612 134 -13
612 611 -19
132 391 -13
132 153 8
132 133 -8
579 601 19
579 339 19
579 557 8
579 108 8
579 580 -19
601 361 8
601 622 19
339 337 -19
339 84 -19
339 338 -28
339 341 13
557 317 -28
557 87 -28
557 536 -13
108 107 -8
108 106 -19
108 110 8
580 336 -13
580 582 -19
580 578 -8
580 105 -19
178 657 13
178 157 -28
178 439 -19
178 199 -13
657 656 -28
657 659 28
657 655 -28
157 158 -19
157 417 13
157 635 19
439 438 -13
439 678 19
439 441 8
199 218 28
199 200 19
264 265 -19
264 242 19
287 285 8
287 528 13
287 289 -28
287 36 -28
39 38 -13
39 37 19
39 506 -13
564 90 19
564 563 8
564 320 -13
568 324 28
568 570 13
568 567 13
322 300 -19
322 72 8
322 344 8
322 323 13
660 682 -28
660 421 19
660 661 8
660 185 13
660 638 -19
682 206 -13
682 443 13
421 419 8
421 420 13
421 423 -28
421 161 -19
661 418 -28
661 663 13
661 659 -8
185 442 -13
185 184 13
185 183 -28
638 639 -28
638 164 13
638 617 13
638 399 28
38 289 -19
38 17 -8
289 288 -28
289 291 28
17 487 -8
645 402 28
645 643 13
645 647 19
645 644 -13
645 166 8
402 380 8
402 424 -19
402 403 -19
402 146 -19
643 165 13
643 642 -28
647 646 28
647 404 19
647 649 -28
647 168 -13
644 169 -13
644 405 13
644 666 -19
644 622 -8
166 187 -8
166 427 13
166 145 -8
166 167 -8
324 325 -13
325 323 28
325 327 19
219 218 19
219 221 -19
676 654 13
676 200 28
676 677 13
698 456 19
698 696 28
698 700 28
698 217 8
101 352 8
101 100 -8
101 103 13
101 99 -19
101 571 -19
352 596 13
352 374 -19
352 353 -13
100 79 28
100 355 -19
100 574 -19
100 121 -28
103 354 19
103 573 -13
103 102 8
99 350 -19
99 569 -28
99 98 -19
571 550 -28
571 572 19
571 331 -28
571 593 -28
73 327 8
73 547 28
327 326 28
327 567 -8
327 329 28
547 549 -8
547 546 13
61 60 -8
60 40 -19
60 81 -8
550 528 13
550 551 -28
550 80 -13
528 506 -19
551 549 -19
551 306 -28
551 77 -13
80 79 19
80 78 -8
80 82 -13
391 393 8
391 630 -13
391 390 -28
393 392 -13
393 632 -13
393 134 -13
393 395 19
630 652 19
630 631 -13
630 156 -8
390 135 -19
390 412 -28
390 368 -19
390 633 19
382 625 -28
382 404 -28
338 582 13
338 87 13
361 363 28
361 359 -19
361 105 13
135 133 -8
135 137 28
135 134 8
133 607 13
133 388 28
137 392 19
137 611 -28
137 139 8
134 115 -19
134 155 -19
442 685 -13
442 443 -19
442 420 -19
685 205 19
685 684 13
443 445 13
443 441 13
420 398 -28
420 164 13
420 663 28
107 582 8
107 363 -13
582 581 -28
582 584 -13
363 362 19
363 365 -28
616 372 -8
616 618 -13
616 615 8
616 138 -19
616 614 -28
372 350 19
372 120 -19
372 394 -13
618 140 -28
618 374 28
618 617 8
618 619 19
615 141 19
615 375 19
615 593 -8
615 636 -28
138 397 13
138 119 28
138 159 8
138 139 19
614 613 -13
614 370 -28
445 684 8
445 184 8
445 444 -28
684 662 13
684 705 -13
184 205 8
184 663 -19
184 163 13
444 466 13
444 422 28
585 563 -28
585 586 -19
585 607 -8
585 114 28
563 323 13
563 542 -13
586 584 -28
586 342 -19
586 588 -13
586 111 13
607 367 -13
607 628 -8
114 116 8
114 112 8
205 224 19
205 206 19
663 662 19
163 164 -28
163 641 -13
163 142 -28
163 423 28
448 426 -28
448 190 -13
448 691 -19
448 449 19
426 169 19
426 669 13
426 427 -19
426 404 13
190 189 28
190 192 19
190 188 28
190 666 -19
691 689 13
691 690 -13
691 692 -8
449 447 28
449 451 -19
449 688 -8
449 187 -28
298 49 -8
298 543 19
298 299 -19
298 276 19
298 320 28
49 51 -13
49 47 -28
49 518 19
49 48 19
543 69 -19
543 541 -28
543 542 -19
299 301 28
299 540 19
299 297 13
299 46 -13
276 277 8
276 254 8
276 521 -28
276 29 -28
320 321 -19
320 342 -13
320 70 13
169 167 13
169 171 -13
169 168 19
167 642 -8
167 424 -19
171 646 13
171 428 13
171 170 -13
171 173 -8
168 147 28
168 189 -8
168 429 -19
300 301 -19
300 51 28
300 278 -19
301 48 28
301 542 28
51 50 -28
51 520 28
278 279 8
278 31 19
278 256 28
278 523 28
257 255 8
257 498 -19
257 259 -28
257 7 28
257 256 13
255 254 28
255 253 -19
255 496 28
255 5 -19
498 31 13
498 476 8
498 520 13
498 499 28
259 261 8
259 500 -13
259 9 13
7 28 -28
7 8 13
7 477 -28
256 234 28
256 10 -28
256 501 -8
218 700 19
700 702 -8
700 699 -19
331 333 13
331 329 -13
331 77 -28
574 573 28
574 576 8
574 572 19
225 224 -28
225 223 -13
704 706 13
704 702 -19
704 462 19
79 333 -8
333 573 -19
333 335 13
333 332 -19
336 358 19
336 85 28
336 337 13
336 314 13
358 380 -13
358 106 13
358 359 -8
85 556 -8
85 87 -19
85 84 -28
337 83 -19
337 577 19
314 315 13
314 292 -13
314 64 28
419 159 -19
419 658 -13
419 417 -19
419 418 -8
159 180 13
159 160 -8
159 637 -8
658 680 -13
658 636 28
658 659 -13
658 183 28
417 656 -28
417 415 19
417 416 -19
418 396 19
418 162 -8
418 440 -13
689 208 19
689 446 28
689 687 13
689 688 28
208 187 8
446 447 8
446 188 13
446 424 8
687 207 -13
687 686 19
688 210 8
688 666 -8
455 454 -19
455 693 -8
455 453 -8
455 193 13
454 196 -13
454 696 8
454 432 -19
693 694 -13
693 672 -19
693 216 28
453 191 -19
453 452 -28
453 451 28
193 673 -8
193 213 19
193 194 -8
581 110 -28
581 341 8
584 109 -28
584 583 19
305 307 8
305 546 -13
282 527 -8
282 260 -19
282 35 8
549 75 -19
549 548 -28
326 76 28
326 348 28
326 570 -19
307 548 19
307 306 -28
548 78 -13
548 526 28
548 569 -13
306 284 -28
306 328 28
599 359 13
599 620 19
599 127 8
599 577 13
620 642 -19
620 621 -19
620 146 -28
127 380 28
127 126 19
577 578 13
577 106 19
577 556 8
147 625 28
147 148 -13
147 407 8
625 623 -19
625 627 -8
148 404 -19
148 150 8
148 146 13
148 622 -28
407 409 19
407 646 -13
407 405 -13
407 406 13
263 13 13
263 261 13
263 504 -8
263 265 -28
263 262 19
13 34 -13
13 483 19
13 14 -13
261 502 19
261 260 13
504 37 -19
504 482 -19
504 526 19
504 505 -19
265 506 8
265 15 -8
262 16 8
262 240 13
262 507 13
262 284 8
224 706 8
706 705 -13
487 485 28
487 242 8
16 15 -28
16 14 -13
16 482 -8
15 485 13
15 36 -28
14 260 -19
14 12 13
14 480 28
482 241 8
482 483 13
343 88 8
343 341 -28
343 342 -19
343 583 -13
88 67 -28
88 89 19
88 109 -8
342 91 -8
342 364 -28
583 605 -8
583 112 8
583 561 -19
67 321 8
67 541 13
67 46 8
89 91 -19
89 87 -8
109 110 -13
109 365 19
488 510 -19
488 247 -13
76 75 28
76 78 28
76 546 28
75 329 -19
78 328 -28
78 77 -28
546 567 -8
90 111 -28
90 69 -28
90 91 19
111 367 -8
111 112 13
69 323 -28
69 70 19
69 48 -19
91 561 -19
50 523 -19
50 30 -28
520 279 -13
520 521 -19
520 542 -19
699 678 -28
699 221 8
460 438 19
460 202 19
460 702 8
246 247 8
246 268 8
268 269 13
268 290 -13
527 526 -13
526 285 -13
380 623 13
623 621 -28
623 145 13
623 622 -13
126 105 -19
126 145 13
105 106 28
105 84 28
145 405 8
145 146 19
554 555 28
554 532 13
554 575 -13
312 290 13
312 334 -13
605 365 28
365 367 13
365 364 13
561 321 -28
561 540 -13
269 510 -8
510 532 28
510 511 8
40 511 19
40 291 19
34 505 28
34 285 13
34 35 -19
505 260 19
505 507 19
285 284 28
35 37 -8
35 502 -28
115 371 -19
115 116 28
115 590 -19
196 195 -13
196 198 -28
196 194 -28
196 672 8
195 675 19
195 215 -19
195 174 -28
198 456 19
198 674 28
198 200 -19
194 452 19
194 670 28
194 192 28
672 433 28
672 650 28
672 673 -28
677 675 28
677 434 -8
681 438 8
681 680 28
681 201 13
678 202 -8
678 656 -28
56 77 -28
56 36 -19
532 291 28
243 242 -19
243 241 8
243 484 28
241 239 19
241 240 -8
484 485 19
484 506 8
364 112 8
408 409 -8
408 430 19
408 651 13
438 181 -8
438 416 19
181 656 -19
181 180 -28
181 183 8
416 394 -8
416 160 -8
416 659 -8
570 569 28
570 572 8
567 589 19
662 640 28
662 423 28
640 641 -13
640 401 -19
423 422 -28
279 277 -8
279 28 28
277 275 -8
277 26 13
277 518 28
28 48 13
28 29 19
28 499 -8
31 29 13
31 30 -19
29 27 -13
29 496 28
30 9 8
30 501 13
202 200 8
202 201 13
201 180 8
201 220 -8
252 230 -28
252 253 -8
252 497 28
252 274 -28
252 6 8
230 231 -28
230 475 8
253 3 13
253 494 -13
497 26 -19
497 499 19
497 496 -13
497 495 -8
274 275 8
274 27 -19
274 519 -13
6 8 -8
6 5 -13
6 4 -8
6 472 19
317 63 8
317 315 -28
63 84 -19
63 43 19
63 64 -8
63 537 8
315 556 28
315 62 -13
541 540 28
541 539 8
542 72 28
422 400 8
450 451 28
450 428 -19
450 192 28
450 692 -13
451 189 -8
451 690 8
428 671 28
428 406 -8
428 429 28
192 191 -13
192 668 13
692 211 13
692 694 -8
284 37 28
234 235 -19
234 479 -8
10 9 8
10 8 28
10 476 -8
10 12 28
501 500 -19
501 499 -13
37 36 -19
36 507 -8
500 478 13
9 479 -28
479 477 28
479 481 8
479 478 28
483 485 8
483 238 8
483 481 -19
396 639 -13
396 141 28
396 397 -13
396 374 8
162 164 -19
162 160 8
162 636 8
162 161 -8
440 441 -8
440 183 -8
440 462 -8
485 240 28
72 70 28
70 540 -28
398 376 -28
398 641 -19
398 143 8
398 399 28
377 375 -8
377 617 8
377 376 8
377 121 -13
377 379 -28
375 374 -13
375 119 13
617 595 8
617 143 -28
376 354 8
376 619 -19
376 124 13
121 140 8
121 596 28
121 122 -8
379 378 28
379 123 13
696 215 -8
696 695 19
696 694 -19
432 675 -28
432 433 -19
432 175 -19
432 410 8
456 434 -8
434 435 -13
434 412 -13
434 177 -28
328 350 -8
328 572 -13
328 329 -28
556 534 28
534 535 -8
534 293 -13
534 512 -8
534 64 28
506 507 28
536 295 -19
536 66 28
536 537 -8
639 161 8
639 641 19
639 637 19
161 140 -13
637 635 -8
637 394 13
637 636 -8
21 491 28
21 42 13
21 271 8
21 0 28
491 490 8
42 62 -19
42 293 -28
42 513 19
271 270 8
271 512 19
271 273 28
0 249 -8
0 469 28
77 98 -19
675 674 19
675 673 -19
674 695 -8
674 652 13
674 435 13
673 671 13
673 430 -8
191 671 13
191 170 -13
191 211 -8
671 670 -19
671 669 28
170 431 -19
170 149 19
170 649 -8
211 212 19
555 81 28
81 335 13
81 102 19
81 82 8
523 521 28
701 223 -8
701 702 -19
701 680 -19
239 238 13
239 480 -13
239 237 -8
238 260 -28
480 502 19
480 481 19
237 236 -19
237 478 13
237 235 13
275 24 13
275 273 -8
275 516 19
24 3 -13
24 495 28
273 22 -19
273 272 13
516 538 19
516 517 13
516 47 -28
516 494 28
223 221 8
221 220 19
27 494 13
27 26 8
494 472 8
494 495 28
26 5 8
26 46 13
215 216 13
174 435 -28
174 153 19
174 653 19
174 175 28
518 540 28
518 519 8
518 496 -13
656 634 -28
680 441 -13
291 290 28
62 535 -19
62 83 -13
535 537 -19
538 297 8
538 539 -28
297 295 -8
539 294 -28
539 65 -19
539 537 -28
433 435 -13
433 431 -28
431 670 -28
431 430 19
431 429 -8
254 8 19
254 499 -28
254 232 -13
8 474 -8
232 477 8
232 233 -19
65 66 -28
321 323 13
22 1 -13
22 43 -13
22 23 -19
495 250 19
248 270 -28
248 249 19
248 2 -19
248 226 -13
46 47 8
46 519 8
595 355 8
595 573 13
595 124 8
595 596 -19
355 354 -8
355 353 8
355 357 -13
124 123 19
124 122 -8
596 594 19
596 598 8
176 155 28
176 655 19
176 177 -19
452 430 -8
452 694 -19
430 173 -19
694 213 -28
177 652 13
177 175 -8
654 415 -28
654 632 13
654 655 -13
228 229 -19
228 250 -28
228 473 -28
229 231 19
229 227 -8
250 272 -13
250 4 13
473 472 -8
473 475 -8
473 471 13
473 3 28
659 180 13
12 478 -28
236 481 8
295 293 28
295 43 -19
295 294 -19
293 292 13
43 515 13
43 44 19
294 45 28
294 272 -13
354 332 -28
354 598 13
619 142 8
400 378 -8
400 401 13
378 356 13
123 598 19
123 102 -28
123 142 8
702 220 -13
670 648 19
648 409 19
648 649 28
648 173 -13
598 597 -28
102 357 -13
102 576 19
142 401 28
142 143 8
447 186 8
447 686 -19
187 188 19
187 667 19
235 233 -13
235 476 28
399 140 28
399 397 13
399 401 19
48 521 13
270 23 -19
270 515 28
270 292 19
23 490 28
515 517 -8
515 513 -8
292 537 -13
292 44 -19
374 122 13
353 593 -8
353 351 -13
353 98 28
1 2 13
1 471 -19
652 413 28
652 653 -8
82 332 -13
213 214 19
476 477 8
512 490 13
512 513 13
512 44 13
64 66 28
521 519 -13
519 517 28
5 475 19
650 175 8
650 628 28
650 651 8
175 173 -8
628 154 19
651 649 13
651 653 13
141 140 -13
141 139 28
141 143 -8
397 636 8
397 395 -13
410 154 28
410 388 -8
410 653 -19
362 110 13
153 154 19
153 631 -13
153 413 -28
653 655 -13
634 635 -13
634 160 8
634 395 28
634 613 -8
209 210 -8
209 189 -13
210 212 19
189 669 -8
216 214 -8
409 149 8
149 150 28
149 627 -8
122 120 -8
122 593 28
441 180 -19
231 472 28
231 233 28
475 474 8
475 477 -28
45 47 8
45 44 -13
272 517 13
3 4 28
348 370 -28
370 392 19
370 371 13
4 2 -13
356 357 28
356 334 -8
669 668 -28
669 667 8
415 413 8
415 155 8
413 412 -8
155 156 -19
155 633 13
690 668 -28
690 212 19
646 668 28
668 429 19
332 576 -13
667 665 -28
667 424 -28
667 666 28
392 635 -28
635 633 -28
406 150 -8
406 649 -19
429 427 -19
158 160 8
158 156 28
158 632 19
156 154 8
156 412 -13
632 633 -28
632 611 -28
412 655 -28
249 490 19
490 468 -19
212 214 -28
474 233 -8
474 496 -8
367 369 -8
369 371 13
369 368 13
186 665 8
186 165 -28
186 207 28
686 664 13
350 594 8
350 351 -13
594 593 19
594 119 -13
351 591 -8
631 388 -13
631 633 28
665 664 19
664 188 -19
664 642 -28
664 425 8
613 591 28
613 139 8
371 611 -13
120 119 -19
120 591 8
119 98 -13
591 569 19
597 575 19
597 357 -13
227 468 -28
227 226 -19
334 335 19
394 139 -19
394 395 -13
575 576 -19
575 335 28
98 572 -13
468 469 19
468 2 -8
469 471 19
226 471 -13
344 588 19
368 116 19
588 590 -19
424 425 -19
569 329 13
642 403 -28
425 427 13
425 165 13
666 427 19
589 611 28
589 590 -28
404 405 -8
110 112 8
405 403 28
