117 592 -8
117 136 -8
117 373 -13
117 118 19
117 96 13
592 348 -8
592 591 28
592 594 13
592 590 -19
136 157 -28
136 137 13
136 395 -28
136 614 8
373 375 -13
373 372 -13
373 613 -13
373 371 19
118 120 13
118 370 -28
118 116 8
118 589 8
96 97 -13
96 351 19
96 570 19
96 75 8
459 197 -19
459 457 8
459 458 -8
459 461 -19
459 697 13
197 198 8
197 176 28
197 677 -13
197 217 -28
457 455 -19
457 456 8
457 195 19
457 695 19
458 436 13
458 700 -13
458 200 -19
461 199 -19
461 463 19
461 699 -8
461 460 19
697 219 19
697 676 -13
697 698 28
244 245 28
244 266 28
244 489 -28
245 486 -13
245 243 19
245 247 19
266 20 28
266 511 28
266 288 8
266 267 19
489 487 8
489 19 -28
489 488 -13
308 286 19
308 553 13
308 309 13
308 330 28
308 59 -19
286 531 19
286 264 28
286 287 8
286 39 -28
553 79 -19
553 555 -13
553 551 -28
553 552 -8
309 311 -28
309 550 19
309 307 13
309 56 -19
330 331 19
330 574 28
330 352 19
330 80 19
59 61 28
59 57 8
59 528 -8
59 58 -8
604 360 19
604 602 -8
604 603 -13
604 606 -8
360 382 13
360 338 -13
360 361 8
360 108 -8
602 126 -8
602 601 -13
602 600 -13
602 358 -13
603 130 28
603 363 -13
603 581 19
603 624 19
606 605 -19
606 129 19
606 608 13
606 362 -8
125 104 -19
125 381 19
125 600 13
125 144 -19
104 578 -13
104 83 -13
104 359 13
381 380 -13
381 620 -28
381 383 8
600 599 -19
144 165 -8
144 403 13
144 621 19
311 58 19
311 552 -19
311 310 -19
311 313 -8
58 531 -28
58 38 8
552 530 19
552 573 -8
552 82 -19
310 61 -13
310 555 19
310 288 19
310 332 -28
313 554 -8
313 312 -28
313 60 19
280 33 13
280 525 -8
280 302 13
280 281 13
280 258 13
33 32 -19
33 31 28
33 35 8
33 500 8
525 527 28
525 52 -28
525 524 -19
525 523 -19
302 324 -13
302 547 -13
302 303 19
302 53 -13
281 279 -13
281 522 13
281 30 -13
281 283 19
258 259 -8
258 12 8
258 236 8
258 503 -8
560 558 13
560 86 -19
560 559 8
560 562 -13
560 316 -19
558 557 13
558 314 28
558 84 28
86 107 13
86 65 -8
86 87 28
86 341 19
559 538 -8
559 319 -28
559 581 -28
559 89 8
562 318 13
562 88 19
562 561 13
562 564 -28
316 317 13
316 294 19
316 338 28
316 66 -19
151 411 13
151 172 -19
151 152 28
151 629 19
151 131 19
411 650 -8
411 409 28
411 410 -13
411 413 -28
172 433 13
172 193 28
172 651 -19
172 173 28
152 408 19
152 154 19
152 150 8
152 626 -8
629 386 8
629 631 -8
629 627 19
629 628 28
131 389 19
131 111 28
131 608 8
32 503 19
32 11 -8
32 283 8
32 52 8
503 502 -19
503 505 -19
503 501 19
11 12 28
11 481 -8
11 261 8
283 285 -8
283 524 -19
283 282 19
52 73 8
52 53 -8
52 305 -8
20 18 8
20 486 -13
20 19 28
18 16 -28
18 264 -28
18 484 13
18 17 -13
486 508 -19
486 487 -8
19 269 8
19 40 8
203 683 19
203 465 -13
203 204 13
203 182 -28
203 222 13
683 685 -28
683 681 -19
683 440 -13
683 682 13
465 467 8
465 703 13
465 464 -28
465 463 13
204 202 -19
204 462 19
204 206 19
204 680 8
182 661 -19
182 443 13
182 183 13
182 161 8
222 223 28
222 704 19
347 349 19
347 346 -28
347 345 -8
347 92 28
347 587 -28
349 94 19
349 348 19
349 351 -19
349 589 -8
346 95 8
346 324 13
346 368 -19
346 590 13
345 585 8
345 343 13
345 90 28
345 344 -13
92 566 -19
92 71 19
92 113 -28
92 93 19
587 588 19
587 609 -8
587 565 -28
587 116 -8
566 564 -13
566 568 13
566 565 13
566 322 19
71 72 8
71 50 19
71 545 -28
71 325 19
113 369 8
113 588 -19
113 114 -13
113 132 -13
93 95 -28
93 91 -28
93 344 -28
93 563 8
508 267 13
508 530 -13
508 509 13
508 41 13
267 269 -13
267 265 -28
267 17 19
530 531 -19
530 61 -8
530 289 -13
509 38 28
509 507 -28
509 264 8
509 511 -28
41 39 -19
41 288 -13
41 40 -19
318 68 -8
318 340 13
318 319 19
318 296 8
68 538 28
68 67 28
68 70 8
68 66 19
340 362 13
340 341 13
340 584 -28
340 89 -13
319 317 -13
319 65 28
319 321 -13
296 297 -13
296 47 -13
296 274 -19
296 541 8
95 94 -8
95 565 -19
95 97 19
94 73 -19
94 115 -13
94 568 28
565 544 -19
565 325 -13
97 348 -8
97 567 -8
97 99 -19
492 25 28
492 493 -13
492 514 -19
492 251 19
492 470 13
25 27 -13
25 272 -8
25 24 19
25 23 8
493 22 -8
493 491 -8
493 495 19
493 248 28
514 536 13
514 273 19
514 45 -19
514 515 -28
251 253 13
251 249 8
251 250 13
251 1 -8
470 229 8
470 471 19
470 4 -13
55 53 -8
55 57 19
55 304 19
55 54 13
55 524 8
53 51 -19
53 522 28
57 56 -13
57 306 -28
57 526 -19
304 305 -28
304 282 -8
304 549 13
304 326 -28
54 307 -28
54 527 -19
54 34 -13
54 75 13
524 502 13
524 546 28
544 74 19
544 522 28
544 545 28
544 303 -13
74 324 -13
74 73 -19
74 76 -19
74 72 -13
522 500 -28
522 523 13
545 300 19
545 543 -19
545 547 28
303 50 19
303 301 -19
303 305 -19
385 383 -13
385 387 -8
385 624 19
385 384 28
383 126 28
383 382 -8
383 622 13
387 386 -19
387 389 8
387 626 -28
387 129 -28
624 646 -8
624 625 -28
624 150 13
384 130 13
384 362 19
384 627 28
384 406 8
467 705 -28
467 205 13
467 466 -28
703 225 13
703 682 19
703 704 19
464 442 -19
464 706 8
464 206 19
463 201 -28
463 701 -28
463 462 -13
531 533 -13
531 529 28
533 288 13
533 60 19
533 532 -28
529 527 13
529 56 -8
529 528 28
529 284 -8
130 128 -8
130 129 8
128 601 -8
128 127 -13
128 382 28
129 149 -28
129 109 -8
436 179 -19
436 679 -19
436 437 -19
436 414 13
179 178 13
179 181 -13
179 177 -28
179 654 -13
679 199 -19
679 677 -13
679 681 -8
679 678 -28
437 439 -19
437 676 8
437 435 8
437 176 -19
414 415 8
414 392 -28
414 158 -19
414 657 -28
386 364 8
386 408 19
389 391 13
389 628 -13
389 388 -13
626 605 8
626 648 8
626 627 19
610 609 28
610 366 19
610 608 -8
610 612 -13
610 132 13
609 135 8
609 369 19
609 630 -8
366 367 -19
366 114 19
366 344 28
366 388 13
608 364 13
608 607 28
612 368 -28
612 614 13
612 134 28
612 611 -28
132 391 8
132 153 -19
132 133 -8
579 601 8
579 339 -8
579 557 28
579 108 -8
579 580 -8
601 361 -8
601 622 13
339 337 -19
339 84 -28
339 338 8
339 341 8
557 317 19
557 87 28
557 536 -8
108 107 19
108 106 -13
108 110 8
580 336 19
580 582 8
580 578 -19
580 105 -13
178 657 -28
178 157 -19
178 439 -28
178 199 -19
657 656 -8
657 659 13
657 655 19
157 158 -28
157 417 8
157 635 -13
439 438 -8
439 678 -8
439 441 19
199 218 8
199 200 -19
264 265 28
264 242 -8
287 285 -19
287 528 19
287 289 -28
287 36 -19
39 38 -13
39 37 28
39 506 13
564 90 19
564 563 19
564 320 28
568 324 -13
568 570 19
568 567 8
322 300 28
322 72 13
322 344 -19
322 323 -13
660 682 -19
660 421 28
660 661 28
660 185 -19
660 638 13
682 206 -19
682 443 19
421 419 8
421 420 8
421 423 -28
421 161 8
661 418 19
661 663 -13
661 659 28
185 442 -13
185 184 19
185 183 19
638 639 13
638 164 -8
638 617 8
638 399 -13
38 289 -8
38 17 19
289 288 19
289 291 -8
17 487 -19
645 402 -13
645 643 -28
645 647 28
645 644 8
645 166 19
402 380 -19
402 424 28
402 403 -13
402 146 8
643 165 19
643 642 28
647 646 13
647 404 13
647 649 -8
647 168 -19
644 169 28
644 405 28
644 666 19
644 622 -19
166 187 19
166 427 -19
166 145 8
166 167 28
324 325 13
325 323 -28
325 327 28
219 218 19
219 221 -13
676 654 8
676 200 13
676 677 13
698 456 -28
698 696 8
698 700 28
698 217 -13
101 352 19
101 100 -8
101 103 -28
101 99 -13
101 571 19
352 596 19
352 374 8
352 353 -28
100 79 -19
100 355 13
100 574 19
100 121 -13
103 354 28
103 573 13
103 102 8
99 350 19
99 569 -28
99 98 28
571 550 19
571 572 -28
571 331 -8
571 593 19
73 327 -19
73 547 -28
327 326 28
327 567 -28
327 329 19
547 549 -28
547 546 -19
61 60 28
60 40 -28
60 81 -8
550 528 28
550 551 -28
550 80 -13
528 506 8
551 549 -8
551 306 -8
551 77 -19
80 79 13
80 78 -13
80 82 8
391 393 -13
391 630 -28
391 390 -19
393 392 13
393 632 -28
393 134 -28
393 395 -13
630 652 -13
630 631 -13
630 156 -19
390 135 -13
390 412 -8
390 368 -13
390 633 -28
382 625 -13
382 404 -19
338 582 -13
338 87 8
361 363 28
361 359 -28
361 105 -8
135 133 -28
135 137 19
135 134 -8
133 607 -28
133 388 19
137 392 19
137 611 -13
137 139 8
134 115 19
134 155 -28
442 685 28
442 443 -19
442 420 -13
685 205 19
685 684 19
443 445 -19
443 441 -19
420 398 8
420 164 19
420 663 19
107 582 13
107 363 -13
582 581 28
582 584 8
363 362 13
363 365 -28
616 372 8
616 618 19
616 615 -28
616 138 -19
616 614 -8
372 350 19
372 120 -8
372 394 -28
618 140 -8
618 374 13
618 617 -13
618 619 -19
615 141 8
615 375 -19
615 593 28
615 636 8
138 397 -28
138 119 -28
138 159 8
138 139 8
614 613 13
614 370 28
445 684 28
445 184 -19
445 444 19
684 662 13
684 705 19
184 205 -19
184 663 8
184 163 -13
444 466 -8
444 422 -13
585 563 19
585 586 -19
585 607 -8
585 114 -13
563 323 -8
563 542 28
586 584 -28
586 342 -19
586 588 8
586 111 28
607 367 -13
607 628 -13
114 116 13
114 112 13
205 224 8
205 206 28
663 662 28
163 164 -8
163 641 -28
163 142 -19
163 423 -13
448 426 -19
448 190 -8
448 691 8
448 449 -13
426 169 19
426 669 28
426 427 -13
426 404 28
190 189 -8
190 192 -28
190 188 28
190 666 -28
691 689 8
691 690 8
691 692 28
449 447 -8
449 451 28
449 688 8
449 187 13
298 49 -19
298 543 13
298 299 19
298 276 -13
298 320 28
49 51 -8
49 47 28
49 518 13
49 48 13
543 69 -19
543 541 13
543 542 -8
299 301 13
299 540 8
299 297 8
299 46 -19
276 277 -19
276 254 13
276 521 -13
276 29 13
320 321 -19
320 342 28
320 70 -19
169 167 -13
169 171 8
169 168 8
167 642 -28
167 424 13
171 646 28
171 428 13
171 170 -8
171 173 -13
168 147 -13
168 189 8
168 429 -28
300 301 19
300 51 -8
300 278 19
301 48 -19
301 542 28
51 50 13
51 520 -13
278 279 8
278 31 28
278 256 28
278 523 13
257 255 -28
257 498 -8
257 259 -28
257 7 -28
257 256 8
255 254 -8
255 253 13
255 496 -8
255 5 -13
498 31 13
498 476 -13
498 520 -13
498 499 28
259 261 8
259 500 -13
259 9 -8
7 28 13
7 8 8
7 477 19
256 234 -8
256 10 -28
256 501 19
218 700 -13
700 702 8
700 699 -19
331 333 19
331 329 13
331 77 8
574 573 -28
574 576 8
574 572 -28
225 224 -8
225 223 -19
704 706 -13
704 702 -8
704 462 -8
79 333 8
333 573 -8
333 335 13
333 332 -19
336 358 19
336 85 13
336 337 -28
336 314 -8
358 380 -13
358 106 13
358 359 -28
85 556 13
85 87 -19
85 84 19
337 83 -19
337 577 13
314 315 -19
314 292 -19
314 64 19
419 159 -19
419 658 -19
419 417 8
419 418 -8
159 180 19
159 160 13
159 637 28
658 680 -8
658 636 13
658 659 28
658 183 19
417 656 13
417 415 8
417 416 13
418 396 19
418 162 13
418 440 -19
689 208 13
689 446 19
689 687 13
689 688 -19
208 187 19
446 447 -8
446 188 13
446 424 13
687 207 28
687 686 -13
688 210 28
688 666 19
455 454 -13
455 693 -13
455 453 -13
455 193 -13
454 196 -8
454 696 28
454 432 13
693 694 -8
693 672 19
693 216 -8
453 191 -13
453 452 -13
453 451 19
193 673 19
193 213 13
193 194 -13
581 110 28
581 341 -19
584 109 -13
584 583 8
305 307 28
305 546 8
282 527 28
282 260 19
282 35 -8
549 75 28
549 548 28
326 76 28
326 348 -28
326 570 -28
307 548 -28
307 306 13
548 78 28
548 526 -28
548 569 -8
306 284 13
306 328 19
599 359 8
599 620 -19
599 127 19
599 577 13
620 642 28
620 621 28
620 146 -13
127 380 -8
127 126 -13
577 578 13
577 106 -28
577 556 19
147 625 -28
147 148 -19
147 407 19
625 623 19
625 627 -8
148 404 13
148 150 -8
148 146 19
148 622 -19
407 409 -19
407 646 13
407 405 28
407 406 8
263 13 13
263 261 -28
263 504 13
263 265 -13
263 262 28
13 34 8
13 483 -28
13 14 28
261 502 19
261 260 -28
504 37 -13
504 482 19
504 526 -28
504 505 28
265 506 -28
265 15 8
262 16 13
262 240 28
262 507 28
262 284 -28
224 706 -19
706 705 -8
487 485 -28
487 242 13
16 15 8
16 14 19
16 482 19
15 485 -13
15 36 -8
14 260 -19
14 12 8
14 480 -19
482 241 -19
482 483 -19
343 88 19
343 341 28
343 342 13
343 583 -8
88 67 -13
88 89 13
88 109 -13
342 91 -8
342 364 13
583 605 -19
583 112 -8
583 561 -19
67 321 -8
67 541 -8
67 46 13
89 91 -28
89 87 19
109 110 13
109 365 13
488 510 -19
488 247 -19
76 75 13
76 78 -8
76 546 8
75 329 -19
78 328 -13
78 77 13
546 567 -19
90 111 -28
90 69 19
90 91 -28
111 367 28
111 112 28
69 323 13
69 70 -8
69 48 8
91 561 19
50 523 8
50 30 -8
520 279 -13
520 521 8
520 542 13
699 678 19
699 221 -19
460 438 -19
460 202 -13
460 702 -19
246 247 -28
246 268 8
268 269 28
268 290 -13
527 526 -28
526 285 -8
380 623 -8
623 621 28
623 145 19
623 622 -19
126 105 8
126 145 -13
105 106 13
105 84 13
145 405 19
145 146 28
554 555 -19
554 532 13
554 575 -28
312 290 28
312 334 13
605 365 19
365 367 -19
365 364 19
561 321 28
561 540 13
269 510 -8
510 532 19
510 511 8
40 511 13
40 291 -28
34 505 -19
34 285 -13
34 35 13
505 260 8
505 507 19
285 284 -19
35 37 13
35 502 -28
115 371 13
115 116 19
115 590 -19
196 195 13
196 198 28
196 194 -8
196 672 8
195 675 -28
195 215 -8
195 174 8
198 456 19
198 674 -8
198 200 28
194 452 -13
194 670 -8
194 192 13
672 433 -8
672 650 13
672 673 -8
677 675 -19
677 434 -8
681 438 8
681 680 28
681 201 13
678 202 -8
678 656 28
56 77 -19
56 36 -19
532 291 -19
243 242 28
243 241 -8
243 484 8
241 239 -13
241 240 28
484 485 8
484 506 -28
364 112 -8
408 409 -28
408 430 -13
408 651 19
438 181 -28
438 416 28
181 656 -19
181 180 13
181 183 -8
416 394 13
416 160 -8
416 659 28
570 569 -19
570 572 -19
567 589 -28
662 640 -19
662 423 -8
640 641 -28
640 401 -19
423 422 13
279 277 8
279 28 19
277 275 8
277 26 -19
277 518 -28
28 48 -19
28 29 13
28 499 -19
31 29 -28
31 30 -19
29 27 -13
29 496 -8
30 9 13
30 501 -28
202 200 -13
202 201 -8
201 180 8
201 220 -13
252 230 8
252 253 8
252 497 8
252 274 -19
252 6 13
230 231 -8
230 475 19
253 3 19
253 494 -8
497 26 19
497 499 -13
497 496 -28
497 495 19
274 275 -19
274 27 -19
274 519 -8
6 8 8
6 5 13
6 4 8
6 472 28
317 63 -28
317 315 13
63 84 13
63 43 -13
63 64 -13
63 537 19
315 556 19
315 62 -19
541 540 -13
541 539 13
542 72 28
422 400 -13
450 451 -8
450 428 -8
450 192 28
450 692 -28
451 189 8
451 690 28
428 671 28
428 406 28
428 429 -13
192 191 -8
192 668 28
692 211 28
692 694 -19
284 37 8
234 235 28
234 479 28
10 9 19
10 8 -28
10 476 -8
10 12 19
501 500 28
501 499 -19
37 36 8
36 507 13
500 478 -13
9 479 28
479 477 13
479 481 28
479 478 8
483 485 -13
483 238 -13
483 481 19
396 639 8
396 141 19
396 397 19
396 374 13
162 164 -28
162 160 8
162 636 28
162 161 28
440 441 -19
440 183 -8
440 462 28
485 240 28
72 70 -13
70 540 28
398 376 8
398 641 13
398 143 -8
398 399 19
377 375 -28
377 617 13
377 376 19
377 121 -28
377 379 13
375 374 -19
375 119 8
617 595 28
617 143 -28
376 354 8
376 619 -28
376 124 28
121 140 8
121 596 19
121 122 19
379 378 8
379 123 28
696 215 28
696 695 -8
696 694 -28
432 675 28
432 433 13
432 175 -19
432 410 -28
456 434 19
434 435 -13
434 412 28
434 177 28
328 350 -28
328 572 19
328 329 -13
556 534 -8
534 535 -19
534 293 28
534 512 13
534 64 28
506 507 8
536 295 13
536 66 -8
536 537 -8
639 161 -19
639 641 -13
639 637 28
161 140 19
637 635 -8
637 394 -28
637 636 13
21 491 8
21 42 -28
21 271 28
21 0 13
491 490 -8
42 62 -19
42 293 -8
42 513 13
271 270 8
271 512 -8
271 273 28
0 249 8
0 469 8
77 98 8
675 674 -13
675 673 -8
674 695 19
674 652 8
674 435 8
673 671 13
673 430 13
191 671 8
191 170 28
191 211 8
671 670 13
671 669 -8
170 431 -19
170 149 -28
170 649 -28
211 212 8
555 81 -13
81 335 -13
81 102 8
81 82 -8
523 521 -13
701 223 13
701 702 13
701 680 -13
239 238 8
239 480 19
239 237 -28
238 260 13
480 502 -8
480 481 13
237 236 -8
237 478 8
237 235 -8
275 24 -19
275 273 -19
275 516 28
24 3 19
24 495 -8
273 22 -13
273 272 8
516 538 13
516 517 -28
516 47 -28
516 494 -13
223 221 13
221 220 13
27 494 28
27 26 13
494 472 -19
494 495 8
26 5 -19
26 46 -28
215 216 19
174 435 28
174 153 -13
174 653 -13
174 175 19
518 540 19
518 519 13
518 496 -19
656 634 8
680 441 -19
291 290 -28
62 535 13
62 83 -19
535 537 28
538 297 -8
538 539 19
297 295 28
539 294 19
539 65 -13
539 537 28
433 435 19
433 431 13
431 670 -19
431 430 8
431 429 -28
254 8 -28
254 499 28
254 232 -8
8 474 -13
232 477 19
232 233 28
65 66 -13
321 323 -28
22 1 -19
22 43 -28
22 23 -19
495 250 13
248 270 19
248 249 19
248 2 -8
248 226 -28
46 47 19
46 519 13
595 355 28
595 573 -28
595 124 -19
595 596 8
355 354 28
355 353 -19
355 357 -28
124 123 19
124 122 -8
596 594 -13
596 598 8
176 155 -8
176 655 8
176 177 -8
452 430 8
452 694 -19
430 173 28
694 213 -28
177 652 -8
177 175 19
654 415 -19
654 632 -8
654 655 8
228 229 -19
228 250 -8
228 473 28
229 231 -28
229 227 28
250 272 28
250 4 19
473 472 19
473 475 13
473 471 -8
473 3 -8
659 180 19
12 478 -13
236 481 28
295 293 -13
295 43 19
295 294 -8
293 292 -13
43 515 19
43 44 28
294 45 13
294 272 -8
354 332 13
354 598 -13
619 142 -8
400 378 8
400 401 -8
378 356 8
123 598 -13
123 102 -13
123 142 -13
702 220 -8
670 648 8
648 409 -28
648 649 -28
648 173 -19
598 597 8
102 357 -13
102 576 -8
142 401 19
142 143 28
447 186 8
447 686 -13
187 188 -8
187 667 13
235 233 -28
235 476 8
399 140 -28
399 397 28
399 401 -19
48 521 -13
270 23 13
270 515 -28
270 292 19
23 490 13
515 517 -28
515 513 -8
292 537 -19
292 44 -19
374 122 -28
353 593 -28
353 351 -13
353 98 -13
1 2 19
1 471 -19
652 413 19
652 653 19
82 332 -8
213 214 -8
476 477 -19
512 490 -28
512 513 8
512 44 19
64 66 13
521 519 13
519 517 28
5 475 13
650 175 -28
650 628 -19
650 651 -19
175 173 28
628 154 -8
651 649 8
651 653 13
141 140 -13
141 139 19
141 143 -19
397 636 19
397 395 19
410 154 19
410 388 -8
410 653 -19
362 110 8
153 154 -28
153 631 19
153 413 28
653 655 -13
634 635 13
634 160 -28
634 395 -28
634 613 8
209 210 -19
209 189 -28
210 212 8
189 669 -28
216 214 -13
409 149 13
149 150 28
149 627 -19
122 120 28
122 593 -19
441 180 8
231 472 -13
231 233 -8
475 474 -13
475 477 -13
45 47 13
45 44 -19
272 517 -19
3 4 8
348 370 28
370 392 28
370 371 -8
4 2 13
356 357 19
356 334 19
669 668 28
669 667 -8
415 413 -13
415 155 -8
413 412 -8
155 156 -13
155 633 19
690 668 -8
690 212 -28
646 668 19
668 429 19
332 576 19
667 665 28
667 424 13
667 666 28
392 635 19
635 633 -28
406 150 -19
406 649 -28
429 427 -19
158 160 -19
158 156 13
158 632 -28
156 154 -19
156 412 19
632 633 8
632 611 19
412 655 -8
249 490 -13
490 468 -8
212 214 -28
474 233 19
474 496 -19
367 369 -13
369 371 19
369 368 -28
186 665 -13
186 165 19
186 207 -13
686 664 -8
350 594 8
350 351 -8
594 593 19
594 119 -13
351 591 28
631 388 19
631 633 8
665 664 13
664 188 -8
664 642 28
664 425 28
613 591 -19
613 139 -19
371 611 8
120 119 -8
120 591 13
119 98 -13
591 569 28
597 575 -28
597 357 13
227 468 -28
227 226 13
334 335 28
394 139 -13
394 395 19
575 576 8
575 335 -8
98 572 13
468 469 28
468 2 -8
469 471 -19
226 471 28
344 588 8
368 116 -8
588 590 13
424 425 -28
569 329 -13
642 403 13
425 427 -13
425 165 -19
666 427 13
589 611 19
589 590 -13
404 405 -13
110 112 -13
405 403 -13
