117 592 -13
117 136 -13
117 373 -28
117 118 13
117 96 8
592 348 8
592 591 8
592 594 -19
592 590 19
136 157 19
136 137 13
136 395 13
136 614 -19
373 375 -8
373 372 -13
373 613 13
373 371 13
118 120 13
118 370 19
118 116 -19
118 589 19
96 97 -28
96 351 8
96 570 19
96 75 -19
459 197 28
459 457 28
459 458 -28
459 461 28
459 697 -8
197 198 19
197 176 -8
197 677 -13
197 217 8
457 455 -28
457 456 8
457 195 -28
457 695 8
458 436 -8
458 700 13
458 200 8
461 199 8
461 463 -28
461 699 13
461 460 13
697 219 -19
697 676 8
697 698 8
244 245 8
244 266 13
244 489 13
245 486 19
245 243 8
245 247 8
266 20 -13
266 511 13
266 288 -8
266 267 28
489 487 13
489 19 -13
489 488 -19
308 286 19
308 553 -13
308 309 -28
308 330 13
308 59 8
286 531 -28
286 264 19
286 287 19
286 39 19
553 79 8
553 555 28
553 551 8
553 552 28
309 311 -19
309 550 13
309 307 -19
309 56 13
330 331 -13
330 574 13
330 352 8
330 80 8
59 61 -13
59 57 28
59 528 -28
59 58 -19
604 360 -28
604 602 -8
604 603 -19
604 606 8
360 382 -13
360 338 28
360 361 19
360 108 -19
602 126 -28
602 601 -28
602 600 -13
602 358 -13
603 130 -28
603 363 8
603 581 28
603 624 19
606 605 -28
606 129 -19
606 608 19
606 362 -19
125 104 -13
125 381 19
125 600 -13
125 144 13
104 578 -28
104 83 28
104 359 8
381 380 -28
381 620 28
381 383 -19
600 599 28
144 165 19
144 403 -8
144 621 8
311 58 -8
311 552 -28
311 310 8
311 313 -8
58 531 28
58 38 13
552 530 -28
552 573 28
552 82 -8
310 61 -28
310 555 8
310 288 13
310 332 -28
313 554 -13
313 312 28
313 60 -13
280 33 19
280 525 -13
280 302 -28
280 281 -19
280 258 28
33 32 28
33 31 -8
33 35 13
33 500 -13
525 527 13
525 52 13
525 524 19
525 523 -19
302 324 19
302 547 -19
302 303 19
302 53 8
281 279 13
281 522 19
281 30 19
281 283 8
258 259 8
258 12 -19
258 236 -19
258 503 -28
560 558 13
560 86 -28
560 559 -8
560 562 -28
560 316 -13
558 557 13
558 314 -19
558 84 28
86 107 -13
86 65 19
86 87 28
86 341 -19
559 538 8
559 319 8
559 581 -28
559 89 -19
562 318 19
562 88 -28
562 561 8
562 564 -13
316 317 -8
316 294 28
316 338 28
316 66 19
151 411 19
151 172 -28
151 152 13
151 629 -8
151 131 13
411 650 -28
411 409 28
411 410 -28
411 413 8
172 433 28
172 193 -8
172 651 28
172 173 13
152 408 13
152 154 28
152 150 13
152 626 -28
629 386 -13
629 631 13
629 627 28
629 628 8
131 389 28
131 111 19
131 608 -13
32 503 8
32 11 19
32 283 28
32 52 19
503 502 8
503 505 -19
503 501 -8
11 12 28
11 481 19
11 261 -8
283 285 19
283 524 19
283 282 -8
52 73 28
52 53 -13
52 305 19
20 18 19
20 486 19
20 19 -19
18 16 -19
18 264 8
18 484 13
18 17 -19
486 508 19
486 487 8
19 269 -8
19 40 13
203 683 8
203 465 -19
203 204 -19
203 182 -8
203 222 19
683 685 -28
683 681 -19
683 440 13
683 682 13
465 467 13
465 703 -8
465 464 28
465 463 8
204 202 -19
204 462 13
204 206 8
204 680 -28
182 661 19
182 443 28
182 183 8
182 161 -19
222 223 -8
222 704 -13
347 349 8
347 346 28
347 345 -8
347 92 13
347 587 -28
349 94 8
349 348 13
349 351 -28
349 589 19
346 95 -19
346 324 19
346 368 -19
346 590 -19
345 585 28
345 343 -13
345 90 -13
345 344 13
92 566 13
92 71 -13
92 113 19
92 93 -8
587 588 28
587 609 19
587 565 -13
587 116 -19
566 564 8
566 568 -28
566 565 8
566 322 13
71 72 -28
71 50 19
71 545 19
71 325 13
113 369 19
113 588 19
113 114 8
113 132 13
93 95 -19
93 91 -8
93 344 -19
93 563 -13
508 267 8
508 530 -19
508 509 -19
508 41 -13
267 269 28
267 265 28
267 17 28
530 531 -19
530 61 19
530 289 -8
509 38 -13
509 507 13
509 264 -19
509 511 -8
41 39 -19
41 288 -19
41 40 19
318 68 28
318 340 19
318 319 13
318 296 28
68 538 19
68 67 28
68 70 -13
68 66 -28
340 362 19
340 341 28
340 584 -19
340 89 28
319 317 13
319 65 8
319 321 13
296 297 -13
296 47 -28
296 274 19
296 541 -19
95 94 13
95 565 28
95 97 -8
94 73 -8
94 115 -28
94 568 19
565 544 -28
565 325 19
97 348 13
97 567 19
97 99 -19
492 25 19
492 493 -8
492 514 -13
492 251 -19
492 470 13
25 27 -8
25 272 13
25 24 -8
25 23 -28
493 22 8
493 491 -28
493 495 -28
493 248 13
514 536 -13
514 273 28
514 45 19
514 515 19
251 253 28
251 249 -8
251 250 -28
251 1 28
470 229 -8
470 471 8
470 4 -13
55 53 -28
55 57 -28
55 304 8
55 54 -19
55 524 13
53 51 -13
53 522 13
57 56 -28
57 306 -8
57 526 13
304 305 -28
304 282 19
304 549 -28
304 326 -19
54 307 19
54 527 -8
54 34 8
54 75 -19
524 502 -8
524 546 8
544 74 8
544 522 -28
544 545 8
544 303 19
74 324 -8
74 73 -28
74 76 8
74 72 13
522 500 28
522 523 -28
545 300 28
545 543 19
545 547 -19
303 50 -19
303 301 19
303 305 28
385 383 -8
385 387 -13
385 624 -19
385 384 28
383 126 19
383 382 13
383 622 -19
387 386 -19
387 389 19
387 626 13
387 129 13
624 646 -28
624 625 13
624 150 -13
384 130 -19
384 362 -28
384 627 -28
384 406 -19
467 705 -8
467 205 -28
467 466 -19
703 225 13
703 682 -19
703 704 -8
464 442 19
464 706 19
464 206 -13
463 201 -28
463 701 -13
463 462 28
531 533 8
531 529 -8
533 288 -19
533 60 -8
533 532 -19
529 527 13
529 56 -8
529 528 -28
529 284 -13
130 128 -13
130 129 28
128 601 -19
128 127 28
128 382 -8
129 149 28
129 109 -19
436 179 -8
436 679 -19
436 437 -28
436 414 -19
179 178 -19
179 181 -19
179 177 19
179 654 -19
679 199 -28
679 677 19
679 681 8
679 678 -28
437 439 -19
437 676 -19
437 435 -28
437 176 -13
414 415 28
414 392 28
414 158 13
414 657 8
386 364 13
386 408 19
389 391 -28
389 628 -8
389 388 28
626 605 -8
626 648 -13
626 627 13
610 609 -28
610 366 -8
610 608 28
610 612 -28
610 132 28
609 135 -19
609 369 -13
609 630 19
366 367 28
366 114 -28
366 344 8
366 388 -8
608 364 19
608 607 19
612 368 -8
612 614 13
612 134 19
612 611 13
132 391 -28
132 153 -19
132 133 -13
579 601 -19
579 339 8
579 557 19
579 108 -8
579 580 28
601 361 -13
601 622 19
339 337 13
339 84 -8
339 338 -8
339 341 19
557 317 28
557 87 -13
557 536 28
108 107 13
108 106 -8
108 110 13
580 336 19
580 582 -19
580 578 -28
580 105 -19
178 657 -8
178 157 -8
178 439 -19
178 199 -8
657 656 -19
657 659 -8
657 655 19
157 158 28
157 417 -8
157 635 13
439 438 19
439 678 -8
439 441 8
199 218 13
199 200 -13
264 265 -28
264 242 -13
287 285 -13
287 528 -8
287 289 -19
287 36 -13
39 38 -8
39 37 -13
39 506 -28
564 90 8
564 563 -8
564 320 -8
568 324 -13
568 570 -13
568 567 -13
322 300 -8
322 72 -28
322 344 -28
322 323 -8
660 682 -13
660 421 13
660 661 -19
660 185 -13
660 638 -19
682 206 -19
682 443 8
421 419 -19
421 420 28
421 423 -28
421 161 8
661 418 -8
661 663 19
661 659 -28
185 442 13
185 184 8
185 183 -19
638 639 8
638 164 -19
638 617 8
638 399 -8
38 289 -13
38 17 -28
289 288 8
289 291 19
17 487 -28
645 402 8
645 643 -8
645 647 28
645 644 -8
645 166 -8
402 380 -28
402 424 -19
402 403 -28
402 146 -19
643 165 -8
643 642 19
647 646 28
647 404 -8
647 649 19
647 168 19
644 169 -19
644 405 28
644 666 19
644 622 -19
166 187 28
166 427 13
166 145 13
166 167 8
324 325 13
325 323 13
325 327 -8
219 218 8
219 221 -19
676 654 8
676 200 8
676 677 -8
698 456 8
698 696 -28
698 700 -28
698 217 -19
101 352 -8
101 100 19
101 103 -28
101 99 13
101 571 13
352 596 28
352 374 -28
352 353 28
100 79 -8
100 355 8
100 574 -13
100 121 28
103 354 28
103 573 19
103 102 -28
99 350 28
99 569 -13
99 98 19
571 550 -28
571 572 -19
571 331 13
571 593 -19
73 327 -28
73 547 -28
327 326 -19
327 567 8
327 329 28
547 549 -13
547 546 -13
61 60 -8
60 40 -19
60 81 -19
550 528 -8
550 551 19
550 80 -8
528 506 19
551 549 13
551 306 -8
551 77 19
80 79 -28
80 78 13
80 82 8
391 393 -8
391 630 13
391 390 8
393 392 -19
393 632 -8
393 134 8
393 395 -28
630 652 19
630 631 8
630 156 28
390 135 8
390 412 19
390 368 19
390 633 -28
382 625 13
382 404 -8
338 582 -8
338 87 28
361 363 28
361 359 -28
361 105 19
135 133 -19
135 137 -28
135 134 8
133 607 28
133 388 -8
137 392 -19
137 611 -13
137 139 13
134 115 13
134 155 -8
442 685 28
442 443 -28
442 420 28
685 205 28
685 684 28
443 445 8
443 441 28
420 398 -13
420 164 8
420 663 -8
107 582 -13
107 363 -8
582 581 28
582 584 -28
363 362 19
363 365 28
616 372 -28
616 618 13
616 615 13
616 138 -28
616 614 -19
372 350 -28
372 120 -13
372 394 -19
618 140 19
618 374 -13
618 617 28
618 619 13
615 141 28
615 375 -19
615 593 19
615 636 19
138 397 13
138 119 13
138 159 28
138 139 -13
614 613 13
614 370 -19
445 684 13
445 184 -13
445 444 -19
684 662 8
684 705 28
184 205 19
184 663 -13
184 163 -28
444 466 13
444 422 -28
585 563 19
585 586 19
585 607 -13
585 114 -19
563 323 28
563 542 13
586 584 8
586 342 -8
586 588 -13
586 111 13
607 367 8
607 628 -8
114 116 -8
114 112 -8
205 224 28
205 206 8
663 662 -8
163 164 19
163 641 -28
163 142 28
163 423 -28
448 426 13
448 190 8
448 691 -8
448 449 8
426 169 13
426 669 19
426 427 28
426 404 28
190 189 -8
190 192 -19
190 188 -28
190 666 -19
691 689 8
691 690 19
691 692 8
449 447 -13
449 451 -19
449 688 -8
449 187 8
298 49 19
298 543 -13
298 299 28
298 276 -19
298 320 -8
49 51 8
49 47 -28
49 518 -13
49 48 28
543 69 -8
543 541 -19
543 542 -13
299 301 -19
299 540 -28
299 297 -8
299 46 -19
276 277 19
276 254 28
276 521 13
276 29 13
320 321 8
320 342 13
320 70 -19
169 167 8
169 171 19
169 168 -8
167 642 28
167 424 -13
171 646 -8
171 428 -19
171 170 8
171 173 -13
168 147 -8
168 189 -13
168 429 -13
300 301 19
300 51 -13
300 278 -8
301 48 13
301 542 -19
51 50 -28
51 520 19
278 279 28
278 31 -28
278 256 19
278 523 -8
257 255 13
257 498 -8
257 259 -8
257 7 28
257 256 28
255 254 19
255 253 -28
255 496 -13
255 5 -19
498 31 13
498 476 -28
498 520 19
498 499 -19
259 261 19
259 500 19
259 9 13
7 28 13
7 8 8
7 477 -28
256 234 19
256 10 13
256 501 -28
218 700 13
700 702 -19
700 699 28
331 333 -13
331 329 -8
331 77 28
574 573 28
574 576 -8
574 572 -19
225 224 19
225 223 28
704 706 -28
704 702 -28
704 462 -28
79 333 8
333 573 13
333 335 -19
333 332 8
336 358 -19
336 85 -28
336 337 -13
336 314 -19
358 380 -8
358 106 -13
358 359 -8
85 556 28
85 87 -8
85 84 -19
337 83 -13
337 577 -28
314 315 -13
314 292 -28
314 64 -28
419 159 19
419 658 19
419 417 28
419 418 -19
159 180 -8
159 160 -13
159 637 -8
658 680 -8
658 636 -19
658 659 8
658 183 8
417 656 -19
417 415 19
417 416 -28
418 396 -13
418 162 -13
418 440 19
689 208 -8
689 446 28
689 687 -8
689 688 -28
208 187 -28
446 447 -8
446 188 28
446 424 -8
687 207 -8
687 686 8
688 210 -19
688 666 8
455 454 -28
455 693 8
455 453 8
455 193 28
454 196 13
454 696 13
454 432 -28
693 694 -28
693 672 13
693 216 8
453 191 -8
453 452 13
453 451 28
193 673 -19
193 213 -8
193 194 28
581 110 28
581 341 19
584 109 -8
584 583 28
305 307 8
305 546 13
282 527 -19
282 260 -8
282 35 19
549 75 -13
549 548 8
326 76 8
326 348 19
326 570 -28
307 548 -13
307 306 -13
548 78 -28
548 526 19
548 569 -13
306 284 8
306 328 19
599 359 19
599 620 8
599 127 28
599 577 28
620 642 -13
620 621 13
620 146 8
127 380 -19
127 126 -8
577 578 -8
577 106 -8
577 556 8
147 625 19
147 148 28
147 407 -8
625 623 -19
625 627 -19
148 404 -13
148 150 -28
148 146 19
148 622 -13
407 409 -28
407 646 8
407 405 19
407 406 8
263 13 19
263 261 8
263 504 -19
263 265 19
263 262 -28
13 34 -28
13 483 -8
13 14 28
261 502 13
261 260 13
504 37 13
504 482 28
504 526 28
504 505 -28
265 506 19
265 15 13
262 16 -13
262 240 -8
262 507 13
262 284 -8
224 706 13
706 705 13
487 485 8
487 242 -19
16 15 28
16 14 -13
16 482 8
15 485 13
15 36 8
14 260 -28
14 12 -19
14 480 13
482 241 28
482 483 19
343 88 -28
343 341 -19
343 342 -19
343 583 -13
88 67 -19
88 89 -8
88 109 19
342 91 -13
342 364 13
583 605 -19
583 112 -8
583 561 8
67 321 19
67 541 8
67 46 19
89 91 -8
89 87 8
109 110 13
109 365 -19
488 510 13
488 247 8
76 75 13
76 78 -13
76 546 -28
75 329 13
78 328 28
78 77 -8
546 567 -8
90 111 28
90 69 -13
90 91 -19
111 367 -19
111 112 13
69 323 13
69 70 13
69 48 -19
91 561 19
50 523 -28
50 30 -13
520 279 19
520 521 19
520 542 8
699 678 -19
699 221 -19
460 438 8
460 202 -19
460 702 28
246 247 28
246 268 13
268 269 8
268 290 -19
527 526 -19
526 285 -19
380 623 13
623 621 -8
623 145 -8
623 622 -28
126 105 -13
126 145 -28
105 106 28
105 84 -19
145 405 13
145 146 8
554 555 -8
554 532 -8
554 575 -8
312 290 -28
312 334 -13
605 365 28
365 367 -19
365 364 8
561 321 28
561 540 -28
269 510 -8
510 532 8
510 511 -28
40 511 -19
40 291 -13
34 505 28
34 285 8
34 35 28
505 260 -13
505 507 -28
285 284 -19
35 37 -8
35 502 13
115 371 -13
115 116 19
115 590 28
196 195 19
196 198 -28
196 194 13
196 672 -19
195 675 -8
195 215 -28
195 174 -8
198 456 13
198 674 13
198 200 28
194 452 -19
194 670 28
194 192 -13
672 433 -13
672 650 8
672 673 8
677 675 -8
677 434 19
681 438 13
681 680 -13
681 201 13
678 202 -28
678 656 -28
56 77 -19
56 36 -28
532 291 -28
243 242 -13
243 241 -19
243 484 28
241 239 -8
241 240 -13
484 485 13
484 506 -8
364 112 -13
408 409 13
408 430 13
408 651 28
438 181 -8
438 416 28
181 656 -28
181 180 28
181 183 8
416 394 -28
416 160 -13
416 659 -28
570 569 -13
570 572 28
567 589 13
662 640 19
662 423 -13
640 641 13
640 401 8
423 422 -13
279 277 19
279 28 13
277 275 -8
277 26 -28
277 518 -19
28 48 28
28 29 -28
28 499 13
31 29 8
31 30 8
29 27 13
29 496 8
30 9 -28
30 501 13
202 200 28
202 201 -8
201 180 -28
201 220 28
252 230 -8
252 253 -19
252 497 -8
252 274 28
252 6 19
230 231 8
230 475 28
253 3 13
253 494 28
497 26 -28
497 499 -28
497 496 -28
497 495 -28
274 275 19
274 27 19
274 519 13
6 8 -19
6 5 -28
6 4 13
6 472 -8
317 63 8
317 315 13
63 84 -28
63 43 13
63 64 19
63 537 -8
315 556 -13
315 62 13
541 540 -19
541 539 -8
542 72 13
422 400 8
450 451 28
450 428 -13
450 192 -13
450 692 13
451 189 28
451 690 -8
428 671 19
428 406 -28
428 429 -19
192 191 -13
192 668 19
692 211 -28
692 694 -8
284 37 28
234 235 -13
234 479 -13
10 9 -8
10 8 8
10 476 28
10 12 -13
501 500 -13
501 499 -28
37 36 -28
36 507 -28
500 478 -19
9 479 -19
479 477 28
479 481 -8
479 478 -19
483 485 28
483 238 -19
483 481 -8
396 639 28
396 141 -19
396 397 -28
396 374 -8
162 164 -8
162 160 28
162 636 -19
162 161 13
440 441 8
440 183 -19
440 462 -19
485 240 -28
72 70 8
70 540 -8
398 376 28
398 641 28
398 143 -13
398 399 28
377 375 -13
377 617 -13
377 376 19
377 121 -28
377 379 19
375 374 -28
375 119 19
617 595 8
617 143 8
376 354 13
376 619 13
376 124 -8
121 140 28
121 596 19
121 122 13
379 378 -13
379 123 28
696 215 28
696 695 -19
696 694 -28
432 675 -13
432 433 -19
432 175 28
432 410 -19
456 434 -13
434 435 8
434 412 -8
434 177 13
328 350 19
328 572 -13
328 329 19
556 534 -13
534 535 13
534 293 19
534 512 -8
534 64 19
506 507 -28
536 295 -13
536 66 -28
536 537 13
639 161 19
639 641 -13
639 637 -28
161 140 28
637 635 -28
637 394 -13
637 636 19
21 491 19
21 42 -19
21 271 19
21 0 13
491 490 19
42 62 8
42 293 8
42 513 -28
271 270 -28
271 512 -13
271 273 -8
0 249 -19
0 469 8
77 98 -13
675 674 -19
675 673 -13
674 695 8
674 652 8
674 435 -28
673 671 13
673 430 -13
191 671 -8
191 170 -13
191 211 -13
671 670 19
671 669 -13
170 431 28
170 149 19
170 649 8
211 212 28
555 81 28
81 335 -28
81 102 -28
81 82 13
523 521 -28
701 223 8
701 702 28
701 680 19
239 238 28
239 480 8
239 237 -13
238 260 -8
480 502 8
480 481 -13
237 236 8
237 478 19
237 235 13
275 24 -19
275 273 8
275 516 -19
24 3 -13
24 495 8
273 22 -19
273 272 -13
516 538 28
516 517 -28
516 47 28
516 494 -19
223 221 8
221 220 -13
27 494 -19
27 26 19
494 472 -13
494 495 -19
26 5 19
26 46 -8
215 216 -19
174 435 28
174 153 -13
174 653 -28
174 175 28
518 540 -8
518 519 -19
518 496 8
656 634 13
680 441 13
291 290 8
62 535 8
62 83 -13
535 537 28
538 297 13
538 539 8
297 295 -28
539 294 13
539 65 13
539 537 -19
433 435 19
433 431 -28
431 670 -28
431 430 8
431 429 -19
254 8 13
254 499 13
254 232 8
8 474 28
232 477 13
232 233 28
65 66 -28
321 323 28
22 1 -8
22 43 8
22 23 13
495 250 8
248 270 -8
248 249 19
248 2 13
248 226 -8
46 47 -8
46 519 8
595 355 13
595 573 8
595 124 -8
595 596 28
355 354 -28
355 353 13
355 357 -28
124 123 13
124 122 -28
596 594 28
596 598 28
176 155 13
176 655 8
176 177 -28
452 430 -28
452 694 13
430 173 28
694 213 19
177 652 -28
177 175 -19
654 415 19
654 632 19
654 655 28
228 229 8
228 250 13
228 473 -8
229 231 13
229 227 -19
250 272 -8
250 4 -19
473 472 -28
473 475 8
473 471 19
473 3 -19
659 180 28
12 478 28
236 481 13
295 293 -28
295 43 -13
295 294 -8
293 292 -19
43 515 13
43 44 -28
294 45 -8
294 272 19
354 332 13
354 598 -28
619 142 -28
400 378 -28
400 401 28
378 356 -28
123 598 -19
123 102 28
123 142 -28
702 220 -28
670 648 -13
648 409 -13
648 649 -28
648 173 -19
598 597 13
102 357 19
102 576 19
142 401 13
142 143 13
447 186 13
447 686 -28
187 188 13
187 667 19
235 233 13
235 476 19
399 140 -19
399 397 -28
399 401 13
48 521 28
270 23 -8
270 515 -28
270 292 -28
23 490 -28
515 517 -19
515 513 -13
292 537 -28
292 44 -19
374 122 28
353 593 -28
353 351 -13
353 98 -13
1 2 -8
1 471 -28
652 413 -8
652 653 -8
82 332 13
213 214 8
476 477 8
512 490 -28
512 513 -13
512 44 -28
64 66 28
521 519 -8
519 517 -28
5 475 13
650 175 8
650 628 13
650 651 -19
175 173 19
628 154 28
651 649 -19
651 653 -28
141 140 -28
141 139 28
141 143 19
397 636 19
397 395 -13
410 154 19
410 388 28
410 653 -19
362 110 19
153 154 8
153 631 19
153 413 -19
653 655 28
634 635 -13
634 160 -13
634 395 -13
634 613 -8
209 210 13
209 189 28
210 212 -13
189 669 13
216 214 13
409 149 13
149 150 -19
149 627 -28
122 120 28
122 593 28
441 180 -28
231 472 28
231 233 28
475 474 -28
475 477 -28
45 47 28
45 44 28
272 517 19
3 4 19
348 370 28
370 392 19
370 371 8
4 2 -19
356 357 19
356 334 19
669 668 -19
669 667 -13
415 413 13
415 155 -13
413 412 19
155 156 13
155 633 28
690 668 19
690 212 -19
646 668 -13
668 429 8
332 576 8
667 665 -19
667 424 -28
667 666 8
392 635 -28
635 633 -13
406 150 -13
406 649 13
429 427 19
158 160 -13
158 156 13
158 632 -28
156 154 -28
156 412 -19
632 633 -28
632 611 -28
412 655 8
249 490 13
490 468 28
212 214 -28
474 233 28
474 496 28
367 369 28
369 371 28
369 368 8
186 665 13
186 165 -13
186 207 8
686 664 -13
350 594 19
350 351 8
594 593 -13
594 119 8
351 591 -8
631 388 -19
631 633 -28
665 664 -28
664 188 -13
664 642 -28
664 425 -28
613 591 -28
613 139 13
371 611 13
120 119 -28
120 591 28
119 98 13
591 569 19
597 575 28
597 357 -28
227 468 -13
227 226 13
334 335 -13
394 139 -28
394 395 28
575 576 19
575 335 19
98 572 -8
468 469 19
468 2 -8
469 471 -13
226 471 -8
344 588 28
368 116 -19
588 590 19
424 425 -19
569 329 28
642 403 -19
425 427 -28
425 165 13
666 427 28
589 611 -8
589 590 13
404 405 -8
110 112 -13
405 403 -13
