117 592 19
117 136 -28
117 373 -13
117 118 28
117 96 -19
592 348 -13
592 591 -8
592 594 -13
592 590 28
136 157 28
136 137 19
136 395 -13
136 614 -8
373 375 -13
373 372 -13
373 613 28
373 371 19
118 120 -19
118 370 -19
118 116 28
118 589 28
96 97 -19
96 351 -19
96 570 19
96 75 -19
459 197 -13
459 457 13
459 458 -8
459 461 13
459 697 -8
197 198 19
197 176 -8
197 677 28
197 217 -28
457 455 -28
457 456 13
457 195 -8
457 695 -28
458 436 13
458 700 19
458 200 13
461 199 -13
461 463 19
461 699 19
461 460 13
697 219 -13
697 676 13
697 698 -28
244 245 -28
244 266 -13
244 489 -19
245 486 -8
245 243 8
245 247 -28
266 20 13
266 511 8
266 288 -13
266 267 -13
489 487 -19
489 19 -28
489 488 -28
308 286 -13
308 553 8
308 309 -28
308 330 28
308 59 -13
286 531 -19
286 264 28
286 287 -8
286 39 -13
553 79 8
553 555 13
553 551 -8
553 552 19
309 311 13
309 550 8
309 307 19
309 56 8
330 331 8
330 574 -13
330 352 13
330 80 13
59 61 -13
59 57 28
59 528 -28
59 58 -8
604 360 28
604 602 19
604 603 28
604 606 -8
360 382 19
360 338 -28
360 361 28
360 108 13
602 126 -13
602 601 -19
602 600 13
602 358 13
603 130 13
603 363 -13
603 581 -13
603 624 -19
606 605 -13
606 129 -8
606 608 8
606 362 28
125 104 -13
125 381 -13
125 600 8
125 144 -28
104 578 -8
104 83 -19
104 359 -13
381 380 8
381 620 -19
381 383 -19
600 599 13
144 165 8
144 403 19
144 621 -13
311 58 -8
311 552 -28
311 310 -28
311 313 -13
58 531 28
58 38 -28
552 530 -28
552 573 -28
552 82 -13
310 61 -28
310 555 28
310 288 -19
310 332 19
313 554 -28
313 312 -8
313 60 -13
280 33 -8
280 525 -13
280 302 -13
280 281 -19
280 258 13
33 32 28
33 31 -28
33 35 -28
33 500 -8
525 527 13
525 52 -19
525 524 -13
525 523 13
302 324 -19
302 547 28
302 303 -8
302 53 19
281 279 8
281 522 19
281 30 -28
281 283 13
258 259 -28
258 12 13
258 236 13
258 503 28
560 558 8
560 86 -8
560 559 28
560 562 -13
560 316 -8
558 557 19
558 314 13
558 84 -8
86 107 8
86 65 -13
86 87 8
86 341 19
559 538 28
559 319 28
559 581 19
559 89 -8
562 318 -13
562 88 19
562 561 8
562 564 8
316 317 28
316 294 -8
316 338 28
316 66 -28
151 411 13
151 172 -28
151 152 -19
151 629 8
151 131 28
411 650 19
411 409 28
411 410 -13
411 413 -19
172 433 -19
172 193 -19
172 651 19
172 173 -28
152 408 28
152 154 -8
152 150 13
152 626 8
629 386 8
629 631 -13
629 627 -8
629 628 -28
131 389 13
131 111 -19
131 608 13
32 503 -28
32 11 8
32 283 -28
32 52 28
503 502 13
503 505 -13
503 501 -8
11 12 19
11 481 19
11 261 -19
283 285 -13
283 524 -28
283 282 -13
52 73 -13
52 53 -28
52 305 -8
20 18 -8
20 486 -8
20 19 -13
18 16 28
18 264 -8
18 484 13
18 17 13
486 508 19
486 487 -19
19 269 -28
19 40 -28
203 683 13
203 465 -8
203 204 -19
203 182 -28
203 222 19
683 685 -8
683 681 -8
683 440 -19
683 682 13
465 467 -8
465 703 -13
465 464 -28
465 463 -8
204 202 8
204 462 13
204 206 28
204 680 8
182 661 28
182 443 8
182 183 -13
182 161 28
222 223 -28
222 704 8
347 349 13
347 346 -19
347 345 -13
347 92 -13
347 587 -28
349 94 28
349 348 -8
349 351 -8
349 589 8
346 95 -13
346 324 -28
346 368 -19
346 590 13
345 585 -13
345 343 -13
345 90 -13
345 344 28
92 566 -19
92 71 -8
92 113 -28
92 93 -19
587 588 28
587 609 -13
587 565 -13
587 116 -8
566 564 28
566 568 -13
566 565 -19
566 322 -8
71 72 28
71 50 -28
71 545 13
71 325 -28
113 369 -19
113 588 -28
113 114 -8
113 132 19
93 95 13
93 91 -8
93 344 19
93 563 13
508 267 19
508 530 13
508 509 13
508 41 -28
267 269 19
267 265 19
267 17 28
530 531 19
530 61 -8
530 289 -19
509 38 8
509 507 8
509 264 -19
509 511 -8
41 39 13
41 288 -8
41 40 -28
318 68 -19
318 340 -28
318 319 -19
318 296 19
68 538 -19
68 67 -28
68 70 -8
68 66 -8
340 362 13
340 341 28
340 584 -13
340 89 8
319 317 -19
319 65 -8
319 321 -19
296 297 -28
296 47 -28
296 274 13
296 541 -13
95 94 -19
95 565 -28
95 97 -19
94 73 8
94 115 13
94 568 19
565 544 -13
565 325 13
97 348 19
97 567 13
97 99 -19
492 25 13
492 493 13
492 514 28
492 251 19
492 470 28
25 27 -8
25 272 13
25 24 -19
25 23 -13
493 22 -13
493 491 -19
493 495 28
493 248 28
514 536 13
514 273 13
514 45 8
514 515 -19
251 253 -19
251 249 -28
251 250 19
251 1 13
470 229 19
470 471 19
470 4 -28
55 53 -13
55 57 -19
55 304 -8
55 54 28
55 524 -8
53 51 13
53 522 8
57 56 -19
57 306 -19
57 526 28
304 305 -8
304 282 13
304 549 28
304 326 13
54 307 19
54 527 -28
54 34 -13
54 75 8
524 502 -19
524 546 8
544 74 8
544 522 -19
544 545 -28
544 303 28
74 324 19
74 73 -19
74 76 -19
74 72 -13
522 500 -8
522 523 13
545 300 19
545 543 13
545 547 8
303 50 8
303 301 28
303 305 8
385 383 8
385 387 28
385 624 28
385 384 -28
383 126 19
383 382 28
383 622 -19
387 386 19
387 389 19
387 626 -8
387 129 -28
624 646 13
624 625 13
624 150 -8
384 130 -19
384 362 -8
384 627 19
384 406 -13
467 705 8
467 205 13
467 466 28
703 225 28
703 682 8
703 704 -19
464 442 -8
464 706 13
464 206 8
463 201 13
463 701 -19
463 462 13
531 533 -19
531 529 13
533 288 -13
533 60 13
533 532 -19
529 527 28
529 56 -8
529 528 -28
529 284 -8
130 128 13
130 129 -19
128 601 -19
128 127 28
128 382 -8
129 149 19
129 109 13
436 179 -8
436 679 13
436 437 28
436 414 13
179 178 -19
179 181 8
179 177 -19
179 654 28
679 199 -19
679 677 8
679 681 -13
679 678 19
437 439 28
437 676 -8
437 435 8
437 176 -8
414 415 -8
414 392 -13
414 158 -13
414 657 13
386 364 13
386 408 -13
389 391 -13
389 628 -13
389 388 -19
626 605 -13
626 648 -8
626 627 -28
610 609 19
610 366 -8
610 608 8
610 612 19
610 132 -13
609 135 28
609 369 19
609 630 19
366 367 13
366 114 -28
366 344 -8
366 388 -8
608 364 -13
608 607 -13
612 368 -8
612 614 -19
612 134 13
612 611 28
132 391 28
132 153 28
132 133 -13
579 601 8
579 339 -19
579 557 13
579 108 19
579 580 13
601 361 -28
601 622 -19
339 337 19
339 84 8
339 338 8
339 341 13
557 317 -8
557 87 -13
557 536 8
108 107 -8
108 106 19
108 110 -8
580 336 19
580 582 -13
580 578 8
580 105 -8
178 657 8
178 157 28
178 439 28
178 199 -13
657 656 -28
657 659 28
657 655 -13
157 158 -19
157 417 19
157 635 -28
439 438 8
439 678 -28
439 441 -28
199 218 -19
199 200 28
264 265 19
264 242 -8
287 285 28
287 528 -13
287 289 -19
287 36 -28
39 38 28
39 37 -8
39 506 19
564 90 -28
564 563 28
564 320 13
568 324 19
568 570 -8
568 567 -19
322 300 13
322 72 -8
322 344 -13
322 323 -13
660 682 -19
660 421 -19
660 661 -8
660 185 19
660 638 8
682 206 28
682 443 8
421 419 -19
421 420 13
421 423 8
421 161 28
661 418 8
661 663 19
661 659 19
185 442 19
185 184 19
185 183 -8
638 639 -8
638 164 -8
638 617 8
638 399 -19
38 289 -8
38 17 8
289 288 -13
289 291 -19
17 487 19
645 402 -8
645 643 13
645 647 19
645 644 8
645 166 13
402 380 8
402 424 -19
402 403 13
402 146 8
643 165 -8
643 642 -8
647 646 28
647 404 28
647 649 8
647 168 -28
644 169 13
644 405 -8
644 666 8
644 622 8
166 187 -28
166 427 19
166 145 8
166 167 -28
324 325 13
325 323 -19
325 327 -19
219 218 28
219 221 -13
676 654 -13
676 200 -28
676 677 8
698 456 -8
698 696 -8
698 700 -28
698 217 19
101 352 13
101 100 19
101 103 -13
101 99 -8
101 571 28
352 596 19
352 374 19
352 353 19
100 79 -8
100 355 8
100 574 -19
100 121 28
103 354 28
103 573 19
103 102 -8
99 350 -28
99 569 -13
99 98 -28
571 550 28
571 572 19
571 331 19
571 593 -13
73 327 13
73 547 -28
327 326 19
327 567 8
327 329 8
547 549 -19
547 546 -8
61 60 8
60 40 -28
60 81 8
550 528 -8
550 551 28
550 80 -13
528 506 -13
551 549 -8
551 306 -19
551 77 -8
80 79 8
80 78 28
80 82 8
391 393 -19
391 630 -19
391 390 -19
393 392 -19
393 632 13
393 134 -19
393 395 13
630 652 -19
630 631 -13
630 156 -19
390 135 13
390 412 -28
390 368 28
390 633 -13
382 625 28
382 404 -28
338 582 19
338 87 -8
361 363 -19
361 359 -19
361 105 28
135 133 19
135 137 -13
135 134 -19
133 607 19
133 388 8
137 392 13
137 611 13
137 139 13
134 115 -8
134 155 -28
442 685 -8
442 443 -8
442 420 28
685 205 -28
685 684 28
443 445 -19
443 441 -19
420 398 28
420 164 28
420 663 -28
107 582 -28
107 363 19
582 581 -8
582 584 28
363 362 8
363 365 -19
616 372 -13
616 618 13
616 615 -8
616 138 -13
616 614 8
372 350 19
372 120 -19
372 394 -13
618 140 19
618 374 19
618 617 -13
618 619 19
615 141 -19
615 375 8
615 593 -8
615 636 8
138 397 -8
138 119 -13
138 159 13
138 139 8
614 613 -19
614 370 -19
445 684 -8
445 184 28
445 444 28
684 662 -28
684 705 -8
184 205 13
184 663 8
184 163 -13
444 466 28
444 422 28
585 563 -8
585 586 -8
585 607 -13
585 114 -8
563 323 -13
563 542 8
586 584 8
586 342 19
586 588 -13
586 111 8
607 367 8
607 628 8
114 116 -28
114 112 -19
205 224 -28
205 206 -13
663 662 19
163 164 -8
163 641 -8
163 142 28
163 423 -8
448 426 -19
448 190 19
448 691 -19
448 449 19
426 169 19
426 669 8
426 427 -13
426 404 -8
190 189 -13
190 192 -19
190 188 13
190 666 -19
691 689 19
691 690 -13
691 692 -28
449 447 8
449 451 13
449 688 8
449 187 13
298 49 -13
298 543 28
298 299 28
298 276 -28
298 320 28
49 51 28
49 47 8
49 518 19
49 48 13
543 69 -13
543 541 -28
543 542 -28
299 301 -19
299 540 13
299 297 19
299 46 -28
276 277 13
276 254 -28
276 521 8
276 29 28
320 321 28
320 342 -13
320 70 19
169 167 -8
169 171 13
169 168 -28
167 642 13
167 424 28
171 646 -28
171 428 19
171 170 -8
171 173 28
168 147 -13
168 189 -19
168 429 13
300 301 -28
300 51 8
300 278 13
301 48 28
301 542 28
51 50 19
51 520 19
278 279 -8
278 31 -8
278 256 13
278 523 -28
257 255 13
257 498 28
257 259 28
257 7 -28
257 256 -13
255 254 -19
255 253 -19
255 496 19
255 5 19
498 31 -8
498 476 13
498 520 13
498 499 19
259 261 28
259 500 28
259 9 13
7 28 -8
7 8 -8
7 477 19
256 234 13
256 10 19
256 501 -19
218 700 13
700 702 -13
700 699 8
331 333 8
331 329 -8
331 77 -13
574 573 -8
574 576 -19
574 572 8
225 224 8
225 223 8
704 706 13
704 702 -13
704 462 13
79 333 -8
333 573 -13
333 335 19
333 332 -28
336 358 19
336 85 8
336 337 -28
336 314 19
358 380 13
358 106 -19
358 359 8
85 556 8
85 87 -8
85 84 -13
337 83 -8
337 577 -28
314 315 -8
314 292 -28
314 64 19
419 159 -19
419 658 -28
419 417 -28
419 418 28
159 180 8
159 160 8
159 637 28
658 680 28
658 636 -28
658 659 28
658 183 28
417 656 8
417 415 19
417 416 -19
418 396 -28
418 162 8
418 440 13
689 208 13
689 446 -13
689 687 13
689 688 19
208 187 19
446 447 -19
446 188 19
446 424 19
687 207 -28
687 686 -8
688 210 -13
688 666 19
455 454 19
455 693 -28
455 453 13
455 193 28
454 196 -13
454 696 -28
454 432 8
693 694 -8
693 672 19
693 216 8
453 191 -13
453 452 -8
453 451 13
193 673 19
193 213 -19
193 194 -8
581 110 -19
581 341 -19
584 109 13
584 583 -28
305 307 -28
305 546 -28
282 527 8
282 260 28
282 35 19
549 75 28
549 548 28
326 76 28
326 348 -19
326 570 -13
307 548 -13
307 306 13
548 78 19
548 526 28
548 569 -19
306 284 19
306 328 -8
599 359 -19
599 620 -13
599 127 -8
599 577 -13
620 642 19
620 621 28
620 146 8
127 380 -13
127 126 -13
577 578 8
577 106 8
577 556 -28
147 625 19
147 148 -8
147 407 8
625 623 -13
625 627 13
148 404 19
148 150 -8
148 146 8
148 622 -13
407 409 -28
407 646 19
407 405 -19
407 406 -28
263 13 28
263 261 19
263 504 -19
263 265 -8
263 262 19
13 34 -19
13 483 -13
13 14 -28
261 502 19
261 260 19
504 37 19
504 482 -13
504 526 -8
504 505 -19
265 506 -13
265 15 28
262 16 -19
262 240 8
262 507 -13
262 284 19
224 706 13
706 705 8
487 485 13
487 242 8
16 15 19
16 14 -28
16 482 -8
15 485 -28
15 36 -8
14 260 8
14 12 -8
14 480 28
482 241 -28
482 483 13
343 88 -28
343 341 -8
343 342 -19
343 583 -28
88 67 -19
88 89 28
88 109 -13
342 91 13
342 364 19
583 605 28
583 112 -13
583 561 -8
67 321 -19
67 541 -8
67 46 13
89 91 28
89 87 -28
109 110 -19
109 365 8
488 510 -13
488 247 28
76 75 -19
76 78 -13
76 546 28
75 329 8
78 328 -19
78 77 8
546 567 -19
90 111 -28
90 69 8
90 91 -28
111 367 8
111 112 19
69 323 -28
69 70 -13
69 48 -28
91 561 13
50 523 8
50 30 -28
520 279 19
520 521 -13
520 542 -19
699 678 -13
699 221 13
460 438 -8
460 202 28
460 702 -28
246 247 8
246 268 -19
268 269 -28
268 290 -13
527 526 -13
526 285 -19
380 623 -13
623 621 19
623 145 28
623 622 -13
126 105 28
126 145 -13
105 106 -28
105 84 28
145 405 8
145 146 28
554 555 19
554 532 -28
554 575 13
312 290 28
312 334 13
605 365 -8
365 367 8
365 364 -28
561 321 -28
561 540 -19
269 510 28
510 532 -8
510 511 -8
40 511 28
40 291 -19
34 505 -8
34 285 -13
34 35 -28
505 260 8
505 507 -19
285 284 19
35 37 -28
35 502 -13
115 371 -19
115 116 13
115 590 -8
196 195 19
196 198 19
196 194 -28
196 672 19
195 675 28
195 215 -8
195 174 28
198 456 28
198 674 -13
198 200 -13
194 452 -8
194 670 8
194 192 -13
672 433 -28
672 650 13
672 673 8
677 675 13
677 434 8
681 438 28
681 680 -8
681 201 28
678 202 8
678 656 -19
56 77 -28
56 36 28
532 291 28
243 242 8
243 241 -28
243 484 19
241 239 19
241 240 28
484 485 -13
484 506 28
364 112 -28
408 409 28
408 430 -8
408 651 -8
438 181 28
438 416 -8
181 656 -19
181 180 -8
181 183 -13
416 394 -28
416 160 13
416 659 8
570 569 -13
570 572 28
567 589 -13
662 640 28
662 423 -8
640 641 -28
640 401 -19
423 422 19
279 277 28
279 28 -13
277 275 19
277 26 19
277 518 -8
28 48 19
28 29 19
28 499 13
31 29 -13
31 30 -28
29 27 28
29 496 -8
30 9 28
30 501 19
202 200 28
202 201 -13
201 180 -28
201 220 19
252 230 19
252 253 19
252 497 -19
252 274 8
252 6 -8
230 231 -13
230 475 -19
253 3 28
253 494 -13
497 26 19
497 499 8
497 496 8
497 495 -13
274 275 -8
274 27 8
274 519 28
6 8 -19
6 5 -19
6 4 19
6 472 28
317 63 8
317 315 -13
63 84 -28
63 43 -28
63 64 -13
63 537 -28
315 556 -8
315 62 -19
541 540 13
541 539 -8
542 72 28
422 400 19
450 451 19
450 428 19
450 192 -8
450 692 19
451 189 8
451 690 13
428 671 -13
428 406 -19
428 429 13
192 191 -28
192 668 19
692 211 28
692 694 -13
284 37 -19
234 235 13
234 479 -8
10 9 -13
10 8 13
10 476 8
10 12 -8
501 500 28
501 499 -19
37 36 8
36 507 -19
500 478 -8
9 479 28
479 477 -13
479 481 -28
479 478 28
483 485 -13
483 238 -28
483 481 -13
396 639 8
396 141 -28
396 397 -19
396 374 -8
162 164 28
162 160 -28
162 636 -19
162 161 13
440 441 19
440 183 19
440 462 19
485 240 -19
72 70 -8
70 540 19
398 376 -19
398 641 13
398 143 -8
398 399 -19
377 375 -19
377 617 -13
377 376 -19
377 121 -19
377 379 -13
375 374 19
375 119 13
617 595 -19
617 143 13
376 354 8
376 619 8
376 124 19
121 140 19
121 596 -8
121 122 28
379 378 28
379 123 -28
696 215 -19
696 695 19
696 694 -19
432 675 28
432 433 8
432 175 19
432 410 -28
456 434 13
434 435 28
434 412 13
434 177 19
328 350 -13
328 572 28
328 329 19
556 534 8
534 535 28
534 293 -8
534 512 8
534 64 13
506 507 -19
536 295 19
536 66 13
536 537 8
639 161 28
639 641 -28
639 637 -13
161 140 -28
637 635 -19
637 394 19
637 636 -8
21 491 13
21 42 -28
21 271 -28
21 0 13
491 490 -19
42 62 28
42 293 -19
42 513 28
271 270 -28
271 512 -8
271 273 -13
0 249 28
0 469 -28
77 98 28
675 674 28
675 673 8
674 695 8
674 652 -8
674 435 -8
673 671 -19
673 430 19
191 671 -13
191 170 -13
191 211 19
671 670 -28
671 669 28
170 431 13
170 149 -13
170 649 28
211 212 8
555 81 -13
81 335 -28
81 102 -19
81 82 -28
523 521 19
701 223 -28
701 702 28
701 680 13
239 238 28
239 480 -28
239 237 28
238 260 -13
480 502 19
480 481 8
237 236 13
237 478 -19
237 235 -28
275 24 -28
275 273 13
275 516 19
24 3 8
24 495 -8
273 22 -8
273 272 -13
516 538 8
516 517 -28
516 47 -13
516 494 -13
223 221 -19
221 220 13
27 494 28
27 26 13
494 472 13
494 495 13
26 5 8
26 46 19
215 216 13
174 435 28
174 153 8
174 653 13
174 175 -19
518 540 13
518 519 -19
518 496 19
656 634 19
680 441 -8
291 290 19
62 535 -13
62 83 19
535 537 -28
538 297 13
538 539 -28
297 295 19
539 294 8
539 65 8
539 537 19
433 435 28
433 431 -19
431 670 13
431 430 8
431 429 19
254 8 -19
254 499 -8
254 232 28
8 474 -8
232 477 13
232 233 8
65 66 13
321 323 8
22 1 -19
22 43 8
22 23 -8
495 250 -8
248 270 8
248 249 -28
248 2 -19
248 226 -8
46 47 19
46 519 8
595 355 -28
595 573 19
595 124 -8
595 596 -8
355 354 -8
355 353 -8
355 357 -28
124 123 -13
124 122 -13
596 594 28
596 598 13
176 155 8
176 655 28
176 177 -28
452 430 19
452 694 28
430 173 8
694 213 -28
177 652 28
177 175 13
654 415 8
654 632 19
654 655 -19
228 229 19
228 250 -28
228 473 19
229 231 19
229 227 28
250 272 19
250 4 8
473 472 -19
473 475 -8
473 471 -28
473 3 -28
659 180 8
12 478 28
236 481 -13
295 293 -28
295 43 -28
295 294 -28
293 292 13
43 515 -28
43 44 13
294 45 -28
294 272 19
354 332 -8
354 598 -8
619 142 28
400 378 -28
400 401 -19
378 356 13
123 598 28
123 102 19
123 142 13
702 220 28
670 648 28
648 409 -28
648 649 13
648 173 28
598 597 -13
102 357 28
102 576 -8
142 401 -28
142 143 28
447 186 -28
447 686 13
187 188 13
187 667 13
235 233 13
235 476 13
399 140 -28
399 397 19
399 401 8
48 521 19
270 23 13
270 515 -19
270 292 28
23 490 13
515 517 13
515 513 -28
292 537 -13
292 44 -19
374 122 13
353 593 -19
353 351 -28
353 98 8
1 2 28
1 471 -28
652 413 -19
652 653 28
82 332 28
213 214 -13
476 477 19
512 490 28
512 513 -13
512 44 13
64 66 13
521 519 -8
519 517 -28
5 475 -28
650 175 13
650 628 19
650 651 13
175 173 28
628 154 -13
651 649 19
651 653 8
141 140 -13
141 139 -19
141 143 -13
397 636 19
397 395 -28
410 154 13
410 388 -13
410 653 28
362 110 13
153 154 28
153 631 -8
153 413 8
653 655 -13
634 635 19
634 160 13
634 395 13
634 613 19
209 210 -28
209 189 28
210 212 8
189 669 -13
216 214 13
409 149 19
149 150 -19
149 627 19
122 120 13
122 593 -28
441 180 -8
231 472 8
231 233 8
475 474 -13
475 477 13
45 47 -13
45 44 8
272 517 8
3 4 -28
348 370 -28
370 392 -8
370 371 -28
4 2 -28
356 357 -28
356 334 13
669 668 13
669 667 -13
415 413 -19
415 155 28
413 412 -13
155 156 19
155 633 -8
690 668 -28
690 212 -8
646 668 19
668 429 28
332 576 -8
667 665 19
667 424 -8
667 666 8
392 635 19
635 633 19
406 150 13
406 649 13
429 427 -13
158 160 8
158 156 19
158 632 -8
156 154 13
156 412 13
632 633 8
632 611 -13
412 655 -13
249 490 13
490 468 8
212 214 19
474 233 -28
474 496 -8
367 369 -8
369 371 -28
369 368 19
186 665 19
186 165 -19
186 207 -28
686 664 19
350 594 8
350 351 28
594 593 -19
594 119 -28
351 591 -28
631 388 -8
631 633 -13
665 664 28
664 188 19
664 642 -28
664 425 28
613 591 13
613 139 -13
371 611 -19
120 119 -28
120 591 -19
119 98 13
591 569 8
597 575 -8
597 357 13
227 468 -13
227 226 8
334 335 28
394 139 -13
394 395 -28
575 576 19
575 335 -13
98 572 -8
468 469 -19
468 2 -8
469 471 13
226 471 -19
344 588 -8
368 116 8
588 590 -19
424 425 19
569 329 19
642 403 13
425 427 -13
425 165 -8
666 427 28
589 611 -8
589 590 8
404 405 28
110 112 28
405 403 -28
