117 592 13
117 136 28
117 373 13
117 118 -8
117 96 -13
592 348 -8
592 591 8
592 594 -8
592 590 19
136 157 28
136 137 -8
136 395 28
136 614 -8
373 375 -8
373 372 -28
373 613 28
373 371 -28
118 120 28
118 370 -28
118 116 -19
118 589 -8
96 97 8
96 351 -19
96 570 -19
96 75 8
459 197 -19
459 457 8
459 458 13
459 461 19
459 697 -19
197 198 -13
197 176 -19
197 677 28
197 217 19
457 455 -28
457 456 -19
457 195 -28
457 695 -28
458 436 8
458 700 -19
458 200 -28
461 199 -19
461 463 -13
461 699 13
461 460 -13
697 219 28
697 676 8
697 698 19
244 245 19
244 266 19
244 489 -28
245 486 -19
245 243 19
245 247 19
266 20 28
266 511 19
266 288 19
266 267 -19
489 487 -19
489 19 8
489 488 -8
308 286 -13
308 553 8
308 309 -13
308 330 -13
308 59 13
286 531 19
286 264 -19
286 287 -19
286 39 -13
553 79 19
553 555 28
553 551 19
553 552 -19
309 311 -8
309 550 19
309 307 -19
309 56 -19
330 331 8
330 574 -19
330 352 28
330 80 -13
59 61 -8
59 57 8
59 528 -13
59 58 -19
604 360 19
604 602 -8
604 603 -13
604 606 19
360 382 28
360 338 -13
360 361 8
360 108 -28
602 126 -13
602 601 -8
602 600 19
602 358 -28
603 130 13
603 363 13
603 581 -8
603 624 -8
606 605 -28
606 129 -8
606 608 -19
606 362 -8
125 104 28
125 381 8
125 600 13
125 144 8
104 578 28
104 83 19
104 359 -8
381 380 28
381 620 -19
381 383 -8
600 599 -19
144 165 13
144 403 13
144 621 -28
311 58 8
311 552 -8
311 310 -19
311 313 28
58 531 -13
58 38 -8
552 530 13
552 573 8
552 82 -19
310 61 19
310 555 28
310 288 -28
310 332 13
313 554 28
313 312 13
313 60 28
280 33 -28
280 525 13
280 302 28
280 281 8
280 258 8
33 32 8
33 31 13
33 35 -28
33 500 -19
525 527 19
525 52 19
525 524 8
525 523 -19
302 324 -19
302 547 -8
302 303 13
302 53 8
281 279 -19
281 522 -28
281 30 -8
281 283 -19
258 259 -13
258 12 -13
258 236 28
258 503 28
560 558 19
560 86 19
560 559 13
560 562 19
560 316 13
558 557 13
558 314 8
558 84 13
86 107 8
86 65 13
86 87 8
86 341 -8
559 538 -28
559 319 -19
559 581 28
559 89 -28
562 318 -19
562 88 28
562 561 28
562 564 8
316 317 -28
316 294 8
316 338 -19
316 66 -13
151 411 19
151 172 -28
151 152 -28
151 629 -28
151 131 19
411 650 -19
411 409 -13
411 410 -19
411 413 -8
172 433 28
172 193 -8
172 651 -19
172 173 13
152 408 13
152 154 8
152 150 -28
152 626 19
629 386 28
629 631 -8
629 627 -19
629 628 19
131 389 -19
131 111 -19
131 608 -8
32 503 -19
32 11 8
32 283 19
32 52 -28
503 502 19
503 505 -8
503 501 19
11 12 -28
11 481 19
11 261 -28
283 285 -13
283 524 -19
283 282 19
52 73 8
52 53 -28
52 305 -28
20 18 8
20 486 28
20 19 8
18 16 -13
18 264 28
18 484 13
18 17 -8
486 508 -28
486 487 13
19 269 19
19 40 28
203 683 8
203 465 -8
203 204 -13
203 182 13
203 222 -28
683 685 13
683 681 -13
683 440 28
683 682 8
465 467 -28
465 703 -8
465 464 -19
465 463 19
204 202 -13
204 462 8
204 206 -13
204 680 -8
182 661 28
182 443 13
182 183 -8
182 161 -19
222 223 28
222 704 -19
347 349 -13
347 346 -28
347 345 -13
347 92 19
347 587 -19
349 94 -13
349 348 28
349 351 28
349 589 13
346 95 -19
346 324 19
346 368 19
346 590 -8
345 585 -13
345 343 -8
345 90 28
345 344 -28
92 566 -13
92 71 28
92 113 -28
92 93 28
587 588 -8
587 609 -8
587 565 19
587 116 -28
566 564 -28
566 568 -13
566 565 -19
566 322 -8
71 72 13
71 50 -19
71 545 -8
71 325 -13
113 369 -8
113 588 28
113 114 13
113 132 8
93 95 -8
93 91 19
93 344 -28
93 563 19
508 267 -8
508 530 -28
508 509 -28
508 41 13
267 269 28
267 265 13
267 17 19
530 531 8
530 61 19
530 289 13
509 38 -28
509 507 13
509 264 -8
509 511 28
41 39 28
41 288 -13
41 40 8
318 68 19
318 340 -13
318 319 13
318 296 19
68 538 -8
68 67 13
68 70 8
68 66 -8
340 362 -8
340 341 -19
340 584 -28
340 89 -13
319 317 19
319 65 28
319 321 19
296 297 -13
296 47 -28
296 274 19
296 541 -19
95 94 13
95 565 28
95 97 8
94 73 -8
94 115 -8
94 568 8
565 544 -19
565 325 19
97 348 -13
97 567 19
97 99 28
492 25 8
492 493 28
492 514 -8
492 251 -8
492 470 -19
25 27 -8
25 272 -8
25 24 -13
25 23 -28
493 22 13
493 491 13
493 495 -28
493 248 19
514 536 13
514 273 19
514 45 -28
514 515 19
251 253 13
251 249 28
251 250 -19
251 1 -8
470 229 -13
470 471 -19
470 4 -28
55 53 -28
55 57 -8
55 304 -8
55 54 -28
55 524 28
53 51 28
53 522 13
57 56 -8
57 306 8
57 526 13
304 305 -28
304 282 28
304 549 19
304 326 28
54 307 28
54 527 -8
54 34 -8
54 75 -28
524 502 19
524 546 -13
544 74 13
544 522 -28
544 545 -8
544 303 -8
74 324 13
74 73 -28
74 76 -28
74 72 -28
522 500 8
522 523 -19
545 300 -8
545 543 -28
545 547 -28
303 50 -28
303 301 -19
303 305 -13
385 383 28
385 387 -8
385 624 13
385 384 -28
383 126 13
383 382 28
383 622 8
387 386 13
387 389 -28
387 626 19
387 129 8
624 646 -19
624 625 8
624 150 -13
384 130 8
384 362 -13
384 627 -13
384 406 -19
467 705 8
467 205 8
467 466 8
703 225 -8
703 682 13
703 704 13
464 442 -19
464 706 13
464 206 -28
463 201 13
463 701 -19
463 462 -28
531 533 8
531 529 -8
533 288 -19
533 60 8
533 532 -13
529 527 -19
529 56 -28
529 528 13
529 284 -8
130 128 19
130 129 -28
128 601 13
128 127 8
128 382 -13
129 149 28
129 109 -13
436 179 -19
436 679 -19
436 437 -13
436 414 8
179 178 19
179 181 -13
179 177 -8
179 654 19
679 199 28
679 677 -19
679 681 -28
679 678 -19
437 439 28
437 676 19
437 435 13
437 176 8
414 415 19
414 392 13
414 158 -28
414 657 19
386 364 13
386 408 -8
389 391 -13
389 628 -19
389 388 8
626 605 -28
626 648 -8
626 627 13
610 609 8
610 366 28
610 608 -28
610 612 -19
610 132 19
609 135 19
609 369 -13
609 630 -19
366 367 -13
366 114 -8
366 344 19
366 388 8
608 364 8
608 607 8
612 368 13
612 614 8
612 134 -28
612 611 19
132 391 13
132 153 -8
132 133 -28
579 601 13
579 339 -13
579 557 19
579 108 -8
579 580 -13
601 361 -13
601 622 13
339 337 13
339 84 -13
339 338 19
339 341 -8
557 317 13
557 87 -28
557 536 -28
108 107 8
108 106 -8
108 110 19
580 336 -8
580 582 19
580 578 -28
580 105 8
178 657 -19
178 157 -8
178 439 28
178 199 19
657 656 -19
657 659 -8
657 655 -8
157 158 -13
157 417 28
157 635 13
439 438 -19
439 678 28
439 441 -8
199 218 28
199 200 -8
264 265 -28
264 242 19
287 285 -28
287 528 8
287 289 -19
287 36 -19
39 38 13
39 37 -19
39 506 13
564 90 -19
564 563 -8
564 320 28
568 324 8
568 570 13
568 567 -8
322 300 13
322 72 -28
322 344 -13
322 323 19
660 682 -13
660 421 19
660 661 13
660 185 19
660 638 19
682 206 19
682 443 19
421 419 -28
421 420 13
421 423 8
421 161 19
661 418 13
661 663 8
661 659 -13
185 442 8
185 184 13
185 183 13
638 639 -8
638 164 -19
638 617 28
638 399 -28
38 289 -28
38 17 -8
289 288 -19
289 291 -19
17 487 19
645 402 8
645 643 -13
645 647 -19
645 644 -19
645 166 -19
402 380 -19
402 424 28
402 403 13
402 146 8
643 165 28
643 642 -19
647 646 -8
647 404 -28
647 649 -28
647 168 -19
644 169 8
644 405 -19
644 666 -8
644 622 -8
166 187 13
166 427 -8
166 145 8
166 167 8
324 325 19
325 323 8
325 327 8
219 218 8
219 221 -19
676 654 -8
676 200 -19
676 677 13
698 456 8
698 696 8
698 700 19
698 217 -28
101 352 -19
101 100 19
101 103 -19
101 99 8
101 571 13
352 596 28
352 374 -13
352 353 -28
100 79 13
100 355 -13
100 574 8
100 121 -28
103 354 -28
103 573 28
103 102 8
99 350 -28
99 569 -19
99 98 -13
571 550 19
571 572 8
571 331 -19
571 593 -13
73 327 13
73 547 28
327 326 -19
327 567 -28
327 329 28
547 549 8
547 546 -19
61 60 -13
60 40 -19
60 81 -13
550 528 28
550 551 8
550 80 19
528 506 28
551 549 -28
551 306 -19
551 77 -13
80 79 13
80 78 -28
80 82 28
391 393 -19
391 630 -19
391 390 -8
393 392 8
393 632 19
393 134 -19
393 395 -13
630 652 28
630 631 -8
630 156 -13
390 135 -8
390 412 8
390 368 -28
390 633 8
382 625 8
382 404 -28
338 582 28
338 87 13
361 363 -28
361 359 -13
361 105 -19
135 133 -19
135 137 8
135 134 -13
133 607 28
133 388 -28
137 392 8
137 611 19
137 139 -13
134 115 28
134 155 -28
442 685 -28
442 443 -13
442 420 -19
685 205 13
685 684 19
443 445 -8
443 441 19
420 398 28
420 164 -8
420 663 28
107 582 8
107 363 19
582 581 13
582 584 8
363 362 -13
363 365 19
616 372 -8
616 618 -28
616 615 13
616 138 -28
616 614 28
372 350 8
372 120 28
372 394 8
618 140 8
618 374 -19
618 617 -19
618 619 -13
615 141 8
615 375 -13
615 593 -8
615 636 8
138 397 8
138 119 -28
138 159 13
138 139 19
614 613 13
614 370 8
445 684 19
445 184 28
445 444 28
684 662 13
684 705 -19
184 205 -13
184 663 -28
184 163 19
444 466 -13
444 422 -28
585 563 -8
585 586 -13
585 607 19
585 114 -28
563 323 -19
563 542 -28
586 584 19
586 342 -13
586 588 -28
586 111 -28
607 367 28
607 628 -13
114 116 -19
114 112 19
205 224 -8
205 206 28
663 662 8
163 164 -8
163 641 8
163 142 -19
163 423 28
448 426 19
448 190 28
448 691 13
448 449 8
426 169 13
426 669 -8
426 427 -28
426 404 19
190 189 -8
190 192 28
190 188 -28
190 666 13
691 689 -8
691 690 19
691 692 13
449 447 -19
449 451 19
449 688 19
449 187 -8
298 49 -19
298 543 28
298 299 13
298 276 28
298 320 -8
49 51 -13
49 47 -13
49 518 19
49 48 -13
543 69 -28
543 541 -28
543 542 13
299 301 28
299 540 13
299 297 19
299 46 8
276 277 -19
276 254 -8
276 521 8
276 29 -13
320 321 -13
320 342 8
320 70 28
169 167 28
169 171 -8
169 168 8
167 642 8
167 424 -8
171 646 28
171 428 -13
171 170 -8
171 173 8
168 147 19
168 189 -19
168 429 -8
300 301 28
300 51 -13
300 278 -28
301 48 28
301 542 -13
51 50 -13
51 520 19
278 279 28
278 31 8
278 256 28
278 523 -13
257 255 -19
257 498 28
257 259 -8
257 7 19
257 256 19
255 254 -19
255 253 -19
255 496 -13
255 5 28
498 31 -28
498 476 8
498 520 -28
498 499 -13
259 261 -13
259 500 8
259 9 -8
7 28 -8
7 8 28
7 477 13
256 234 8
256 10 -19
256 501 13
218 700 -8
700 702 8
700 699 28
331 333 -28
331 329 8
331 77 -8
574 573 -8
574 576 19
574 572 -13
225 224 19
225 223 8
704 706 13
704 702 -13
704 462 28
79 333 13
333 573 8
333 335 -8
333 332 28
336 358 28
336 85 13
336 337 -8
336 314 28
358 380 -28
358 106 -13
358 359 8
85 556 -28
85 87 -13
85 84 19
337 83 28
337 577 -19
314 315 19
314 292 -8
314 64 28
419 159 19
419 658 -8
419 417 28
419 418 28
159 180 -28
159 160 -8
159 637 13
658 680 -19
658 636 28
658 659 -19
658 183 13
417 656 19
417 415 28
417 416 19
418 396 28
418 162 28
418 440 28
689 208 -28
689 446 8
689 687 -19
689 688 -19
208 187 28
446 447 -8
446 188 -28
446 424 8
687 207 -19
687 686 19
688 210 19
688 666 28
455 454 -28
455 693 8
455 453 8
455 193 13
454 196 28
454 696 -19
454 432 19
693 694 13
693 672 -8
693 216 28
453 191 13
453 452 -19
453 451 13
193 673 8
193 213 13
193 194 13
581 110 -19
581 341 -13
584 109 19
584 583 19
305 307 13
305 546 8
282 527 -13
282 260 -28
282 35 28
549 75 8
549 548 8
326 76 19
326 348 13
326 570 8
307 548 28
307 306 -13
548 78 28
548 526 13
548 569 -8
306 284 13
306 328 19
599 359 28
599 620 -19
599 127 28
599 577 -13
620 642 -28
620 621 -8
620 146 28
127 380 -19
127 126 19
577 578 -28
577 106 -19
577 556 -8
147 625 13
147 148 -8
147 407 -28
625 623 -28
625 627 28
148 404 -19
148 150 -13
148 146 -19
148 622 8
407 409 -19
407 646 -28
407 405 13
407 406 8
263 13 19
263 261 -28
263 504 28
263 265 19
263 262 -28
13 34 13
13 483 -28
13 14 19
261 502 -28
261 260 13
504 37 19
504 482 -8
504 526 -13
504 505 -28
265 506 28
265 15 13
262 16 -28
262 240 -8
262 507 -28
262 284 -19
224 706 -28
706 705 -13
487 485 28
487 242 -19
16 15 -28
16 14 19
16 482 8
15 485 -8
15 36 8
14 260 13
14 12 -8
14 480 -28
482 241 -28
482 483 8
343 88 28
343 341 8
343 342 -8
343 583 28
88 67 13
88 89 -28
88 109 -28
342 91 19
342 364 -8
583 605 -8
583 112 8
583 561 8
67 321 -19
67 541 -19
67 46 -19
89 91 19
89 87 -13
109 110 28
109 365 -8
488 510 -28
488 247 -19
76 75 19
76 78 -19
76 546 19
75 329 28
78 328 8
78 77 8
546 567 -13
90 111 -8
90 69 19
90 91 -28
111 367 8
111 112 -28
69 323 -13
69 70 8
69 48 19
91 561 -13
50 523 28
50 30 19
520 279 -8
520 521 -19
520 542 -13
699 678 8
699 221 -19
460 438 -13
460 202 -28
460 702 -13
246 247 -8
246 268 19
268 269 -19
268 290 -28
527 526 -28
526 285 13
380 623 28
623 621 8
623 145 28
623 622 -13
126 105 28
126 145 -13
105 106 -8
105 84 28
145 405 19
145 146 -13
554 555 -13
554 532 13
554 575 28
312 290 8
312 334 -28
605 365 13
365 367 -13
365 364 -28
561 321 -8
561 540 28
269 510 -13
510 532 -28
510 511 -19
40 511 19
40 291 -8
34 505 28
34 285 13
34 35 -8
505 260 19
505 507 -8
285 284 13
35 37 19
35 502 -13
115 371 8
115 116 -19
115 590 13
196 195 8
196 198 8
196 194 13
196 672 -13
195 675 13
195 215 -8
195 174 -19
198 456 19
198 674 13
198 200 13
194 452 -8
194 670 -13
194 192 8
672 433 -8
672 650 19
672 673 -28
677 675 19
677 434 -28
681 438 -28
681 680 -28
681 201 13
678 202 -13
678 656 8
56 77 8
56 36 -8
532 291 -28
243 242 19
243 241 8
243 484 28
241 239 -19
241 240 -19
484 485 28
484 506 19
364 112 13
408 409 -13
408 430 -28
408 651 19
438 181 28
438 416 -19
181 656 28
181 180 -19
181 183 19
416 394 28
416 160 -19
416 659 13
570 569 -13
570 572 -8
567 589 -8
662 640 -28
662 423 13
640 641 8
640 401 19
423 422 -28
279 277 28
279 28 13
277 275 13
277 26 28
277 518 -8
28 48 8
28 29 19
28 499 -28
31 29 28
31 30 19
29 27 -13
29 496 -19
30 9 -13
30 501 28
202 200 28
202 201 -13
201 180 28
201 220 19
252 230 -8
252 253 28
252 497 8
252 274 -13
252 6 -28
230 231 19
230 475 -19
253 3 -28
253 494 -13
497 26 8
497 499 -13
497 496 13
497 495 -8
274 275 19
274 27 28
274 519 -8
6 8 13
6 5 -8
6 4 19
6 472 -19
317 63 -19
317 315 -28
63 84 19
63 43 -13
63 64 8
63 537 -13
315 556 28
315 62 13
541 540 -28
541 539 -13
542 72 -19
422 400 28
450 451 -13
450 428 28
450 192 8
450 692 8
451 189 8
451 690 28
428 671 13
428 406 -8
428 429 -19
192 191 -8
192 668 -13
692 211 28
692 694 -13
284 37 28
234 235 19
234 479 8
10 9 -28
10 8 -19
10 476 8
10 12 19
501 500 -13
501 499 -19
37 36 28
36 507 -19
500 478 -19
9 479 -28
479 477 -8
479 481 -8
479 478 -8
483 485 -19
483 238 -28
483 481 -28
396 639 -8
396 141 8
396 397 -28
396 374 28
162 164 28
162 160 -8
162 636 -8
162 161 -19
440 441 28
440 183 -8
440 462 -8
485 240 -28
72 70 13
70 540 -13
398 376 19
398 641 -28
398 143 8
398 399 13
377 375 -28
377 617 19
377 376 28
377 121 -28
377 379 19
375 374 13
375 119 28
617 595 28
617 143 28
376 354 -13
376 619 -13
376 124 8
121 140 -19
121 596 13
121 122 13
379 378 8
379 123 -28
696 215 8
696 695 8
696 694 -19
432 675 28
432 433 19
432 175 8
432 410 -8
456 434 19
434 435 -8
434 412 -8
434 177 -19
328 350 -19
328 572 13
328 329 -28
556 534 -28
534 535 19
534 293 -13
534 512 8
534 64 19
506 507 -8
536 295 -28
536 66 -19
536 537 8
639 161 13
639 641 -28
639 637 -8
161 140 -13
637 635 13
637 394 13
637 636 13
21 491 19
21 42 -28
21 271 -8
21 0 28
491 490 -28
42 62 -8
42 293 -19
42 513 -13
271 270 -28
271 512 19
271 273 19
0 249 -8
0 469 -13
77 98 13
675 674 -8
675 673 28
674 695 -8
674 652 -19
674 435 -13
673 671 28
673 430 19
191 671 -8
191 170 13
191 211 19
671 670 -28
671 669 -8
170 431 13
170 149 -19
170 649 -19
211 212 8
555 81 -28
81 335 19
81 102 19
81 82 13
523 521 -8
701 223 13
701 702 28
701 680 19
239 238 28
239 480 19
239 237 28
238 260 28
480 502 -8
480 481 8
237 236 8
237 478 13
237 235 19
275 24 -28
275 273 19
275 516 28
24 3 -28
24 495 -19
273 22 13
273 272 -13
516 538 28
516 517 -19
516 47 19
516 494 28
223 221 8
221 220 28
27 494 19
27 26 -8
494 472 19
494 495 -8
26 5 8
26 46 -8
215 216 -8
174 435 8
174 153 8
174 653 8
174 175 -28
518 540 8
518 519 -19
518 496 -8
656 634 8
680 441 -19
291 290 -28
62 535 -13
62 83 8
535 537 -8
538 297 28
538 539 28
297 295 -13
539 294 -28
539 65 -8
539 537 28
433 435 28
433 431 -13
431 670 8
431 430 -19
431 429 -28
254 8 -28
254 499 13
254 232 8
8 474 -13
232 477 8
232 233 8
65 66 19
321 323 -13
22 1 28
22 43 13
22 23 13
495 250 8
248 270 8
248 249 13
248 2 13
248 226 -19
46 47 8
46 519 8
595 355 -8
595 573 -28
595 124 -19
595 596 19
355 354 8
355 353 8
355 357 -19
124 123 -13
124 122 28
596 594 13
596 598 19
176 155 28
176 655 28
176 177 8
452 430 19
452 694 19
430 173 8
694 213 -28
177 652 19
177 175 -13
654 415 -19
654 632 -13
654 655 8
228 229 -19
228 250 28
228 473 13
229 231 -8
229 227 -28
250 272 8
250 4 -28
473 472 -13
473 475 13
473 471 28
473 3 -19
659 180 -8
12 478 -28
236 481 8
295 293 8
295 43 8
295 294 13
293 292 13
43 515 -19
43 44 -13
294 45 -19
294 272 19
354 332 -19
354 598 -28
619 142 -28
400 378 -19
400 401 8
378 356 28
123 598 -8
123 102 -28
123 142 19
702 220 13
670 648 8
648 409 -13
648 649 8
648 173 19
598 597 8
102 357 28
102 576 28
142 401 -13
142 143 -8
447 186 -13
447 686 -19
187 188 -8
187 667 8
235 233 28
235 476 -28
399 140 -28
399 397 19
399 401 -28
48 521 13
270 23 -13
270 515 13
270 292 19
23 490 13
515 517 -13
515 513 -8
292 537 -8
292 44 -19
374 122 -28
353 593 28
353 351 -28
353 98 -8
1 2 8
1 471 -28
652 413 8
652 653 8
82 332 19
213 214 -8
476 477 -28
512 490 -13
512 513 -28
512 44 -13
64 66 19
521 519 8
519 517 19
5 475 -28
650 175 -13
650 628 -13
650 651 -28
175 173 8
628 154 13
651 649 28
651 653 -8
141 140 -19
141 139 19
141 143 -19
397 636 -13
397 395 28
410 154 19
410 388 8
410 653 -8
362 110 -8
153 154 19
153 631 -8
153 413 -13
653 655 -28
634 635 8
634 160 28
634 395 -28
634 613 -28
209 210 8
209 189 28
210 212 19
189 669 28
216 214 28
409 149 13
149 150 28
149 627 -19
122 120 -8
122 593 19
441 180 -13
231 472 13
231 233 -28
475 474 -28
475 477 19
45 47 8
45 44 -19
272 517 -28
3 4 28
348 370 28
370 392 -13
370 371 -19
4 2 8
356 357 -13
356 334 -28
669 668 -8
669 667 8
415 413 8
415 155 8
413 412 -28
155 156 -19
155 633 28
690 668 8
690 212 13
646 668 -13
668 429 8
332 576 -8
667 665 -13
667 424 -13
667 666 -19
392 635 -13
635 633 8
406 150 13
406 649 28
429 427 28
158 160 -8
158 156 8
158 632 -13
156 154 13
156 412 13
632 633 -19
632 611 13
412 655 -13
249 490 -13
490 468 -8
212 214 -19
474 233 19
474 496 19
367 369 -28
369 371 28
369 368 -19
186 665 -8
186 165 -28
186 207 -8
686 664 8
350 594 19
350 351 19
594 593 19
594 119 8
351 591 -19
631 388 -28
631 633 13
665 664 -28
664 188 -8
664 642 28
664 425 13
613 591 19
613 139 -8
371 611 19
120 119 28
120 591 -28
119 98 -28
591 569 -8
597 575 -13
597 357 -19
227 468 -28
227 226 -28
334 335 -13
394 139 -19
394 395 19
575 576 -13
575 335 -28
98 572 19
468 469 -19
468 2 19
469 471 19
226 471 8
344 588 -19
368 116 -19
588 590 -19
424 425 8
569 329 19
642 403 13
425 427 -28
425 165 28
666 427 -13
589 611 -28
589 590 -8
404 405 -8
110 112 19
405 403 19
