117 592 -13
117 136 -13
117 373 28
117 118 -28
117 96 -8
592 348 13
592 591 28
592 594 -28
592 590 -8
136 157 8
136 137 28
136 395 -13
136 614 28
373 375 -28
373 372 -8
373 613 -19
373 371 28
118 120 -8
118 370 -19
118 116 -8
118 589 13
96 97 -8
96 351 28
96 570 -13
96 75 -19
459 197 -8
459 457 19
459 458 19
459 461 19
459 697 28
197 198 13
197 176 -13
197 677 13
197 217 -13
457 455 -13
457 456 -8
457 195 19
457 695 -13
458 436 8
458 700 -28
458 200 13
461 199 -13
461 463 -13
461 699 -13
461 460 -13
697 219 28
697 676 -13
697 698 -13
244 245 -19
244 266 -13
244 489 -13
245 486 19
245 243 13
245 247 -8
266 20 13
266 511 -8
266 288 19
266 267 28
489 487 8
489 19 8
489 488 13
308 286 -13
308 553 19
308 309 -19
308 330 13
308 59 28
286 531 -13
286 264 -19
286 287 -13
286 39 19
553 79 8
553 555 19
553 551 13
553 552 8
309 311 -8
309 550 -28
309 307 8
309 56 19
330 331 28
330 574 19
330 352 -13
330 80 28
59 61 13
59 57 -19
59 528 -19
59 58 13
604 360 -28
604 602 28
604 603 -13
604 606 -8
360 382 -28
360 338 -13
360 361 8
360 108 -19
602 126 -19
602 601 -8
602 600 19
602 358 -19
603 130 13
603 363 -19
603 581 28
603 624 8
606 605 8
606 129 -13
606 608 8
606 362 8
125 104 28
125 381 13
125 600 -19
125 144 8
104 578 28
104 83 13
104 359 -13
381 380 -8
381 620 19
381 383 19
600 599 -28
144 165 28
144 403 -13
144 621 19
311 58 -28
311 552 -13
311 310 8
311 313 -13
58 531 8
58 38 -19
552 530 13
552 573 8
552 82 8
310 61 -28
310 555 -8
310 288 -19
310 332 -13
313 554 -8
313 312 19
313 60 -8
280 33 -28
280 525 -19
280 302 28
280 281 -19
280 258 -19
33 32 -19
33 31 13
33 35 -8
33 500 13
525 527 -8
525 52 -19
525 524 -19
525 523 8
302 324 -28
302 547 -28
302 303 28
302 53 28
281 279 -8
281 522 -8
281 30 8
281 283 8
258 259 19
258 12 -19
258 236 -19
258 503 -19
560 558 13
560 86 28
560 559 19
560 562 -13
560 316 8
558 557 19
558 314 -19
558 84 13
86 107 13
86 65 8
86 87 28
86 341 13
559 538 19
559 319 28
559 581 13
559 89 19
562 318 -19
562 88 8
562 561 -19
562 564 -13
316 317 13
316 294 8
316 338 -28
316 66 -19
151 411 19
151 172 -19
151 152 13
151 629 -19
151 131 -13
411 650 -28
411 409 -13
411 410 13
411 413 19
172 433 -19
172 193 -8
172 651 28
172 173 8
152 408 -19
152 154 13
152 150 -13
152 626 8
629 386 13
629 631 -19
629 627 -13
629 628 -28
131 389 -19
131 111 -8
131 608 -28
32 503 28
32 11 -8
32 283 -13
32 52 -28
503 502 -8
503 505 -19
503 501 -19
11 12 28
11 481 13
11 261 19
283 285 -28
283 524 -13
283 282 19
52 73 -13
52 53 -8
52 305 13
20 18 -19
20 486 -28
20 19 8
18 16 28
18 264 28
18 484 -28
18 17 13
486 508 13
486 487 8
19 269 -19
19 40 -28
203 683 8
203 465 -8
203 204 8
203 182 -28
203 222 -13
683 685 -28
683 681 19
683 440 19
683 682 -8
465 467 8
465 703 -13
465 464 28
465 463 8
204 202 -19
204 462 13
204 206 28
204 680 19
182 661 -8
182 443 28
182 183 8
182 161 28
222 223 -19
222 704 28
347 349 -13
347 346 28
347 345 -8
347 92 13
347 587 13
349 94 19
349 348 19
349 351 19
349 589 -8
346 95 13
346 324 -13
346 368 -8
346 590 -28
345 585 -28
345 343 28
345 90 28
345 344 13
92 566 -8
92 71 8
92 113 13
92 93 28
587 588 28
587 609 -19
587 565 -19
587 116 28
566 564 13
566 568 -19
566 565 -8
566 322 -19
71 72 -28
71 50 -19
71 545 -28
71 325 8
113 369 19
113 588 -19
113 114 -28
113 132 28
93 95 13
93 91 -19
93 344 19
93 563 -19
508 267 8
508 530 19
508 509 8
508 41 -13
267 269 -13
267 265 28
267 17 28
530 531 19
530 61 -8
530 289 -19
509 38 -8
509 507 -19
509 264 28
509 511 28
41 39 -13
41 288 -8
41 40 19
318 68 -13
318 340 28
318 319 28
318 296 -28
68 538 -28
68 67 -8
68 70 28
68 66 -19
340 362 -19
340 341 8
340 584 -19
340 89 13
319 317 -8
319 65 19
319 321 28
296 297 -13
296 47 28
296 274 -8
296 541 -13
95 94 19
95 565 13
95 97 -28
94 73 8
94 115 -8
94 568 -19
565 544 13
565 325 19
97 348 13
97 567 -28
97 99 -8
492 25 28
492 493 8
492 514 -13
492 251 19
492 470 -19
25 27 -13
25 272 -28
25 24 -19
25 23 -28
493 22 8
493 491 13
493 495 28
493 248 -8
514 536 -28
514 273 -13
514 45 -28
514 515 8
251 253 -28
251 249 13
251 250 -13
251 1 -19
470 229 -8
470 471 8
470 4 -8
55 53 -28
55 57 19
55 304 19
55 54 -19
55 524 19
53 51 8
53 522 -13
57 56 28
57 306 13
57 526 28
304 305 13
304 282 28
304 549 8
304 326 -13
54 307 -28
54 527 -8
54 34 19
54 75 -28
524 502 -28
524 546 13
544 74 28
544 522 28
544 545 13
544 303 -13
74 324 -13
74 73 -8
74 76 28
74 72 13
522 500 -8
522 523 28
545 300 -13
545 543 -8
545 547 -13
303 50 -19
303 301 -19
303 305 -28
385 383 -13
385 387 -13
385 624 -19
385 384 28
383 126 -8
383 382 13
383 622 -13
387 386 19
387 389 13
387 626 -8
387 129 13
624 646 -13
624 625 13
624 150 -19
384 130 -13
384 362 8
384 627 13
384 406 8
467 705 19
467 205 13
467 466 -13
703 225 -28
703 682 28
703 704 -28
464 442 -19
464 706 19
464 206 19
463 201 8
463 701 8
463 462 -19
531 533 19
531 529 -28
533 288 19
533 60 8
533 532 19
529 527 13
529 56 28
529 528 -28
529 284 -19
130 128 19
130 129 8
128 601 -28
128 127 13
128 382 13
129 149 19
129 109 -13
436 179 13
436 679 -13
436 437 8
436 414 19
179 178 28
179 181 8
179 177 -8
179 654 -19
679 199 -28
679 677 13
679 681 -28
679 678 19
437 439 28
437 676 19
437 435 8
437 176 19
414 415 -8
414 392 -13
414 158 19
414 657 19
386 364 -19
386 408 -8
389 391 -13
389 628 -8
389 388 28
626 605 19
626 648 8
626 627 8
610 609 13
610 366 19
610 608 -19
610 612 -8
610 132 8
609 135 -19
609 369 28
609 630 8
366 367 -8
366 114 28
366 344 -28
366 388 -28
608 364 -19
608 607 19
612 368 -19
612 614 28
612 134 28
612 611 -19
132 391 19
132 153 -13
132 133 -28
579 601 -8
579 339 19
579 557 -8
579 108 28
579 580 -13
601 361 -13
601 622 -8
339 337 13
339 84 -8
339 338 -13
339 341 -28
557 317 19
557 87 19
557 536 -13
108 107 28
108 106 -8
108 110 -19
580 336 -28
580 582 -8
580 578 -28
580 105 13
178 657 19
178 157 28
178 439 -8
178 199 19
657 656 13
657 659 -8
657 655 -19
157 158 13
157 417 -19
157 635 -28
439 438 28
439 678 -8
439 441 8
199 218 -13
199 200 8
264 265 8
264 242 19
287 285 8
287 528 -13
287 289 -19
287 36 28
39 38 -8
39 37 13
39 506 -13
564 90 19
564 563 13
564 320 28
568 324 -19
568 570 -8
568 567 -13
322 300 -13
322 72 13
322 344 -13
322 323 8
660 682 13
660 421 -13
660 661 -28
660 185 13
660 638 19
682 206 8
682 443 -8
421 419 -19
421 420 -28
421 423 -13
421 161 19
661 418 13
661 663 13
661 659 -13
185 442 28
185 184 28
185 183 -19
638 639 8
638 164 -13
638 617 28
638 399 -28
38 289 13
38 17 19
289 288 13
289 291 -28
17 487 13
645 402 13
645 643 -13
645 647 -19
645 644 13
645 166 -28
402 380 13
402 424 13
402 403 -28
402 146 13
643 165 -8
643 642 28
647 646 13
647 404 -28
647 649 -8
647 168 -28
644 169 -8
644 405 -28
644 666 -8
644 622 -28
166 187 -13
166 427 -28
166 145 28
166 167 -28
324 325 -28
325 323 -13
325 327 8
219 218 -13
219 221 28
676 654 -19
676 200 19
676 677 13
698 456 -13
698 696 -28
698 700 -19
698 217 8
101 352 -13
101 100 8
101 103 -13
101 99 13
101 571 -13
352 596 19
352 374 -28
352 353 28
100 79 8
100 355 19
100 574 -13
100 121 13
103 354 -13
103 573 19
103 102 -13
99 350 13
99 569 28
99 98 -19
571 550 19
571 572 -19
571 331 13
571 593 13
73 327 19
73 547 -28
327 326 -13
327 567 19
327 329 13
547 549 -19
547 546 -8
61 60 13
60 40 19
60 81 -28
550 528 -28
550 551 13
550 80 -28
528 506 -13
551 549 28
551 306 -28
551 77 8
80 79 -13
80 78 13
80 82 -19
391 393 13
391 630 28
391 390 -8
393 392 8
393 632 13
393 134 -8
393 395 8
630 652 13
630 631 13
630 156 8
390 135 8
390 412 13
390 368 8
390 633 -8
382 625 8
382 404 13
338 582 13
338 87 19
361 363 -13
361 359 8
361 105 -8
135 133 19
135 137 28
135 134 -13
133 607 -13
133 388 13
137 392 -13
137 611 -13
137 139 -28
134 115 -19
134 155 -19
442 685 -8
442 443 8
442 420 -19
685 205 -8
685 684 -8
443 445 28
443 441 8
420 398 -19
420 164 -28
420 663 -28
107 582 8
107 363 13
582 581 28
582 584 8
363 362 28
363 365 19
616 372 -8
616 618 13
616 615 8
616 138 -13
616 614 -28
372 350 28
372 120 8
372 394 -13
618 140 -28
618 374 -8
618 617 -28
618 619 -28
615 141 19
615 375 28
615 593 19
615 636 -8
138 397 -19
138 119 19
138 159 19
138 139 8
614 613 -19
614 370 28
445 684 19
445 184 -13
445 444 -28
684 662 -8
684 705 28
184 205 28
184 663 19
184 163 13
444 466 -28
444 422 8
585 563 -19
585 586 -8
585 607 13
585 114 -28
563 323 -19
563 542 8
586 584 13
586 342 19
586 588 8
586 111 -19
607 367 -8
607 628 8
114 116 -8
114 112 19
205 224 -13
205 206 28
663 662 28
163 164 -8
163 641 13
163 142 -8
163 423 28
448 426 8
448 190 19
448 691 -19
448 449 19
426 169 -28
426 669 19
426 427 -13
426 404 8
190 189 28
190 192 -19
190 188 -19
190 666 -13
691 689 8
691 690 28
691 692 -19
449 447 -19
449 451 -13
449 688 8
449 187 13
298 49 -8
298 543 -8
298 299 -19
298 276 28
298 320 -8
49 51 28
49 47 28
49 518 28
49 48 -8
543 69 8
543 541 -8
543 542 28
299 301 -13
299 540 -13
299 297 -8
299 46 -13
276 277 -19
276 254 8
276 521 -13
276 29 -8
320 321 -19
320 342 28
320 70 19
169 167 -13
169 171 13
169 168 13
167 642 28
167 424 -8
171 646 -8
171 428 -28
171 170 -13
171 173 28
168 147 -8
168 189 -28
168 429 28
300 301 -28
300 51 28
300 278 -13
301 48 -8
301 542 19
51 50 -28
51 520 13
278 279 -28
278 31 28
278 256 -28
278 523 8
257 255 -19
257 498 8
257 259 8
257 7 28
257 256 -28
255 254 28
255 253 -13
255 496 8
255 5 -8
498 31 28
498 476 13
498 520 8
498 499 -19
259 261 -8
259 500 19
259 9 -8
7 28 -13
7 8 -8
7 477 8
256 234 -28
256 10 -19
256 501 -13
218 700 13
700 702 19
700 699 -13
331 333 -28
331 329 -28
331 77 28
574 573 13
574 576 19
574 572 -8
225 224 -8
225 223 8
704 706 -19
704 702 -8
704 462 19
79 333 8
333 573 19
333 335 19
333 332 8
336 358 28
336 85 13
336 337 -8
336 314 -19
358 380 13
358 106 -28
358 359 19
85 556 13
85 87 13
85 84 -8
337 83 13
337 577 -28
314 315 19
314 292 8
314 64 -13
419 159 -13
419 658 -8
419 417 8
419 418 8
159 180 -8
159 160 28
159 637 -19
658 680 13
658 636 8
658 659 28
658 183 -28
417 656 8
417 415 13
417 416 -19
418 396 -28
418 162 19
418 440 13
689 208 13
689 446 8
689 687 -8
689 688 -19
208 187 -19
446 447 13
446 188 -13
446 424 -8
687 207 13
687 686 19
688 210 -8
688 666 19
455 454 13
455 693 -8
455 453 -8
455 193 -28
454 196 8
454 696 28
454 432 13
693 694 -28
693 672 -8
693 216 -19
453 191 8
453 452 19
453 451 13
193 673 -28
193 213 -13
193 194 -19
581 110 -8
581 341 28
584 109 28
584 583 -13
305 307 19
305 546 -8
282 527 28
282 260 -19
282 35 28
549 75 -28
549 548 13
326 76 -8
326 348 19
326 570 -13
307 548 -19
307 306 28
548 78 28
548 526 28
548 569 28
306 284 -19
306 328 13
599 359 -28
599 620 -13
599 127 19
599 577 8
620 642 28
620 621 28
620 146 13
127 380 28
127 126 8
577 578 -19
577 106 -19
577 556 -28
147 625 13
147 148 28
147 407 28
625 623 19
625 627 28
148 404 8
148 150 -13
148 146 19
148 622 -8
407 409 -19
407 646 13
407 405 -28
407 406 28
263 13 -13
263 261 8
263 504 -13
263 265 -13
263 262 -19
13 34 28
13 483 19
13 14 28
261 502 -13
261 260 -8
504 37 -28
504 482 28
504 526 19
504 505 28
265 506 -19
265 15 -19
262 16 19
262 240 -8
262 507 -19
262 284 13
224 706 -19
706 705 8
487 485 -28
487 242 -13
16 15 -8
16 14 19
16 482 -19
15 485 13
15 36 19
14 260 19
14 12 -19
14 480 -13
482 241 -8
482 483 -8
343 88 -8
343 341 -13
343 342 19
343 583 8
88 67 28
88 89 -8
88 109 -8
342 91 -28
342 364 13
583 605 -28
583 112 13
583 561 -19
67 321 8
67 541 28
67 46 -19
89 91 -8
89 87 19
109 110 -13
109 365 -19
488 510 -28
488 247 19
76 75 28
76 78 -8
76 546 28
75 329 8
78 328 19
78 77 -19
546 567 -8
90 111 13
90 69 -28
90 91 -8
111 367 -19
111 112 19
69 323 -13
69 70 -19
69 48 -13
91 561 8
50 523 19
50 30 13
520 279 13
520 521 13
520 542 -19
699 678 13
699 221 -19
460 438 8
460 202 19
460 702 8
246 247 13
246 268 8
268 269 -28
268 290 -28
527 526 19
526 285 -28
380 623 -19
623 621 8
623 145 -8
623 622 13
126 105 -13
126 145 13
105 106 -8
105 84 13
145 405 8
145 146 13
554 555 -13
554 532 28
554 575 -8
312 290 19
312 334 8
605 365 -8
365 367 -28
365 364 -8
561 321 -19
561 540 -28
269 510 19
510 532 19
510 511 19
40 511 8
40 291 8
34 505 -13
34 285 -8
34 35 -13
505 260 28
505 507 -8
285 284 -13
35 37 -28
35 502 8
115 371 8
115 116 8
115 590 -19
196 195 -28
196 198 -19
196 194 -13
196 672 -8
195 675 -28
195 215 13
195 174 8
198 456 -19
198 674 13
198 200 -8
194 452 -13
194 670 28
194 192 8
672 433 -8
672 650 8
672 673 8
677 675 13
677 434 19
681 438 -13
681 680 -13
681 201 -19
678 202 19
678 656 -13
56 77 13
56 36 -8
532 291 19
243 242 -13
243 241 -19
243 484 -19
241 239 -28
241 240 -19
484 485 -13
484 506 8
364 112 8
408 409 -28
408 430 19
408 651 8
438 181 13
438 416 -8
181 656 8
181 180 -19
181 183 19
416 394 13
416 160 -13
416 659 19
570 569 -19
570 572 -19
567 589 19
662 640 -28
662 423 -19
640 641 19
640 401 13
423 422 13
279 277 8
279 28 -8
277 275 13
277 26 13
277 518 -28
28 48 8
28 29 28
28 499 8
31 29 13
31 30 -13
29 27 13
29 496 -28
30 9 -28
30 501 -28
202 200 -8
202 201 13
201 180 13
201 220 13
252 230 -8
252 253 8
252 497 -28
252 274 8
252 6 -13
230 231 8
230 475 -8
253 3 -28
253 494 -19
497 26 -8
497 499 13
497 496 8
497 495 13
274 275 -19
274 27 28
274 519 13
6 8 -28
6 5 8
6 4 -8
6 472 -28
317 63 -8
317 315 -28
63 84 28
63 43 19
63 64 8
63 537 19
315 556 19
315 62 8
541 540 13
541 539 -13
542 72 13
422 400 -19
450 451 28
450 428 -19
450 192 13
450 692 -19
451 189 -19
451 690 13
428 671 -28
428 406 19
428 429 19
192 191 -19
192 668 13
692 211 -13
692 694 -13
284 37 -13
234 235 28
234 479 -19
10 9 -13
10 8 13
10 476 -28
10 12 13
501 500 13
501 499 28
37 36 28
36 507 -13
500 478 13
9 479 -28
479 477 8
479 481 -28
479 478 8
483 485 -28
483 238 -8
483 481 -13
396 639 -19
396 141 28
396 397 -13
396 374 13
162 164 -28
162 160 -19
162 636 -8
162 161 -19
440 441 -19
440 183 -19
440 462 -8
485 240 19
72 70 -19
70 540 -19
398 376 -19
398 641 8
398 143 -28
398 399 -28
377 375 28
377 617 -8
377 376 28
377 121 19
377 379 13
375 374 -19
375 119 -28
617 595 -8
617 143 19
376 354 -13
376 619 -28
376 124 -28
121 140 -28
121 596 8
121 122 19
379 378 13
379 123 19
696 215 28
696 695 19
696 694 19
432 675 19
432 433 -8
432 175 -8
432 410 13
456 434 8
434 435 13
434 412 -13
434 177 -28
328 350 8
328 572 13
328 329 -28
556 534 -13
534 535 8
534 293 -13
534 512 -19
534 64 13
506 507 13
536 295 8
536 66 -8
536 537 8
639 161 -19
639 641 -13
639 637 13
161 140 -8
637 635 -8
637 394 8
637 636 19
21 491 13
21 42 19
21 271 -28
21 0 -13
491 490 28
42 62 13
42 293 -8
42 513 8
271 270 -28
271 512 28
271 273 -28
0 249 -8
0 469 -13
77 98 19
675 674 -13
675 673 8
674 695 19
674 652 -8
674 435 28
673 671 -28
673 430 13
191 671 19
191 170 8
191 211 -28
671 670 13
671 669 -19
170 431 -19
170 149 8
170 649 13
211 212 8
555 81 28
81 335 -13
81 102 19
81 82 8
523 521 -19
701 223 13
701 702 8
701 680 -8
239 238 -19
239 480 8
239 237 -8
238 260 19
480 502 -28
480 481 -28
237 236 -13
237 478 19
237 235 8
275 24 -28
275 273 19
275 516 19
24 3 13
24 495 8
273 22 8
273 272 -13
516 538 28
516 517 -13
516 47 19
516 494 -13
223 221 -19
221 220 28
27 494 -8
27 26 -8
494 472 8
494 495 28
26 5 -13
26 46 -13
215 216 -28
174 435 28
174 153 -19
174 653 -19
174 175 13
518 540 19
518 519 -8
518 496 19
656 634 28
680 441 -19
291 290 -19
62 535 -19
62 83 28
535 537 -19
538 297 -28
538 539 28
297 295 13
539 294 -8
539 65 -19
539 537 28
433 435 8
433 431 -8
431 670 19
431 430 13
431 429 -13
254 8 8
254 499 -19
254 232 -28
8 474 8
232 477 8
232 233 -28
65 66 28
321 323 28
22 1 19
22 43 -8
22 23 -8
495 250 28
248 270 -19
248 249 19
248 2 19
248 226 -28
46 47 19
46 519 -13
595 355 -28
595 573 19
595 124 13
595 596 -28
355 354 28
355 353 19
355 357 -13
124 123 -28
124 122 -8
596 594 -13
596 598 -28
176 155 8
176 655 28
176 177 8
452 430 19
452 694 13
430 173 13
694 213 19
177 652 28
177 175 -28
654 415 -28
654 632 -13
654 655 -19
228 229 -28
228 250 -19
228 473 -8
229 231 8
229 227 -28
250 272 -13
250 4 19
473 472 19
473 475 -13
473 471 -28
473 3 -28
659 180 -19
12 478 -19
236 481 -8
295 293 -8
295 43 -8
295 294 19
293 292 -28
43 515 28
43 44 8
294 45 13
294 272 8
354 332 -13
354 598 -13
619 142 8
400 378 13
400 401 28
378 356 8
123 598 -13
123 102 -28
123 142 -19
702 220 -13
670 648 8
648 409 -28
648 649 8
648 173 -8
598 597 -13
102 357 28
102 576 -13
142 401 -13
142 143 -8
447 186 13
447 686 -8
187 188 13
187 667 13
235 233 -8
235 476 -28
399 140 -19
399 397 -28
399 401 19
48 521 28
270 23 28
270 515 -8
270 292 -13
23 490 -8
515 517 19
515 513 28
292 537 -28
292 44 -8
374 122 13
353 593 -19
353 351 -19
353 98 8
1 2 -28
1 471 -28
652 413 19
652 653 8
82 332 19
213 214 13
476 477 -13
512 490 28
512 513 -8
512 44 28
64 66 -8
521 519 28
519 517 13
5 475 28
650 175 8
650 628 -28
650 651 8
175 173 -8
628 154 -19
651 649 13
651 653 -19
141 140 19
141 139 -28
141 143 8
397 636 -19
397 395 8
410 154 19
410 388 -8
410 653 -28
362 110 -13
153 154 19
153 631 -19
153 413 19
653 655 28
634 635 -8
634 160 28
634 395 -19
634 613 19
209 210 -28
209 189 -19
210 212 19
189 669 -28
216 214 -28
409 149 8
149 150 8
149 627 8
122 120 28
122 593 -19
441 180 13
231 472 -13
231 233 -28
475 474 -28
475 477 8
45 47 13
45 44 -13
272 517 -28
3 4 13
348 370 28
370 392 8
370 371 -8
4 2 -8
356 357 -13
356 334 -28
669 668 19
669 667 -28
415 413 8
415 155 8
413 412 -13
155 156 -19
155 633 -19
690 668 13
690 212 -8
646 668 -28
668 429 -28
332 576 -8
667 665 -8
667 424 28
667 666 -19
392 635 13
635 633 28
406 150 -28
406 649 -19
429 427 -8
158 160 13
158 156 8
158 632 -8
156 154 28
156 412 -28
632 633 28
632 611 -8
412 655 -28
249 490 -28
490 468 28
212 214 -28
474 233 -28
474 496 -8
367 369 19
369 371 -8
369 368 -13
186 665 -13
186 165 -28
186 207 19
686 664 -28
350 594 -28
350 351 -19
594 593 19
594 119 13
351 591 -8
631 388 -8
631 633 -13
665 664 13
664 188 8
664 642 -13
664 425 -19
613 591 -13
613 139 28
371 611 -8
120 119 19
120 591 -19
119 98 8
591 569 28
597 575 8
597 357 28
227 468 19
227 226 8
334 335 -13
394 139 19
394 395 28
575 576 28
575 335 28
98 572 8
468 469 8
468 2 -19
469 471 8
226 471 -19
344 588 19
368 116 19
588 590 -13
424 425 13
569 329 -19
642 403 -19
425 427 -8
425 165 -19
666 427 28
589 611 -28
589 590 8
404 405 -19
110 112 8
405 403 -28
