117 592 -19
117 136 -13
117 373 13
117 118 -13
117 96 -8
592 348 -19
592 591 -19
592 594 8
592 590 -28
136 157 28
136 137 -19
136 395 -28
136 614 13
373 375 19
373 372 -19
373 613 -28
373 371 -28
118 120 -19
118 370 13
118 116 -8
118 589 19
96 97 8
96 351 -19
96 570 28
96 75 19
459 197 28
459 457 -28
459 458 28
459 461 8
459 697 -8
197 198 -19
197 176 8
197 677 -28
197 217 28
457 455 -19
457 456 -8
457 195 8
457 695 28
458 436 8
458 700 8
458 200 -8
461 199 13
461 463 -19
461 699 28
461 460 -19
697 219 -19
697 676 28
697 698 13
244 245 19
244 266 13
244 489 8
245 486 19
245 243 -19
245 247 -19
266 20 13
266 511 19
266 288 -8
266 267 28
489 487 -28
489 19 8
489 488 28
308 286 8
308 553 -28
308 309 8
308 330 -8
308 59 -13
286 531 -13
286 264 8
286 287 -8
286 39 -28
553 79 28
553 555 -19
553 551 28
553 552 -13
309 311 -28
309 550 -19
309 307 -8
309 56 -19
330 331 28
330 574 -28
330 352 8
330 80 19
59 61 19
59 57 8
59 528 13
59 58 19
604 360 19
604 602 28
604 603 8
604 606 -28
360 382 -28
360 338 -8
360 361 13
360 108 -13
602 126 -28
602 601 19
602 600 28
602 358 8
603 130 13
603 363 8
603 581 -19
603 624 -13
606 605 -13
606 129 28
606 608 -13
606 362 13
125 104 13
125 381 28
125 600 19
125 144 28
104 578 13
104 83 13
104 359 8
381 380 -13
381 620 8
381 383 -19
600 599 28
144 165 -8
144 403 28
144 621 -19
311 58 -8
311 552 -28
311 310 28
311 313 13
58 531 8
58 38 -8
552 530 -8
552 573 19
552 82 -13
310 61 -28
310 555 28
310 288 13
310 332 -13
313 554 13
313 312 13
313 60 28
280 33 19
280 525 8
280 302 28
280 281 -28
280 258 -28
33 32 28
33 31 -19
33 35 19
33 500 -8
525 527 13
525 52 19
525 524 13
525 523 8
302 324 -13
302 547 -28
302 303 -28
302 53 8
281 279 13
281 522 13
281 30 28
281 283 -19
258 259 -13
258 12 -8
258 236 -8
258 503 -19
560 558 28
560 86 -19
560 559 8
560 562 -19
560 316 -8
558 557 -8
558 314 -8
558 84 -8
86 107 8
86 65 19
86 87 -28
86 341 13
559 538 28
559 319 28
559 581 19
559 89 -8
562 318 8
562 88 -13
562 561 -13
562 564 -19
316 317 -8
316 294 19
316 338 19
316 66 8
151 411 13
151 172 -28
151 152 13
151 629 19
151 131 13
411 650 -19
411 409 19
411 410 -19
411 413 -13
172 433 8
172 193 -28
172 651 28
172 173 -28
152 408 -19
152 154 13
152 150 -28
152 626 13
629 386 13
629 631 -28
629 627 -8
629 628 -19
131 389 19
131 111 -13
131 608 -13
32 503 19
32 11 8
32 283 8
32 52 19
503 502 8
503 505 -13
503 501 13
11 12 8
11 481 -19
11 261 -8
283 285 -13
283 524 -28
283 282 13
52 73 -8
52 53 13
52 305 -8
20 18 -8
20 486 -13
20 19 -13
18 16 -19
18 264 -19
18 484 19
18 17 8
486 508 -13
486 487 8
19 269 -19
19 40 28
203 683 13
203 465 -8
203 204 -28
203 182 19
203 222 28
683 685 28
683 681 19
683 440 -19
683 682 -28
465 467 28
465 703 -19
465 464 -28
465 463 19
204 202 19
204 462 28
204 206 13
204 680 -19
182 661 19
182 443 28
182 183 -28
182 161 13
222 223 -28
222 704 -13
347 349 -19
347 346 19
347 345 -8
347 92 19
347 587 -13
349 94 19
349 348 13
349 351 28
349 589 -19
346 95 -19
346 324 -13
346 368 -28
346 590 -19
345 585 -13
345 343 19
345 90 13
345 344 -28
92 566 -8
92 71 8
92 113 19
92 93 13
587 588 -8
587 609 8
587 565 -19
587 116 28
566 564 -28
566 568 8
566 565 -13
566 322 19
71 72 19
71 50 13
71 545 19
71 325 -19
113 369 -19
113 588 -28
113 114 -28
113 132 -28
93 95 -13
93 91 13
93 344 8
93 563 -8
508 267 8
508 530 -13
508 509 19
508 41 -8
267 269 -8
267 265 -28
267 17 8
530 531 13
530 61 19
530 289 -8
509 38 8
509 507 -13
509 264 -28
509 511 -19
41 39 -13
41 288 -28
41 40 -13
318 68 13
318 340 19
318 319 19
318 296 28
68 538 19
68 67 8
68 70 -13
68 66 -8
340 362 -8
340 341 -19
340 584 -19
340 89 28
319 317 28
319 65 28
319 321 13
296 297 19
296 47 13
296 274 -28
296 541 28
95 94 -8
95 565 13
95 97 -13
94 73 -8
94 115 -13
94 568 13
565 544 28
565 325 -8
97 348 -28
97 567 -8
97 99 28
492 25 28
492 493 -19
492 514 -19
492 251 -13
492 470 -13
25 27 -19
25 272 13
25 24 28
25 23 -8
493 22 8
493 491 -8
493 495 8
493 248 -19
514 536 -19
514 273 19
514 45 -13
514 515 13
251 253 -13
251 249 8
251 250 19
251 1 8
470 229 19
470 471 13
470 4 -8
55 53 13
55 57 -19
55 304 -8
55 54 19
55 524 8
53 51 -13
53 522 13
57 56 13
57 306 13
57 526 13
304 305 28
304 282 19
304 549 8
304 326 28
54 307 8
54 527 8
54 34 19
54 75 8
524 502 19
524 546 -28
544 74 -28
544 522 -13
544 545 -28
544 303 8
74 324 28
74 73 28
74 76 13
74 72 -19
522 500 -28
522 523 -13
545 300 28
545 543 28
545 547 -28
303 50 13
303 301 19
303 305 -28
385 383 -8
385 387 28
385 624 8
385 384 28
383 126 8
383 382 8
383 622 28
387 386 8
387 389 -8
387 626 -28
387 129 8
624 646 -8
624 625 -8
624 150 -8
384 130 -13
384 362 -8
384 627 8
384 406 -19
467 705 -13
467 205 -8
467 466 19
703 225 -8
703 682 -8
703 704 8
464 442 -28
464 706 -13
464 206 -19
463 201 -8
463 701 8
463 462 13
531 533 -28
531 529 -19
533 288 13
533 60 13
533 532 28
529 527 28
529 56 -13
529 528 13
529 284 -19
130 128 -8
130 129 13
128 601 -8
128 127 28
128 382 -8
129 149 28
129 109 -8
436 179 8
436 679 13
436 437 8
436 414 -8
179 178 -19
179 181 -8
179 177 -19
179 654 13
679 199 28
679 677 -13
679 681 19
679 678 -13
437 439 -19
437 676 -28
437 435 -28
437 176 -28
414 415 -28
414 392 8
414 158 -13
414 657 -8
386 364 28
386 408 -28
389 391 -8
389 628 19
389 388 13
626 605 13
626 648 -19
626 627 -19
610 609 -13
610 366 -8
610 608 19
610 612 -28
610 132 -28
609 135 -28
609 369 -13
609 630 8
366 367 -13
366 114 -19
366 344 -28
366 388 -28
608 364 28
608 607 28
612 368 28
612 614 -13
612 134 28
612 611 -28
132 391 -19
132 153 8
132 133 -8
579 601 -28
579 339 -28
579 557 -19
579 108 -13
579 580 -13
601 361 19
601 622 -28
339 337 -19
339 84 -13
339 338 19
339 341 8
557 317 28
557 87 13
557 536 8
108 107 19
108 106 -13
108 110 -13
580 336 -8
580 582 8
580 578 -8
580 105 8
178 657 -19
178 157 -8
178 439 28
178 199 -28
657 656 19
657 659 13
657 655 8
157 158 -13
157 417 8
157 635 8
439 438 8
439 678 8
439 441 19
199 218 28
199 200 8
264 265 -28
264 242 -19
287 285 19
287 528 -13
287 289 -8
287 36 -28
39 38 -19
39 37 -13
39 506 13
564 90 -28
564 563 -19
564 320 13
568 324 -13
568 570 -28
568 567 8
322 300 -8
322 72 28
322 344 -19
322 323 -8
660 682 -19
660 421 19
660 661 8
660 185 -13
660 638 -8
682 206 -8
682 443 -28
421 419 13
421 420 8
421 423 -8
421 161 8
661 418 28
661 663 -8
661 659 -8
185 442 13
185 184 13
185 183 -28
638 639 8
638 164 28
638 617 -19
638 399 28
38 289 8
38 17 -8
289 288 -13
289 291 -13
17 487 -28
645 402 13
645 643 13
645 647 -13
645 644 -19
645 166 28
402 380 28
402 424 19
402 403 13
402 146 19
643 165 13
643 642 8
647 646 8
647 404 8
647 649 19
647 168 -8
644 169 -28
644 405 -8
644 666 -28
644 622 -8
166 187 28
166 427 28
166 145 8
166 167 -13
324 325 -13
325 323 -8
325 327 13
219 218 8
219 221 19
676 654 8
676 200 19
676 677 13
698 456 -19
698 696 -28
698 700 19
698 217 8
101 352 8
101 100 -19
101 103 -8
101 99 -8
101 571 13
352 596 8
352 374 28
352 353 -19
100 79 8
100 355 -28
100 574 8
100 121 19
103 354 -13
103 573 -13
103 102 -19
99 350 8
99 569 28
99 98 -8
571 550 19
571 572 -19
571 331 -8
571 593 19
73 327 28
73 547 8
327 326 -28
327 567 28
327 329 8
547 549 28
547 546 -8
61 60 13
60 40 8
60 81 28
550 528 -19
550 551 28
550 80 8
528 506 -13
551 549 13
551 306 13
551 77 8
80 79 8
80 78 -28
80 82 -19
391 393 -8
391 630 13
391 390 8
393 392 28
393 632 19
393 134 19
393 395 -19
630 652 -13
630 631 -8
630 156 -28
390 135 19
390 412 -13
390 368 13
390 633 -13
382 625 13
382 404 -19
338 582 -13
338 87 13
361 363 13
361 359 19
361 105 -19
135 133 -19
135 137 -13
135 134 -19
133 607 -8
133 388 13
137 392 13
137 611 -13
137 139 -19
134 115 -13
134 155 -13
442 685 8
442 443 8
442 420 19
685 205 -28
685 684 -28
443 445 -28
443 441 28
420 398 8
420 164 8
420 663 13
107 582 13
107 363 28
582 581 -8
582 584 -28
363 362 -13
363 365 8
616 372 -19
616 618 -8
616 615 -13
616 138 19
616 614 -13
372 350 19
372 120 13
372 394 8
618 140 -13
618 374 28
618 617 19
618 619 19
615 141 -13
615 375 -28
615 593 -28
615 636 28
138 397 13
138 119 -13
138 159 -28
138 139 -8
614 613 -13
614 370 -13
445 684 19
445 184 28
445 444 -8
684 662 28
684 705 13
184 205 -19
184 663 -8
184 163 -19
444 466 13
444 422 -13
585 563 28
585 586 8
585 607 -8
585 114 -19
563 323 8
563 542 8
586 584 19
586 342 -8
586 588 8
586 111 -8
607 367 19
607 628 -28
114 116 -13
114 112 -8
205 224 19
205 206 13
663 662 13
163 164 19
163 641 -13
163 142 -8
163 423 -13
448 426 -8
448 190 -28
448 691 -13
448 449 19
426 169 13
426 669 -8
426 427 13
426 404 13
190 189 -28
190 192 -19
190 188 8
190 666 -28
691 689 28
691 690 8
691 692 28
449 447 19
449 451 19
449 688 8
449 187 19
298 49 8
298 543 -8
298 299 -28
298 276 -8
298 320 8
49 51 19
49 47 19
49 518 28
49 48 -28
543 69 19
543 541 13
543 542 28
299 301 8
299 540 -8
299 297 13
299 46 28
276 277 -8
276 254 -13
276 521 8
276 29 28
320 321 19
320 342 28
320 70 -8
169 167 -8
169 171 -28
169 168 -28
167 642 -28
167 424 -19
171 646 -19
171 428 -19
171 170 28
171 173 8
168 147 8
168 189 8
168 429 28
300 301 -19
300 51 -28
300 278 19
301 48 13
301 542 -19
51 50 -8
51 520 19
278 279 -28
278 31 -28
278 256 13
278 523 28
257 255 19
257 498 13
257 259 -28
257 7 8
257 256 -8
255 254 -8
255 253 8
255 496 8
255 5 -8
498 31 -28
498 476 19
498 520 28
498 499 -19
259 261 28
259 500 13
259 9 13
7 28 13
7 8 19
7 477 28
256 234 -19
256 10 -19
256 501 13
218 700 -13
700 702 28
700 699 -28
331 333 8
331 329 -28
331 77 -19
574 573 28
574 576 -19
574 572 -19
225 224 -8
225 223 8
704 706 -19
704 702 8
704 462 -8
79 333 -19
333 573 -13
333 335 -8
333 332 28
336 358 -8
336 85 19
336 337 -28
336 314 -8
358 380 19
358 106 -8
358 359 8
85 556 28
85 87 -28
85 84 -28
337 83 19
337 577 -8
314 315 -13
314 292 8
314 64 -28
419 159 13
419 658 -13
419 417 13
419 418 -13
159 180 19
159 160 -13
159 637 -28
658 680 19
658 636 19
658 659 -13
658 183 -8
417 656 -28
417 415 19
417 416 -13
418 396 8
418 162 -28
418 440 -13
689 208 19
689 446 -28
689 687 -13
689 688 -28
208 187 8
446 447 28
446 188 -13
446 424 -8
687 207 -28
687 686 -13
688 210 13
688 666 -13
455 454 13
455 693 -28
455 453 -28
455 193 -19
454 196 -19
454 696 -13
454 432 8
693 694 -28
693 672 -28
693 216 -13
453 191 13
453 452 -19
453 451 28
193 673 -19
193 213 28
193 194 -13
581 110 19
581 341 28
584 109 8
584 583 -13
305 307 13
305 546 -19
282 527 -28
282 260 -8
282 35 -28
549 75 28
549 548 -19
326 76 19
326 348 13
326 570 -13
307 548 -13
307 306 13
548 78 -8
548 526 8
548 569 -13
306 284 19
306 328 -8
599 359 -28
599 620 8
599 127 -19
599 577 19
620 642 8
620 621 -19
620 146 -28
127 380 28
127 126 -13
577 578 -13
577 106 -13
577 556 -13
147 625 19
147 148 19
147 407 13
625 623 -28
625 627 -13
148 404 28
148 150 -13
148 146 -19
148 622 28
407 409 -13
407 646 -13
407 405 19
407 406 -13
263 13 -8
263 261 19
263 504 -28
263 265 -8
263 262 28
13 34 13
13 483 -13
13 14 -19
261 502 -8
261 260 -28
504 37 8
504 482 -13
504 526 -28
504 505 8
265 506 8
265 15 28
262 16 19
262 240 -13
262 507 -28
262 284 -28
224 706 8
706 705 -19
487 485 -13
487 242 28
16 15 8
16 14 -8
16 482 -8
15 485 13
15 36 -8
14 260 -8
14 12 19
14 480 8
482 241 -8
482 483 8
343 88 19
343 341 28
343 342 28
343 583 8
88 67 19
88 89 -13
88 109 -13
342 91 28
342 364 8
583 605 -13
583 112 -19
583 561 19
67 321 -19
67 541 -13
67 46 -13
89 91 -13
89 87 8
109 110 -28
109 365 -8
488 510 -8
488 247 -19
76 75 -19
76 78 -28
76 546 8
75 329 -8
78 328 -13
78 77 -8
546 567 -19
90 111 8
90 69 -28
90 91 -19
111 367 8
111 112 28
69 323 28
69 70 8
69 48 8
91 561 19
50 523 19
50 30 -13
520 279 -28
520 521 -13
520 542 -8
699 678 -13
699 221 8
460 438 8
460 202 13
460 702 28
246 247 28
246 268 -28
268 269 -8
268 290 -13
527 526 28
526 285 -8
380 623 28
623 621 8
623 145 -19
623 622 -19
126 105 8
126 145 19
105 106 -19
105 84 13
145 405 28
145 146 8
554 555 13
554 532 19
554 575 28
312 290 13
312 334 13
605 365 8
365 367 -8
365 364 13
561 321 8
561 540 -8
269 510 -13
510 532 28
510 511 13
40 511 13
40 291 13
34 505 19
34 285 -28
34 35 8
505 260 -28
505 507 -8
285 284 -13
35 37 8
35 502 -8
115 371 -28
115 116 -28
115 590 19
196 195 8
196 198 -19
196 194 13
196 672 13
195 675 -13
195 215 -13
195 174 19
198 456 28
198 674 28
198 200 28
194 452 -13
194 670 -13
194 192 28
672 433 -8
672 650 -13
672 673 13
677 675 -13
677 434 28
681 438 -28
681 680 -8
681 201 19
678 202 -28
678 656 -19
56 77 19
56 36 13
532 291 28
243 242 -19
243 241 -8
243 484 -13
241 239 28
241 240 -8
484 485 -13
484 506 -8
364 112 8
408 409 -19
408 430 -19
408 651 13
438 181 -19
438 416 -28
181 656 -8
181 180 -13
181 183 -13
416 394 -19
416 160 -13
416 659 -8
570 569 13
570 572 -28
567 589 19
662 640 8
662 423 28
640 641 -13
640 401 19
423 422 13
279 277 -13
279 28 19
277 275 -8
277 26 -19
277 518 19
28 48 19
28 29 19
28 499 28
31 29 -13
31 30 -8
29 27 -13
29 496 28
30 9 -28
30 501 -28
202 200 8
202 201 19
201 180 28
201 220 -28
252 230 -28
252 253 -8
252 497 28
252 274 -8
252 6 -19
230 231 13
230 475 19
253 3 -13
253 494 28
497 26 -8
497 499 13
497 496 8
497 495 19
274 275 -28
274 27 19
274 519 -19
6 8 28
6 5 28
6 4 -13
6 472 28
317 63 -8
317 315 -28
63 84 -28
63 43 -13
63 64 -13
63 537 13
315 556 13
315 62 -8
541 540 -13
541 539 -8
542 72 19
422 400 -28
450 451 19
450 428 -8
450 192 -8
450 692 -13
451 189 -13
451 690 13
428 671 -19
428 406 8
428 429 -28
192 191 8
192 668 -28
692 211 19
692 694 -19
284 37 13
234 235 -28
234 479 -13
10 9 -19
10 8 19
10 476 28
10 12 8
501 500 -13
501 499 -28
37 36 -13
36 507 -13
500 478 -8
9 479 19
479 477 8
479 481 -19
479 478 28
483 485 -8
483 238 19
483 481 8
396 639 8
396 141 -8
396 397 -28
396 374 8
162 164 -19
162 160 -13
162 636 -8
162 161 8
440 441 19
440 183 19
440 462 -8
485 240 -8
72 70 -28
70 540 13
398 376 13
398 641 -28
398 143 -19
398 399 8
377 375 -28
377 617 -13
377 376 -28
377 121 -13
377 379 -28
375 374 -19
375 119 -28
617 595 13
617 143 -28
376 354 -8
376 619 8
376 124 -8
121 140 19
121 596 13
121 122 -13
379 378 19
379 123 -13
696 215 28
696 695 -28
696 694 13
432 675 19
432 433 28
432 175 -13
432 410 19
456 434 -8
434 435 28
434 412 19
434 177 -28
328 350 13
328 572 19
328 329 -19
556 534 -28
534 535 28
534 293 13
534 512 -13
534 64 28
506 507 19
536 295 8
536 66 28
536 537 -28
639 161 28
639 641 -28
639 637 8
161 140 13
637 635 -28
637 394 13
637 636 -8
21 491 -13
21 42 28
21 271 -28
21 0 -13
491 490 -13
42 62 -28
42 293 8
42 513 -28
271 270 -13
271 512 19
271 273 -8
0 249 13
0 469 28
77 98 -13
675 674 -8
675 673 -28
674 695 -19
674 652 28
674 435 -13
673 671 28
673 430 -13
191 671 -28
191 170 -28
191 211 8
671 670 28
671 669 13
170 431 8
170 149 -28
170 649 -19
211 212 -28
555 81 8
81 335 -13
81 102 -13
81 82 -28
523 521 -19
701 223 -13
701 702 -8
701 680 19
239 238 -8
239 480 -19
239 237 8
238 260 28
480 502 28
480 481 -19
237 236 28
237 478 -8
237 235 -8
275 24 -19
275 273 -8
275 516 -13
24 3 -28
24 495 -8
273 22 -28
273 272 -19
516 538 13
516 517 -28
516 47 -19
516 494 8
223 221 28
221 220 8
27 494 13
27 26 -28
494 472 13
494 495 -19
26 5 -28
26 46 28
215 216 13
174 435 -19
174 153 19
174 653 19
174 175 8
518 540 -8
518 519 28
518 496 -13
656 634 -19
680 441 -8
291 290 -8
62 535 -28
62 83 19
535 537 19
538 297 -19
538 539 -19
297 295 28
539 294 -8
539 65 -8
539 537 28
433 435 13
433 431 -19
431 670 -19
431 430 -8
431 429 -28
254 8 19
254 499 -19
254 232 28
8 474 19
232 477 -19
232 233 13
65 66 -19
321 323 -13
22 1 -8
22 43 -19
22 23 19
495 250 -19
248 270 -8
248 249 -13
248 2 -8
248 226 -8
46 47 -8
46 519 -28
595 355 28
595 573 -8
595 124 -28
595 596 -28
355 354 -28
355 353 -19
355 357 13
124 123 -19
124 122 -8
596 594 19
596 598 28
176 155 19
176 655 19
176 177 28
452 430 -19
452 694 -8
430 173 28
694 213 28
177 652 13
177 175 8
654 415 -28
654 632 8
654 655 8
228 229 -28
228 250 19
228 473 -8
229 231 -13
229 227 13
250 272 28
250 4 13
473 472 28
473 475 8
473 471 13
473 3 -28
659 180 -19
12 478 13
236 481 -28
295 293 8
295 43 19
295 294 28
293 292 -13
43 515 -19
43 44 13
294 45 19
294 272 13
354 332 19
354 598 19
619 142 -13
400 378 8
400 401 28
378 356 -19
123 598 -8
123 102 19
123 142 -8
702 220 -13
670 648 -28
648 409 -13
648 649 -8
648 173 -28
598 597 28
102 357 -13
102 576 13
142 401 -28
142 143 -19
447 186 -8
447 686 13
187 188 -19
187 667 8
235 233 28
235 476 -19
399 140 -19
399 397 8
399 401 -28
48 521 -19
270 23 -8
270 515 -19
270 292 13
23 490 -28
515 517 -28
515 513 19
292 537 13
292 44 -28
374 122 -28
353 593 28
353 351 19
353 98 13
1 2 -19
1 471 28
652 413 -8
652 653 -19
82 332 -28
213 214 -8
476 477 13
512 490 28
512 513 -8
512 44 19
64 66 28
521 519 19
519 517 13
5 475 -8
650 175 8
650 628 28
650 651 -19
175 173 19
628 154 -19
651 649 -28
651 653 -28
141 140 8
141 139 -28
141 143 13
397 636 -8
397 395 -28
410 154 19
410 388 19
410 653 -13
362 110 -8
153 154 -8
153 631 -28
153 413 19
653 655 19
634 635 19
634 160 -8
634 395 -19
634 613 -8
209 210 -19
209 189 19
210 212 -28
189 669 -28
216 214 -19
409 149 28
149 150 19
149 627 -8
122 120 -13
122 593 19
441 180 -19
231 472 8
231 233 13
475 474 -8
475 477 -28
45 47 19
45 44 -8
272 517 28
3 4 19
348 370 8
370 392 -19
370 371 -13
4 2 28
356 357 28
356 334 -8
669 668 -19
669 667 19
415 413 19
415 155 19
413 412 13
155 156 -19
155 633 8
690 668 19
690 212 -13
646 668 13
668 429 13
332 576 -13
667 665 -19
667 424 -13
667 666 -19
392 635 -28
635 633 -28
406 150 13
406 649 -19
429 427 8
158 160 28
158 156 8
158 632 -13
156 154 -13
156 412 28
632 633 19
632 611 28
412 655 13
249 490 -28
490 468 28
212 214 13
474 233 28
474 496 -28
367 369 28
369 371 13
369 368 8
186 665 -13
186 165 13
186 207 -8
686 664 28
350 594 -19
350 351 8
594 593 28
594 119 19
351 591 -28
631 388 -8
631 633 28
665 664 8
664 188 13
664 642 19
664 425 -8
613 591 8
613 139 -8
371 611 -28
120 119 -19
120 591 -19
119 98 8
591 569 -28
597 575 -13
597 357 -28
227 468 -19
227 226 19
334 335 -19
394 139 -13
394 395 28
575 576 19
575 335 -19
98 572 19
468 469 28
468 2 -19
469 471 13
226 471 -28
344 588 8
368 116 -28
588 590 -8
424 425 -8
569 329 19
642 403 -13
425 427 19
425 165 -28
666 427 13
589 611 -28
589 590 28
404 405 -13
110 112 -19
405 403 -19
