117 592 8
117 136 -13
117 373 8
117 118 -19
117 96 13
592 348 -13
592 591 -19
592 594 8
592 590 -13
136 157 -13
136 137 -28
136 395 8
136 614 8
373 375 -19
373 372 13
373 613 -19
373 371 -8
118 120 -28
118 370 13
118 116 -13
118 589 -28
96 97 -13
96 351 -28
96 570 -28
96 75 8
459 197 -28
459 457 28
459 458 -13
459 461 -19
459 697 8
197 198 -19
197 176 8
197 677 -13
197 217 -8
457 455 8
457 456 -28
457 195 8
457 695 -8
458 436 -28
458 700 -8
458 200 -8
461 199 -28
461 463 28
461 699 13
461 460 -19
697 219 -28
697 676 -13
697 698 -28
244 245 -28
244 266 -28
244 489 8
245 486 13
245 243 -13
245 247 -13
266 20 -8
266 511 13
266 288 19
266 267 13
489 487 -8
489 19 19
489 488 -13
308 286 -13
308 553 13
308 309 13
308 330 -19
308 59 8
286 531 19
286 264 -28
286 287 8
286 39 -19
553 79 13
553 555 28
553 551 8
553 552 -8
309 311 -13
309 550 -8
309 307 8
309 56 13
330 331 -13
330 574 8
330 352 13
330 80 8
59 61 19
59 57 -8
59 528 8
59 58 -13
604 360 -13
604 602 -19
604 603 -19
604 606 -8
360 382 -13
360 338 -28
360 361 -28
360 108 13
602 126 28
602 601 8
602 600 19
602 358 19
603 130 -13
603 363 13
603 581 8
603 624 19
606 605 28
606 129 28
606 608 28
606 362 13
125 104 28
125 381 19
125 600 19
125 144 19
104 578 28
104 83 28
104 359 -8
381 380 -8
381 620 19
381 383 28
600 599 -19
144 165 -28
144 403 28
144 621 -8
311 58 -13
311 552 19
311 310 -28
311 313 -19
58 531 -13
58 38 -8
552 530 -8
552 573 -8
552 82 8
310 61 -13
310 555 13
310 288 -28
310 332 -8
313 554 -19
313 312 -13
313 60 -8
280 33 19
280 525 -13
280 302 -19
280 281 -8
280 258 8
33 32 19
33 31 28
33 35 13
33 500 19
525 527 13
525 52 19
525 524 8
525 523 -8
302 324 19
302 547 -19
302 303 8
302 53 8
281 279 -8
281 522 -28
281 30 -19
281 283 -28
258 259 -19
258 12 8
258 236 8
258 503 -8
560 558 13
560 86 -28
560 559 -28
560 562 -28
560 316 13
558 557 -19
558 314 -13
558 84 13
86 107 8
86 65 -19
86 87 13
86 341 19
559 538 8
559 319 -8
559 581 -19
559 89 -28
562 318 -8
562 88 19
562 561 19
562 564 28
316 317 -19
316 294 -13
316 338 -8
316 66 -8
151 411 -28
151 172 -8
151 152 8
151 629 28
151 131 -13
411 650 19
411 409 -19
411 410 -28
411 413 -19
172 433 28
172 193 28
172 651 8
172 173 13
152 408 8
152 154 28
152 150 28
152 626 8
629 386 -28
629 631 19
629 627 -28
629 628 -13
131 389 -8
131 111 -19
131 608 8
32 503 -19
32 11 19
32 283 -19
32 52 19
503 502 -28
503 505 8
503 501 13
11 12 -13
11 481 -8
11 261 8
283 285 19
283 524 -28
283 282 13
52 73 -13
52 53 -19
52 305 8
20 18 8
20 486 -13
20 19 -8
18 16 8
18 264 -28
18 484 -28
18 17 28
486 508 -13
486 487 8
19 269 -8
19 40 13
203 683 28
203 465 -28
203 204 28
203 182 19
203 222 8
683 685 -19
683 681 -28
683 440 -13
683 682 -28
465 467 19
465 703 13
465 464 28
465 463 8
204 202 8
204 462 19
204 206 -13
204 680 8
182 661 28
182 443 28
182 183 -13
182 161 -8
222 223 13
222 704 13
347 349 13
347 346 -28
347 345 8
347 92 28
347 587 19
349 94 28
349 348 -19
349 351 -13
349 589 19
346 95 8
346 324 -8
346 368 19
346 590 -8
345 585 -28
345 343 -8
345 90 -13
345 344 13
92 566 -19
92 71 -13
92 113 28
92 93 -28
587 588 19
587 609 13
587 565 -8
587 116 28
566 564 8
566 568 -28
566 565 8
566 322 -28
71 72 -28
71 50 28
71 545 8
71 325 -8
113 369 -28
113 588 28
113 114 28
113 132 -13
93 95 -19
93 91 -19
93 344 -28
93 563 28
508 267 13
508 530 -13
508 509 -28
508 41 28
267 269 13
267 265 13
267 17 -8
530 531 -19
530 61 -28
530 289 13
509 38 28
509 507 -13
509 264 -28
509 511 -13
41 39 -28
41 288 -8
41 40 13
318 68 -13
318 340 8
318 319 19
318 296 -13
68 538 -28
68 67 -28
68 70 8
68 66 -8
340 362 -28
340 341 8
340 584 19
340 89 19
319 317 8
319 65 -28
319 321 -8
296 297 28
296 47 19
296 274 -13
296 541 -8
95 94 -19
95 565 -19
95 97 -8
94 73 8
94 115 -28
94 568 -13
565 544 -13
565 325 -28
97 348 19
97 567 8
97 99 13
492 25 8
492 493 -13
492 514 -19
492 251 13
492 470 -19
25 27 19
25 272 13
25 24 19
25 23 19
493 22 8
493 491 13
493 495 -28
493 248 -8
514 536 28
514 273 13
514 45 -13
514 515 8
251 253 13
251 249 -19
251 250 8
251 1 19
470 229 8
470 471 -19
470 4 28
55 53 -19
55 57 -19
55 304 -28
55 54 -28
55 524 -8
53 51 -13
53 522 -28
57 56 28
57 306 28
57 526 28
304 305 8
304 282 28
304 549 8
304 326 -8
54 307 8
54 527 28
54 34 -19
54 75 19
524 502 13
524 546 19
544 74 -28
544 522 -19
544 545 8
544 303 -13
74 324 13
74 73 19
74 76 -8
74 72 -28
522 500 -19
522 523 -13
545 300 19
545 543 19
545 547 -19
303 50 -19
303 301 -8
303 305 -28
385 383 8
385 387 19
385 624 -28
385 384 13
383 126 19
383 382 13
383 622 -28
387 386 13
387 389 19
387 626 8
387 129 28
624 646 19
624 625 8
624 150 -19
384 130 -8
384 362 -8
384 627 13
384 406 13
467 705 13
467 205 -28
467 466 -19
703 225 -19
703 682 13
703 704 -28
464 442 28
464 706 19
464 206 -8
463 201 28
463 701 -19
463 462 -28
531 533 19
531 529 -8
533 288 13
533 60 19
533 532 -8
529 527 19
529 56 -19
529 528 -28
529 284 -28
130 128 -8
130 129 19
128 601 13
128 127 -8
128 382 -28
129 149 13
129 109 -13
436 179 -8
436 679 -13
436 437 13
436 414 13
179 178 28
179 181 13
179 177 -28
179 654 -28
679 199 -19
679 677 -8
679 681 28
679 678 -8
437 439 8
437 676 28
437 435 8
437 176 28
414 415 -13
414 392 8
414 158 -19
414 657 28
386 364 19
386 408 8
389 391 -28
389 628 -13
389 388 8
626 605 28
626 648 -28
626 627 28
610 609 -8
610 366 -8
610 608 -19
610 612 -8
610 132 -8
609 135 13
609 369 -8
609 630 -28
366 367 -19
366 114 28
366 344 -19
366 388 19
608 364 -19
608 607 -13
612 368 13
612 614 -8
612 134 8
612 611 19
132 391 28
132 153 -8
132 133 -13
579 601 -28
579 339 19
579 557 -28
579 108 19
579 580 -28
601 361 13
601 622 13
339 337 -28
339 84 -19
339 338 13
339 341 -28
557 317 -19
557 87 -28
557 536 -28
108 107 13
108 106 -13
108 110 28
580 336 28
580 582 -28
580 578 13
580 105 19
178 657 19
178 157 -28
178 439 -13
178 199 -28
657 656 13
657 659 13
657 655 -8
157 158 28
157 417 -8
157 635 8
439 438 13
439 678 28
439 441 13
199 218 -8
199 200 -8
264 265 -28
264 242 13
287 285 -19
287 528 8
287 289 -28
287 36 -19
39 38 -8
39 37 8
39 506 -13
564 90 19
564 563 13
564 320 13
568 324 8
568 570 -28
568 567 19
322 300 -19
322 72 -19
322 344 -19
322 323 8
660 682 8
660 421 -19
660 661 -13
660 185 -8
660 638 8
682 206 19
682 443 28
421 419 -8
421 420 19
421 423 -19
421 161 28
661 418 8
661 663 -13
661 659 -13
185 442 -8
185 184 -28
185 183 13
638 639 28
638 164 -8
638 617 19
638 399 8
38 289 28
38 17 -19
289 288 28
289 291 -8
17 487 -28
645 402 -19
645 643 -28
645 647 -19
645 644 -28
645 166 13
402 380 28
402 424 13
402 403 -28
402 146 28
643 165 -19
643 642 19
647 646 19
647 404 -19
647 649 13
647 168 13
644 169 -8
644 405 -28
644 666 -28
644 622 13
166 187 19
166 427 -13
166 145 28
166 167 13
324 325 -19
325 323 -19
325 327 13
219 218 8
219 221 8
676 654 -28
676 200 28
676 677 -13
698 456 28
698 696 28
698 700 -19
698 217 13
101 352 19
101 100 -19
101 103 28
101 99 19
101 571 19
352 596 -8
352 374 8
352 353 28
100 79 -28
100 355 -19
100 574 -13
100 121 19
103 354 -13
103 573 28
103 102 -19
99 350 13
99 569 -28
99 98 28
571 550 -8
571 572 13
571 331 13
571 593 -19
73 327 -13
73 547 -8
327 326 -8
327 567 -19
327 329 13
547 549 -13
547 546 -19
61 60 -8
60 40 -28
60 81 -28
550 528 8
550 551 -28
550 80 19
528 506 -28
551 549 -13
551 306 19
551 77 -8
80 79 13
80 78 -8
80 82 -28
391 393 28
391 630 -19
391 390 13
393 392 19
393 632 28
393 134 13
393 395 -28
630 652 -8
630 631 -8
630 156 -28
390 135 -19
390 412 -28
390 368 -28
390 633 -8
382 625 19
382 404 -13
338 582 -28
338 87 -19
361 363 -28
361 359 28
361 105 8
135 133 28
135 137 8
135 134 8
133 607 28
133 388 -28
137 392 -28
137 611 -19
137 139 28
134 115 -28
134 155 -13
442 685 13
442 443 -13
442 420 28
685 205 -28
685 684 -13
443 445 28
443 441 -13
420 398 -19
420 164 28
420 663 -19
107 582 -8
107 363 -19
582 581 -8
582 584 -28
363 362 -13
363 365 -8
616 372 8
616 618 28
616 615 -13
616 138 8
616 614 28
372 350 -13
372 120 -8
372 394 -13
618 140 19
618 374 -8
618 617 13
618 619 -8
615 141 -8
615 375 -19
615 593 -28
615 636 -28
138 397 19
138 119 -13
138 159 -8
138 139 19
614 613 28
614 370 -19
445 684 28
445 184 -19
445 444 -13
684 662 13
684 705 -13
184 205 28
184 663 -8
184 163 8
444 466 13
444 422 -8
585 563 -28
585 586 19
585 607 -8
585 114 -19
563 323 -19
563 542 28
586 584 -28
586 342 28
586 588 8
586 111 13
607 367 13
607 628 -13
114 116 13
114 112 8
205 224 -19
205 206 13
663 662 -13
163 164 -13
163 641 19
163 142 28
163 423 13
448 426 19
448 190 -8
448 691 13
448 449 8
426 169 8
426 669 8
426 427 19
426 404 28
190 189 -8
190 192 -19
190 188 19
190 666 -8
691 689 13
691 690 28
691 692 13
449 447 8
449 451 13
449 688 -28
449 187 28
298 49 8
298 543 -13
298 299 -8
298 276 -13
298 320 28
49 51 -13
49 47 -13
49 518 -19
49 48 28
543 69 19
543 541 8
543 542 -19
299 301 28
299 540 19
299 297 -19
299 46 -13
276 277 28
276 254 -19
276 521 -19
276 29 -19
320 321 19
320 342 -19
320 70 8
169 167 8
169 171 13
169 168 -13
167 642 28
167 424 -8
171 646 -28
171 428 -19
171 170 13
171 173 19
168 147 13
168 189 28
168 429 8
300 301 -8
300 51 -8
300 278 -19
301 48 8
301 542 -13
51 50 -19
51 520 -19
278 279 19
278 31 -19
278 256 8
278 523 -19
257 255 19
257 498 -28
257 259 -19
257 7 19
257 256 -19
255 254 -19
255 253 8
255 496 -28
255 5 28
498 31 -8
498 476 -13
498 520 -28
498 499 -8
259 261 28
259 500 8
259 9 28
7 28 28
7 8 -28
7 477 -28
256 234 19
256 10 13
256 501 -13
218 700 -13
700 702 -28
700 699 13
331 333 13
331 329 -28
331 77 -28
574 573 -13
574 576 19
574 572 8
225 224 19
225 223 8
704 706 8
704 702 13
704 462 13
79 333 13
333 573 19
333 335 8
333 332 19
336 358 19
336 85 -28
336 337 -13
336 314 -13
358 380 13
358 106 13
358 359 -28
85 556 -28
85 87 -28
85 84 -19
337 83 8
337 577 -28
314 315 13
314 292 -8
314 64 28
419 159 -19
419 658 -19
419 417 8
419 418 -19
159 180 -19
159 160 8
159 637 -13
658 680 -28
658 636 8
658 659 -13
658 183 -8
417 656 13
417 415 28
417 416 -8
418 396 -28
418 162 -19
418 440 13
689 208 19
689 446 -19
689 687 13
689 688 19
208 187 -28
446 447 13
446 188 13
446 424 -19
687 207 28
687 686 -19
688 210 8
688 666 13
455 454 -13
455 693 -19
455 453 -13
455 193 19
454 196 -13
454 696 -28
454 432 8
693 694 19
693 672 8
693 216 -8
453 191 -13
453 452 -19
453 451 -8
193 673 -8
193 213 13
193 194 -13
581 110 -8
581 341 28
584 109 28
584 583 -19
305 307 -8
305 546 -19
282 527 -28
282 260 28
282 35 -19
549 75 13
549 548 19
326 76 28
326 348 -19
326 570 -28
307 548 19
307 306 8
548 78 -8
548 526 13
548 569 8
306 284 13
306 328 -13
599 359 -13
599 620 28
599 127 -19
599 577 -28
620 642 28
620 621 28
620 146 -8
127 380 -8
127 126 -19
577 578 -8
577 106 -13
577 556 -8
147 625 19
147 148 8
147 407 28
625 623 -13
625 627 8
148 404 -8
148 150 -8
148 146 -28
148 622 13
407 409 8
407 646 13
407 405 28
407 406 -19
263 13 28
263 261 -19
263 504 -13
263 265 8
263 262 -19
13 34 -13
13 483 13
13 14 28
261 502 13
261 260 19
504 37 -13
504 482 8
504 526 -8
504 505 8
265 506 19
265 15 -28
262 16 28
262 240 -13
262 507 -13
262 284 19
224 706 -13
706 705 -13
487 485 8
487 242 19
16 15 -19
16 14 -28
16 482 -28
15 485 -13
15 36 8
14 260 -28
14 12 -19
14 480 -8
482 241 19
482 483 13
343 88 -28
343 341 13
343 342 28
343 583 8
88 67 -19
88 89 13
88 109 -28
342 91 -28
342 364 -28
583 605 8
583 112 -8
583 561 28
67 321 -8
67 541 8
67 46 19
89 91 -19
89 87 -19
109 110 -28
109 365 13
488 510 28
488 247 28
76 75 8
76 78 13
76 546 -8
75 329 -28
78 328 19
78 77 19
546 567 19
90 111 -19
90 69 -28
90 91 8
111 367 -8
111 112 13
69 323 28
69 70 -8
69 48 -19
91 561 -13
50 523 19
50 30 28
520 279 13
520 521 8
520 542 19
699 678 -19
699 221 -13
460 438 -28
460 202 -28
460 702 -28
246 247 -13
246 268 13
268 269 -13
268 290 -28
527 526 -13
526 285 -19
380 623 -13
623 621 -8
623 145 -28
623 622 -13
126 105 13
126 145 -8
105 106 -13
105 84 -19
145 405 19
145 146 -13
554 555 -19
554 532 28
554 575 -13
312 290 8
312 334 -8
605 365 28
365 367 -28
365 364 -13
561 321 -19
561 540 8
269 510 28
510 532 -28
510 511 28
40 511 13
40 291 13
34 505 -8
34 285 -19
34 35 -13
505 260 -8
505 507 28
285 284 -8
35 37 19
35 502 8
115 371 -28
115 116 28
115 590 28
196 195 28
196 198 13
196 194 -28
196 672 -8
195 675 8
195 215 -8
195 174 -19
198 456 -8
198 674 -13
198 200 8
194 452 8
194 670 13
194 192 13
672 433 -13
672 650 13
672 673 -8
677 675 -28
677 434 -28
681 438 -19
681 680 -28
681 201 19
678 202 28
678 656 28
56 77 8
56 36 28
532 291 13
243 242 -8
243 241 -28
243 484 8
241 239 13
241 240 -8
484 485 -28
484 506 13
364 112 19
408 409 -13
408 430 -19
408 651 -28
438 181 28
438 416 28
181 656 -8
181 180 13
181 183 -19
416 394 -8
416 160 28
416 659 19
570 569 13
570 572 8
567 589 -19
662 640 8
662 423 19
640 641 -19
640 401 19
423 422 -8
279 277 19
279 28 -8
277 275 13
277 26 -8
277 518 -19
28 48 13
28 29 -28
28 499 -19
31 29 28
31 30 -13
29 27 28
29 496 19
30 9 19
30 501 28
202 200 19
202 201 -19
201 180 -13
201 220 28
252 230 13
252 253 19
252 497 19
252 274 -8
252 6 -13
230 231 -8
230 475 -28
253 3 -13
253 494 -28
497 26 -28
497 499 -13
497 496 -8
497 495 -19
274 275 19
274 27 28
274 519 8
6 8 19
6 5 -13
6 4 13
6 472 -28
317 63 28
317 315 28
63 84 28
63 43 28
63 64 -8
63 537 28
315 556 -19
315 62 -19
541 540 -8
541 539 13
542 72 19
422 400 8
450 451 28
450 428 19
450 192 -19
450 692 -8
451 189 -13
451 690 -13
428 671 28
428 406 -19
428 429 -13
192 191 8
192 668 19
692 211 -19
692 694 -19
284 37 28
234 235 8
234 479 -19
10 9 -28
10 8 28
10 476 -19
10 12 28
501 500 13
501 499 28
37 36 19
36 507 19
500 478 -8
9 479 28
479 477 -8
479 481 -13
479 478 -13
483 485 8
483 238 -28
483 481 19
396 639 -13
396 141 28
396 397 -13
396 374 19
162 164 8
162 160 -13
162 636 8
162 161 28
440 441 13
440 183 -19
440 462 -13
485 240 8
72 70 -19
70 540 -19
398 376 28
398 641 8
398 143 19
398 399 -13
377 375 -19
377 617 -19
377 376 19
377 121 28
377 379 -8
375 374 -13
375 119 -19
617 595 -13
617 143 8
376 354 19
376 619 8
376 124 -28
121 140 -8
121 596 -13
121 122 -13
379 378 13
379 123 -28
696 215 -19
696 695 13
696 694 13
432 675 13
432 433 28
432 175 -28
432 410 19
456 434 -13
434 435 19
434 412 13
434 177 -19
328 350 13
328 572 -8
328 329 13
556 534 28
534 535 -19
534 293 -13
534 512 -19
534 64 -19
506 507 -13
536 295 -13
536 66 13
536 537 19
639 161 8
639 641 -19
639 637 28
161 140 13
637 635 -19
637 394 -28
637 636 13
21 491 8
21 42 8
21 271 -28
21 0 13
491 490 -13
42 62 13
42 293 -28
42 513 13
271 270 19
271 512 19
271 273 -8
0 249 -8
0 469 -8
77 98 28
675 674 13
675 673 -28
674 695 -8
674 652 19
674 435 -13
673 671 -19
673 430 13
191 671 -8
191 170 -19
191 211 19
671 670 8
671 669 8
170 431 -8
170 149 13
170 649 -28
211 212 13
555 81 19
81 335 -19
81 102 19
81 82 28
523 521 13
701 223 13
701 702 -8
701 680 -28
239 238 13
239 480 -19
239 237 19
238 260 -28
480 502 -13
480 481 -13
237 236 8
237 478 13
237 235 8
275 24 8
275 273 13
275 516 8
24 3 28
24 495 -8
273 22 -8
273 272 28
516 538 13
516 517 -28
516 47 -13
516 494 19
223 221 -13
221 220 -8
27 494 -19
27 26 13
494 472 -28
494 495 -28
26 5 19
26 46 8
215 216 8
174 435 8
174 153 -19
174 653 -28
174 175 28
518 540 8
518 519 28
518 496 28
656 634 28
680 441 -8
291 290 13
62 535 -19
62 83 -8
535 537 -13
538 297 -28
538 539 13
297 295 -28
539 294 28
539 65 8
539 537 -28
433 435 8
433 431 19
431 670 -19
431 430 -13
431 429 19
254 8 8
254 499 19
254 232 28
8 474 -13
232 477 -19
232 233 -28
65 66 -13
321 323 -19
22 1 -8
22 43 8
22 23 -8
495 250 -28
248 270 19
248 249 -13
248 2 -28
248 226 8
46 47 -19
46 519 8
595 355 -28
595 573 -13
595 124 -13
595 596 -8
355 354 -28
355 353 -28
355 357 28
124 123 -19
124 122 -19
596 594 -28
596 598 -19
176 155 13
176 655 13
176 177 -13
452 430 -13
452 694 8
430 173 28
694 213 13
177 652 -8
177 175 -19
654 415 -13
654 632 8
654 655 28
228 229 -28
228 250 8
228 473 -13
229 231 13
229 227 -28
250 272 -13
250 4 19
473 472 -8
473 475 -13
473 471 8
473 3 28
659 180 -19
12 478 -19
236 481 -13
295 293 19
295 43 -19
295 294 -13
293 292 -28
43 515 28
43 44 -8
294 45 19
294 272 -28
354 332 19
354 598 -8
619 142 28
400 378 19
400 401 13
378 356 -13
123 598 -19
123 102 -8
123 142 28
702 220 13
670 648 28
648 409 28
648 649 -28
648 173 19
598 597 -8
102 357 19
102 576 -28
142 401 -28
142 143 -8
447 186 13
447 686 13
187 188 19
187 667 28
235 233 -19
235 476 -28
399 140 -28
399 397 28
399 401 -13
48 521 -19
270 23 8
270 515 19
270 292 -19
23 490 -8
515 517 28
515 513 -28
292 537 -13
292 44 -8
374 122 8
353 593 8
353 351 13
353 98 28
1 2 8
1 471 28
652 413 -28
652 653 -28
82 332 -19
213 214 -28
476 477 8
512 490 8
512 513 19
512 44 28
64 66 -28
521 519 28
519 517 -28
5 475 -19
650 175 8
650 628 8
650 651 8
175 173 8
628 154 19
651 649 -28
651 653 -8
141 140 13
141 139 -13
141 143 28
397 636 28
397 395 -13
410 154 19
410 388 -28
410 653 19
362 110 -8
153 154 -8
153 631 -19
153 413 28
653 655 -28
634 635 -19
634 160 28
634 395 -28
634 613 -19
209 210 13
209 189 19
210 212 -28
189 669 8
216 214 -28
409 149 8
149 150 13
149 627 -8
122 120 -19
122 593 -19
441 180 -28
231 472 -8
231 233 13
475 474 28
475 477 -13
45 47 13
45 44 19
272 517 13
3 4 8
348 370 8
370 392 13
370 371 -19
4 2 -28
356 357 8
356 334 -8
669 668 -28
669 667 8
415 413 -19
415 155 -13
413 412 19
155 156 8
155 633 -13
690 668 13
690 212 -13
646 668 -8
668 429 28
332 576 13
667 665 13
667 424 13
667 666 -28
392 635 13
635 633 13
406 150 19
406 649 28
429 427 -19
158 160 8
158 156 -8
158 632 13
156 154 -13
156 412 28
632 633 28
632 611 -8
412 655 -8
249 490 -28
490 468 -13
212 214 -8
474 233 -19
474 496 -28
367 369 8
369 371 -28
369 368 -13
186 665 19
186 165 -19
186 207 8
686 664 -8
350 594 -28
350 351 8
594 593 13
594 119 8
351 591 13
631 388 -28
631 633 28
665 664 -13
664 188 -13
664 642 13
664 425 19
613 591 -19
613 139 28
371 611 -19
120 119 8
120 591 13
119 98 13
591 569 28
597 575 19
597 357 13
227 468 -13
227 226 19
334 335 8
394 139 19
394 395 -13
575 576 -8
575 335 -28
98 572 -19
468 469 28
468 2 -13
469 471 19
226 471 -13
344 588 13
368 116 28
588 590 -28
424 425 -13
569 329 -13
642 403 -28
425 427 -8
425 165 13
666 427 -19
589 611 19
589 590 -28
404 405 -19
110 112 -19
405 403 -8
