117 592 8
117 136 -8
117 373 -19
117 118 13
117 96 19
592 348 8
592 591 -8
592 594 -8
592 590 28
136 157 8
136 137 28
136 395 13
136 614 28
373 375 -8
373 372 -28
373 613 -13
373 371 19
118 120 -8
118 370 -13
118 116 -13
118 589 -8
96 97 -28
96 351 8
96 570 8
96 75 -13
459 197 -8
459 457 13
459 458 -13
459 461 13
459 697 -28
197 198 -13
197 176 8
197 677 -28
197 217 28
457 455 28
457 456 -8
457 195 -19
457 695 19
458 436 13
458 700 -28
458 200 -28
461 199 -19
461 463 -8
461 699 13
461 460 28
697 219 -19
697 676 8
697 698 -8
244 245 -13
244 266 13
244 489 19
245 486 -8
245 243 -8
245 247 8
266 20 28
266 511 -8
266 288 8
266 267 13
489 487 8
489 19 -13
489 488 -28
308 286 -28
308 553 -28
308 309 -13
308 330 -13
308 59 28
286 531 -13
286 264 -13
286 287 19
286 39 19
553 79 19
553 555 -28
553 551 -19
553 552 13
309 311 8
309 550 13
309 307 -8
309 56 -13
330 331 8
330 574 -13
330 352 -8
330 80 -28
59 61 19
59 57 -19
59 528 28
59 58 8
604 360 -28
604 602 28
604 603 13
604 606 -28
360 382 -13
360 338 19
360 361 -28
360 108 13
602 126 8
602 601 -13
602 600 28
602 358 19
603 130 13
603 363 13
603 581 28
603 624 -13
606 605 28
606 129 13
606 608 28
606 362 -19
125 104 -8
125 381 -8
125 600 -19
125 144 8
104 578 19
104 83 19
104 359 -19
381 380 -28
381 620 19
381 383 13
600 599 8
144 165 -28
144 403 -13
144 621 28
311 58 -13
311 552 -8
311 310 19
311 313 19
58 531 -13
58 38 8
552 530 -13
552 573 -8
552 82 19
310 61 28
310 555 -13
310 288 -28
310 332 13
313 554 13
313 312 28
313 60 28
280 33 -19
280 525 -19
280 302 13
280 281 -19
280 258 19
33 32 28
33 31 -8
33 35 28
33 500 -19
525 527 28
525 52 8
525 524 -8
525 523 -28
302 324 8
302 547 19
302 303 13
302 53 -19
281 279 -13
281 522 -13
281 30 -13
281 283 13
258 259 28
258 12 -13
258 236 -8
258 503 13
560 558 28
560 86 -8
560 559 -8
560 562 -8
560 316 28
558 557 13
558 314 -8
558 84 28
86 107 -19
86 65 8
86 87 13
86 341 13
559 538 8
559 319 8
559 581 -28
559 89 28
562 318 13
562 88 19
562 561 -19
562 564 -13
316 317 19
316 294 -28
316 338 -28
316 66 8
151 411 -28
151 172 28
151 152 28
151 629 -13
151 131 28
411 650 13
411 409 -13
411 410 -13
411 413 19
172 433 -13
172 193 -8
172 651 19
172 173 28
152 408 8
152 154 -19
152 150 28
152 626 -28
629 386 28
629 631 28
629 627 19
629 628 -28
131 389 13
131 111 13
131 608 -28
32 503 -13
32 11 -8
32 283 8
32 52 -8
503 502 8
503 505 13
503 501 -19
11 12 28
11 481 -8
11 261 28
283 285 13
283 524 -19
283 282 19
52 73 28
52 53 -28
52 305 -13
20 18 -19
20 486 8
20 19 -13
18 16 8
18 264 -8
18 484 13
18 17 13
486 508 8
486 487 13
19 269 -28
19 40 8
203 683 -28
203 465 -13
203 204 -28
203 182 -19
203 222 -19
683 685 -8
683 681 -19
683 440 13
683 682 19
465 467 -28
465 703 13
465 464 13
465 463 19
204 202 28
204 462 -28
204 206 -19
204 680 28
182 661 28
182 443 -28
182 183 -8
182 161 19
222 223 -19
222 704 -19
347 349 -28
347 346 19
347 345 13
347 92 13
347 587 8
349 94 19
349 348 -13
349 351 13
349 589 -19
346 95 13
346 324 19
346 368 28
346 590 -28
345 585 -19
345 343 28
345 90 -19
345 344 13
92 566 13
92 71 28
92 113 28
92 93 13
587 588 28
587 609 13
587 565 -8
587 116 13
566 564 -13
566 568 -19
566 565 28
566 322 8
71 72 13
71 50 -8
71 545 28
71 325 8
113 369 13
113 588 19
113 114 28
113 132 19
93 95 -28
93 91 -19
93 344 -19
93 563 -8
508 267 -13
508 530 -28
508 509 -13
508 41 13
267 269 8
267 265 -19
267 17 -13
530 531 19
530 61 -28
530 289 13
509 38 8
509 507 -13
509 264 -28
509 511 -28
41 39 -19
41 288 8
41 40 -19
318 68 -28
318 340 8
318 319 28
318 296 -28
68 538 8
68 67 8
68 70 28
68 66 -28
340 362 28
340 341 28
340 584 28
340 89 13
319 317 -28
319 65 -13
319 321 -28
296 297 -8
296 47 8
296 274 28
296 541 8
95 94 -13
95 565 13
95 97 -8
94 73 -19
94 115 -13
94 568 -19
565 544 28
565 325 28
97 348 -28
97 567 -13
97 99 19
492 25 -8
492 493 -19
492 514 8
492 251 8
492 470 -13
25 27 -28
25 272 19
25 24 28
25 23 8
493 22 -28
493 491 28
493 495 -13
493 248 -19
514 536 13
514 273 8
514 45 8
514 515 -13
251 253 -13
251 249 -19
251 250 19
251 1 -13
470 229 28
470 471 -28
470 4 -28
55 53 13
55 57 13
55 304 28
55 54 28
55 524 -19
53 51 28
53 522 -8
57 56 28
57 306 -28
57 526 -19
304 305 -8
304 282 13
304 549 -19
304 326 13
54 307 -8
54 527 -13
54 34 8
54 75 19
524 502 13
524 546 19
544 74 -19
544 522 13
544 545 8
544 303 28
74 324 -13
74 73 19
74 76 -8
74 72 28
522 500 -8
522 523 13
545 300 8
545 543 8
545 547 8
303 50 8
303 301 8
303 305 19
385 383 -8
385 387 8
385 624 28
385 384 28
383 126 -19
383 382 8
383 622 -8
387 386 -28
387 389 19
387 626 -13
387 129 13
624 646 -13
624 625 8
624 150 13
384 130 8
384 362 -19
384 627 13
384 406 19
467 705 -13
467 205 -8
467 466 -19
703 225 19
703 682 19
703 704 -19
464 442 28
464 706 28
464 206 8
463 201 -28
463 701 8
463 462 28
531 533 8
531 529 13
533 288 -13
533 60 -28
533 532 -8
529 527 8
529 56 28
529 528 -8
529 284 -19
130 128 28
130 129 -28
128 601 8
128 127 -28
128 382 19
129 149 -8
129 109 13
436 179 28
436 679 13
436 437 -8
436 414 -28
179 178 8
179 181 13
179 177 -28
179 654 -8
679 199 13
679 677 28
679 681 19
679 678 -13
437 439 13
437 676 13
437 435 13
437 176 19
414 415 28
414 392 28
414 158 -13
414 657 19
386 364 28
386 408 13
389 391 28
389 628 28
389 388 -8
626 605 -28
626 648 -8
626 627 -13
610 609 8
610 366 28
610 608 -13
610 612 -8
610 132 28
609 135 19
609 369 -19
609 630 -28
366 367 8
366 114 -19
366 344 -19
366 388 13
608 364 19
608 607 -28
612 368 13
612 614 -8
612 134 19
612 611 19
132 391 -13
132 153 28
132 133 -28
579 601 -13
579 339 -19
579 557 19
579 108 13
579 580 8
601 361 -13
601 622 8
339 337 -19
339 84 13
339 338 19
339 341 8
557 317 28
557 87 19
557 536 8
108 107 -8
108 106 -19
108 110 -28
580 336 28
580 582 13
580 578 -28
580 105 28
178 657 8
178 157 8
178 439 -28
178 199 28
657 656 -28
657 659 -13
657 655 28
157 158 -13
157 417 -28
157 635 -8
439 438 19
439 678 -19
439 441 13
199 218 13
199 200 28
264 265 -28
264 242 19
287 285 13
287 528 -8
287 289 -8
287 36 -13
39 38 13
39 37 -13
39 506 -13
564 90 -13
564 563 8
564 320 8
568 324 -19
568 570 13
568 567 13
322 300 19
322 72 19
322 344 -28
322 323 28
660 682 -19
660 421 19
660 661 -13
660 185 19
660 638 -19
682 206 13
682 443 8
421 419 -13
421 420 28
421 423 -8
421 161 -19
661 418 -13
661 663 -28
661 659 -13
185 442 19
185 184 13
185 183 19
638 639 13
638 164 19
638 617 13
638 399 13
38 289 -8
38 17 19
289 288 8
289 291 8
17 487 28
645 402 8
645 643 13
645 647 -13
645 644 -19
645 166 -28
402 380 -28
402 424 28
402 403 -19
402 146 -8
643 165 -28
643 642 19
647 646 -28
647 404 -13
647 649 13
647 168 -19
644 169 13
644 405 19
644 666 19
644 622 28
166 187 8
166 427 8
166 145 13
166 167 8
324 325 -28
325 323 13
325 327 -13
219 218 -19
219 221 -19
676 654 19
676 200 28
676 677 -13
698 456 -8
698 696 8
698 700 -8
698 217 -19
101 352 -28
101 100 -28
101 103 19
101 99 8
101 571 -28
352 596 -13
352 374 -19
352 353 8
100 79 13
100 355 -8
100 574 28
100 121 -13
103 354 13
103 573 19
103 102 28
99 350 -13
99 569 28
99 98 -19
571 550 -19
571 572 -13
571 331 -28
571 593 -28
73 327 8
73 547 19
327 326 8
327 567 28
327 329 -8
547 549 -19
547 546 8
61 60 -28
60 40 -28
60 81 -13
550 528 -28
550 551 -28
550 80 -13
528 506 19
551 549 13
551 306 -8
551 77 8
80 79 13
80 78 19
80 82 -8
391 393 13
391 630 -13
391 390 13
393 392 13
393 632 8
393 134 -19
393 395 -19
630 652 -8
630 631 28
630 156 28
390 135 -28
390 412 -13
390 368 -28
390 633 19
382 625 -13
382 404 28
338 582 -13
338 87 19
361 363 8
361 359 8
361 105 13
135 133 13
135 137 28
135 134 -13
133 607 -13
133 388 -28
137 392 -8
137 611 28
137 139 28
134 115 -8
134 155 -13
442 685 -8
442 443 19
442 420 19
685 205 28
685 684 28
443 445 8
443 441 19
420 398 -19
420 164 8
420 663 -8
107 582 8
107 363 -13
582 581 19
582 584 -28
363 362 8
363 365 -13
616 372 8
616 618 -28
616 615 -13
616 138 -8
616 614 -28
372 350 -8
372 120 28
372 394 28
618 140 13
618 374 19
618 617 8
618 619 8
615 141 28
615 375 -13
615 593 8
615 636 -28
138 397 19
138 119 19
138 159 19
138 139 -19
614 613 -8
614 370 19
445 684 13
445 184 -28
445 444 -13
684 662 19
684 705 28
184 205 8
184 663 8
184 163 -19
444 466 8
444 422 19
585 563 -8
585 586 19
585 607 -28
585 114 8
563 323 -13
563 542 19
586 584 8
586 342 13
586 588 -28
586 111 -28
607 367 -8
607 628 13
114 116 -19
114 112 8
205 224 -8
205 206 -8
663 662 8
163 164 -19
163 641 -8
163 142 13
163 423 -13
448 426 19
448 190 28
448 691 -28
448 449 -8
426 169 -13
426 669 -28
426 427 13
426 404 28
190 189 8
190 192 -8
190 188 13
190 666 -8
691 689 13
691 690 19
691 692 8
449 447 19
449 451 13
449 688 -19
449 187 -19
298 49 13
298 543 -8
298 299 -13
298 276 -8
298 320 -28
49 51 8
49 47 13
49 518 8
49 48 -8
543 69 28
543 541 19
543 542 8
299 301 19
299 540 -13
299 297 -13
299 46 -28
276 277 -13
276 254 -19
276 521 8
276 29 19
320 321 28
320 342 -28
320 70 -8
169 167 28
169 171 8
169 168 -13
167 642 -8
167 424 19
171 646 28
171 428 19
171 170 19
171 173 -13
168 147 -19
168 189 19
168 429 -28
300 301 -28
300 51 -8
300 278 -8
301 48 -13
301 542 -13
51 50 8
51 520 -19
278 279 -28
278 31 8
278 256 -28
278 523 -13
257 255 -8
257 498 -8
257 259 28
257 7 -19
257 256 13
255 254 -8
255 253 -19
255 496 -28
255 5 19
498 31 -28
498 476 28
498 520 8
498 499 -28
259 261 8
259 500 -13
259 9 -19
7 28 28
7 8 8
7 477 -13
256 234 -28
256 10 19
256 501 13
218 700 19
700 702 -13
700 699 -19
331 333 28
331 329 -19
331 77 -13
574 573 -19
574 576 -8
574 572 -19
225 224 13
225 223 28
704 706 28
704 702 19
704 462 19
79 333 -13
333 573 28
333 335 -13
333 332 28
336 358 -28
336 85 -13
336 337 19
336 314 -8
358 380 -8
358 106 -19
358 359 8
85 556 -13
85 87 8
85 84 19
337 83 -13
337 577 28
314 315 19
314 292 28
314 64 19
419 159 -28
419 658 13
419 417 19
419 418 -13
159 180 28
159 160 28
159 637 13
658 680 13
658 636 8
658 659 13
658 183 -13
417 656 -28
417 415 13
417 416 -8
418 396 -13
418 162 -19
418 440 28
689 208 19
689 446 8
689 687 -8
689 688 -28
208 187 -13
446 447 -19
446 188 19
446 424 -19
687 207 -19
687 686 -13
688 210 -13
688 666 13
455 454 8
455 693 28
455 453 -8
455 193 19
454 196 13
454 696 -28
454 432 19
693 694 -13
693 672 -19
693 216 -19
453 191 13
453 452 -19
453 451 -8
193 673 28
193 213 28
193 194 -13
581 110 19
581 341 28
584 109 28
584 583 -13
305 307 -8
305 546 13
282 527 -19
282 260 -19
282 35 -28
549 75 13
549 548 28
326 76 -19
326 348 -28
326 570 -8
307 548 -8
307 306 -19
548 78 28
548 526 -19
548 569 13
306 284 8
306 328 13
599 359 -19
599 620 -28
599 127 8
599 577 -8
620 642 13
620 621 -8
620 146 -28
127 380 13
127 126 -19
577 578 19
577 106 -8
577 556 -8
147 625 13
147 148 8
147 407 -13
625 623 13
625 627 -28
148 404 -8
148 150 13
148 146 19
148 622 8
407 409 -19
407 646 -8
407 405 -28
407 406 -28
263 13 13
263 261 8
263 504 -13
263 265 13
263 262 -28
13 34 8
13 483 -13
13 14 8
261 502 8
261 260 -28
504 37 19
504 482 -13
504 526 -28
504 505 -13
265 506 -28
265 15 -28
262 16 -19
262 240 -19
262 507 13
262 284 13
224 706 19
706 705 8
487 485 -28
487 242 13
16 15 -13
16 14 -28
16 482 8
15 485 -8
15 36 -19
14 260 -28
14 12 -13
14 480 -13
482 241 8
482 483 28
343 88 19
343 341 -8
343 342 -28
343 583 28
88 67 -13
88 89 8
88 109 -28
342 91 28
342 364 -13
583 605 -13
583 112 -13
583 561 -19
67 321 -8
67 541 19
67 46 -19
89 91 -8
89 87 28
109 110 19
109 365 -19
488 510 8
488 247 -19
76 75 8
76 78 19
76 546 8
75 329 8
78 328 -19
78 77 -8
546 567 8
90 111 -13
90 69 -13
90 91 8
111 367 -19
111 112 -28
69 323 -28
69 70 -13
69 48 19
91 561 -13
50 523 -19
50 30 19
520 279 -19
520 521 13
520 542 -19
699 678 -8
699 221 -8
460 438 -8
460 202 -8
460 702 8
246 247 -13
246 268 -28
268 269 28
268 290 -19
527 526 -28
526 285 -19
380 623 -28
623 621 -19
623 145 -13
623 622 8
126 105 -19
126 145 19
105 106 28
105 84 28
145 405 -13
145 146 -13
554 555 -28
554 532 -28
554 575 19
312 290 28
312 334 13
605 365 -8
365 367 -28
365 364 -13
561 321 -28
561 540 -8
269 510 -13
510 532 19
510 511 13
40 511 -13
40 291 -13
34 505 13
34 285 28
34 35 8
505 260 -8
505 507 8
285 284 19
35 37 13
35 502 19
115 371 -28
115 116 19
115 590 -28
196 195 19
196 198 8
196 194 -8
196 672 -8
195 675 -19
195 215 -19
195 174 -13
198 456 8
198 674 -28
198 200 13
194 452 -28
194 670 19
194 192 -13
672 433 8
672 650 -28
672 673 19
677 675 -8
677 434 28
681 438 -8
681 680 -19
681 201 19
678 202 28
678 656 28
56 77 -8
56 36 8
532 291 -13
243 242 28
243 241 28
243 484 -19
241 239 -28
241 240 13
484 485 8
484 506 -19
364 112 -8
408 409 -13
408 430 -28
408 651 28
438 181 28
438 416 -8
181 656 -13
181 180 28
181 183 -13
416 394 28
416 160 19
416 659 -8
570 569 -8
570 572 19
567 589 -19
662 640 -13
662 423 -8
640 641 13
640 401 8
423 422 8
279 277 13
279 28 -13
277 275 -13
277 26 13
277 518 8
28 48 13
28 29 -13
28 499 -28
31 29 28
31 30 -28
29 27 8
29 496 -8
30 9 28
30 501 8
202 200 8
202 201 28
201 180 13
201 220 8
252 230 13
252 253 -13
252 497 -8
252 274 -28
252 6 -28
230 231 -28
230 475 13
253 3 19
253 494 28
497 26 28
497 499 19
497 496 -28
497 495 -13
274 275 -19
274 27 13
274 519 -13
6 8 -8
6 5 8
6 4 28
6 472 13
317 63 28
317 315 28
63 84 8
63 43 8
63 64 -28
63 537 -8
315 556 28
315 62 19
541 540 -28
541 539 -28
542 72 28
422 400 -13
450 451 -13
450 428 -13
450 192 -19
450 692 8
451 189 -19
451 690 -28
428 671 13
428 406 28
428 429 -13
192 191 8
192 668 8
692 211 13
692 694 13
284 37 13
234 235 -13
234 479 13
10 9 -28
10 8 28
10 476 -8
10 12 28
501 500 13
501 499 -13
37 36 -8
36 507 -28
500 478 -28
9 479 -28
479 477 -19
479 481 8
479 478 -8
483 485 28
483 238 -19
483 481 -13
396 639 28
396 141 28
396 397 28
396 374 -28
162 164 8
162 160 -19
162 636 -28
162 161 13
440 441 -13
440 183 28
440 462 -19
485 240 13
72 70 -8
70 540 8
398 376 28
398 641 -19
398 143 19
398 399 28
377 375 13
377 617 28
377 376 -13
377 121 19
377 379 -19
375 374 28
375 119 -28
617 595 -28
617 143 -19
376 354 13
376 619 -28
376 124 19
121 140 -13
121 596 -13
121 122 13
379 378 19
379 123 28
696 215 13
696 695 19
696 694 8
432 675 -19
432 433 -19
432 175 13
432 410 -8
456 434 -28
434 435 28
434 412 -8
434 177 13
328 350 -19
328 572 -8
328 329 -13
556 534 8
534 535 -28
534 293 28
534 512 -13
534 64 28
506 507 -13
536 295 19
536 66 -28
536 537 13
639 161 -13
639 641 -19
639 637 -13
161 140 -28
637 635 -8
637 394 13
637 636 28
21 491 -28
21 42 19
21 271 -8
21 0 28
491 490 28
42 62 13
42 293 -28
42 513 -13
271 270 -28
271 512 13
271 273 -13
0 249 13
0 469 -28
77 98 -13
675 674 28
675 673 -13
674 695 -13
674 652 13
674 435 -8
673 671 -19
673 430 -19
191 671 8
191 170 -8
191 211 28
671 670 13
671 669 -8
170 431 -19
170 149 -28
170 649 28
211 212 -8
555 81 -28
81 335 -13
81 102 -8
81 82 13
523 521 -8
701 223 19
701 702 13
701 680 28
239 238 -13
239 480 -8
239 237 8
238 260 -28
480 502 28
480 481 13
237 236 19
237 478 28
237 235 13
275 24 -28
275 273 13
275 516 -8
24 3 13
24 495 28
273 22 -13
273 272 -13
516 538 28
516 517 8
516 47 -13
516 494 -19
223 221 -19
221 220 -19
27 494 -19
27 26 -8
494 472 -8
494 495 13
26 5 -28
26 46 -28
215 216 28
174 435 19
174 153 -28
174 653 13
174 175 28
518 540 -19
518 519 19
518 496 19
656 634 8
680 441 -8
291 290 -19
62 535 -19
62 83 -8
535 537 -13
538 297 8
538 539 -28
297 295 -28
539 294 -8
539 65 -19
539 537 13
433 435 -8
433 431 -13
431 670 -13
431 430 8
431 429 -13
254 8 8
254 499 -19
254 232 13
8 474 13
232 477 28
232 233 13
65 66 8
321 323 -28
22 1 -8
22 43 19
22 23 -28
495 250 19
248 270 -8
248 249 13
248 2 13
248 226 -19
46 47 -28
46 519 13
595 355 -28
595 573 -13
595 124 13
595 596 19
355 354 28
355 353 -13
355 357 -8
124 123 19
124 122 28
596 594 13
596 598 28
176 155 19
176 655 -19
176 177 -19
452 430 28
452 694 -13
430 173 28
694 213 -19
177 652 -19
177 175 -8
654 415 13
654 632 8
654 655 -28
228 229 19
228 250 -13
228 473 -8
229 231 19
229 227 19
250 272 28
250 4 28
473 472 -8
473 475 -8
473 471 -8
473 3 13
659 180 19
12 478 28
236 481 8
295 293 19
295 43 28
295 294 13
293 292 -19
43 515 19
43 44 -13
294 45 8
294 272 -28
354 332 -13
354 598 28
619 142 8
400 378 -19
400 401 -19
378 356 -28
123 598 -13
123 102 -13
123 142 28
702 220 -19
670 648 28
648 409 8
648 649 8
648 173 19
598 597 -28
102 357 -28
102 576 19
142 401 -19
142 143 28
447 186 -8
447 686 -8
187 188 -28
187 667 -8
235 233 -13
235 476 28
399 140 28
399 397 -8
399 401 13
48 521 28
270 23 13
270 515 19
270 292 -13
23 490 19
515 517 -13
515 513 13
292 537 28
292 44 28
374 122 -28
353 593 28
353 351 -13
353 98 -8
1 2 8
1 471 -8
652 413 -13
652 653 -8
82 332 -8
213 214 -28
476 477 -13
512 490 13
512 513 8
512 44 -13
64 66 13
521 519 -13
519 517 19
5 475 -13
650 175 -13
650 628 -28
650 651 -19
175 173 8
628 154 28
651 649 -13
651 653 -19
141 140 13
141 139 -8
141 143 28
397 636 -19
397 395 8
410 154 28
410 388 -13
410 653 -8
362 110 -28
153 154 -13
153 631 13
153 413 8
653 655 -8
634 635 28
634 160 28
634 395 13
634 613 -8
209 210 -28
209 189 -8
210 212 -28
189 669 -19
216 214 -28
409 149 8
149 150 8
149 627 13
122 120 13
122 593 -28
441 180 13
231 472 13
231 233 -19
475 474 -8
475 477 19
45 47 13
45 44 8
272 517 -13
3 4 8
348 370 19
370 392 28
370 371 -13
4 2 8
356 357 -19
356 334 8
669 668 -8
669 667 -8
415 413 28
415 155 8
413 412 8
155 156 -28
155 633 -13
690 668 -28
690 212 -8
646 668 -28
668 429 -13
332 576 -8
667 665 -19
667 424 8
667 666 19
392 635 8
635 633 -8
406 150 8
406 649 -13
429 427 13
158 160 19
158 156 -28
158 632 8
156 154 -13
156 412 -13
632 633 -8
632 611 -19
412 655 19
249 490 -8
490 468 13
212 214 -8
474 233 8
474 496 28
367 369 -8
369 371 -28
369 368 -19
186 665 -19
186 165 13
186 207 -13
686 664 19
350 594 19
350 351 13
594 593 19
594 119 28
351 591 -19
631 388 -19
631 633 28
665 664 13
664 188 13
664 642 -19
664 425 -28
613 591 -19
613 139 13
371 611 8
120 119 -13
120 591 -28
119 98 28
591 569 19
597 575 -13
597 357 -8
227 468 -28
227 226 8
334 335 19
394 139 -28
394 395 8
575 576 -8
575 335 -13
98 572 -28
468 469 -19
468 2 19
469 471 -13
226 471 -8
344 588 -8
368 116 8
588 590 -28
424 425 19
569 329 13
642 403 13
425 427 -28
425 165 -28
666 427 -13
589 611 28
589 590 -8
404 405 -13
110 112 -19
405 403 -28
