117 592 8
117 136 -28
117 373 28
117 118 28
117 96 -19
592 348 28
592 591 -13
592 594 13
592 590 -13
136 157 8
136 137 19
136 395 19
136 614 -19
373 375 19
373 372 -28
373 613 13
373 371 28
118 120 -19
118 370 -28
118 116 28
118 589 -8
96 97 13
96 351 8
96 570 28
96 75 -13
459 197 28
459 457 13
459 458 -13
459 461 -13
459 697 28
197 198 -19
197 176 -13
197 677 19
197 217 13
457 455 -8
457 456 -13
457 195 8
457 695 -28
458 436 8
458 700 -8
458 200 19
461 199 -28
461 463 19
461 699 13
461 460 8
697 219 28
697 676 -28
697 698 19
244 245 13
244 266 -19
244 489 -13
245 486 -8
245 243 19
245 247 -28
266 20 19
266 511 -28
266 288 13
266 267 -13
489 487 -8
489 19 28
489 488 -28
308 286 8
308 553 13
308 309 8
308 330 8
308 59 19
286 531 -13
286 264 -28
286 287 28
286 39 8
553 79 -19
553 555 19
553 551 -13
553 552 13
309 311 28
309 550 -13
309 307 28
309 56 -28
330 331 -19
330 574 -13
330 352 19
330 80 19
59 61 -19
59 57 28
59 528 -13
59 58 19
604 360 19
604 602 -8
604 603 -19
604 606 -13
360 382 -13
360 338 -13
360 361 19
360 108 -8
602 126 -8
602 601 -19
602 600 8
602 358 -19
603 130 8
603 363 -28
603 581 19
603 624 19
606 605 -13
606 129 8
606 608 -8
606 362 13
125 104 13
125 381 13
125 600 -13
125 144 28
104 578 -13
104 83 -28
104 359 -8
381 380 -28
381 620 -28
381 383 -28
600 599 -8
144 165 -13
144 403 -19
144 621 -8
311 58 -19
311 552 -8
311 310 13
311 313 13
58 531 -8
58 38 -19
552 530 -19
552 573 8
552 82 13
310 61 19
310 555 28
310 288 -8
310 332 13
313 554 19
313 312 8
313 60 28
280 33 -19
280 525 -8
280 302 13
280 281 -8
280 258 8
33 32 8
33 31 -28
33 35 28
33 500 -28
525 527 -28
525 52 13
525 524 -8
525 523 8
302 324 19
302 547 28
302 303 13
302 53 -28
281 279 -8
281 522 8
281 30 8
281 283 -19
258 259 8
258 12 -13
258 236 -13
258 503 13
560 558 -13
560 86 28
560 559 -19
560 562 19
560 316 8
558 557 8
558 314 19
558 84 28
86 107 -28
86 65 13
86 87 -19
86 341 28
559 538 -13
559 319 13
559 581 -8
559 89 19
562 318 -13
562 88 -8
562 561 -28
562 564 -28
316 317 19
316 294 -28
316 338 -19
316 66 -19
151 411 8
151 172 -8
151 152 -28
151 629 13
151 131 -8
411 650 28
411 409 19
411 410 -28
411 413 -8
172 433 -8
172 193 13
172 651 -13
172 173 -28
152 408 8
152 154 28
152 150 -28
152 626 -28
629 386 19
629 631 -13
629 627 8
629 628 8
131 389 -28
131 111 -8
131 608 -8
32 503 8
32 11 -19
32 283 28
32 52 28
503 502 -13
503 505 -19
503 501 28
11 12 -8
11 481 19
11 261 28
283 285 8
283 524 28
283 282 28
52 73 -28
52 53 13
52 305 28
20 18 -19
20 486 8
20 19 28
18 16 28
18 264 28
18 484 -13
18 17 -28
486 508 8
486 487 -19
19 269 -28
19 40 -13
203 683 8
203 465 28
203 204 13
203 182 -13
203 222 -28
683 685 19
683 681 -28
683 440 13
683 682 -28
465 467 8
465 703 13
465 464 19
465 463 -8
204 202 -13
204 462 -28
204 206 -28
204 680 28
182 661 -8
182 443 -19
182 183 19
182 161 -28
222 223 28
222 704 -8
347 349 8
347 346 -19
347 345 -13
347 92 28
347 587 28
349 94 19
349 348 -19
349 351 -19
349 589 -8
346 95 -8
346 324 13
346 368 28
346 590 19
345 585 13
345 343 -13
345 90 28
345 344 19
92 566 -8
92 71 -13
92 113 19
92 93 13
587 588 19
587 609 -8
587 565 19
587 116 -19
566 564 19
566 568 -28
566 565 19
566 322 -19
71 72 -8
71 50 -19
71 545 -8
71 325 28
113 369 8
113 588 8
113 114 -13
113 132 19
93 95 13
93 91 -8
93 344 8
93 563 19
508 267 -28
508 530 -13
508 509 13
508 41 -13
267 269 -19
267 265 8
267 17 8
530 531 28
530 61 -13
530 289 -13
509 38 8
509 507 8
509 264 8
509 511 -13
41 39 8
41 288 28
41 40 8
318 68 -13
318 340 -19
318 319 -28
318 296 8
68 538 -19
68 67 8
68 70 19
68 66 19
340 362 19
340 341 -8
340 584 -28
340 89 -13
319 317 -28
319 65 19
319 321 -28
296 297 -13
296 47 19
296 274 -19
296 541 -8
95 94 -13
95 565 8
95 97 -13
94 73 8
94 115 -13
94 568 -19
565 544 -13
565 325 28
97 348 -13
97 567 -13
97 99 -19
492 25 13
492 493 19
492 514 -13
492 251 -8
492 470 -28
25 27 -28
25 272 13
25 24 8
25 23 19
493 22 -13
493 491 28
493 495 -13
493 248 -28
514 536 -8
514 273 19
514 45 13
514 515 28
251 253 28
251 249 -28
251 250 8
251 1 13
470 229 -19
470 471 -13
470 4 28
55 53 19
55 57 -13
55 304 -19
55 54 19
55 524 -8
53 51 -19
53 522 -8
57 56 -13
57 306 8
57 526 8
304 305 13
304 282 -19
304 549 -13
304 326 -28
54 307 19
54 527 19
54 34 -13
54 75 -13
524 502 13
524 546 -8
544 74 8
544 522 28
544 545 19
544 303 -28
74 324 -8
74 73 -19
74 76 -13
74 72 13
522 500 -28
522 523 -28
545 300 -19
545 543 -13
545 547 13
303 50 -28
303 301 -28
303 305 28
385 383 -8
385 387 13
385 624 13
385 384 13
383 126 13
383 382 -13
383 622 -28
387 386 -13
387 389 -13
387 626 28
387 129 13
624 646 -13
624 625 19
624 150 19
384 130 -28
384 362 -8
384 627 -8
384 406 8
467 705 -28
467 205 8
467 466 -13
703 225 8
703 682 -19
703 704 -28
464 442 -13
464 706 8
464 206 13
463 201 19
463 701 -8
463 462 19
531 533 13
531 529 8
533 288 8
533 60 -13
533 532 -13
529 527 13
529 56 19
529 528 -13
529 284 -19
130 128 19
130 129 -28
128 601 -19
128 127 28
128 382 13
129 149 -28
129 109 28
436 179 28
436 679 -13
436 437 -19
436 414 -13
179 178 13
179 181 28
179 177 -19
179 654 -13
679 199 28
679 677 -28
679 681 -28
679 678 -19
437 439 8
437 676 -8
437 435 8
437 176 28
414 415 8
414 392 8
414 158 -19
414 657 8
386 364 13
386 408 28
389 391 -13
389 628 13
389 388 28
626 605 -8
626 648 13
626 627 -19
610 609 19
610 366 19
610 608 -28
610 612 8
610 132 13
609 135 -28
609 369 -28
609 630 -19
366 367 8
366 114 28
366 344 19
366 388 -13
608 364 -28
608 607 13
612 368 8
612 614 13
612 134 -13
612 611 19
132 391 -19
132 153 8
132 133 28
579 601 8
579 339 19
579 557 19
579 108 -13
579 580 -8
601 361 13
601 622 -28
339 337 -8
339 84 -13
339 338 8
339 341 19
557 317 19
557 87 8
557 536 8
108 107 -19
108 106 -19
108 110 19
580 336 -19
580 582 8
580 578 -8
580 105 -28
178 657 -13
178 157 8
178 439 19
178 199 8
657 656 19
657 659 19
657 655 -28
157 158 28
157 417 28
157 635 -13
439 438 -19
439 678 -28
439 441 -19
199 218 13
199 200 -8
264 265 13
264 242 -28
287 285 19
287 528 -8
287 289 19
287 36 -19
39 38 -8
39 37 -19
39 506 -8
564 90 -19
564 563 19
564 320 8
568 324 -8
568 570 -8
568 567 19
322 300 -13
322 72 28
322 344 -13
322 323 -13
660 682 -19
660 421 19
660 661 -8
660 185 28
660 638 8
682 206 28
682 443 8
421 419 8
421 420 19
421 423 13
421 161 -8
661 418 -13
661 663 8
661 659 -28
185 442 -8
185 184 28
185 183 -13
638 639 8
638 164 8
638 617 -28
638 399 -28
38 289 19
38 17 -28
289 288 8
289 291 -19
17 487 13
645 402 -28
645 643 28
645 647 28
645 644 28
645 166 8
402 380 19
402 424 28
402 403 28
402 146 -13
643 165 -19
643 642 -13
647 646 19
647 404 -8
647 649 13
647 168 13
644 169 8
644 405 19
644 666 -28
644 622 -28
166 187 8
166 427 8
166 145 -19
166 167 28
324 325 19
325 323 -13
325 327 13
219 218 -28
219 221 -19
676 654 8
676 200 28
676 677 -19
698 456 -28
698 696 -13
698 700 -19
698 217 28
101 352 -19
101 100 28
101 103 -13
101 99 13
101 571 19
352 596 -28
352 374 -13
352 353 -8
100 79 19
100 355 13
100 574 -28
100 121 -13
103 354 -13
103 573 -19
103 102 13
99 350 -13
99 569 8
99 98 13
571 550 28
571 572 -8
571 331 -19
571 593 8
73 327 -28
73 547 8
327 326 -28
327 567 -19
327 329 8
547 549 8
547 546 -8
61 60 19
60 40 28
60 81 -13
550 528 -28
550 551 13
550 80 -8
528 506 -13
551 549 8
551 306 28
551 77 -13
80 79 8
80 78 19
80 82 -19
391 393 13
391 630 -28
391 390 28
393 392 -8
393 632 19
393 134 -8
393 395 -8
630 652 -8
630 631 -19
630 156 -8
390 135 -13
390 412 -19
390 368 -19
390 633 -19
382 625 -28
382 404 -8
338 582 8
338 87 -19
361 363 13
361 359 -28
361 105 13
135 133 19
135 137 28
135 134 -13
133 607 28
133 388 19
137 392 -19
137 611 -28
137 139 -13
134 115 19
134 155 -8
442 685 -19
442 443 -13
442 420 -19
685 205 -19
685 684 -13
443 445 -8
443 441 8
420 398 8
420 164 -28
420 663 28
107 582 -19
107 363 19
582 581 8
582 584 13
363 362 8
363 365 -13
616 372 13
616 618 -13
616 615 -13
616 138 -19
616 614 28
372 350 -19
372 120 19
372 394 -19
618 140 19
618 374 -28
618 617 28
618 619 28
615 141 -28
615 375 8
615 593 8
615 636 19
138 397 -28
138 119 8
138 159 -28
138 139 -19
614 613 13
614 370 28
445 684 19
445 184 19
445 444 -19
684 662 -13
684 705 -13
184 205 19
184 663 -28
184 163 -19
444 466 28
444 422 -28
585 563 28
585 586 19
585 607 19
585 114 13
563 323 -19
563 542 -13
586 584 19
586 342 -19
586 588 -8
586 111 -19
607 367 19
607 628 -19
114 116 8
114 112 -28
205 224 -8
205 206 19
663 662 28
163 164 13
163 641 28
163 142 28
163 423 -19
448 426 -19
448 190 19
448 691 28
448 449 19
426 169 8
426 669 -19
426 427 28
426 404 13
190 189 8
190 192 -19
190 188 13
190 666 13
691 689 -13
691 690 28
691 692 28
449 447 -13
449 451 -28
449 688 -13
449 187 -28
298 49 -8
298 543 -28
298 299 13
298 276 -8
298 320 8
49 51 -8
49 47 13
49 518 19
49 48 -19
543 69 13
543 541 19
543 542 -13
299 301 -13
299 540 -19
299 297 -13
299 46 -19
276 277 13
276 254 19
276 521 -8
276 29 8
320 321 13
320 342 8
320 70 -13
169 167 19
169 171 28
169 168 13
167 642 -19
167 424 -28
171 646 28
171 428 -19
171 170 19
171 173 -28
168 147 28
168 189 28
168 429 -8
300 301 28
300 51 19
300 278 19
301 48 28
301 542 19
51 50 28
51 520 28
278 279 -19
278 31 -28
278 256 28
278 523 -28
257 255 -13
257 498 -28
257 259 19
257 7 28
257 256 -19
255 254 -8
255 253 -28
255 496 19
255 5 13
498 31 13
498 476 -28
498 520 -8
498 499 19
259 261 -8
259 500 -28
259 9 -13
7 28 -8
7 8 -28
7 477 -19
256 234 19
256 10 13
256 501 19
218 700 13
700 702 -13
700 699 -13
331 333 19
331 329 13
331 77 -13
574 573 19
574 576 -8
574 572 13
225 224 19
225 223 -28
704 706 28
704 702 -13
704 462 -13
79 333 -28
333 573 -28
333 335 8
333 332 19
336 358 -28
336 85 28
336 337 -28
336 314 -8
358 380 8
358 106 -13
358 359 -28
85 556 -13
85 87 -28
85 84 8
337 83 13
337 577 13
314 315 -8
314 292 -19
314 64 -19
419 159 -13
419 658 28
419 417 -28
419 418 8
159 180 -19
159 160 -19
159 637 8
658 680 13
658 636 -13
658 659 19
658 183 -28
417 656 19
417 415 28
417 416 28
418 396 -28
418 162 -8
418 440 -28
689 208 13
689 446 -19
689 687 19
689 688 -13
208 187 8
446 447 28
446 188 8
446 424 -19
687 207 28
687 686 28
688 210 19
688 666 13
455 454 28
455 693 -13
455 453 -8
455 193 -13
454 196 13
454 696 -8
454 432 28
693 694 28
693 672 13
693 216 -28
453 191 -13
453 452 28
453 451 8
193 673 8
193 213 -13
193 194 -28
581 110 -19
581 341 -13
584 109 -19
584 583 28
305 307 -19
305 546 13
282 527 -13
282 260 -13
282 35 8
549 75 28
549 548 -19
326 76 -13
326 348 13
326 570 28
307 548 19
307 306 28
548 78 28
548 526 -19
548 569 -8
306 284 8
306 328 -8
599 359 -8
599 620 -8
599 127 -8
599 577 -28
620 642 -28
620 621 -8
620 146 -8
127 380 -8
127 126 -13
577 578 13
577 106 -28
577 556 13
147 625 13
147 148 -13
147 407 -8
625 623 19
625 627 8
148 404 -13
148 150 8
148 146 -13
148 622 -28
407 409 -8
407 646 13
407 405 -8
407 406 -19
263 13 8
263 261 13
263 504 -19
263 265 19
263 262 19
13 34 -19
13 483 -19
13 14 -28
261 502 8
261 260 -28
504 37 19
504 482 -19
504 526 28
504 505 8
265 506 -19
265 15 19
262 16 13
262 240 -13
262 507 -8
262 284 -13
224 706 -28
706 705 -8
487 485 8
487 242 13
16 15 -28
16 14 -19
16 482 28
15 485 -8
15 36 -13
14 260 -8
14 12 -13
14 480 28
482 241 28
482 483 -13
343 88 28
343 341 28
343 342 -8
343 583 28
88 67 19
88 89 -8
88 109 28
342 91 -19
342 364 8
583 605 28
583 112 -13
583 561 28
67 321 19
67 541 28
67 46 -8
89 91 -13
89 87 28
109 110 13
109 365 13
488 510 -8
488 247 -19
76 75 -8
76 78 -28
76 546 -13
75 329 19
78 328 19
78 77 19
546 567 13
90 111 -19
90 69 28
90 91 8
111 367 13
111 112 8
69 323 8
69 70 -28
69 48 8
91 561 -13
50 523 -8
50 30 28
520 279 -13
520 521 28
520 542 28
699 678 28
699 221 -19
460 438 28
460 202 -19
460 702 19
246 247 -8
246 268 -28
268 269 13
268 290 -13
527 526 19
526 285 8
380 623 -19
623 621 13
623 145 19
623 622 -8
126 105 13
126 145 19
105 106 8
105 84 28
145 405 -13
145 146 -19
554 555 -28
554 532 19
554 575 -28
312 290 28
312 334 -28
605 365 -13
365 367 19
365 364 -28
561 321 -19
561 540 13
269 510 28
510 532 28
510 511 8
40 511 -28
40 291 -19
34 505 19
34 285 -19
34 35 28
505 260 -13
505 507 19
285 284 28
35 37 13
35 502 8
115 371 -8
115 116 28
115 590 -19
196 195 13
196 198 -8
196 194 28
196 672 -28
195 675 8
195 215 -8
195 174 19
198 456 19
198 674 28
198 200 -13
194 452 19
194 670 -19
194 192 19
672 433 -19
672 650 13
672 673 13
677 675 -19
677 434 -28
681 438 13
681 680 28
681 201 -8
678 202 -8
678 656 -8
56 77 -28
56 36 28
532 291 -13
243 242 -13
243 241 19
243 484 13
241 239 -19
241 240 19
484 485 -28
484 506 -13
364 112 13
408 409 13
408 430 13
408 651 8
438 181 -13
438 416 28
181 656 13
181 180 8
181 183 -28
416 394 -8
416 160 8
416 659 -13
570 569 -13
570 572 -13
567 589 -13
662 640 8
662 423 -8
640 641 -28
640 401 -13
423 422 13
279 277 28
279 28 -8
277 275 19
277 26 28
277 518 19
28 48 -13
28 29 28
28 499 -8
31 29 13
31 30 28
29 27 19
29 496 -28
30 9 -8
30 501 28
202 200 13
202 201 28
201 180 13
201 220 -13
252 230 19
252 253 -28
252 497 19
252 274 28
252 6 -19
230 231 8
230 475 19
253 3 -19
253 494 -28
497 26 -8
497 499 -28
497 496 19
497 495 -19
274 275 19
274 27 28
274 519 19
6 8 8
6 5 -19
6 4 -13
6 472 13
317 63 -8
317 315 -19
63 84 19
63 43 -8
63 64 -8
63 537 -13
315 556 -28
315 62 13
541 540 8
541 539 13
542 72 -28
422 400 -13
450 451 13
450 428 -28
450 192 -19
450 692 19
451 189 -19
451 690 13
428 671 28
428 406 28
428 429 -8
192 191 8
192 668 -19
692 211 8
692 694 -19
284 37 -13
234 235 -28
234 479 -28
10 9 -13
10 8 8
10 476 28
10 12 28
501 500 -8
501 499 -8
37 36 8
36 507 19
500 478 19
9 479 -13
479 477 -19
479 481 28
479 478 19
483 485 -13
483 238 13
483 481 13
396 639 28
396 141 19
396 397 8
396 374 19
162 164 -28
162 160 8
162 636 19
162 161 13
440 441 -13
440 183 28
440 462 -13
485 240 8
72 70 8
70 540 -13
398 376 -28
398 641 8
398 143 -28
398 399 28
377 375 -19
377 617 8
377 376 -8
377 121 -8
377 379 -28
375 374 13
375 119 8
617 595 -28
617 143 28
376 354 28
376 619 -19
376 124 -28
121 140 -28
121 596 -8
121 122 28
379 378 -28
379 123 -19
696 215 -8
696 695 8
696 694 -28
432 675 -13
432 433 19
432 175 8
432 410 -28
456 434 -13
434 435 -19
434 412 13
434 177 19
328 350 28
328 572 13
328 329 19
556 534 -8
534 535 28
534 293 -8
534 512 -19
534 64 28
506 507 13
536 295 13
536 66 -13
536 537 -19
639 161 19
639 641 8
639 637 13
161 140 19
637 635 13
637 394 28
637 636 28
21 491 28
21 42 28
21 271 28
21 0 8
491 490 8
42 62 -8
42 293 -8
42 513 -19
271 270 -8
271 512 13
271 273 13
0 249 28
0 469 19
77 98 8
675 674 28
675 673 -8
674 695 19
674 652 -8
674 435 19
673 671 -28
673 430 8
191 671 -19
191 170 28
191 211 19
671 670 -8
671 669 8
170 431 8
170 149 -19
170 649 -13
211 212 -28
555 81 28
81 335 -13
81 102 13
81 82 -19
523 521 -28
701 223 8
701 702 -13
701 680 8
239 238 -13
239 480 28
239 237 -13
238 260 -28
480 502 8
480 481 8
237 236 28
237 478 -19
237 235 19
275 24 28
275 273 8
275 516 28
24 3 19
24 495 -19
273 22 -28
273 272 13
516 538 -19
516 517 -13
516 47 -8
516 494 13
223 221 -19
221 220 -28
27 494 19
27 26 -8
494 472 13
494 495 19
26 5 -8
26 46 19
215 216 8
174 435 19
174 153 8
174 653 28
174 175 19
518 540 -8
518 519 8
518 496 28
656 634 28
680 441 -28
291 290 19
62 535 -13
62 83 28
535 537 13
538 297 8
538 539 28
297 295 19
539 294 8
539 65 -13
539 537 19
433 435 13
433 431 -13
431 670 -13
431 430 -28
431 429 -19
254 8 -13
254 499 13
254 232 8
8 474 -19
232 477 28
232 233 -28
65 66 13
321 323 8
22 1 19
22 43 19
22 23 -13
495 250 -8
248 270 13
248 249 19
248 2 13
248 226 -28
46 47 8
46 519 -13
595 355 28
595 573 -13
595 124 -28
595 596 13
355 354 -8
355 353 -13
355 357 13
124 123 13
124 122 19
596 594 28
596 598 -13
176 155 -28
176 655 28
176 177 -28
452 430 -13
452 694 -28
430 173 19
694 213 28
177 652 8
177 175 28
654 415 -28
654 632 -8
654 655 -28
228 229 19
228 250 -8
228 473 -8
229 231 8
229 227 28
250 272 -13
250 4 -28
473 472 -13
473 475 13
473 471 13
473 3 19
659 180 8
12 478 8
236 481 -28
295 293 13
295 43 8
295 294 -13
293 292 8
43 515 -13
43 44 -8
294 45 -13
294 272 8
354 332 -13
354 598 19
619 142 -8
400 378 -13
400 401 8
378 356 28
123 598 -19
123 102 28
123 142 -13
702 220 -8
670 648 -28
648 409 28
648 649 13
648 173 -8
598 597 -28
102 357 -8
102 576 -8
142 401 -13
142 143 -8
447 186 -19
447 686 -19
187 188 13
187 667 19
235 233 -19
235 476 19
399 140 28
399 397 13
399 401 -8
48 521 28
270 23 13
270 515 -28
270 292 19
23 490 -19
515 517 28
515 513 13
292 537 19
292 44 -13
374 122 -8
353 593 -8
353 351 -8
353 98 19
1 2 13
1 471 19
652 413 -8
652 653 8
82 332 -13
213 214 8
476 477 -28
512 490 -13
512 513 13
512 44 -28
64 66 19
521 519 -19
519 517 8
5 475 19
650 175 -13
650 628 13
650 651 28
175 173 8
628 154 8
651 649 19
651 653 19
141 140 -19
141 139 -8
141 143 -28
397 636 -28
397 395 -28
410 154 13
410 388 -28
410 653 -8
362 110 -19
153 154 -8
153 631 19
153 413 28
653 655 28
634 635 -13
634 160 -19
634 395 8
634 613 -8
209 210 28
209 189 8
210 212 -19
189 669 19
216 214 -13
409 149 -13
149 150 13
149 627 -28
122 120 19
122 593 8
441 180 -8
231 472 28
231 233 28
475 474 -13
475 477 -19
45 47 -13
45 44 -28
272 517 -13
3 4 -13
348 370 28
370 392 -13
370 371 19
4 2 13
356 357 13
356 334 -28
669 668 -28
669 667 -19
415 413 8
415 155 13
413 412 -13
155 156 13
155 633 19
690 668 -13
690 212 28
646 668 -28
668 429 -19
332 576 28
667 665 8
667 424 8
667 666 -19
392 635 -8
635 633 19
406 150 -19
406 649 8
429 427 13
158 160 -8
158 156 19
158 632 -8
156 154 -8
156 412 19
632 633 8
632 611 -19
412 655 -8
249 490 -28
490 468 8
212 214 -28
474 233 -19
474 496 -19
367 369 8
369 371 8
369 368 -19
186 665 13
186 165 -8
186 207 19
686 664 -19
350 594 -13
350 351 -8
594 593 -28
594 119 -13
351 591 -8
631 388 13
631 633 28
665 664 13
664 188 -19
664 642 28
664 425 -13
613 591 28
613 139 -8
371 611 8
120 119 -13
120 591 13
119 98 -28
591 569 28
597 575 -13
597 357 -28
227 468 19
227 226 19
334 335 -13
394 139 -8
394 395 -8
575 576 -19
575 335 -28
98 572 8
468 469 19
468 2 13
469 471 -13
226 471 8
344 588 28
368 116 -13
588 590 13
424 425 8
569 329 19
642 403 8
425 427 -28
425 165 8
666 427 28
589 611 -13
589 590 -8
404 405 -19
110 112 -28
405 403 -8
