117 592 19
117 136 -8
117 373 -28
117 118 -19
117 96 -28
592 348 8
592 591 19
592 594 13
592 590 -13
136 157 28
136 137 -8
136 395 19
136 614 19
373 375 19
373 372 -28
373 613 28
373 371 -19
118 120 13
118 370 28
118 116 19
118 589 -19
96 97 28
96 351 -13
96 570 8
96 75 28
459 197 28
459 457 19
459 458 -13
459 461 13
459 697 8
197 198 13
197 176 -28
197 677 13
197 217 -13
457 455 -13
457 456 -13
457 195 28
457 695 13
458 436 13
458 700 -28
458 200 -8
461 199 -13
461 463 19
461 699 19
461 460 8
697 219 28
697 676 13
697 698 -28
244 245 -8
244 266 -19
244 489 -19
245 486 -19
245 243 8
245 247 28
266 20 -8
266 511 28
266 288 -28
266 267 -13
489 487 -8
489 19 19
489 488 -19
308 286 -28
308 553 13
308 309 8
308 330 8
308 59 19
286 531 13
286 264 8
286 287 13
286 39 -28
553 79 -28
553 555 28
553 551 -19
553 552 -19
309 311 -8
309 550 -8
309 307 19
309 56 -28
330 331 -19
330 574 -8
330 352 28
330 80 -13
59 61 28
59 57 -13
59 528 -19
59 58 -28
604 360 13
604 602 19
604 603 8
604 606 -8
360 382 -13
360 338 -8
360 361 28
360 108 8
602 126 -8
602 601 -13
602 600 19
602 358 -8
603 130 -28
603 363 28
603 581 -13
603 624 -28
606 605 -19
606 129 -19
606 608 -19
606 362 28
125 104 -8
125 381 -8
125 600 19
125 144 28
104 578 28
104 83 28
104 359 -8
381 380 13
381 620 13
381 383 13
600 599 8
144 165 -13
144 403 8
144 621 -19
311 58 -19
311 552 -19
311 310 8
311 313 13
58 531 -13
58 38 19
552 530 28
552 573 13
552 82 28
310 61 -8
310 555 -8
310 288 19
310 332 28
313 554 19
313 312 19
313 60 -13
280 33 -19
280 525 -19
280 302 -28
280 281 13
280 258 -19
33 32 28
33 31 19
33 35 -13
33 500 28
525 527 -13
525 52 -8
525 524 19
525 523 -8
302 324 -13
302 547 -13
302 303 19
302 53 -13
281 279 13
281 522 -19
281 30 -13
281 283 -8
258 259 19
258 12 -13
258 236 13
258 503 -19
560 558 -8
560 86 -28
560 559 -13
560 562 -19
560 316 -13
558 557 8
558 314 28
558 84 -13
86 107 8
86 65 -8
86 87 13
86 341 19
559 538 -8
559 319 19
559 581 8
559 89 -8
562 318 8
562 88 -8
562 561 13
562 564 8
316 317 28
316 294 13
316 338 13
316 66 28
151 411 -13
151 172 -28
151 152 -28
151 629 -8
151 131 19
411 650 28
411 409 -8
411 410 -8
411 413 19
172 433 28
172 193 -13
172 651 13
172 173 -13
152 408 -19
152 154 -28
152 150 -13
152 626 -28
629 386 -13
629 631 28
629 627 -28
629 628 -28
131 389 19
131 111 13
131 608 13
32 503 28
32 11 19
32 283 -19
32 52 -19
503 502 8
503 505 -13
503 501 -19
11 12 13
11 481 -28
11 261 -13
283 285 -13
283 524 -28
283 282 -28
52 73 19
52 53 -8
52 305 -13
20 18 19
20 486 -28
20 19 -13
18 16 -28
18 264 28
18 484 13
18 17 -13
486 508 13
486 487 -28
19 269 -28
19 40 8
203 683 28
203 465 -13
203 204 -8
203 182 -28
203 222 19
683 685 13
683 681 -13
683 440 13
683 682 -8
465 467 28
465 703 19
465 464 -13
465 463 -28
204 202 19
204 462 28
204 206 8
204 680 -28
182 661 13
182 443 13
182 183 -19
182 161 13
222 223 19
222 704 -13
347 349 -19
347 346 28
347 345 -13
347 92 13
347 587 28
349 94 19
349 348 -13
349 351 13
349 589 -19
346 95 13
346 324 13
346 368 -28
346 590 -19
345 585 -28
345 343 -13
345 90 28
345 344 28
92 566 13
92 71 -28
92 113 -13
92 93 28
587 588 -13
587 609 19
587 565 -28
587 116 19
566 564 13
566 568 -13
566 565 19
566 322 -8
71 72 13
71 50 19
71 545 -28
71 325 -28
113 369 -8
113 588 -19
113 114 -8
113 132 -19
93 95 19
93 91 -8
93 344 -28
93 563 19
508 267 28
508 530 -13
508 509 13
508 41 -8
267 269 -19
267 265 -8
267 17 -19
530 531 -19
530 61 -19
530 289 13
509 38 -19
509 507 13
509 264 13
509 511 13
41 39 13
41 288 19
41 40 -19
318 68 13
318 340 -19
318 319 -13
318 296 19
68 538 -19
68 67 19
68 70 19
68 66 13
340 362 13
340 341 8
340 584 -8
340 89 19
319 317 8
319 65 -28
319 321 -19
296 297 -8
296 47 -8
296 274 -13
296 541 -13
95 94 28
95 565 -13
95 97 -13
94 73 -19
94 115 28
94 568 19
565 544 28
565 325 13
97 348 19
97 567 28
97 99 -8
492 25 -13
492 493 19
492 514 -8
492 251 -8
492 470 -13
25 27 -13
25 272 -8
25 24 -13
25 23 13
493 22 -13
493 491 8
493 495 8
493 248 13
514 536 -13
514 273 -28
514 45 -13
514 515 19
251 253 13
251 249 19
251 250 19
251 1 -19
470 229 -13
470 471 -8
470 4 28
55 53 -8
55 57 -13
55 304 -28
55 54 13
55 524 -8
53 51 28
53 522 13
57 56 13
57 306 -19
57 526 28
304 305 -13
304 282 19
304 549 -19
304 326 -8
54 307 -13
54 527 -19
54 34 19
54 75 13
524 502 28
524 546 19
544 74 -8
544 522 28
544 545 -19
544 303 19
74 324 13
74 73 -13
74 76 28
74 72 28
522 500 8
522 523 13
545 300 13
545 543 8
545 547 -8
303 50 -8
303 301 -19
303 305 19
385 383 -13
385 387 19
385 624 -19
385 384 -13
383 126 -8
383 382 -28
383 622 -28
387 386 -8
387 389 -13
387 626 -19
387 129 -13
624 646 -13
624 625 8
624 150 13
384 130 8
384 362 8
384 627 8
384 406 19
467 705 -8
467 205 19
467 466 28
703 225 13
703 682 -28
703 704 -28
464 442 8
464 706 -19
464 206 -8
463 201 13
463 701 28
463 462 13
531 533 -13
531 529 19
533 288 13
533 60 -13
533 532 -13
529 527 -28
529 56 -8
529 528 13
529 284 -28
130 128 -13
130 129 13
128 601 19
128 127 28
128 382 -19
129 149 19
129 109 -8
436 179 -28
436 679 19
436 437 -13
436 414 -8
179 178 8
179 181 13
179 177 28
179 654 -19
679 199 -28
679 677 13
679 681 8
679 678 19
437 439 19
437 676 -13
437 435 -28
437 176 13
414 415 28
414 392 -8
414 158 -28
414 657 8
386 364 -28
386 408 19
389 391 -28
389 628 -13
389 388 8
626 605 -19
626 648 -28
626 627 -28
610 609 -13
610 366 -13
610 608 -8
610 612 -8
610 132 13
609 135 -13
609 369 -13
609 630 -19
366 367 13
366 114 -28
366 344 19
366 388 -8
608 364 -13
608 607 8
612 368 -13
612 614 19
612 134 -8
612 611 -13
132 391 -8
132 153 -13
132 133 28
579 601 -8
579 339 -19
579 557 19
579 108 -19
579 580 -8
601 361 -8
601 622 28
339 337 -28
339 84 19
339 338 28
339 341 -19
557 317 -28
557 87 19
557 536 -13
108 107 -28
108 106 -19
108 110 -19
580 336 -8
580 582 28
580 578 -28
580 105 13
178 657 13
178 157 8
178 439 -8
178 199 -28
657 656 19
657 659 28
657 655 -8
157 158 19
157 417 28
157 635 28
439 438 28
439 678 28
439 441 -28
199 218 -8
199 200 13
264 265 28
264 242 13
287 285 19
287 528 -19
287 289 28
287 36 8
39 38 -13
39 37 8
39 506 8
564 90 -8
564 563 -19
564 320 -19
568 324 8
568 570 -8
568 567 -13
322 300 28
322 72 28
322 344 13
322 323 -19
660 682 28
660 421 8
660 661 -28
660 185 19
660 638 19
682 206 13
682 443 -8
421 419 13
421 420 -19
421 423 -13
421 161 -8
661 418 19
661 663 -28
661 659 13
185 442 -28
185 184 28
185 183 19
638 639 -8
638 164 13
638 617 -13
638 399 -28
38 289 28
38 17 -28
289 288 13
289 291 -28
17 487 -8
645 402 8
645 643 13
645 647 -28
645 644 -13
645 166 28
402 380 -8
402 424 -28
402 403 28
402 146 13
643 165 19
643 642 -19
647 646 13
647 404 -8
647 649 -28
647 168 28
644 169 -28
644 405 13
644 666 13
644 622 -13
166 187 28
166 427 13
166 145 19
166 167 28
324 325 28
325 323 -19
325 327 8
219 218 -19
219 221 -28
676 654 13
676 200 19
676 677 13
698 456 8
698 696 -13
698 700 -28
698 217 -8
101 352 19
101 100 -8
101 103 8
101 99 -28
101 571 -13
352 596 -13
352 374 19
352 353 -19
100 79 -13
100 355 -8
100 574 -28
100 121 -13
103 354 -8
103 573 -19
103 102 13
99 350 13
99 569 8
99 98 -19
571 550 -13
571 572 28
571 331 8
571 593 13
73 327 -28
73 547 8
327 326 -8
327 567 8
327 329 -13
547 549 -19
547 546 13
61 60 8
60 40 -8
60 81 -8
550 528 -28
550 551 19
550 80 -13
528 506 19
551 549 -28
551 306 -19
551 77 19
80 79 19
80 78 -13
80 82 -28
391 393 8
391 630 -8
391 390 28
393 392 -19
393 632 -19
393 134 -13
393 395 13
630 652 8
630 631 -8
630 156 28
390 135 8
390 412 -8
390 368 19
390 633 19
382 625 13
382 404 -8
338 582 28
338 87 -19
361 363 13
361 359 8
361 105 13
135 133 -8
135 137 -13
135 134 13
133 607 -19
133 388 -28
137 392 -13
137 611 28
137 139 8
134 115 8
134 155 -28
442 685 -19
442 443 19
442 420 13
685 205 -13
685 684 -19
443 445 -8
443 441 19
420 398 28
420 164 -13
420 663 -8
107 582 28
107 363 13
582 581 -8
582 584 -13
363 362 -8
363 365 28
616 372 -19
616 618 28
616 615 13
616 138 -28
616 614 28
372 350 -19
372 120 19
372 394 13
618 140 -8
618 374 13
618 617 28
618 619 -8
615 141 -8
615 375 -28
615 593 -19
615 636 28
138 397 28
138 119 -13
138 159 -19
138 139 19
614 613 -13
614 370 8
445 684 19
445 184 8
445 444 28
684 662 19
684 705 -28
184 205 8
184 663 -13
184 163 -8
444 466 -8
444 422 13
585 563 28
585 586 19
585 607 -19
585 114 19
563 323 8
563 542 -28
586 584 -13
586 342 -13
586 588 -19
586 111 -28
607 367 -8
607 628 28
114 116 28
114 112 -28
205 224 28
205 206 -19
663 662 -28
163 164 -28
163 641 -19
163 142 8
163 423 -13
448 426 -8
448 190 -28
448 691 -13
448 449 19
426 169 -28
426 669 -19
426 427 19
426 404 8
190 189 -19
190 192 19
190 188 -28
190 666 -8
691 689 -28
691 690 -19
691 692 -28
449 447 13
449 451 -19
449 688 -28
449 187 28
298 49 -19
298 543 8
298 299 19
298 276 -8
298 320 -28
49 51 -28
49 47 8
49 518 8
49 48 19
543 69 19
543 541 8
543 542 -13
299 301 28
299 540 -28
299 297 8
299 46 -28
276 277 28
276 254 28
276 521 8
276 29 19
320 321 -19
320 342 28
320 70 13
169 167 19
169 171 -28
169 168 28
167 642 -19
167 424 -13
171 646 28
171 428 -13
171 170 28
171 173 13
168 147 8
168 189 19
168 429 -8
300 301 8
300 51 8
300 278 -13
301 48 19
301 542 -19
51 50 19
51 520 -28
278 279 -13
278 31 19
278 256 8
278 523 19
257 255 -19
257 498 -13
257 259 -8
257 7 -19
257 256 13
255 254 -28
255 253 -19
255 496 13
255 5 -28
498 31 19
498 476 28
498 520 13
498 499 13
259 261 28
259 500 -19
259 9 28
7 28 28
7 8 -13
7 477 28
256 234 -8
256 10 -28
256 501 -13
218 700 13
700 702 -19
700 699 -28
331 333 13
331 329 19
331 77 8
574 573 8
574 576 19
574 572 28
225 224 28
225 223 -8
704 706 19
704 702 -19
704 462 13
79 333 8
333 573 28
333 335 19
333 332 -19
336 358 -8
336 85 -28
336 337 -13
336 314 28
358 380 19
358 106 -8
358 359 8
85 556 8
85 87 -13
85 84 -13
337 83 19
337 577 -28
314 315 8
314 292 -13
314 64 19
419 159 -13
419 658 -28
419 417 19
419 418 28
159 180 -19
159 160 -19
159 637 19
658 680 -19
658 636 -8
658 659 -13
658 183 -13
417 656 -8
417 415 -8
417 416 -19
418 396 -19
418 162 13
418 440 -28
689 208 -8
689 446 -8
689 687 13
689 688 8
208 187 19
446 447 28
446 188 19
446 424 19
687 207 -8
687 686 -13
688 210 19
688 666 -8
455 454 8
455 693 28
455 453 8
455 193 -28
454 196 -8
454 696 13
454 432 19
693 694 -28
693 672 13
693 216 -28
453 191 19
453 452 -28
453 451 -19
193 673 8
193 213 -13
193 194 -28
581 110 -28
581 341 -28
584 109 8
584 583 -13
305 307 19
305 546 -28
282 527 -19
282 260 -8
282 35 -13
549 75 19
549 548 8
326 76 -13
326 348 13
326 570 28
307 548 28
307 306 28
548 78 8
548 526 -28
548 569 19
306 284 -19
306 328 28
599 359 28
599 620 28
599 127 -8
599 577 19
620 642 -13
620 621 -19
620 146 -8
127 380 -19
127 126 13
577 578 8
577 106 -19
577 556 13
147 625 19
147 148 19
147 407 8
625 623 -19
625 627 -19
148 404 -19
148 150 -13
148 146 19
148 622 13
407 409 -13
407 646 28
407 405 -19
407 406 -8
263 13 -13
263 261 -19
263 504 19
263 265 -8
263 262 -13
13 34 -19
13 483 13
13 14 28
261 502 -19
261 260 28
504 37 28
504 482 -28
504 526 19
504 505 13
265 506 8
265 15 13
262 16 -8
262 240 -28
262 507 -28
262 284 -28
224 706 19
706 705 -8
487 485 -28
487 242 -13
16 15 -8
16 14 -28
16 482 8
15 485 28
15 36 8
14 260 28
14 12 -28
14 480 8
482 241 19
482 483 -19
343 88 -19
343 341 -8
343 342 -28
343 583 8
88 67 28
88 89 19
88 109 13
342 91 8
342 364 -13
583 605 8
583 112 -19
583 561 13
67 321 -19
67 541 -8
67 46 -13
89 91 -28
89 87 -28
109 110 -8
109 365 8
488 510 -13
488 247 -8
76 75 -28
76 78 8
76 546 -19
75 329 19
78 328 8
78 77 -8
546 567 28
90 111 28
90 69 -8
90 91 -13
111 367 13
111 112 -28
69 323 8
69 70 -19
69 48 13
91 561 28
50 523 -8
50 30 13
520 279 8
520 521 -28
520 542 -13
699 678 8
699 221 -8
460 438 28
460 202 -19
460 702 -28
246 247 13
246 268 13
268 269 28
268 290 -28
527 526 8
526 285 -8
380 623 -28
623 621 8
623 145 -19
623 622 -28
126 105 -8
126 145 28
105 106 -19
105 84 -28
145 405 -13
145 146 8
554 555 -28
554 532 19
554 575 -19
312 290 -19
312 334 13
605 365 28
365 367 -19
365 364 13
561 321 -13
561 540 28
269 510 -19
510 532 19
510 511 8
40 511 28
40 291 -13
34 505 -13
34 285 19
34 35 19
505 260 -8
505 507 -8
285 284 8
35 37 8
35 502 8
115 371 -19
115 116 -19
115 590 13
196 195 8
196 198 -19
196 194 19
196 672 8
195 675 28
195 215 -28
195 174 19
198 456 -19
198 674 -8
198 200 8
194 452 8
194 670 -19
194 192 -8
672 433 13
672 650 -28
672 673 19
677 675 -8
677 434 -28
681 438 28
681 680 19
681 201 13
678 202 13
678 656 28
56 77 13
56 36 19
532 291 -8
243 242 -28
243 241 -19
243 484 8
241 239 -8
241 240 -19
484 485 13
484 506 -13
364 112 8
408 409 -13
408 430 -8
408 651 28
438 181 -13
438 416 -28
181 656 13
181 180 19
181 183 8
416 394 -19
416 160 28
416 659 19
570 569 28
570 572 8
567 589 28
662 640 19
662 423 19
640 641 28
640 401 -8
423 422 -19
279 277 -19
279 28 -28
277 275 19
277 26 28
277 518 -19
28 48 -8
28 29 8
28 499 -13
31 29 8
31 30 19
29 27 19
29 496 8
30 9 -8
30 501 28
202 200 13
202 201 28
201 180 8
201 220 -19
252 230 -13
252 253 -8
252 497 8
252 274 28
252 6 28
230 231 8
230 475 -13
253 3 19
253 494 8
497 26 -19
497 499 8
497 496 -19
497 495 19
274 275 -19
274 27 28
274 519 -19
6 8 -19
6 5 8
6 4 13
6 472 -28
317 63 8
317 315 8
63 84 -28
63 43 -13
63 64 8
63 537 28
315 556 13
315 62 -19
541 540 8
541 539 -19
542 72 8
422 400 8
450 451 -8
450 428 -28
450 192 13
450 692 8
451 189 -19
451 690 8
428 671 8
428 406 28
428 429 -28
192 191 -28
192 668 19
692 211 -19
692 694 8
284 37 -28
234 235 28
234 479 28
10 9 -19
10 8 8
10 476 -13
10 12 -19
501 500 -19
501 499 13
37 36 28
36 507 -19
500 478 8
9 479 19
479 477 13
479 481 13
479 478 13
483 485 28
483 238 19
483 481 -19
396 639 -13
396 141 -28
396 397 28
396 374 -13
162 164 -13
162 160 -8
162 636 8
162 161 8
440 441 -19
440 183 13
440 462 -8
485 240 -8
72 70 -8
70 540 28
398 376 13
398 641 -19
398 143 19
398 399 28
377 375 -19
377 617 19
377 376 19
377 121 13
377 379 19
375 374 19
375 119 -19
617 595 8
617 143 -28
376 354 -13
376 619 -19
376 124 13
121 140 19
121 596 -8
121 122 -19
379 378 -8
379 123 13
696 215 -19
696 695 -13
696 694 28
432 675 8
432 433 28
432 175 -19
432 410 -19
456 434 8
434 435 8
434 412 13
434 177 -19
328 350 28
328 572 -13
328 329 28
556 534 8
534 535 -8
534 293 13
534 512 8
534 64 -13
506 507 -13
536 295 -28
536 66 -28
536 537 -28
639 161 -28
639 641 -13
639 637 -8
161 140 -13
637 635 28
637 394 28
637 636 -13
21 491 -13
21 42 28
21 271 19
21 0 -19
491 490 13
42 62 -13
42 293 8
42 513 28
271 270 13
271 512 13
271 273 28
0 249 -28
0 469 -8
77 98 -19
675 674 8
675 673 -13
674 695 13
674 652 -19
674 435 19
673 671 8
673 430 8
191 671 -13
191 170 -19
191 211 19
671 670 28
671 669 28
170 431 -19
170 149 -13
170 649 13
211 212 13
555 81 -28
81 335 19
81 102 13
81 82 -13
523 521 -8
701 223 -28
701 702 28
701 680 -28
239 238 -8
239 480 -13
239 237 -13
238 260 28
480 502 -28
480 481 19
237 236 8
237 478 8
237 235 13
275 24 8
275 273 8
275 516 28
24 3 -8
24 495 -13
273 22 28
273 272 8
516 538 -13
516 517 8
516 47 -13
516 494 -28
223 221 -28
221 220 8
27 494 8
27 26 19
494 472 -8
494 495 28
26 5 19
26 46 28
215 216 -13
174 435 -8
174 153 28
174 653 -13
174 175 -28
518 540 19
518 519 13
518 496 19
656 634 -13
680 441 28
291 290 28
62 535 -8
62 83 -13
535 537 28
538 297 -19
538 539 -13
297 295 13
539 294 -8
539 65 28
539 537 -13
433 435 -13
433 431 -19
431 670 28
431 430 19
431 429 28
254 8 -13
254 499 -19
254 232 13
8 474 -28
232 477 -28
232 233 -28
65 66 -28
321 323 -19
22 1 28
22 43 -28
22 23 -19
495 250 19
248 270 -8
248 249 13
248 2 13
248 226 -13
46 47 8
46 519 -28
595 355 28
595 573 -19
595 124 -8
595 596 8
355 354 19
355 353 -28
355 357 8
124 123 -28
124 122 -8
596 594 28
596 598 -28
176 155 -28
176 655 -13
176 177 28
452 430 -28
452 694 -13
430 173 28
694 213 13
177 652 -13
177 175 -19
654 415 13
654 632 -13
654 655 13
228 229 -8
228 250 -28
228 473 -8
229 231 8
229 227 -13
250 272 -28
250 4 -19
473 472 -13
473 475 19
473 471 19
473 3 -19
659 180 8
12 478 -19
236 481 28
295 293 -19
295 43 19
295 294 -8
293 292 -28
43 515 8
43 44 -19
294 45 28
294 272 13
354 332 13
354 598 -8
619 142 8
400 378 -13
400 401 -19
378 356 8
123 598 28
123 102 19
123 142 19
702 220 -19
670 648 -13
648 409 28
648 649 13
648 173 -19
598 597 8
102 357 8
102 576 -8
142 401 -19
142 143 -8
447 186 19
447 686 8
187 188 8
187 667 8
235 233 8
235 476 -28
399 140 -28
399 397 -13
399 401 13
48 521 19
270 23 -19
270 515 19
270 292 -13
23 490 -8
515 517 19
515 513 -8
292 537 -8
292 44 19
374 122 -8
353 593 13
353 351 -28
353 98 19
1 2 8
1 471 -19
652 413 28
652 653 8
82 332 -19
213 214 -13
476 477 -19
512 490 28
512 513 13
512 44 8
64 66 -28
521 519 8
519 517 -13
5 475 28
650 175 -19
650 628 19
650 651 13
175 173 28
628 154 8
651 649 -19
651 653 -28
141 140 28
141 139 28
141 143 -8
397 636 -19
397 395 8
410 154 28
410 388 -8
410 653 8
362 110 28
153 154 19
153 631 -28
153 413 -19
653 655 -8
634 635 -8
634 160 8
634 395 8
634 613 28
209 210 -19
209 189 -28
210 212 28
189 669 13
216 214 19
409 149 8
149 150 -8
149 627 -19
122 120 -19
122 593 -19
441 180 28
231 472 -8
231 233 28
475 474 -13
475 477 -8
45 47 -13
45 44 -28
272 517 13
3 4 8
348 370 8
370 392 19
370 371 28
4 2 8
356 357 -28
356 334 -19
669 668 13
669 667 -13
415 413 -8
415 155 19
413 412 -28
155 156 -8
155 633 13
690 668 -28
690 212 28
646 668 -8
668 429 -19
332 576 28
667 665 -28
667 424 13
667 666 -13
392 635 28
635 633 -28
406 150 -8
406 649 -8
429 427 19
158 160 -13
158 156 19
158 632 13
156 154 8
156 412 28
632 633 8
632 611 -28
412 655 13
249 490 19
490 468 -13
212 214 -13
474 233 -8
474 496 -28
367 369 28
369 371 -19
369 368 -8
186 665 -28
186 165 8
186 207 19
686 664 -28
350 594 -8
350 351 19
594 593 -13
594 119 -8
351 591 28
631 388 -19
631 633 -13
665 664 8
664 188 -19
664 642 13
664 425 8
613 591 -13
613 139 19
371 611 -8
120 119 -19
120 591 -8
119 98 -28
591 569 -8
597 575 19
597 357 -13
227 468 -13
227 226 -28
334 335 19
394 139 -28
394 395 -8
575 576 -19
575 335 -28
98 572 -8
468 469 13
468 2 -28
469 471 -8
226 471 8
344 588 -13
368 116 -19
588 590 28
424 425 -19
569 329 -13
642 403 -28
425 427 28
425 165 19
666 427 8
589 611 -28
589 590 -13
404 405 -13
110 112 -28
405 403 -13
