117 592 -19
117 136 -8
117 373 -19
117 118 13
117 96 8
592 348 19
592 591 28
592 594 8
592 590 8
136 157 -13
136 137 -28
136 395 -28
136 614 28
373 375 8
373 372 8
373 613 -28
373 371 19
118 120 -8
118 370 -13
118 116 -8
118 589 28
96 97 -13
96 351 -19
96 570 8
96 75 -13
459 197 -28
459 457 28
459 458 -28
459 461 13
459 697 -8
197 198 8
197 176 -28
197 677 -19
197 217 -13
457 455 28
457 456 -13
457 195 13
457 695 -28
458 436 28
458 700 13
458 200 -13
461 199 -28
461 463 -28
461 699 13
461 460 8
697 219 8
697 676 -8
697 698 8
244 245 -28
244 266 -8
244 489 28
245 486 -13
245 243 -13
245 247 -8
266 20 -13
266 511 19
266 288 13
266 267 -13
489 487 -13
489 19 -8
489 488 -28
308 286 -28
308 553 -13
308 309 -8
308 330 28
308 59 -28
286 531 -19
286 264 8
286 287 -8
286 39 -19
553 79 -8
553 555 8
553 551 8
553 552 28
309 311 19
309 550 -13
309 307 -19
309 56 13
330 331 13
330 574 28
330 352 -8
330 80 -8
59 61 -13
59 57 -13
59 528 19
59 58 13
604 360 -19
604 602 -13
604 603 8
604 606 -8
360 382 8
360 338 13
360 361 -19
360 108 28
602 126 13
602 601 28
602 600 -19
602 358 -8
603 130 28
603 363 -8
603 581 28
603 624 19
606 605 13
606 129 28
606 608 19
606 362 -19
125 104 -28
125 381 19
125 600 -19
125 144 28
104 578 13
104 83 -28
104 359 -13
381 380 13
381 620 -8
381 383 8
600 599 19
144 165 -28
144 403 13
144 621 -8
311 58 -19
311 552 -8
311 310 -28
311 313 -19
58 531 -19
58 38 19
552 530 8
552 573 8
552 82 28
310 61 -13
310 555 -8
310 288 -8
310 332 28
313 554 -8
313 312 28
313 60 8
280 33 8
280 525 -8
280 302 19
280 281 -19
280 258 28
33 32 13
33 31 -8
33 35 -28
33 500 19
525 527 -8
525 52 -13
525 524 8
525 523 28
302 324 -13
302 547 8
302 303 19
302 53 -8
281 279 -8
281 522 -28
281 30 -13
281 283 28
258 259 -28
258 12 13
258 236 28
258 503 28
560 558 19
560 86 -8
560 559 19
560 562 13
560 316 13
558 557 -28
558 314 13
558 84 -13
86 107 19
86 65 28
86 87 8
86 341 -28
559 538 -19
559 319 -8
559 581 13
559 89 19
562 318 28
562 88 -19
562 561 -8
562 564 8
316 317 -19
316 294 28
316 338 -8
316 66 13
151 411 -19
151 172 8
151 152 19
151 629 13
151 131 19
411 650 19
411 409 -28
411 410 -13
411 413 28
172 433 13
172 193 19
172 651 28
172 173 -19
152 408 13
152 154 -8
152 150 -8
152 626 8
629 386 8
629 631 -13
629 627 -13
629 628 13
131 389 -13
131 111 -8
131 608 13
32 503 13
32 11 -28
32 283 -13
32 52 -28
503 502 -19
503 505 -19
503 501 19
11 12 -8
11 481 28
11 261 -28
283 285 28
283 524 28
283 282 -19
52 73 -13
52 53 28
52 305 -28
20 18 28
20 486 -28
20 19 -13
18 16 13
18 264 -8
18 484 -8
18 17 -8
486 508 -28
486 487 19
19 269 -13
19 40 -13
203 683 28
203 465 -13
203 204 28
203 182 13
203 222 19
683 685 19
683 681 19
683 440 -19
683 682 19
465 467 8
465 703 13
465 464 -19
465 463 -8
204 202 8
204 462 -8
204 206 -13
204 680 -28
182 661 -8
182 443 -28
182 183 28
182 161 -28
222 223 -28
222 704 -19
347 349 -28
347 346 8
347 345 8
347 92 -19
347 587 -13
349 94 -13
349 348 19
349 351 -19
349 589 -28
346 95 -19
346 324 -19
346 368 28
346 590 -28
345 585 -13
345 343 8
345 90 19
345 344 -28
92 566 -8
92 71 28
92 113 -19
92 93 19
587 588 -19
587 609 -8
587 565 28
587 116 -8
566 564 -19
566 568 13
566 565 -8
566 322 8
71 72 -19
71 50 28
71 545 19
71 325 -19
113 369 -28
113 588 -8
113 114 -8
113 132 -8
93 95 -28
93 91 -28
93 344 -28
93 563 -28
508 267 13
508 530 19
508 509 -28
508 41 -19
267 269 -28
267 265 -13
267 17 -28
530 531 19
530 61 -13
530 289 -28
509 38 13
509 507 -13
509 264 -19
509 511 19
41 39 19
41 288 -19
41 40 8
318 68 19
318 340 28
318 319 28
318 296 8
68 538 -28
68 67 28
68 70 -13
68 66 -8
340 362 19
340 341 19
340 584 -19
340 89 -8
319 317 -8
319 65 19
319 321 28
296 297 -13
296 47 -19
296 274 8
296 541 -28
95 94 8
95 565 -13
95 97 -28
94 73 -28
94 115 8
94 568 -13
565 544 -8
565 325 8
97 348 13
97 567 -19
97 99 28
492 25 -28
492 493 -13
492 514 13
492 251 19
492 470 -13
25 27 -19
25 272 -13
25 24 28
25 23 8
493 22 28
493 491 -19
493 495 -28
493 248 -28
514 536 -19
514 273 19
514 45 13
514 515 -19
251 253 8
251 249 -28
251 250 8
251 1 -19
470 229 -19
470 471 -19
470 4 28
55 53 -19
55 57 -28
55 304 28
55 54 -8
55 524 19
53 51 19
53 522 13
57 56 8
57 306 -28
57 526 13
304 305 -13
304 282 19
304 549 -13
304 326 -13
54 307 13
54 527 -13
54 34 -19
54 75 -8
524 502 -13
524 546 -13
544 74 -19
544 522 19
544 545 19
544 303 -13
74 324 -8
74 73 19
74 76 13
74 72 -19
522 500 -8
522 523 -28
545 300 28
545 543 -19
545 547 -19
303 50 28
303 301 -19
303 305 13
385 383 8
385 387 19
385 624 -28
385 384 19
383 126 -28
383 382 -8
383 622 28
387 386 28
387 389 -19
387 626 28
387 129 8
624 646 -13
624 625 28
624 150 8
384 130 13
384 362 28
384 627 -8
384 406 13
467 705 -8
467 205 19
467 466 -8
703 225 -28
703 682 8
703 704 -19
464 442 -13
464 706 13
464 206 19
463 201 13
463 701 28
463 462 8
531 533 19
531 529 13
533 288 13
533 60 13
533 532 -19
529 527 19
529 56 -28
529 528 19
529 284 -13
130 128 8
130 129 8
128 601 19
128 127 -13
128 382 13
129 149 8
129 109 -28
436 179 -28
436 679 -28
436 437 8
436 414 13
179 178 -19
179 181 -28
179 177 -19
179 654 -19
679 199 -8
679 677 13
679 681 8
679 678 -19
437 439 28
437 676 -28
437 435 -19
437 176 19
414 415 19
414 392 -28
414 158 28
414 657 28
386 364 -8
386 408 13
389 391 -13
389 628 -8
389 388 13
626 605 28
626 648 13
626 627 -8
610 609 -28
610 366 -8
610 608 8
610 612 -13
610 132 -28
609 135 8
609 369 13
609 630 -19
366 367 -8
366 114 8
366 344 -13
366 388 -13
608 364 19
608 607 8
612 368 -28
612 614 28
612 134 28
612 611 -28
132 391 28
132 153 -28
132 133 -8
579 601 13
579 339 8
579 557 13
579 108 -28
579 580 -13
601 361 -8
601 622 28
339 337 -8
339 84 8
339 338 28
339 341 -13
557 317 -8
557 87 13
557 536 28
108 107 -28
108 106 13
108 110 28
580 336 19
580 582 28
580 578 -19
580 105 -8
178 657 13
178 157 -19
178 439 13
178 199 8
657 656 28
657 659 19
657 655 19
157 158 -13
157 417 8
157 635 28
439 438 19
439 678 -13
439 441 -13
199 218 19
199 200 8
264 265 8
264 242 -8
287 285 -13
287 528 19
287 289 -19
287 36 -8
39 38 -8
39 37 -13
39 506 28
564 90 19
564 563 8
564 320 13
568 324 19
568 570 28
568 567 28
322 300 -19
322 72 -19
322 344 28
322 323 -28
660 682 8
660 421 -19
660 661 -28
660 185 19
660 638 19
682 206 8
682 443 19
421 419 -19
421 420 8
421 423 -13
421 161 -8
661 418 -8
661 663 28
661 659 -28
185 442 -13
185 184 19
185 183 19
638 639 13
638 164 -13
638 617 28
638 399 19
38 289 -8
38 17 -28
289 288 28
289 291 28
17 487 28
645 402 -13
645 643 8
645 647 8
645 644 13
645 166 28
402 380 -13
402 424 13
402 403 13
402 146 -13
643 165 -19
643 642 19
647 646 -19
647 404 19
647 649 -13
647 168 19
644 169 13
644 405 19
644 666 13
644 622 -13
166 187 8
166 427 28
166 145 -19
166 167 -19
324 325 8
325 323 13
325 327 -8
219 218 -28
219 221 -28
676 654 -28
676 200 28
676 677 -28
698 456 19
698 696 -28
698 700 -13
698 217 13
101 352 28
101 100 13
101 103 13
101 99 13
101 571 13
352 596 19
352 374 28
352 353 -19
100 79 28
100 355 -8
100 574 -13
100 121 -28
103 354 19
103 573 8
103 102 8
99 350 13
99 569 28
99 98 -13
571 550 13
571 572 19
571 331 28
571 593 13
73 327 -8
73 547 19
327 326 19
327 567 -8
327 329 -13
547 549 28
547 546 -13
61 60 -8
60 40 -19
60 81 -13
550 528 19
550 551 -13
550 80 -13
528 506 19
551 549 19
551 306 -13
551 77 -13
80 79 8
80 78 -19
80 82 13
391 393 -19
391 630 -8
391 390 -28
393 392 -13
393 632 13
393 134 28
393 395 -19
630 652 -28
630 631 -8
630 156 19
390 135 28
390 412 8
390 368 13
390 633 28
382 625 -19
382 404 13
338 582 8
338 87 13
361 363 -8
361 359 8
361 105 -19
135 133 -8
135 137 -8
135 134 -8
133 607 8
133 388 13
137 392 -19
137 611 13
137 139 28
134 115 -28
134 155 28
442 685 28
442 443 -19
442 420 -13
685 205 -19
685 684 13
443 445 13
443 441 28
420 398 -19
420 164 -13
420 663 -8
107 582 19
107 363 -8
582 581 19
582 584 13
363 362 13
363 365 -8
616 372 -8
616 618 28
616 615 28
616 138 8
616 614 -19
372 350 -19
372 120 -28
372 394 -13
618 140 -8
618 374 -8
618 617 -28
618 619 28
615 141 -13
615 375 -8
615 593 -19
615 636 -28
138 397 -8
138 119 28
138 159 13
138 139 13
614 613 19
614 370 13
445 684 19
445 184 -19
445 444 13
684 662 -28
684 705 -28
184 205 -28
184 663 19
184 163 -13
444 466 -28
444 422 -28
585 563 -28
585 586 28
585 607 -13
585 114 13
563 323 -19
563 542 13
586 584 -8
586 342 28
586 588 13
586 111 -28
607 367 -19
607 628 -8
114 116 8
114 112 19
205 224 -13
205 206 19
663 662 -28
163 164 19
163 641 8
163 142 -13
163 423 -28
448 426 -8
448 190 13
448 691 -13
448 449 -28
426 169 13
426 669 8
426 427 13
426 404 8
190 189 13
190 192 -19
190 188 -8
190 666 28
691 689 8
691 690 -28
691 692 -28
449 447 13
449 451 19
449 688 -8
449 187 -28
298 49 28
298 543 -13
298 299 -8
298 276 8
298 320 -28
49 51 8
49 47 -13
49 518 13
49 48 -13
543 69 -8
543 541 -13
543 542 8
299 301 28
299 540 -8
299 297 28
299 46 -8
276 277 -28
276 254 -13
276 521 -19
276 29 19
320 321 28
320 342 -13
320 70 -28
169 167 28
169 171 19
169 168 28
167 642 -28
167 424 -19
171 646 13
171 428 19
171 170 28
171 173 -19
168 147 28
168 189 28
168 429 -13
300 301 -8
300 51 28
300 278 -13
301 48 -8
301 542 -8
51 50 -8
51 520 8
278 279 -13
278 31 -8
278 256 28
278 523 8
257 255 -19
257 498 -13
257 259 8
257 7 28
257 256 8
255 254 28
255 253 -28
255 496 19
255 5 -28
498 31 8
498 476 13
498 520 8
498 499 28
259 261 -13
259 500 8
259 9 13
7 28 8
7 8 -13
7 477 28
256 234 13
256 10 -19
256 501 -19
218 700 -13
700 702 -13
700 699 -8
331 333 13
331 329 -13
331 77 13
574 573 28
574 576 -19
574 572 19
225 224 8
225 223 -8
704 706 13
704 702 -28
704 462 19
79 333 28
333 573 13
333 335 28
333 332 13
336 358 -13
336 85 -8
336 337 -13
336 314 8
358 380 28
358 106 8
358 359 -13
85 556 8
85 87 -28
85 84 13
337 83 19
337 577 -19
314 315 19
314 292 13
314 64 8
419 159 8
419 658 -8
419 417 13
419 418 -19
159 180 -13
159 160 8
159 637 -8
658 680 13
658 636 -8
658 659 8
658 183 -19
417 656 28
417 415 -8
417 416 8
418 396 -8
418 162 8
418 440 -28
689 208 -8
689 446 -8
689 687 13
689 688 28
208 187 13
446 447 13
446 188 13
446 424 -13
687 207 -19
687 686 -8
688 210 -13
688 666 13
455 454 8
455 693 -8
455 453 -28
455 193 -8
454 196 28
454 696 13
454 432 -28
693 694 -28
693 672 8
693 216 19
453 191 -19
453 452 13
453 451 19
193 673 -13
193 213 19
193 194 13
581 110 28
581 341 -19
584 109 -28
584 583 -28
305 307 -19
305 546 -13
282 527 19
282 260 28
282 35 13
549 75 -13
549 548 -19
326 76 -28
326 348 -8
326 570 28
307 548 -8
307 306 -13
548 78 28
548 526 -28
548 569 13
306 284 -19
306 328 -28
599 359 8
599 620 13
599 127 28
599 577 28
620 642 13
620 621 8
620 146 -28
127 380 -28
127 126 8
577 578 28
577 106 8
577 556 -28
147 625 -19
147 148 -28
147 407 -28
625 623 -28
625 627 -28
148 404 -13
148 150 -19
148 146 28
148 622 8
407 409 28
407 646 -19
407 405 -19
407 406 -8
263 13 13
263 261 8
263 504 13
263 265 19
263 262 28
13 34 28
13 483 -13
13 14 -8
261 502 8
261 260 -13
504 37 19
504 482 -8
504 526 -19
504 505 -13
265 506 8
265 15 -13
262 16 19
262 240 -19
262 507 -8
262 284 -28
224 706 28
706 705 -8
487 485 -13
487 242 19
16 15 28
16 14 -8
16 482 -19
15 485 -28
15 36 28
14 260 28
14 12 -19
14 480 -28
482 241 19
482 483 -19
343 88 8
343 341 -8
343 342 -13
343 583 -28
88 67 19
88 89 13
88 109 -13
342 91 -8
342 364 13
583 605 -13
583 112 -19
583 561 13
67 321 -13
67 541 -19
67 46 13
89 91 8
89 87 28
109 110 13
109 365 13
488 510 -19
488 247 13
76 75 13
76 78 13
76 546 13
75 329 13
78 328 -8
78 77 19
546 567 8
90 111 13
90 69 8
90 91 19
111 367 8
111 112 -19
69 323 -19
69 70 8
69 48 -28
91 561 28
50 523 -19
50 30 19
520 279 19
520 521 28
520 542 28
699 678 13
699 221 28
460 438 13
460 202 28
460 702 -13
246 247 -19
246 268 -13
268 269 -8
268 290 19
527 526 -28
526 285 -8
380 623 -19
623 621 -28
623 145 -28
623 622 19
126 105 -19
126 145 28
105 106 -28
105 84 -8
145 405 -8
145 146 13
554 555 19
554 532 28
554 575 19
312 290 8
312 334 -19
605 365 28
365 367 8
365 364 8
561 321 -13
561 540 -19
269 510 -28
510 532 -28
510 511 8
40 511 19
40 291 28
34 505 -8
34 285 -19
34 35 -8
505 260 -19
505 507 13
285 284 19
35 37 -28
35 502 28
115 371 -19
115 116 -13
115 590 13
196 195 8
196 198 13
196 194 8
196 672 -19
195 675 -8
195 215 19
195 174 19
198 456 -8
198 674 13
198 200 8
194 452 -13
194 670 -19
194 192 19
672 433 13
672 650 19
672 673 13
677 675 8
677 434 -13
681 438 -28
681 680 19
681 201 28
678 202 28
678 656 28
56 77 19
56 36 -8
532 291 -19
243 242 13
243 241 -8
243 484 8
241 239 19
241 240 19
484 485 -28
484 506 -8
364 112 -8
408 409 -19
408 430 -28
408 651 8
438 181 -8
438 416 28
181 656 -28
181 180 -19
181 183 -13
416 394 8
416 160 -13
416 659 -19
570 569 19
570 572 -13
567 589 28
662 640 -13
662 423 8
640 641 28
640 401 28
423 422 28
279 277 -28
279 28 13
277 275 -28
277 26 -28
277 518 8
28 48 -19
28 29 -19
28 499 19
31 29 19
31 30 -28
29 27 19
29 496 -19
30 9 8
30 501 19
202 200 28
202 201 -13
201 180 -28
201 220 28
252 230 -8
252 253 19
252 497 8
252 274 -8
252 6 -19
230 231 19
230 475 19
253 3 -13
253 494 -8
497 26 28
497 499 19
497 496 19
497 495 13
274 275 19
274 27 -8
274 519 8
6 8 28
6 5 28
6 4 -19
6 472 -8
317 63 -8
317 315 -8
63 84 28
63 43 -19
63 64 -28
63 537 -13
315 556 -28
315 62 -28
541 540 8
541 539 13
542 72 28
422 400 28
450 451 -28
450 428 19
450 192 19
450 692 -8
451 189 13
451 690 28
428 671 -28
428 406 -28
428 429 28
192 191 -19
192 668 -8
692 211 19
692 694 8
284 37 19
234 235 -8
234 479 19
10 9 -28
10 8 -19
10 476 -8
10 12 -28
501 500 -19
501 499 -28
37 36 13
36 507 8
500 478 13
9 479 -19
479 477 19
479 481 -8
479 478 13
483 485 -19
483 238 8
483 481 13
396 639 8
396 141 -28
396 397 -28
396 374 -28
162 164 -19
162 160 28
162 636 8
162 161 -28
440 441 -8
440 183 28
440 462 -19
485 240 8
72 70 -8
70 540 28
398 376 -19
398 641 13
398 143 19
398 399 -8
377 375 13
377 617 -13
377 376 -8
377 121 -19
377 379 -19
375 374 19
375 119 -8
617 595 -8
617 143 19
376 354 28
376 619 19
376 124 19
121 140 -19
121 596 -13
121 122 8
379 378 -28
379 123 -8
696 215 -8
696 695 28
696 694 8
432 675 -8
432 433 28
432 175 -13
432 410 8
456 434 -19
434 435 8
434 412 -28
434 177 19
328 350 -19
328 572 -19
328 329 19
556 534 13
534 535 19
534 293 -13
534 512 -19
534 64 19
506 507 -13
536 295 13
536 66 28
536 537 -8
639 161 -13
639 641 -28
639 637 -19
161 140 -19
637 635 -28
637 394 -19
637 636 19
21 491 28
21 42 19
21 271 13
21 0 13
491 490 13
42 62 -13
42 293 -19
42 513 -8
271 270 13
271 512 13
271 273 -8
0 249 -28
0 469 -28
77 98 -28
675 674 -8
675 673 -19
674 695 8
674 652 -19
674 435 -19
673 671 8
673 430 19
191 671 19
191 170 -13
191 211 19
671 670 13
671 669 -28
170 431 13
170 149 13
170 649 13
211 212 -19
555 81 -13
81 335 -28
81 102 19
81 82 28
523 521 -13
701 223 -8
701 702 -13
701 680 -13
239 238 -28
239 480 13
239 237 -28
238 260 -19
480 502 13
480 481 28
237 236 13
237 478 -13
237 235 -8
275 24 -28
275 273 13
275 516 -19
24 3 -28
24 495 19
273 22 -19
273 272 8
516 538 19
516 517 28
516 47 13
516 494 -28
223 221 13
221 220 -8
27 494 8
27 26 -28
494 472 -28
494 495 13
26 5 -28
26 46 -19
215 216 8
174 435 -13
174 153 -19
174 653 -19
174 175 8
518 540 19
518 519 13
518 496 -28
656 634 -8
680 441 -19
291 290 8
62 535 8
62 83 -28
535 537 28
538 297 19
538 539 -13
297 295 -13
539 294 13
539 65 -19
539 537 -28
433 435 28
433 431 8
431 670 19
431 430 19
431 429 28
254 8 -8
254 499 -8
254 232 19
8 474 19
232 477 -13
232 233 13
65 66 19
321 323 -19
22 1 13
22 43 -28
22 23 8
495 250 -28
248 270 13
248 249 -28
248 2 13
248 226 28
46 47 -19
46 519 13
595 355 13
595 573 -19
595 124 -13
595 596 19
355 354 -13
355 353 19
355 357 -19
124 123 13
124 122 28
596 594 19
596 598 -28
176 155 -13
176 655 -19
176 177 -13
452 430 -8
452 694 13
430 173 13
694 213 28
177 652 -28
177 175 -13
654 415 -13
654 632 28
654 655 19
228 229 28
228 250 28
228 473 19
229 231 8
229 227 -28
250 272 -13
250 4 -8
473 472 -19
473 475 -8
473 471 -8
473 3 28
659 180 -13
12 478 28
236 481 -13
295 293 -13
295 43 -13
295 294 -8
293 292 -8
43 515 28
43 44 8
294 45 19
294 272 -19
354 332 19
354 598 13
619 142 -19
400 378 8
400 401 -13
378 356 8
123 598 28
123 102 28
123 142 -8
702 220 8
670 648 19
648 409 19
648 649 -19
648 173 19
598 597 19
102 357 -13
102 576 8
142 401 -8
142 143 -13
447 186 -13
447 686 13
187 188 8
187 667 19
235 233 -19
235 476 28
399 140 19
399 397 -13
399 401 8
48 521 19
270 23 -8
270 515 -19
270 292 -13
23 490 8
515 517 19
515 513 28
292 537 -19
292 44 19
374 122 19
353 593 -19
353 351 13
353 98 19
1 2 -13
1 471 19
652 413 8
652 653 19
82 332 -19
213 214 28
476 477 19
512 490 28
512 513 13
512 44 -28
64 66 -19
521 519 -19
519 517 8
5 475 -19
650 175 19
650 628 -13
650 651 -19
175 173 28
628 154 -28
651 649 19
651 653 -13
141 140 -13
141 139 19
141 143 -13
397 636 19
397 395 13
410 154 8
410 388 -19
410 653 19
362 110 13
153 154 -8
153 631 -19
153 413 -28
653 655 28
634 635 -28
634 160 -8
634 395 -8
634 613 -28
209 210 -8
209 189 28
210 212 -28
189 669 19
216 214 -13
409 149 -8
149 150 -13
149 627 -28
122 120 -8
122 593 -8
441 180 13
231 472 -8
231 233 -13
475 474 -28
475 477 -19
45 47 -8
45 44 13
272 517 28
3 4 13
348 370 19
370 392 19
370 371 28
4 2 -28
356 357 -28
356 334 19
669 668 8
669 667 -13
415 413 -8
415 155 -28
413 412 19
155 156 -19
155 633 -28
690 668 -13
690 212 -8
646 668 -19
668 429 -28
332 576 28
667 665 -13
667 424 -28
667 666 -19
392 635 -13
635 633 -8
406 150 -13
406 649 -13
429 427 13
158 160 -8
158 156 -28
158 632 28
156 154 -28
156 412 8
632 633 19
632 611 19
412 655 19
249 490 -19
490 468 13
212 214 -28
474 233 -8
474 496 -13
367 369 13
369 371 19
369 368 -19
186 665 -28
186 165 28
186 207 -8
686 664 -8
350 594 -13
350 351 28
594 593 13
594 119 -13
351 591 8
631 388 -19
631 633 -19
665 664 13
664 188 -13
664 642 28
664 425 19
613 591 -19
613 139 19
371 611 -13
120 119 13
120 591 19
119 98 -8
591 569 19
597 575 28
597 357 28
227 468 13
227 226 28
334 335 28
394 139 -28
394 395 -8
575 576 -19
575 335 19
98 572 19
468 469 8
468 2 -28
469 471 19
226 471 28
344 588 -13
368 116 -13
588 590 19
424 425 -13
569 329 28
642 403 28
425 427 -19
425 165 -8
666 427 -13
589 611 19
589 590 13
404 405 -19
110 112 -13
405 403 -13
