117 592 -8
117 136 -8
117 373 -28
117 118 8
117 96 -13
592 348 -13
592 591 13
592 594 13
592 590 -13
136 157 28
136 137 28
136 395 28
136 614 -28
373 375 19
373 372 -19
373 613 8
373 371 19
118 120 -19
118 370 28
118 116 -8
118 589 -28
96 97 13
96 351 28
96 570 -13
96 75 19
459 197 8
459 457 -28
459 458 -19
459 461 -19
459 697 -8
197 198 -13
197 176 19
197 677 -13
197 217 28
457 455 28
457 456 8
457 195 -19
457 695 -19
458 436 -19
458 700 8
458 200 19
461 199 -13
461 463 -13
461 699 19
461 460 28
697 219 13
697 676 -13
697 698 28
244 245 -19
244 266 -8
244 489 -19
245 486 -8
245 243 28
245 247 8
266 20 19
266 511 -28
266 288 8
266 267 -28
489 487 -13
489 19 -19
489 488 28
308 286 19
308 553 8
308 309 -8
308 330 -8
308 59 -19
286 531 -8
286 264 -13
286 287 -28
286 39 19
553 79 13
553 555 19
553 551 19
553 552 19
309 311 -28
309 550 8
309 307 8
309 56 -28
330 331 28
330 574 13
330 352 -13
330 80 -8
59 61 -13
59 57 -8
59 528 13
59 58 28
604 360 28
604 602 28
604 603 8
604 606 28
360 382 -13
360 338 28
360 361 13
360 108 28
602 126 8
602 601 13
602 600 -28
602 358 13
603 130 13
603 363 -19
603 581 -8
603 624 -13
606 605 -19
606 129 8
606 608 -8
606 362 13
125 104 28
125 381 -19
125 600 -13
125 144 8
104 578 28
104 83 13
104 359 -28
381 380 19
381 620 13
381 383 -8
600 599 -13
144 165 -13
144 403 -28
144 621 -28
311 58 13
311 552 28
311 310 13
311 313 -28
58 531 -19
58 38 28
552 530 13
552 573 13
552 82 19
310 61 -28
310 555 28
310 288 -19
310 332 13
313 554 28
313 312 19
313 60 -19
280 33 -8
280 525 -28
280 302 8
280 281 19
280 258 13
33 32 8
33 31 19
33 35 28
33 500 8
525 527 19
525 52 8
525 524 -19
525 523 8
302 324 -28
302 547 28
302 303 -8
302 53 -13
281 279 19
281 522 28
281 30 28
281 283 28
258 259 -28
258 12 -13
258 236 -13
258 503 -8
560 558 -19
560 86 -19
560 559 -13
560 562 -13
560 316 28
558 557 -19
558 314 -19
558 84 19
86 107 -19
86 65 8
86 87 13
86 341 8
559 538 -28
559 319 8
559 581 -13
559 89 -8
562 318 13
562 88 13
562 561 28
562 564 -19
316 317 -28
316 294 13
316 338 13
316 66 13
151 411 19
151 172 13
151 152 -28
151 629 -8
151 131 -19
411 650 19
411 409 8
411 410 8
411 413 -13
172 433 8
172 193 19
172 651 28
172 173 8
152 408 -19
152 154 8
152 150 8
152 626 -13
629 386 -28
629 631 -28
629 627 19
629 628 -28
131 389 19
131 111 -28
131 608 -13
32 503 -28
32 11 8
32 283 -19
32 52 -8
503 502 -19
503 505 19
503 501 -13
11 12 19
11 481 19
11 261 -8
283 285 -13
283 524 -19
283 282 -28
52 73 -28
52 53 28
52 305 8
20 18 -8
20 486 -8
20 19 -13
18 16 28
18 264 8
18 484 -28
18 17 -8
486 508 -13
486 487 19
19 269 -13
19 40 -19
203 683 28
203 465 -8
203 204 -13
203 182 -8
203 222 13
683 685 8
683 681 13
683 440 8
683 682 -8
465 467 -19
465 703 -8
465 464 -28
465 463 13
204 202 -28
204 462 -13
204 206 -13
204 680 13
182 661 28
182 443 28
182 183 8
182 161 19
222 223 28
222 704 13
347 349 13
347 346 19
347 345 -13
347 92 -13
347 587 13
349 94 -19
349 348 -28
349 351 -28
349 589 8
346 95 -19
346 324 28
346 368 -19
346 590 -8
345 585 -8
345 343 28
345 90 -8
345 344 -28
92 566 19
92 71 28
92 113 28
92 93 28
587 588 13
587 609 28
587 565 13
587 116 -28
566 564 28
566 568 -8
566 565 8
566 322 -13
71 72 28
71 50 19
71 545 28
71 325 -13
113 369 -8
113 588 -13
113 114 -28
113 132 19
93 95 -19
93 91 19
93 344 19
93 563 -8
508 267 8
508 530 8
508 509 -13
508 41 13
267 269 28
267 265 8
267 17 28
530 531 -8
530 61 -19
530 289 -8
509 38 28
509 507 -19
509 264 13
509 511 19
41 39 13
41 288 13
41 40 -19
318 68 19
318 340 -19
318 319 -19
318 296 -8
68 538 8
68 67 -13
68 70 -19
68 66 19
340 362 19
340 341 -19
340 584 -8
340 89 -8
319 317 -28
319 65 19
319 321 -28
296 297 -19
296 47 13
296 274 -13
296 541 -28
95 94 -28
95 565 -13
95 97 28
94 73 -28
94 115 -8
94 568 -28
565 544 13
565 325 19
97 348 28
97 567 19
97 99 -8
492 25 -19
492 493 -8
492 514 -28
492 251 19
492 470 -8
25 27 8
25 272 -19
25 24 19
25 23 8
493 22 -13
493 491 28
493 495 -19
493 248 -28
514 536 13
514 273 -8
514 45 28
514 515 13
251 253 13
251 249 8
251 250 -19
251 1 19
470 229 13
470 471 8
470 4 -13
55 53 28
55 57 -13
55 304 13
55 54 28
55 524 -19
53 51 -13
53 522 28
57 56 -13
57 306 28
57 526 -28
304 305 -13
304 282 13
304 549 8
304 326 -13
54 307 13
54 527 -28
54 34 -8
54 75 19
524 502 8
524 546 8
544 74 19
544 522 -13
544 545 -28
544 303 -13
74 324 -28
74 73 13
74 76 28
74 72 8
522 500 -13
522 523 13
545 300 19
545 543 8
545 547 -8
303 50 -28
303 301 -19
303 305 -19
385 383 -8
385 387 -8
385 624 8
385 384 -28
383 126 28
383 382 8
383 622 -19
387 386 19
387 389 -13
387 626 -19
387 129 28
624 646 -13
624 625 13
624 150 8
384 130 28
384 362 -19
384 627 8
384 406 -28
467 705 19
467 205 13
467 466 8
703 225 -19
703 682 -8
703 704 -13
464 442 -8
464 706 19
464 206 8
463 201 -19
463 701 -28
463 462 28
531 533 -19
531 529 -8
533 288 13
533 60 28
533 532 -13
529 527 -8
529 56 8
529 528 -8
529 284 8
130 128 -13
130 129 19
128 601 13
128 127 -13
128 382 8
129 149 -8
129 109 -8
436 179 -28
436 679 13
436 437 -28
436 414 -28
179 178 -19
179 181 -13
179 177 8
179 654 -8
679 199 -28
679 677 28
679 681 -8
679 678 8
437 439 -19
437 676 -28
437 435 8
437 176 -28
414 415 19
414 392 -28
414 158 -13
414 657 -8
386 364 -13
386 408 -13
389 391 -19
389 628 28
389 388 19
626 605 13
626 648 -28
626 627 -19
610 609 -19
610 366 8
610 608 19
610 612 19
610 132 19
609 135 -8
609 369 28
609 630 19
366 367 -13
366 114 -13
366 344 28
366 388 8
608 364 -28
608 607 -19
612 368 -13
612 614 19
612 134 -13
612 611 8
132 391 19
132 153 8
132 133 19
579 601 13
579 339 -28
579 557 13
579 108 28
579 580 19
601 361 -19
601 622 -8
339 337 13
339 84 -28
339 338 -19
339 341 -8
557 317 -13
557 87 13
557 536 -13
108 107 -13
108 106 28
108 110 -28
580 336 19
580 582 -8
580 578 -13
580 105 -13
178 657 19
178 157 -8
178 439 -13
178 199 -19
657 656 -19
657 659 28
657 655 19
157 158 28
157 417 19
157 635 28
439 438 -28
439 678 19
439 441 -8
199 218 28
199 200 -19
264 265 -13
264 242 8
287 285 8
287 528 -8
287 289 19
287 36 28
39 38 13
39 37 28
39 506 -8
564 90 28
564 563 19
564 320 8
568 324 -13
568 570 -13
568 567 8
322 300 8
322 72 28
322 344 -8
322 323 -19
660 682 -8
660 421 -13
660 661 -28
660 185 19
660 638 -19
682 206 -13
682 443 13
421 419 -13
421 420 -28
421 423 -8
421 161 19
661 418 -28
661 663 -13
661 659 -13
185 442 -13
185 184 -8
185 183 8
638 639 19
638 164 8
638 617 -8
638 399 -8
38 289 28
38 17 -28
289 288 19
289 291 8
17 487 19
645 402 19
645 643 -19
645 647 -19
645 644 -28
645 166 28
402 380 -28
402 424 -28
402 403 8
402 146 -28
643 165 -13
643 642 -28
647 646 -19
647 404 -28
647 649 19
647 168 28
644 169 -28
644 405 -13
644 666 -8
644 622 -19
166 187 13
166 427 -19
166 145 19
166 167 13
324 325 19
325 323 -8
325 327 8
219 218 -28
219 221 19
676 654 -28
676 200 8
676 677 -8
698 456 13
698 696 19
698 700 -28
698 217 -13
101 352 -19
101 100 28
101 103 8
101 99 13
101 571 -19
352 596 8
352 374 -28
352 353 28
100 79 8
100 355 28
100 574 -19
100 121 -13
103 354 28
103 573 -8
103 102 13
99 350 28
99 569 28
99 98 -19
571 550 28
571 572 -13
571 331 -19
571 593 -13
73 327 28
73 547 -19
327 326 19
327 567 13
327 329 8
547 549 -28
547 546 28
61 60 -19
60 40 19
60 81 -13
550 528 19
550 551 -19
550 80 -28
528 506 28
551 549 -19
551 306 -13
551 77 13
80 79 28
80 78 -19
80 82 -28
391 393 -13
391 630 13
391 390 -28
393 392 -13
393 632 -8
393 134 19
393 395 -28
630 652 -19
630 631 -13
630 156 -13
390 135 -13
390 412 8
390 368 8
390 633 8
382 625 8
382 404 -13
338 582 28
338 87 -13
361 363 13
361 359 -19
361 105 13
135 133 -13
135 137 19
135 134 -13
133 607 13
133 388 -19
137 392 19
137 611 -19
137 139 19
134 115 -19
134 155 8
442 685 -28
442 443 8
442 420 -19
685 205 28
685 684 -13
443 445 -19
443 441 -28
420 398 13
420 164 13
420 663 -19
107 582 13
107 363 -19
582 581 -13
582 584 8
363 362 8
363 365 -19
616 372 19
616 618 -28
616 615 -28
616 138 -19
616 614 -19
372 350 19
372 120 -28
372 394 19
618 140 -13
618 374 -13
618 617 28
618 619 13
615 141 -8
615 375 -19
615 593 -13
615 636 -19
138 397 19
138 119 -19
138 159 8
138 139 -28
614 613 19
614 370 28
445 684 8
445 184 -28
445 444 13
684 662 -13
684 705 19
184 205 8
184 663 8
184 163 19
444 466 -19
444 422 28
585 563 -28
585 586 -13
585 607 13
585 114 13
563 323 13
563 542 -13
586 584 -19
586 342 8
586 588 -19
586 111 -13
607 367 13
607 628 -19
114 116 -13
114 112 -28
205 224 8
205 206 -19
663 662 -8
163 164 13
163 641 -28
163 142 8
163 423 13
448 426 -8
448 190 -19
448 691 -19
448 449 19
426 169 -8
426 669 -28
426 427 28
426 404 -28
190 189 13
190 192 19
190 188 19
190 666 -19
691 689 19
691 690 -13
691 692 28
449 447 19
449 451 -13
449 688 -13
449 187 -8
298 49 -28
298 543 -19
298 299 -19
298 276 -8
298 320 -8
49 51 19
49 47 8
49 518 -13
49 48 19
543 69 -19
543 541 13
543 542 -8
299 301 28
299 540 -19
299 297 -8
299 46 8
276 277 -8
276 254 19
276 521 19
276 29 -19
320 321 -8
320 342 -28
320 70 -8
169 167 -8
169 171 28
169 168 -28
167 642 8
167 424 -8
171 646 -13
171 428 13
171 170 -13
171 173 -8
168 147 -13
168 189 -13
168 429 13
300 301 -13
300 51 -28
300 278 28
301 48 28
301 542 19
51 50 -13
51 520 -8
278 279 8
278 31 28
278 256 13
278 523 28
257 255 19
257 498 -19
257 259 8
257 7 -19
257 256 -19
255 254 -8
255 253 -13
255 496 -8
255 5 19
498 31 -28
498 476 -19
498 520 -19
498 499 -19
259 261 -28
259 500 28
259 9 -13
7 28 19
7 8 -13
7 477 8
256 234 28
256 10 -8
256 501 -28
218 700 28
700 702 19
700 699 -13
331 333 19
331 329 -28
331 77 19
574 573 13
574 576 -8
574 572 -19
225 224 -28
225 223 13
704 706 -28
704 702 19
704 462 -8
79 333 -19
333 573 28
333 335 8
333 332 -13
336 358 -19
336 85 8
336 337 -8
336 314 -28
358 380 28
358 106 13
358 359 -13
85 556 28
85 87 -8
85 84 19
337 83 19
337 577 8
314 315 -13
314 292 19
314 64 -19
419 159 28
419 658 13
419 417 -28
419 418 19
159 180 -19
159 160 -8
159 637 -19
658 680 -8
658 636 -19
658 659 -28
658 183 -19
417 656 -13
417 415 28
417 416 -28
418 396 -19
418 162 19
418 440 8
689 208 -28
689 446 -19
689 687 -28
689 688 8
208 187 19
446 447 -13
446 188 -8
446 424 -19
687 207 -13
687 686 -19
688 210 13
688 666 28
455 454 13
455 693 -28
455 453 -13
455 193 -8
454 196 28
454 696 13
454 432 13
693 694 -19
693 672 -8
693 216 -19
453 191 -19
453 452 28
453 451 13
193 673 28
193 213 13
193 194 -13
581 110 -28
581 341 8
584 109 -28
584 583 -28
305 307 19
305 546 -28
282 527 8
282 260 28
282 35 19
549 75 -28
549 548 28
326 76 -8
326 348 -19
326 570 28
307 548 8
307 306 28
548 78 13
548 526 8
548 569 13
306 284 8
306 328 19
599 359 -8
599 620 -19
599 127 -13
599 577 -19
620 642 13
620 621 28
620 146 13
127 380 -13
127 126 -8
577 578 -28
577 106 8
577 556 13
147 625 13
147 148 19
147 407 -28
625 623 13
625 627 -13
148 404 8
148 150 -13
148 146 13
148 622 -8
407 409 13
407 646 13
407 405 -28
407 406 -28
263 13 -8
263 261 8
263 504 8
263 265 -8
263 262 -28
13 34 19
13 483 -8
13 14 -8
261 502 -13
261 260 -13
504 37 -8
504 482 13
504 526 19
504 505 13
265 506 -28
265 15 -13
262 16 -19
262 240 19
262 507 28
262 284 -8
224 706 19
706 705 19
487 485 -28
487 242 28
16 15 28
16 14 13
16 482 19
15 485 -19
15 36 28
14 260 28
14 12 28
14 480 8
482 241 19
482 483 13
343 88 -8
343 341 13
343 342 28
343 583 -28
88 67 8
88 89 19
88 109 -19
342 91 13
342 364 -28
583 605 -13
583 112 8
583 561 13
67 321 19
67 541 13
67 46 28
89 91 13
89 87 19
109 110 13
109 365 13
488 510 -28
488 247 -28
76 75 8
76 78 8
76 546 -8
75 329 -8
78 328 13
78 77 -8
546 567 -13
90 111 -8
90 69 -19
90 91 8
111 367 -19
111 112 -13
69 323 8
69 70 -13
69 48 13
91 561 -19
50 523 8
50 30 -13
520 279 -13
520 521 28
520 542 -13
699 678 28
699 221 -28
460 438 8
460 202 19
460 702 -28
246 247 28
246 268 -28
268 269 -28
268 290 13
527 526 19
526 285 -8
380 623 28
623 621 -19
623 145 -8
623 622 13
126 105 -8
126 145 8
105 106 28
105 84 -19
145 405 8
145 146 -13
554 555 -19
554 532 28
554 575 -8
312 290 19
312 334 -13
605 365 28
365 367 -19
365 364 13
561 321 28
561 540 28
269 510 8
510 532 19
510 511 13
40 511 13
40 291 -8
34 505 19
34 285 13
34 35 8
505 260 -13
505 507 8
285 284 8
35 37 8
35 502 28
115 371 -28
115 116 19
115 590 19
196 195 -28
196 198 -8
196 194 -28
196 672 13
195 675 28
195 215 8
195 174 8
198 456 -8
198 674 -8
198 200 -28
194 452 -8
194 670 -19
194 192 19
672 433 -13
672 650 -13
672 673 8
677 675 8
677 434 8
681 438 28
681 680 19
681 201 -28
678 202 19
678 656 -13
56 77 19
56 36 -8
532 291 13
243 242 -28
243 241 -8
243 484 -8
241 239 13
241 240 -28
484 485 19
484 506 28
364 112 8
408 409 28
408 430 19
408 651 -19
438 181 -8
438 416 8
181 656 -13
181 180 19
181 183 -28
416 394 19
416 160 -8
416 659 -8
570 569 28
570 572 -19
567 589 19
662 640 -8
662 423 -28
640 641 8
640 401 -8
423 422 28
279 277 -19
279 28 -13
277 275 -19
277 26 -13
277 518 -13
28 48 -8
28 29 -13
28 499 -13
31 29 13
31 30 -19
29 27 19
29 496 -19
30 9 8
30 501 -13
202 200 13
202 201 -19
201 180 19
201 220 -28
252 230 -19
252 253 -13
252 497 8
252 274 -19
252 6 19
230 231 -13
230 475 -19
253 3 19
253 494 -13
497 26 13
497 499 -28
497 496 13
497 495 -19
274 275 19
274 27 -13
274 519 13
6 8 -19
6 5 28
6 4 19
6 472 -8
317 63 -19
317 315 -19
63 84 13
63 43 -8
63 64 8
63 537 13
315 556 -13
315 62 -8
541 540 28
541 539 -13
542 72 19
422 400 19
450 451 -13
450 428 -8
450 192 28
450 692 -13
451 189 -8
451 690 -8
428 671 8
428 406 13
428 429 -8
192 191 8
192 668 13
692 211 19
692 694 8
284 37 -28
234 235 28
234 479 19
10 9 19
10 8 13
10 476 28
10 12 19
501 500 -28
501 499 -8
37 36 28
36 507 28
500 478 -28
9 479 19
479 477 13
479 481 28
479 478 8
483 485 -13
483 238 13
483 481 8
396 639 19
396 141 -8
396 397 19
396 374 19
162 164 8
162 160 28
162 636 -19
162 161 -13
440 441 -8
440 183 28
440 462 -8
485 240 -19
72 70 -8
70 540 -28
398 376 -19
398 641 13
398 143 13
398 399 8
377 375 -13
377 617 -13
377 376 -13
377 121 -13
377 379 -8
375 374 28
375 119 -19
617 595 8
617 143 -13
376 354 -28
376 619 -19
376 124 -28
121 140 -8
121 596 -8
121 122 -13
379 378 13
379 123 8
696 215 13
696 695 -13
696 694 19
432 675 -19
432 433 8
432 175 -28
432 410 -28
456 434 -13
434 435 -19
434 412 19
434 177 -13
328 350 13
328 572 -19
328 329 -13
556 534 28
534 535 -28
534 293 -19
534 512 -19
534 64 28
506 507 -13
536 295 -13
536 66 28
536 537 -8
639 161 19
639 641 -28
639 637 19
161 140 -28
637 635 -8
637 394 13
637 636 -19
21 491 -8
21 42 -19
21 271 13
21 0 13
491 490 19
42 62 -19
42 293 -8
42 513 19
271 270 -8
271 512 -13
271 273 28
0 249 -28
0 469 -28
77 98 -19
675 674 -19
675 673 -8
674 695 28
674 652 -8
674 435 8
673 671 -8
673 430 -8
191 671 13
191 170 19
191 211 19
671 670 -19
671 669 13
170 431 28
170 149 -19
170 649 28
211 212 13
555 81 -19
81 335 28
81 102 13
81 82 -28
523 521 -28
701 223 8
701 702 -19
701 680 -13
239 238 28
239 480 8
239 237 -8
238 260 19
480 502 -13
480 481 28
237 236 13
237 478 -13
237 235 -13
275 24 -8
275 273 19
275 516 -19
24 3 -19
24 495 -19
273 22 -28
273 272 -13
516 538 19
516 517 28
516 47 -13
516 494 8
223 221 28
221 220 13
27 494 -13
27 26 -19
494 472 -8
494 495 -19
26 5 28
26 46 8
215 216 -8
174 435 28
174 153 13
174 653 -19
174 175 -19
518 540 -13
518 519 13
518 496 -13
656 634 8
680 441 -8
291 290 28
62 535 -13
62 83 28
535 537 19
538 297 -8
538 539 8
297 295 28
539 294 -28
539 65 28
539 537 8
433 435 8
433 431 13
431 670 -8
431 430 13
431 429 -13
254 8 -19
254 499 28
254 232 13
8 474 28
232 477 13
232 233 -19
65 66 28
321 323 28
22 1 13
22 43 19
22 23 -8
495 250 -8
248 270 8
248 249 19
248 2 -8
248 226 -19
46 47 -13
46 519 19
595 355 -13
595 573 -13
595 124 19
595 596 -13
355 354 28
355 353 28
355 357 -19
124 123 -28
124 122 13
596 594 19
596 598 -8
176 155 8
176 655 -28
176 177 -8
452 430 -13
452 694 8
430 173 28
694 213 8
177 652 19
177 175 19
654 415 -13
654 632 28
654 655 19
228 229 -19
228 250 -13
228 473 19
229 231 -13
229 227 -13
250 272 -28
250 4 13
473 472 19
473 475 -8
473 471 -28
473 3 -19
659 180 -13
12 478 -8
236 481 -8
295 293 28
295 43 -19
295 294 -28
293 292 13
43 515 13
43 44 -28
294 45 -13
294 272 -8
354 332 -19
354 598 19
619 142 19
400 378 -19
400 401 -8
378 356 -28
123 598 -19
123 102 -8
123 142 13
702 220 -19
670 648 -13
648 409 13
648 649 -28
648 173 -19
598 597 13
102 357 -13
102 576 28
142 401 13
142 143 -8
447 186 13
447 686 -19
187 188 -28
187 667 13
235 233 13
235 476 13
399 140 19
399 397 13
399 401 28
48 521 -13
270 23 8
270 515 -19
270 292 28
23 490 19
515 517 13
515 513 19
292 537 8
292 44 13
374 122 13
353 593 -13
353 351 -19
353 98 -8
1 2 -13
1 471 28
652 413 -8
652 653 -13
82 332 8
213 214 -13
476 477 19
512 490 13
512 513 -19
512 44 19
64 66 -8
521 519 -19
519 517 28
5 475 19
650 175 28
650 628 8
650 651 -19
175 173 -19
628 154 -19
651 649 8
651 653 13
141 140 -19
141 139 -19
141 143 -8
397 636 8
397 395 -13
410 154 -19
410 388 13
410 653 -8
362 110 19
153 154 -28
153 631 -19
153 413 -28
653 655 13
634 635 13
634 160 13
634 395 28
634 613 -28
209 210 8
209 189 -13
210 212 -28
189 669 -28
216 214 13
409 149 28
149 150 19
149 627 -13
122 120 28
122 593 -19
441 180 28
231 472 -8
231 233 13
475 474 28
475 477 19
45 47 8
45 44 -19
272 517 -8
3 4 -28
348 370 -28
370 392 -8
370 371 19
4 2 -8
356 357 13
356 334 -8
669 668 -28
669 667 28
415 413 -28
415 155 8
413 412 13
155 156 13
155 633 -8
690 668 -28
690 212 -19
646 668 28
668 429 8
332 576 -19
667 665 8
667 424 -28
667 666 -19
392 635 13
635 633 13
406 150 -28
406 649 19
429 427 8
158 160 -8
158 156 -8
158 632 28
156 154 13
156 412 13
632 633 -13
632 611 -13
412 655 -13
249 490 28
490 468 8
212 214 -13
474 233 19
474 496 28
367 369 -8
369 371 13
369 368 28
186 665 19
186 165 -8
186 207 -19
686 664 -8
350 594 28
350 351 19
594 593 -8
594 119 19
351 591 -28
631 388 13
631 633 28
665 664 -8
664 188 -13
664 642 -19
664 425 -28
613 591 13
613 139 28
371 611 -8
120 119 -13
120 591 -19
119 98 13
591 569 -19
597 575 8
597 357 8
227 468 -13
227 226 -19
334 335 28
394 139 28
394 395 -19
575 576 19
575 335 19
98 572 -19
468 469 28
468 2 28
469 471 8
226 471 19
344 588 19
368 116 -8
588 590 -19
424 425 -19
569 329 -19
642 403 -19
425 427 -13
425 165 8
666 427 -28
589 611 -28
589 590 -19
404 405 8
110 112 19
405 403 -13
