117 592 -28
117 136 13
117 373 -8
117 118 19
117 96 28
592 348 28
592 591 8
592 594 -19
592 590 -13
136 157 19
136 137 -8
136 395 -19
136 614 8
373 375 -28
373 372 13
373 613 8
373 371 -8
118 120 13
118 370 -19
118 116 28
118 589 8
96 97 8
96 351 -8
96 570 8
96 75 -28
459 197 -13
459 457 13
459 458 8
459 461 8
459 697 -28
197 198 -19
197 176 8
197 677 -13
197 217 13
457 455 28
457 456 -28
457 195 19
457 695 19
458 436 -19
458 700 -8
458 200 -28
461 199 -13
461 463 -13
461 699 -28
461 460 28
697 219 -13
697 676 28
697 698 8
244 245 13
244 266 -28
244 489 -28
245 486 -28
245 243 8
245 247 -8
266 20 28
266 511 13
266 288 -28
266 267 13
489 487 -8
489 19 13
489 488 -28
308 286 -13
308 553 19
308 309 8
308 330 -8
308 59 28
286 531 13
286 264 -8
286 287 13
286 39 -28
553 79 8
553 555 -8
553 551 13
553 552 -19
309 311 28
309 550 19
309 307 13
309 56 8
330 331 -19
330 574 28
330 352 19
330 80 -13
59 61 8
59 57 13
59 528 28
59 58 19
604 360 8
604 602 -13
604 603 -8
604 606 19
360 382 -19
360 338 -28
360 361 -19
360 108 -28
602 126 -28
602 601 -8
602 600 8
602 358 8
603 130 13
603 363 8
603 581 8
603 624 -19
606 605 -19
606 129 -13
606 608 19
606 362 -13
125 104 19
125 381 -13
125 600 8
125 144 -13
104 578 -8
104 83 -28
104 359 -13
381 380 -13
381 620 -13
381 383 -19
600 599 -13
144 165 -19
144 403 19
144 621 8
311 58 -28
311 552 19
311 310 28
311 313 8
58 531 -13
58 38 28
552 530 -13
552 573 8
552 82 -19
310 61 -8
310 555 -13
310 288 28
310 332 -8
313 554 -8
313 312 -8
313 60 19
280 33 -19
280 525 19
280 302 13
280 281 -8
280 258 -19
33 32 28
33 31 19
33 35 -13
33 500 13
525 527 -8
525 52 19
525 524 -8
525 523 19
302 324 28
302 547 13
302 303 -19
302 53 -13
281 279 -19
281 522 -8
281 30 13
281 283 8
258 259 -19
258 12 19
258 236 19
258 503 -13
560 558 -13
560 86 13
560 559 -8
560 562 28
560 316 -28
558 557 -8
558 314 19
558 84 -19
86 107 -19
86 65 -19
86 87 -28
86 341 28
559 538 -13
559 319 -28
559 581 -19
559 89 19
562 318 -13
562 88 -13
562 561 19
562 564 19
316 317 -19
316 294 -28
316 338 -19
316 66 8
151 411 28
151 172 8
151 152 19
151 629 19
151 131 13
411 650 8
411 409 28
411 410 -13
411 413 8
172 433 -8
172 193 -13
172 651 19
172 173 -19
152 408 28
152 154 28
152 150 13
152 626 -8
629 386 8
629 631 13
629 627 -13
629 628 -19
131 389 19
131 111 28
131 608 8
32 503 -13
32 11 -13
32 283 19
32 52 13
503 502 -28
503 505 28
503 501 13
11 12 28
11 481 -8
11 261 -19
283 285 -8
283 524 8
283 282 19
52 73 28
52 53 8
52 305 -28
20 18 13
20 486 19
20 19 -28
18 16 28
18 264 8
18 484 -8
18 17 -19
486 508 28
486 487 -13
19 269 13
19 40 -8
203 683 -19
203 465 -8
203 204 8
203 182 -28
203 222 8
683 685 19
683 681 -8
683 440 -28
683 682 19
465 467 8
465 703 13
465 464 8
465 463 -8
204 202 8
204 462 13
204 206 -13
204 680 -19
182 661 19
182 443 19
182 183 -28
182 161 28
222 223 8
222 704 13
347 349 13
347 346 13
347 345 -28
347 92 28
347 587 -19
349 94 8
349 348 19
349 351 13
349 589 -13
346 95 28
346 324 -8
346 368 -19
346 590 -8
345 585 13
345 343 8
345 90 28
345 344 8
92 566 -8
92 71 -13
92 113 28
92 93 -19
587 588 -8
587 609 -8
587 565 19
587 116 13
566 564 -28
566 568 -13
566 565 19
566 322 19
71 72 -13
71 50 -19
71 545 -13
71 325 -13
113 369 13
113 588 19
113 114 -19
113 132 -19
93 95 28
93 91 13
93 344 8
93 563 19
508 267 -13
508 530 19
508 509 28
508 41 13
267 269 -13
267 265 -13
267 17 8
530 531 -19
530 61 -28
530 289 -13
509 38 -8
509 507 19
509 264 -28
509 511 -19
41 39 13
41 288 19
41 40 13
318 68 -19
318 340 13
318 319 -8
318 296 -19
68 538 -28
68 67 -8
68 70 19
68 66 -8
340 362 -19
340 341 19
340 584 8
340 89 19
319 317 19
319 65 -19
319 321 -28
296 297 13
296 47 -28
296 274 -19
296 541 -13
95 94 19
95 565 28
95 97 -19
94 73 19
94 115 19
94 568 -13
565 544 19
565 325 -13
97 348 13
97 567 19
97 99 13
492 25 -19
492 493 19
492 514 8
492 251 -8
492 470 8
25 27 28
25 272 -8
25 24 -19
25 23 -8
493 22 19
493 491 -19
493 495 28
493 248 -13
514 536 -13
514 273 28
514 45 -28
514 515 28
251 253 -28
251 249 13
251 250 28
251 1 13
470 229 -28
470 471 -28
470 4 8
55 53 -19
55 57 28
55 304 -13
55 54 -19
55 524 -19
53 51 19
53 522 -19
57 56 13
57 306 -28
57 526 28
304 305 8
304 282 8
304 549 -13
304 326 -8
54 307 28
54 527 19
54 34 -8
54 75 -28
524 502 8
524 546 -13
544 74 -28
544 522 -28
544 545 28
544 303 -28
74 324 -13
74 73 -28
74 76 19
74 72 13
522 500 13
522 523 8
545 300 -28
545 543 19
545 547 28
303 50 -8
303 301 8
303 305 -8
385 383 -28
385 387 -13
385 624 19
385 384 -19
383 126 13
383 382 8
383 622 19
387 386 -13
387 389 -13
387 626 -13
387 129 -8
624 646 13
624 625 13
624 150 -8
384 130 -19
384 362 28
384 627 -8
384 406 -19
467 705 13
467 205 -13
467 466 -13
703 225 8
703 682 -28
703 704 13
464 442 -28
464 706 8
464 206 19
463 201 28
463 701 8
463 462 -28
531 533 8
531 529 -8
533 288 13
533 60 19
533 532 8
529 527 -13
529 56 -13
529 528 -28
529 284 19
130 128 13
130 129 13
128 601 -8
128 127 -19
128 382 -8
129 149 19
129 109 -13
436 179 19
436 679 -19
436 437 8
436 414 28
179 178 -28
179 181 -13
179 177 -19
179 654 -19
679 199 -13
679 677 -8
679 681 -13
679 678 8
437 439 19
437 676 -13
437 435 -19
437 176 -19
414 415 -8
414 392 8
414 158 13
414 657 -28
386 364 -13
386 408 8
389 391 19
389 628 -28
389 388 8
626 605 19
626 648 -28
626 627 13
610 609 28
610 366 -8
610 608 -8
610 612 13
610 132 -28
609 135 -19
609 369 -8
609 630 13
366 367 -13
366 114 -8
366 344 28
366 388 13
608 364 -13
608 607 -19
612 368 8
612 614 8
612 134 13
612 611 -28
132 391 13
132 153 -13
132 133 -8
579 601 -19
579 339 28
579 557 -13
579 108 -28
579 580 13
601 361 -13
601 622 13
339 337 28
339 84 -8
339 338 13
339 341 28
557 317 19
557 87 13
557 536 -8
108 107 -28
108 106 -13
108 110 28
580 336 -8
580 582 -13
580 578 -28
580 105 -28
178 657 -28
178 157 -8
178 439 -8
178 199 19
657 656 8
657 659 -28
657 655 28
157 158 8
157 417 -28
157 635 28
439 438 -19
439 678 -28
439 441 13
199 218 19
199 200 -28
264 265 28
264 242 13
287 285 -28
287 528 -19
287 289 -13
287 36 -8
39 38 19
39 37 -28
39 506 28
564 90 -28
564 563 -19
564 320 13
568 324 -28
568 570 28
568 567 -13
322 300 19
322 72 28
322 344 -8
322 323 8
660 682 19
660 421 28
660 661 -13
660 185 -28
660 638 19
682 206 8
682 443 8
421 419 -28
421 420 -13
421 423 28
421 161 13
661 418 28
661 663 -8
661 659 19
185 442 13
185 184 -13
185 183 -19
638 639 28
638 164 28
638 617 8
638 399 19
38 289 19
38 17 28
289 288 19
289 291 -28
17 487 -8
645 402 -28
645 643 -19
645 647 28
645 644 -28
645 166 -8
402 380 8
402 424 13
402 403 8
402 146 8
643 165 -19
643 642 -28
647 646 19
647 404 -28
647 649 19
647 168 28
644 169 19
644 405 19
644 666 -8
644 622 -13
166 187 -8
166 427 13
166 145 19
166 167 -13
324 325 -13
325 323 13
325 327 -19
219 218 -19
219 221 -19
676 654 -13
676 200 28
676 677 -28
698 456 8
698 696 -19
698 700 19
698 217 28
101 352 -8
101 100 -8
101 103 -19
101 99 -13
101 571 -13
352 596 -19
352 374 -28
352 353 -19
100 79 -28
100 355 13
100 574 8
100 121 -19
103 354 19
103 573 -13
103 102 -13
99 350 13
99 569 -19
99 98 19
571 550 -19
571 572 13
571 331 13
571 593 -13
73 327 -13
73 547 -28
327 326 13
327 567 28
327 329 -19
547 549 -13
547 546 13
61 60 28
60 40 -8
60 81 19
550 528 -8
550 551 -13
550 80 -28
528 506 -19
551 549 28
551 306 19
551 77 -19
80 79 -8
80 78 -8
80 82 -19
391 393 -28
391 630 -13
391 390 19
393 392 -19
393 632 8
393 134 19
393 395 -13
630 652 -8
630 631 -19
630 156 13
390 135 13
390 412 -8
390 368 13
390 633 -13
382 625 -19
382 404 19
338 582 -13
338 87 -28
361 363 28
361 359 -8
361 105 -28
135 133 28
135 137 8
135 134 -8
133 607 13
133 388 -8
137 392 -28
137 611 -13
137 139 13
134 115 -8
134 155 19
442 685 -13
442 443 -8
442 420 28
685 205 -8
685 684 28
443 445 13
443 441 13
420 398 8
420 164 -28
420 663 -8
107 582 -19
107 363 13
582 581 28
582 584 13
363 362 -13
363 365 19
616 372 13
616 618 19
616 615 13
616 138 13
616 614 -8
372 350 13
372 120 19
372 394 28
618 140 19
618 374 -13
618 617 -13
618 619 -13
615 141 -28
615 375 13
615 593 13
615 636 19
138 397 -28
138 119 -28
138 159 -13
138 139 19
614 613 19
614 370 -13
445 684 -19
445 184 -28
445 444 -19
684 662 8
684 705 -19
184 205 -13
184 663 -28
184 163 8
444 466 -19
444 422 -19
585 563 19
585 586 -19
585 607 8
585 114 -28
563 323 -19
563 542 19
586 584 13
586 342 -8
586 588 19
586 111 -13
607 367 28
607 628 -8
114 116 -13
114 112 8
205 224 -19
205 206 -8
663 662 8
163 164 -28
163 641 8
163 142 8
163 423 8
448 426 28
448 190 -8
448 691 13
448 449 19
426 169 13
426 669 13
426 427 28
426 404 -13
190 189 13
190 192 -8
190 188 19
190 666 8
691 689 8
691 690 -19
691 692 -28
449 447 -13
449 451 8
449 688 19
449 187 8
298 49 -13
298 543 13
298 299 -19
298 276 28
298 320 13
49 51 28
49 47 -13
49 518 -28
49 48 -8
543 69 -13
543 541 -8
543 542 13
299 301 8
299 540 -8
299 297 -28
299 46 -13
276 277 -19
276 254 -8
276 521 -8
276 29 -13
320 321 13
320 342 -19
320 70 28
169 167 -13
169 171 -13
169 168 -28
167 642 -13
167 424 28
171 646 -28
171 428 -19
171 170 -8
171 173 19
168 147 -8
168 189 28
168 429 -13
300 301 28
300 51 13
300 278 -13
301 48 -19
301 542 19
51 50 -13
51 520 -28
278 279 -19
278 31 8
278 256 8
278 523 -8
257 255 8
257 498 19
257 259 -8
257 7 13
257 256 28
255 254 19
255 253 28
255 496 28
255 5 19
498 31 -13
498 476 8
498 520 8
498 499 -13
259 261 -28
259 500 -8
259 9 -28
7 28 13
7 8 -13
7 477 8
256 234 -19
256 10 -19
256 501 -13
218 700 -19
700 702 -8
700 699 -13
331 333 8
331 329 -28
331 77 13
574 573 13
574 576 8
574 572 13
225 224 -19
225 223 -13
704 706 -19
704 702 -28
704 462 19
79 333 13
333 573 28
333 335 8
333 332 -8
336 358 -28
336 85 13
336 337 13
336 314 13
358 380 -28
358 106 -19
358 359 -19
85 556 -28
85 87 19
85 84 -13
337 83 -19
337 577 -13
314 315 19
314 292 -19
314 64 -19
419 159 -28
419 658 -28
419 417 19
419 418 8
159 180 -8
159 160 8
159 637 13
658 680 8
658 636 8
658 659 -28
658 183 19
417 656 8
417 415 -13
417 416 -8
418 396 -19
418 162 -28
418 440 13
689 208 -8
689 446 -13
689 687 13
689 688 28
208 187 -19
446 447 19
446 188 13
446 424 -19
687 207 -28
687 686 8
688 210 8
688 666 -8
455 454 -28
455 693 -13
455 453 8
455 193 -8
454 196 -28
454 696 -8
454 432 -13
693 694 8
693 672 -8
693 216 8
453 191 19
453 452 28
453 451 8
193 673 -19
193 213 8
193 194 13
581 110 28
581 341 19
584 109 -19
584 583 13
305 307 -8
305 546 8
282 527 -8
282 260 13
282 35 13
549 75 8
549 548 8
326 76 -28
326 348 28
326 570 -13
307 548 -13
307 306 28
548 78 28
548 526 19
548 569 8
306 284 -28
306 328 -28
599 359 -28
599 620 -13
599 127 -8
599 577 19
620 642 28
620 621 13
620 146 -8
127 380 -13
127 126 -13
577 578 8
577 106 -19
577 556 19
147 625 -8
147 148 -28
147 407 8
625 623 -13
625 627 8
148 404 -28
148 150 -8
148 146 -13
148 622 19
407 409 28
407 646 -8
407 405 -19
407 406 -28
263 13 19
263 261 -13
263 504 19
263 265 -8
263 262 28
13 34 -13
13 483 19
13 14 13
261 502 8
261 260 8
504 37 -19
504 482 28
504 526 28
504 505 13
265 506 -13
265 15 -19
262 16 -8
262 240 8
262 507 -28
262 284 -19
224 706 -13
706 705 -8
487 485 19
487 242 19
16 15 -28
16 14 -28
16 482 19
15 485 -13
15 36 8
14 260 13
14 12 8
14 480 28
482 241 -8
482 483 -13
343 88 28
343 341 -19
343 342 19
343 583 -13
88 67 13
88 89 8
88 109 28
342 91 8
342 364 13
583 605 19
583 112 -13
583 561 28
67 321 28
67 541 19
67 46 8
89 91 13
89 87 -13
109 110 28
109 365 8
488 510 8
488 247 -28
76 75 28
76 78 13
76 546 19
75 329 28
78 328 -19
78 77 -13
546 567 13
90 111 13
90 69 8
90 91 -8
111 367 -28
111 112 -8
69 323 19
69 70 28
69 48 -8
91 561 13
50 523 28
50 30 8
520 279 -13
520 521 19
520 542 19
699 678 -13
699 221 13
460 438 -13
460 202 13
460 702 19
246 247 28
246 268 28
268 269 -28
268 290 -28
527 526 -28
526 285 13
380 623 28
623 621 28
623 145 8
623 622 -28
126 105 28
126 145 19
105 106 19
105 84 8
145 405 -8
145 146 28
554 555 -8
554 532 -19
554 575 28
312 290 -13
312 334 -28
605 365 -8
365 367 -13
365 364 28
561 321 -8
561 540 8
269 510 8
510 532 8
510 511 8
40 511 -8
40 291 -13
34 505 13
34 285 8
34 35 8
505 260 28
505 507 -19
285 284 13
35 37 -13
35 502 -8
115 371 19
115 116 13
115 590 19
196 195 28
196 198 13
196 194 -8
196 672 -8
195 675 -13
195 215 -13
195 174 19
198 456 28
198 674 -28
198 200 -28
194 452 8
194 670 19
194 192 -8
672 433 13
672 650 -28
672 673 -8
677 675 28
677 434 -28
681 438 -28
681 680 -8
681 201 13
678 202 8
678 656 -19
56 77 19
56 36 -19
532 291 -28
243 242 19
243 241 -13
243 484 -28
241 239 -8
241 240 -28
484 485 19
484 506 8
364 112 19
408 409 -19
408 430 -28
408 651 8
438 181 19
438 416 8
181 656 -19
181 180 -19
181 183 -19
416 394 8
416 160 -8
416 659 -19
570 569 13
570 572 8
567 589 -13
662 640 -19
662 423 -8
640 641 -13
640 401 19
423 422 28
279 277 8
279 28 -28
277 275 19
277 26 13
277 518 -8
28 48 -19
28 29 19
28 499 -8
31 29 19
31 30 28
29 27 19
29 496 -13
30 9 -28
30 501 -8
202 200 19
202 201 8
201 180 8
201 220 -28
252 230 -19
252 253 28
252 497 19
252 274 -13
252 6 -13
230 231 -13
230 475 -28
253 3 -19
253 494 8
497 26 8
497 499 19
497 496 8
497 495 13
274 275 28
274 27 19
274 519 13
6 8 -28
6 5 -28
6 4 -13
6 472 -13
317 63 8
317 315 -19
63 84 13
63 43 -13
63 64 -8
63 537 28
315 556 -13
315 62 -19
541 540 -19
541 539 -19
542 72 -8
422 400 8
450 451 13
450 428 13
450 192 19
450 692 -13
451 189 8
451 690 8
428 671 13
428 406 -28
428 429 8
192 191 28
192 668 -13
692 211 -8
692 694 -8
284 37 13
234 235 28
234 479 -8
10 9 13
10 8 -28
10 476 8
10 12 -13
501 500 8
501 499 -28
37 36 13
36 507 -28
500 478 13
9 479 8
479 477 -28
479 481 -19
479 478 8
483 485 -8
483 238 -8
483 481 -28
396 639 8
396 141 -19
396 397 19
396 374 8
162 164 19
162 160 -13
162 636 28
162 161 28
440 441 13
440 183 28
440 462 8
485 240 -28
72 70 -19
70 540 -19
398 376 -19
398 641 -8
398 143 13
398 399 -8
377 375 13
377 617 -28
377 376 -28
377 121 19
377 379 -13
375 374 -19
375 119 -13
617 595 -13
617 143 -19
376 354 8
376 619 -19
376 124 13
121 140 -13
121 596 -28
121 122 -13
379 378 -28
379 123 -19
696 215 -13
696 695 28
696 694 -28
432 675 13
432 433 -19
432 175 8
432 410 -8
456 434 19
434 435 19
434 412 -8
434 177 28
328 350 28
328 572 13
328 329 -19
556 534 -8
534 535 -28
534 293 -19
534 512 -19
534 64 28
506 507 28
536 295 -8
536 66 -28
536 537 -8
639 161 8
639 641 -8
639 637 -19
161 140 28
637 635 8
637 394 -8
637 636 28
21 491 -19
21 42 28
21 271 19
21 0 -28
491 490 8
42 62 28
42 293 -19
42 513 -19
271 270 13
271 512 13
271 273 19
0 249 -8
0 469 13
77 98 13
675 674 -8
675 673 -19
674 695 -8
674 652 -8
674 435 -28
673 671 13
673 430 -8
191 671 13
191 170 8
191 211 -13
671 670 28
671 669 -28
170 431 -19
170 149 -19
170 649 19
211 212 28
555 81 -28
81 335 28
81 102 -19
81 82 -19
523 521 19
701 223 8
701 702 -8
701 680 19
239 238 -19
239 480 -8
239 237 -13
238 260 -8
480 502 28
480 481 13
237 236 13
237 478 -8
237 235 -13
275 24 -28
275 273 19
275 516 -13
24 3 28
24 495 13
273 22 8
273 272 -28
516 538 13
516 517 -13
516 47 13
516 494 -19
223 221 8
221 220 8
27 494 -8
27 26 13
494 472 28
494 495 -19
26 5 -19
26 46 -13
215 216 28
174 435 -28
174 153 28
174 653 19
174 175 8
518 540 -13
518 519 -13
518 496 -13
656 634 13
680 441 -19
291 290 -8
62 535 -8
62 83 -19
535 537 8
538 297 -8
538 539 -19
297 295 19
539 294 -8
539 65 -8
539 537 -13
433 435 13
433 431 28
431 670 19
431 430 -8
431 429 -19
254 8 28
254 499 13
254 232 -19
8 474 8
232 477 28
232 233 13
65 66 28
321 323 13
22 1 28
22 43 13
22 23 19
495 250 -19
248 270 -28
248 249 8
248 2 19
248 226 13
46 47 28
46 519 -19
595 355 -8
595 573 28
595 124 19
595 596 -8
355 354 -28
355 353 8
355 357 -13
124 123 28
124 122 13
596 594 -19
596 598 28
176 155 -13
176 655 28
176 177 -19
452 430 28
452 694 -13
430 173 19
694 213 -8
177 652 -13
177 175 -19
654 415 -19
654 632 19
654 655 28
228 229 -8
228 250 -28
228 473 13
229 231 -13
229 227 -13
250 272 28
250 4 -19
473 472 -19
473 475 8
473 471 -13
473 3 -13
659 180 -8
12 478 -19
236 481 -19
295 293 19
295 43 19
295 294 19
293 292 8
43 515 -13
43 44 -28
294 45 13
294 272 19
354 332 -19
354 598 -13
619 142 13
400 378 19
400 401 13
378 356 28
123 598 -13
123 102 13
123 142 28
702 220 28
670 648 28
648 409 -28
648 649 -13
648 173 -13
598 597 -28
102 357 -13
102 576 19
142 401 -13
142 143 28
447 186 8
447 686 28
187 188 19
187 667 -19
235 233 8
235 476 -28
399 140 -19
399 397 8
399 401 8
48 521 19
270 23 19
270 515 -19
270 292 -19
23 490 28
515 517 -8
515 513 13
292 537 28
292 44 28
374 122 13
353 593 19
353 351 -19
353 98 13
1 2 -28
1 471 -19
652 413 8
652 653 -8
82 332 -28
213 214 19
476 477 -13
512 490 -13
512 513 13
512 44 8
64 66 -28
521 519 8
519 517 28
5 475 -19
650 175 -28
650 628 -13
650 651 -28
175 173 28
628 154 19
651 649 -28
651 653 -13
141 140 -28
141 139 19
141 143 -8
397 636 -28
397 395 8
410 154 -19
410 388 19
410 653 -13
362 110 -28
153 154 -8
153 631 8
153 413 -13
653 655 -8
634 635 28
634 160 -8
634 395 8
634 613 28
209 210 -19
209 189 13
210 212 -8
189 669 -8
216 214 -13
409 149 -19
149 150 19
149 627 -13
122 120 28
122 593 28
441 180 -19
231 472 19
231 233 -13
475 474 13
475 477 -28
45 47 8
45 44 8
272 517 19
3 4 19
348 370 28
370 392 -8
370 371 8
4 2 19
356 357 8
356 334 13
669 668 28
669 667 8
415 413 -19
415 155 13
413 412 28
155 156 8
155 633 19
690 668 19
690 212 -13
646 668 -13
668 429 -8
332 576 -19
667 665 13
667 424 -28
667 666 -13
392 635 -19
635 633 -28
406 150 8
406 649 -13
429 427 -28
158 160 -19
158 156 28
158 632 13
156 154 -19
156 412 19
632 633 13
632 611 28
412 655 19
249 490 -28
490 468 13
212 214 -13
474 233 13
474 496 19
367 369 28
369 371 19
369 368 13
186 665 -19
186 165 -19
186 207 -8
686 664 13
350 594 -19
350 351 13
594 593 19
594 119 28
351 591 -13
631 388 -13
631 633 -19
665 664 13
664 188 13
664 642 8
664 425 -28
613 591 13
613 139 -8
371 611 -13
120 119 -28
120 591 -19
119 98 -8
591 569 28
597 575 19
597 357 19
227 468 28
227 226 13
334 335 19
394 139 8
394 395 -8
575 576 13
575 335 8
98 572 -19
468 469 13
468 2 8
469 471 19
226 471 8
344 588 -28
368 116 -19
588 590 8
424 425 -19
569 329 8
642 403 8
425 427 -13
425 165 -19
666 427 -8
589 611 -13
589 590 -13
404 405 -13
110 112 -8
405 403 -28
