117 592 -28
117 136 -8
117 373 8
117 118 28
117 96 19
592 348 -19
592 591 -8
592 594 13
592 590 -28
136 157 -19
136 137 28
136 395 13
136 614 -19
373 375 -28
373 372 13
373 613 -28
373 371 -28
118 120 -28
118 370 19
118 116 8
118 589 28
96 97 28
96 351 -19
96 570 28
96 75 8
459 197 -13
459 457 -8
459 458 -19
459 461 8
459 697 -13
197 198 -28
197 176 -8
197 677 -13
197 217 -28
457 455 -8
457 456 8
457 195 8
457 695 -28
458 436 19
458 700 -8
458 200 -19
461 199 -19
461 463 -19
461 699 -13
461 460 -28
697 219 19
697 676 -8
697 698 -19
244 245 -28
244 266 -13
244 489 -8
245 486 13
245 243 -13
245 247 8
266 20 -19
266 511 28
266 288 -19
266 267 13
489 487 8
489 19 -13
489 488 -13
308 286 19
308 553 13
308 309 -28
308 330 19
308 59 -13
286 531 -19
286 264 28
286 287 -13
286 39 28
553 79 -8
553 555 28
553 551 -19
553 552 19
309 311 -13
309 550 8
309 307 -19
309 56 -13
330 331 8
330 574 -19
330 352 -8
330 80 -28
59 61 8
59 57 -28
59 528 -13
59 58 -8
604 360 28
604 602 8
604 603 -8
604 606 8
360 382 -8
360 338 -19
360 361 -13
360 108 -8
602 126 -19
602 601 -19
602 600 19
602 358 28
603 130 -8
603 363 28
603 581 -8
603 624 -8
606 605 28
606 129 13
606 608 -28
606 362 -19
125 104 19
125 381 19
125 600 -28
125 144 -13
104 578 19
104 83 -8
104 359 8
381 380 19
381 620 13
381 383 13
600 599 8
144 165 -19
144 403 -28
144 621 -8
311 58 19
311 552 28
311 310 13
311 313 13
58 531 -19
58 38 -8
552 530 13
552 573 28
552 82 8
310 61 -8
310 555 -8
310 288 -19
310 332 -19
313 554 19
313 312 8
313 60 -28
280 33 -8
280 525 -19
280 302 -19
280 281 -8
280 258 19
33 32 28
33 31 -8
33 35 -28
33 500 -8
525 527 28
525 52 8
525 524 -13
525 523 19
302 324 -13
302 547 28
302 303 -8
302 53 8
281 279 19
281 522 8
281 30 19
281 283 -13
258 259 -28
258 12 13
258 236 28
258 503 13
560 558 8
560 86 -13
560 559 -13
560 562 19
560 316 -13
558 557 -28
558 314 8
558 84 19
86 107 -8
86 65 28
86 87 -19
86 341 19
559 538 -8
559 319 13
559 581 -13
559 89 19
562 318 -28
562 88 19
562 561 -13
562 564 -8
316 317 8
316 294 8
316 338 -19
316 66 -28
151 411 13
151 172 13
151 152 -19
151 629 -28
151 131 -8
411 650 -19
411 409 -28
411 410 -13
411 413 -19
172 433 -8
172 193 -28
172 651 -13
172 173 -8
152 408 -8
152 154 13
152 150 28
152 626 28
629 386 -28
629 631 28
629 627 -8
629 628 13
131 389 -8
131 111 -19
131 608 -13
32 503 13
32 11 8
32 283 13
32 52 -8
503 502 -28
503 505 -13
503 501 13
11 12 -8
11 481 -8
11 261 13
283 285 -28
283 524 -8
283 282 13
52 73 13
52 53 28
52 305 28
20 18 19
20 486 -28
20 19 28
18 16 19
18 264 -13
18 484 -19
18 17 8
486 508 13
486 487 13
19 269 28
19 40 -13
203 683 -8
203 465 8
203 204 -8
203 182 -19
203 222 13
683 685 19
683 681 8
683 440 19
683 682 -13
465 467 -13
465 703 -13
465 464 -13
465 463 -28
204 202 8
204 462 -8
204 206 -13
204 680 -13
182 661 19
182 443 19
182 183 8
182 161 -13
222 223 28
222 704 -13
347 349 28
347 346 13
347 345 -13
347 92 13
347 587 -13
349 94 19
349 348 -8
349 351 8
349 589 13
346 95 19
346 324 -19
346 368 19
346 590 8
345 585 -28
345 343 28
345 90 -8
345 344 -8
92 566 -8
92 71 -13
92 113 19
92 93 -8
587 588 28
587 609 -13
587 565 -28
587 116 -8
566 564 -19
566 568 -13
566 565 13
566 322 8
71 72 13
71 50 28
71 545 -28
71 325 8
113 369 28
113 588 -8
113 114 13
113 132 13
93 95 8
93 91 8
93 344 8
93 563 8
508 267 13
508 530 13
508 509 19
508 41 8
267 269 -13
267 265 -19
267 17 -8
530 531 -8
530 61 13
530 289 -28
509 38 -19
509 507 28
509 264 -28
509 511 13
41 39 28
41 288 -28
41 40 -19
318 68 13
318 340 -19
318 319 -13
318 296 -19
68 538 -19
68 67 -28
68 70 -28
68 66 19
340 362 8
340 341 -8
340 584 28
340 89 28
319 317 -8
319 65 -28
319 321 19
296 297 13
296 47 28
296 274 -8
296 541 -28
95 94 13
95 565 -8
95 97 13
94 73 -19
94 115 13
94 568 13
565 544 -13
565 325 28
97 348 19
97 567 13
97 99 19
492 25 8
492 493 28
492 514 -13
492 251 -28
492 470 28
25 27 -8
25 272 28
25 24 28
25 23 19
493 22 -13
493 491 28
493 495 -13
493 248 28
514 536 13
514 273 -8
514 45 19
514 515 -8
251 253 13
251 249 -8
251 250 19
251 1 8
470 229 -13
470 471 -19
470 4 19
55 53 28
55 57 -8
55 304 -19
55 54 28
55 524 8
53 51 -8
53 522 19
57 56 19
57 306 28
57 526 13
304 305 13
304 282 19
304 549 13
304 326 -8
54 307 19
54 527 -19
54 34 8
54 75 -28
524 502 -8
524 546 -28
544 74 13
544 522 13
544 545 -8
544 303 -19
74 324 8
74 73 -28
74 76 -13
74 72 28
522 500 -28
522 523 8
545 300 19
545 543 -8
545 547 28
303 50 -19
303 301 13
303 305 13
385 383 -19
385 387 -13
385 624 -8
385 384 13
383 126 28
383 382 13
383 622 -28
387 386 19
387 389 28
387 626 13
387 129 -8
624 646 8
624 625 -28
624 150 28
384 130 -28
384 362 13
384 627 19
384 406 19
467 705 28
467 205 8
467 466 8
703 225 -19
703 682 13
703 704 8
464 442 -8
464 706 13
464 206 8
463 201 -8
463 701 -13
463 462 19
531 533 13
531 529 -13
533 288 -19
533 60 13
533 532 19
529 527 -28
529 56 -28
529 528 -8
529 284 8
130 128 -28
130 129 -28
128 601 -8
128 127 13
128 382 8
129 149 -8
129 109 -8
436 179 13
436 679 28
436 437 13
436 414 -28
179 178 13
179 181 -28
179 177 19
179 654 -19
679 199 -13
679 677 28
679 681 28
679 678 -8
437 439 13
437 676 19
437 435 13
437 176 -28
414 415 -8
414 392 -8
414 158 -28
414 657 -8
386 364 -28
386 408 28
389 391 19
389 628 -8
389 388 19
626 605 -8
626 648 19
626 627 -13
610 609 13
610 366 -8
610 608 8
610 612 -19
610 132 -13
609 135 28
609 369 28
609 630 -8
366 367 28
366 114 -28
366 344 19
366 388 -19
608 364 -13
608 607 19
612 368 -13
612 614 19
612 134 8
612 611 13
132 391 13
132 153 -13
132 133 28
579 601 28
579 339 -13
579 557 -13
579 108 -28
579 580 -19
601 361 19
601 622 -8
339 337 -19
339 84 -28
339 338 -8
339 341 28
557 317 8
557 87 8
557 536 13
108 107 13
108 106 -19
108 110 -13
580 336 -8
580 582 -13
580 578 -19
580 105 28
178 657 -19
178 157 -8
178 439 -13
178 199 8
657 656 8
657 659 -28
657 655 28
157 158 13
157 417 -28
157 635 13
439 438 -8
439 678 -19
439 441 28
199 218 -8
199 200 19
264 265 -19
264 242 -28
287 285 -8
287 528 -13
287 289 -13
287 36 -19
39 38 -8
39 37 -19
39 506 13
564 90 8
564 563 -19
564 320 8
568 324 -8
568 570 -13
568 567 -28
322 300 -13
322 72 -19
322 344 -8
322 323 -8
660 682 -8
660 421 19
660 661 -28
660 185 8
660 638 -8
682 206 -19
682 443 8
421 419 19
421 420 28
421 423 28
421 161 8
661 418 -28
661 663 8
661 659 -8
185 442 19
185 184 13
185 183 -8
638 639 -28
638 164 13
638 617 28
638 399 28
38 289 28
38 17 -13
289 288 28
289 291 8
17 487 28
645 402 -8
645 643 -28
645 647 28
645 644 13
645 166 8
402 380 19
402 424 -8
402 403 13
402 146 13
643 165 13
643 642 -19
647 646 -19
647 404 -8
647 649 -13
647 168 -8
644 169 -28
644 405 13
644 666 -13
644 622 28
166 187 -8
166 427 28
166 145 -8
166 167 8
324 325 -19
325 323 -28
325 327 13
219 218 -28
219 221 -19
676 654 19
676 200 -13
676 677 -13
698 456 -28
698 696 13
698 700 19
698 217 28
101 352 13
101 100 -8
101 103 -13
101 99 -8
101 571 -13
352 596 13
352 374 8
352 353 -19
100 79 13
100 355 -19
100 574 -28
100 121 28
103 354 -19
103 573 8
103 102 13
99 350 13
99 569 -19
99 98 19
571 550 -13
571 572 -19
571 331 28
571 593 13
73 327 19
73 547 -28
327 326 -13
327 567 19
327 329 8
547 549 -28
547 546 -28
61 60 -13
60 40 -8
60 81 -19
550 528 -28
550 551 19
550 80 8
528 506 8
551 549 -19
551 306 -8
551 77 -13
80 79 13
80 78 8
80 82 -8
391 393 -13
391 630 -19
391 390 28
393 392 -13
393 632 -28
393 134 8
393 395 -8
630 652 -28
630 631 -8
630 156 -28
390 135 -13
390 412 -13
390 368 8
390 633 13
382 625 -19
382 404 13
338 582 19
338 87 28
361 363 -19
361 359 28
361 105 19
135 133 13
135 137 19
135 134 -8
133 607 -19
133 388 8
137 392 28
137 611 8
137 139 8
134 115 13
134 155 -28
442 685 -28
442 443 19
442 420 -8
685 205 8
685 684 19
443 445 19
443 441 -8
420 398 -13
420 164 8
420 663 28
107 582 -19
107 363 -19
582 581 13
582 584 -8
363 362 -28
363 365 -8
616 372 28
616 618 8
616 615 19
616 138 13
616 614 -13
372 350 13
372 120 28
372 394 13
618 140 -13
618 374 13
618 617 -19
618 619 -13
615 141 19
615 375 8
615 593 13
615 636 -19
138 397 28
138 119 8
138 159 -28
138 139 -28
614 613 -28
614 370 -28
445 684 19
445 184 -19
445 444 -13
684 662 -19
684 705 -28
184 205 -13
184 663 28
184 163 -13
444 466 13
444 422 19
585 563 13
585 586 19
585 607 -13
585 114 -19
563 323 8
563 542 8
586 584 8
586 342 -28
586 588 28
586 111 -13
607 367 8
607 628 13
114 116 13
114 112 8
205 224 19
205 206 -28
663 662 13
163 164 -28
163 641 -28
163 142 -19
163 423 -8
448 426 8
448 190 -8
448 691 13
448 449 8
426 169 8
426 669 -8
426 427 -8
426 404 13
190 189 28
190 192 -19
190 188 -19
190 666 -28
691 689 19
691 690 28
691 692 13
449 447 13
449 451 -28
449 688 13
449 187 19
298 49 -13
298 543 -19
298 299 -8
298 276 19
298 320 -28
49 51 -8
49 47 13
49 518 19
49 48 28
543 69 -8
543 541 19
543 542 13
299 301 -19
299 540 13
299 297 -19
299 46 -13
276 277 -8
276 254 -13
276 521 8
276 29 -19
320 321 19
320 342 19
320 70 19
169 167 8
169 171 -13
169 168 13
167 642 -19
167 424 -8
171 646 8
171 428 -19
171 170 28
171 173 -19
168 147 13
168 189 -28
168 429 -19
300 301 -13
300 51 -28
300 278 -13
301 48 -19
301 542 -19
51 50 28
51 520 13
278 279 -28
278 31 19
278 256 13
278 523 -8
257 255 -28
257 498 13
257 259 13
257 7 -19
257 256 -19
255 254 -13
255 253 -28
255 496 -28
255 5 -19
498 31 -28
498 476 -28
498 520 -19
498 499 -8
259 261 8
259 500 -19
259 9 -28
7 28 -28
7 8 13
7 477 -28
256 234 -13
256 10 -13
256 501 28
218 700 13
700 702 13
700 699 -28
331 333 -19
331 329 13
331 77 -28
574 573 13
574 576 -8
574 572 19
225 224 -13
225 223 8
704 706 13
704 702 -13
704 462 -19
79 333 8
333 573 19
333 335 -13
333 332 -13
336 358 19
336 85 19
336 337 8
336 314 -8
358 380 -13
358 106 19
358 359 -8
85 556 -8
85 87 19
85 84 -19
337 83 -8
337 577 -28
314 315 -13
314 292 13
314 64 -13
419 159 -13
419 658 13
419 417 -13
419 418 28
159 180 19
159 160 13
159 637 13
658 680 28
658 636 28
658 659 19
658 183 13
417 656 13
417 415 -8
417 416 -28
418 396 -13
418 162 8
418 440 -13
689 208 28
689 446 13
689 687 8
689 688 19
208 187 19
446 447 -13
446 188 -19
446 424 -8
687 207 -13
687 686 -8
688 210 8
688 666 8
455 454 8
455 693 -19
455 453 -13
455 193 13
454 196 8
454 696 28
454 432 28
693 694 19
693 672 13
693 216 -19
453 191 -13
453 452 8
453 451 -28
193 673 28
193 213 19
193 194 -13
581 110 -28
581 341 -8
584 109 -19
584 583 -13
305 307 -19
305 546 19
282 527 -8
282 260 -28
282 35 13
549 75 -28
549 548 8
326 76 -13
326 348 13
326 570 8
307 548 19
307 306 -13
548 78 28
548 526 -28
548 569 13
306 284 -28
306 328 28
599 359 -13
599 620 -13
599 127 -28
599 577 28
620 642 -8
620 621 19
620 146 -8
127 380 13
127 126 19
577 578 -8
577 106 8
577 556 28
147 625 -19
147 148 -19
147 407 8
625 623 28
625 627 -8
148 404 -19
148 150 28
148 146 28
148 622 8
407 409 -19
407 646 -8
407 405 -13
407 406 -28
263 13 -13
263 261 -19
263 504 28
263 265 -13
263 262 19
13 34 28
13 483 28
13 14 19
261 502 -19
261 260 8
504 37 13
504 482 8
504 526 19
504 505 28
265 506 -8
265 15 8
262 16 -13
262 240 19
262 507 13
262 284 -28
224 706 -13
706 705 -19
487 485 13
487 242 19
16 15 -8
16 14 -28
16 482 28
15 485 19
15 36 -8
14 260 13
14 12 -28
14 480 -8
482 241 -8
482 483 -19
343 88 -8
343 341 13
343 342 28
343 583 8
88 67 13
88 89 28
88 109 -28
342 91 -8
342 364 13
583 605 19
583 112 8
583 561 13
67 321 28
67 541 8
67 46 28
89 91 -8
89 87 28
109 110 -28
109 365 8
488 510 -19
488 247 -13
76 75 -19
76 78 19
76 546 19
75 329 28
78 328 -28
78 77 -19
546 567 -28
90 111 -28
90 69 13
90 91 -13
111 367 13
111 112 -8
69 323 -13
69 70 13
69 48 28
91 561 13
50 523 13
50 30 -28
520 279 -13
520 521 13
520 542 13
699 678 19
699 221 -13
460 438 -19
460 202 8
460 702 -28
246 247 -28
246 268 -19
268 269 -28
268 290 -8
527 526 -19
526 285 8
380 623 13
623 621 -28
623 145 -8
623 622 19
126 105 -13
126 145 -19
105 106 19
105 84 13
145 405 -19
145 146 -28
554 555 -13
554 532 -28
554 575 -28
312 290 13
312 334 -19
605 365 8
365 367 19
365 364 28
561 321 28
561 540 19
269 510 -19
510 532 -19
510 511 -8
40 511 -28
40 291 -13
34 505 -8
34 285 -28
34 35 19
505 260 -13
505 507 28
285 284 8
35 37 8
35 502 19
115 371 -19
115 116 19
115 590 -19
196 195 28
196 198 -8
196 194 13
196 672 8
195 675 13
195 215 13
195 174 -13
198 456 -28
198 674 -13
198 200 8
194 452 -19
194 670 19
194 192 -13
672 433 8
672 650 -19
672 673 -13
677 675 -28
677 434 8
681 438 8
681 680 19
681 201 -13
678 202 28
678 656 19
56 77 -28
56 36 -28
532 291 -8
243 242 -13
243 241 28
243 484 -28
241 239 -28
241 240 -8
484 485 -8
484 506 -13
364 112 -8
408 409 8
408 430 -8
408 651 -19
438 181 8
438 416 -28
181 656 28
181 180 -8
181 183 28
416 394 19
416 160 19
416 659 8
570 569 8
570 572 28
567 589 28
662 640 13
662 423 28
640 641 13
640 401 -28
423 422 8
279 277 -8
279 28 28
277 275 28
277 26 19
277 518 -19
28 48 19
28 29 28
28 499 -19
31 29 13
31 30 -8
29 27 19
29 496 28
30 9 -13
30 501 19
202 200 -28
202 201 -19
201 180 -13
201 220 -13
252 230 -8
252 253 -19
252 497 8
252 274 19
252 6 -13
230 231 28
230 475 19
253 3 -8
253 494 8
497 26 13
497 499 -13
497 496 19
497 495 -19
274 275 28
274 27 19
274 519 -13
6 8 13
6 5 -13
6 4 -28
6 472 -19
317 63 28
317 315 -13
63 84 13
63 43 -13
63 64 28
63 537 13
315 556 19
315 62 -19
541 540 13
541 539 -8
542 72 8
422 400 19
450 451 28
450 428 -8
450 192 -8
450 692 13
451 189 8
451 690 19
428 671 8
428 406 -28
428 429 19
192 191 8
192 668 -28
692 211 -19
692 694 -28
284 37 13
234 235 19
234 479 -8
10 9 -19
10 8 19
10 476 19
10 12 28
501 500 -8
501 499 -13
37 36 -8
36 507 28
500 478 -19
9 479 19
479 477 -8
479 481 28
479 478 -8
483 485 -19
483 238 13
483 481 19
396 639 8
396 141 13
396 397 8
396 374 -13
162 164 19
162 160 28
162 636 -19
162 161 -8
440 441 28
440 183 -8
440 462 19
485 240 -19
72 70 -8
70 540 19
398 376 28
398 641 19
398 143 8
398 399 -13
377 375 -19
377 617 -28
377 376 13
377 121 19
377 379 28
375 374 28
375 119 28
617 595 -13
617 143 13
376 354 13
376 619 -13
376 124 -19
121 140 -19
121 596 28
121 122 -28
379 378 13
379 123 -28
696 215 13
696 695 28
696 694 28
432 675 19
432 433 -8
432 175 19
432 410 28
456 434 -28
434 435 -28
434 412 13
434 177 8
328 350 -13
328 572 -13
328 329 19
556 534 -19
534 535 -13
534 293 -13
534 512 13
534 64 13
506 507 28
536 295 -8
536 66 -19
536 537 8
639 161 28
639 641 -8
639 637 8
161 140 -28
637 635 13
637 394 13
637 636 -8
21 491 8
21 42 8
21 271 -19
21 0 -19
491 490 -8
42 62 -19
42 293 19
42 513 19
271 270 -8
271 512 19
271 273 13
0 249 28
0 469 8
77 98 8
675 674 -13
675 673 -19
674 695 -8
674 652 13
674 435 -13
673 671 -19
673 430 8
191 671 -8
191 170 8
191 211 8
671 670 -8
671 669 -8
170 431 -19
170 149 8
170 649 8
211 212 13
555 81 -8
81 335 -8
81 102 -28
81 82 -19
523 521 8
701 223 28
701 702 -8
701 680 28
239 238 19
239 480 28
239 237 19
238 260 13
480 502 19
480 481 19
237 236 13
237 478 19
237 235 8
275 24 -8
275 273 -28
275 516 -28
24 3 -19
24 495 19
273 22 28
273 272 8
516 538 28
516 517 8
516 47 -8
516 494 -8
223 221 19
221 220 28
27 494 28
27 26 13
494 472 8
494 495 -8
26 5 19
26 46 28
215 216 8
174 435 -28
174 153 8
174 653 8
174 175 13
518 540 8
518 519 -28
518 496 19
656 634 -28
680 441 -8
291 290 -19
62 535 13
62 83 28
535 537 13
538 297 19
538 539 -28
297 295 -13
539 294 -8
539 65 8
539 537 28
433 435 13
433 431 13
431 670 19
431 430 -19
431 429 -13
254 8 8
254 499 8
254 232 -8
8 474 28
232 477 13
232 233 -13
65 66 28
321 323 28
22 1 -13
22 43 -8
22 23 28
495 250 28
248 270 8
248 249 -13
248 2 19
248 226 28
46 47 -13
46 519 8
595 355 -13
595 573 19
595 124 -8
595 596 19
355 354 -13
355 353 13
355 357 13
124 123 -8
124 122 -13
596 594 28
596 598 28
176 155 28
176 655 19
176 177 19
452 430 28
452 694 -13
430 173 -8
694 213 -13
177 652 8
177 175 8
654 415 13
654 632 -13
654 655 13
228 229 -28
228 250 19
228 473 8
229 231 28
229 227 8
250 272 8
250 4 13
473 472 13
473 475 13
473 471 -8
473 3 28
659 180 -28
12 478 -28
236 481 -28
295 293 19
295 43 -13
295 294 19
293 292 -13
43 515 -28
43 44 28
294 45 -13
294 272 -28
354 332 8
354 598 8
619 142 28
400 378 -19
400 401 8
378 356 13
123 598 19
123 102 -8
123 142 13
702 220 28
670 648 -19
648 409 -28
648 649 -19
648 173 -13
598 597 -13
102 357 -28
102 576 -19
142 401 -28
142 143 -13
447 186 -19
447 686 -13
187 188 8
187 667 -13
235 233 -13
235 476 -8
399 140 19
399 397 28
399 401 -19
48 521 13
270 23 8
270 515 28
270 292 -28
23 490 -8
515 517 28
515 513 -19
292 537 28
292 44 19
374 122 -28
353 593 -8
353 351 -13
353 98 28
1 2 -28
1 471 19
652 413 19
652 653 -28
82 332 -19
213 214 13
476 477 -13
512 490 -19
512 513 -13
512 44 -28
64 66 -8
521 519 -13
519 517 13
5 475 13
650 175 8
650 628 19
650 651 -13
175 173 8
628 154 -28
651 649 19
651 653 28
141 140 19
141 139 19
141 143 19
397 636 13
397 395 28
410 154 -13
410 388 8
410 653 -13
362 110 -13
153 154 -8
153 631 8
153 413 28
653 655 19
634 635 28
634 160 -8
634 395 8
634 613 -28
209 210 19
209 189 -13
210 212 28
189 669 -8
216 214 -8
409 149 13
149 150 28
149 627 19
122 120 -28
122 593 -28
441 180 -8
231 472 28
231 233 -13
475 474 8
475 477 19
45 47 -28
45 44 13
272 517 19
3 4 -28
348 370 13
370 392 -28
370 371 8
4 2 28
356 357 -28
356 334 19
669 668 19
669 667 19
415 413 -28
415 155 -28
413 412 -8
155 156 13
155 633 8
690 668 8
690 212 -19
646 668 19
668 429 -19
332 576 13
667 665 19
667 424 -19
667 666 13
392 635 13
635 633 -19
406 150 13
406 649 13
429 427 -19
158 160 28
158 156 -8
158 632 -8
156 154 19
156 412 -13
632 633 -13
632 611 -8
412 655 -13
249 490 -13
490 468 8
212 214 -13
474 233 -28
474 496 -13
367 369 -19
369 371 -28
369 368 28
186 665 -13
186 165 28
186 207 -19
686 664 -28
350 594 -28
350 351 13
594 593 28
594 119 -19
351 591 -8
631 388 -13
631 633 28
665 664 28
664 188 -28
664 642 13
664 425 -13
613 591 -28
613 139 19
371 611 8
120 119 28
120 591 -28
119 98 -28
591 569 -28
597 575 13
597 357 -28
227 468 -28
227 226 -28
334 335 -13
394 139 -8
394 395 -19
575 576 -13
575 335 -19
98 572 13
468 469 -28
468 2 19
469 471 -13
226 471 -19
344 588 -13
368 116 -28
588 590 8
424 425 8
569 329 28
642 403 28
425 427 13
425 165 -8
666 427 8
589 611 -8
589 590 -19
404 405 28
110 112 -28
405 403 19
