117 592 -8
117 136 19
117 373 28
117 118 -28
117 96 8
592 348 -13
592 591 -13
592 594 -28
592 590 19
136 157 -28
136 137 19
136 395 -19
136 614 -28
373 375 -19
373 372 -13
373 613 -8
373 371 -8
118 120 28
118 370 19
118 116 -19
118 589 28
96 97 8
96 351 13
96 570 28
96 75 -8
459 197 -13
459 457 -19
459 458 -28
459 461 28
459 697 13
197 198 8
197 176 -8
197 677 19
197 217 -13
457 455 -28
457 456 -8
457 195 8
457 695 -8
458 436 28
458 700 13
458 200 13
461 199 13
461 463 -8
461 699 28
461 460 13
697 219 19
697 676 -19
697 698 -13
244 245 -13
244 266 -8
244 489 -28
245 486 -8
245 243 8
245 247 28
266 20 -8
266 511 19
266 288 8
266 267 19
489 487 -13
489 19 8
489 488 28
308 286 28
308 553 28
308 309 -19
308 330 -13
308 59 19
286 531 19
286 264 -8
286 287 -13
286 39 28
553 79 8
553 555 19
553 551 28
553 552 -13
309 311 -19
309 550 -8
309 307 28
309 56 13
330 331 28
330 574 -28
330 352 -13
330 80 19
59 61 19
59 57 -19
59 528 -19
59 58 -13
604 360 28
604 602 -13
604 603 -28
604 606 -19
360 382 8
360 338 -28
360 361 -19
360 108 13
602 126 13
602 601 -19
602 600 19
602 358 28
603 130 -19
603 363 -28
603 581 8
603 624 19
606 605 8
606 129 19
606 608 8
606 362 -28
125 104 19
125 381 -8
125 600 -28
125 144 -13
104 578 -28
104 83 19
104 359 -13
381 380 -19
381 620 28
381 383 28
600 599 -28
144 165 13
144 403 -8
144 621 28
311 58 -8
311 552 28
311 310 -19
311 313 19
58 531 -13
58 38 13
552 530 -19
552 573 -8
552 82 8
310 61 -19
310 555 19
310 288 13
310 332 -19
313 554 -28
313 312 8
313 60 13
280 33 8
280 525 28
280 302 19
280 281 -13
280 258 -19
33 32 8
33 31 -19
33 35 -19
33 500 19
525 527 19
525 52 -13
525 524 -19
525 523 8
302 324 13
302 547 -13
302 303 13
302 53 28
281 279 28
281 522 -28
281 30 13
281 283 -13
258 259 13
258 12 -13
258 236 -19
258 503 8
560 558 -28
560 86 28
560 559 19
560 562 13
560 316 -28
558 557 13
558 314 13
558 84 -13
86 107 -13
86 65 8
86 87 -19
86 341 -28
559 538 28
559 319 -28
559 581 -28
559 89 8
562 318 -13
562 88 -8
562 561 -28
562 564 28
316 317 -13
316 294 8
316 338 -28
316 66 -19
151 411 8
151 172 28
151 152 28
151 629 -28
151 131 19
411 650 -28
411 409 -19
411 410 13
411 413 -13
172 433 13
172 193 19
172 651 28
172 173 19
152 408 -8
152 154 -19
152 150 28
152 626 13
629 386 13
629 631 8
629 627 -28
629 628 8
131 389 8
131 111 -13
131 608 -19
32 503 -13
32 11 -28
32 283 8
32 52 -19
503 502 8
503 505 19
503 501 28
11 12 19
11 481 -8
11 261 13
283 285 28
283 524 -13
283 282 -8
52 73 -19
52 53 28
52 305 -19
20 18 -28
20 486 -19
20 19 -8
18 16 -19
18 264 -28
18 484 -8
18 17 -28
486 508 19
486 487 -13
19 269 -28
19 40 8
203 683 28
203 465 19
203 204 -28
203 182 -8
203 222 -19
683 685 8
683 681 -13
683 440 13
683 682 -19
465 467 -28
465 703 -28
465 464 19
465 463 19
204 202 8
204 462 -19
204 206 19
204 680 13
182 661 19
182 443 -19
182 183 -28
182 161 19
222 223 -28
222 704 13
347 349 -19
347 346 28
347 345 28
347 92 28
347 587 13
349 94 -8
349 348 8
349 351 -28
349 589 -13
346 95 8
346 324 13
346 368 28
346 590 28
345 585 28
345 343 19
345 90 28
345 344 19
92 566 -19
92 71 -28
92 113 -19
92 93 -13
587 588 -19
587 609 19
587 565 -28
587 116 13
566 564 28
566 568 28
566 565 -19
566 322 -13
71 72 28
71 50 19
71 545 19
71 325 -13
113 369 19
113 588 13
113 114 8
113 132 28
93 95 19
93 91 -19
93 344 -19
93 563 19
508 267 8
508 530 -13
508 509 -8
508 41 -13
267 269 19
267 265 19
267 17 8
530 531 13
530 61 -28
530 289 28
509 38 13
509 507 -19
509 264 -28
509 511 19
41 39 -28
41 288 -8
41 40 8
318 68 13
318 340 13
318 319 -19
318 296 13
68 538 28
68 67 8
68 70 19
68 66 28
340 362 -28
340 341 -28
340 584 13
340 89 8
319 317 13
319 65 -19
319 321 -19
296 297 28
296 47 28
296 274 28
296 541 -28
95 94 -8
95 565 -13
95 97 28
94 73 28
94 115 -13
94 568 -13
565 544 19
565 325 13
97 348 28
97 567 28
97 99 -28
492 25 19
492 493 -19
492 514 -8
492 251 28
492 470 -13
25 27 28
25 272 -19
25 24 -28
25 23 -8
493 22 -19
493 491 -28
493 495 13
493 248 -19
514 536 13
514 273 -8
514 45 -8
514 515 19
251 253 -19
251 249 -19
251 250 8
251 1 -8
470 229 -13
470 471 28
470 4 -13
55 53 19
55 57 -19
55 304 8
55 54 13
55 524 -8
53 51 -19
53 522 -13
57 56 -13
57 306 -8
57 526 28
304 305 -19
304 282 -8
304 549 28
304 326 -8
54 307 28
54 527 -28
54 34 8
54 75 19
524 502 13
524 546 -19
544 74 28
544 522 28
544 545 -28
544 303 19
74 324 8
74 73 -19
74 76 -19
74 72 -28
522 500 8
522 523 -19
545 300 -19
545 543 13
545 547 28
303 50 8
303 301 -19
303 305 13
385 383 8
385 387 -19
385 624 28
385 384 -13
383 126 -13
383 382 13
383 622 28
387 386 -13
387 389 8
387 626 -28
387 129 -19
624 646 19
624 625 -28
624 150 -13
384 130 8
384 362 -19
384 627 -28
384 406 -19
467 705 8
467 205 13
467 466 -28
703 225 19
703 682 8
703 704 -13
464 442 -8
464 706 -19
464 206 8
463 201 19
463 701 19
463 462 28
531 533 13
531 529 13
533 288 8
533 60 -8
533 532 -8
529 527 19
529 56 -19
529 528 -8
529 284 19
130 128 -8
130 129 28
128 601 8
128 127 28
128 382 -19
129 149 13
129 109 28
436 179 -13
436 679 8
436 437 28
436 414 -8
179 178 -19
179 181 -8
179 177 28
179 654 -8
679 199 19
679 677 19
679 681 -8
679 678 -19
437 439 8
437 676 -8
437 435 -19
437 176 -19
414 415 -8
414 392 -28
414 158 -19
414 657 13
386 364 -19
386 408 -19
389 391 -13
389 628 28
389 388 28
626 605 -28
626 648 -19
626 627 28
610 609 -13
610 366 13
610 608 -8
610 612 -13
610 132 -8
609 135 8
609 369 8
609 630 -19
366 367 -19
366 114 -28
366 344 28
366 388 -13
608 364 8
608 607 -8
612 368 -8
612 614 -8
612 134 -19
612 611 -8
132 391 -28
132 153 13
132 133 -19
579 601 -13
579 339 13
579 557 19
579 108 -19
579 580 -28
601 361 -8
601 622 19
339 337 -28
339 84 -28
339 338 19
339 341 -8
557 317 28
557 87 -13
557 536 28
108 107 -19
108 106 -13
108 110 -19
580 336 -28
580 582 -8
580 578 28
580 105 28
178 657 -8
178 157 28
178 439 8
178 199 13
657 656 28
657 659 28
657 655 19
157 158 -13
157 417 13
157 635 28
439 438 13
439 678 -8
439 441 28
199 218 -8
199 200 13
264 265 8
264 242 19
287 285 -8
287 528 -8
287 289 28
287 36 -13
39 38 8
39 37 -8
39 506 8
564 90 -28
564 563 8
564 320 -13
568 324 13
568 570 13
568 567 -8
322 300 -8
322 72 13
322 344 -13
322 323 28
660 682 -28
660 421 -13
660 661 -8
660 185 19
660 638 19
682 206 -8
682 443 -19
421 419 -13
421 420 28
421 423 28
421 161 -19
661 418 8
661 663 -28
661 659 -13
185 442 -28
185 184 13
185 183 -28
638 639 28
638 164 8
638 617 8
638 399 13
38 289 8
38 17 -28
289 288 -19
289 291 8
17 487 19
645 402 -13
645 643 -13
645 647 13
645 644 -8
645 166 8
402 380 -19
402 424 8
402 403 -13
402 146 -13
643 165 -28
643 642 19
647 646 -28
647 404 -8
647 649 28
647 168 13
644 169 28
644 405 13
644 666 -8
644 622 -19
166 187 8
166 427 8
166 145 8
166 167 13
324 325 19
325 323 13
325 327 -13
219 218 -19
219 221 -28
676 654 -13
676 200 13
676 677 19
698 456 8
698 696 28
698 700 -8
698 217 -19
101 352 -28
101 100 -19
101 103 -28
101 99 19
101 571 -13
352 596 -8
352 374 13
352 353 28
100 79 -8
100 355 28
100 574 -19
100 121 13
103 354 -19
103 573 8
103 102 -8
99 350 8
99 569 -28
99 98 -19
571 550 8
571 572 8
571 331 -28
571 593 8
73 327 -19
73 547 13
327 326 28
327 567 8
327 329 28
547 549 -8
547 546 -28
61 60 28
60 40 8
60 81 28
550 528 19
550 551 -19
550 80 -28
528 506 -13
551 549 8
551 306 28
551 77 19
80 79 -8
80 78 -28
80 82 8
391 393 -8
391 630 -28
391 390 -8
393 392 -28
393 632 8
393 134 13
393 395 -28
630 652 8
630 631 -28
630 156 -28
390 135 19
390 412 -28
390 368 -13
390 633 13
382 625 -19
382 404 -28
338 582 -28
338 87 -28
361 363 28
361 359 -19
361 105 8
135 133 13
135 137 -13
135 134 -8
133 607 13
133 388 28
137 392 -13
137 611 -19
137 139 28
134 115 8
134 155 19
442 685 8
442 443 -8
442 420 28
685 205 -8
685 684 -8
443 445 8
443 441 13
420 398 28
420 164 -13
420 663 28
107 582 -8
107 363 13
582 581 28
582 584 19
363 362 -8
363 365 -8
616 372 -28
616 618 28
616 615 -19
616 138 -13
616 614 19
372 350 19
372 120 19
372 394 19
618 140 8
618 374 13
618 617 8
618 619 8
615 141 -8
615 375 28
615 593 -28
615 636 -28
138 397 -8
138 119 13
138 159 13
138 139 -8
614 613 28
614 370 13
445 684 8
445 184 -19
445 444 -13
684 662 28
684 705 -28
184 205 13
184 663 -28
184 163 -8
444 466 8
444 422 28
585 563 -8
585 586 -28
585 607 19
585 114 -13
563 323 19
563 542 13
586 584 -19
586 342 8
586 588 -28
586 111 -28
607 367 13
607 628 -19
114 116 8
114 112 19
205 224 13
205 206 8
663 662 -28
163 164 -8
163 641 28
163 142 13
163 423 -13
448 426 -8
448 190 13
448 691 -28
448 449 -8
426 169 -28
426 669 8
426 427 -8
426 404 19
190 189 19
190 192 19
190 188 8
190 666 8
691 689 8
691 690 13
691 692 -19
449 447 -8
449 451 8
449 688 -19
449 187 -8
298 49 -13
298 543 -28
298 299 28
298 276 -13
298 320 19
49 51 -28
49 47 -28
49 518 13
49 48 28
543 69 -8
543 541 19
543 542 -13
299 301 -28
299 540 8
299 297 8
299 46 -19
276 277 -13
276 254 -8
276 521 13
276 29 28
320 321 -28
320 342 13
320 70 13
169 167 -19
169 171 -13
169 168 8
167 642 -19
167 424 28
171 646 19
171 428 13
171 170 -13
171 173 -28
168 147 19
168 189 13
168 429 13
300 301 19
300 51 13
300 278 -28
301 48 13
301 542 28
51 50 -13
51 520 -19
278 279 28
278 31 8
278 256 -8
278 523 -19
257 255 28
257 498 -8
257 259 -8
257 7 13
257 256 -19
255 254 -28
255 253 19
255 496 28
255 5 19
498 31 -13
498 476 13
498 520 -28
498 499 -28
259 261 8
259 500 -8
259 9 13
7 28 13
7 8 -19
7 477 -13
256 234 -19
256 10 -28
256 501 -28
218 700 -28
700 702 -19
700 699 -19
331 333 -19
331 329 19
331 77 28
574 573 28
574 576 -8
574 572 19
225 224 -28
225 223 -13
704 706 28
704 702 -28
704 462 -13
79 333 8
333 573 -13
333 335 8
333 332 8
336 358 -28
336 85 -13
336 337 13
336 314 -28
358 380 -13
358 106 8
358 359 8
85 556 -8
85 87 -8
85 84 19
337 83 13
337 577 8
314 315 13
314 292 13
314 64 8
419 159 -19
419 658 -28
419 417 -13
419 418 -13
159 180 -19
159 160 -8
159 637 -19
658 680 8
658 636 8
658 659 -28
658 183 28
417 656 8
417 415 -19
417 416 -13
418 396 19
418 162 28
418 440 -28
689 208 8
689 446 -28
689 687 28
689 688 19
208 187 -28
446 447 -19
446 188 13
446 424 8
687 207 13
687 686 -28
688 210 13
688 666 -13
455 454 19
455 693 -13
455 453 -8
455 193 19
454 196 8
454 696 -13
454 432 13
693 694 8
693 672 -13
693 216 8
453 191 8
453 452 28
453 451 -13
193 673 -8
193 213 13
193 194 28
581 110 -19
581 341 28
584 109 -8
584 583 -8
305 307 8
305 546 8
282 527 -19
282 260 -13
282 35 13
549 75 8
549 548 -13
326 76 -13
326 348 -28
326 570 13
307 548 13
307 306 -8
548 78 -13
548 526 28
548 569 -19
306 284 -13
306 328 -28
599 359 8
599 620 19
599 127 -19
599 577 -28
620 642 8
620 621 19
620 146 28
127 380 -19
127 126 -19
577 578 19
577 106 -8
577 556 13
147 625 28
147 148 13
147 407 -28
625 623 -28
625 627 19
148 404 8
148 150 -19
148 146 8
148 622 8
407 409 -28
407 646 19
407 405 28
407 406 -13
263 13 13
263 261 8
263 504 8
263 265 -19
263 262 -19
13 34 8
13 483 19
13 14 -19
261 502 8
261 260 -8
504 37 13
504 482 8
504 526 8
504 505 19
265 506 19
265 15 19
262 16 13
262 240 13
262 507 -19
262 284 13
224 706 8
706 705 19
487 485 -8
487 242 8
16 15 13
16 14 8
16 482 28
15 485 -8
15 36 -8
14 260 -8
14 12 13
14 480 -13
482 241 -13
482 483 -13
343 88 8
343 341 -13
343 342 13
343 583 19
88 67 -19
88 89 8
88 109 -13
342 91 13
342 364 19
583 605 -13
583 112 -28
583 561 13
67 321 -28
67 541 -13
67 46 8
89 91 19
89 87 -8
109 110 -28
109 365 28
488 510 28
488 247 13
76 75 13
76 78 -8
76 546 28
75 329 -28
78 328 -8
78 77 -8
546 567 -13
90 111 28
90 69 8
90 91 -8
111 367 -8
111 112 -19
69 323 -19
69 70 28
69 48 -28
91 561 -19
50 523 28
50 30 13
520 279 19
520 521 13
520 542 13
699 678 -13
699 221 28
460 438 -28
460 202 19
460 702 8
246 247 -13
246 268 -28
268 269 8
268 290 -28
527 526 8
526 285 -13
380 623 8
623 621 -28
623 145 13
623 622 -13
126 105 8
126 145 19
105 106 19
105 84 8
145 405 19
145 146 -13
554 555 13
554 532 -13
554 575 19
312 290 -8
312 334 19
605 365 8
365 367 8
365 364 -8
561 321 8
561 540 -28
269 510 -13
510 532 -8
510 511 19
40 511 28
40 291 -28
34 505 -19
34 285 -28
34 35 -28
505 260 28
505 507 -19
285 284 -13
35 37 -28
35 502 19
115 371 -8
115 116 19
115 590 19
196 195 28
196 198 -13
196 194 19
196 672 28
195 675 -8
195 215 -8
195 174 -28
198 456 -13
198 674 -19
198 200 19
194 452 -8
194 670 -8
194 192 19
672 433 13
672 650 -19
672 673 28
677 675 8
677 434 8
681 438 -13
681 680 19
681 201 -13
678 202 28
678 656 -19
56 77 28
56 36 13
532 291 8
243 242 8
243 241 19
243 484 8
241 239 -8
241 240 28
484 485 -8
484 506 -8
364 112 -19
408 409 19
408 430 -28
408 651 -28
438 181 13
438 416 -19
181 656 -19
181 180 13
181 183 19
416 394 -13
416 160 19
416 659 -19
570 569 19
570 572 -28
567 589 28
662 640 -8
662 423 28
640 641 19
640 401 8
423 422 19
279 277 28
279 28 28
277 275 -8
277 26 -8
277 518 -8
28 48 -13
28 29 -8
28 499 -19
31 29 -28
31 30 -19
29 27 -28
29 496 8
30 9 28
30 501 13
202 200 -19
202 201 -8
201 180 -13
201 220 8
252 230 8
252 253 13
252 497 -8
252 274 -28
252 6 -28
230 231 -19
230 475 13
253 3 -13
253 494 -8
497 26 -28
497 499 8
497 496 -8
497 495 13
274 275 13
274 27 13
274 519 -19
6 8 -28
6 5 19
6 4 8
6 472 -8
317 63 19
317 315 28
63 84 28
63 43 28
63 64 -13
63 537 8
315 556 -8
315 62 13
541 540 8
541 539 28
542 72 -19
422 400 -28
450 451 13
450 428 -19
450 192 8
450 692 8
451 189 -28
451 690 13
428 671 28
428 406 19
428 429 -8
192 191 28
192 668 19
692 211 13
692 694 -19
284 37 8
234 235 19
234 479 8
10 9 28
10 8 28
10 476 -28
10 12 19
501 500 19
501 499 -8
37 36 -13
36 507 -13
500 478 28
9 479 28
479 477 19
479 481 13
479 478 13
483 485 -28
483 238 -13
483 481 8
396 639 19
396 141 19
396 397 8
396 374 -13
162 164 -8
162 160 -28
162 636 28
162 161 -28
440 441 19
440 183 8
440 462 -8
485 240 13
72 70 -8
70 540 8
398 376 -13
398 641 -19
398 143 19
398 399 -28
377 375 -28
377 617 8
377 376 28
377 121 13
377 379 13
375 374 19
375 119 -28
617 595 -13
617 143 -28
376 354 -28
376 619 -8
376 124 13
121 140 -28
121 596 28
121 122 -19
379 378 8
379 123 19
696 215 28
696 695 13
696 694 8
432 675 28
432 433 -19
432 175 -19
432 410 19
456 434 -19
434 435 -19
434 412 13
434 177 -8
328 350 13
328 572 -19
328 329 -8
556 534 -28
534 535 -8
534 293 13
534 512 -19
534 64 13
506 507 -13
536 295 -28
536 66 19
536 537 13
639 161 8
639 641 19
639 637 13
161 140 -13
637 635 28
637 394 -28
637 636 -19
21 491 -19
21 42 19
21 271 19
21 0 28
491 490 -13
42 62 13
42 293 -13
42 513 28
271 270 8
271 512 -28
271 273 19
0 249 -8
0 469 28
77 98 -19
675 674 13
675 673 19
674 695 28
674 652 -13
674 435 28
673 671 13
673 430 19
191 671 19
191 170 -28
191 211 8
671 670 28
671 669 -19
170 431 8
170 149 -13
170 649 28
211 212 -8
555 81 -19
81 335 13
81 102 -8
81 82 13
523 521 8
701 223 19
701 702 -19
701 680 -19
239 238 13
239 480 -28
239 237 -28
238 260 28
480 502 28
480 481 -19
237 236 -8
237 478 13
237 235 -19
275 24 -8
275 273 28
275 516 -28
24 3 8
24 495 8
273 22 8
273 272 -13
516 538 -13
516 517 -28
516 47 28
516 494 -19
223 221 -13
221 220 19
27 494 -28
27 26 28
494 472 -8
494 495 28
26 5 8
26 46 -8
215 216 19
174 435 -8
174 153 -28
174 653 -8
174 175 19
518 540 28
518 519 8
518 496 -13
656 634 -13
680 441 -28
291 290 8
62 535 13
62 83 8
535 537 8
538 297 8
538 539 28
297 295 -19
539 294 -28
539 65 -19
539 537 8
433 435 -28
433 431 -19
431 670 8
431 430 -8
431 429 -13
254 8 -28
254 499 28
254 232 19
8 474 -19
232 477 13
232 233 -8
65 66 -8
321 323 -19
22 1 -19
22 43 -8
22 23 13
495 250 28
248 270 -19
248 249 -28
248 2 19
248 226 13
46 47 28
46 519 28
595 355 -28
595 573 -13
595 124 28
595 596 28
355 354 28
355 353 13
355 357 -28
124 123 13
124 122 19
596 594 -8
596 598 -13
176 155 -8
176 655 8
176 177 13
452 430 19
452 694 13
430 173 8
694 213 -28
177 652 8
177 175 -13
654 415 13
654 632 -13
654 655 -19
228 229 -13
228 250 -8
228 473 28
229 231 19
229 227 8
250 272 19
250 4 13
473 472 8
473 475 -13
473 471 19
473 3 -19
659 180 -28
12 478 28
236 481 13
295 293 19
295 43 -19
295 294 13
293 292 13
43 515 8
43 44 -8
294 45 -8
294 272 -28
354 332 13
354 598 -8
619 142 -13
400 378 -28
400 401 19
378 356 8
123 598 -19
123 102 -8
123 142 -19
702 220 -8
670 648 13
648 409 -8
648 649 -28
648 173 19
598 597 -19
102 357 28
102 576 8
142 401 -13
142 143 28
447 186 -8
447 686 -13
187 188 19
187 667 -13
235 233 -13
235 476 8
399 140 13
399 397 19
399 401 -13
48 521 -19
270 23 28
270 515 8
270 292 13
23 490 19
515 517 19
515 513 19
292 537 -28
292 44 19
374 122 8
353 593 -28
353 351 -19
353 98 -8
1 2 13
1 471 -8
652 413 -13
652 653 8
82 332 8
213 214 -13
476 477 -28
512 490 28
512 513 8
512 44 28
64 66 19
521 519 13
519 517 -8
5 475 8
650 175 -19
650 628 -8
650 651 -13
175 173 -28
628 154 8
651 649 13
651 653 13
141 140 8
141 139 -13
141 143 19
397 636 -8
397 395 19
410 154 28
410 388 28
410 653 8
362 110 -13
153 154 -8
153 631 -8
153 413 -19
653 655 -8
634 635 28
634 160 -13
634 395 13
634 613 28
209 210 -8
209 189 -28
210 212 -8
189 669 -8
216 214 -28
409 149 8
149 150 -28
149 627 19
122 120 8
122 593 -13
441 180 8
231 472 -13
231 233 8
475 474 -8
475 477 28
45 47 -8
45 44 -19
272 517 28
3 4 19
348 370 -28
370 392 -28
370 371 13
4 2 -28
356 357 -19
356 334 8
669 668 -28
669 667 8
415 413 -8
415 155 -8
413 412 28
155 156 -28
155 633 28
690 668 -13
690 212 -19
646 668 13
668 429 -19
332 576 -8
667 665 13
667 424 28
667 666 -28
392 635 28
635 633 -19
406 150 -19
406 649 -13
429 427 8
158 160 -28
158 156 28
158 632 8
156 154 -8
156 412 -19
632 633 -28
632 611 -13
412 655 -28
249 490 19
490 468 -13
212 214 28
474 233 28
474 496 -19
367 369 -8
369 371 -19
369 368 13
186 665 -28
186 165 13
186 207 -13
686 664 13
350 594 28
350 351 -8
594 593 8
594 119 -28
351 591 13
631 388 8
631 633 19
665 664 8
664 188 13
664 642 -28
664 425 -8
613 591 -19
613 139 -8
371 611 -8
120 119 -13
120 591 19
119 98 -8
591 569 -13
597 575 8
597 357 13
227 468 19
227 226 8
334 335 8
394 139 19
394 395 13
575 576 8
575 335 -13
98 572 -8
468 469 -19
468 2 19
469 471 -19
226 471 -13
344 588 -19
368 116 8
588 590 -13
424 425 -28
569 329 8
642 403 -13
425 427 -19
425 165 -13
666 427 -8
589 611 -13
589 590 -8
404 405 -28
110 112 -28
405 403 8
