87 339 8
87 100 28
87 228 8
87 88 8
87 72 19
339 338 13
339 209 28
339 337 -13
100 115 19
100 101 13
100 355 -28
100 244 -8
228 227 19
228 226 -28
228 354 28
88 225 -13
88 86 -13
88 336 -13
72 73 28
72 57 8
72 212 8
72 323 -19
146 144 -8
146 273 -28
146 148 -8
146 11 -28
146 145 -13
144 143 -13
144 142 19
144 271 -13
144 9 13
273 289 -19
273 257 8
273 29 13
273 274 19
148 275 8
148 13 -19
148 147 -19
11 12 -19
11 26 13
11 258 -28
145 14 8
145 129 -28
145 276 -19
145 161 19
371 241 28
371 370 -8
371 369 -8
371 115 19
241 225 -28
241 242 -8
241 101 8
370 244 -19
370 354 13
369 239 8
369 367 -13
369 113 13
369 368 -28
115 116 8
12 14 -28
12 143 -13
12 10 -19
12 255 -28
26 274 28
26 27 19
26 162 -19
26 40 -28
258 257 -13
258 256 -8
258 127 13
258 260 19
264 263 -13
264 16 19
264 262 28
264 266 -8
264 133 19
263 19 19
263 279 -19
263 136 -28
263 247 13
16 17 -19
16 1 -28
16 31 8
16 152 8
262 15 13
262 261 28
266 265 -19
266 268 13
266 18 -28
266 135 -13
133 2 13
133 149 -28
133 134 -19
133 117 -8
188 314 -28
188 187 -19
188 49 13
188 190 -28
188 186 -8
314 67 8
314 299 -13
314 315 28
314 330 -19
187 171 -28
187 52 -19
187 203 28
187 317 13
49 300 8
49 50 -28
49 34 28
49 64 8
190 51 8
190 189 -28
190 316 28
190 192 19
186 185 -28
186 312 -8
186 184 -8
186 47 -13
304 53 28
304 306 8
304 173 8
304 303 -13
304 302 -19
53 68 -28
53 54 28
53 192 19
53 38 28
306 55 -13
306 175 -8
306 305 -19
306 308 -19
173 174 -8
173 39 28
173 157 13
173 189 -13
303 287 13
303 56 -8
303 176 -28
303 318 28
302 171 -28
302 300 -19
302 51 -28
302 301 -28
300 298 -19
300 299 -19
300 169 -28
50 185 13
50 52 19
50 48 -13
50 297 -28
34 172 13
34 284 -19
34 35 19
34 20 19
64 204 28
64 65 13
64 315 -28
64 79 13
14 257 13
14 13 8
257 130 -28
13 260 -13
13 28 -8
345 215 19
345 343 -28
345 344 -28
345 347 13
215 231 13
215 199 -8
215 216 19
215 78 -28
343 341 -8
343 90 -19
343 213 -13
343 342 -8
344 94 13
344 218 -13
344 328 -8
344 360 -8
347 93 13
347 346 8
347 349 28
347 217 28
89 74 -13
89 230 -28
89 341 -8
89 102 19
74 59 -28
74 214 -28
74 325 -19
230 229 28
230 356 8
230 232 -8
341 340 -28
102 357 28
159 27 8
159 290 -13
159 175 19
159 160 -13
159 143 28
27 29 -8
27 25 13
27 271 13
290 292 19
290 40 -19
290 289 -19
290 288 -8
175 191 28
175 176 -19
175 41 -28
160 287 -28
160 162 -28
160 158 -8
160 24 8
143 127 19
143 274 28
313 311 -19
313 62 -28
313 312 28
313 315 -19
313 183 -8
311 181 8
311 60 -8
311 310 -19
62 77 -13
62 63 8
62 47 -19
62 202 -8
312 328 8
312 297 13
312 65 -8
315 185 8
315 317 -13
183 167 19
183 184 19
183 199 -13
183 48 -8
109 110 19
109 365 8
109 95 -13
110 108 -13
110 362 19
110 112 -13
365 364 19
365 367 8
365 235 19
365 363 -13
95 238 19
95 81 19
95 349 -8
243 227 -19
243 244 -28
227 211 -19
244 242 19
172 174 13
172 171 -28
172 299 -19
172 170 -8
284 286 -8
284 283 19
284 282 -28
284 153 -19
35 37 -13
35 33 -28
35 169 -28
35 281 -28
20 156 -8
20 268 -19
20 5 28
20 21 -13
327 329 8
327 197 8
327 325 -19
327 75 -19
327 326 -13
329 77 -8
329 328 8
329 331 28
329 199 19
197 198 19
197 61 -8
197 213 8
197 181 19
325 324 -8
75 90 -8
75 60 -13
75 76 -28
75 216 -28
326 342 13
326 200 28
326 310 -19
326 78 8
201 202 -13
201 185 28
201 331 -8
201 217 28
201 65 -13
202 204 19
202 328 -13
202 200 8
185 169 19
331 79 8
331 333 -8
331 330 -8
217 80 -8
217 218 -19
217 233 -13
65 67 -13
65 63 -13
246 248 -19
246 245 -19
246 0 19
248 247 -19
248 250 13
248 117 -13
248 1 -19
245 261 -19
245 2 8
245 118 -8
0 15 8
0 134 -8
274 276 -19
274 272 13
162 289 -28
162 164 8
162 161 19
40 55 28
40 41 -28
40 178 -19
119 120 13
119 135 8
119 250 -19
120 122 -19
120 247 -13
120 118 13
135 4 13
135 136 -8
135 151 -19
250 3 28
250 252 19
250 249 -19
287 288 28
287 271 -19
287 41 19
288 286 13
288 157 -13
288 38 -13
271 272 -13
271 255 13
41 43 19
41 39 -13
37 283 19
37 36 -19
37 39 -19
37 171 -13
283 299 -19
283 156 -28
283 267 19
36 174 -13
36 286 13
36 22 8
36 51 -19
39 38 13
39 285 28
171 155 13
225 355 13
225 226 28
225 209 28
355 353 13
355 354 -8
226 224 28
226 85 13
226 352 -8
209 210 13
209 73 -19
209 193 -8
292 161 -28
292 42 -8
292 291 -8
289 43 13
289 305 19
127 128 -28
208 210 -13
208 207 -13
208 206 13
208 68 19
208 334 -19
210 212 -13
210 70 28
210 336 -13
207 71 19
207 191 13
207 223 -8
207 337 28
206 332 -13
206 204 -8
206 66 -19
206 205 8
68 319 8
68 83 28
68 69 -13
334 350 -19
334 318 8
334 335 -28
334 86 -28
319 317 -13
319 321 28
319 318 13
319 189 28
83 84 28
83 224 28
83 335 28
83 96 -28
69 71 28
69 67 -28
69 316 -8
69 205 -13
126 124 19
126 125 13
126 253 13
126 128 19
124 251 13
124 122 28
124 123 -8
125 141 19
125 256 13
253 269 -8
253 254 -19
253 10 -19
128 130 13
128 255 28
247 4 -13
117 118 28
1 2 -28
1 136 19
169 170 28
169 153 -8
71 70 13
71 318 -28
71 73 8
70 55 -13
70 85 13
70 321 8
318 192 -19
73 320 -8
168 166 -19
168 170 8
168 295 19
168 31 8
168 167 -19
166 293 19
166 30 -19
166 165 28
170 297 8
295 279 19
295 296 28
295 48 -8
295 310 19
31 280 -8
31 45 -8
31 32 -13
167 33 -19
167 298 8
167 151 19
116 114 -8
116 368 8
129 260 -28
129 130 -8
276 28 -8
276 275 -13
161 177 13
161 29 19
19 17 -19
19 21 -13
19 18 -28
19 151 13
279 280 -13
279 152 28
279 33 -19
136 138 19
136 134 -8
43 177 8
43 42 28
177 178 -28
177 308 28
177 193 13
42 180 13
42 28 -13
42 57 -19
56 191 19
56 58 28
56 54 8
56 55 8
176 174 -8
176 38 -28
176 178 -19
150 15 19
150 277 8
150 149 -13
150 152 -19
15 30 28
277 32 -19
277 278 -8
277 261 13
277 293 -28
149 17 8
149 280 -19
149 165 8
152 154 -8
152 151 -8
80 328 -28
80 82 13
80 79 19
80 78 -19
82 84 -13
82 219 28
82 330 -13
82 81 -19
79 93 -13
79 220 19
78 77 13
78 76 8
234 232 8
234 236 -8
234 360 28
234 233 -13
232 90 13
232 358 -13
232 231 -19
236 235 -13
236 238 19
236 362 8
236 93 -28
360 361 8
360 108 -13
233 94 19
233 363 -13
191 321 -13
191 192 -28
58 57 -13
58 193 28
58 305 -28
54 52 -13
54 301 8
54 189 -19
55 194 8
17 261 -19
261 134 -8
94 92 -13
94 93 -28
92 91 -8
92 231 -13
92 342 -8
93 107 13
297 298 -8
297 281 8
235 219 -8
238 240 -28
238 364 -8
238 237 19
362 346 -28
362 363 -8
351 350 -13
351 221 -13
351 349 -28
351 353 -28
351 96 13
350 99 -8
350 366 -8
350 224 28
221 84 -28
221 222 8
221 205 -28
221 237 28
349 219 -19
349 348 19
353 98 -28
353 223 -19
353 352 28
96 240 8
96 111 -13
96 97 8
342 216 -19
342 358 28
200 198 13
200 199 19
200 60 13
310 63 28
310 184 8
270 139 -19
270 22 19
270 268 -13
270 272 8
270 269 -28
139 155 -28
139 123 -19
139 140 8
139 8 28
22 23 13
22 7 -28
22 158 28
268 137 -8
268 267 -19
272 141 28
272 24 -28
269 142 -28
269 285 -8
269 25 19
2 4 -8
317 66 -19
317 316 13
321 323 -19
321 320 -19
189 205 -28
4 3 28
4 6 -28
305 178 28
305 320 -13
223 224 19
223 239 -19
223 86 28
337 335 -19
337 85 28
337 336 -8
361 359 19
361 363 13
361 231 13
361 105 19
359 229 -19
359 357 19
359 103 -8
359 358 -28
363 107 -28
105 106 -8
141 142 -8
141 10 -8
141 157 -28
256 254 -8
256 9 19
256 255 28
294 293 -28
294 296 -8
294 44 -13
293 46 -28
293 309 -28
296 45 19
296 298 8
296 165 -8
44 59 -13
44 182 8
44 30 8
3 138 28
3 18 -8
6 8 -8
6 5 -19
6 137 19
6 249 8
218 220 -8
218 216 -8
218 77 19
220 346 -8
220 222 -8
220 219 -28
216 214 19
132 259 -28
132 131 -13
132 130 13
259 275 8
259 260 -13
131 147 8
192 194 -13
174 301 28
301 285 -8
301 316 13
84 86 -28
84 332 8
86 85 -28
332 316 19
332 333 19
332 348 8
280 278 -13
280 282 19
165 181 19
165 32 13
194 193 28
194 320 -19
194 196 8
338 212 -8
338 354 -13
338 322 19
32 33 -19
278 30 -8
107 108 13
240 242 8
240 366 -19
240 239 19
242 98 19
242 368 -8
366 367 8
366 114 13
239 99 -28
199 63 8
282 281 -28
282 151 28
198 59 -28
198 324 28
324 340 -8
324 309 -19
324 76 -19
99 97 -19
99 101 -28
99 98 -8
224 222 19
23 21 -13
23 25 -8
23 267 -8
23 155 -8
21 265 -28
21 153 19
25 157 19
25 24 -28
267 251 -19
267 140 8
155 286 13
155 156 13
142 140 28
142 7 19
285 286 8
285 158 -19
97 348 8
97 237 19
101 352 19
98 85 19
98 113 -28
138 265 13
138 137 28
138 140 13
61 63 19
61 60 19
61 309 -19
60 45 -19
309 182 -19
333 203 19
333 335 -19
333 81 28
348 364 13
348 222 28
28 29 8
28 164 28
275 291 19
251 8 -28
251 252 -19
8 7 28
8 10 13
252 254 13
252 121 -28
252 5 19
108 106 -13
106 104 -8
106 358 19
254 7 13
254 123 19
46 45 -28
46 181 -13
46 48 28
45 184 13
181 182 13
48 47 -8
222 81 -8
205 335 -13
237 367 -28
147 163 13
298 47 28
299 52 -19
157 158 -19
140 5 8
340 214 8
340 356 19
340 91 -13
212 211 8
322 323 -19
322 307 19
322 196 19
156 158 19
156 154 13
213 214 13
213 229 -28
213 76 -19
113 114 28
323 193 -8
307 180 -28
307 308 -28
307 291 -28
196 195 -28
196 57 -8
364 112 -13
112 111 -13
112 114 13
291 164 -28
164 163 -8
182 184 -19
367 111 -8
67 203 -19
67 66 8
203 204 -13
203 219 -28
66 81 -28
66 51 -13
178 180 13
308 57 -28
52 51 19
229 91 -8
356 357 -19
356 104 -28
211 195 28
180 179 -13
179 163 28
179 195 -28
91 90 19
90 103 -19
346 330 13
265 281 -13
265 249 19
18 154 28
204 330 -28
122 121 -13
122 249 19
121 137 19
38 24 -8
336 320 -19
336 352 13
103 104 -8
281 154 -28
137 153 8
352 368 -19
154 153 -8
9 10 13
9 24 13
