87 339 19
87 100 -8
87 228 -28
87 88 -8
87 72 13
339 338 -8
339 209 13
339 337 28
100 115 28
100 101 28
100 355 8
100 244 -8
228 227 28
228 226 19
228 354 -28
88 225 -13
88 86 19
88 336 -8
72 73 19
72 57 -28
72 212 13
72 323 8
146 144 13
146 273 19
146 148 13
146 11 13
146 145 -8
144 143 28
144 142 19
144 271 8
144 9 19
273 289 8
273 257 -8
273 29 -8
273 274 -13
148 275 -13
148 13 -8
148 147 -19
11 12 28
11 26 28
11 258 8
145 14 8
145 129 13
145 276 -13
145 161 -8
371 241 8
371 370 -13
371 369 -19
371 115 -28
241 225 28
241 242 13
241 101 -28
370 244 -13
370 354 28
369 239 28
369 367 19
369 113 19
369 368 19
115 116 8
12 14 -28
12 143 -19
12 10 19
12 255 -28
26 274 -28
26 27 -8
26 162 -13
26 40 13
258 257 8
258 256 8
258 127 -28
258 260 -8
264 263 -8
264 16 -8
264 262 -13
264 266 -19
264 133 28
263 19 -8
263 279 -8
263 136 -8
263 247 -13
16 17 -8
16 1 28
16 31 19
16 152 19
262 15 8
262 261 -8
266 265 28
266 268 13
266 18 8
266 135 19
133 2 -13
133 149 -28
133 134 -28
133 117 8
188 314 28
188 187 -28
188 49 8
188 190 -8
188 186 28
314 67 -13
314 299 13
314 315 19
314 330 -13
187 171 28
187 52 8
187 203 -8
187 317 13
49 300 -13
49 50 19
49 34 -13
49 64 -13
190 51 19
190 189 8
190 316 -28
190 192 13
186 185 28
186 312 -28
186 184 -8
186 47 28
304 53 8
304 306 28
304 173 -13
304 303 28
304 302 8
53 68 28
53 54 8
53 192 -19
53 38 -19
306 55 -8
306 175 28
306 305 -13
306 308 -19
173 174 28
173 39 28
173 157 28
173 189 28
303 287 -8
303 56 28
303 176 -28
303 318 19
302 171 -28
302 300 -28
302 51 -8
302 301 -8
300 298 19
300 299 13
300 169 8
50 185 19
50 52 19
50 48 13
50 297 -13
34 172 28
34 284 -19
34 35 8
34 20 13
64 204 19
64 65 -8
64 315 8
64 79 -28
14 257 13
14 13 -8
257 130 -19
13 260 19
13 28 -28
345 215 -19
345 343 28
345 344 -13
345 347 -13
215 231 -8
215 199 8
215 216 -8
215 78 8
343 341 -13
343 90 -13
343 213 -8
343 342 -28
344 94 28
344 218 -19
344 328 28
344 360 -13
347 93 13
347 346 -28
347 349 8
347 217 8
89 74 28
89 230 -28
89 341 13
89 102 8
74 59 -8
74 214 -13
74 325 -13
230 229 -13
230 356 -28
230 232 -8
341 340 19
102 357 -28
159 27 8
159 290 -28
159 175 19
159 160 8
159 143 8
27 29 -28
27 25 28
27 271 -28
290 292 13
290 40 -19
290 289 28
290 288 -19
175 191 28
175 176 13
175 41 -13
160 287 -13
160 162 8
160 158 19
160 24 19
143 127 19
143 274 -13
313 311 19
313 62 28
313 312 -19
313 315 -8
313 183 8
311 181 -28
311 60 -13
311 310 -13
62 77 8
62 63 -8
62 47 -19
62 202 8
312 328 -19
312 297 -19
312 65 8
315 185 -13
315 317 28
183 167 -19
183 184 8
183 199 13
183 48 -28
109 110 -28
109 365 -28
109 95 8
110 108 19
110 362 8
110 112 -13
365 364 -28
365 367 -19
365 235 8
365 363 -13
95 238 28
95 81 13
95 349 13
243 227 8
243 244 -19
227 211 28
244 242 -13
172 174 -13
172 171 -19
172 299 -19
172 170 13
284 286 19
284 283 8
284 282 8
284 153 13
35 37 13
35 33 -28
35 169 8
35 281 -13
20 156 -8
20 268 28
20 5 -13
20 21 -13
327 329 19
327 197 -19
327 325 13
327 75 -8
327 326 -8
329 77 -13
329 328 13
329 331 13
329 199 28
197 198 -28
197 61 13
197 213 -13
197 181 -19
325 324 8
75 90 -13
75 60 -13
75 76 -19
75 216 -19
326 342 19
326 200 -19
326 310 -13
326 78 -8
201 202 8
201 185 13
201 331 -28
201 217 -8
201 65 -28
202 204 8
202 328 -13
202 200 13
185 169 -13
331 79 -13
331 333 13
331 330 8
217 80 -19
217 218 -19
217 233 -19
65 67 -8
65 63 8
246 248 19
246 245 13
246 0 19
248 247 -13
248 250 -8
248 117 13
248 1 -13
245 261 -13
245 2 19
245 118 -8
0 15 -8
0 134 -8
274 276 -28
274 272 -8
162 289 28
162 164 19
162 161 13
40 55 -13
40 41 19
40 178 -13
119 120 -13
119 135 19
119 250 -13
120 122 -19
120 247 -28
120 118 28
135 4 8
135 136 -28
135 151 -28
250 3 -28
250 252 -13
250 249 -8
287 288 -28
287 271 -28
287 41 -19
288 286 -19
288 157 8
288 38 28
271 272 -8
271 255 13
41 43 -8
41 39 -13
37 283 13
37 36 28
37 39 8
37 171 8
283 299 19
283 156 -28
283 267 28
36 174 19
36 286 13
36 22 19
36 51 -13
39 38 19
39 285 -13
171 155 28
225 355 28
225 226 -19
225 209 -28
355 353 -8
355 354 -8
226 224 -19
226 85 28
226 352 28
209 210 -19
209 73 8
209 193 -28
292 161 -19
292 42 -28
292 291 19
289 43 28
289 305 -13
127 128 -13
208 210 -28
208 207 28
208 206 -8
208 68 -19
208 334 -13
210 212 8
210 70 28
210 336 -8
207 71 -8
207 191 8
207 223 28
207 337 19
206 332 -13
206 204 8
206 66 -19
206 205 8
68 319 -13
68 83 19
68 69 19
334 350 -13
334 318 28
334 335 -13
334 86 8
319 317 8
319 321 19
319 318 -28
319 189 19
83 84 28
83 224 -28
83 335 19
83 96 -28
69 71 28
69 67 19
69 316 28
69 205 13
126 124 13
126 125 19
126 253 -8
126 128 -8
124 251 -19
124 122 19
124 123 -8
125 141 -8
125 256 8
253 269 19
253 254 -19
253 10 8
128 130 -19
128 255 -28
247 4 -19
117 118 -28
1 2 -8
1 136 19
169 170 -28
169 153 28
71 70 28
71 318 28
71 73 -19
70 55 -8
70 85 -8
70 321 28
318 192 -19
73 320 19
168 166 -13
168 170 -8
168 295 13
168 31 -8
168 167 -28
166 293 13
166 30 -13
166 165 28
170 297 -8
295 279 28
295 296 13
295 48 -13
295 310 -28
31 280 -19
31 45 19
31 32 -8
167 33 19
167 298 -13
167 151 13
116 114 -28
116 368 28
129 260 8
129 130 28
276 28 19
276 275 8
161 177 -28
161 29 28
19 17 19
19 21 28
19 18 13
19 151 -13
279 280 13
279 152 -19
279 33 8
136 138 28
136 134 8
43 177 -13
43 42 -19
177 178 28
177 308 -19
177 193 8
42 180 -13
42 28 -13
42 57 13
56 191 -19
56 58 8
56 54 28
56 55 -13
176 174 28
176 38 28
176 178 19
150 15 8
150 277 19
150 149 -13
150 152 -8
15 30 -13
277 32 8
277 278 19
277 261 19
277 293 28
149 17 -28
149 280 -8
149 165 -13
152 154 -13
152 151 19
80 328 13
80 82 -8
80 79 8
80 78 -19
82 84 28
82 219 -28
82 330 -13
82 81 8
79 93 28
79 220 -28
78 77 -8
78 76 28
234 232 28
234 236 -19
234 360 -19
234 233 -28
232 90 28
232 358 -28
232 231 -13
236 235 -28
236 238 -28
236 362 19
236 93 -8
360 361 -28
360 108 19
233 94 28
233 363 8
191 321 -8
191 192 -19
58 57 28
58 193 19
58 305 -8
54 52 28
54 301 -13
54 189 13
55 194 -28
17 261 28
261 134 19
94 92 -19
94 93 -8
92 91 8
92 231 13
92 342 -19
93 107 -19
297 298 8
297 281 19
235 219 8
238 240 19
238 364 8
238 237 -13
362 346 -8
362 363 19
351 350 8
351 221 28
351 349 -19
351 353 -19
351 96 -8
350 99 19
350 366 -13
350 224 -19
221 84 -19
221 222 -13
221 205 -13
221 237 28
349 219 13
349 348 -8
353 98 19
353 223 -19
353 352 -8
96 240 8
96 111 8
96 97 13
342 216 -28
342 358 -13
200 198 8
200 199 13
200 60 19
310 63 8
310 184 -8
270 139 -28
270 22 13
270 268 -28
270 272 -13
270 269 13
139 155 -8
139 123 -19
139 140 -13
139 8 -28
22 23 -13
22 7 8
22 158 -13
268 137 28
268 267 19
272 141 -13
272 24 -28
269 142 -28
269 285 -8
269 25 13
2 4 -19
317 66 -28
317 316 -28
321 323 13
321 320 -19
189 205 8
4 3 -13
4 6 -28
305 178 -8
305 320 13
223 224 19
223 239 8
223 86 8
337 335 -19
337 85 -8
337 336 -8
361 359 28
361 363 8
361 231 28
361 105 -19
359 229 19
359 357 8
359 103 28
359 358 -13
363 107 8
105 106 -28
141 142 19
141 10 -13
141 157 8
256 254 -8
256 9 13
256 255 -13
294 293 -13
294 296 -19
294 44 -13
293 46 19
293 309 8
296 45 13
296 298 28
296 165 -8
44 59 19
44 182 13
44 30 -28
3 138 -13
3 18 -8
6 8 -28
6 5 -19
6 137 8
6 249 8
218 220 13
218 216 13
218 77 -13
220 346 13
220 222 -8
220 219 -19
216 214 -8
132 259 -28
132 131 -19
132 130 -19
259 275 -8
259 260 28
131 147 8
192 194 28
174 301 -19
301 285 8
301 316 -8
84 86 -8
84 332 -13
86 85 -8
332 316 28
332 333 -13
332 348 13
280 278 13
280 282 8
165 181 -28
165 32 -19
194 193 -13
194 320 8
194 196 -13
338 212 -19
338 354 -8
338 322 19
32 33 28
278 30 -8
107 108 19
240 242 8
240 366 -28
240 239 -19
242 98 -19
242 368 -13
366 367 13
366 114 -28
239 99 8
199 63 -28
282 281 13
282 151 -28
198 59 -13
198 324 -28
324 340 -28
324 309 19
324 76 8
99 97 19
99 101 13
99 98 -8
224 222 -19
23 21 -13
23 25 -19
23 267 8
23 155 -13
21 265 13
21 153 -8
25 157 -19
25 24 8
267 251 -28
267 140 -8
155 286 28
155 156 28
142 140 -13
142 7 28
285 286 8
285 158 8
97 348 -28
97 237 13
101 352 28
98 85 28
98 113 -19
138 265 13
138 137 -13
138 140 13
61 63 -8
61 60 19
61 309 -8
60 45 -19
309 182 -28
333 203 -8
333 335 -8
333 81 -8
348 364 -8
348 222 -8
28 29 -28
28 164 -19
275 291 28
251 8 -13
251 252 -19
8 7 -19
8 10 28
252 254 -19
252 121 13
252 5 13
108 106 -28
106 104 19
106 358 -13
254 7 -8
254 123 8
46 45 8
46 181 -8
46 48 -8
45 184 -19
181 182 -19
48 47 19
222 81 -19
205 335 28
237 367 -8
147 163 -19
298 47 8
299 52 19
157 158 28
140 5 13
340 214 -13
340 356 8
340 91 -28
212 211 13
322 323 28
322 307 -28
322 196 28
156 158 8
156 154 -19
213 214 28
213 229 -13
213 76 -19
113 114 -8
323 193 13
307 180 28
307 308 -19
307 291 -8
196 195 -28
196 57 -13
364 112 19
112 111 -19
112 114 8
291 164 -8
164 163 -8
182 184 -8
367 111 -28
67 203 -28
67 66 13
203 204 -13
203 219 -13
66 81 -28
66 51 -13
178 180 -19
308 57 -8
52 51 -8
229 91 -13
356 357 8
356 104 19
211 195 -13
180 179 -13
179 163 -19
179 195 13
91 90 -28
90 103 -19
346 330 28
265 281 19
265 249 13
18 154 -13
204 330 28
122 121 19
122 249 28
121 137 -28
38 24 8
336 320 19
336 352 -8
103 104 -19
281 154 -28
137 153 8
352 368 19
154 153 -28
9 10 13
9 24 -13
