87 339 -19
87 100 28
87 228 28
87 88 -28
87 72 -8
339 338 -19
339 209 19
339 337 -13
100 115 -28
100 101 -28
100 355 13
100 244 -13
228 227 8
228 226 -19
228 354 -19
88 225 -13
88 86 28
88 336 -28
72 73 8
72 57 19
72 212 -13
72 323 -13
146 144 -8
146 273 -13
146 148 -19
146 11 -28
146 145 -28
144 143 28
144 142 19
144 271 28
144 9 -28
273 289 13
273 257 8
273 29 28
273 274 -19
148 275 -8
148 13 8
148 147 13
11 12 28
11 26 -13
11 258 19
145 14 19
145 129 28
145 276 28
145 161 -19
371 241 -19
371 370 13
371 369 13
371 115 13
241 225 -13
241 242 -28
241 101 -8
370 244 13
370 354 -13
369 239 8
369 367 13
369 113 -13
369 368 19
115 116 19
12 14 -13
12 143 19
12 10 28
12 255 -19
26 274 8
26 27 -8
26 162 -28
26 40 28
258 257 13
258 256 28
258 127 13
258 260 28
264 263 28
264 16 19
264 262 19
264 266 28
264 133 8
263 19 -28
263 279 -19
263 136 -19
263 247 13
16 17 28
16 1 -13
16 31 13
16 152 -28
262 15 8
262 261 19
266 265 -28
266 268 -8
266 18 13
266 135 -28
133 2 8
133 149 28
133 134 28
133 117 8
188 314 19
188 187 -13
188 49 13
188 190 -19
188 186 13
314 67 28
314 299 28
314 315 -8
314 330 -28
187 171 -8
187 52 19
187 203 -28
187 317 28
49 300 8
49 50 19
49 34 13
49 64 -19
190 51 28
190 189 28
190 316 -28
190 192 -13
186 185 -19
186 312 28
186 184 -13
186 47 -28
304 53 -8
304 306 28
304 173 -13
304 303 -13
304 302 -8
53 68 -13
53 54 28
53 192 8
53 38 8
306 55 8
306 175 28
306 305 -19
306 308 19
173 174 -8
173 39 -8
173 157 -19
173 189 -8
303 287 -19
303 56 -13
303 176 28
303 318 19
302 171 -28
302 300 19
302 51 -8
302 301 19
300 298 28
300 299 8
300 169 28
50 185 -28
50 52 19
50 48 -28
50 297 13
34 172 -19
34 284 -13
34 35 13
34 20 8
64 204 -13
64 65 19
64 315 -8
64 79 -13
14 257 8
14 13 -13
257 130 8
13 260 13
13 28 28
345 215 -8
345 343 -28
345 344 -19
345 347 19
215 231 28
215 199 -8
215 216 13
215 78 -19
343 341 28
343 90 8
343 213 -19
343 342 -8
344 94 28
344 218 8
344 328 -28
344 360 19
347 93 -19
347 346 13
347 349 13
347 217 -8
89 74 -19
89 230 19
89 341 -28
89 102 -8
74 59 28
74 214 19
74 325 8
230 229 -8
230 356 -8
230 232 -13
341 340 -28
102 357 -19
159 27 19
159 290 -19
159 175 28
159 160 28
159 143 -13
27 29 -19
27 25 28
27 271 28
290 292 -28
290 40 8
290 289 -19
290 288 -13
175 191 -28
175 176 13
175 41 13
160 287 -28
160 162 28
160 158 -28
160 24 28
143 127 28
143 274 -19
313 311 8
313 62 19
313 312 8
313 315 -13
313 183 -19
311 181 19
311 60 13
311 310 -28
62 77 -8
62 63 19
62 47 -13
62 202 19
312 328 8
312 297 -13
312 65 -19
315 185 19
315 317 -8
183 167 28
183 184 8
183 199 -13
183 48 8
109 110 13
109 365 28
109 95 28
110 108 -19
110 362 19
110 112 8
365 364 19
365 367 8
365 235 8
365 363 19
95 238 -13
95 81 -8
95 349 13
243 227 13
243 244 28
227 211 19
244 242 -28
172 174 13
172 171 -8
172 299 -19
172 170 -28
284 286 -28
284 283 -8
284 282 19
284 153 28
35 37 8
35 33 -8
35 169 13
35 281 8
20 156 -19
20 268 8
20 5 19
20 21 -8
327 329 13
327 197 -8
327 325 -28
327 75 8
327 326 -8
329 77 -28
329 328 -13
329 331 28
329 199 -19
197 198 19
197 61 -13
197 213 -13
197 181 -8
325 324 19
75 90 13
75 60 8
75 76 28
75 216 -8
326 342 -19
326 200 8
326 310 13
326 78 -28
201 202 -13
201 185 28
201 331 -13
201 217 28
201 65 8
202 204 13
202 328 28
202 200 13
185 169 13
331 79 19
331 333 -13
331 330 -13
217 80 28
217 218 -19
217 233 -8
65 67 28
65 63 -13
246 248 -13
246 245 -28
246 0 8
248 247 28
248 250 -19
248 117 -8
248 1 -28
245 261 -13
245 2 8
245 118 -19
0 15 -28
0 134 19
274 276 13
274 272 19
162 289 -13
162 164 8
162 161 -13
40 55 19
40 41 -28
40 178 -8
119 120 -19
119 135 19
119 250 -28
120 122 13
120 247 -19
120 118 28
135 4 28
135 136 13
135 151 28
250 3 13
250 252 -8
250 249 8
287 288 -13
287 271 -19
287 41 -13
288 286 13
288 157 -19
288 38 19
271 272 -19
271 255 -13
41 43 28
41 39 19
37 283 8
37 36 -13
37 39 -13
37 171 28
283 299 28
283 156 -19
283 267 28
36 174 -19
36 286 19
36 22 19
36 51 -28
39 38 -28
39 285 -8
171 155 -8
225 355 -28
225 226 -13
225 209 28
355 353 19
355 354 -19
226 224 -28
226 85 -8
226 352 13
209 210 28
209 73 28
209 193 -19
292 161 13
292 42 -19
292 291 28
289 43 -19
289 305 -28
127 128 -13
208 210 -28
208 207 -8
208 206 -13
208 68 28
208 334 -13
210 212 13
210 70 19
210 336 -13
207 71 -8
207 191 -8
207 223 -28
207 337 -19
206 332 8
206 204 -13
206 66 -28
206 205 -13
68 319 -19
68 83 13
68 69 8
334 350 -13
334 318 28
334 335 -28
334 86 8
319 317 8
319 321 -8
319 318 13
319 189 13
83 84 19
83 224 8
83 335 -19
83 96 13
69 71 28
69 67 -13
69 316 8
69 205 8
126 124 -13
126 125 28
126 253 28
126 128 -28
124 251 28
124 122 28
124 123 -8
125 141 13
125 256 19
253 269 -8
253 254 -13
253 10 28
128 130 8
128 255 -19
247 4 28
117 118 8
1 2 13
1 136 28
169 170 -13
169 153 -19
71 70 -13
71 318 -13
71 73 8
70 55 -8
70 85 13
70 321 -13
318 192 13
73 320 13
168 166 28
168 170 -8
168 295 -13
168 31 13
168 167 8
166 293 -8
166 30 -13
166 165 13
170 297 19
295 279 13
295 296 19
295 48 13
295 310 -19
31 280 13
31 45 28
31 32 13
167 33 -19
167 298 8
167 151 19
116 114 -8
116 368 -19
129 260 -8
129 130 28
276 28 -19
276 275 28
161 177 -8
161 29 -8
19 17 13
19 21 19
19 18 13
19 151 13
279 280 -28
279 152 -19
279 33 -8
136 138 -13
136 134 8
43 177 28
43 42 -28
177 178 -8
177 308 -19
177 193 28
42 180 -8
42 28 -28
42 57 -13
56 191 -13
56 58 8
56 54 -19
56 55 -19
176 174 -13
176 38 28
176 178 -19
150 15 28
150 277 28
150 149 -19
150 152 -28
15 30 -19
277 32 8
277 278 -8
277 261 -19
277 293 -8
149 17 -19
149 280 -13
149 165 -19
152 154 -19
152 151 8
80 328 13
80 82 -19
80 79 8
80 78 28
82 84 19
82 219 -8
82 330 8
82 81 28
79 93 28
79 220 -13
78 77 -8
78 76 19
234 232 -28
234 236 28
234 360 19
234 233 -28
232 90 19
232 358 -19
232 231 -13
236 235 19
236 238 13
236 362 28
236 93 13
360 361 28
360 108 -19
233 94 8
233 363 19
191 321 -13
191 192 -28
58 57 28
58 193 -19
58 305 -13
54 52 -13
54 301 -8
54 189 8
55 194 8
17 261 13
261 134 -8
94 92 8
94 93 19
92 91 28
92 231 8
92 342 -19
93 107 -28
297 298 8
297 281 8
235 219 -19
238 240 -19
238 364 28
238 237 13
362 346 8
362 363 13
351 350 -8
351 221 -8
351 349 13
351 353 8
351 96 8
350 99 -28
350 366 28
350 224 8
221 84 8
221 222 19
221 205 13
221 237 -19
349 219 -28
349 348 -13
353 98 -8
353 223 -28
353 352 19
96 240 13
96 111 -28
96 97 28
342 216 19
342 358 13
200 198 19
200 199 19
200 60 -28
310 63 -28
310 184 13
270 139 13
270 22 8
270 268 -13
270 272 -28
270 269 -8
139 155 -8
139 123 13
139 140 19
139 8 -19
22 23 -28
22 7 -28
22 158 13
268 137 19
268 267 -8
272 141 19
272 24 -19
269 142 28
269 285 -13
269 25 -13
2 4 -28
317 66 -19
317 316 13
321 323 -13
321 320 -8
189 205 -28
4 3 -13
4 6 -28
305 178 19
305 320 -13
223 224 -13
223 239 -28
223 86 13
337 335 -19
337 85 19
337 336 -13
361 359 28
361 363 19
361 231 28
361 105 8
359 229 28
359 357 8
359 103 19
359 358 -19
363 107 13
105 106 -28
141 142 28
141 10 -19
141 157 19
256 254 8
256 9 28
256 255 -8
294 293 13
294 296 28
294 44 -8
293 46 19
293 309 19
296 45 8
296 298 28
296 165 28
44 59 28
44 182 19
44 30 13
3 138 28
3 18 28
6 8 19
6 5 -28
6 137 -19
6 249 13
218 220 -13
218 216 19
218 77 8
220 346 -28
220 222 -13
220 219 8
216 214 -28
132 259 13
132 131 -13
132 130 -8
259 275 8
259 260 13
131 147 8
192 194 -19
174 301 -28
301 285 -19
301 316 -19
84 86 28
84 332 -28
86 85 13
332 316 -13
332 333 -8
332 348 -28
280 278 19
280 282 -13
165 181 -28
165 32 8
194 193 8
194 320 -28
194 196 19
338 212 -8
338 354 28
338 322 19
32 33 -8
278 30 -28
107 108 -28
240 242 -13
240 366 28
240 239 8
242 98 -13
242 368 8
366 367 13
366 114 -8
239 99 -19
199 63 13
282 281 -13
282 151 -28
198 59 -19
198 324 13
324 340 19
324 309 19
324 76 -13
99 97 -13
99 101 8
99 98 -19
224 222 13
23 21 8
23 25 -28
23 267 -28
23 155 19
21 265 -19
21 153 28
25 157 -19
25 24 -19
267 251 -28
267 140 -13
155 286 28
155 156 -28
142 140 -13
142 7 -28
285 286 8
285 158 13
97 348 13
97 237 -8
101 352 -8
98 85 28
98 113 8
138 265 -19
138 137 -19
138 140 13
61 63 -19
61 60 -13
61 309 -19
60 45 -28
309 182 -28
333 203 -8
333 335 28
333 81 -28
348 364 -13
348 222 -13
28 29 13
28 164 -8
275 291 -19
251 8 -13
251 252 -8
8 7 13
8 10 8
252 254 19
252 121 -13
252 5 -28
108 106 13
106 104 28
106 358 -19
254 7 -8
254 123 -28
46 45 13
46 181 -13
46 48 -19
45 184 28
181 182 -19
48 47 19
222 81 -13
205 335 -19
237 367 -8
147 163 19
298 47 19
299 52 28
157 158 28
140 5 28
340 214 28
340 356 19
340 91 8
212 211 -8
322 323 13
322 307 13
322 196 -8
156 158 28
156 154 -19
213 214 -19
213 229 28
213 76 -13
113 114 -19
323 193 -13
307 180 -13
307 308 -13
307 291 -8
196 195 -19
196 57 -19
364 112 -28
112 111 -19
112 114 -28
291 164 -8
164 163 -13
182 184 -19
367 111 -13
67 203 19
67 66 8
203 204 8
203 219 -28
66 81 28
66 51 19
178 180 -13
308 57 8
52 51 13
229 91 13
356 357 13
356 104 8
211 195 -19
180 179 8
179 163 28
179 195 -13
91 90 19
90 103 13
346 330 28
265 281 8
265 249 8
18 154 -19
204 330 -8
122 121 -28
122 249 19
121 137 8
38 24 -28
336 320 19
336 352 19
103 104 28
281 154 -13
137 153 -13
352 368 -28
154 153 19
9 10 13
9 24 -19
