87 339 8
87 100 -8
87 228 13
87 88 13
87 72 13
339 338 -19
339 209 13
339 337 13
100 115 -19
100 101 -8
100 355 8
100 244 -19
228 227 -19
228 226 19
228 354 -8
88 225 28
88 86 -13
88 336 13
72 73 -19
72 57 13
72 212 -13
72 323 8
146 144 8
146 273 8
146 148 19
146 11 19
146 145 8
144 143 19
144 142 -28
144 271 28
144 9 -28
273 289 -28
273 257 -28
273 29 -19
273 274 13
148 275 8
148 13 -19
148 147 -19
11 12 8
11 26 -13
11 258 13
145 14 -19
145 129 19
145 276 -19
145 161 -28
371 241 8
371 370 19
371 369 8
371 115 8
241 225 -8
241 242 19
241 101 -19
370 244 -13
370 354 -8
369 239 28
369 367 8
369 113 -28
369 368 28
115 116 -28
12 14 -8
12 143 -19
12 10 -28
12 255 8
26 274 -8
26 27 28
26 162 -8
26 40 8
258 257 28
258 256 -13
258 127 -8
258 260 28
264 263 13
264 16 -28
264 262 -8
264 266 -13
264 133 19
263 19 13
263 279 13
263 136 8
263 247 -28
16 17 8
16 1 -13
16 31 -28
16 152 -13
262 15 13
262 261 19
266 265 -19
266 268 19
266 18 -13
266 135 13
133 2 13
133 149 28
133 134 -13
133 117 -28
188 314 -8
188 187 28
188 49 -19
188 190 19
188 186 8
314 67 19
314 299 13
314 315 28
314 330 -8
187 171 28
187 52 -19
187 203 28
187 317 -28
49 300 19
49 50 -28
49 34 13
49 64 28
190 51 -8
190 189 -13
190 316 28
190 192 -28
186 185 -8
186 312 -19
186 184 19
186 47 -8
304 53 28
304 306 28
304 173 28
304 303 28
304 302 19
53 68 -8
53 54 19
53 192 19
53 38 -8
306 55 13
306 175 -19
306 305 28
306 308 -8
173 174 13
173 39 -28
173 157 -8
173 189 28
303 287 -28
303 56 8
303 176 13
303 318 -13
302 171 19
302 300 19
302 51 -28
302 301 -13
300 298 -19
300 299 19
300 169 19
50 185 -19
50 52 -28
50 48 19
50 297 13
34 172 8
34 284 -28
34 35 28
34 20 -8
64 204 19
64 65 -13
64 315 -19
64 79 -19
14 257 -13
14 13 -8
257 130 8
13 260 -13
13 28 -19
345 215 -8
345 343 8
345 344 13
345 347 -13
215 231 19
215 199 8
215 216 8
215 78 -13
343 341 13
343 90 8
343 213 -13
343 342 13
344 94 13
344 218 28
344 328 13
344 360 -28
347 93 -8
347 346 -19
347 349 -13
347 217 13
89 74 19
89 230 -8
89 341 -13
89 102 19
74 59 -8
74 214 28
74 325 -19
230 229 -13
230 356 8
230 232 8
341 340 -13
102 357 13
159 27 -28
159 290 -13
159 175 -28
159 160 -19
159 143 -19
27 29 28
27 25 -28
27 271 -13
290 292 -28
290 40 13
290 289 -13
290 288 -19
175 191 19
175 176 28
175 41 -28
160 287 -19
160 162 8
160 158 -8
160 24 28
143 127 -28
143 274 8
313 311 8
313 62 28
313 312 -8
313 315 8
313 183 -19
311 181 13
311 60 -19
311 310 19
62 77 8
62 63 -28
62 47 28
62 202 -28
312 328 -28
312 297 -13
312 65 -13
315 185 8
315 317 13
183 167 -13
183 184 -19
183 199 -28
183 48 -13
109 110 -13
109 365 19
109 95 28
110 108 19
110 362 -19
110 112 -8
365 364 -13
365 367 19
365 235 19
365 363 13
95 238 -8
95 81 -13
95 349 8
243 227 -28
243 244 -19
227 211 19
244 242 28
172 174 8
172 171 28
172 299 19
172 170 28
284 286 -13
284 283 28
284 282 19
284 153 -19
35 37 -28
35 33 8
35 169 -13
35 281 8
20 156 -19
20 268 28
20 5 -19
20 21 19
327 329 -28
327 197 28
327 325 -13
327 75 28
327 326 -8
329 77 19
329 328 13
329 331 -19
329 199 -13
197 198 -13
197 61 13
197 213 19
197 181 8
325 324 -8
75 90 8
75 60 13
75 76 -8
75 216 19
326 342 19
326 200 19
326 310 -19
326 78 19
201 202 28
201 185 28
201 331 -8
201 217 8
201 65 8
202 204 -28
202 328 -13
202 200 -13
185 169 -8
331 79 -8
331 333 8
331 330 -8
217 80 -8
217 218 -8
217 233 19
65 67 19
65 63 13
246 248 8
246 245 13
246 0 19
248 247 -13
248 250 8
248 117 -19
248 1 -28
245 261 -13
245 2 -13
245 118 28
0 15 -13
0 134 -28
274 276 -13
274 272 -19
162 289 -28
162 164 -28
162 161 13
40 55 28
40 41 -13
40 178 -8
119 120 -13
119 135 13
119 250 -13
120 122 13
120 247 8
120 118 -28
135 4 -19
135 136 -8
135 151 -19
250 3 13
250 252 19
250 249 19
287 288 -8
287 271 -13
287 41 -28
288 286 -28
288 157 13
288 38 13
271 272 13
271 255 -8
41 43 -13
41 39 -13
37 283 -19
37 36 -19
37 39 -19
37 171 28
283 299 19
283 156 8
283 267 28
36 174 -28
36 286 19
36 22 28
36 51 19
39 38 -28
39 285 19
171 155 -19
225 355 -28
225 226 -19
225 209 8
355 353 -19
355 354 13
226 224 -8
226 85 19
226 352 13
209 210 -19
209 73 28
209 193 28
292 161 19
292 42 -19
292 291 -13
289 43 -28
289 305 -13
127 128 19
208 210 -8
208 207 13
208 206 -8
208 68 19
208 334 -13
210 212 -28
210 70 28
210 336 28
207 71 -28
207 191 28
207 223 19
207 337 19
206 332 8
206 204 8
206 66 -13
206 205 8
68 319 13
68 83 -28
68 69 8
334 350 8
334 318 -28
334 335 -8
334 86 -19
319 317 13
319 321 28
319 318 -19
319 189 -13
83 84 -13
83 224 28
83 335 -8
83 96 -28
69 71 19
69 67 28
69 316 13
69 205 -8
126 124 19
126 125 -13
126 253 -19
126 128 -8
124 251 -19
124 122 -28
124 123 8
125 141 8
125 256 28
253 269 -28
253 254 19
253 10 -8
128 130 -13
128 255 -13
247 4 19
117 118 -19
1 2 19
1 136 8
169 170 -13
169 153 -13
71 70 13
71 318 13
71 73 8
70 55 -8
70 85 -13
70 321 -28
318 192 19
73 320 28
168 166 28
168 170 -28
168 295 -19
168 31 -13
168 167 -8
166 293 28
166 30 -19
166 165 -28
170 297 -8
295 279 28
295 296 -28
295 48 -28
295 310 -19
31 280 -19
31 45 8
31 32 13
167 33 -8
167 298 8
167 151 28
116 114 13
116 368 -13
129 260 -8
129 130 28
276 28 -8
276 275 -13
161 177 -13
161 29 -8
19 17 -8
19 21 28
19 18 -13
19 151 8
279 280 13
279 152 -28
279 33 -8
136 138 -13
136 134 -19
43 177 8
43 42 -8
177 178 -13
177 308 19
177 193 -13
42 180 -13
42 28 19
42 57 19
56 191 -13
56 58 -28
56 54 28
56 55 -13
176 174 13
176 38 -19
176 178 13
150 15 -8
150 277 28
150 149 -8
150 152 -28
15 30 -13
277 32 -8
277 278 -28
277 261 13
277 293 -19
149 17 -28
149 280 28
149 165 -19
152 154 19
152 151 19
80 328 -13
80 82 -8
80 79 -28
80 78 -8
82 84 -19
82 219 -19
82 330 -28
82 81 -19
79 93 28
79 220 -8
78 77 -8
78 76 8
234 232 -13
234 236 -8
234 360 8
234 233 13
232 90 -13
232 358 28
232 231 8
236 235 -28
236 238 28
236 362 -28
236 93 -19
360 361 28
360 108 8
233 94 13
233 363 -8
191 321 13
191 192 -28
58 57 8
58 193 19
58 305 13
54 52 8
54 301 8
54 189 -19
55 194 -19
17 261 -19
261 134 -28
94 92 19
94 93 -13
92 91 -8
92 231 19
92 342 -28
93 107 8
297 298 -13
297 281 19
235 219 -28
238 240 13
238 364 -8
238 237 28
362 346 13
362 363 -28
351 350 19
351 221 -8
351 349 19
351 353 -13
351 96 28
350 99 -19
350 366 8
350 224 -8
221 84 -19
221 222 -8
221 205 28
221 237 -8
349 219 8
349 348 -8
353 98 8
353 223 -28
353 352 19
96 240 13
96 111 8
96 97 -13
342 216 -19
342 358 -8
200 198 -19
200 199 8
200 60 13
310 63 -13
310 184 8
270 139 8
270 22 13
270 268 -19
270 272 -13
270 269 28
139 155 28
139 123 13
139 140 -28
139 8 28
22 23 28
22 7 -13
22 158 -13
268 137 -13
268 267 28
272 141 19
272 24 19
269 142 28
269 285 13
269 25 8
2 4 -19
317 66 28
317 316 -19
321 323 -8
321 320 -8
189 205 13
4 3 19
4 6 19
305 178 -28
305 320 19
223 224 -13
223 239 8
223 86 28
337 335 8
337 85 -8
337 336 13
361 359 -8
361 363 13
361 231 13
361 105 8
359 229 13
359 357 -28
359 103 28
359 358 13
363 107 -13
105 106 -13
141 142 28
141 10 28
141 157 28
256 254 -8
256 9 -13
256 255 -13
294 293 13
294 296 -13
294 44 -28
293 46 -28
293 309 8
296 45 28
296 298 -19
296 165 -19
44 59 28
44 182 8
44 30 28
3 138 -28
3 18 28
6 8 -28
6 5 28
6 137 -13
6 249 -19
218 220 -28
218 216 19
218 77 -13
220 346 19
220 222 13
220 219 -13
216 214 -19
132 259 13
132 131 -13
132 130 28
259 275 8
259 260 -13
131 147 13
192 194 28
174 301 28
301 285 -28
301 316 -19
84 86 -19
84 332 28
86 85 13
332 316 28
332 333 19
332 348 -13
280 278 8
280 282 19
165 181 19
165 32 28
194 193 28
194 320 -13
194 196 28
338 212 13
338 354 8
338 322 8
32 33 -13
278 30 -19
107 108 19
240 242 -19
240 366 8
240 239 19
242 98 8
242 368 -13
366 367 -28
366 114 13
239 99 -19
199 63 -19
282 281 8
282 151 8
198 59 -13
198 324 -8
324 340 13
324 309 -28
324 76 -19
99 97 -8
99 101 -8
99 98 28
224 222 -8
23 21 -8
23 25 19
23 267 13
23 155 13
21 265 8
21 153 -28
25 157 -28
25 24 19
267 251 -13
267 140 -28
155 286 -28
155 156 13
142 140 -13
142 7 28
285 286 -19
285 158 8
97 348 -8
97 237 28
101 352 -13
98 85 -13
98 113 -13
138 265 -28
138 137 -13
138 140 8
61 63 8
61 60 -19
61 309 28
60 45 19
309 182 -28
333 203 13
333 335 19
333 81 -13
348 364 19
348 222 -13
28 29 -13
28 164 -8
275 291 -19
251 8 -28
251 252 -13
8 7 -13
8 10 28
252 254 13
252 121 28
252 5 13
108 106 19
106 104 -8
106 358 28
254 7 28
254 123 -13
46 45 28
46 181 13
46 48 13
45 184 13
181 182 19
48 47 -8
222 81 -13
205 335 -19
237 367 -13
147 163 19
298 47 -8
299 52 8
157 158 -8
140 5 -19
340 214 8
340 356 13
340 91 13
212 211 -13
322 323 -28
322 307 -28
322 196 -19
156 158 -19
156 154 8
213 214 -13
213 229 13
213 76 19
113 114 -28
323 193 -19
307 180 19
307 308 8
307 291 -28
196 195 -8
196 57 -8
364 112 -13
112 111 28
112 114 8
291 164 13
164 163 19
182 184 28
367 111 28
67 203 8
67 66 8
203 204 13
203 219 13
66 81 28
66 51 -19
178 180 -28
308 57 -8
52 51 -8
229 91 13
356 357 -19
356 104 -28
211 195 13
180 179 19
179 163 -19
179 195 -28
91 90 -8
90 103 19
346 330 8
265 281 13
265 249 8
18 154 -8
204 330 13
122 121 -28
122 249 -13
121 137 28
38 24 28
336 320 -13
336 352 -13
103 104 8
281 154 -19
137 153 -28
352 368 28
154 153 13
9 10 -19
9 24 19
