87 339 13
87 100 8
87 228 -28
87 88 8
87 72 28
339 338 28
339 209 13
339 337 -19
100 115 13
100 101 -13
100 355 -28
100 244 8
228 227 28
228 226 19
228 354 19
88 225 13
88 86 28
88 336 13
72 73 28
72 57 19
72 212 -8
72 323 13
146 144 -19
146 273 28
146 148 -28
146 11 -28
146 145 -28
144 143 -8
144 142 13
144 271 8
144 9 8
273 289 8
273 257 -13
273 29 -13
273 274 -13
148 275 -19
148 13 -13
148 147 28
11 12 28
11 26 8
11 258 -13
145 14 19
145 129 19
145 276 19
145 161 -28
371 241 13
371 370 -19
371 369 19
371 115 -19
241 225 -19
241 242 -28
241 101 -19
370 244 28
370 354 8
369 239 13
369 367 13
369 113 -8
369 368 -28
115 116 19
12 14 -19
12 143 13
12 10 28
12 255 28
26 274 -28
26 27 -13
26 162 -19
26 40 -8
258 257 -19
258 256 28
258 127 -19
258 260 13
264 263 8
264 16 -8
264 262 13
264 266 13
264 133 -28
263 19 -19
263 279 -8
263 136 -28
263 247 13
16 17 -13
16 1 19
16 31 -13
16 152 13
262 15 8
262 261 28
266 265 19
266 268 -8
266 18 -28
266 135 -13
133 2 -13
133 149 19
133 134 28
133 117 -28
188 314 8
188 187 8
188 49 28
188 190 -19
188 186 8
314 67 13
314 299 19
314 315 13
314 330 -28
187 171 13
187 52 -28
187 203 -28
187 317 13
49 300 28
49 50 -28
49 34 -13
49 64 8
190 51 -8
190 189 -8
190 316 -13
190 192 13
186 185 -19
186 312 19
186 184 -19
186 47 19
304 53 28
304 306 28
304 173 -28
304 303 -13
304 302 -8
53 68 -19
53 54 -19
53 192 -19
53 38 19
306 55 -13
306 175 -28
306 305 28
306 308 13
173 174 13
173 39 13
173 157 8
173 189 28
303 287 -28
303 56 13
303 176 -8
303 318 -19
302 171 -28
302 300 -13
302 51 28
302 301 -19
300 298 -8
300 299 -13
300 169 28
50 185 -28
50 52 13
50 48 -19
50 297 8
34 172 13
34 284 -8
34 35 28
34 20 -8
64 204 -28
64 65 8
64 315 -19
64 79 13
14 257 -8
14 13 -13
257 130 28
13 260 13
13 28 13
345 215 13
345 343 -13
345 344 28
345 347 8
215 231 -28
215 199 19
215 216 -28
215 78 -19
343 341 28
343 90 28
343 213 -19
343 342 -28
344 94 8
344 218 28
344 328 13
344 360 13
347 93 -13
347 346 13
347 349 -19
347 217 8
89 74 -8
89 230 28
89 341 -13
89 102 8
74 59 -28
74 214 8
74 325 8
230 229 -19
230 356 28
230 232 19
341 340 8
102 357 8
159 27 13
159 290 19
159 175 -8
159 160 8
159 143 -13
27 29 8
27 25 -28
27 271 28
290 292 13
290 40 -28
290 289 -19
290 288 -28
175 191 -19
175 176 -28
175 41 -19
160 287 -28
160 162 -19
160 158 13
160 24 13
143 127 -19
143 274 -13
313 311 13
313 62 13
313 312 8
313 315 8
313 183 19
311 181 -28
311 60 -13
311 310 -19
62 77 -8
62 63 28
62 47 8
62 202 28
312 328 -13
312 297 8
312 65 28
315 185 -28
315 317 19
183 167 19
183 184 28
183 199 -19
183 48 19
109 110 -19
109 365 28
109 95 -13
110 108 -19
110 362 -28
110 112 19
365 364 -28
365 367 8
365 235 -13
365 363 -19
95 238 -28
95 81 13
95 349 -8
243 227 19
243 244 -19
227 211 8
244 242 -28
172 174 -19
172 171 13
172 299 19
172 170 28
284 286 19
284 283 28
284 282 -28
284 153 8
35 37 -8
35 33 -13
35 169 -19
35 281 13
20 156 19
20 268 13
20 5 13
20 21 -8
327 329 13
327 197 -19
327 325 -19
327 75 -13
327 326 -8
329 77 -19
329 328 13
329 331 -28
329 199 -8
197 198 -19
197 61 28
197 213 19
197 181 13
325 324 19
75 90 -8
75 60 -8
75 76 -8
75 216 13
326 342 -28
326 200 -8
326 310 13
326 78 19
201 202 -19
201 185 -13
201 331 19
201 217 -8
201 65 -19
202 204 -28
202 328 13
202 200 19
185 169 -8
331 79 -19
331 333 -19
331 330 8
217 80 -28
217 218 13
217 233 13
65 67 -28
65 63 13
246 248 28
246 245 28
246 0 -28
248 247 28
248 250 -28
248 117 -8
248 1 -28
245 261 -28
245 2 -13
245 118 28
0 15 19
0 134 28
274 276 -19
274 272 19
162 289 -13
162 164 13
162 161 8
40 55 8
40 41 8
40 178 19
119 120 19
119 135 13
119 250 28
120 122 -19
120 247 -19
120 118 13
135 4 8
135 136 13
135 151 13
250 3 19
250 252 28
250 249 19
287 288 8
287 271 -13
287 41 13
288 286 -19
288 157 -13
288 38 19
271 272 -8
271 255 19
41 43 19
41 39 -13
37 283 -8
37 36 8
37 39 8
37 171 28
283 299 13
283 156 28
283 267 -28
36 174 -19
36 286 -28
36 22 -13
36 51 -13
39 38 28
39 285 28
171 155 8
225 355 -8
225 226 28
225 209 19
355 353 -8
355 354 -13
226 224 19
226 85 13
226 352 -8
209 210 -8
209 73 13
209 193 -13
292 161 -28
292 42 -19
292 291 28
289 43 8
289 305 -13
127 128 13
208 210 -13
208 207 -28
208 206 13
208 68 19
208 334 8
210 212 -8
210 70 -8
210 336 19
207 71 -13
207 191 13
207 223 8
207 337 -19
206 332 -19
206 204 28
206 66 19
206 205 -8
68 319 -19
68 83 19
68 69 8
334 350 8
334 318 13
334 335 13
334 86 -13
319 317 13
319 321 -19
319 318 28
319 189 13
83 84 19
83 224 13
83 335 -28
83 96 -28
69 71 -28
69 67 13
69 316 -13
69 205 -13
126 124 13
126 125 8
126 253 19
126 128 -8
124 251 19
124 122 8
124 123 -13
125 141 28
125 256 28
253 269 8
253 254 -28
253 10 8
128 130 -13
128 255 8
247 4 -8
117 118 -19
1 2 -8
1 136 -19
169 170 -19
169 153 13
71 70 -19
71 318 -8
71 73 -19
70 55 19
70 85 28
70 321 -28
318 192 -13
73 320 8
168 166 -8
168 170 -19
168 295 8
168 31 13
168 167 13
166 293 8
166 30 -28
166 165 28
170 297 13
295 279 13
295 296 8
295 48 -28
295 310 -13
31 280 19
31 45 -8
31 32 13
167 33 -19
167 298 13
167 151 -28
116 114 28
116 368 8
129 260 28
129 130 -19
276 28 -19
276 275 19
161 177 19
161 29 13
19 17 19
19 21 -19
19 18 8
19 151 19
279 280 -8
279 152 -28
279 33 28
136 138 -8
136 134 -13
43 177 13
43 42 28
177 178 -8
177 308 -28
177 193 13
42 180 19
42 28 -13
42 57 -19
56 191 8
56 58 -13
56 54 -28
56 55 19
176 174 -8
176 38 8
176 178 -13
150 15 13
150 277 -28
150 149 -8
150 152 -28
15 30 13
277 32 19
277 278 -13
277 261 28
277 293 19
149 17 -28
149 280 13
149 165 28
152 154 -19
152 151 28
80 328 -13
80 82 -13
80 79 -28
80 78 -28
82 84 28
82 219 -28
82 330 28
82 81 28
79 93 13
79 220 19
78 77 13
78 76 28
234 232 -28
234 236 -28
234 360 -28
234 233 8
232 90 -13
232 358 13
232 231 -8
236 235 8
236 238 28
236 362 -28
236 93 8
360 361 -28
360 108 -13
233 94 19
233 363 -8
191 321 -13
191 192 -19
58 57 28
58 193 -19
58 305 28
54 52 -28
54 301 19
54 189 -28
55 194 -8
17 261 28
261 134 28
94 92 -8
94 93 13
92 91 -8
92 231 8
92 342 -19
93 107 -28
297 298 -19
297 281 -19
235 219 -8
238 240 28
238 364 -13
238 237 19
362 346 28
362 363 28
351 350 -19
351 221 -28
351 349 8
351 353 28
351 96 8
350 99 -13
350 366 19
350 224 19
221 84 -8
221 222 13
221 205 13
221 237 -13
349 219 -28
349 348 -13
353 98 -19
353 223 8
353 352 8
96 240 8
96 111 -8
96 97 -13
342 216 -19
342 358 8
200 198 -19
200 199 28
200 60 -28
310 63 -28
310 184 -19
270 139 -19
270 22 -19
270 268 19
270 272 -13
270 269 -13
139 155 8
139 123 28
139 140 -8
139 8 -28
22 23 19
22 7 8
22 158 13
268 137 -28
268 267 -19
272 141 8
272 24 28
269 142 13
269 285 28
269 25 8
2 4 8
317 66 8
317 316 19
321 323 -19
321 320 -19
189 205 -13
4 3 8
4 6 19
305 178 -28
305 320 28
223 224 -8
223 239 -13
223 86 19
337 335 13
337 85 -28
337 336 8
361 359 19
361 363 -28
361 231 -19
361 105 -28
359 229 28
359 357 19
359 103 -28
359 358 13
363 107 -13
105 106 19
141 142 13
141 10 -13
141 157 -28
256 254 13
256 9 8
256 255 -28
294 293 8
294 296 -19
294 44 -8
293 46 -8
293 309 -19
296 45 -19
296 298 -8
296 165 -28
44 59 -8
44 182 -8
44 30 -13
3 138 13
3 18 -8
6 8 -8
6 5 8
6 137 8
6 249 19
218 220 8
218 216 -13
218 77 -8
220 346 19
220 222 28
220 219 19
216 214 -13
132 259 -19
132 131 28
132 130 -8
259 275 28
259 260 -13
131 147 13
192 194 -8
174 301 -8
301 285 19
301 316 19
84 86 -28
84 332 13
86 85 8
332 316 -28
332 333 -19
332 348 -13
280 278 -28
280 282 13
165 181 -28
165 32 -19
194 193 19
194 320 -28
194 196 -28
338 212 -28
338 354 -8
338 322 -8
32 33 -13
278 30 -8
107 108 -13
240 242 -19
240 366 13
240 239 28
242 98 -8
242 368 19
366 367 -19
366 114 -13
239 99 -19
199 63 -8
282 281 -19
282 151 -28
198 59 8
198 324 8
324 340 19
324 309 -13
324 76 8
99 97 19
99 101 -8
99 98 28
224 222 13
23 21 -13
23 25 8
23 267 -19
23 155 13
21 265 -19
21 153 -28
25 157 13
25 24 -13
267 251 -19
267 140 28
155 286 -13
155 156 -28
142 140 -19
142 7 -19
285 286 -13
285 158 8
97 348 19
97 237 -28
101 352 8
98 85 -19
98 113 8
138 265 19
138 137 13
138 140 -8
61 63 -13
61 60 13
61 309 19
60 45 8
309 182 -19
333 203 19
333 335 13
333 81 28
348 364 -28
348 222 -19
28 29 -28
28 164 19
275 291 19
251 8 19
251 252 19
8 7 13
8 10 19
252 254 13
252 121 -28
252 5 19
108 106 19
106 104 -19
106 358 19
254 7 28
254 123 28
46 45 28
46 181 8
46 48 13
45 184 -8
181 182 -28
48 47 -19
222 81 28
205 335 8
237 367 -28
147 163 28
298 47 19
299 52 -19
157 158 -19
140 5 -13
340 214 -28
340 356 28
340 91 28
212 211 19
322 323 -8
322 307 19
322 196 28
156 158 13
156 154 28
213 214 13
213 229 -19
213 76 -28
113 114 -13
323 193 -8
307 180 -28
307 308 28
307 291 8
196 195 -19
196 57 28
364 112 8
112 111 -13
112 114 -13
291 164 -28
164 163 -19
182 184 28
367 111 28
67 203 13
67 66 -13
203 204 -19
203 219 28
66 81 13
66 51 19
178 180 -13
308 57 -8
52 51 28
229 91 19
356 357 28
356 104 8
211 195 28
180 179 19
179 163 28
179 195 -13
91 90 -28
90 103 13
346 330 28
265 281 19
265 249 28
18 154 -8
204 330 -19
122 121 -13
122 249 -13
121 137 -13
38 24 28
336 320 8
336 352 -19
103 104 28
281 154 8
137 153 19
352 368 19
154 153 -8
9 10 8
9 24 -28
