87 339 8
87 100 28
87 228 19
87 88 28
87 72 13
339 338 13
339 209 13
339 337 8
100 115 -28
100 101 13
100 355 28
100 244 28
228 227 28
228 226 -28
228 354 -19
88 225 28
88 86 -13
88 336 28
72 73 13
72 57 -19
72 212 28
72 323 -19
146 144 28
146 273 -8
146 148 8
146 11 28
146 145 -19
144 143 19
144 142 -8
144 271 13
144 9 -8
273 289 -13
273 257 -13
273 29 -8
273 274 -8
148 275 -28
148 13 -8
148 147 -13
11 12 -19
11 26 28
11 258 -28
145 14 19
145 129 -8
145 276 -13
145 161 28
371 241 28
371 370 13
371 369 -19
371 115 28
241 225 -8
241 242 8
241 101 19
370 244 -8
370 354 13
369 239 8
369 367 28
369 113 -19
369 368 -13
115 116 -28
12 14 -28
12 143 -8
12 10 19
12 255 28
26 274 8
26 27 8
26 162 28
26 40 -13
258 257 -19
258 256 13
258 127 -19
258 260 -8
264 263 -13
264 16 -28
264 262 -28
264 266 -19
264 133 -19
263 19 28
263 279 13
263 136 28
263 247 -28
16 17 13
16 1 -28
16 31 28
16 152 13
262 15 -19
262 261 -13
266 265 19
266 268 13
266 18 28
266 135 19
133 2 -28
133 149 -28
133 134 -13
133 117 28
188 314 -28
188 187 28
188 49 8
188 190 8
188 186 19
314 67 -13
314 299 -13
314 315 -28
314 330 -19
187 171 -28
187 52 -13
187 203 -13
187 317 8
49 300 -19
49 50 -28
49 34 19
49 64 28
190 51 -8
190 189 -8
190 316 -13
190 192 -8
186 185 13
186 312 28
186 184 -28
186 47 28
304 53 -28
304 306 13
304 173 13
304 303 19
304 302 -28
53 68 28
53 54 -28
53 192 13
53 38 19
306 55 8
306 175 -28
306 305 28
306 308 19
173 174 -13
173 39 -8
173 157 -13
173 189 -8
303 287 -28
303 56 -13
303 176 8
303 318 -8
302 171 -8
302 300 13
302 51 19
302 301 13
300 298 28
300 299 -19
300 169 -28
50 185 8
50 52 19
50 48 -28
50 297 -8
34 172 8
34 284 -28
34 35 8
34 20 -28
64 204 19
64 65 19
64 315 -28
64 79 -13
14 257 -8
14 13 -13
257 130 -8
13 260 -28
13 28 19
345 215 8
345 343 19
345 344 -8
345 347 -19
215 231 -28
215 199 -28
215 216 -19
215 78 19
343 341 13
343 90 -19
343 213 -28
343 342 8
344 94 19
344 218 8
344 328 -28
344 360 -19
347 93 19
347 346 -28
347 349 -13
347 217 -28
89 74 28
89 230 -19
89 341 -13
89 102 -28
74 59 8
74 214 -19
74 325 19
230 229 8
230 356 19
230 232 28
341 340 -8
102 357 -19
159 27 8
159 290 -19
159 175 -28
159 160 -28
159 143 -13
27 29 13
27 25 8
27 271 8
290 292 13
290 40 28
290 289 -28
290 288 -13
175 191 28
175 176 13
175 41 8
160 287 8
160 162 -8
160 158 -28
160 24 13
143 127 -19
143 274 -8
313 311 19
313 62 -13
313 312 -8
313 315 28
313 183 -19
311 181 28
311 60 -28
311 310 -19
62 77 28
62 63 19
62 47 -19
62 202 -19
312 328 8
312 297 -13
312 65 -19
315 185 -13
315 317 -28
183 167 28
183 184 19
183 199 -8
183 48 -28
109 110 8
109 365 28
109 95 -28
110 108 -19
110 362 19
110 112 19
365 364 19
365 367 19
365 235 8
365 363 28
95 238 -19
95 81 -28
95 349 19
243 227 8
243 244 -28
227 211 19
244 242 -13
172 174 8
172 171 28
172 299 -19
172 170 -13
284 286 -13
284 283 -13
284 282 -19
284 153 19
35 37 -13
35 33 28
35 169 13
35 281 -28
20 156 -19
20 268 -13
20 5 28
20 21 -19
327 329 -19
327 197 -28
327 325 13
327 75 -13
327 326 -13
329 77 -8
329 328 -13
329 331 -28
329 199 -28
197 198 -8
197 61 13
197 213 8
197 181 -19
325 324 28
75 90 -13
75 60 -19
75 76 13
75 216 19
326 342 19
326 200 -19
326 310 -19
326 78 28
201 202 19
201 185 8
201 331 28
201 217 19
201 65 19
202 204 8
202 328 28
202 200 -8
185 169 -8
331 79 13
331 333 19
331 330 19
217 80 -13
217 218 8
217 233 13
65 67 28
65 63 -19
246 248 8
246 245 28
246 0 -13
248 247 28
248 250 -19
248 117 8
248 1 19
245 261 8
245 2 -13
245 118 19
0 15 -13
0 134 13
274 276 -19
274 272 -8
162 289 -13
162 164 -19
162 161 19
40 55 28
40 41 8
40 178 8
119 120 -8
119 135 -13
119 250 8
120 122 19
120 247 -28
120 118 -13
135 4 -13
135 136 13
135 151 8
250 3 28
250 252 28
250 249 -8
287 288 -13
287 271 28
287 41 28
288 286 19
288 157 -8
288 38 -13
271 272 28
271 255 -28
41 43 8
41 39 19
37 283 -28
37 36 -19
37 39 -13
37 171 -13
283 299 13
283 156 -19
283 267 13
36 174 19
36 286 13
36 22 -13
36 51 8
39 38 13
39 285 -8
171 155 19
225 355 -19
225 226 -28
225 209 -19
355 353 28
355 354 13
226 224 -8
226 85 -19
226 352 -28
209 210 19
209 73 -8
209 193 -13
292 161 28
292 42 13
292 291 -13
289 43 19
289 305 8
127 128 -13
208 210 -28
208 207 19
208 206 28
208 68 8
208 334 8
210 212 8
210 70 -28
210 336 13
207 71 8
207 191 19
207 223 -8
207 337 28
206 332 19
206 204 13
206 66 -13
206 205 -28
68 319 19
68 83 -8
68 69 -13
334 350 -8
334 318 -19
334 335 8
334 86 19
319 317 -19
319 321 8
319 318 -13
319 189 -13
83 84 19
83 224 8
83 335 28
83 96 8
69 71 -19
69 67 -28
69 316 28
69 205 13
126 124 -8
126 125 8
126 253 28
126 128 -19
124 251 -28
124 122 8
124 123 -19
125 141 -19
125 256 -8
253 269 -13
253 254 -13
253 10 28
128 130 -28
128 255 -8
247 4 -19
117 118 13
1 2 13
1 136 8
169 170 28
169 153 -8
71 70 8
71 318 -28
71 73 -19
70 55 -13
70 85 -13
70 321 19
318 192 28
73 320 28
168 166 -13
168 170 8
168 295 28
168 31 -19
168 167 -13
166 293 19
166 30 -19
166 165 -8
170 297 19
295 279 -28
295 296 28
295 48 -28
295 310 8
31 280 13
31 45 -13
31 32 13
167 33 -8
167 298 -28
167 151 19
116 114 19
116 368 13
129 260 -13
129 130 -13
276 28 28
276 275 8
161 177 -13
161 29 -19
19 17 19
19 21 28
19 18 -28
19 151 -28
279 280 19
279 152 -19
279 33 -13
136 138 -8
136 134 -13
43 177 -28
43 42 -28
177 178 19
177 308 19
177 193 -13
42 180 28
42 28 -19
42 57 -28
56 191 13
56 58 19
56 54 -13
56 55 -28
176 174 8
176 38 -19
176 178 -28
150 15 -19
150 277 -8
150 149 19
150 152 28
15 30 -8
277 32 -8
277 278 28
277 261 19
277 293 -13
149 17 19
149 280 -19
149 165 -13
152 154 -19
152 151 28
80 328 28
80 82 -28
80 79 -8
80 78 -8
82 84 -28
82 219 8
82 330 -13
82 81 28
79 93 8
79 220 -8
78 77 -13
78 76 -28
234 232 -13
234 236 28
234 360 -28
234 233 28
232 90 -19
232 358 13
232 231 28
236 235 -28
236 238 -19
236 362 -28
236 93 28
360 361 19
360 108 19
233 94 19
233 363 19
191 321 -28
191 192 28
58 57 8
58 193 19
58 305 -19
54 52 8
54 301 -13
54 189 -19
55 194 19
17 261 28
261 134 -28
94 92 -28
94 93 -19
92 91 28
92 231 19
92 342 -13
93 107 28
297 298 -19
297 281 -13
235 219 13
238 240 13
238 364 -28
238 237 -8
362 346 -28
362 363 13
351 350 19
351 221 -13
351 349 8
351 353 -8
351 96 13
350 99 -28
350 366 28
350 224 19
221 84 28
221 222 -28
221 205 13
221 237 13
349 219 -28
349 348 28
353 98 8
353 223 -28
353 352 -8
96 240 13
96 111 13
96 97 8
342 216 28
342 358 19
200 198 19
200 199 19
200 60 8
310 63 19
310 184 -19
270 139 19
270 22 8
270 268 -19
270 272 28
270 269 19
139 155 -8
139 123 -13
139 140 28
139 8 -8
22 23 -8
22 7 28
22 158 -28
268 137 -8
268 267 19
272 141 -28
272 24 -19
269 142 -13
269 285 19
269 25 -28
2 4 -13
317 66 -13
317 316 8
321 323 -28
321 320 28
189 205 -28
4 3 -28
4 6 13
305 178 28
305 320 8
223 224 -8
223 239 28
223 86 -28
337 335 28
337 85 8
337 336 -13
361 359 19
361 363 -8
361 231 8
361 105 28
359 229 8
359 357 -8
359 103 -13
359 358 -13
363 107 -19
105 106 -19
141 142 -28
141 10 -8
141 157 -8
256 254 8
256 9 -28
256 255 13
294 293 19
294 296 13
294 44 -8
293 46 -28
293 309 -13
296 45 -13
296 298 -19
296 165 -28
44 59 8
44 182 -19
44 30 -8
3 138 -13
3 18 13
6 8 -8
6 5 13
6 137 -13
6 249 8
218 220 -28
218 216 -28
218 77 19
220 346 -13
220 222 -13
220 219 -13
216 214 19
132 259 -19
132 131 8
132 130 -13
259 275 -8
259 260 28
131 147 19
192 194 13
174 301 13
301 285 -28
301 316 8
84 86 28
84 332 -8
86 85 13
332 316 -19
332 333 -28
332 348 -28
280 278 13
280 282 19
165 181 -28
165 32 28
194 193 8
194 320 -8
194 196 19
338 212 19
338 354 -28
338 322 13
32 33 28
278 30 8
107 108 -8
240 242 -28
240 366 -8
240 239 -28
242 98 8
242 368 -8
366 367 -8
366 114 -28
239 99 13
199 63 -19
282 281 -13
282 151 -19
198 59 8
198 324 8
324 340 8
324 309 19
324 76 28
99 97 13
99 101 -28
99 98 -13
224 222 -13
23 21 13
23 25 13
23 267 13
23 155 -8
21 265 -28
21 153 -8
25 157 13
25 24 -19
267 251 13
267 140 -28
155 286 8
155 156 -19
142 140 -13
142 7 -19
285 286 -13
285 158 -19
97 348 -13
97 237 -28
101 352 8
98 85 -28
98 113 19
138 265 28
138 137 -8
138 140 13
61 63 28
61 60 8
61 309 8
60 45 28
309 182 13
333 203 28
333 335 8
333 81 -8
348 364 13
348 222 -28
28 29 -28
28 164 19
275 291 -13
251 8 -13
251 252 8
8 7 -19
8 10 -28
252 254 -28
252 121 -13
252 5 28
108 106 19
106 104 -8
106 358 13
254 7 -28
254 123 -13
46 45 28
46 181 8
46 48 -13
45 184 -13
181 182 8
48 47 -8
222 81 -28
205 335 8
237 367 -8
147 163 28
298 47 -13
299 52 -28
157 158 -19
140 5 13
340 214 -13
340 356 28
340 91 13
212 211 8
322 323 -13
322 307 19
322 196 8
156 158 8
156 154 13
213 214 -8
213 229 -28
213 76 28
113 114 -8
323 193 -8
307 180 -8
307 308 -13
307 291 13
196 195 8
196 57 19
364 112 -19
112 111 13
112 114 28
291 164 8
164 163 -28
182 184 -28
367 111 28
67 203 -8
67 66 -8
203 204 8
203 219 28
66 81 28
66 51 13
178 180 -19
308 57 13
52 51 28
229 91 -28
356 357 13
356 104 8
211 195 13
180 179 -8
179 163 -28
179 195 -28
91 90 19
90 103 13
346 330 -28
265 281 28
265 249 -19
18 154 8
204 330 -19
122 121 28
122 249 8
121 137 -19
38 24 -28
336 320 19
336 352 8
103 104 28
281 154 -13
137 153 -19
352 368 13
154 153 8
9 10 -8
9 24 28
