87 339 13
87 100 -19
87 228 -19
87 88 -19
87 72 8
339 338 13
339 209 8
339 337 -28
100 115 -8
100 101 28
100 355 -13
100 244 -19
228 227 8
228 226 -19
228 354 -19
88 225 -13
88 86 28
88 336 -28
72 73 19
72 57 13
72 212 8
72 323 -13
146 144 -13
146 273 -19
146 148 13
146 11 -28
146 145 19
144 143 13
144 142 -8
144 271 28
144 9 28
273 289 -13
273 257 -13
273 29 -19
273 274 -28
148 275 -28
148 13 -13
148 147 -13
11 12 -19
11 26 28
11 258 -13
145 14 28
145 129 28
145 276 -19
145 161 8
371 241 28
371 370 -13
371 369 19
371 115 -13
241 225 -13
241 242 8
241 101 13
370 244 28
370 354 -28
369 239 19
369 367 -19
369 113 28
369 368 28
115 116 19
12 14 -8
12 143 28
12 10 8
12 255 -13
26 274 -28
26 27 8
26 162 28
26 40 -28
258 257 19
258 256 -8
258 127 19
258 260 -28
264 263 -13
264 16 -28
264 262 19
264 266 -28
264 133 -19
263 19 -8
263 279 28
263 136 19
263 247 -28
16 17 13
16 1 8
16 31 28
16 152 -19
262 15 -19
262 261 -13
266 265 -8
266 268 -19
266 18 -28
266 135 13
133 2 -28
133 149 -19
133 134 19
133 117 28
188 314 -8
188 187 13
188 49 28
188 190 19
188 186 -28
314 67 -19
314 299 8
314 315 -28
314 330 -13
187 171 -8
187 52 8
187 203 13
187 317 -8
49 300 -19
49 50 28
49 34 28
49 64 8
190 51 -13
190 189 -28
190 316 13
190 192 8
186 185 19
186 312 -13
186 184 -19
186 47 -8
304 53 -28
304 306 13
304 173 13
304 303 19
304 302 -19
53 68 -8
53 54 -8
53 192 -28
53 38 -13
306 55 -19
306 175 28
306 305 -8
306 308 8
173 174 19
173 39 -13
173 157 -13
173 189 28
303 287 8
303 56 13
303 176 28
303 318 -28
302 171 19
302 300 8
302 51 8
302 301 19
300 298 -19
300 299 -28
300 169 13
50 185 28
50 52 8
50 48 8
50 297 19
34 172 -8
34 284 -19
34 35 -8
34 20 8
64 204 -28
64 65 13
64 315 -13
64 79 13
14 257 -8
14 13 8
257 130 -19
13 260 -19
13 28 -8
345 215 19
345 343 -28
345 344 8
345 347 -13
215 231 13
215 199 -13
215 216 -8
215 78 -28
343 341 -28
343 90 28
343 213 19
343 342 -8
344 94 8
344 218 -19
344 328 13
344 360 19
347 93 -13
347 346 28
347 349 -8
347 217 -19
89 74 -8
89 230 13
89 341 -13
89 102 28
74 59 -28
74 214 8
74 325 -19
230 229 -28
230 356 -19
230 232 -28
341 340 8
102 357 13
159 27 28
159 290 28
159 175 -28
159 160 -8
159 143 19
27 29 8
27 25 28
27 271 -28
290 292 -19
290 40 13
290 289 -13
290 288 19
175 191 8
175 176 19
175 41 -28
160 287 -28
160 162 8
160 158 -19
160 24 28
143 127 -8
143 274 13
313 311 8
313 62 -19
313 312 28
313 315 -28
313 183 13
311 181 13
311 60 -8
311 310 -19
62 77 19
62 63 -8
62 47 13
62 202 -28
312 328 -28
312 297 19
312 65 28
315 185 8
315 317 -13
183 167 -8
183 184 13
183 199 -13
183 48 13
109 110 19
109 365 28
109 95 19
110 108 8
110 362 -8
110 112 13
365 364 13
365 367 13
365 235 8
365 363 8
95 238 13
95 81 19
95 349 -28
243 227 19
243 244 8
227 211 28
244 242 -19
172 174 8
172 171 13
172 299 8
172 170 13
284 286 -8
284 283 13
284 282 -19
284 153 -13
35 37 8
35 33 -28
35 169 -8
35 281 28
20 156 -19
20 268 -28
20 5 28
20 21 -19
327 329 28
327 197 -13
327 325 8
327 75 -28
327 326 -19
329 77 8
329 328 28
329 331 19
329 199 -13
197 198 28
197 61 -8
197 213 19
197 181 -19
325 324 13
75 90 -13
75 60 19
75 76 13
75 216 -28
326 342 19
326 200 -13
326 310 -8
326 78 -28
201 202 13
201 185 13
201 331 13
201 217 -28
201 65 -28
202 204 -13
202 328 19
202 200 -8
185 169 19
331 79 -13
331 333 28
331 330 19
217 80 13
217 218 -8
217 233 -13
65 67 8
65 63 28
246 248 -19
246 245 -13
246 0 -19
248 247 8
248 250 19
248 117 8
248 1 28
245 261 19
245 2 13
245 118 19
0 15 -13
0 134 19
274 276 13
274 272 -28
162 289 19
162 164 13
162 161 8
40 55 8
40 41 8
40 178 13
119 120 -13
119 135 -19
119 250 -13
120 122 13
120 247 -13
120 118 -28
135 4 -28
135 136 -8
135 151 8
250 3 19
250 252 19
250 249 -8
287 288 19
287 271 28
287 41 -13
288 286 -8
288 157 13
288 38 -13
271 272 -28
271 255 -8
41 43 8
41 39 -8
37 283 -8
37 36 19
37 39 19
37 171 19
283 299 8
283 156 13
283 267 19
36 174 -19
36 286 -28
36 22 -19
36 51 -13
39 38 -28
39 285 8
171 155 -28
225 355 8
225 226 13
225 209 -13
355 353 -19
355 354 -13
226 224 -13
226 85 -19
226 352 -19
209 210 -8
209 73 19
209 193 28
292 161 -19
292 42 19
292 291 8
289 43 8
289 305 19
127 128 13
208 210 -28
208 207 19
208 206 -8
208 68 8
208 334 13
210 212 8
210 70 13
210 336 -19
207 71 -28
207 191 13
207 223 -8
207 337 28
206 332 -13
206 204 -13
206 66 13
206 205 13
68 319 8
68 83 -19
68 69 28
334 350 28
334 318 28
334 335 -28
334 86 -19
319 317 19
319 321 8
319 318 -8
319 189 28
83 84 13
83 224 -8
83 335 -28
83 96 -19
69 71 -28
69 67 -19
69 316 28
69 205 13
126 124 -19
126 125 -8
126 253 28
126 128 -19
124 251 28
124 122 -28
124 123 -13
125 141 -13
125 256 -8
253 269 28
253 254 -13
253 10 -8
128 130 13
128 255 -8
247 4 -8
117 118 19
1 2 -19
1 136 28
169 170 19
169 153 13
71 70 -8
71 318 13
71 73 28
70 55 28
70 85 -13
70 321 -13
318 192 19
73 320 -13
168 166 -19
168 170 13
168 295 28
168 31 -28
168 167 13
166 293 -13
166 30 -19
166 165 -13
170 297 -28
295 279 28
295 296 19
295 48 -28
295 310 28
31 280 13
31 45 13
31 32 -8
167 33 -13
167 298 13
167 151 -13
116 114 13
116 368 8
129 260 13
129 130 8
276 28 8
276 275 -28
161 177 8
161 29 28
19 17 28
19 21 19
19 18 19
19 151 -8
279 280 19
279 152 13
279 33 19
136 138 -13
136 134 -19
43 177 -28
43 42 8
177 178 -13
177 308 -8
177 193 19
42 180 13
42 28 8
42 57 -13
56 191 -13
56 58 8
56 54 13
56 55 -13
176 174 -19
176 38 19
176 178 8
150 15 -13
150 277 8
150 149 8
150 152 28
15 30 -28
277 32 13
277 278 -19
277 261 -13
277 293 -19
149 17 -8
149 280 -13
149 165 -13
152 154 13
152 151 8
80 328 13
80 82 -28
80 79 -8
80 78 13
82 84 -19
82 219 -28
82 330 13
82 81 -8
79 93 19
79 220 19
78 77 8
78 76 -8
234 232 8
234 236 8
234 360 -19
234 233 8
232 90 28
232 358 13
232 231 13
236 235 -19
236 238 -13
236 362 28
236 93 8
360 361 -28
360 108 -28
233 94 -13
233 363 -28
191 321 -13
191 192 -8
58 57 -19
58 193 -8
58 305 -19
54 52 28
54 301 -19
54 189 -19
55 194 19
17 261 8
261 134 19
94 92 -28
94 93 -13
92 91 -13
92 231 -13
92 342 19
93 107 -8
297 298 19
297 281 -8
235 219 -8
238 240 -28
238 364 -19
238 237 13
362 346 -8
362 363 -13
351 350 28
351 221 -19
351 349 -28
351 353 -13
351 96 13
350 99 -13
350 366 19
350 224 28
221 84 -13
221 222 -13
221 205 -8
221 237 -8
349 219 13
349 348 19
353 98 8
353 223 19
353 352 -19
96 240 -13
96 111 19
96 97 8
342 216 -13
342 358 -13
200 198 28
200 199 28
200 60 -13
310 63 13
310 184 -28
270 139 19
270 22 8
270 268 -8
270 272 -19
270 269 -19
139 155 8
139 123 8
139 140 -8
139 8 -19
22 23 19
22 7 -8
22 158 13
268 137 19
268 267 -8
272 141 -19
272 24 -8
269 142 19
269 285 -8
269 25 -13
2 4 28
317 66 19
317 316 -28
321 323 28
321 320 13
189 205 -19
4 3 28
4 6 -8
305 178 8
305 320 13
223 224 -13
223 239 28
223 86 28
337 335 -19
337 85 -19
337 336 -28
361 359 19
361 363 -28
361 231 8
361 105 -19
359 229 13
359 357 -13
359 103 -13
359 358 -13
363 107 19
105 106 -13
141 142 -28
141 10 13
141 157 -19
256 254 13
256 9 8
256 255 -8
294 293 13
294 296 -28
294 44 28
293 46 -8
293 309 8
296 45 -28
296 298 -19
296 165 8
44 59 13
44 182 8
44 30 -19
3 138 -19
3 18 19
6 8 28
6 5 -28
6 137 -13
6 249 -19
218 220 -28
218 216 19
218 77 -19
220 346 28
220 222 -13
220 219 -8
216 214 13
132 259 -19
132 131 -28
132 130 -8
259 275 13
259 260 -28
131 147 8
192 194 -13
174 301 -28
301 285 19
301 316 13
84 86 28
84 332 -28
86 85 -13
332 316 -8
332 333 8
332 348 19
280 278 -13
280 282 19
165 181 19
165 32 -19
194 193 13
194 320 8
194 196 -28
338 212 19
338 354 8
338 322 -28
32 33 -13
278 30 19
107 108 19
240 242 -8
240 366 13
240 239 8
242 98 -19
242 368 -8
366 367 19
366 114 28
239 99 28
199 63 -28
282 281 13
282 151 -8
198 59 8
198 324 -13
324 340 -19
324 309 28
324 76 -8
99 97 -8
99 101 8
99 98 -28
224 222 -8
23 21 -8
23 25 -19
23 267 13
23 155 13
21 265 -13
21 153 -8
25 157 19
25 24 -19
267 251 28
267 140 13
155 286 8
155 156 -8
142 140 13
142 7 19
285 286 13
285 158 -28
97 348 28
97 237 8
101 352 -19
98 85 -19
98 113 13
138 265 19
138 137 -13
138 140 -8
61 63 -8
61 60 13
61 309 -8
60 45 -28
309 182 19
333 203 19
333 335 28
333 81 -28
348 364 -8
348 222 8
28 29 -28
28 164 8
275 291 8
251 8 13
251 252 -28
8 7 -28
8 10 -19
252 254 -19
252 121 -8
252 5 -28
108 106 -19
106 104 -8
106 358 -19
254 7 13
254 123 -8
46 45 19
46 181 19
46 48 -28
45 184 -13
181 182 -19
48 47 -8
222 81 -28
205 335 8
237 367 13
147 163 28
298 47 -8
299 52 13
157 158 -19
140 5 -19
340 214 28
340 356 -28
340 91 28
212 211 28
322 323 19
322 307 28
322 196 -28
156 158 -13
156 154 -28
213 214 -8
213 229 -19
213 76 -19
113 114 13
323 193 13
307 180 -13
307 308 28
307 291 13
196 195 13
196 57 8
364 112 -13
112 111 -8
112 114 -13
291 164 8
164 163 28
182 184 13
367 111 -19
67 203 -28
67 66 -8
203 204 28
203 219 8
66 81 -19
66 51 28
178 180 13
308 57 28
52 51 -8
229 91 -8
356 357 -13
356 104 -19
211 195 19
180 179 -28
179 163 19
179 195 8
91 90 13
90 103 -13
346 330 -8
265 281 -8
265 249 -8
18 154 8
204 330 -8
122 121 13
122 249 -13
121 137 -8
38 24 28
336 320 -8
336 352 8
103 104 -28
281 154 13
137 153 -13
352 368 -13
154 153 19
9 10 -13
9 24 28
