87 339 -13
87 100 -19
87 228 -28
87 88 -28
87 72 8
339 338 19
339 209 8
339 337 -13
100 115 13
100 101 28
100 355 19
100 244 19
228 227 -13
228 226 19
228 354 -19
88 225 -28
88 86 -13
88 336 19
72 73 8
72 57 -19
72 212 13
72 323 -19
146 144 13
146 273 13
146 148 -8
146 11 19
146 145 -28
144 143 -8
144 142 -19
144 271 8
144 9 -13
273 289 19
273 257 -28
273 29 -8
273 274 19
148 275 13
148 13 13
148 147 28
11 12 -13
11 26 8
11 258 8
145 14 13
145 129 -13
145 276 8
145 161 -8
371 241 19
371 370 13
371 369 -8
371 115 -19
241 225 28
241 242 -8
241 101 -19
370 244 -19
370 354 -28
369 239 -19
369 367 28
369 113 -8
369 368 -13
115 116 -8
12 14 13
12 143 19
12 10 -28
12 255 19
26 274 -19
26 27 13
26 162 28
26 40 19
258 257 19
258 256 8
258 127 13
258 260 -13
264 263 13
264 16 8
264 262 13
264 266 -19
264 133 -19
263 19 8
263 279 -13
263 136 13
263 247 19
16 17 -28
16 1 -13
16 31 -28
16 152 -28
262 15 -8
262 261 -8
266 265 -8
266 268 28
266 18 -28
266 135 -8
133 2 -13
133 149 -19
133 134 28
133 117 -8
188 314 19
188 187 28
188 49 19
188 190 19
188 186 28
314 67 -19
314 299 28
314 315 19
314 330 19
187 171 19
187 52 13
187 203 -28
187 317 -8
49 300 13
49 50 13
49 34 8
49 64 -28
190 51 8
190 189 -28
190 316 19
190 192 -8
186 185 19
186 312 13
186 184 28
186 47 -13
304 53 19
304 306 13
304 173 -13
304 303 13
304 302 13
53 68 19
53 54 -13
53 192 -19
53 38 -19
306 55 -13
306 175 -13
306 305 28
306 308 28
173 174 -19
173 39 8
173 157 13
173 189 -13
303 287 -8
303 56 -28
303 176 13
303 318 8
302 171 -13
302 300 28
302 51 -28
302 301 -8
300 298 -13
300 299 -19
300 169 -8
50 185 -8
50 52 -28
50 48 19
50 297 28
34 172 -19
34 284 13
34 35 8
34 20 -8
64 204 -13
64 65 13
64 315 -19
64 79 8
14 257 19
14 13 19
257 130 8
13 260 -13
13 28 -28
345 215 8
345 343 8
345 344 -28
345 347 19
215 231 -19
215 199 8
215 216 19
215 78 -28
343 341 -8
343 90 8
343 213 8
343 342 -8
344 94 8
344 218 13
344 328 19
344 360 19
347 93 -28
347 346 -28
347 349 -28
347 217 -28
89 74 28
89 230 -28
89 341 -28
89 102 -8
74 59 -8
74 214 -19
74 325 -19
230 229 -28
230 356 28
230 232 -28
341 340 -8
102 357 -13
159 27 28
159 290 -28
159 175 13
159 160 -8
159 143 8
27 29 8
27 25 28
27 271 -8
290 292 -13
290 40 -28
290 289 -28
290 288 8
175 191 -28
175 176 -19
175 41 -28
160 287 19
160 162 13
160 158 19
160 24 13
143 127 -28
143 274 19
313 311 -28
313 62 8
313 312 -13
313 315 8
313 183 19
311 181 -19
311 60 -8
311 310 28
62 77 -28
62 63 -19
62 47 8
62 202 -13
312 328 13
312 297 -28
312 65 13
315 185 8
315 317 28
183 167 -8
183 184 -28
183 199 13
183 48 -13
109 110 28
109 365 8
109 95 -8
110 108 -19
110 362 19
110 112 -13
365 364 8
365 367 8
365 235 13
365 363 19
95 238 28
95 81 -28
95 349 -13
243 227 28
243 244 -28
227 211 19
244 242 -8
172 174 13
172 171 -28
172 299 -13
172 170 -28
284 286 -19
284 283 -19
284 282 -19
284 153 -19
35 37 28
35 33 -28
35 169 13
35 281 19
20 156 28
20 268 8
20 5 8
20 21 -19
327 329 -19
327 197 8
327 325 -19
327 75 -13
327 326 -8
329 77 13
329 328 -8
329 331 -19
329 199 -8
197 198 -8
197 61 -28
197 213 13
197 181 -19
325 324 28
75 90 -28
75 60 -13
75 76 -19
75 216 13
326 342 -19
326 200 -28
326 310 28
326 78 19
201 202 8
201 185 -13
201 331 -19
201 217 8
201 65 19
202 204 28
202 328 28
202 200 -8
185 169 13
331 79 28
331 333 -13
331 330 -13
217 80 19
217 218 19
217 233 8
65 67 13
65 63 28
246 248 -19
246 245 19
246 0 -13
248 247 8
248 250 28
248 117 8
248 1 8
245 261 -8
245 2 -13
245 118 -8
0 15 -8
0 134 13
274 276 13
274 272 8
162 289 -19
162 164 19
162 161 -8
40 55 8
40 41 28
40 178 -19
119 120 8
119 135 -8
119 250 8
120 122 13
120 247 -19
120 118 28
135 4 28
135 136 19
135 151 -13
250 3 8
250 252 13
250 249 19
287 288 13
287 271 19
287 41 28
288 286 -8
288 157 -13
288 38 -13
271 272 19
271 255 13
41 43 -19
41 39 -13
37 283 -28
37 36 -28
37 39 -8
37 171 19
283 299 13
283 156 -28
283 267 -19
36 174 -8
36 286 28
36 22 -28
36 51 13
39 38 -8
39 285 19
171 155 -28
225 355 -19
225 226 -28
225 209 -28
355 353 8
355 354 13
226 224 -13
226 85 -19
226 352 8
209 210 -13
209 73 -8
209 193 -19
292 161 19
292 42 13
292 291 -28
289 43 -8
289 305 -28
127 128 19
208 210 -28
208 207 -8
208 206 28
208 68 -28
208 334 19
210 212 -8
210 70 -19
210 336 -8
207 71 -13
207 191 -13
207 223 -8
207 337 28
206 332 -19
206 204 19
206 66 -13
206 205 -13
68 319 -8
68 83 -13
68 69 19
334 350 28
334 318 -8
334 335 19
334 86 -8
319 317 -28
319 321 -19
319 318 13
319 189 28
83 84 8
83 224 13
83 335 8
83 96 28
69 71 -19
69 67 13
69 316 19
69 205 8
126 124 8
126 125 -8
126 253 -19
126 128 19
124 251 -19
124 122 8
124 123 13
125 141 -8
125 256 -13
253 269 -19
253 254 19
253 10 19
128 130 28
128 255 28
247 4 -13
117 118 -8
1 2 -13
1 136 28
169 170 19
169 153 -28
71 70 -19
71 318 -8
71 73 -28
70 55 -8
70 85 8
70 321 8
318 192 13
73 320 -13
168 166 -8
168 170 28
168 295 -28
168 31 28
168 167 19
166 293 8
166 30 -8
166 165 19
170 297 -13
295 279 13
295 296 8
295 48 13
295 310 13
31 280 -28
31 45 -28
31 32 13
167 33 13
167 298 13
167 151 28
116 114 28
116 368 -8
129 260 -19
129 130 -19
276 28 28
276 275 19
161 177 -8
161 29 19
19 17 19
19 21 19
19 18 -8
19 151 -28
279 280 19
279 152 -8
279 33 13
136 138 -28
136 134 -28
43 177 28
43 42 -19
177 178 -19
177 308 28
177 193 -13
42 180 -13
42 28 -13
42 57 -28
56 191 8
56 58 19
56 54 28
56 55 19
176 174 -19
176 38 8
176 178 -19
150 15 -28
150 277 19
150 149 -13
150 152 19
15 30 -13
277 32 -8
277 278 -28
277 261 19
277 293 -8
149 17 -13
149 280 -8
149 165 28
152 154 13
152 151 19
80 328 19
80 82 -8
80 79 -8
80 78 19
82 84 -19
82 219 13
82 330 -28
82 81 13
79 93 19
79 220 19
78 77 13
78 76 -13
234 232 8
234 236 13
234 360 -8
234 233 19
232 90 28
232 358 28
232 231 13
236 235 13
236 238 -28
236 362 19
236 93 19
360 361 13
360 108 19
233 94 -19
233 363 -13
191 321 -28
191 192 19
58 57 -8
58 193 -28
58 305 -8
54 52 8
54 301 13
54 189 -19
55 194 -28
17 261 13
261 134 -28
94 92 13
94 93 -19
92 91 28
92 231 -28
92 342 28
93 107 28
297 298 19
297 281 -8
235 219 19
238 240 13
238 364 -13
238 237 19
362 346 -19
362 363 19
351 350 -13
351 221 28
351 349 -28
351 353 -19
351 96 19
350 99 13
350 366 13
350 224 -8
221 84 28
221 222 13
221 205 8
221 237 13
349 219 -13
349 348 -19
353 98 -8
353 223 13
353 352 8
96 240 -13
96 111 -19
96 97 -13
342 216 13
342 358 28
200 198 -19
200 199 -13
200 60 28
310 63 19
310 184 13
270 139 19
270 22 28
270 268 28
270 272 13
270 269 -8
139 155 13
139 123 13
139 140 28
139 8 8
22 23 8
22 7 -8
22 158 -13
268 137 -8
268 267 13
272 141 -19
272 24 8
269 142 19
269 285 8
269 25 8
2 4 28
317 66 19
317 316 13
321 323 -8
321 320 13
189 205 -8
4 3 -19
4 6 -19
305 178 8
305 320 -19
223 224 -8
223 239 -8
223 86 -13
337 335 28
337 85 -19
337 336 -19
361 359 -13
361 363 28
361 231 13
361 105 -13
359 229 28
359 357 13
359 103 -8
359 358 -13
363 107 -8
105 106 -13
141 142 -8
141 10 -13
141 157 8
256 254 19
256 9 -28
256 255 -28
294 293 -19
294 296 -8
294 44 28
293 46 19
293 309 13
296 45 13
296 298 19
296 165 -8
44 59 -19
44 182 -19
44 30 -8
3 138 -13
3 18 19
6 8 8
6 5 28
6 137 28
6 249 19
218 220 8
218 216 -19
218 77 -28
220 346 8
220 222 28
220 219 28
216 214 28
132 259 -8
132 131 -28
132 130 28
259 275 -19
259 260 8
131 147 -19
192 194 -28
174 301 -19
301 285 28
301 316 13
84 86 -8
84 332 -28
86 85 -28
332 316 8
332 333 -13
332 348 -19
280 278 -8
280 282 -8
165 181 -28
165 32 28
194 193 28
194 320 -8
194 196 28
338 212 -8
338 354 -8
338 322 -8
32 33 -13
278 30 8
107 108 13
240 242 8
240 366 -28
240 239 13
242 98 8
242 368 13
366 367 13
366 114 -19
239 99 -19
199 63 8
282 281 13
282 151 -19
198 59 -8
198 324 8
324 340 13
324 309 -8
324 76 8
99 97 -13
99 101 19
99 98 19
224 222 19
23 21 -13
23 25 8
23 267 13
23 155 28
21 265 13
21 153 28
25 157 -8
25 24 8
267 251 19
267 140 8
155 286 -13
155 156 -13
142 140 -13
142 7 -19
285 286 -28
285 158 -8
97 348 -19
97 237 19
101 352 -8
98 85 -19
98 113 -8
138 265 -19
138 137 -8
138 140 28
61 63 -8
61 60 -19
61 309 -19
60 45 -8
309 182 -8
333 203 -28
333 335 -28
333 81 -28
348 364 -13
348 222 -13
28 29 28
28 164 13
275 291 -13
251 8 19
251 252 28
8 7 -8
8 10 -8
252 254 -8
252 121 -8
252 5 19
108 106 8
106 104 13
106 358 -19
254 7 -19
254 123 8
46 45 19
46 181 -19
46 48 28
45 184 8
181 182 28
48 47 8
222 81 28
205 335 8
237 367 19
147 163 19
298 47 13
299 52 13
157 158 13
140 5 -13
340 214 -28
340 356 28
340 91 19
212 211 13
322 323 13
322 307 -28
322 196 -19
156 158 8
156 154 8
213 214 -8
213 229 28
213 76 13
113 114 -8
323 193 -19
307 180 -13
307 308 -19
307 291 13
196 195 13
196 57 -8
364 112 8
112 111 13
112 114 8
291 164 -13
164 163 -13
182 184 28
367 111 -13
67 203 -8
67 66 -19
203 204 -8
203 219 -28
66 81 28
66 51 13
178 180 -8
308 57 -19
52 51 -13
229 91 28
356 357 -8
356 104 -13
211 195 -28
180 179 -28
179 163 -19
179 195 -13
91 90 -28
90 103 -28
346 330 13
265 281 -13
265 249 -19
18 154 13
204 330 -8
122 121 -8
122 249 -8
121 137 -19
38 24 -8
336 320 8
336 352 8
103 104 -8
281 154 13
137 153 13
352 368 8
154 153 -13
9 10 -28
9 24 -19
