87 339 28
87 100 -19
87 228 19
87 88 -19
87 72 8
339 338 -13
339 209 28
339 337 -19
100 115 -8
100 101 13
100 355 19
100 244 -13
228 227 -8
228 226 19
228 354 19
88 225 8
88 86 -19
88 336 -28
72 73 8
72 57 13
72 212 -19
72 323 28
146 144 -8
146 273 28
146 148 -8
146 11 -13
146 145 19
144 143 8
144 142 -8
144 271 -13
144 9 -13
273 289 28
273 257 -28
273 29 -19
273 274 19
148 275 -8
148 13 -28
148 147 28
11 12 19
11 26 -19
11 258 13
145 14 8
145 129 13
145 276 -19
145 161 8
371 241 19
371 370 8
371 369 8
371 115 -13
241 225 -19
241 242 -19
241 101 8
370 244 8
370 354 28
369 239 -19
369 367 19
369 113 -28
369 368 -19
115 116 -13
12 14 8
12 143 8
12 10 -19
12 255 19
26 274 -13
26 27 -28
26 162 -13
26 40 -8
258 257 28
258 256 19
258 127 8
258 260 -13
264 263 28
264 16 -13
264 262 28
264 266 -28
264 133 19
263 19 -19
263 279 19
263 136 13
263 247 -19
16 17 -19
16 1 -13
16 31 -8
16 152 19
262 15 13
262 261 -8
266 265 19
266 268 -8
266 18 28
266 135 19
133 2 28
133 149 28
133 134 8
133 117 -28
188 314 -13
188 187 -19
188 49 -28
188 190 -28
188 186 -13
314 67 -8
314 299 -13
314 315 19
314 330 8
187 171 -8
187 52 19
187 203 -19
187 317 13
49 300 28
49 50 8
49 34 -19
49 64 19
190 51 19
190 189 19
190 316 -13
190 192 19
186 185 -28
186 312 -19
186 184 19
186 47 -8
304 53 -13
304 306 -13
304 173 -13
304 303 -8
304 302 -13
53 68 -13
53 54 -19
53 192 -13
53 38 28
306 55 -13
306 175 -8
306 305 -13
306 308 -19
173 174 -19
173 39 13
173 157 -19
173 189 13
303 287 -28
303 56 28
303 176 19
303 318 8
302 171 28
302 300 -19
302 51 19
302 301 19
300 298 13
300 299 -8
300 169 -13
50 185 -8
50 52 -8
50 48 8
50 297 13
34 172 13
34 284 8
34 35 -13
34 20 13
64 204 19
64 65 -13
64 315 28
64 79 8
14 257 19
14 13 13
257 130 -28
13 260 13
13 28 -13
345 215 8
345 343 28
345 344 -19
345 347 -13
215 231 -19
215 199 13
215 216 -13
215 78 19
343 341 -8
343 90 -13
343 213 28
343 342 -28
344 94 28
344 218 -8
344 328 28
344 360 -13
347 93 28
347 346 8
347 349 13
347 217 -8
89 74 -13
89 230 -13
89 341 8
89 102 13
74 59 8
74 214 13
74 325 13
230 229 -19
230 356 -13
230 232 8
341 340 28
102 357 13
159 27 -19
159 290 -13
159 175 -19
159 160 13
159 143 19
27 29 -19
27 25 -19
27 271 -28
290 292 8
290 40 28
290 289 8
290 288 13
175 191 -8
175 176 -19
175 41 -28
160 287 -28
160 162 -8
160 158 -28
160 24 -19
143 127 8
143 274 13
313 311 8
313 62 13
313 312 -8
313 315 -19
313 183 -28
311 181 19
311 60 -19
311 310 13
62 77 28
62 63 28
62 47 -28
62 202 13
312 328 13
312 297 -28
312 65 -13
315 185 19
315 317 -13
183 167 -28
183 184 -19
183 199 -19
183 48 19
109 110 -8
109 365 -13
109 95 -8
110 108 8
110 362 -8
110 112 -19
365 364 13
365 367 -13
365 235 8
365 363 -8
95 238 -19
95 81 -13
95 349 -28
243 227 28
243 244 -19
227 211 28
244 242 28
172 174 28
172 171 -13
172 299 13
172 170 -28
284 286 -19
284 283 -28
284 282 -13
284 153 28
35 37 8
35 33 13
35 169 -8
35 281 -13
20 156 -8
20 268 -19
20 5 8
20 21 -28
327 329 -28
327 197 13
327 325 13
327 75 -19
327 326 13
329 77 28
329 328 19
329 331 19
329 199 28
197 198 -8
197 61 -28
197 213 13
197 181 -8
325 324 -19
75 90 28
75 60 13
75 76 28
75 216 8
326 342 -19
326 200 8
326 310 -13
326 78 8
201 202 -28
201 185 8
201 331 8
201 217 -13
201 65 13
202 204 13
202 328 -28
202 200 -28
185 169 13
331 79 8
331 333 13
331 330 19
217 80 -28
217 218 -28
217 233 13
65 67 -8
65 63 28
246 248 8
246 245 -28
246 0 -28
248 247 -28
248 250 -28
248 117 -19
248 1 -28
245 261 13
245 2 8
245 118 -13
0 15 -28
0 134 -19
274 276 13
274 272 -13
162 289 -28
162 164 -28
162 161 13
40 55 -8
40 41 13
40 178 13
119 120 -28
119 135 28
119 250 28
120 122 13
120 247 13
120 118 28
135 4 -19
135 136 -28
135 151 19
250 3 13
250 252 -13
250 249 13
287 288 13
287 271 -28
287 41 -13
288 286 -8
288 157 -13
288 38 28
271 272 -19
271 255 -28
41 43 -28
41 39 -13
37 283 -8
37 36 13
37 39 8
37 171 19
283 299 8
283 156 -28
283 267 8
36 174 8
36 286 8
36 22 -19
36 51 -13
39 38 -8
39 285 -13
171 155 -28
225 355 -19
225 226 13
225 209 -28
355 353 -8
355 354 19
226 224 -28
226 85 13
226 352 8
209 210 -19
209 73 28
209 193 -28
292 161 28
292 42 13
292 291 13
289 43 28
289 305 -28
127 128 -28
208 210 -13
208 207 -28
208 206 -8
208 68 8
208 334 -19
210 212 -28
210 70 -8
210 336 8
207 71 13
207 191 28
207 223 13
207 337 28
206 332 13
206 204 -8
206 66 -8
206 205 13
68 319 -13
68 83 19
68 69 8
334 350 19
334 318 -28
334 335 19
334 86 -28
319 317 -19
319 321 8
319 318 19
319 189 -19
83 84 19
83 224 8
83 335 8
83 96 -28
69 71 -8
69 67 -19
69 316 -19
69 205 19
126 124 13
126 125 8
126 253 -13
126 128 19
124 251 -8
124 122 -19
124 123 13
125 141 8
125 256 -19
253 269 -28
253 254 -13
253 10 -19
128 130 -8
128 255 -19
247 4 -8
117 118 -28
1 2 -13
1 136 8
169 170 19
169 153 -19
71 70 -19
71 318 19
71 73 19
70 55 13
70 85 8
70 321 -19
318 192 8
73 320 -8
168 166 -28
168 170 13
168 295 -8
168 31 8
168 167 13
166 293 13
166 30 19
166 165 -8
170 297 13
295 279 -13
295 296 -19
295 48 19
295 310 28
31 280 28
31 45 28
31 32 -28
167 33 28
167 298 -28
167 151 -28
116 114 28
116 368 19
129 260 -19
129 130 8
276 28 8
276 275 13
161 177 28
161 29 28
19 17 13
19 21 19
19 18 19
19 151 13
279 280 -13
279 152 -8
279 33 13
136 138 19
136 134 -28
43 177 -19
43 42 28
177 178 8
177 308 -8
177 193 -8
42 180 28
42 28 13
42 57 -19
56 191 8
56 58 13
56 54 28
56 55 19
176 174 -28
176 38 -8
176 178 8
150 15 8
150 277 -13
150 149 -19
150 152 -13
15 30 28
277 32 -19
277 278 8
277 261 19
277 293 -19
149 17 -28
149 280 28
149 165 -28
152 154 8
152 151 -8
80 328 -28
80 82 13
80 79 19
80 78 19
82 84 -19
82 219 28
82 330 -19
82 81 -19
79 93 -13
79 220 19
78 77 13
78 76 -19
234 232 -28
234 236 -28
234 360 -8
234 233 13
232 90 8
232 358 19
232 231 19
236 235 -13
236 238 -19
236 362 -28
236 93 -28
360 361 28
360 108 13
233 94 -19
233 363 -13
191 321 28
191 192 8
58 57 -19
58 193 13
58 305 -19
54 52 -8
54 301 19
54 189 -28
55 194 28
17 261 -19
261 134 13
94 92 -19
94 93 -8
92 91 8
92 231 -28
92 342 28
93 107 -19
297 298 -19
297 281 -19
235 219 28
238 240 -28
238 364 13
238 237 -28
362 346 -13
362 363 -13
351 350 19
351 221 19
351 349 8
351 353 13
351 96 -28
350 99 13
350 366 19
350 224 28
221 84 19
221 222 -13
221 205 -8
221 237 19
349 219 -28
349 348 13
353 98 13
353 223 19
353 352 13
96 240 28
96 111 8
96 97 -28
342 216 -28
342 358 -8
200 198 -19
200 199 -28
200 60 -28
310 63 19
310 184 28
270 139 -19
270 22 19
270 268 13
270 272 8
270 269 -13
139 155 -8
139 123 -8
139 140 19
139 8 -13
22 23 -19
22 7 -13
22 158 19
268 137 -13
268 267 -28
272 141 28
272 24 -8
269 142 -19
269 285 8
269 25 -28
2 4 13
317 66 8
317 316 8
321 323 -13
321 320 13
189 205 -13
4 3 8
4 6 -28
305 178 -13
305 320 -13
223 224 8
223 239 28
223 86 -13
337 335 -19
337 85 -13
337 336 -19
361 359 -8
361 363 -28
361 231 19
361 105 13
359 229 8
359 357 -13
359 103 -19
359 358 13
363 107 -19
105 106 19
141 142 28
141 10 28
141 157 8
256 254 19
256 9 -8
256 255 19
294 293 -13
294 296 -8
294 44 -28
293 46 13
293 309 28
296 45 19
296 298 -13
296 165 -28
44 59 -28
44 182 -19
44 30 19
3 138 -8
3 18 19
6 8 13
6 5 13
6 137 -28
6 249 28
218 220 -8
218 216 -8
218 77 -8
220 346 19
220 222 -8
220 219 -13
216 214 -28
132 259 -28
132 131 -13
132 130 -8
259 275 -19
259 260 19
131 147 -19
192 194 8
174 301 -13
301 285 13
301 316 19
84 86 -19
84 332 8
86 85 19
332 316 19
332 333 -13
332 348 8
280 278 -28
280 282 -28
165 181 8
165 32 19
194 193 -19
194 320 -19
194 196 8
338 212 19
338 354 19
338 322 -19
32 33 8
278 30 19
107 108 -28
240 242 19
240 366 -13
240 239 28
242 98 -13
242 368 19
366 367 8
366 114 -28
239 99 13
199 63 -13
282 281 -13
282 151 28
198 59 -8
198 324 13
324 340 -13
324 309 19
324 76 -13
99 97 -19
99 101 -13
99 98 -13
224 222 28
23 21 -13
23 25 -13
23 267 -19
23 155 28
21 265 28
21 153 -13
25 157 13
25 24 -19
267 251 -13
267 140 -13
155 286 28
155 156 -13
142 140 -19
142 7 -8
285 286 19
285 158 8
97 348 13
97 237 -8
101 352 28
98 85 -13
98 113 8
138 265 -28
138 137 28
138 140 -28
61 63 19
61 60 -28
61 309 28
60 45 8
309 182 -8
333 203 -13
333 335 -28
333 81 -19
348 364 -8
348 222 13
28 29 8
28 164 19
275 291 28
251 8 8
251 252 -13
8 7 13
8 10 -13
252 254 19
252 121 28
252 5 8
108 106 8
106 104 -13
106 358 -8
254 7 -28
254 123 8
46 45 -8
46 181 -8
46 48 19
45 184 -13
181 182 -28
48 47 -28
222 81 13
205 335 19
237 367 -8
147 163 -28
298 47 19
299 52 19
157 158 -19
140 5 -13
340 214 13
340 356 13
340 91 19
212 211 -8
322 323 -13
322 307 13
322 196 -28
156 158 -28
156 154 28
213 214 -28
213 229 -13
213 76 13
113 114 28
323 193 -8
307 180 8
307 308 -13
307 291 19
196 195 -28
196 57 8
364 112 13
112 111 -13
112 114 8
291 164 -13
164 163 -19
182 184 -19
367 111 28
67 203 19
67 66 -8
203 204 19
203 219 8
66 81 -28
66 51 8
178 180 -8
308 57 19
52 51 -28
229 91 -19
356 357 28
356 104 -8
211 195 -28
180 179 19
179 163 -19
179 195 -13
91 90 -28
90 103 28
346 330 -13
265 281 19
265 249 -19
18 154 8
204 330 -28
122 121 28
122 249 13
121 137 -13
38 24 28
336 320 -8
336 352 -19
103 104 28
281 154 19
137 153 -13
352 368 13
154 153 -13
9 10 -28
9 24 19
