87 339 -19
87 100 -8
87 228 8
87 88 19
87 72 -8
339 338 -8
339 209 -13
339 337 -19
100 115 13
100 101 13
100 355 8
100 244 -19
228 227 28
228 226 -28
228 354 -13
88 225 -28
88 86 -28
88 336 28
72 73 -8
72 57 -19
72 212 -8
72 323 19
146 144 19
146 273 -8
146 148 -19
146 11 13
146 145 19
144 143 -19
144 142 19
144 271 8
144 9 8
273 289 13
273 257 -28
273 29 -28
273 274 -19
148 275 19
148 13 13
148 147 8
11 12 13
11 26 -28
11 258 8
145 14 19
145 129 -13
145 276 -19
145 161 -19
371 241 8
371 370 -28
371 369 28
371 115 -28
241 225 -8
241 242 -8
241 101 19
370 244 13
370 354 -8
369 239 8
369 367 -28
369 113 19
369 368 19
115 116 -8
12 14 -19
12 143 -13
12 10 28
12 255 -13
26 274 -28
26 27 28
26 162 -19
26 40 19
258 257 28
258 256 28
258 127 -28
258 260 -28
264 263 -19
264 16 19
264 262 19
264 266 13
264 133 28
263 19 28
263 279 28
263 136 28
263 247 -28
16 17 -28
16 1 -13
16 31 -8
16 152 -8
262 15 28
262 261 -19
266 265 19
266 268 8
266 18 8
266 135 -19
133 2 19
133 149 -8
133 134 -13
133 117 13
188 314 -28
188 187 -28
188 49 28
188 190 13
188 186 -13
314 67 -28
314 299 28
314 315 -19
314 330 19
187 171 -19
187 52 -19
187 203 -28
187 317 -19
49 300 -19
49 50 19
49 34 8
49 64 19
190 51 -19
190 189 -28
190 316 -19
190 192 -8
186 185 -13
186 312 -13
186 184 28
186 47 -28
304 53 19
304 306 -28
304 173 28
304 303 -8
304 302 19
53 68 -13
53 54 28
53 192 8
53 38 -8
306 55 8
306 175 19
306 305 8
306 308 -28
173 174 8
173 39 19
173 157 -13
173 189 -19
303 287 8
303 56 13
303 176 -28
303 318 -28
302 171 13
302 300 28
302 51 8
302 301 -8
300 298 13
300 299 19
300 169 28
50 185 -28
50 52 -13
50 48 28
50 297 -13
34 172 -19
34 284 19
34 35 -28
34 20 -19
64 204 19
64 65 19
64 315 -13
64 79 -19
14 257 19
14 13 28
257 130 -19
13 260 -13
13 28 28
345 215 -28
345 343 -19
345 344 13
345 347 -13
215 231 28
215 199 19
215 216 -19
215 78 -13
343 341 8
343 90 19
343 213 8
343 342 19
344 94 19
344 218 19
344 328 -28
344 360 19
347 93 -13
347 346 -19
347 349 -28
347 217 28
89 74 19
89 230 28
89 341 19
89 102 28
74 59 28
74 214 8
74 325 -19
230 229 -13
230 356 8
230 232 -28
341 340 -8
102 357 -19
159 27 28
159 290 -13
159 175 -8
159 160 28
159 143 -13
27 29 -19
27 25 -28
27 271 13
290 292 -28
290 40 19
290 289 -8
290 288 -13
175 191 -8
175 176 28
175 41 -19
160 287 8
160 162 -28
160 158 13
160 24 -8
143 127 -13
143 274 8
313 311 -28
313 62 -19
313 312 19
313 315 13
313 183 -8
311 181 8
311 60 19
311 310 19
62 77 28
62 63 -13
62 47 13
62 202 -8
312 328 19
312 297 19
312 65 13
315 185 -28
315 317 -8
183 167 -28
183 184 28
183 199 19
183 48 -19
109 110 19
109 365 13
109 95 13
110 108 -28
110 362 -19
110 112 13
365 364 -8
365 367 -13
365 235 13
365 363 -28
95 238 -8
95 81 -28
95 349 -13
243 227 28
243 244 -13
227 211 -19
244 242 19
172 174 -19
172 171 -19
172 299 -28
172 170 19
284 286 19
284 283 -28
284 282 -13
284 153 19
35 37 -8
35 33 8
35 169 8
35 281 -8
20 156 28
20 268 -8
20 5 -19
20 21 -8
327 329 -8
327 197 19
327 325 13
327 75 28
327 326 -19
329 77 -13
329 328 -19
329 331 -19
329 199 -8
197 198 -8
197 61 13
197 213 -28
197 181 -13
325 324 13
75 90 13
75 60 -13
75 76 -8
75 216 19
326 342 -8
326 200 -13
326 310 19
326 78 -8
201 202 -28
201 185 -13
201 331 19
201 217 13
201 65 -28
202 204 8
202 328 13
202 200 -28
185 169 -19
331 79 19
331 333 8
331 330 -19
217 80 -28
217 218 -8
217 233 28
65 67 -13
65 63 13
246 248 13
246 245 19
246 0 28
248 247 28
248 250 -13
248 117 19
248 1 -8
245 261 13
245 2 -13
245 118 -28
0 15 8
0 134 -8
274 276 13
274 272 13
162 289 28
162 164 -19
162 161 28
40 55 -8
40 41 19
40 178 -13
119 120 -28
119 135 19
119 250 13
120 122 13
120 247 -8
120 118 28
135 4 -28
135 136 -13
135 151 -19
250 3 -19
250 252 -8
250 249 -19
287 288 -28
287 271 -28
287 41 -19
288 286 13
288 157 -28
288 38 13
271 272 13
271 255 19
41 43 -13
41 39 -28
37 283 -13
37 36 13
37 39 19
37 171 -13
283 299 19
283 156 28
283 267 -13
36 174 -19
36 286 -8
36 22 19
36 51 -19
39 38 -28
39 285 8
171 155 13
225 355 -19
225 226 13
225 209 -28
355 353 -19
355 354 8
226 224 13
226 85 8
226 352 8
209 210 -28
209 73 8
209 193 -28
292 161 19
292 42 -8
292 291 -28
289 43 -19
289 305 13
127 128 -13
208 210 -28
208 207 13
208 206 -8
208 68 19
208 334 -28
210 212 28
210 70 8
210 336 -8
207 71 19
207 191 19
207 223 8
207 337 8
206 332 8
206 204 -13
206 66 -19
206 205 19
68 319 28
68 83 19
68 69 -8
334 350 19
334 318 -8
334 335 19
334 86 -8
319 317 -19
319 321 -8
319 318 -13
319 189 13
83 84 -13
83 224 -19
83 335 -13
83 96 19
69 71 -8
69 67 -13
69 316 -19
69 205 28
126 124 28
126 125 -19
126 253 -13
126 128 -28
124 251 19
124 122 -19
124 123 -8
125 141 19
125 256 13
253 269 19
253 254 -19
253 10 13
128 130 28
128 255 13
247 4 -13
117 118 -8
1 2 19
1 136 -13
169 170 28
169 153 -28
71 70 -19
71 318 -13
71 73 8
70 55 13
70 85 13
70 321 -13
318 192 13
73 320 -13
168 166 -13
168 170 19
168 295 -19
168 31 28
168 167 -13
166 293 -13
166 30 -13
166 165 19
170 297 -28
295 279 -13
295 296 28
295 48 -19
295 310 -19
31 280 -19
31 45 8
31 32 -13
167 33 13
167 298 8
167 151 28
116 114 -8
116 368 13
129 260 19
129 130 8
276 28 28
276 275 -8
161 177 -19
161 29 -28
19 17 -8
19 21 8
19 18 19
19 151 -13
279 280 -13
279 152 -28
279 33 -13
136 138 19
136 134 8
43 177 -28
43 42 -28
177 178 8
177 308 28
177 193 28
42 180 8
42 28 19
42 57 -13
56 191 8
56 58 28
56 54 -19
56 55 -8
176 174 -8
176 38 -28
176 178 8
150 15 28
150 277 8
150 149 19
150 152 13
15 30 -13
277 32 -28
277 278 -19
277 261 -19
277 293 -8
149 17 -8
149 280 13
149 165 -8
152 154 -8
152 151 13
80 328 -13
80 82 -13
80 79 -13
80 78 -13
82 84 -8
82 219 -19
82 330 13
82 81 8
79 93 -28
79 220 -19
78 77 19
78 76 28
234 232 8
234 236 8
234 360 -28
234 233 28
232 90 13
232 358 -28
232 231 -19
236 235 -13
236 238 19
236 362 -19
236 93 19
360 361 -13
360 108 8
233 94 -28
233 363 -19
191 321 -13
191 192 13
58 57 -8
58 193 19
58 305 8
54 52 -28
54 301 8
54 189 -13
55 194 19
17 261 8
261 134 -28
94 92 13
94 93 -28
92 91 28
92 231 19
92 342 19
93 107 8
297 298 -13
297 281 28
235 219 -19
238 240 -28
238 364 -28
238 237 -19
362 346 -8
362 363 -19
351 350 -13
351 221 28
351 349 13
351 353 -8
351 96 19
350 99 13
350 366 -28
350 224 -8
221 84 -13
221 222 13
221 205 -13
221 237 13
349 219 -19
349 348 28
353 98 -28
353 223 19
353 352 19
96 240 8
96 111 13
96 97 8
342 216 13
342 358 -19
200 198 -8
200 199 19
200 60 13
310 63 19
310 184 19
270 139 28
270 22 13
270 268 -19
270 272 13
270 269 19
139 155 8
139 123 -19
139 140 19
139 8 8
22 23 -13
22 7 19
22 158 -13
268 137 -28
268 267 28
272 141 13
272 24 -28
269 142 -13
269 285 13
269 25 28
2 4 28
317 66 -28
317 316 28
321 323 -28
321 320 -13
189 205 8
4 3 -8
4 6 8
305 178 -28
305 320 28
223 224 19
223 239 28
223 86 -8
337 335 13
337 85 -8
337 336 28
361 359 -19
361 363 -28
361 231 -19
361 105 13
359 229 -13
359 357 28
359 103 8
359 358 -19
363 107 -8
105 106 19
141 142 28
141 10 -28
141 157 -13
256 254 28
256 9 8
256 255 19
294 293 -28
294 296 13
294 44 19
293 46 -13
293 309 -19
296 45 -8
296 298 19
296 165 28
44 59 -13
44 182 8
44 30 -19
3 138 19
3 18 -19
6 8 -28
6 5 -13
6 137 -8
6 249 8
218 220 28
218 216 -28
218 77 28
220 346 8
220 222 -28
220 219 -28
216 214 19
132 259 -8
132 131 28
132 130 13
259 275 -13
259 260 28
131 147 -19
192 194 -19
174 301 -8
301 285 28
301 316 -28
84 86 -19
84 332 28
86 85 8
332 316 13
332 333 8
332 348 28
280 278 8
280 282 19
165 181 -28
165 32 8
194 193 13
194 320 -13
194 196 -19
338 212 -28
338 354 -19
338 322 -8
32 33 28
278 30 -19
107 108 -19
240 242 28
240 366 -28
240 239 13
242 98 -13
242 368 -13
366 367 -19
366 114 -8
239 99 19
199 63 -28
282 281 -13
282 151 13
198 59 -8
198 324 28
324 340 19
324 309 8
324 76 28
99 97 28
99 101 19
99 98 28
224 222 -8
23 21 -28
23 25 -28
23 267 -13
23 155 19
21 265 -28
21 153 -28
25 157 19
25 24 -8
267 251 -19
267 140 19
155 286 -19
155 156 28
142 140 -28
142 7 8
285 286 -13
285 158 28
97 348 19
97 237 19
101 352 -28
98 85 -13
98 113 -28
138 265 -8
138 137 28
138 140 28
61 63 8
61 60 13
61 309 -19
60 45 13
309 182 28
333 203 19
333 335 -8
333 81 -28
348 364 13
348 222 13
28 29 13
28 164 8
275 291 -28
251 8 28
251 252 -19
8 7 8
8 10 -8
252 254 -8
252 121 -19
252 5 -13
108 106 -13
106 104 -8
106 358 -8
254 7 -28
254 123 -13
46 45 -28
46 181 8
46 48 -28
45 184 8
181 182 19
48 47 -13
222 81 -13
205 335 13
237 367 -8
147 163 -13
298 47 -8
299 52 -19
157 158 -13
140 5 -13
340 214 13
340 356 8
340 91 8
212 211 -19
322 323 -28
322 307 -13
322 196 19
156 158 8
156 154 -13
213 214 19
213 229 28
213 76 -28
113 114 -13
323 193 13
307 180 -8
307 308 8
307 291 -8
196 195 -13
196 57 -8
364 112 8
112 111 13
112 114 13
291 164 -19
164 163 -28
182 184 19
367 111 8
67 203 -8
67 66 13
203 204 -8
203 219 -13
66 81 28
66 51 -8
178 180 28
308 57 13
52 51 -13
229 91 -13
356 357 -19
356 104 28
211 195 19
180 179 28
179 163 8
179 195 13
91 90 -8
90 103 13
346 330 -19
265 281 28
265 249 19
18 154 -19
204 330 19
122 121 -8
122 249 8
121 137 -19
38 24 28
336 320 -28
336 352 19
103 104 8
281 154 19
137 153 -19
352 368 -8
154 153 -13
9 10 19
9 24 8
