87 339 19
87 100 -13
87 228 13
87 88 -8
87 72 -8
339 338 -8
339 209 28
339 337 28
100 115 -19
100 101 19
100 355 13
100 244 28
228 227 -8
228 226 19
228 354 19
88 225 -19
88 86 28
88 336 -13
72 73 13
72 57 8
72 212 -13
72 323 8
146 144 -19
146 273 19
146 148 -8
146 11 -8
146 145 -28
144 143 -13
144 142 28
144 271 13
144 9 28
273 289 8
273 257 28
273 29 -28
273 274 28
148 275 -28
148 13 -8
148 147 -28
11 12 -13
11 26 -19
11 258 -19
145 14 -19
145 129 -8
145 276 13
145 161 19
371 241 28
371 370 13
371 369 19
371 115 8
241 225 13
241 242 13
241 101 -28
370 244 19
370 354 -13
369 239 -13
369 367 -19
369 113 -28
369 368 28
115 116 28
12 14 8
12 143 13
12 10 -13
12 255 19
26 274 19
26 27 13
26 162 -8
26 40 8
258 257 -13
258 256 13
258 127 19
258 260 -13
264 263 -8
264 16 -8
264 262 28
264 266 -13
264 133 8
263 19 28
263 279 -8
263 136 8
263 247 -13
16 17 19
16 1 -28
16 31 -8
16 152 -8
262 15 -19
262 261 19
266 265 19
266 268 -13
266 18 -8
266 135 13
133 2 28
133 149 13
133 134 28
133 117 -19
188 314 28
188 187 28
188 49 19
188 190 8
188 186 -13
314 67 -28
314 299 -28
314 315 13
314 330 13
187 171 -19
187 52 19
187 203 -28
187 317 28
49 300 28
49 50 13
49 34 28
49 64 -28
190 51 -28
190 189 -13
190 316 28
190 192 -28
186 185 19
186 312 28
186 184 13
186 47 -19
304 53 -8
304 306 19
304 173 28
304 303 -13
304 302 -28
53 68 -28
53 54 8
53 192 -28
53 38 -13
306 55 -8
306 175 -13
306 305 13
306 308 19
173 174 -28
173 39 -19
173 157 -28
173 189 8
303 287 -28
303 56 -28
303 176 13
303 318 -19
302 171 28
302 300 28
302 51 -8
302 301 8
300 298 -28
300 299 -8
300 169 -28
50 185 -13
50 52 19
50 48 19
50 297 19
34 172 13
34 284 8
34 35 13
34 20 -19
64 204 -13
64 65 8
64 315 13
64 79 -19
14 257 -19
14 13 13
257 130 8
13 260 19
13 28 8
345 215 8
345 343 8
345 344 -13
345 347 -13
215 231 19
215 199 8
215 216 8
215 78 -19
343 341 -28
343 90 -8
343 213 8
343 342 19
344 94 -8
344 218 19
344 328 19
344 360 8
347 93 19
347 346 28
347 349 -28
347 217 28
89 74 -19
89 230 -13
89 341 -28
89 102 -19
74 59 28
74 214 28
74 325 28
230 229 -28
230 356 8
230 232 28
341 340 -13
102 357 28
159 27 19
159 290 8
159 175 -8
159 160 8
159 143 -19
27 29 28
27 25 -19
27 271 -13
290 292 28
290 40 13
290 289 -13
290 288 -8
175 191 8
175 176 -28
175 41 -13
160 287 -8
160 162 8
160 158 -19
160 24 -19
143 127 19
143 274 13
313 311 28
313 62 -13
313 312 19
313 315 -13
313 183 -19
311 181 13
311 60 8
311 310 28
62 77 28
62 63 -19
62 47 -13
62 202 8
312 328 -13
312 297 -19
312 65 19
315 185 28
315 317 8
183 167 -28
183 184 28
183 199 19
183 48 28
109 110 -28
109 365 -13
109 95 8
110 108 19
110 362 13
110 112 19
365 364 19
365 367 8
365 235 -8
365 363 -28
95 238 13
95 81 -13
95 349 -8
243 227 8
243 244 -8
227 211 8
244 242 8
172 174 -8
172 171 8
172 299 -28
172 170 -28
284 286 19
284 283 19
284 282 -8
284 153 13
35 37 -19
35 33 -8
35 169 -19
35 281 19
20 156 -13
20 268 -28
20 5 -19
20 21 28
327 329 13
327 197 8
327 325 19
327 75 -19
327 326 -19
329 77 13
329 328 28
329 331 28
329 199 28
197 198 19
197 61 -8
197 213 -28
197 181 8
325 324 -19
75 90 -28
75 60 -28
75 76 13
75 216 19
326 342 -19
326 200 -8
326 310 28
326 78 -19
201 202 -13
201 185 -19
201 331 28
201 217 28
201 65 8
202 204 8
202 328 -13
202 200 28
185 169 28
331 79 8
331 333 -8
331 330 -19
217 80 -8
217 218 -28
217 233 28
65 67 19
65 63 8
246 248 19
246 245 19
246 0 28
248 247 8
248 250 8
248 117 19
248 1 28
245 261 -28
245 2 -8
245 118 13
0 15 28
0 134 13
274 276 8
274 272 -28
162 289 8
162 164 -13
162 161 -19
40 55 -28
40 41 -28
40 178 19
119 120 -8
119 135 19
119 250 -13
120 122 28
120 247 -28
120 118 -8
135 4 -19
135 136 -19
135 151 8
250 3 13
250 252 -28
250 249 28
287 288 19
287 271 -8
287 41 19
288 286 -13
288 157 -13
288 38 13
271 272 19
271 255 -13
41 43 -28
41 39 28
37 283 19
37 36 -19
37 39 -19
37 171 -28
283 299 -8
283 156 -28
283 267 -28
36 174 -13
36 286 19
36 22 -8
36 51 28
39 38 -19
39 285 -8
171 155 -28
225 355 19
225 226 8
225 209 -28
355 353 28
355 354 -8
226 224 8
226 85 -28
226 352 -13
209 210 -19
209 73 -8
209 193 8
292 161 -8
292 42 8
292 291 -13
289 43 13
289 305 -13
127 128 28
208 210 13
208 207 19
208 206 -28
208 68 19
208 334 -28
210 212 -19
210 70 8
210 336 -19
207 71 28
207 191 19
207 223 -19
207 337 -28
206 332 -19
206 204 13
206 66 19
206 205 -8
68 319 8
68 83 28
68 69 8
334 350 28
334 318 -8
334 335 28
334 86 28
319 317 19
319 321 -28
319 318 19
319 189 -19
83 84 28
83 224 -13
83 335 8
83 96 8
69 71 -8
69 67 -13
69 316 -28
69 205 -19
126 124 -13
126 125 13
126 253 28
126 128 19
124 251 19
124 122 -13
124 123 28
125 141 13
125 256 28
253 269 -28
253 254 -8
253 10 -8
128 130 -28
128 255 13
247 4 -28
117 118 8
1 2 19
1 136 8
169 170 -13
169 153 -13
71 70 -13
71 318 -19
71 73 -28
70 55 19
70 85 8
70 321 -19
318 192 13
73 320 28
168 166 -8
168 170 8
168 295 -19
168 31 8
168 167 -8
166 293 -13
166 30 19
166 165 8
170 297 19
295 279 8
295 296 -28
295 48 19
295 310 -28
31 280 -13
31 45 -13
31 32 19
167 33 28
167 298 -8
167 151 19
116 114 8
116 368 28
129 260 13
129 130 19
276 28 -8
276 275 13
161 177 -8
161 29 -13
19 17 -19
19 21 19
19 18 -28
19 151 -13
279 280 19
279 152 8
279 33 13
136 138 28
136 134 -28
43 177 -13
43 42 8
177 178 -13
177 308 19
177 193 8
42 180 19
42 28 28
42 57 -28
56 191 19
56 58 8
56 54 -8
56 55 13
176 174 -28
176 38 19
176 178 -13
150 15 -8
150 277 28
150 149 19
150 152 -13
15 30 -13
277 32 -8
277 278 -13
277 261 -8
277 293 -13
149 17 -8
149 280 28
149 165 -8
152 154 -13
152 151 19
80 328 13
80 82 8
80 79 -28
80 78 -19
82 84 28
82 219 -19
82 330 -13
82 81 19
79 93 28
79 220 -13
78 77 8
78 76 -28
234 232 13
234 236 13
234 360 13
234 233 13
232 90 8
232 358 13
232 231 13
236 235 19
236 238 19
236 362 -19
236 93 -8
360 361 -28
360 108 -8
233 94 13
233 363 -19
191 321 -19
191 192 19
58 57 28
58 193 8
58 305 -13
54 52 -28
54 301 -28
54 189 13
55 194 -8
17 261 -13
261 134 19
94 92 13
94 93 28
92 91 8
92 231 13
92 342 -8
93 107 -8
297 298 -13
297 281 13
235 219 -8
238 240 -28
238 364 13
238 237 28
362 346 -28
362 363 28
351 350 -13
351 221 -19
351 349 19
351 353 19
351 96 -8
350 99 13
350 366 -19
350 224 28
221 84 28
221 222 8
221 205 -28
221 237 8
349 219 -13
349 348 -8
353 98 13
353 223 -19
353 352 -8
96 240 -8
96 111 -13
96 97 8
342 216 -19
342 358 28
200 198 19
200 199 -19
200 60 28
310 63 28
310 184 28
270 139 -19
270 22 28
270 268 -28
270 272 28
270 269 -8
139 155 -8
139 123 13
139 140 8
139 8 -13
22 23 19
22 7 8
22 158 28
268 137 -19
268 267 19
272 141 -28
272 24 -19
269 142 -28
269 285 28
269 25 -19
2 4 28
317 66 13
317 316 19
321 323 -19
321 320 19
189 205 19
4 3 8
4 6 -13
305 178 -13
305 320 -28
223 224 -8
223 239 -13
223 86 19
337 335 -19
337 85 -13
337 336 8
361 359 -8
361 363 8
361 231 -13
361 105 -28
359 229 -8
359 357 -19
359 103 13
359 358 -28
363 107 8
105 106 -13
141 142 19
141 10 -19
141 157 -19
256 254 8
256 9 19
256 255 -8
294 293 -13
294 296 13
294 44 -28
293 46 8
293 309 -8
296 45 -8
296 298 -8
296 165 -13
44 59 -13
44 182 -8
44 30 -8
3 138 19
3 18 8
6 8 -19
6 5 13
6 137 13
6 249 13
218 220 8
218 216 -28
218 77 -28
220 346 28
220 222 8
220 219 -19
216 214 -8
132 259 19
132 131 -28
132 130 8
259 275 -28
259 260 13
131 147 -19
192 194 19
174 301 8
301 285 -19
301 316 -28
84 86 19
84 332 8
86 85 -28
332 316 19
332 333 -13
332 348 -28
280 278 19
280 282 8
165 181 13
165 32 19
194 193 8
194 320 -8
194 196 28
338 212 -19
338 354 13
338 322 -13
32 33 13
278 30 -13
107 108 -8
240 242 -8
240 366 -13
240 239 -13
242 98 -19
242 368 -8
366 367 -28
366 114 -28
239 99 28
199 63 8
282 281 19
282 151 -13
198 59 -19
198 324 -28
324 340 -19
324 309 -19
324 76 28
99 97 13
99 101 28
99 98 19
224 222 -8
23 21 8
23 25 28
23 267 28
23 155 28
21 265 28
21 153 -8
25 157 28
25 24 -19
267 251 -19
267 140 -13
155 286 -19
155 156 -8
142 140 -28
142 7 13
285 286 -13
285 158 -13
97 348 -13
97 237 -19
101 352 28
98 85 -8
98 113 -8
138 265 28
138 137 -13
138 140 -13
61 63 28
61 60 -28
61 309 -13
60 45 -28
309 182 8
333 203 -13
333 335 -8
333 81 -13
348 364 19
348 222 28
28 29 -13
28 164 -28
275 291 13
251 8 -8
251 252 8
8 7 19
8 10 -19
252 254 -13
252 121 8
252 5 -28
108 106 -28
106 104 13
106 358 -13
254 7 28
254 123 13
46 45 -19
46 181 19
46 48 -13
45 184 8
181 182 28
48 47 -28
222 81 -28
205 335 28
237 367 19
147 163 19
298 47 13
299 52 8
157 158 -19
140 5 19
340 214 8
340 356 8
340 91 -8
212 211 -28
322 323 -13
322 307 8
322 196 -19
156 158 13
156 154 13
213 214 -13
213 229 19
213 76 19
113 114 -19
323 193 19
307 180 28
307 308 -28
307 291 -28
196 195 28
196 57 -13
364 112 13
112 111 13
112 114 -19
291 164 -8
164 163 -8
182 184 -13
367 111 -28
67 203 -13
67 66 13
203 204 13
203 219 28
66 81 19
66 51 8
178 180 13
308 57 -19
52 51 19
229 91 -8
356 357 -13
356 104 13
211 195 -13
180 179 19
179 163 19
179 195 28
91 90 -8
90 103 -19
346 330 13
265 281 28
265 249 28
18 154 -8
204 330 -28
122 121 19
122 249 28
121 137 19
38 24 -28
336 320 -8
336 352 -19
103 104 -8
281 154 -13
137 153 -28
352 368 8
154 153 -13
9 10 -19
9 24 -28
