87 339 -8
87 100 8
87 228 8
87 88 13
87 72 13
339 338 19
339 209 -28
339 337 -13
100 115 19
100 101 -19
100 355 -28
100 244 -19
228 227 -8
228 226 -8
228 354 -28
88 225 -28
88 86 -8
88 336 19
72 73 13
72 57 -28
72 212 19
72 323 13
146 144 8
146 273 -19
146 148 28
146 11 28
146 145 28
144 143 -8
144 142 19
144 271 28
144 9 8
273 289 -28
273 257 -8
273 29 -19
273 274 19
148 275 -19
148 13 28
148 147 8
11 12 28
11 26 19
11 258 -19
145 14 13
145 129 -13
145 276 19
145 161 -28
371 241 19
371 370 8
371 369 -13
371 115 8
241 225 28
241 242 -8
241 101 13
370 244 -19
370 354 13
369 239 8
369 367 -13
369 113 28
369 368 -8
115 116 -8
12 14 8
12 143 -28
12 10 19
12 255 28
26 274 13
26 27 13
26 162 -28
26 40 19
258 257 13
258 256 -8
258 127 19
258 260 -28
264 263 -8
264 16 19
264 262 28
264 266 19
264 133 13
263 19 28
263 279 -8
263 136 8
263 247 -28
16 17 -19
16 1 -8
16 31 19
16 152 -13
262 15 -13
262 261 28
266 265 8
266 268 19
266 18 8
266 135 -28
133 2 -13
133 149 19
133 134 19
133 117 -19
188 314 19
188 187 -13
188 49 -8
188 190 13
188 186 -13
314 67 -28
314 299 -19
314 315 13
314 330 -8
187 171 19
187 52 -28
187 203 -8
187 317 -28
49 300 13
49 50 8
49 34 19
49 64 19
190 51 -28
190 189 -8
190 316 19
190 192 -28
186 185 19
186 312 -28
186 184 -13
186 47 8
304 53 19
304 306 19
304 173 8
304 303 13
304 302 -19
53 68 28
53 54 19
53 192 28
53 38 -8
306 55 13
306 175 -8
306 305 8
306 308 -19
173 174 28
173 39 19
173 157 19
173 189 28
303 287 28
303 56 28
303 176 -19
303 318 -19
302 171 -8
302 300 -8
302 51 -8
302 301 28
300 298 13
300 299 28
300 169 -19
50 185 28
50 52 13
50 48 28
50 297 19
34 172 -8
34 284 8
34 35 28
34 20 -13
64 204 8
64 65 -8
64 315 -13
64 79 -13
14 257 -13
14 13 13
257 130 8
13 260 -28
13 28 -19
345 215 -8
345 343 -13
345 344 -8
345 347 19
215 231 28
215 199 -19
215 216 13
215 78 -28
343 341 -28
343 90 -28
343 213 -8
343 342 13
344 94 -28
344 218 -19
344 328 19
344 360 -28
347 93 -19
347 346 13
347 349 28
347 217 -13
89 74 8
89 230 19
89 341 13
89 102 8
74 59 13
74 214 -13
74 325 8
230 229 28
230 356 -8
230 232 -19
341 340 19
102 357 -28
159 27 8
159 290 19
159 175 -19
159 160 -28
159 143 -19
27 29 8
27 25 28
27 271 28
290 292 13
290 40 -13
290 289 -13
290 288 19
175 191 -19
175 176 28
175 41 8
160 287 -28
160 162 -28
160 158 -28
160 24 19
143 127 -28
143 274 19
313 311 8
313 62 19
313 312 28
313 315 19
313 183 -28
311 181 28
311 60 13
311 310 8
62 77 -8
62 63 -13
62 47 13
62 202 8
312 328 13
312 297 -13
312 65 8
315 185 -13
315 317 13
183 167 -28
183 184 -19
183 199 -19
183 48 -8
109 110 13
109 365 13
109 95 -28
110 108 -19
110 362 28
110 112 -13
365 364 -19
365 367 8
365 235 28
365 363 13
95 238 13
95 81 28
95 349 28
243 227 -8
243 244 -28
227 211 19
244 242 19
172 174 -28
172 171 -28
172 299 28
172 170 -19
284 286 19
284 283 28
284 282 19
284 153 28
35 37 -28
35 33 8
35 169 -28
35 281 28
20 156 19
20 268 -8
20 5 -28
20 21 19
327 329 -13
327 197 -19
327 325 13
327 75 19
327 326 -19
329 77 -8
329 328 8
329 331 -28
329 199 8
197 198 -19
197 61 28
197 213 28
197 181 -28
325 324 -8
75 90 13
75 60 28
75 76 -28
75 216 8
326 342 13
326 200 -13
326 310 28
326 78 13
201 202 -13
201 185 19
201 331 -8
201 217 -28
201 65 -13
202 204 -8
202 328 19
202 200 19
185 169 -13
331 79 19
331 333 -8
331 330 -13
217 80 19
217 218 -8
217 233 -8
65 67 -8
65 63 -13
246 248 19
246 245 -8
246 0 -13
248 247 19
248 250 8
248 117 -19
248 1 -19
245 261 28
245 2 13
245 118 8
0 15 -28
0 134 28
274 276 8
274 272 19
162 289 13
162 164 8
162 161 28
40 55 -13
40 41 28
40 178 -8
119 120 -13
119 135 -8
119 250 28
120 122 -28
120 247 8
120 118 -8
135 4 -28
135 136 19
135 151 -19
250 3 19
250 252 -8
250 249 28
287 288 -8
287 271 13
287 41 28
288 286 -28
288 157 19
288 38 19
271 272 -8
271 255 -8
41 43 -19
41 39 28
37 283 19
37 36 -19
37 39 -28
37 171 -8
283 299 8
283 156 13
283 267 -19
36 174 -28
36 286 -19
36 22 -28
36 51 -19
39 38 -13
39 285 -8
171 155 28
225 355 -19
225 226 13
225 209 -19
355 353 13
355 354 -8
226 224 8
226 85 8
226 352 28
209 210 19
209 73 8
209 193 8
292 161 19
292 42 -19
292 291 -28
289 43 19
289 305 28
127 128 -8
208 210 28
208 207 -19
208 206 -13
208 68 13
208 334 28
210 212 -13
210 70 19
210 336 28
207 71 19
207 191 13
207 223 -13
207 337 13
206 332 8
206 204 -8
206 66 8
206 205 19
68 319 -13
68 83 13
68 69 19
334 350 -8
334 318 -28
334 335 8
334 86 -28
319 317 -28
319 321 -28
319 318 28
319 189 -13
83 84 -13
83 224 -19
83 335 19
83 96 -8
69 71 8
69 67 -28
69 316 -13
69 205 28
126 124 13
126 125 -13
126 253 -28
126 128 13
124 251 19
124 122 28
124 123 -13
125 141 28
125 256 -13
253 269 -28
253 254 -8
253 10 -19
128 130 -13
128 255 8
247 4 19
117 118 -8
1 2 -13
1 136 -19
169 170 -19
169 153 -28
71 70 19
71 318 -8
71 73 8
70 55 19
70 85 -28
70 321 8
318 192 -8
73 320 8
168 166 8
168 170 -13
168 295 8
168 31 -19
168 167 -8
166 293 28
166 30 8
166 165 13
170 297 28
295 279 28
295 296 19
295 48 -13
295 310 8
31 280 28
31 45 -8
31 32 28
167 33 -28
167 298 -13
167 151 8
116 114 -28
116 368 19
129 260 -28
129 130 -28
276 28 -8
276 275 -13
161 177 -13
161 29 19
19 17 -13
19 21 13
19 18 8
19 151 -8
279 280 -19
279 152 -8
279 33 28
136 138 8
136 134 -8
43 177 8
43 42 -28
177 178 -13
177 308 8
177 193 -13
42 180 13
42 28 19
42 57 -13
56 191 19
56 58 8
56 54 13
56 55 13
176 174 -28
176 38 -8
176 178 -19
150 15 28
150 277 28
150 149 19
150 152 -13
15 30 8
277 32 8
277 278 28
277 261 19
277 293 -8
149 17 -8
149 280 28
149 165 -19
152 154 -8
152 151 28
80 328 -28
80 82 -8
80 79 -13
80 78 13
82 84 8
82 219 -13
82 330 -28
82 81 -19
79 93 -28
79 220 13
78 77 -8
78 76 13
234 232 -19
234 236 13
234 360 -28
234 233 28
232 90 -19
232 358 -19
232 231 19
236 235 8
236 238 19
236 362 -19
236 93 -8
360 361 -28
360 108 -8
233 94 8
233 363 28
191 321 19
191 192 8
58 57 -19
58 193 8
58 305 -19
54 52 8
54 301 -19
54 189 28
55 194 13
17 261 -8
261 134 -8
94 92 -13
94 93 -8
92 91 28
92 231 -28
92 342 28
93 107 13
297 298 28
297 281 8
235 219 28
238 240 -13
238 364 -13
238 237 13
362 346 -8
362 363 -19
351 350 19
351 221 8
351 349 -13
351 353 8
351 96 8
350 99 8
350 366 19
350 224 -19
221 84 28
221 222 -13
221 205 13
221 237 19
349 219 -19
349 348 -8
353 98 28
353 223 -28
353 352 -13
96 240 -19
96 111 8
96 97 28
342 216 28
342 358 8
200 198 28
200 199 19
200 60 -19
310 63 -19
310 184 13
270 139 -8
270 22 -28
270 268 -19
270 272 -19
270 269 13
139 155 -19
139 123 -19
139 140 19
139 8 28
22 23 28
22 7 13
22 158 -8
268 137 28
268 267 8
272 141 28
272 24 -13
269 142 28
269 285 -28
269 25 19
2 4 -8
317 66 -19
317 316 -28
321 323 8
321 320 13
189 205 -19
4 3 8
4 6 13
305 178 8
305 320 -28
223 224 -13
223 239 8
223 86 -19
337 335 -8
337 85 -8
337 336 13
361 359 -19
361 363 -8
361 231 -28
361 105 -8
359 229 13
359 357 28
359 103 -8
359 358 13
363 107 -8
105 106 -19
141 142 28
141 10 8
141 157 19
256 254 -28
256 9 19
256 255 28
294 293 13
294 296 -13
294 44 8
293 46 13
293 309 13
296 45 28
296 298 19
296 165 8
44 59 -28
44 182 -8
44 30 -13
3 138 -19
3 18 -13
6 8 28
6 5 -28
6 137 28
6 249 28
218 220 28
218 216 8
218 77 19
220 346 13
220 222 -13
220 219 -28
216 214 -28
132 259 -28
132 131 -8
132 130 -13
259 275 -13
259 260 28
131 147 -28
192 194 -19
174 301 19
301 285 -8
301 316 19
84 86 -19
84 332 -28
86 85 28
332 316 13
332 333 -13
332 348 -28
280 278 13
280 282 19
165 181 19
165 32 -13
194 193 19
194 320 28
194 196 13
338 212 -13
338 354 8
338 322 -19
32 33 8
278 30 8
107 108 19
240 242 28
240 366 8
240 239 -8
242 98 28
242 368 13
366 367 13
366 114 19
239 99 19
199 63 19
282 281 8
282 151 13
198 59 8
198 324 -28
324 340 19
324 309 -19
324 76 -28
99 97 8
99 101 -8
99 98 -19
224 222 28
23 21 -19
23 25 19
23 267 28
23 155 8
21 265 28
21 153 -28
25 157 28
25 24 -13
267 251 19
267 140 -8
155 286 -8
155 156 8
142 140 -28
142 7 -28
285 286 19
285 158 -13
97 348 -19
97 237 -13
101 352 19
98 85 8
98 113 13
138 265 -19
138 137 8
138 140 8
61 63 -13
61 60 19
61 309 8
60 45 -19
309 182 13
333 203 -13
333 335 -8
333 81 8
348 364 -28
348 222 19
28 29 -8
28 164 -8
275 291 28
251 8 -8
251 252 -8
8 7 -19
8 10 13
252 254 8
252 121 -8
252 5 8
108 106 -8
106 104 -19
106 358 8
254 7 8
254 123 13
46 45 -19
46 181 13
46 48 8
45 184 -28
181 182 -19
48 47 19
222 81 19
205 335 13
237 367 28
147 163 -13
298 47 -19
299 52 19
157 158 19
140 5 13
340 214 19
340 356 13
340 91 28
212 211 -8
322 323 -28
322 307 8
322 196 8
156 158 -28
156 154 13
213 214 -28
213 229 -8
213 76 13
113 114 -13
323 193 19
307 180 -8
307 308 -8
307 291 -8
196 195 -8
196 57 28
364 112 -8
112 111 8
112 114 13
291 164 -13
164 163 -28
182 184 -8
367 111 -13
67 203 19
67 66 13
203 204 -19
203 219 -19
66 81 13
66 51 -8
178 180 -13
308 57 19
52 51 -19
229 91 8
356 357 8
356 104 13
211 195 28
180 179 -8
179 163 -8
179 195 19
91 90 28
90 103 -13
346 330 8
265 281 -28
265 249 -13
18 154 13
204 330 -19
122 121 -13
122 249 -8
121 137 8
38 24 -19
336 320 28
336 352 13
103 104 28
281 154 -8
137 153 -13
352 368 19
154 153 19
9 10 -8
9 24 -8
