87 339 -13
87 100 13
87 228 8
87 88 -13
87 72 19
339 338 13
339 209 28
339 337 -28
100 115 -19
100 101 13
100 355 -13
100 244 8
228 227 -28
228 226 8
228 354 28
88 225 -8
88 86 19
88 336 -13
72 73 8
72 57 28
72 212 -19
72 323 19
146 144 28
146 273 -13
146 148 13
146 11 19
146 145 -8
144 143 -28
144 142 -13
144 271 -8
144 9 -19
273 289 -19
273 257 19
273 29 28
273 274 -28
148 275 19
148 13 13
148 147 -13
11 12 13
11 26 -28
11 258 13
145 14 13
145 129 8
145 276 -8
145 161 -28
371 241 -8
371 370 -19
371 369 13
371 115 13
241 225 8
241 242 -13
241 101 -19
370 244 -8
370 354 19
369 239 -8
369 367 13
369 113 13
369 368 13
115 116 19
12 14 -19
12 143 -19
12 10 -19
12 255 -19
26 274 -8
26 27 -8
26 162 -13
26 40 -13
258 257 -28
258 256 -28
258 127 -13
258 260 -19
264 263 -8
264 16 -28
264 262 -8
264 266 -28
264 133 -8
263 19 8
263 279 19
263 136 13
263 247 28
16 17 8
16 1 -13
16 31 13
16 152 19
262 15 13
262 261 -19
266 265 19
266 268 28
266 18 -13
266 135 13
133 2 -13
133 149 8
133 134 -13
133 117 -28
188 314 8
188 187 28
188 49 -28
188 190 -13
188 186 -8
314 67 -13
314 299 8
314 315 28
314 330 -19
187 171 19
187 52 -13
187 203 13
187 317 -13
49 300 -19
49 50 -8
49 34 8
49 64 13
190 51 -8
190 189 8
190 316 19
190 192 -19
186 185 13
186 312 -8
186 184 28
186 47 19
304 53 13
304 306 13
304 173 -28
304 303 -13
304 302 8
53 68 13
53 54 28
53 192 28
53 38 -19
306 55 13
306 175 19
306 305 -19
306 308 -28
173 174 -8
173 39 13
173 157 28
173 189 8
303 287 13
303 56 -19
303 176 13
303 318 -28
302 171 -8
302 300 28
302 51 -19
302 301 28
300 298 19
300 299 -19
300 169 -8
50 185 13
50 52 13
50 48 -8
50 297 -8
34 172 28
34 284 -13
34 35 -19
34 20 8
64 204 8
64 65 13
64 315 8
64 79 19
14 257 -28
14 13 8
257 130 -28
13 260 -19
13 28 -28
345 215 -19
345 343 8
345 344 19
345 347 -28
215 231 19
215 199 19
215 216 -13
215 78 -19
343 341 13
343 90 8
343 213 28
343 342 -19
344 94 -8
344 218 28
344 328 -19
344 360 13
347 93 -13
347 346 8
347 349 -13
347 217 -8
89 74 -8
89 230 28
89 341 -8
89 102 13
74 59 28
74 214 -13
74 325 -8
230 229 8
230 356 -13
230 232 -8
341 340 -13
102 357 -28
159 27 -13
159 290 -13
159 175 19
159 160 -28
159 143 -13
27 29 13
27 25 -13
27 271 19
290 292 8
290 40 19
290 289 -19
290 288 -28
175 191 8
175 176 -19
175 41 19
160 287 -19
160 162 -8
160 158 19
160 24 19
143 127 13
143 274 -28
313 311 -13
313 62 19
313 312 -8
313 315 13
313 183 -28
311 181 13
311 60 -8
311 310 -19
62 77 -19
62 63 -8
62 47 8
62 202 19
312 328 8
312 297 -8
312 65 13
315 185 -8
315 317 13
183 167 -8
183 184 19
183 199 -19
183 48 -28
109 110 13
109 365 -8
109 95 8
110 108 8
110 362 28
110 112 -13
365 364 -8
365 367 -19
365 235 -8
365 363 19
95 238 8
95 81 -8
95 349 -13
243 227 -28
243 244 28
227 211 -28
244 242 -13
172 174 -8
172 171 13
172 299 -8
172 170 8
284 286 13
284 283 28
284 282 28
284 153 13
35 37 19
35 33 -19
35 169 -8
35 281 8
20 156 19
20 268 -8
20 5 -8
20 21 19
327 329 8
327 197 -28
327 325 13
327 75 28
327 326 28
329 77 28
329 328 -13
329 331 13
329 199 8
197 198 -28
197 61 28
197 213 8
197 181 -28
325 324 19
75 90 -13
75 60 13
75 76 13
75 216 28
326 342 -8
326 200 19
326 310 -13
326 78 -8
201 202 19
201 185 13
201 331 -13
201 217 -19
201 65 13
202 204 13
202 328 -13
202 200 28
185 169 8
331 79 8
331 333 -13
331 330 -8
217 80 -28
217 218 28
217 233 8
65 67 19
65 63 -28
246 248 28
246 245 28
246 0 19
248 247 19
248 250 13
248 117 -28
248 1 8
245 261 28
245 2 13
245 118 19
0 15 -13
0 134 -28
274 276 19
274 272 28
162 289 13
162 164 28
162 161 13
40 55 -28
40 41 13
40 178 13
119 120 8
119 135 -28
119 250 -19
120 122 8
120 247 -19
120 118 28
135 4 -28
135 136 -13
135 151 -19
250 3 28
250 252 13
250 249 -28
287 288 -13
287 271 19
287 41 -8
288 286 -19
288 157 -19
288 38 13
271 272 8
271 255 -19
41 43 -19
41 39 8
37 283 28
37 36 8
37 39 -13
37 171 8
283 299 -19
283 156 -13
283 267 -8
36 174 8
36 286 13
36 22 13
36 51 13
39 38 19
39 285 13
171 155 -8
225 355 19
225 226 -13
225 209 8
355 353 -8
355 354 19
226 224 13
226 85 28
226 352 -8
209 210 -8
209 73 28
209 193 -28
292 161 -13
292 42 19
292 291 8
289 43 -19
289 305 19
127 128 -8
208 210 13
208 207 8
208 206 -13
208 68 -13
208 334 -28
210 212 8
210 70 19
210 336 8
207 71 13
207 191 -13
207 223 28
207 337 8
206 332 28
206 204 28
206 66 28
206 205 -19
68 319 -28
68 83 -28
68 69 8
334 350 8
334 318 28
334 335 28
334 86 -19
319 317 -19
319 321 8
319 318 -28
319 189 -19
83 84 -28
83 224 13
83 335 8
83 96 -19
69 71 -19
69 67 8
69 316 -8
69 205 -8
126 124 19
126 125 -8
126 253 -8
126 128 -28
124 251 28
124 122 8
124 123 -19
125 141 28
125 256 8
253 269 8
253 254 8
253 10 -8
128 130 13
128 255 8
247 4 28
117 118 28
1 2 19
1 136 13
169 170 28
169 153 8
71 70 28
71 318 19
71 73 8
70 55 8
70 85 -8
70 321 -19
318 192 -8
73 320 -13
168 166 13
168 170 13
168 295 13
168 31 19
168 167 28
166 293 -8
166 30 8
166 165 -19
170 297 8
295 279 -28
295 296 -8
295 48 19
295 310 13
31 280 13
31 45 19
31 32 -28
167 33 -28
167 298 28
167 151 28
116 114 -28
116 368 -28
129 260 -19
129 130 -28
276 28 -8
276 275 28
161 177 -28
161 29 -8
19 17 -28
19 21 28
19 18 -8
19 151 -19
279 280 8
279 152 19
279 33 19
136 138 8
136 134 -28
43 177 -8
43 42 19
177 178 -28
177 308 -19
177 193 -8
42 180 19
42 28 8
42 57 -13
56 191 -13
56 58 8
56 54 -28
56 55 28
176 174 -28
176 38 -13
176 178 -13
150 15 8
150 277 -28
150 149 -13
150 152 8
15 30 -13
277 32 8
277 278 8
277 261 28
277 293 -28
149 17 -8
149 280 -13
149 165 -19
152 154 -28
152 151 -8
80 328 -13
80 82 -28
80 79 28
80 78 -19
82 84 19
82 219 -28
82 330 28
82 81 -28
79 93 -28
79 220 -8
78 77 -8
78 76 -19
234 232 19
234 236 28
234 360 -8
234 233 8
232 90 -8
232 358 -8
232 231 -19
236 235 19
236 238 -13
236 362 8
236 93 -13
360 361 8
360 108 13
233 94 -19
233 363 -8
191 321 8
191 192 -13
58 57 28
58 193 -13
58 305 19
54 52 -28
54 301 -19
54 189 -19
55 194 8
17 261 13
261 134 -13
94 92 -8
94 93 -8
92 91 -13
92 231 19
92 342 -8
93 107 -28
297 298 -13
297 281 -8
235 219 19
238 240 -8
238 364 28
238 237 -28
362 346 -28
362 363 19
351 350 -28
351 221 28
351 349 -8
351 353 -13
351 96 13
350 99 8
350 366 -19
350 224 -8
221 84 -28
221 222 28
221 205 -13
221 237 28
349 219 -28
349 348 -19
353 98 13
353 223 -28
353 352 -19
96 240 13
96 111 -28
96 97 -28
342 216 -19
342 358 28
200 198 -13
200 199 -13
200 60 -19
310 63 19
310 184 8
270 139 19
270 22 -28
270 268 -28
270 272 -19
270 269 8
139 155 -13
139 123 8
139 140 8
139 8 28
22 23 19
22 7 19
22 158 -13
268 137 -13
268 267 8
272 141 -19
272 24 -19
269 142 19
269 285 19
269 25 -19
2 4 19
317 66 8
317 316 -8
321 323 -28
321 320 28
189 205 -28
4 3 -28
4 6 28
305 178 -28
305 320 13
223 224 8
223 239 19
223 86 -13
337 335 28
337 85 8
337 336 -8
361 359 -13
361 363 -28
361 231 -28
361 105 19
359 229 -19
359 357 -8
359 103 -28
359 358 -8
363 107 28
105 106 -13
141 142 28
141 10 19
141 157 -13
256 254 -8
256 9 13
256 255 19
294 293 13
294 296 8
294 44 -19
293 46 28
293 309 -8
296 45 -19
296 298 -28
296 165 -8
44 59 -28
44 182 19
44 30 28
3 138 -28
3 18 28
6 8 -28
6 5 -8
6 137 19
6 249 19
218 220 28
218 216 8
218 77 8
220 346 8
220 222 -13
220 219 28
216 214 8
132 259 13
132 131 -28
132 130 8
259 275 -28
259 260 19
131 147 -13
192 194 -8
174 301 -8
301 285 -19
301 316 -13
84 86 -13
84 332 -8
86 85 8
332 316 -13
332 333 -19
332 348 8
280 278 -28
280 282 -8
165 181 13
165 32 -19
194 193 -13
194 320 13
194 196 28
338 212 -8
338 354 -8
338 322 19
32 33 28
278 30 19
107 108 19
240 242 -28
240 366 28
240 239 8
242 98 -8
242 368 28
366 367 8
366 114 8
239 99 28
199 63 28
282 281 -13
282 151 8
198 59 8
198 324 19
324 340 -19
324 309 -28
324 76 -13
99 97 -19
99 101 -28
99 98 8
224 222 -8
23 21 -8
23 25 -28
23 267 13
23 155 8
21 265 28
21 153 8
25 157 -19
25 24 28
267 251 13
267 140 8
155 286 -8
155 156 8
142 140 13
142 7 -13
285 286 13
285 158 -13
97 348 13
97 237 -28
101 352 -19
98 85 8
98 113 -8
138 265 -8
138 137 -19
138 140 8
61 63 -28
61 60 -19
61 309 -13
60 45 -8
309 182 -13
333 203 -13
333 335 -28
333 81 8
348 364 -19
348 222 8
28 29 -28
28 164 13
275 291 13
251 8 -28
251 252 13
8 7 -28
8 10 8
252 254 -19
252 121 28
252 5 -19
108 106 8
106 104 8
106 358 28
254 7 -19
254 123 19
46 45 -19
46 181 19
46 48 13
45 184 19
181 182 -19
48 47 -13
222 81 -8
205 335 -8
237 367 8
147 163 19
298 47 -28
299 52 -19
157 158 13
140 5 -28
340 214 19
340 356 -28
340 91 -28
212 211 13
322 323 -8
322 307 -19
322 196 -8
156 158 -28
156 154 28
213 214 -28
213 229 19
213 76 -19
113 114 -13
323 193 -19
307 180 -19
307 308 -19
307 291 -19
196 195 8
196 57 -13
364 112 -8
112 111 8
112 114 8
291 164 -13
164 163 -28
182 184 -28
367 111 -13
67 203 -13
67 66 13
203 204 13
203 219 -19
66 81 -28
66 51 -28
178 180 19
308 57 28
52 51 19
229 91 -28
356 357 28
356 104 -28
211 195 -8
180 179 -13
179 163 8
179 195 28
91 90 13
90 103 8
346 330 13
265 281 13
265 249 -13
18 154 8
204 330 8
122 121 -19
122 249 -8
121 137 -8
38 24 -28
336 320 8
336 352 28
103 104 8
281 154 13
137 153 -19
352 368 13
154 153 -13
9 10 19
9 24 8
