87 339 -19
87 100 28
87 228 -13
87 88 -19
87 72 28
339 338 -8
339 209 8
339 337 8
100 115 -19
100 101 8
100 355 28
100 244 -28
228 227 -8
228 226 -8
228 354 28
88 225 13
88 86 8
88 336 -19
72 73 -19
72 57 -13
72 212 19
72 323 8
146 144 -13
146 273 -28
146 148 -8
146 11 -8
146 145 28
144 143 19
144 142 -19
144 271 -19
144 9 28
273 289 8
273 257 -19
273 29 -8
273 274 19
148 275 28
148 13 28
148 147 -19
11 12 19
11 26 -28
11 258 8
145 14 -8
145 129 -13
145 276 28
145 161 -13
371 241 -13
371 370 -19
371 369 19
371 115 13
241 225 13
241 242 28
241 101 28
370 244 28
370 354 28
369 239 28
369 367 13
369 113 -8
369 368 -28
115 116 -19
12 14 13
12 143 -13
12 10 -13
12 255 28
26 274 8
26 27 -28
26 162 19
26 40 13
258 257 -8
258 256 -28
258 127 -13
258 260 19
264 263 28
264 16 -19
264 262 19
264 266 13
264 133 13
263 19 -8
263 279 -13
263 136 8
263 247 -13
16 17 8
16 1 19
16 31 -8
16 152 13
262 15 13
262 261 -19
266 265 8
266 268 13
266 18 19
266 135 8
133 2 -8
133 149 -19
133 134 -19
133 117 28
188 314 -19
188 187 -13
188 49 28
188 190 -19
188 186 13
314 67 13
314 299 8
314 315 -19
314 330 13
187 171 19
187 52 8
187 203 19
187 317 -19
49 300 -8
49 50 -19
49 34 -13
49 64 -28
190 51 -13
190 189 13
190 316 28
190 192 -13
186 185 -28
186 312 8
186 184 -13
186 47 13
304 53 28
304 306 28
304 173 -28
304 303 13
304 302 -19
53 68 8
53 54 -8
53 192 -13
53 38 -8
306 55 -8
306 175 8
306 305 19
306 308 8
173 174 28
173 39 13
173 157 8
173 189 -8
303 287 8
303 56 19
303 176 8
303 318 -8
302 171 28
302 300 -28
302 51 8
302 301 -8
300 298 -19
300 299 -28
300 169 -8
50 185 -13
50 52 -8
50 48 13
50 297 -19
34 172 -13
34 284 8
34 35 -19
34 20 8
64 204 13
64 65 8
64 315 -19
64 79 -19
14 257 -19
14 13 -8
257 130 -13
13 260 -13
13 28 -8
345 215 -28
345 343 -28
345 344 19
345 347 -28
215 231 8
215 199 -28
215 216 28
215 78 -19
343 341 -19
343 90 28
343 213 -19
343 342 8
344 94 19
344 218 -19
344 328 -13
344 360 -28
347 93 19
347 346 28
347 349 8
347 217 -13
89 74 -13
89 230 -8
89 341 8
89 102 13
74 59 -13
74 214 -28
74 325 -28
230 229 -28
230 356 19
230 232 28
341 340 13
102 357 -13
159 27 19
159 290 28
159 175 28
159 160 -19
159 143 -28
27 29 -19
27 25 19
27 271 -8
290 292 8
290 40 28
290 289 8
290 288 8
175 191 28
175 176 -28
175 41 19
160 287 19
160 162 13
160 158 13
160 24 -8
143 127 28
143 274 -28
313 311 -19
313 62 28
313 312 19
313 315 -8
313 183 -28
311 181 -28
311 60 -8
311 310 -19
62 77 -8
62 63 28
62 47 28
62 202 -19
312 328 19
312 297 -13
312 65 -13
315 185 -19
315 317 19
183 167 -28
183 184 -13
183 199 13
183 48 8
109 110 -13
109 365 -8
109 95 -28
110 108 28
110 362 19
110 112 28
365 364 28
365 367 8
365 235 13
365 363 -13
95 238 28
95 81 -28
95 349 -13
243 227 -28
243 244 19
227 211 19
244 242 -8
172 174 8
172 171 -8
172 299 19
172 170 -13
284 286 8
284 283 19
284 282 19
284 153 -8
35 37 -28
35 33 8
35 169 28
35 281 28
20 156 -19
20 268 8
20 5 28
20 21 8
327 329 19
327 197 -28
327 325 13
327 75 8
327 326 28
329 77 19
329 328 -19
329 331 28
329 199 19
197 198 28
197 61 19
197 213 8
197 181 13
325 324 -8
75 90 13
75 60 -8
75 76 13
75 216 -28
326 342 19
326 200 13
326 310 28
326 78 -28
201 202 -8
201 185 -19
201 331 -13
201 217 -13
201 65 -8
202 204 8
202 328 8
202 200 -28
185 169 -8
331 79 8
331 333 -8
331 330 19
217 80 8
217 218 -28
217 233 28
65 67 13
65 63 8
246 248 -19
246 245 8
246 0 28
248 247 19
248 250 -13
248 117 -19
248 1 -8
245 261 -28
245 2 -8
245 118 19
0 15 -8
0 134 8
274 276 8
274 272 8
162 289 -28
162 164 -13
162 161 13
40 55 19
40 41 -19
40 178 13
119 120 28
119 135 28
119 250 -8
120 122 -19
120 247 -28
120 118 -13
135 4 -28
135 136 -13
135 151 -13
250 3 19
250 252 8
250 249 13
287 288 19
287 271 28
287 41 -8
288 286 -19
288 157 -19
288 38 19
271 272 -8
271 255 -19
41 43 13
41 39 -8
37 283 19
37 36 -28
37 39 19
37 171 19
283 299 -28
283 156 8
283 267 -13
36 174 -8
36 286 -8
36 22 -19
36 51 -13
39 38 -13
39 285 8
171 155 19
225 355 -8
225 226 -19
225 209 13
355 353 -19
355 354 19
226 224 -8
226 85 -13
226 352 13
209 210 -13
209 73 -19
209 193 -13
292 161 -19
292 42 -13
292 291 -28
289 43 -13
289 305 -19
127 128 -8
208 210 -13
208 207 8
208 206 8
208 68 8
208 334 -8
210 212 19
210 70 28
210 336 19
207 71 -28
207 191 28
207 223 -28
207 337 28
206 332 -28
206 204 13
206 66 28
206 205 -8
68 319 28
68 83 -19
68 69 -13
334 350 -19
334 318 28
334 335 8
334 86 13
319 317 -19
319 321 -8
319 318 -19
319 189 -13
83 84 -8
83 224 19
83 335 28
83 96 8
69 71 -13
69 67 -13
69 316 -13
69 205 19
126 124 -8
126 125 -28
126 253 -8
126 128 -28
124 251 28
124 122 8
124 123 -13
125 141 8
125 256 -19
253 269 -13
253 254 19
253 10 13
128 130 28
128 255 13
247 4 -13
117 118 8
1 2 28
1 136 28
169 170 28
169 153 13
71 70 -19
71 318 -13
71 73 8
70 55 28
70 85 28
70 321 8
318 192 28
73 320 -28
168 166 -8
168 170 -28
168 295 -19
168 31 -28
168 167 -28
166 293 -8
166 30 -28
166 165 8
170 297 -28
295 279 8
295 296 19
295 48 -28
295 310 -13
31 280 19
31 45 28
31 32 -19
167 33 -19
167 298 -13
167 151 28
116 114 19
116 368 19
129 260 13
129 130 28
276 28 -8
276 275 19
161 177 -19
161 29 -8
19 17 8
19 21 -13
19 18 19
19 151 28
279 280 -28
279 152 28
279 33 -19
136 138 19
136 134 8
43 177 -19
43 42 13
177 178 -28
177 308 -28
177 193 -13
42 180 13
42 28 19
42 57 13
56 191 19
56 58 -19
56 54 -19
56 55 13
176 174 -28
176 38 -13
176 178 19
150 15 -19
150 277 13
150 149 -8
150 152 8
15 30 -8
277 32 -8
277 278 -28
277 261 13
277 293 13
149 17 8
149 280 19
149 165 -13
152 154 19
152 151 -19
80 328 -28
80 82 -8
80 79 -19
80 78 8
82 84 -13
82 219 8
82 330 19
82 81 -19
79 93 -8
79 220 -19
78 77 -13
78 76 -8
234 232 19
234 236 -28
234 360 19
234 233 8
232 90 -28
232 358 8
232 231 -13
236 235 8
236 238 -13
236 362 -28
236 93 8
360 361 -28
360 108 -8
233 94 -28
233 363 -13
191 321 13
191 192 8
58 57 -8
58 193 -28
58 305 19
54 52 8
54 301 28
54 189 19
55 194 -28
17 261 -8
261 134 -8
94 92 8
94 93 -8
92 91 -28
92 231 19
92 342 8
93 107 -19
297 298 19
297 281 8
235 219 19
238 240 19
238 364 -13
238 237 -13
362 346 13
362 363 -8
351 350 -19
351 221 -28
351 349 -19
351 353 -13
351 96 13
350 99 -19
350 366 28
350 224 -28
221 84 8
221 222 -8
221 205 -8
221 237 28
349 219 8
349 348 8
353 98 13
353 223 8
353 352 -8
96 240 13
96 111 -13
96 97 19
342 216 13
342 358 13
200 198 -13
200 199 28
200 60 -8
310 63 28
310 184 13
270 139 -28
270 22 -19
270 268 19
270 272 19
270 269 -19
139 155 -28
139 123 -28
139 140 -19
139 8 13
22 23 -13
22 7 -19
22 158 28
268 137 19
268 267 28
272 141 -8
272 24 -13
269 142 8
269 285 -8
269 25 13
2 4 8
317 66 -28
317 316 -28
321 323 -8
321 320 19
189 205 13
4 3 -28
4 6 -13
305 178 -19
305 320 8
223 224 28
223 239 -13
223 86 -13
337 335 13
337 85 -8
337 336 13
361 359 8
361 363 13
361 231 -8
361 105 13
359 229 -28
359 357 28
359 103 -28
359 358 19
363 107 8
105 106 -19
141 142 8
141 10 28
141 157 -19
256 254 -13
256 9 13
256 255 -13
294 293 -28
294 296 -19
294 44 -28
293 46 -19
293 309 -8
296 45 -13
296 298 -13
296 165 -28
44 59 -19
44 182 8
44 30 -19
3 138 19
3 18 -13
6 8 -13
6 5 19
6 137 -19
6 249 -8
218 220 -8
218 216 8
218 77 -13
220 346 13
220 222 -28
220 219 -19
216 214 28
132 259 19
132 131 8
132 130 8
259 275 19
259 260 28
131 147 19
192 194 -13
174 301 28
301 285 28
301 316 -28
84 86 -19
84 332 28
86 85 13
332 316 -19
332 333 -19
332 348 19
280 278 -19
280 282 19
165 181 13
165 32 -28
194 193 8
194 320 28
194 196 8
338 212 13
338 354 19
338 322 -19
32 33 -19
278 30 8
107 108 8
240 242 19
240 366 13
240 239 -8
242 98 -19
242 368 -8
366 367 28
366 114 28
239 99 19
199 63 -8
282 281 13
282 151 8
198 59 28
198 324 -8
324 340 19
324 309 -19
324 76 13
99 97 28
99 101 -8
99 98 -28
224 222 13
23 21 -28
23 25 13
23 267 13
23 155 19
21 265 8
21 153 -19
25 157 -19
25 24 28
267 251 13
267 140 28
155 286 13
155 156 28
142 140 19
142 7 13
285 286 13
285 158 28
97 348 19
97 237 -19
101 352 28
98 85 8
98 113 13
138 265 13
138 137 13
138 140 -28
61 63 -28
61 60 8
61 309 13
60 45 -13
309 182 -28
333 203 -8
333 335 19
333 81 8
348 364 13
348 222 28
28 29 -13
28 164 -8
275 291 8
251 8 8
251 252 28
8 7 8
8 10 28
252 254 8
252 121 -13
252 5 -8
108 106 -19
106 104 19
106 358 19
254 7 19
254 123 -8
46 45 -28
46 181 28
46 48 19
45 184 13
181 182 -28
48 47 -28
222 81 -19
205 335 -13
237 367 28
147 163 19
298 47 28
299 52 8
157 158 -8
140 5 -19
340 214 -8
340 356 -13
340 91 8
212 211 13
322 323 19
322 307 8
322 196 -19
156 158 19
156 154 8
213 214 19
213 229 -13
213 76 -28
113 114 13
323 193 19
307 180 -19
307 308 8
307 291 19
196 195 -8
196 57 28
364 112 28
112 111 28
112 114 -28
291 164 28
164 163 -28
182 184 28
367 111 8
67 203 13
67 66 -13
203 204 19
203 219 8
66 81 19
66 51 19
178 180 -28
308 57 -28
52 51 8
229 91 -28
356 357 -28
356 104 -19
211 195 -28
180 179 -28
179 163 19
179 195 -19
91 90 -13
90 103 -28
346 330 -13
265 281 13
265 249 8
18 154 8
204 330 -28
122 121 28
122 249 -8
121 137 8
38 24 -19
336 320 19
336 352 -28
103 104 19
281 154 -19
137 153 28
352 368 8
154 153 -8
9 10 13
9 24 28
