87 339 8
87 100 8
87 228 -19
87 88 28
87 72 -13
339 338 28
339 209 -8
339 337 8
100 115 -13
100 101 -13
100 355 8
100 244 -19
228 227 19
228 226 19
228 354 -28
88 225 -8
88 86 -8
88 336 -28
72 73 13
72 57 19
72 212 28
72 323 -13
146 144 28
146 273 28
146 148 -28
146 11 28
146 145 -19
144 143 -19
144 142 -19
144 271 8
144 9 -8
273 289 19
273 257 19
273 29 19
273 274 8
148 275 8
148 13 13
148 147 -13
11 12 28
11 26 19
11 258 13
145 14 28
145 129 8
145 276 -28
145 161 8
371 241 -19
371 370 19
371 369 -19
371 115 -13
241 225 19
241 242 28
241 101 -28
370 244 13
370 354 8
369 239 -28
369 367 -28
369 113 13
369 368 -19
115 116 -8
12 14 28
12 143 8
12 10 -19
12 255 -8
26 274 -19
26 27 -8
26 162 13
26 40 -8
258 257 19
258 256 -8
258 127 -8
258 260 19
264 263 -13
264 16 13
264 262 -8
264 266 -28
264 133 -19
263 19 -19
263 279 28
263 136 -8
263 247 -8
16 17 -28
16 1 -8
16 31 28
16 152 -8
262 15 -19
262 261 -28
266 265 -19
266 268 -8
266 18 -28
266 135 -13
133 2 28
133 149 -28
133 134 8
133 117 19
188 314 -28
188 187 -8
188 49 -28
188 190 28
188 186 -19
314 67 8
314 299 13
314 315 19
314 330 28
187 171 -28
187 52 -19
187 203 28
187 317 19
49 300 8
49 50 28
49 34 28
49 64 -28
190 51 -13
190 189 -19
190 316 -19
190 192 19
186 185 19
186 312 -13
186 184 13
186 47 -13
304 53 13
304 306 -13
304 173 28
304 303 28
304 302 8
53 68 -28
53 54 -28
53 192 -28
53 38 -8
306 55 -8
306 175 19
306 305 -19
306 308 -13
173 174 8
173 39 28
173 157 28
173 189 -19
303 287 8
303 56 28
303 176 19
303 318 28
302 171 -13
302 300 -19
302 51 -13
302 301 -28
300 298 13
300 299 -19
300 169 -19
50 185 -28
50 52 28
50 48 19
50 297 13
34 172 -13
34 284 -28
34 35 -13
34 20 28
64 204 28
64 65 19
64 315 -13
64 79 8
14 257 28
14 13 13
257 130 28
13 260 19
13 28 -28
345 215 -8
345 343 -13
345 344 -13
345 347 8
215 231 28
215 199 -28
215 216 28
215 78 13
343 341 13
343 90 13
343 213 -19
343 342 13
344 94 -19
344 218 -28
344 328 -8
344 360 8
347 93 -19
347 346 19
347 349 8
347 217 -19
89 74 28
89 230 -13
89 341 19
89 102 13
74 59 -13
74 214 -13
74 325 19
230 229 19
230 356 28
230 232 8
341 340 -19
102 357 19
159 27 19
159 290 -13
159 175 -19
159 160 -13
159 143 -28
27 29 -19
27 25 28
27 271 -8
290 292 -13
290 40 -8
290 289 -28
290 288 -13
175 191 -8
175 176 -28
175 41 -28
160 287 -19
160 162 8
160 158 13
160 24 13
143 127 19
143 274 -13
313 311 13
313 62 -28
313 312 8
313 315 -13
313 183 19
311 181 28
311 60 19
311 310 -28
62 77 8
62 63 -28
62 47 -8
62 202 -19
312 328 13
312 297 13
312 65 13
315 185 -8
315 317 28
183 167 -28
183 184 8
183 199 -19
183 48 -19
109 110 -19
109 365 28
109 95 -28
110 108 8
110 362 28
110 112 8
365 364 13
365 367 19
365 235 19
365 363 -19
95 238 8
95 81 28
95 349 -19
243 227 8
243 244 -19
227 211 -28
244 242 8
172 174 -28
172 171 13
172 299 -13
172 170 28
284 286 -8
284 283 28
284 282 13
284 153 13
35 37 19
35 33 28
35 169 -13
35 281 28
20 156 28
20 268 -19
20 5 8
20 21 13
327 329 -28
327 197 -8
327 325 -13
327 75 -8
327 326 -28
329 77 8
329 328 19
329 331 28
329 199 -28
197 198 13
197 61 28
197 213 28
197 181 -28
325 324 8
75 90 19
75 60 -19
75 76 8
75 216 28
326 342 -8
326 200 13
326 310 -28
326 78 -13
201 202 13
201 185 -8
201 331 19
201 217 -13
201 65 8
202 204 -19
202 328 28
202 200 -28
185 169 19
331 79 28
331 333 28
331 330 -13
217 80 -8
217 218 -8
217 233 28
65 67 19
65 63 8
246 248 13
246 245 -28
246 0 -13
248 247 8
248 250 -19
248 117 28
248 1 8
245 261 13
245 2 28
245 118 -19
0 15 -13
0 134 -13
274 276 13
274 272 28
162 289 13
162 164 8
162 161 -13
40 55 8
40 41 19
40 178 -13
119 120 -13
119 135 -8
119 250 13
120 122 -8
120 247 -28
120 118 19
135 4 13
135 136 -28
135 151 -28
250 3 -19
250 252 8
250 249 -19
287 288 -8
287 271 8
287 41 19
288 286 -28
288 157 -19
288 38 28
271 272 28
271 255 13
41 43 -13
41 39 8
37 283 8
37 36 -19
37 39 -13
37 171 -8
283 299 13
283 156 8
283 267 -8
36 174 -28
36 286 28
36 22 -8
36 51 28
39 38 19
39 285 8
171 155 19
225 355 -13
225 226 13
225 209 13
355 353 -28
355 354 -19
226 224 13
226 85 -28
226 352 19
209 210 19
209 73 -19
209 193 -19
292 161 19
292 42 8
292 291 13
289 43 -19
289 305 -19
127 128 19
208 210 -8
208 207 28
208 206 13
208 68 -13
208 334 13
210 212 -13
210 70 8
210 336 -13
207 71 13
207 191 8
207 223 -19
207 337 -13
206 332 8
206 204 -19
206 66 -28
206 205 -19
68 319 -19
68 83 -19
68 69 13
334 350 -8
334 318 -28
334 335 -19
334 86 13
319 317 28
319 321 -8
319 318 -13
319 189 -19
83 84 8
83 224 28
83 335 28
83 96 8
69 71 -13
69 67 8
69 316 19
69 205 28
126 124 -28
126 125 -28
126 253 -8
126 128 -13
124 251 13
124 122 -19
124 123 8
125 141 -8
125 256 -19
253 269 28
253 254 -28
253 10 13
128 130 28
128 255 -13
247 4 19
117 118 8
1 2 -28
1 136 -19
169 170 -13
169 153 8
71 70 8
71 318 -8
71 73 -8
70 55 -13
70 85 19
70 321 19
318 192 -19
73 320 13
168 166 13
168 170 8
168 295 -19
168 31 8
168 167 -8
166 293 -28
166 30 -8
166 165 -8
170 297 -28
295 279 -8
295 296 -13
295 48 -19
295 310 -28
31 280 -19
31 45 -19
31 32 -28
167 33 -8
167 298 -8
167 151 -19
116 114 -28
116 368 13
129 260 -8
129 130 13
276 28 28
276 275 -19
161 177 -28
161 29 -13
19 17 8
19 21 -28
19 18 -13
19 151 19
279 280 8
279 152 -28
279 33 28
136 138 -8
136 134 13
43 177 -28
43 42 8
177 178 8
177 308 -19
177 193 -28
42 180 -13
42 28 8
42 57 19
56 191 28
56 58 -13
56 54 -8
56 55 8
176 174 19
176 38 -13
176 178 8
150 15 8
150 277 -8
150 149 -28
150 152 -28
15 30 -19
277 32 -13
277 278 8
277 261 19
277 293 -19
149 17 -28
149 280 -28
149 165 19
152 154 13
152 151 19
80 328 -13
80 82 13
80 79 8
80 78 19
82 84 8
82 219 19
82 330 28
82 81 -13
79 93 -28
79 220 -8
78 77 -28
78 76 -28
234 232 -13
234 236 13
234 360 13
234 233 28
232 90 -28
232 358 -19
232 231 -8
236 235 -13
236 238 13
236 362 13
236 93 -19
360 361 -13
360 108 8
233 94 8
233 363 8
191 321 -19
191 192 13
58 57 -28
58 193 8
58 305 28
54 52 13
54 301 19
54 189 28
55 194 8
17 261 28
261 134 -28
94 92 -13
94 93 -8
92 91 8
92 231 8
92 342 -13
93 107 28
297 298 -19
297 281 13
235 219 19
238 240 28
238 364 8
238 237 -19
362 346 28
362 363 -13
351 350 8
351 221 28
351 349 -8
351 353 -19
351 96 -28
350 99 -28
350 366 -8
350 224 19
221 84 8
221 222 -19
221 205 28
221 237 -19
349 219 -19
349 348 -19
353 98 -19
353 223 28
353 352 -28
96 240 28
96 111 19
96 97 -19
342 216 8
342 358 -19
200 198 -28
200 199 -19
200 60 8
310 63 13
310 184 -13
270 139 -28
270 22 -8
270 268 8
270 272 -28
270 269 8
139 155 8
139 123 -28
139 140 -19
139 8 -13
22 23 -28
22 7 -13
22 158 13
268 137 28
268 267 8
272 141 8
272 24 -28
269 142 -19
269 285 -8
269 25 -13
2 4 -13
317 66 28
317 316 13
321 323 13
321 320 28
189 205 8
4 3 -8
4 6 13
305 178 -28
305 320 -19
223 224 8
223 239 -8
223 86 -8
337 335 -8
337 85 13
337 336 8
361 359 28
361 363 -8
361 231 -13
361 105 -13
359 229 -13
359 357 -8
359 103 -28
359 358 19
363 107 -28
105 106 13
141 142 28
141 10 8
141 157 19
256 254 13
256 9 -19
256 255 -8
294 293 8
294 296 28
294 44 -28
293 46 -19
293 309 -28
296 45 -8
296 298 -19
296 165 -8
44 59 13
44 182 -13
44 30 8
3 138 -8
3 18 -8
6 8 28
6 5 28
6 137 -28
6 249 -19
218 220 -19
218 216 8
218 77 19
220 346 28
220 222 -13
220 219 -28
216 214 8
132 259 -13
132 131 -28
132 130 -28
259 275 13
259 260 28
131 147 28
192 194 -8
174 301 13
301 285 -28
301 316 19
84 86 -28
84 332 -28
86 85 -19
332 316 28
332 333 -13
332 348 13
280 278 13
280 282 -13
165 181 13
165 32 -28
194 193 -19
194 320 28
194 196 13
338 212 -19
338 354 19
338 322 28
32 33 -13
278 30 -13
107 108 -13
240 242 -19
240 366 -19
240 239 -19
242 98 -19
242 368 -28
366 367 -13
366 114 -28
239 99 -19
199 63 -8
282 281 28
282 151 -28
198 59 8
198 324 -13
324 340 13
324 309 -8
324 76 28
99 97 19
99 101 19
99 98 19
224 222 -19
23 21 -8
23 25 -19
23 267 -19
23 155 -13
21 265 13
21 153 -8
25 157 -28
25 24 19
267 251 -19
267 140 28
155 286 13
155 156 -8
142 140 8
142 7 -13
285 286 19
285 158 8
97 348 8
97 237 8
101 352 19
98 85 -13
98 113 -28
138 265 19
138 137 19
138 140 -8
61 63 -8
61 60 28
61 309 28
60 45 28
309 182 -19
333 203 -13
333 335 13
333 81 8
348 364 8
348 222 -13
28 29 -13
28 164 8
275 291 -8
251 8 28
251 252 13
8 7 13
8 10 13
252 254 13
252 121 -13
252 5 -19
108 106 28
106 104 8
106 358 -8
254 7 13
254 123 8
46 45 28
46 181 -19
46 48 8
45 184 13
181 182 -13
48 47 19
222 81 13
205 335 28
237 367 -8
147 163 -19
298 47 19
299 52 19
157 158 -28
140 5 -13
340 214 -8
340 356 28
340 91 8
212 211 13
322 323 28
322 307 -8
322 196 19
156 158 8
156 154 -8
213 214 -13
213 229 19
213 76 -13
113 114 19
323 193 -19
307 180 -19
307 308 -28
307 291 -13
196 195 13
196 57 28
364 112 28
112 111 8
112 114 19
291 164 -28
164 163 -13
182 184 8
367 111 -13
67 203 19
67 66 19
203 204 19
203 219 19
66 81 28
66 51 -19
178 180 -8
308 57 8
52 51 -28
229 91 -19
356 357 8
356 104 28
211 195 8
180 179 -28
179 163 -19
179 195 19
91 90 -13
90 103 8
346 330 -8
265 281 -8
265 249 28
18 154 28
204 330 28
122 121 -28
122 249 19
121 137 -8
38 24 28
336 320 -13
336 352 13
103 104 -8
281 154 28
137 153 -28
352 368 28
154 153 -8
9 10 -19
9 24 19
