87 339 19
87 100 19
87 228 -28
87 88 -19
87 72 28
339 338 28
339 209 8
339 337 -19
100 115 -13
100 101 13
100 355 -19
100 244 19
228 227 13
228 226 -19
228 354 19
88 225 19
88 86 8
88 336 13
72 73 8
72 57 -8
72 212 8
72 323 8
146 144 -28
146 273 -13
146 148 -8
146 11 -8
146 145 -8
144 143 8
144 142 -28
144 271 13
144 9 -13
273 289 28
273 257 19
273 29 -8
273 274 13
148 275 -8
148 13 -28
148 147 28
11 12 -13
11 26 19
11 258 28
145 14 19
145 129 19
145 276 28
145 161 -13
371 241 -28
371 370 -8
371 369 -8
371 115 -19
241 225 -19
241 242 -28
241 101 -8
370 244 8
370 354 -19
369 239 -19
369 367 28
369 113 19
369 368 28
115 116 13
12 14 -19
12 143 -28
12 10 19
12 255 -8
26 274 -8
26 27 -28
26 162 -28
26 40 -28
258 257 -8
258 256 -19
258 127 -8
258 260 19
264 263 8
264 16 -8
264 262 -28
264 266 13
264 133 19
263 19 28
263 279 -28
263 136 -8
263 247 -8
16 17 -8
16 1 8
16 31 28
16 152 -28
262 15 19
262 261 13
266 265 -13
266 268 19
266 18 19
266 135 28
133 2 -13
133 149 28
133 134 -13
133 117 -8
188 314 -19
188 187 -19
188 49 -28
188 190 -8
188 186 -13
314 67 28
314 299 19
314 315 19
314 330 28
187 171 -19
187 52 -19
187 203 19
187 317 28
49 300 -13
49 50 19
49 34 13
49 64 -28
190 51 13
190 189 28
190 316 28
190 192 28
186 185 -8
186 312 19
186 184 -28
186 47 13
304 53 -13
304 306 8
304 173 -28
304 303 8
304 302 -28
53 68 28
53 54 -13
53 192 -8
53 38 -28
306 55 28
306 175 -19
306 305 -13
306 308 8
173 174 28
173 39 8
173 157 -8
173 189 19
303 287 13
303 56 -8
303 176 -13
303 318 13
302 171 -13
302 300 28
302 51 -19
302 301 -13
300 298 19
300 299 -8
300 169 13
50 185 28
50 52 19
50 48 -28
50 297 -8
34 172 -13
34 284 -13
34 35 8
34 20 -28
64 204 8
64 65 13
64 315 28
64 79 13
14 257 13
14 13 -19
257 130 -28
13 260 -8
13 28 19
345 215 -19
345 343 -8
345 344 28
345 347 28
215 231 -8
215 199 -19
215 216 19
215 78 19
343 341 13
343 90 13
343 213 19
343 342 -28
344 94 8
344 218 -19
344 328 -13
344 360 13
347 93 13
347 346 8
347 349 28
347 217 19
89 74 -19
89 230 28
89 341 -28
89 102 8
74 59 -8
74 214 8
74 325 -28
230 229 19
230 356 -19
230 232 -28
341 340 -19
102 357 -19
159 27 28
159 290 28
159 175 -8
159 160 -8
159 143 -8
27 29 -19
27 25 8
27 271 -8
290 292 -28
290 40 28
290 289 -19
290 288 -8
175 191 -8
175 176 8
175 41 -28
160 287 -8
160 162 19
160 158 -13
160 24 -13
143 127 13
143 274 -13
313 311 -13
313 62 28
313 312 -19
313 315 19
313 183 13
311 181 -13
311 60 8
311 310 -13
62 77 -19
62 63 -28
62 47 8
62 202 -8
312 328 28
312 297 -13
312 65 -28
315 185 -8
315 317 -19
183 167 -19
183 184 -13
183 199 -28
183 48 28
109 110 -28
109 365 -8
109 95 -13
110 108 8
110 362 -19
110 112 19
365 364 19
365 367 -8
365 235 -19
365 363 13
95 238 8
95 81 -8
95 349 -28
243 227 -28
243 244 8
227 211 -8
244 242 -19
172 174 19
172 171 -19
172 299 8
172 170 28
284 286 -28
284 283 28
284 282 19
284 153 28
35 37 19
35 33 28
35 169 8
35 281 -28
20 156 -19
20 268 -8
20 5 28
20 21 13
327 329 28
327 197 -28
327 325 -13
327 75 -28
327 326 28
329 77 -19
329 328 -28
329 331 13
329 199 -28
197 198 13
197 61 13
197 213 -19
197 181 19
325 324 13
75 90 28
75 60 19
75 76 19
75 216 -28
326 342 -19
326 200 -8
326 310 -8
326 78 -13
201 202 -28
201 185 19
201 331 28
201 217 19
201 65 8
202 204 -13
202 328 -19
202 200 28
185 169 28
331 79 8
331 333 19
331 330 -13
217 80 28
217 218 -19
217 233 -13
65 67 13
65 63 -8
246 248 8
246 245 -28
246 0 19
248 247 28
248 250 19
248 117 -13
248 1 13
245 261 -13
245 2 8
245 118 8
0 15 28
0 134 -28
274 276 -19
274 272 28
162 289 -28
162 164 -28
162 161 19
40 55 28
40 41 -8
40 178 13
119 120 8
119 135 -13
119 250 28
120 122 19
120 247 -19
120 118 -19
135 4 -13
135 136 28
135 151 -19
250 3 19
250 252 19
250 249 -19
287 288 19
287 271 -8
287 41 -8
288 286 13
288 157 -19
288 38 -28
271 272 -28
271 255 19
41 43 8
41 39 -8
37 283 19
37 36 19
37 39 28
37 171 8
283 299 -13
283 156 8
283 267 19
36 174 -8
36 286 -8
36 22 19
36 51 19
39 38 13
39 285 -28
171 155 19
225 355 8
225 226 -28
225 209 -28
355 353 -28
355 354 -19
226 224 -19
226 85 28
226 352 19
209 210 28
209 73 -28
209 193 28
292 161 13
292 42 -8
292 291 28
289 43 19
289 305 -8
127 128 13
208 210 -8
208 207 -28
208 206 13
208 68 -28
208 334 13
210 212 -19
210 70 19
210 336 -8
207 71 13
207 191 -19
207 223 -19
207 337 13
206 332 -19
206 204 -19
206 66 -13
206 205 8
68 319 28
68 83 8
68 69 -19
334 350 -13
334 318 -8
334 335 8
334 86 -28
319 317 13
319 321 8
319 318 19
319 189 -8
83 84 28
83 224 -28
83 335 -8
83 96 19
69 71 -28
69 67 -19
69 316 8
69 205 28
126 124 -8
126 125 -13
126 253 -8
126 128 19
124 251 19
124 122 -19
124 123 19
125 141 19
125 256 8
253 269 -13
253 254 -8
253 10 13
128 130 19
128 255 19
247 4 -13
117 118 -28
1 2 -19
1 136 -19
169 170 28
169 153 8
71 70 -28
71 318 19
71 73 -8
70 55 -28
70 85 -19
70 321 -19
318 192 19
73 320 -28
168 166 -13
168 170 -19
168 295 28
168 31 28
168 167 -28
166 293 -8
166 30 -8
166 165 13
170 297 28
295 279 -8
295 296 19
295 48 -28
295 310 19
31 280 19
31 45 8
31 32 -28
167 33 -13
167 298 13
167 151 13
116 114 8
116 368 8
129 260 19
129 130 13
276 28 -13
276 275 -8
161 177 -28
161 29 19
19 17 -19
19 21 -19
19 18 -13
19 151 19
279 280 -8
279 152 8
279 33 -28
136 138 8
136 134 19
43 177 8
43 42 -8
177 178 8
177 308 -8
177 193 8
42 180 19
42 28 8
42 57 -28
56 191 -28
56 58 -28
56 54 19
56 55 8
176 174 28
176 38 13
176 178 28
150 15 28
150 277 -8
150 149 13
150 152 8
15 30 -13
277 32 -28
277 278 -13
277 261 28
277 293 28
149 17 -13
149 280 28
149 165 28
152 154 -13
152 151 -19
80 328 -8
80 82 28
80 79 19
80 78 8
82 84 -13
82 219 -19
82 330 28
82 81 8
79 93 -28
79 220 19
78 77 -8
78 76 13
234 232 -8
234 236 19
234 360 -8
234 233 -19
232 90 28
232 358 -28
232 231 28
236 235 8
236 238 19
236 362 -28
236 93 -28
360 361 8
360 108 8
233 94 -19
233 363 -28
191 321 28
191 192 28
58 57 -13
58 193 -28
58 305 28
54 52 -8
54 301 28
54 189 -13
55 194 -28
17 261 -13
261 134 28
94 92 -8
94 93 -8
92 91 13
92 231 28
92 342 19
93 107 8
297 298 28
297 281 13
235 219 19
238 240 -8
238 364 -19
238 237 28
362 346 8
362 363 -28
351 350 28
351 221 -13
351 349 13
351 353 13
351 96 28
350 99 -19
350 366 -8
350 224 -28
221 84 8
221 222 8
221 205 -13
221 237 8
349 219 19
349 348 28
353 98 19
353 223 -28
353 352 -13
96 240 13
96 111 -8
96 97 -8
342 216 13
342 358 -8
200 198 8
200 199 28
200 60 -8
310 63 -19
310 184 28
270 139 19
270 22 19
270 268 28
270 272 8
270 269 -19
139 155 13
139 123 13
139 140 -13
139 8 -19
22 23 28
22 7 -28
22 158 -19
268 137 28
268 267 -28
272 141 8
272 24 13
269 142 19
269 285 -28
269 25 -13
2 4 -19
317 66 -13
317 316 13
321 323 -19
321 320 19
189 205 -13
4 3 -19
4 6 -13
305 178 -13
305 320 -13
223 224 19
223 239 19
223 86 13
337 335 8
337 85 -8
337 336 -28
361 359 -19
361 363 13
361 231 8
361 105 -28
359 229 -19
359 357 8
359 103 19
359 358 8
363 107 -28
105 106 8
141 142 8
141 10 -13
141 157 19
256 254 -19
256 9 28
256 255 19
294 293 -8
294 296 -28
294 44 -8
293 46 13
293 309 -19
296 45 -8
296 298 28
296 165 -28
44 59 -8
44 182 -19
44 30 19
3 138 19
3 18 13
6 8 28
6 5 28
6 137 -8
6 249 8
218 220 -19
218 216 13
218 77 -8
220 346 -19
220 222 8
220 219 28
216 214 8
132 259 -13
132 131 -8
132 130 28
259 275 -19
259 260 19
131 147 -8
192 194 -13
174 301 -28
301 285 28
301 316 13
84 86 -13
84 332 -28
86 85 -13
332 316 8
332 333 -28
332 348 13
280 278 -13
280 282 -19
165 181 -28
165 32 -19
194 193 28
194 320 8
194 196 8
338 212 13
338 354 28
338 322 -19
32 33 28
278 30 19
107 108 -8
240 242 13
240 366 -19
240 239 -19
242 98 13
242 368 19
366 367 8
366 114 28
239 99 -19
199 63 19
282 281 -13
282 151 -19
198 59 -19
198 324 13
324 340 -28
324 309 -13
324 76 -8
99 97 13
99 101 19
99 98 19
224 222 28
23 21 -28
23 25 19
23 267 8
23 155 -13
21 265 8
21 153 -19
25 157 19
25 24 13
267 251 -28
267 140 -8
155 286 28
155 156 13
142 140 19
142 7 13
285 286 -28
285 158 -19
97 348 -28
97 237 -19
101 352 28
98 85 -13
98 113 13
138 265 28
138 137 19
138 140 19
61 63 28
61 60 8
61 309 28
60 45 13
309 182 8
333 203 19
333 335 -28
333 81 13
348 364 -28
348 222 13
28 29 -28
28 164 -8
275 291 -28
251 8 -28
251 252 -28
8 7 -28
8 10 -13
252 254 28
252 121 28
252 5 19
108 106 -19
106 104 19
106 358 -19
254 7 -19
254 123 -8
46 45 8
46 181 -13
46 48 8
45 184 8
181 182 28
48 47 8
222 81 28
205 335 -28
237 367 -28
147 163 19
298 47 -13
299 52 28
157 158 -28
140 5 -28
340 214 -8
340 356 28
340 91 -28
212 211 8
322 323 -19
322 307 -19
322 196 -8
156 158 -8
156 154 -19
213 214 -19
213 229 28
213 76 -19
113 114 8
323 193 -13
307 180 -28
307 308 -28
307 291 -19
196 195 19
196 57 28
364 112 28
112 111 8
112 114 8
291 164 28
164 163 -28
182 184 -13
367 111 8
67 203 -28
67 66 13
203 204 -13
203 219 8
66 81 -13
66 51 -19
178 180 -13
308 57 -19
52 51 -8
229 91 13
356 357 13
356 104 8
211 195 13
180 179 -8
179 163 -13
179 195 8
91 90 -28
90 103 -19
346 330 -28
265 281 19
265 249 -19
18 154 -19
204 330 -28
122 121 19
122 249 -13
121 137 -19
38 24 13
336 320 -19
336 352 8
103 104 19
281 154 13
137 153 -28
352 368 -8
154 153 8
9 10 8
9 24 -19
