87 339 -13
87 100 19
87 228 -13
87 88 -28
87 72 -8
339 338 -8
339 209 13
339 337 28
100 115 -13
100 101 -19
100 355 28
100 244 -8
228 227 19
228 226 -19
228 354 -28
88 225 8
88 86 28
88 336 19
72 73 -19
72 57 -19
72 212 28
72 323 -8
146 144 -19
146 273 19
146 148 -13
146 11 19
146 145 -28
144 143 -19
144 142 -28
144 271 8
144 9 -28
273 289 28
273 257 8
273 29 -13
273 274 -28
148 275 -8
148 13 -28
148 147 8
11 12 -8
11 26 -8
11 258 8
145 14 -13
145 129 8
145 276 19
145 161 -19
371 241 28
371 370 -8
371 369 19
371 115 -19
241 225 -19
241 242 -13
241 101 -8
370 244 13
370 354 -19
369 239 -28
369 367 -28
369 113 -19
369 368 -28
115 116 -28
12 14 -13
12 143 28
12 10 8
12 255 -13
26 274 8
26 27 28
26 162 -13
26 40 13
258 257 -8
258 256 8
258 127 13
258 260 -13
264 263 13
264 16 -19
264 262 8
264 266 -13
264 133 19
263 19 8
263 279 19
263 136 28
263 247 -13
16 17 -28
16 1 -28
16 31 19
16 152 19
262 15 19
262 261 -19
266 265 -28
266 268 -8
266 18 -8
266 135 8
133 2 -19
133 149 13
133 134 -8
133 117 -13
188 314 -28
188 187 19
188 49 -13
188 190 13
188 186 13
314 67 -8
314 299 8
314 315 13
314 330 -8
187 171 -28
187 52 -8
187 203 13
187 317 -28
49 300 -8
49 50 -19
49 34 -8
49 64 28
190 51 8
190 189 -19
190 316 19
190 192 -13
186 185 -8
186 312 13
186 184 -28
186 47 -28
304 53 -28
304 306 19
304 173 -13
304 303 -13
304 302 19
53 68 28
53 54 28
53 192 28
53 38 -13
306 55 13
306 175 19
306 305 -19
306 308 8
173 174 28
173 39 -8
173 157 28
173 189 13
303 287 19
303 56 8
303 176 -13
303 318 -13
302 171 8
302 300 -28
302 51 13
302 301 19
300 298 -19
300 299 8
300 169 19
50 185 8
50 52 -8
50 48 13
50 297 19
34 172 -19
34 284 -19
34 35 8
34 20 -13
64 204 -19
64 65 -28
64 315 -13
64 79 -13
14 257 -8
14 13 28
257 130 8
13 260 -13
13 28 13
345 215 -8
345 343 -28
345 344 8
345 347 -13
215 231 -13
215 199 -8
215 216 -28
215 78 -28
343 341 -13
343 90 8
343 213 -28
343 342 -13
344 94 13
344 218 -19
344 328 19
344 360 19
347 93 -28
347 346 -19
347 349 19
347 217 19
89 74 -28
89 230 19
89 341 8
89 102 13
74 59 -8
74 214 19
74 325 -19
230 229 8
230 356 -8
230 232 -8
341 340 -19
102 357 8
159 27 8
159 290 -19
159 175 -8
159 160 -8
159 143 -13
27 29 -13
27 25 19
27 271 28
290 292 13
290 40 -19
290 289 -13
290 288 -19
175 191 -8
175 176 -19
175 41 -28
160 287 -28
160 162 8
160 158 -28
160 24 8
143 127 19
143 274 -8
313 311 19
313 62 19
313 312 19
313 315 -8
313 183 -28
311 181 -28
311 60 19
311 310 13
62 77 -19
62 63 -28
62 47 -28
62 202 -28
312 328 19
312 297 28
312 65 19
315 185 13
315 317 8
183 167 8
183 184 -19
183 199 -19
183 48 28
109 110 -8
109 365 -8
109 95 19
110 108 19
110 362 8
110 112 28
365 364 28
365 367 -8
365 235 -8
365 363 8
95 238 -8
95 81 13
95 349 -8
243 227 28
243 244 -13
227 211 8
244 242 -19
172 174 -8
172 171 13
172 299 28
172 170 19
284 286 28
284 283 19
284 282 28
284 153 8
35 37 28
35 33 19
35 169 28
35 281 -28
20 156 8
20 268 8
20 5 19
20 21 -19
327 329 13
327 197 19
327 325 -19
327 75 28
327 326 19
329 77 28
329 328 13
329 331 -13
329 199 -13
197 198 8
197 61 19
197 213 -19
197 181 13
325 324 -8
75 90 8
75 60 28
75 76 13
75 216 -19
326 342 -19
326 200 -13
326 310 13
326 78 -13
201 202 -8
201 185 -13
201 331 8
201 217 -13
201 65 19
202 204 19
202 328 13
202 200 19
185 169 -13
331 79 28
331 333 8
331 330 19
217 80 28
217 218 -8
217 233 8
65 67 -13
65 63 -28
246 248 -13
246 245 -28
246 0 -28
248 247 13
248 250 -8
248 117 -8
248 1 -13
245 261 -8
245 2 -8
245 118 -28
0 15 13
0 134 8
274 276 13
274 272 28
162 289 8
162 164 8
162 161 28
40 55 13
40 41 -19
40 178 -28
119 120 13
119 135 13
119 250 -19
120 122 -19
120 247 13
120 118 13
135 4 13
135 136 -19
135 151 -8
250 3 -13
250 252 -8
250 249 -13
287 288 28
287 271 -19
287 41 8
288 286 -19
288 157 -19
288 38 13
271 272 -19
271 255 28
41 43 19
41 39 8
37 283 28
37 36 -28
37 39 13
37 171 -13
283 299 -8
283 156 28
283 267 -28
36 174 8
36 286 8
36 22 -13
36 51 -28
39 38 13
39 285 -28
171 155 -28
225 355 28
225 226 8
225 209 -13
355 353 -13
355 354 28
226 224 13
226 85 -8
226 352 19
209 210 8
209 73 -13
209 193 19
292 161 -8
292 42 13
292 291 19
289 43 28
289 305 -8
127 128 -8
208 210 8
208 207 28
208 206 8
208 68 -19
208 334 28
210 212 8
210 70 -19
210 336 13
207 71 -19
207 191 19
207 223 8
207 337 -13
206 332 19
206 204 -28
206 66 -28
206 205 19
68 319 -19
68 83 19
68 69 -19
334 350 -19
334 318 8
334 335 -8
334 86 -13
319 317 -19
319 321 -8
319 318 8
319 189 -8
83 84 -19
83 224 8
83 335 -8
83 96 -28
69 71 28
69 67 13
69 316 -28
69 205 13
126 124 -19
126 125 -8
126 253 -28
126 128 13
124 251 19
124 122 8
124 123 -19
125 141 -8
125 256 -13
253 269 13
253 254 -13
253 10 28
128 130 -13
128 255 -13
247 4 -19
117 118 -8
1 2 -13
1 136 -19
169 170 13
169 153 -28
71 70 -19
71 318 -28
71 73 -8
70 55 8
70 85 13
70 321 28
318 192 28
73 320 28
168 166 -28
168 170 -8
168 295 19
168 31 13
168 167 -13
166 293 13
166 30 -13
166 165 -13
170 297 8
295 279 8
295 296 19
295 48 -13
295 310 -8
31 280 28
31 45 19
31 32 -19
167 33 -19
167 298 28
167 151 8
116 114 -28
116 368 28
129 260 13
129 130 8
276 28 -19
276 275 28
161 177 -28
161 29 19
19 17 19
19 21 19
19 18 -8
19 151 28
279 280 -19
279 152 13
279 33 -19
136 138 8
136 134 -8
43 177 19
43 42 8
177 178 -28
177 308 8
177 193 28
42 180 -8
42 28 -8
42 57 19
56 191 19
56 58 19
56 54 28
56 55 -19
176 174 19
176 38 -19
176 178 13
150 15 -28
150 277 28
150 149 -13
150 152 -28
15 30 -8
277 32 -28
277 278 8
277 261 -13
277 293 19
149 17 28
149 280 19
149 165 13
152 154 -28
152 151 -28
80 328 -13
80 82 -13
80 79 19
80 78 -19
82 84 13
82 219 -13
82 330 -19
82 81 -19
79 93 -28
79 220 19
78 77 19
78 76 19
234 232 13
234 236 13
234 360 19
234 233 -19
232 90 13
232 358 28
232 231 -13
236 235 -8
236 238 -19
236 362 19
236 93 28
360 361 19
360 108 19
233 94 -8
233 363 -13
191 321 -19
191 192 19
58 57 28
58 193 28
58 305 8
54 52 -19
54 301 -8
54 189 8
55 194 19
17 261 -28
261 134 -19
94 92 -19
94 93 -13
92 91 -28
92 231 -8
92 342 -8
93 107 13
297 298 28
297 281 -13
235 219 28
238 240 -19
238 364 -13
238 237 -28
362 346 13
362 363 8
351 350 13
351 221 -8
351 349 8
351 353 13
351 96 19
350 99 -19
350 366 -28
350 224 8
221 84 28
221 222 8
221 205 13
221 237 -28
349 219 -19
349 348 28
353 98 -28
353 223 -13
353 352 8
96 240 8
96 111 28
96 97 19
342 216 13
342 358 8
200 198 19
200 199 28
200 60 -28
310 63 -28
310 184 19
270 139 -13
270 22 19
270 268 19
270 272 28
270 269 13
139 155 19
139 123 -8
139 140 28
139 8 -28
22 23 -13
22 7 -13
22 158 8
268 137 13
268 267 -8
272 141 -28
272 24 -19
269 142 -8
269 285 28
269 25 -19
2 4 -19
317 66 -8
317 316 13
321 323 -13
321 320 28
189 205 8
4 3 19
4 6 -13
305 178 19
305 320 8
223 224 -13
223 239 -28
223 86 13
337 335 -19
337 85 -19
337 336 13
361 359 19
361 363 -28
361 231 -28
361 105 -13
359 229 -19
359 357 28
359 103 -28
359 358 8
363 107 -8
105 106 19
141 142 8
141 10 -19
141 157 13
256 254 -19
256 9 8
256 255 28
294 293 19
294 296 -13
294 44 13
293 46 8
293 309 -19
296 45 13
296 298 -13
296 165 -28
44 59 8
44 182 -28
44 30 28
3 138 28
3 18 28
6 8 8
6 5 -13
6 137 -28
6 249 8
218 220 -28
218 216 -13
218 77 -19
220 346 13
220 222 8
220 219 -28
216 214 19
132 259 -28
132 131 8
132 130 19
259 275 19
259 260 -19
131 147 -19
192 194 -8
174 301 13
301 285 -8
301 316 28
84 86 -19
84 332 8
86 85 -28
332 316 -28
332 333 -13
332 348 13
280 278 -19
280 282 13
165 181 19
165 32 13
194 193 -19
194 320 28
194 196 -13
338 212 28
338 354 -19
338 322 13
32 33 -19
278 30 28
107 108 -13
240 242 -13
240 366 19
240 239 -8
242 98 -28
242 368 -8
366 367 8
366 114 -13
239 99 -13
199 63 19
282 281 19
282 151 13
198 59 28
198 324 -8
324 340 13
324 309 -8
324 76 28
99 97 19
99 101 -8
99 98 8
224 222 28
23 21 13
23 25 13
23 267 28
23 155 19
21 265 -13
21 153 -28
25 157 -8
25 24 -28
267 251 8
267 140 -8
155 286 8
155 156 -8
142 140 28
142 7 28
285 286 -8
285 158 -28
97 348 -19
97 237 -13
101 352 13
98 85 19
98 113 -28
138 265 -19
138 137 -28
138 140 -28
61 63 -13
61 60 -8
61 309 -8
60 45 8
309 182 13
333 203 -19
333 335 -13
333 81 19
348 364 28
348 222 19
28 29 -28
28 164 -8
275 291 19
251 8 28
251 252 -19
8 7 13
8 10 -28
252 254 -8
252 121 13
252 5 -19
108 106 -13
106 104 19
106 358 -28
254 7 -19
254 123 -19
46 45 -8
46 181 -8
46 48 28
45 184 -13
181 182 -28
48 47 19
222 81 -8
205 335 28
237 367 28
147 163 -8
298 47 -8
299 52 -8
157 158 28
140 5 -13
340 214 19
340 356 8
340 91 -8
212 211 19
322 323 28
322 307 -8
322 196 -28
156 158 28
156 154 -13
213 214 19
213 229 28
213 76 19
113 114 -8
323 193 -19
307 180 8
307 308 13
307 291 -19
196 195 -28
196 57 13
364 112 19
112 111 -13
112 114 8
291 164 28
164 163 -8
182 184 -19
367 111 -13
67 203 19
67 66 -19
203 204 -13
203 219 -13
66 81 8
66 51 28
178 180 -19
308 57 19
52 51 -8
229 91 -19
356 357 -8
356 104 28
211 195 13
180 179 13
179 163 -13
179 195 -8
91 90 19
90 103 19
346 330 -13
265 281 13
265 249 28
18 154 -8
204 330 19
122 121 8
122 249 13
121 137 8
38 24 -19
336 320 13
336 352 8
103 104 -19
281 154 -19
137 153 8
352 368 19
154 153 -13
9 10 13
9 24 19
