87 339 -28
87 100 19
87 228 19
87 88 13
87 72 -13
339 338 8
339 209 -13
339 337 28
100 115 -8
100 101 28
100 355 -8
100 244 28
228 227 8
228 226 -19
228 354 19
88 225 8
88 86 13
88 336 -13
72 73 -28
72 57 19
72 212 8
72 323 13
146 144 -13
146 273 -28
146 148 13
146 11 -19
146 145 -8
144 143 8
144 142 19
144 271 28
144 9 -8
273 289 -8
273 257 -28
273 29 13
273 274 -8
148 275 -19
148 13 8
148 147 19
11 12 13
11 26 -19
11 258 -13
145 14 -19
145 129 -28
145 276 -28
145 161 -19
371 241 8
371 370 8
371 369 13
371 115 -28
241 225 8
241 242 28
241 101 -13
370 244 19
370 354 -28
369 239 19
369 367 -8
369 113 -28
369 368 -19
115 116 -19
12 14 -8
12 143 28
12 10 -19
12 255 -8
26 274 13
26 27 -13
26 162 13
26 40 -28
258 257 -19
258 256 -13
258 127 -8
258 260 -8
264 263 -28
264 16 13
264 262 28
264 266 28
264 133 13
263 19 -8
263 279 -13
263 136 -13
263 247 19
16 17 8
16 1 28
16 31 -13
16 152 28
262 15 13
262 261 -19
266 265 -19
266 268 -28
266 18 -8
266 135 8
133 2 19
133 149 -8
133 134 -13
133 117 -28
188 314 13
188 187 -19
188 49 19
188 190 -19
188 186 -8
314 67 -28
314 299 -13
314 315 8
314 330 -28
187 171 28
187 52 -13
187 203 8
187 317 -13
49 300 -8
49 50 -13
49 34 -19
49 64 19
190 51 8
190 189 -8
190 316 -13
190 192 -28
186 185 8
186 312 8
186 184 -8
186 47 -19
304 53 -8
304 306 -19
304 173 -13
304 303 -8
304 302 19
53 68 -19
53 54 19
53 192 28
53 38 -8
306 55 -28
306 175 -28
306 305 28
306 308 -19
173 174 -13
173 39 -19
173 157 -19
173 189 28
303 287 -8
303 56 -13
303 176 8
303 318 -28
302 171 28
302 300 -19
302 51 8
302 301 -28
300 298 13
300 299 -28
300 169 -13
50 185 -8
50 52 -13
50 48 -19
50 297 8
34 172 19
34 284 -28
34 35 8
34 20 -13
64 204 19
64 65 -28
64 315 -19
64 79 28
14 257 8
14 13 8
257 130 8
13 260 -8
13 28 -13
345 215 -13
345 343 19
345 344 8
345 347 8
215 231 -13
215 199 -8
215 216 -19
215 78 -13
343 341 19
343 90 13
343 213 28
343 342 28
344 94 8
344 218 -28
344 328 -28
344 360 -19
347 93 -28
347 346 19
347 349 28
347 217 8
89 74 13
89 230 -13
89 341 13
89 102 -8
74 59 -28
74 214 8
74 325 19
230 229 13
230 356 8
230 232 -19
341 340 -13
102 357 -8
159 27 28
159 290 13
159 175 -28
159 160 -28
159 143 8
27 29 19
27 25 8
27 271 28
290 292 13
290 40 19
290 289 13
290 288 28
175 191 8
175 176 -19
175 41 19
160 287 -13
160 162 19
160 158 -8
160 24 8
143 127 -8
143 274 -28
313 311 8
313 62 -28
313 312 -8
313 315 19
313 183 -19
311 181 -13
311 60 -28
311 310 -19
62 77 28
62 63 -8
62 47 19
62 202 -19
312 328 -19
312 297 -28
312 65 8
315 185 -28
315 317 8
183 167 -13
183 184 -13
183 199 -28
183 48 -13
109 110 13
109 365 28
109 95 28
110 108 -13
110 362 8
110 112 19
365 364 28
365 367 -8
365 235 19
365 363 19
95 238 13
95 81 -19
95 349 -8
243 227 -28
243 244 -19
227 211 -19
244 242 -28
172 174 28
172 171 -8
172 299 28
172 170 -28
284 286 8
284 283 8
284 282 19
284 153 -13
35 37 28
35 33 -19
35 169 -19
35 281 -8
20 156 19
20 268 8
20 5 28
20 21 -28
327 329 8
327 197 8
327 325 8
327 75 8
327 326 -8
329 77 -19
329 328 -28
329 331 -13
329 199 -28
197 198 -19
197 61 -13
197 213 -8
197 181 -28
325 324 -19
75 90 19
75 60 -8
75 76 -19
75 216 -19
326 342 -28
326 200 -28
326 310 28
326 78 8
201 202 -28
201 185 28
201 331 -28
201 217 13
201 65 -13
202 204 -13
202 328 28
202 200 19
185 169 -28
331 79 8
331 333 -19
331 330 28
217 80 -8
217 218 -19
217 233 8
65 67 28
65 63 13
246 248 8
246 245 8
246 0 -8
248 247 -28
248 250 -13
248 117 -28
248 1 -13
245 261 -28
245 2 13
245 118 19
0 15 -13
0 134 28
274 276 -28
274 272 -19
162 289 -13
162 164 13
162 161 -13
40 55 -19
40 41 28
40 178 -19
119 120 -8
119 135 -19
119 250 28
120 122 -28
120 247 19
120 118 -28
135 4 19
135 136 8
135 151 19
250 3 28
250 252 28
250 249 -13
287 288 -13
287 271 13
287 41 19
288 286 -8
288 157 28
288 38 28
271 272 -28
271 255 13
41 43 13
41 39 19
37 283 19
37 36 -13
37 39 8
37 171 -13
283 299 19
283 156 19
283 267 -28
36 174 28
36 286 19
36 22 13
36 51 -13
39 38 13
39 285 13
171 155 8
225 355 13
225 226 19
225 209 19
355 353 8
355 354 28
226 224 8
226 85 19
226 352 13
209 210 13
209 73 -13
209 193 13
292 161 8
292 42 28
292 291 -13
289 43 -13
289 305 -13
127 128 -19
208 210 19
208 207 19
208 206 28
208 68 28
208 334 19
210 212 8
210 70 28
210 336 19
207 71 -8
207 191 19
207 223 8
207 337 8
206 332 28
206 204 28
206 66 -13
206 205 28
68 319 -13
68 83 -19
68 69 28
334 350 8
334 318 -13
334 335 19
334 86 -13
319 317 -13
319 321 19
319 318 8
319 189 -8
83 84 -28
83 224 8
83 335 -8
83 96 28
69 71 -28
69 67 -19
69 316 -13
69 205 19
126 124 -28
126 125 -19
126 253 -19
126 128 8
124 251 13
124 122 19
124 123 19
125 141 -8
125 256 -28
253 269 -28
253 254 13
253 10 28
128 130 -8
128 255 -13
247 4 -8
117 118 8
1 2 -19
1 136 8
169 170 8
169 153 19
71 70 13
71 318 -28
71 73 -28
70 55 13
70 85 13
70 321 -8
318 192 13
73 320 -28
168 166 -13
168 170 -28
168 295 28
168 31 -13
168 167 19
166 293 8
166 30 8
166 165 -28
170 297 13
295 279 -19
295 296 19
295 48 -8
295 310 28
31 280 -8
31 45 -8
31 32 -13
167 33 -8
167 298 19
167 151 28
116 114 -19
116 368 -28
129 260 19
129 130 28
276 28 8
276 275 -19
161 177 19
161 29 -8
19 17 19
19 21 8
19 18 -28
19 151 -13
279 280 -13
279 152 19
279 33 -28
136 138 8
136 134 8
43 177 28
43 42 28
177 178 8
177 308 19
177 193 8
42 180 13
42 28 13
42 57 19
56 191 28
56 58 28
56 54 -13
56 55 -19
176 174 -8
176 38 -13
176 178 13
150 15 -19
150 277 19
150 149 -28
150 152 19
15 30 -13
277 32 -13
277 278 -13
277 261 -13
277 293 28
149 17 13
149 280 28
149 165 28
152 154 -8
152 151 -28
80 328 8
80 82 8
80 79 19
80 78 -13
82 84 -19
82 219 8
82 330 -8
82 81 -28
79 93 -19
79 220 19
78 77 28
78 76 -28
234 232 8
234 236 -8
234 360 13
234 233 19
232 90 -8
232 358 13
232 231 8
236 235 19
236 238 13
236 362 13
236 93 -28
360 361 8
360 108 -8
233 94 8
233 363 28
191 321 -8
191 192 13
58 57 -13
58 193 8
58 305 -13
54 52 -28
54 301 28
54 189 28
55 194 13
17 261 28
261 134 19
94 92 13
94 93 19
92 91 28
92 231 13
92 342 -8
93 107 28
297 298 19
297 281 -19
235 219 13
238 240 8
238 364 -8
238 237 -28
362 346 -19
362 363 28
351 350 -13
351 221 8
351 349 19
351 353 -19
351 96 -13
350 99 13
350 366 19
350 224 -13
221 84 8
221 222 -19
221 205 -13
221 237 8
349 219 -13
349 348 -19
353 98 13
353 223 19
353 352 -13
96 240 -13
96 111 8
96 97 -8
342 216 -8
342 358 -13
200 198 28
200 199 -19
200 60 13
310 63 -28
310 184 -28
270 139 -8
270 22 8
270 268 28
270 272 -28
270 269 -8
139 155 -13
139 123 13
139 140 8
139 8 13
22 23 -8
22 7 13
22 158 28
268 137 8
268 267 8
272 141 8
272 24 13
269 142 13
269 285 -8
269 25 -28
2 4 28
317 66 -28
317 316 13
321 323 -13
321 320 -13
189 205 8
4 3 28
4 6 -13
305 178 -8
305 320 -13
223 224 -19
223 239 13
223 86 19
337 335 -19
337 85 13
337 336 13
361 359 -19
361 363 -8
361 231 8
361 105 28
359 229 28
359 357 -8
359 103 -13
359 358 19
363 107 -8
105 106 -8
141 142 -8
141 10 8
141 157 28
256 254 -19
256 9 -19
256 255 -8
294 293 -13
294 296 -8
294 44 19
293 46 28
293 309 -8
296 45 -28
296 298 19
296 165 -19
44 59 13
44 182 19
44 30 -13
3 138 19
3 18 -8
6 8 -19
6 5 -19
6 137 19
6 249 19
218 220 -28
218 216 -8
218 77 8
220 346 28
220 222 -13
220 219 19
216 214 -8
132 259 13
132 131 19
132 130 -8
259 275 -19
259 260 8
131 147 -28
192 194 19
174 301 28
301 285 -13
301 316 -19
84 86 28
84 332 -8
86 85 28
332 316 13
332 333 13
332 348 28
280 278 -28
280 282 -8
165 181 8
165 32 -13
194 193 -8
194 320 13
194 196 28
338 212 -28
338 354 19
338 322 13
32 33 -8
278 30 19
107 108 -8
240 242 19
240 366 -19
240 239 8
242 98 -28
242 368 -8
366 367 -8
366 114 -8
239 99 8
199 63 -13
282 281 -19
282 151 28
198 59 8
198 324 13
324 340 -13
324 309 -28
324 76 -28
99 97 19
99 101 -28
99 98 28
224 222 8
23 21 28
23 25 -28
23 267 -13
23 155 13
21 265 13
21 153 28
25 157 19
25 24 19
267 251 8
267 140 19
155 286 -19
155 156 13
142 140 -28
142 7 28
285 286 -13
285 158 19
97 348 28
97 237 13
101 352 -8
98 85 28
98 113 -8
138 265 -28
138 137 -19
138 140 -19
61 63 -28
61 60 -13
61 309 8
60 45 19
309 182 -13
333 203 28
333 335 13
333 81 8
348 364 19
348 222 13
28 29 -28
28 164 -8
275 291 19
251 8 28
251 252 28
8 7 -19
8 10 28
252 254 19
252 121 -13
252 5 -19
108 106 -19
106 104 -13
106 358 -19
254 7 -28
254 123 19
46 45 -28
46 181 -28
46 48 -19
45 184 -28
181 182 19
48 47 -19
222 81 -8
205 335 -13
237 367 28
147 163 19
298 47 -8
299 52 19
157 158 -19
140 5 -8
340 214 -19
340 356 13
340 91 28
212 211 -19
322 323 -8
322 307 19
322 196 -8
156 158 28
156 154 13
213 214 -19
213 229 28
213 76 -19
113 114 -19
323 193 -19
307 180 -8
307 308 -19
307 291 19
196 195 28
196 57 -19
364 112 19
112 111 -13
112 114 -13
291 164 19
164 163 28
182 184 -8
367 111 -13
67 203 28
67 66 28
203 204 -13
203 219 19
66 81 19
66 51 13
178 180 -19
308 57 -28
52 51 -19
229 91 19
356 357 8
356 104 -19
211 195 -19
180 179 -19
179 163 -19
179 195 28
91 90 -8
90 103 -13
346 330 19
265 281 13
265 249 28
18 154 -28
204 330 28
122 121 19
122 249 -19
121 137 8
38 24 13
336 320 28
336 352 -28
103 104 28
281 154 19
137 153 -19
352 368 -13
154 153 19
9 10 -28
9 24 8
