87 339 19
87 100 -8
87 228 13
87 88 8
87 72 19
339 338 -28
339 209 19
339 337 13
100 115 19
100 101 19
100 355 -8
100 244 8
228 227 13
228 226 -13
228 354 19
88 225 -13
88 86 -28
88 336 -13
72 73 -8
72 57 8
72 212 8
72 323 13
146 144 28
146 273 -13
146 148 8
146 11 8
146 145 -8
144 143 13
144 142 13
144 271 -19
144 9 8
273 289 8
273 257 28
273 29 -28
273 274 -28
148 275 -8
148 13 19
148 147 -8
11 12 19
11 26 -19
11 258 -28
145 14 8
145 129 -28
145 276 28
145 161 -28
371 241 8
371 370 8
371 369 -19
371 115 19
241 225 -13
241 242 13
241 101 19
370 244 -19
370 354 -13
369 239 -28
369 367 -13
369 113 -19
369 368 -28
115 116 28
12 14 -8
12 143 13
12 10 19
12 255 19
26 274 -28
26 27 -19
26 162 13
26 40 8
258 257 -19
258 256 13
258 127 28
258 260 19
264 263 13
264 16 8
264 262 28
264 266 -8
264 133 -8
263 19 8
263 279 19
263 136 19
263 247 -13
16 17 13
16 1 -13
16 31 28
16 152 -19
262 15 19
262 261 -13
266 265 13
266 268 -19
266 18 -13
266 135 19
133 2 -13
133 149 -8
133 134 -13
133 117 -13
188 314 -28
188 187 -13
188 49 -13
188 190 19
188 186 8
314 67 -13
314 299 -8
314 315 -28
314 330 13
187 171 -13
187 52 -8
187 203 -13
187 317 13
49 300 19
49 50 -19
49 34 28
49 64 -28
190 51 -19
190 189 -8
190 316 13
190 192 19
186 185 -19
186 312 28
186 184 -28
186 47 13
304 53 13
304 306 19
304 173 28
304 303 8
304 302 -8
53 68 13
53 54 -8
53 192 8
53 38 19
306 55 13
306 175 -13
306 305 8
306 308 28
173 174 -8
173 39 13
173 157 -13
173 189 -28
303 287 -19
303 56 8
303 176 8
303 318 -28
302 171 -28
302 300 13
302 51 -13
302 301 -8
300 298 -8
300 299 -8
300 169 -28
50 185 19
50 52 28
50 48 -19
50 297 8
34 172 -19
34 284 -28
34 35 -28
34 20 28
64 204 -19
64 65 -28
64 315 -28
64 79 -19
14 257 19
14 13 28
257 130 13
13 260 13
13 28 19
345 215 -13
345 343 13
345 344 8
345 347 -19
215 231 -8
215 199 -8
215 216 -13
215 78 -13
343 341 -28
343 90 19
343 213 8
343 342 -19
344 94 19
344 218 -8
344 328 -8
344 360 -28
347 93 8
347 346 -19
347 349 19
347 217 -28
89 74 19
89 230 28
89 341 19
89 102 -28
74 59 19
74 214 28
74 325 -19
230 229 -8
230 356 -8
230 232 19
341 340 -19
102 357 13
159 27 8
159 290 -8
159 175 28
159 160 13
159 143 -13
27 29 -13
27 25 -28
27 271 -28
290 292 19
290 40 13
290 289 19
290 288 19
175 191 28
175 176 -28
175 41 -8
160 287 -8
160 162 -13
160 158 19
160 24 8
143 127 28
143 274 8
313 311 -13
313 62 -13
313 312 -28
313 315 28
313 183 -28
311 181 8
311 60 -28
311 310 8
62 77 8
62 63 13
62 47 -28
62 202 -13
312 328 19
312 297 -19
312 65 -13
315 185 -13
315 317 -28
183 167 -13
183 184 8
183 199 13
183 48 28
109 110 -8
109 365 19
109 95 8
110 108 -28
110 362 -8
110 112 8
365 364 -19
365 367 13
365 235 -13
365 363 -28
95 238 19
95 81 -8
95 349 19
243 227 28
243 244 28
227 211 -8
244 242 13
172 174 -28
172 171 -8
172 299 19
172 170 8
284 286 -28
284 283 28
284 282 -8
284 153 -8
35 37 -13
35 33 -13
35 169 -13
35 281 13
20 156 19
20 268 8
20 5 -13
20 21 28
327 329 8
327 197 19
327 325 28
327 75 13
327 326 19
329 77 19
329 328 19
329 331 -28
329 199 -13
197 198 19
197 61 19
197 213 -8
197 181 8
325 324 13
75 90 -28
75 60 -13
75 76 8
75 216 -13
326 342 -13
326 200 13
326 310 28
326 78 -13
201 202 -28
201 185 28
201 331 -13
201 217 28
201 65 8
202 204 8
202 328 -28
202 200 28
185 169 19
331 79 -28
331 333 13
331 330 -8
217 80 -28
217 218 -8
217 233 13
65 67 -28
65 63 -19
246 248 13
246 245 -8
246 0 -8
248 247 -8
248 250 -19
248 117 28
248 1 13
245 261 -8
245 2 28
245 118 -8
0 15 -19
0 134 -28
274 276 -19
274 272 -19
162 289 -13
162 164 19
162 161 -8
40 55 19
40 41 8
40 178 19
119 120 -28
119 135 -13
119 250 19
120 122 -13
120 247 -19
120 118 28
135 4 8
135 136 -19
135 151 13
250 3 -13
250 252 -13
250 249 19
287 288 13
287 271 13
287 41 -8
288 286 28
288 157 28
288 38 28
271 272 28
271 255 28
41 43 28
41 39 8
37 283 28
37 36 19
37 39 19
37 171 -8
283 299 -28
283 156 19
283 267 8
36 174 13
36 286 -19
36 22 -13
36 51 -28
39 38 -19
39 285 8
171 155 -19
225 355 -8
225 226 -13
225 209 19
355 353 13
355 354 -19
226 224 -8
226 85 19
226 352 -28
209 210 -19
209 73 -19
209 193 -13
292 161 -19
292 42 -28
292 291 -19
289 43 -13
289 305 19
127 128 13
208 210 -8
208 207 28
208 206 8
208 68 -8
208 334 8
210 212 28
210 70 -8
210 336 19
207 71 -28
207 191 -13
207 223 -28
207 337 -28
206 332 8
206 204 28
206 66 13
206 205 -13
68 319 -28
68 83 28
68 69 19
334 350 28
334 318 -19
334 335 -28
334 86 8
319 317 19
319 321 19
319 318 8
319 189 -19
83 84 13
83 224 -8
83 335 28
83 96 8
69 71 -19
69 67 13
69 316 8
69 205 -13
126 124 -8
126 125 19
126 253 19
126 128 13
124 251 -28
124 122 19
124 123 -19
125 141 8
125 256 -19
253 269 -8
253 254 -19
253 10 8
128 130 8
128 255 -8
247 4 -19
117 118 -8
1 2 -8
1 136 -28
169 170 19
169 153 -28
71 70 19
71 318 -8
71 73 -8
70 55 8
70 85 8
70 321 -8
318 192 -13
73 320 13
168 166 -13
168 170 -8
168 295 28
168 31 -13
168 167 19
166 293 -28
166 30 -8
166 165 -13
170 297 13
295 279 -13
295 296 -28
295 48 -8
295 310 13
31 280 13
31 45 13
31 32 -19
167 33 -19
167 298 -19
167 151 -8
116 114 -8
116 368 -28
129 260 8
129 130 -28
276 28 -28
276 275 -19
161 177 28
161 29 28
19 17 28
19 21 -8
19 18 -8
19 151 -19
279 280 8
279 152 13
279 33 -28
136 138 8
136 134 -13
43 177 28
43 42 8
177 178 -19
177 308 19
177 193 28
42 180 -13
42 28 19
42 57 8
56 191 -19
56 58 -19
56 54 13
56 55 -28
176 174 -28
176 38 -8
176 178 -28
150 15 28
150 277 8
150 149 -13
150 152 19
15 30 28
277 32 -28
277 278 -19
277 261 13
277 293 28
149 17 28
149 280 8
149 165 13
152 154 -19
152 151 -28
80 328 28
80 82 -28
80 79 19
80 78 13
82 84 8
82 219 13
82 330 -8
82 81 19
79 93 -13
79 220 19
78 77 -19
78 76 -28
234 232 19
234 236 -28
234 360 28
234 233 -13
232 90 8
232 358 19
232 231 -8
236 235 28
236 238 8
236 362 -8
236 93 13
360 361 13
360 108 8
233 94 13
233 363 -8
191 321 13
191 192 19
58 57 13
58 193 -8
58 305 28
54 52 13
54 301 -28
54 189 19
55 194 28
17 261 19
261 134 8
94 92 -28
94 93 -13
92 91 19
92 231 8
92 342 8
93 107 28
297 298 -28
297 281 -19
235 219 -19
238 240 -13
238 364 8
238 237 -8
362 346 13
362 363 13
351 350 19
351 221 19
351 349 13
351 353 -13
351 96 -13
350 99 8
350 366 -13
350 224 -13
221 84 -13
221 222 -8
221 205 8
221 237 -19
349 219 -8
349 348 -19
353 98 -13
353 223 -13
353 352 13
96 240 13
96 111 -13
96 97 8
342 216 -28
342 358 8
200 198 -28
200 199 8
200 60 19
310 63 28
310 184 -8
270 139 -28
270 22 19
270 268 -13
270 272 28
270 269 13
139 155 8
139 123 -19
139 140 -8
139 8 -28
22 23 -8
22 7 13
22 158 13
268 137 -8
268 267 28
272 141 28
272 24 -28
269 142 -8
269 285 13
269 25 13
2 4 -28
317 66 13
317 316 -19
321 323 28
321 320 8
189 205 28
4 3 -13
4 6 28
305 178 -19
305 320 -13
223 224 -28
223 239 -19
223 86 19
337 335 19
337 85 28
337 336 -8
361 359 -19
361 363 19
361 231 8
361 105 19
359 229 19
359 357 19
359 103 -13
359 358 -8
363 107 19
105 106 -28
141 142 19
141 10 8
141 157 28
256 254 8
256 9 -8
256 255 19
294 293 -28
294 296 -8
294 44 -28
293 46 -28
293 309 -19
296 45 19
296 298 -28
296 165 13
44 59 8
44 182 8
44 30 -19
3 138 -28
3 18 19
6 8 -8
6 5 8
6 137 19
6 249 -8
218 220 -19
218 216 8
218 77 8
220 346 28
220 222 -8
220 219 13
216 214 -13
132 259 8
132 131 19
132 130 13
259 275 -13
259 260 -28
131 147 -13
192 194 -8
174 301 19
301 285 -28
301 316 -8
84 86 19
84 332 13
86 85 -8
332 316 -28
332 333 -8
332 348 8
280 278 -19
280 282 -13
165 181 -19
165 32 -13
194 193 28
194 320 13
194 196 8
338 212 8
338 354 19
338 322 19
32 33 13
278 30 8
107 108 8
240 242 -19
240 366 -28
240 239 -13
242 98 -8
242 368 28
366 367 -28
366 114 -19
239 99 28
199 63 -28
282 281 28
282 151 -19
198 59 28
198 324 -13
324 340 -19
324 309 -8
324 76 19
99 97 -8
99 101 -13
99 98 -13
224 222 8
23 21 13
23 25 8
23 267 28
23 155 -19
21 265 -8
21 153 13
25 157 19
25 24 28
267 251 -28
267 140 8
155 286 -19
155 156 -28
142 140 13
142 7 8
285 286 -8
285 158 8
97 348 -28
97 237 19
101 352 -19
98 85 -19
98 113 -28
138 265 13
138 137 -13
138 140 28
61 63 28
61 60 -8
61 309 -8
60 45 28
309 182 8
333 203 -19
333 335 28
333 81 19
348 364 -13
348 222 -28
28 29 -19
28 164 28
275 291 -19
251 8 -19
251 252 -8
8 7 -8
8 10 -19
252 254 -8
252 121 8
252 5 28
108 106 -8
106 104 28
106 358 19
254 7 -13
254 123 -8
46 45 13
46 181 19
46 48 -8
45 184 19
181 182 28
48 47 -8
222 81 28
205 335 28
237 367 -13
147 163 -19
298 47 19
299 52 -8
157 158 13
140 5 -28
340 214 28
340 356 13
340 91 -13
212 211 -19
322 323 19
322 307 8
322 196 28
156 158 -19
156 154 -8
213 214 -8
213 229 8
213 76 8
113 114 13
323 193 28
307 180 19
307 308 28
307 291 -28
196 195 -13
196 57 -19
364 112 19
112 111 28
112 114 13
291 164 -28
164 163 -28
182 184 13
367 111 13
67 203 13
67 66 -13
203 204 -13
203 219 -28
66 81 8
66 51 -28
178 180 19
308 57 -13
52 51 -8
229 91 8
356 357 19
356 104 13
211 195 28
180 179 -19
179 163 19
179 195 -8
91 90 8
90 103 19
346 330 -13
265 281 -28
265 249 -28
18 154 19
204 330 -13
122 121 -13
122 249 28
121 137 -8
38 24 28
336 320 13
336 352 28
103 104 28
281 154 -8
137 153 -28
352 368 13
154 153 -13
9 10 -13
9 24 -19
