87 339 19
87 100 19
87 228 13
87 88 -8
87 72 28
339 338 19
339 209 13
339 337 -13
100 115 19
100 101 13
100 355 -8
100 244 28
228 227 13
228 226 8
228 354 8
88 225 8
88 86 -19
88 336 -19
72 73 -19
72 57 -28
72 212 13
72 323 -13
146 144 13
146 273 -28
146 148 13
146 11 -19
146 145 -8
144 143 -19
144 142 8
144 271 -13
144 9 8
273 289 13
273 257 -28
273 29 -8
273 274 28
148 275 8
148 13 -19
148 147 -8
11 12 -19
11 26 -8
11 258 -28
145 14 8
145 129 13
145 276 -19
145 161 -8
371 241 -8
371 370 -13
371 369 -13
371 115 28
241 225 8
241 242 -8
241 101 28
370 244 -19
370 354 -8
369 239 8
369 367 28
369 113 28
369 368 -28
115 116 8
12 14 28
12 143 28
12 10 -19
12 255 -13
26 274 -8
26 27 19
26 162 -19
26 40 -13
258 257 8
258 256 8
258 127 -8
258 260 19
264 263 -28
264 16 -19
264 262 -28
264 266 28
264 133 -13
263 19 -8
263 279 -13
263 136 -19
263 247 -8
16 17 8
16 1 19
16 31 -28
16 152 -8
262 15 -19
262 261 19
266 265 -28
266 268 -13
266 18 13
266 135 -13
133 2 28
133 149 -28
133 134 -8
133 117 -13
188 314 -28
188 187 -8
188 49 8
188 190 -13
188 186 -19
314 67 -8
314 299 13
314 315 -13
314 330 8
187 171 28
187 52 8
187 203 -19
187 317 13
49 300 -8
49 50 19
49 34 19
49 64 28
190 51 28
190 189 13
190 316 13
190 192 28
186 185 8
186 312 8
186 184 8
186 47 28
304 53 -8
304 306 8
304 173 -19
304 303 13
304 302 -8
53 68 28
53 54 13
53 192 -8
53 38 -28
306 55 19
306 175 -13
306 305 -8
306 308 8
173 174 8
173 39 19
173 157 28
173 189 8
303 287 28
303 56 19
303 176 19
303 318 28
302 171 28
302 300 13
302 51 19
302 301 28
300 298 13
300 299 -28
300 169 28
50 185 -8
50 52 -28
50 48 -28
50 297 19
34 172 -19
34 284 -8
34 35 8
34 20 13
64 204 28
64 65 -13
64 315 -8
64 79 8
14 257 19
14 13 -19
257 130 -28
13 260 28
13 28 13
345 215 -8
345 343 19
345 344 19
345 347 -13
215 231 -8
215 199 8
215 216 8
215 78 8
343 341 28
343 90 -28
343 213 13
343 342 -13
344 94 -19
344 218 19
344 328 19
344 360 -19
347 93 13
347 346 -8
347 349 19
347 217 28
89 74 19
89 230 8
89 341 -28
89 102 -28
74 59 13
74 214 -28
74 325 -13
230 229 -8
230 356 13
230 232 28
341 340 -28
102 357 -8
159 27 19
159 290 -28
159 175 -13
159 160 -13
159 143 -19
27 29 19
27 25 -28
27 271 -13
290 292 -13
290 40 -13
290 289 8
290 288 -28
175 191 -28
175 176 -19
175 41 -28
160 287 -8
160 162 13
160 158 -28
160 24 -13
143 127 8
143 274 13
313 311 -13
313 62 28
313 312 28
313 315 13
313 183 13
311 181 19
311 60 -19
311 310 8
62 77 -13
62 63 -13
62 47 -28
62 202 -19
312 328 -19
312 297 19
312 65 19
315 185 19
315 317 -13
183 167 -13
183 184 -13
183 199 -28
183 48 28
109 110 -8
109 365 8
109 95 -8
110 108 8
110 362 28
110 112 -19
365 364 28
365 367 -28
365 235 28
365 363 8
95 238 13
95 81 -13
95 349 -19
243 227 13
243 244 -13
227 211 -19
244 242 8
172 174 -19
172 171 13
172 299 19
172 170 -28
284 286 -8
284 283 -19
284 282 19
284 153 -28
35 37 -19
35 33 19
35 169 -28
35 281 -13
20 156 -19
20 268 -28
20 5 19
20 21 -19
327 329 13
327 197 -19
327 325 -8
327 75 13
327 326 19
329 77 -8
329 328 13
329 331 -28
329 199 -13
197 198 -19
197 61 8
197 213 -13
197 181 8
325 324 28
75 90 19
75 60 19
75 76 -28
75 216 8
326 342 28
326 200 13
326 310 -19
326 78 -28
201 202 -8
201 185 8
201 331 13
201 217 13
201 65 -8
202 204 -8
202 328 -28
202 200 13
185 169 19
331 79 8
331 333 -19
331 330 -13
217 80 13
217 218 8
217 233 -28
65 67 -28
65 63 13
246 248 19
246 245 -8
246 0 -8
248 247 -28
248 250 28
248 117 28
248 1 19
245 261 -28
245 2 -28
245 118 19
0 15 -28
0 134 -28
274 276 -28
274 272 8
162 289 -28
162 164 -19
162 161 -19
40 55 13
40 41 8
40 178 -13
119 120 28
119 135 13
119 250 28
120 122 28
120 247 19
120 118 -8
135 4 -13
135 136 -19
135 151 19
250 3 -8
250 252 19
250 249 8
287 288 28
287 271 28
287 41 -28
288 286 -8
288 157 28
288 38 28
271 272 -28
271 255 -28
41 43 -13
41 39 -13
37 283 8
37 36 8
37 39 -19
37 171 19
283 299 19
283 156 8
283 267 8
36 174 13
36 286 28
36 22 -13
36 51 -19
39 38 -8
39 285 -8
171 155 19
225 355 -13
225 226 -13
225 209 19
355 353 19
355 354 -13
226 224 -19
226 85 19
226 352 -28
209 210 -28
209 73 -28
209 193 19
292 161 19
292 42 28
292 291 -19
289 43 13
289 305 -19
127 128 -13
208 210 8
208 207 13
208 206 28
208 68 -19
208 334 -8
210 212 -8
210 70 19
210 336 -8
207 71 13
207 191 8
207 223 -19
207 337 28
206 332 -19
206 204 8
206 66 -28
206 205 -13
68 319 8
68 83 -19
68 69 -8
334 350 28
334 318 -19
334 335 -8
334 86 8
319 317 -28
319 321 28
319 318 13
319 189 -19
83 84 8
83 224 -13
83 335 -19
83 96 8
69 71 -13
69 67 13
69 316 -8
69 205 -28
126 124 -13
126 125 28
126 253 8
126 128 28
124 251 19
124 122 -28
124 123 19
125 141 -28
125 256 -19
253 269 -19
253 254 -13
253 10 -8
128 130 19
128 255 -13
247 4 -28
117 118 13
1 2 28
1 136 28
169 170 -19
169 153 13
71 70 28
71 318 28
71 73 -13
70 55 8
70 85 19
70 321 -13
318 192 19
73 320 -8
168 166 -19
168 170 -19
168 295 -19
168 31 28
168 167 -19
166 293 19
166 30 -28
166 165 19
170 297 -19
295 279 19
295 296 -13
295 48 -8
295 310 19
31 280 -8
31 45 -19
31 32 -8
167 33 -8
167 298 -13
167 151 -13
116 114 -28
116 368 13
129 260 28
129 130 -8
276 28 -28
276 275 13
161 177 -19
161 29 -28
19 17 8
19 21 8
19 18 -19
19 151 13
279 280 -28
279 152 -13
279 33 -8
136 138 8
136 134 19
43 177 -19
43 42 13
177 178 -8
177 308 8
177 193 28
42 180 -13
42 28 -28
42 57 -13
56 191 8
56 58 -28
56 54 -19
56 55 -19
176 174 -8
176 38 -19
176 178 -19
150 15 19
150 277 19
150 149 -28
150 152 -8
15 30 13
277 32 8
277 278 8
277 261 -8
277 293 -8
149 17 -19
149 280 28
149 165 19
152 154 -28
152 151 -28
80 328 -8
80 82 8
80 79 13
80 78 -28
82 84 28
82 219 13
82 330 8
82 81 19
79 93 -8
79 220 8
78 77 -19
78 76 19
234 232 28
234 236 -28
234 360 28
234 233 19
232 90 -8
232 358 -28
232 231 -28
236 235 19
236 238 13
236 362 8
236 93 -8
360 361 -13
360 108 8
233 94 13
233 363 19
191 321 13
191 192 8
58 57 8
58 193 -8
58 305 8
54 52 28
54 301 -13
54 189 -8
55 194 -13
17 261 28
261 134 8
94 92 28
94 93 13
92 91 -28
92 231 -8
92 342 8
93 107 -8
297 298 -8
297 281 -28
235 219 8
238 240 13
238 364 -13
238 237 8
362 346 -28
362 363 28
351 350 -8
351 221 28
351 349 -8
351 353 28
351 96 8
350 99 28
350 366 13
350 224 28
221 84 -8
221 222 13
221 205 8
221 237 -28
349 219 -13
349 348 -13
353 98 -28
353 223 -13
353 352 -19
96 240 19
96 111 8
96 97 -13
342 216 28
342 358 8
200 198 -8
200 199 8
200 60 13
310 63 -8
310 184 -19
270 139 13
270 22 28
270 268 -28
270 272 -19
270 269 -8
139 155 -8
139 123 -8
139 140 28
139 8 28
22 23 8
22 7 13
22 158 28
268 137 8
268 267 13
272 141 -28
272 24 -8
269 142 28
269 285 -28
269 25 28
2 4 -8
317 66 19
317 316 19
321 323 -19
321 320 8
189 205 8
4 3 13
4 6 28
305 178 19
305 320 19
223 224 19
223 239 -19
223 86 -28
337 335 -19
337 85 -19
337 336 13
361 359 28
361 363 13
361 231 28
361 105 -13
359 229 -13
359 357 -8
359 103 -8
359 358 -13
363 107 8
105 106 -19
141 142 28
141 10 13
141 157 -13
256 254 28
256 9 -8
256 255 -28
294 293 -13
294 296 13
294 44 8
293 46 -28
293 309 -13
296 45 -13
296 298 28
296 165 8
44 59 -8
44 182 -8
44 30 8
3 138 8
3 18 -19
6 8 -13
6 5 8
6 137 13
6 249 -19
218 220 19
218 216 13
218 77 -13
220 346 13
220 222 13
220 219 -19
216 214 -8
132 259 -8
132 131 -19
132 130 13
259 275 -8
259 260 19
131 147 28
192 194 -28
174 301 -13
301 285 -28
301 316 19
84 86 13
84 332 -19
86 85 8
332 316 -28
332 333 28
332 348 -19
280 278 19
280 282 8
165 181 -8
165 32 19
194 193 -28
194 320 13
194 196 13
338 212 28
338 354 -8
338 322 19
32 33 -13
278 30 -13
107 108 19
240 242 19
240 366 -13
240 239 -19
242 98 8
242 368 -13
366 367 19
366 114 -13
239 99 8
199 63 28
282 281 8
282 151 8
198 59 19
198 324 28
324 340 19
324 309 -19
324 76 -8
99 97 -28
99 101 28
99 98 19
224 222 28
23 21 -13
23 25 -13
23 267 -8
23 155 -13
21 265 -8
21 153 19
25 157 28
25 24 -13
267 251 -19
267 140 13
155 286 -8
155 156 -28
142 140 13
142 7 -19
285 286 -28
285 158 -8
97 348 -19
97 237 19
101 352 19
98 85 -8
98 113 8
138 265 -19
138 137 28
138 140 8
61 63 13
61 60 13
61 309 8
60 45 8
309 182 19
333 203 8
333 335 28
333 81 -8
348 364 13
348 222 -13
28 29 -28
28 164 8
275 291 8
251 8 28
251 252 28
8 7 28
8 10 19
252 254 8
252 121 13
252 5 -28
108 106 8
106 104 19
106 358 8
254 7 8
254 123 -13
46 45 -13
46 181 28
46 48 13
45 184 -19
181 182 -28
48 47 28
222 81 -28
205 335 -13
237 367 19
147 163 28
298 47 13
299 52 13
157 158 -28
140 5 19
340 214 -8
340 356 13
340 91 28
212 211 -8
322 323 -19
322 307 -8
322 196 -8
156 158 -28
156 154 -19
213 214 -8
213 229 -28
213 76 -8
113 114 -8
323 193 -13
307 180 -8
307 308 28
307 291 28
196 195 19
196 57 8
364 112 -8
112 111 8
112 114 -13
291 164 28
164 163 -28
182 184 -28
367 111 -28
67 203 -13
67 66 28
203 204 28
203 219 -13
66 81 -13
66 51 28
178 180 -19
308 57 28
52 51 -8
229 91 -19
356 357 -8
356 104 19
211 195 -13
180 179 -19
179 163 13
179 195 28
91 90 -28
90 103 28
346 330 8
265 281 -8
265 249 -13
18 154 -13
204 330 -19
122 121 -8
122 249 8
121 137 -8
38 24 13
336 320 -19
336 352 -13
103 104 -8
281 154 -13
137 153 8
352 368 19
154 153 -8
9 10 28
9 24 -28
