87 339 19
87 100 19
87 228 13
87 88 19
87 72 28
339 338 -19
339 209 -13
339 337 13
100 115 -13
100 101 28
100 355 -13
100 244 -19
228 227 28
228 226 -19
228 354 -28
88 225 13
88 86 -8
88 336 19
72 73 -19
72 57 19
72 212 13
72 323 -8
146 144 8
146 273 -8
146 148 -8
146 11 28
146 145 13
144 143 8
144 142 -8
144 271 19
144 9 19
273 289 -19
273 257 28
273 29 19
273 274 -8
148 275 -8
148 13 19
148 147 28
11 12 -19
11 26 -28
11 258 -8
145 14 -13
145 129 -13
145 276 28
145 161 13
371 241 8
371 370 19
371 369 8
371 115 -13
241 225 -28
241 242 19
241 101 -13
370 244 -28
370 354 13
369 239 -19
369 367 19
369 113 -28
369 368 19
115 116 28
12 14 19
12 143 8
12 10 13
12 255 -8
26 274 19
26 27 -28
26 162 19
26 40 -28
258 257 -19
258 256 8
258 127 -13
258 260 19
264 263 28
264 16 -8
264 262 -19
264 266 -28
264 133 -19
263 19 28
263 279 19
263 136 -19
263 247 13
16 17 8
16 1 -8
16 31 19
16 152 19
262 15 -8
262 261 -8
266 265 13
266 268 28
266 18 -8
266 135 -28
133 2 -13
133 149 -28
133 134 28
133 117 -28
188 314 13
188 187 28
188 49 -28
188 190 19
188 186 -28
314 67 -19
314 299 8
314 315 19
314 330 -19
187 171 -13
187 52 -19
187 203 -28
187 317 -13
49 300 -19
49 50 13
49 34 28
49 64 13
190 51 -13
190 189 -8
190 316 8
190 192 13
186 185 13
186 312 28
186 184 -28
186 47 -8
304 53 -19
304 306 -19
304 173 28
304 303 -8
304 302 8
53 68 8
53 54 13
53 192 -28
53 38 -13
306 55 -8
306 175 13
306 305 8
306 308 19
173 174 -28
173 39 28
173 157 8
173 189 13
303 287 19
303 56 13
303 176 -13
303 318 19
302 171 13
302 300 13
302 51 -28
302 301 8
300 298 -19
300 299 -19
300 169 -8
50 185 -19
50 52 -19
50 48 -28
50 297 19
34 172 13
34 284 -28
34 35 19
34 20 -8
64 204 19
64 65 19
64 315 -13
64 79 13
14 257 -28
14 13 -8
257 130 28
13 260 -19
13 28 8
345 215 -13
345 343 -28
345 344 28
345 347 28
215 231 19
215 199 -19
215 216 -13
215 78 -19
343 341 -28
343 90 -8
343 213 -19
343 342 28
344 94 8
344 218 -8
344 328 -19
344 360 8
347 93 13
347 346 19
347 349 19
347 217 -13
89 74 -28
89 230 -13
89 341 -8
89 102 19
74 59 8
74 214 19
74 325 -28
230 229 8
230 356 -19
230 232 -13
341 340 8
102 357 -13
159 27 8
159 290 13
159 175 19
159 160 19
159 143 13
27 29 28
27 25 -13
27 271 -19
290 292 -8
290 40 -19
290 289 -13
290 288 8
175 191 8
175 176 28
175 41 -13
160 287 -13
160 162 8
160 158 8
160 24 19
143 127 19
143 274 -8
313 311 -19
313 62 8
313 312 -19
313 315 -28
313 183 -28
311 181 19
311 60 -13
311 310 19
62 77 28
62 63 19
62 47 8
62 202 28
312 328 -19
312 297 -13
312 65 19
315 185 -13
315 317 8
183 167 19
183 184 13
183 199 -28
183 48 8
109 110 -28
109 365 -28
109 95 -28
110 108 8
110 362 -28
110 112 19
365 364 -28
365 367 -13
365 235 8
365 363 -13
95 238 -13
95 81 -13
95 349 -8
243 227 19
243 244 8
227 211 -28
244 242 8
172 174 28
172 171 -13
172 299 19
172 170 -8
284 286 8
284 283 19
284 282 8
284 153 28
35 37 -8
35 33 -19
35 169 -8
35 281 19
20 156 8
20 268 8
20 5 -13
20 21 -28
327 329 8
327 197 13
327 325 28
327 75 28
327 326 -13
329 77 -13
329 328 28
329 331 -28
329 199 -13
197 198 19
197 61 13
197 213 13
197 181 -8
325 324 19
75 90 -8
75 60 -28
75 76 13
75 216 13
326 342 -28
326 200 -8
326 310 -13
326 78 -8
201 202 19
201 185 -8
201 331 -19
201 217 -28
201 65 28
202 204 28
202 328 28
202 200 -28
185 169 19
331 79 -13
331 333 -28
331 330 8
217 80 -19
217 218 -8
217 233 -13
65 67 19
65 63 -28
246 248 -13
246 245 19
246 0 -8
248 247 13
248 250 -13
248 117 -8
248 1 19
245 261 19
245 2 -28
245 118 13
0 15 -28
0 134 13
274 276 -8
274 272 -28
162 289 -19
162 164 -28
162 161 13
40 55 -8
40 41 -13
40 178 -19
119 120 28
119 135 -13
119 250 -28
120 122 -28
120 247 8
120 118 19
135 4 -19
135 136 -28
135 151 28
250 3 -28
250 252 -13
250 249 -13
287 288 19
287 271 -19
287 41 -19
288 286 -19
288 157 19
288 38 8
271 272 28
271 255 -19
41 43 19
41 39 -19
37 283 -8
37 36 -28
37 39 19
37 171 13
283 299 19
283 156 8
283 267 -28
36 174 13
36 286 -8
36 22 28
36 51 -28
39 38 -19
39 285 -8
171 155 8
225 355 -28
225 226 -8
225 209 -28
355 353 19
355 354 -28
226 224 -28
226 85 -19
226 352 28
209 210 13
209 73 -28
209 193 -13
292 161 28
292 42 28
292 291 -8
289 43 -13
289 305 -8
127 128 -8
208 210 28
208 207 13
208 206 28
208 68 -19
208 334 19
210 212 28
210 70 -13
210 336 8
207 71 19
207 191 8
207 223 -13
207 337 -19
206 332 13
206 204 -8
206 66 8
206 205 8
68 319 -19
68 83 -28
68 69 28
334 350 28
334 318 -13
334 335 -13
334 86 28
319 317 28
319 321 28
319 318 -28
319 189 -28
83 84 13
83 224 -19
83 335 8
83 96 13
69 71 -28
69 67 -13
69 316 -28
69 205 28
126 124 8
126 125 -28
126 253 13
126 128 -8
124 251 8
124 122 -13
124 123 19
125 141 -28
125 256 -28
253 269 -19
253 254 8
253 10 13
128 130 -8
128 255 28
247 4 -13
117 118 -28
1 2 13
1 136 8
169 170 19
169 153 28
71 70 13
71 318 19
71 73 13
70 55 -28
70 85 8
70 321 -19
318 192 8
73 320 -13
168 166 -13
168 170 19
168 295 -28
168 31 28
168 167 19
166 293 -19
166 30 19
166 165 -28
170 297 -19
295 279 13
295 296 13
295 48 -8
295 310 -28
31 280 13
31 45 -19
31 32 19
167 33 -28
167 298 19
167 151 8
116 114 -19
116 368 19
129 260 19
129 130 13
276 28 28
276 275 19
161 177 -28
161 29 -28
19 17 28
19 21 28
19 18 13
19 151 13
279 280 -8
279 152 13
279 33 -28
136 138 19
136 134 13
43 177 28
43 42 -19
177 178 13
177 308 19
177 193 -13
42 180 8
42 28 -8
42 57 8
56 191 -13
56 58 19
56 54 13
56 55 -19
176 174 -13
176 38 28
176 178 -19
150 15 28
150 277 -13
150 149 -8
150 152 28
15 30 -13
277 32 -8
277 278 8
277 261 -8
277 293 8
149 17 -13
149 280 -8
149 165 -13
152 154 -13
152 151 19
80 328 -8
80 82 -13
80 79 -28
80 78 -19
82 84 -19
82 219 19
82 330 -8
82 81 -19
79 93 8
79 220 19
78 77 8
78 76 13
234 232 -13
234 236 -28
234 360 28
234 233 -8
232 90 8
232 358 19
232 231 8
236 235 -19
236 238 -28
236 362 -28
236 93 -8
360 361 -28
360 108 19
233 94 28
233 363 8
191 321 8
191 192 -19
58 57 -28
58 193 28
58 305 19
54 52 -28
54 301 -28
54 189 -19
55 194 -19
17 261 -19
261 134 19
94 92 -13
94 93 -28
92 91 13
92 231 13
92 342 19
93 107 19
297 298 13
297 281 13
235 219 28
238 240 -19
238 364 -28
238 237 19
362 346 -13
362 363 -8
351 350 -19
351 221 -13
351 349 13
351 353 13
351 96 -28
350 99 8
350 366 13
350 224 13
221 84 28
221 222 -19
221 205 19
221 237 -13
349 219 28
349 348 -28
353 98 -19
353 223 8
353 352 13
96 240 28
96 111 19
96 97 -28
342 216 -13
342 358 -13
200 198 8
200 199 19
200 60 -8
310 63 19
310 184 -19
270 139 13
270 22 -8
270 268 13
270 272 28
270 269 28
139 155 -28
139 123 -19
139 140 28
139 8 8
22 23 -13
22 7 -8
22 158 8
268 137 13
268 267 13
272 141 28
272 24 19
269 142 -19
269 285 13
269 25 8
2 4 8
317 66 -8
317 316 -28
321 323 -28
321 320 8
189 205 8
4 3 28
4 6 -28
305 178 -13
305 320 -28
223 224 -19
223 239 13
223 86 -19
337 335 8
337 85 -13
337 336 -28
361 359 -13
361 363 -19
361 231 -19
361 105 -19
359 229 -8
359 357 19
359 103 19
359 358 28
363 107 28
105 106 -8
141 142 8
141 10 19
141 157 -28
256 254 13
256 9 19
256 255 -8
294 293 -28
294 296 13
294 44 13
293 46 -8
293 309 13
296 45 -13
296 298 8
296 165 -8
44 59 -8
44 182 28
44 30 -8
3 138 -13
3 18 -19
6 8 -28
6 5 -8
6 137 8
6 249 28
218 220 -19
218 216 -28
218 77 8
220 346 -19
220 222 -8
220 219 -13
216 214 13
132 259 -19
132 131 -19
132 130 -8
259 275 -28
259 260 8
131 147 13
192 194 28
174 301 -28
301 285 8
301 316 -19
84 86 28
84 332 -28
86 85 -28
332 316 -19
332 333 19
332 348 -8
280 278 -28
280 282 -8
165 181 -28
165 32 -8
194 193 8
194 320 -8
194 196 13
338 212 -13
338 354 -8
338 322 -13
32 33 -19
278 30 -8
107 108 -13
240 242 19
240 366 8
240 239 -13
242 98 -8
242 368 13
366 367 13
366 114 19
239 99 -19
199 63 -8
282 281 -13
282 151 -19
198 59 -19
198 324 -19
324 340 13
324 309 8
324 76 -13
99 97 28
99 101 -19
99 98 -28
224 222 -13
23 21 13
23 25 28
23 267 13
23 155 28
21 265 -8
21 153 13
25 157 -8
25 24 -13
267 251 28
267 140 -19
155 286 13
155 156 -28
142 140 8
142 7 19
285 286 28
285 158 13
97 348 -19
97 237 28
101 352 13
98 85 -19
98 113 19
138 265 -13
138 137 -28
138 140 13
61 63 -13
61 60 -8
61 309 13
60 45 -8
309 182 -28
333 203 -19
333 335 13
333 81 13
348 364 -28
348 222 -19
28 29 -13
28 164 -13
275 291 -28
251 8 8
251 252 -19
8 7 28
8 10 -8
252 254 8
252 121 28
252 5 -19
108 106 -28
106 104 -13
106 358 8
254 7 -19
254 123 -28
46 45 8
46 181 -13
46 48 -8
45 184 19
181 182 -8
48 47 8
222 81 28
205 335 19
237 367 -8
147 163 -13
298 47 28
299 52 -28
157 158 8
140 5 -19
340 214 -28
340 356 -8
340 91 28
212 211 28
322 323 -19
322 307 19
322 196 -8
156 158 8
156 154 -13
213 214 28
213 229 -13
213 76 13
113 114 13
323 193 8
307 180 -19
307 308 13
307 291 -19
196 195 19
196 57 28
364 112 19
112 111 19
112 114 19
291 164 28
164 163 -19
182 184 13
367 111 19
67 203 28
67 66 13
203 204 -13
203 219 8
66 81 8
66 51 13
178 180 28
308 57 19
52 51 -8
229 91 -13
356 357 8
356 104 -28
211 195 -8
180 179 28
179 163 19
179 195 19
91 90 19
90 103 13
346 330 13
265 281 -28
265 249 28
18 154 -8
204 330 13
122 121 8
122 249 19
121 137 -19
38 24 8
336 320 -13
336 352 -13
103 104 -28
281 154 28
137 153 -19
352 368 -13
154 153 19
9 10 28
9 24 -8
