87 339 -13
87 100 -19
87 228 -28
87 88 28
87 72 -13
339 338 -28
339 209 19
339 337 -13
100 115 -13
100 101 28
100 355 -28
100 244 -19
228 227 28
228 226 19
228 354 -13
88 225 -28
88 86 -19
88 336 -19
72 73 13
72 57 19
72 212 -8
72 323 -28
146 144 -19
146 273 -8
146 148 28
146 11 8
146 145 28
144 143 28
144 142 19
144 271 -19
144 9 -19
273 289 28
273 257 28
273 29 8
273 274 -28
148 275 28
148 13 -19
148 147 -19
11 12 19
11 26 8
11 258 13
145 14 19
145 129 -13
145 276 -13
145 161 -19
371 241 -28
371 370 -28
371 369 28
371 115 -13
241 225 -19
241 242 19
241 101 13
370 244 19
370 354 -13
369 239 13
369 367 28
369 113 -19
369 368 13
115 116 8
12 14 -8
12 143 19
12 10 8
12 255 19
26 274 -13
26 27 19
26 162 19
26 40 13
258 257 8
258 256 -28
258 127 -19
258 260 28
264 263 -28
264 16 -28
264 262 8
264 266 8
264 133 -13
263 19 19
263 279 -13
263 136 -19
263 247 -8
16 17 19
16 1 8
16 31 -13
16 152 13
262 15 -13
262 261 8
266 265 28
266 268 -28
266 18 13
266 135 -19
133 2 19
133 149 -19
133 134 -13
133 117 -28
188 314 -28
188 187 28
188 49 -8
188 190 28
188 186 -13
314 67 -13
314 299 8
314 315 -28
314 330 -8
187 171 28
187 52 19
187 203 -28
187 317 13
49 300 -13
49 50 19
49 34 13
49 64 8
190 51 -13
190 189 -19
190 316 -19
190 192 8
186 185 -13
186 312 -19
186 184 -28
186 47 -19
304 53 -19
304 306 -19
304 173 -28
304 303 -8
304 302 -28
53 68 -13
53 54 28
53 192 13
53 38 8
306 55 -28
306 175 28
306 305 19
306 308 -28
173 174 -8
173 39 28
173 157 28
173 189 8
303 287 19
303 56 19
303 176 -19
303 318 28
302 171 -19
302 300 13
302 51 -19
302 301 -13
300 298 28
300 299 -19
300 169 8
50 185 13
50 52 -19
50 48 -28
50 297 28
34 172 19
34 284 -13
34 35 8
34 20 -8
64 204 13
64 65 -19
64 315 -13
64 79 -8
14 257 -13
14 13 -13
257 130 8
13 260 -8
13 28 -13
345 215 -19
345 343 8
345 344 -13
345 347 8
215 231 -19
215 199 28
215 216 8
215 78 13
343 341 19
343 90 -19
343 213 -8
343 342 13
344 94 -28
344 218 -13
344 328 19
344 360 -8
347 93 -19
347 346 13
347 349 -13
347 217 13
89 74 -13
89 230 -19
89 341 8
89 102 -13
74 59 -13
74 214 -19
74 325 -19
230 229 -28
230 356 28
230 232 19
341 340 28
102 357 13
159 27 -13
159 290 28
159 175 28
159 160 19
159 143 -8
27 29 19
27 25 19
27 271 13
290 292 13
290 40 -28
290 289 -19
290 288 13
175 191 -19
175 176 8
175 41 -28
160 287 13
160 162 -28
160 158 -8
160 24 -28
143 127 -8
143 274 13
313 311 -8
313 62 13
313 312 19
313 315 8
313 183 -8
311 181 -28
311 60 -19
311 310 13
62 77 -19
62 63 19
62 47 28
62 202 28
312 328 -28
312 297 8
312 65 -19
315 185 -28
315 317 13
183 167 19
183 184 13
183 199 -19
183 48 28
109 110 13
109 365 13
109 95 -19
110 108 -28
110 362 -19
110 112 -8
365 364 13
365 367 -13
365 235 19
365 363 28
95 238 28
95 81 19
95 349 28
243 227 13
243 244 -8
227 211 -13
244 242 -8
172 174 8
172 171 -28
172 299 8
172 170 8
284 286 8
284 283 -13
284 282 -8
284 153 19
35 37 13
35 33 -8
35 169 19
35 281 28
20 156 -8
20 268 28
20 5 -8
20 21 -19
327 329 13
327 197 19
327 325 28
327 75 28
327 326 -28
329 77 -28
329 328 13
329 331 -8
329 199 -8
197 198 -8
197 61 13
197 213 19
197 181 19
325 324 13
75 90 13
75 60 -28
75 76 13
75 216 28
326 342 -19
326 200 8
326 310 8
326 78 -28
201 202 28
201 185 8
201 331 -8
201 217 -8
201 65 -13
202 204 -8
202 328 28
202 200 -13
185 169 -28
331 79 -13
331 333 19
331 330 -19
217 80 -19
217 218 -28
217 233 8
65 67 -19
65 63 28
246 248 19
246 245 13
246 0 13
248 247 -8
248 250 -8
248 117 8
248 1 13
245 261 -8
245 2 -19
245 118 13
0 15 19
0 134 8
274 276 13
274 272 -28
162 289 19
162 164 -8
162 161 28
40 55 8
40 41 19
40 178 28
119 120 -8
119 135 -19
119 250 -28
120 122 -28
120 247 -28
120 118 -28
135 4 28
135 136 28
135 151 19
250 3 -13
250 252 13
250 249 8
287 288 -28
287 271 13
287 41 -19
288 286 -19
288 157 -28
288 38 13
271 272 19
271 255 -19
41 43 13
41 39 -13
37 283 -19
37 36 19
37 39 8
37 171 -28
283 299 -28
283 156 -13
283 267 -8
36 174 28
36 286 -13
36 22 -8
36 51 -13
39 38 -28
39 285 8
171 155 8
225 355 19
225 226 -8
225 209 -8
355 353 -28
355 354 8
226 224 -8
226 85 -8
226 352 -8
209 210 8
209 73 8
209 193 13
292 161 -19
292 42 -8
292 291 13
289 43 28
289 305 -28
127 128 -13
208 210 -28
208 207 -13
208 206 -13
208 68 -8
208 334 13
210 212 -19
210 70 -19
210 336 13
207 71 19
207 191 8
207 223 8
207 337 28
206 332 28
206 204 28
206 66 28
206 205 13
68 319 28
68 83 13
68 69 19
334 350 19
334 318 -28
334 335 -19
334 86 -19
319 317 8
319 321 -8
319 318 13
319 189 8
83 84 8
83 224 -28
83 335 13
83 96 13
69 71 8
69 67 8
69 316 -28
69 205 -28
126 124 28
126 125 28
126 253 13
126 128 28
124 251 -8
124 122 -19
124 123 -19
125 141 13
125 256 8
253 269 -28
253 254 8
253 10 8
128 130 19
128 255 -13
247 4 -8
117 118 -28
1 2 -8
1 136 19
169 170 -8
169 153 8
71 70 8
71 318 8
71 73 -8
70 55 28
70 85 28
70 321 -19
318 192 -13
73 320 -28
168 166 -28
168 170 -28
168 295 13
168 31 -13
168 167 -19
166 293 -13
166 30 -28
166 165 -19
170 297 -28
295 279 -28
295 296 28
295 48 13
295 310 -8
31 280 8
31 45 13
31 32 19
167 33 13
167 298 8
167 151 -8
116 114 28
116 368 13
129 260 19
129 130 -8
276 28 13
276 275 13
161 177 19
161 29 -19
19 17 8
19 21 28
19 18 -13
19 151 28
279 280 -19
279 152 19
279 33 19
136 138 19
136 134 19
43 177 -19
43 42 -8
177 178 8
177 308 -19
177 193 -8
42 180 -19
42 28 -19
42 57 -19
56 191 -13
56 58 19
56 54 -13
56 55 8
176 174 -28
176 38 19
176 178 28
150 15 28
150 277 -28
150 149 13
150 152 -28
15 30 8
277 32 8
277 278 -19
277 261 19
277 293 28
149 17 -28
149 280 -28
149 165 -19
152 154 8
152 151 28
80 328 28
80 82 -28
80 79 -13
80 78 -13
82 84 -19
82 219 8
82 330 28
82 81 13
79 93 -19
79 220 8
78 77 28
78 76 8
234 232 -28
234 236 -19
234 360 -28
234 233 28
232 90 -8
232 358 -13
232 231 -28
236 235 -19
236 238 28
236 362 13
236 93 -8
360 361 13
360 108 8
233 94 28
233 363 13
191 321 -13
191 192 -28
58 57 8
58 193 -28
58 305 28
54 52 -19
54 301 8
54 189 28
55 194 19
17 261 8
261 134 -28
94 92 -28
94 93 19
92 91 -19
92 231 -8
92 342 28
93 107 -28
297 298 -28
297 281 28
235 219 -19
238 240 -19
238 364 19
238 237 -8
362 346 19
362 363 -28
351 350 -8
351 221 8
351 349 13
351 353 -19
351 96 -13
350 99 13
350 366 -19
350 224 13
221 84 -13
221 222 28
221 205 13
221 237 13
349 219 19
349 348 8
353 98 13
353 223 13
353 352 13
96 240 19
96 111 8
96 97 8
342 216 -28
342 358 -28
200 198 -13
200 199 13
200 60 -8
310 63 13
310 184 19
270 139 -13
270 22 -13
270 268 -19
270 272 28
270 269 28
139 155 13
139 123 13
139 140 -28
139 8 8
22 23 -13
22 7 13
22 158 13
268 137 -13
268 267 8
272 141 -28
272 24 -8
269 142 -13
269 285 13
269 25 -8
2 4 19
317 66 -19
317 316 -28
321 323 -8
321 320 -19
189 205 -13
4 3 -8
4 6 8
305 178 8
305 320 -8
223 224 -8
223 239 13
223 86 -13
337 335 8
337 85 -8
337 336 28
361 359 -8
361 363 8
361 231 19
361 105 13
359 229 19
359 357 -19
359 103 8
359 358 8
363 107 8
105 106 -13
141 142 -13
141 10 13
141 157 19
256 254 -28
256 9 -8
256 255 13
294 293 -8
294 296 -8
294 44 28
293 46 8
293 309 28
296 45 13
296 298 -8
296 165 28
44 59 -8
44 182 -19
44 30 28
3 138 -8
3 18 8
6 8 19
6 5 -19
6 137 -19
6 249 28
218 220 13
218 216 8
218 77 28
220 346 19
220 222 13
220 219 28
216 214 -28
132 259 -19
132 131 -19
132 130 13
259 275 -8
259 260 -19
131 147 28
192 194 -13
174 301 -19
301 285 -19
301 316 -19
84 86 -8
84 332 -13
86 85 13
332 316 -19
332 333 -13
332 348 -28
280 278 -8
280 282 -28
165 181 28
165 32 -8
194 193 28
194 320 8
194 196 -28
338 212 8
338 354 -8
338 322 8
32 33 -13
278 30 -8
107 108 13
240 242 -28
240 366 8
240 239 -28
242 98 -19
242 368 -8
366 367 -8
366 114 8
239 99 19
199 63 -8
282 281 19
282 151 28
198 59 -19
198 324 28
324 340 19
324 309 19
324 76 28
99 97 -28
99 101 -28
99 98 -13
224 222 -28
23 21 -13
23 25 19
23 267 13
23 155 -19
21 265 13
21 153 -8
25 157 28
25 24 -19
267 251 13
267 140 13
155 286 13
155 156 -8
142 140 28
142 7 -8
285 286 13
285 158 8
97 348 8
97 237 -13
101 352 -8
98 85 28
98 113 -19
138 265 13
138 137 -19
138 140 13
61 63 19
61 60 28
61 309 19
60 45 28
309 182 -13
333 203 -13
333 335 19
333 81 28
348 364 -8
348 222 -28
28 29 13
28 164 -19
275 291 28
251 8 13
251 252 -13
8 7 13
8 10 28
252 254 -13
252 121 28
252 5 -8
108 106 -19
106 104 -13
106 358 13
254 7 28
254 123 -19
46 45 8
46 181 -19
46 48 -13
45 184 -8
181 182 13
48 47 -19
222 81 28
205 335 13
237 367 8
147 163 -28
298 47 19
299 52 -19
157 158 -19
140 5 8
340 214 -19
340 356 13
340 91 28
212 211 8
322 323 -8
322 307 8
322 196 -19
156 158 28
156 154 28
213 214 -13
213 229 13
213 76 19
113 114 -13
323 193 8
307 180 -19
307 308 -13
307 291 13
196 195 -28
196 57 13
364 112 -28
112 111 -28
112 114 -28
291 164 13
164 163 8
182 184 8
367 111 19
67 203 -13
67 66 28
203 204 -13
203 219 -19
66 81 -19
66 51 -28
178 180 -13
308 57 8
52 51 28
229 91 19
356 357 -28
356 104 -28
211 195 -19
180 179 -13
179 163 8
179 195 -13
91 90 -13
90 103 8
346 330 -28
265 281 -8
265 249 8
18 154 19
204 330 19
122 121 -28
122 249 19
121 137 8
38 24 13
336 320 19
336 352 8
103 104 28
281 154 -19
137 153 8
352 368 28
154 153 -28
9 10 13
9 24 19
