87 339 -8
87 100 -19
87 228 -13
87 88 19
87 72 13
339 338 13
339 209 19
339 337 -8
100 115 -28
100 101 8
100 355 -13
100 244 28
228 227 -13
228 226 19
228 354 13
88 225 8
88 86 -19
88 336 19
72 73 28
72 57 -8
72 212 8
72 323 -13
146 144 -19
146 273 -13
146 148 28
146 11 -19
146 145 -13
144 143 28
144 142 28
144 271 13
144 9 28
273 289 -8
273 257 13
273 29 28
273 274 -28
148 275 19
148 13 13
148 147 28
11 12 28
11 26 -28
11 258 28
145 14 -19
145 129 8
145 276 8
145 161 13
371 241 -13
371 370 13
371 369 28
371 115 -28
241 225 -19
241 242 13
241 101 -19
370 244 -13
370 354 19
369 239 28
369 367 -8
369 113 28
369 368 -19
115 116 -19
12 14 13
12 143 13
12 10 -8
12 255 -8
26 274 -19
26 27 19
26 162 28
26 40 -13
258 257 19
258 256 -28
258 127 8
258 260 -28
264 263 -28
264 16 13
264 262 19
264 266 8
264 133 -8
263 19 13
263 279 19
263 136 -13
263 247 13
16 17 -19
16 1 -13
16 31 -19
16 152 -8
262 15 -28
262 261 28
266 265 8
266 268 -19
266 18 8
266 135 13
133 2 19
133 149 19
133 134 19
133 117 19
188 314 -19
188 187 -28
188 49 -19
188 190 -19
188 186 19
314 67 -13
314 299 8
314 315 28
314 330 -8
187 171 19
187 52 -8
187 203 13
187 317 8
49 300 19
49 50 19
49 34 -8
49 64 13
190 51 -19
190 189 19
190 316 -8
190 192 13
186 185 -8
186 312 -8
186 184 -13
186 47 13
304 53 28
304 306 13
304 173 -13
304 303 -8
304 302 -28
53 68 -8
53 54 -28
53 192 -13
53 38 28
306 55 -19
306 175 -8
306 305 28
306 308 13
173 174 28
173 39 -13
173 157 13
173 189 -19
303 287 8
303 56 28
303 176 28
303 318 -19
302 171 -13
302 300 28
302 51 19
302 301 28
300 298 28
300 299 -8
300 169 8
50 185 -19
50 52 28
50 48 -19
50 297 19
34 172 8
34 284 13
34 35 -28
34 20 -19
64 204 -8
64 65 -19
64 315 -19
64 79 -19
14 257 -28
14 13 -13
257 130 -28
13 260 8
13 28 -8
345 215 -19
345 343 8
345 344 28
345 347 8
215 231 -8
215 199 -28
215 216 -8
215 78 -13
343 341 8
343 90 28
343 213 8
343 342 13
344 94 8
344 218 -8
344 328 -13
344 360 13
347 93 -28
347 346 19
347 349 -19
347 217 -19
89 74 13
89 230 -28
89 341 8
89 102 13
74 59 -8
74 214 -19
74 325 -19
230 229 -13
230 356 8
230 232 -13
341 340 28
102 357 19
159 27 19
159 290 8
159 175 -19
159 160 13
159 143 8
27 29 -19
27 25 -28
27 271 -28
290 292 28
290 40 28
290 289 -13
290 288 19
175 191 13
175 176 -19
175 41 19
160 287 28
160 162 -28
160 158 8
160 24 -8
143 127 8
143 274 8
313 311 -13
313 62 13
313 312 13
313 315 -8
313 183 -28
311 181 13
311 60 8
311 310 -8
62 77 -13
62 63 8
62 47 13
62 202 -8
312 328 -28
312 297 28
312 65 -8
315 185 -19
315 317 -13
183 167 -19
183 184 28
183 199 -28
183 48 19
109 110 19
109 365 -19
109 95 -28
110 108 28
110 362 28
110 112 -13
365 364 -19
365 367 -13
365 235 -13
365 363 -28
95 238 -13
95 81 -13
95 349 28
243 227 19
243 244 -13
227 211 28
244 242 -13
172 174 8
172 171 -8
172 299 -13
172 170 -13
284 286 -13
284 283 -8
284 282 -19
284 153 -19
35 37 -19
35 33 -8
35 169 -13
35 281 19
20 156 8
20 268 13
20 5 28
20 21 -19
327 329 8
327 197 28
327 325 -13
327 75 19
327 326 13
329 77 28
329 328 28
329 331 -28
329 199 -13
197 198 -13
197 61 19
197 213 28
197 181 13
325 324 8
75 90 28
75 60 8
75 76 -28
75 216 -28
326 342 -28
326 200 28
326 310 19
326 78 8
201 202 8
201 185 -13
201 331 13
201 217 13
201 65 28
202 204 28
202 328 -13
202 200 13
185 169 19
331 79 -8
331 333 13
331 330 -8
217 80 13
217 218 -8
217 233 8
65 67 13
65 63 19
246 248 -8
246 245 -19
246 0 13
248 247 19
248 250 13
248 117 13
248 1 -8
245 261 19
245 2 -8
245 118 -13
0 15 13
0 134 -19
274 276 -28
274 272 19
162 289 -13
162 164 13
162 161 -28
40 55 -13
40 41 13
40 178 -28
119 120 13
119 135 28
119 250 28
120 122 -13
120 247 19
120 118 13
135 4 19
135 136 -13
135 151 19
250 3 -8
250 252 -28
250 249 -19
287 288 -28
287 271 -28
287 41 -19
288 286 19
288 157 -8
288 38 28
271 272 8
271 255 13
41 43 -19
41 39 -19
37 283 13
37 36 13
37 39 19
37 171 -19
283 299 -8
283 156 -8
283 267 -28
36 174 8
36 286 -13
36 22 13
36 51 -8
39 38 13
39 285 19
171 155 -19
225 355 19
225 226 13
225 209 28
355 353 -8
355 354 -19
226 224 8
226 85 -13
226 352 -28
209 210 -28
209 73 -8
209 193 -8
292 161 -28
292 42 8
292 291 -8
289 43 -19
289 305 -13
127 128 -13
208 210 13
208 207 -28
208 206 28
208 68 -13
208 334 -19
210 212 -19
210 70 13
210 336 19
207 71 8
207 191 8
207 223 28
207 337 13
206 332 8
206 204 -13
206 66 -19
206 205 8
68 319 -19
68 83 8
68 69 19
334 350 -28
334 318 -19
334 335 8
334 86 -28
319 317 -28
319 321 -19
319 318 -28
319 189 -19
83 84 -13
83 224 28
83 335 28
83 96 -28
69 71 8
69 67 8
69 316 13
69 205 -8
126 124 28
126 125 28
126 253 -19
126 128 -13
124 251 19
124 122 8
124 123 28
125 141 -8
125 256 8
253 269 19
253 254 19
253 10 -19
128 130 -13
128 255 -19
247 4 13
117 118 -8
1 2 13
1 136 -8
169 170 13
169 153 -13
71 70 -19
71 318 -28
71 73 8
70 55 13
70 85 28
70 321 13
318 192 -13
73 320 13
168 166 -19
168 170 13
168 295 -13
168 31 -19
168 167 -8
166 293 13
166 30 13
166 165 13
170 297 -13
295 279 -28
295 296 -13
295 48 -13
295 310 -8
31 280 -13
31 45 13
31 32 -19
167 33 -19
167 298 -28
167 151 -19
116 114 19
116 368 19
129 260 28
129 130 -19
276 28 -19
276 275 -8
161 177 8
161 29 -19
19 17 19
19 21 -28
19 18 19
19 151 13
279 280 -13
279 152 -19
279 33 -13
136 138 -8
136 134 -19
43 177 -19
43 42 19
177 178 -13
177 308 -13
177 193 19
42 180 -8
42 28 13
42 57 -28
56 191 -28
56 58 28
56 54 -19
56 55 -8
176 174 19
176 38 13
176 178 -13
150 15 28
150 277 19
150 149 19
150 152 -19
15 30 19
277 32 13
277 278 -28
277 261 28
277 293 -28
149 17 28
149 280 -8
149 165 13
152 154 28
152 151 19
80 328 19
80 82 19
80 79 8
80 78 -8
82 84 13
82 219 -13
82 330 -13
82 81 -28
79 93 8
79 220 -13
78 77 -13
78 76 -28
234 232 8
234 236 -8
234 360 -19
234 233 8
232 90 -28
232 358 8
232 231 8
236 235 8
236 238 -8
236 362 -13
236 93 8
360 361 13
360 108 -19
233 94 -28
233 363 13
191 321 -28
191 192 -8
58 57 19
58 193 -8
58 305 -8
54 52 28
54 301 19
54 189 19
55 194 28
17 261 -28
261 134 -8
94 92 -8
94 93 8
92 91 28
92 231 19
92 342 13
93 107 -8
297 298 -8
297 281 28
235 219 -13
238 240 -19
238 364 28
238 237 28
362 346 -8
362 363 28
351 350 28
351 221 -28
351 349 8
351 353 -28
351 96 28
350 99 -28
350 366 28
350 224 8
221 84 28
221 222 13
221 205 -13
221 237 19
349 219 -19
349 348 8
353 98 -8
353 223 28
353 352 13
96 240 -28
96 111 13
96 97 -19
342 216 -8
342 358 -13
200 198 13
200 199 -8
200 60 -28
310 63 -13
310 184 -13
270 139 -13
270 22 -8
270 268 8
270 272 19
270 269 13
139 155 -13
139 123 28
139 140 -19
139 8 19
22 23 -19
22 7 -28
22 158 13
268 137 19
268 267 13
272 141 -8
272 24 28
269 142 -19
269 285 28
269 25 28
2 4 13
317 66 -13
317 316 -13
321 323 19
321 320 8
189 205 -13
4 3 19
4 6 -19
305 178 -13
305 320 -19
223 224 -13
223 239 -28
223 86 -13
337 335 -28
337 85 -28
337 336 13
361 359 -13
361 363 28
361 231 -13
361 105 -19
359 229 -8
359 357 8
359 103 8
359 358 -19
363 107 -19
105 106 13
141 142 8
141 10 19
141 157 8
256 254 -28
256 9 -8
256 255 13
294 293 -13
294 296 -19
294 44 -13
293 46 13
293 309 13
296 45 28
296 298 -19
296 165 -8
44 59 13
44 182 -13
44 30 19
3 138 -28
3 18 -19
6 8 -8
6 5 13
6 137 -28
6 249 -8
218 220 28
218 216 -19
218 77 8
220 346 13
220 222 -8
220 219 -28
216 214 -19
132 259 28
132 131 13
132 130 8
259 275 -13
259 260 -8
131 147 13
192 194 -28
174 301 13
301 285 -28
301 316 -13
84 86 19
84 332 -28
86 85 19
332 316 -28
332 333 28
332 348 28
280 278 -19
280 282 -19
165 181 13
165 32 -28
194 193 -8
194 320 -19
194 196 19
338 212 -19
338 354 8
338 322 8
32 33 19
278 30 19
107 108 8
240 242 -19
240 366 19
240 239 13
242 98 28
242 368 13
366 367 -28
366 114 13
239 99 13
199 63 19
282 281 19
282 151 13
198 59 -19
198 324 13
324 340 19
324 309 -8
324 76 -19
99 97 19
99 101 -28
99 98 -28
224 222 13
23 21 13
23 25 -28
23 267 8
23 155 -19
21 265 8
21 153 -8
25 157 -8
25 24 -8
267 251 8
267 140 28
155 286 -19
155 156 -8
142 140 -28
142 7 19
285 286 -28
285 158 -28
97 348 -19
97 237 8
101 352 -13
98 85 13
98 113 28
138 265 13
138 137 -8
138 140 -19
61 63 28
61 60 -19
61 309 19
60 45 28
309 182 28
333 203 13
333 335 13
333 81 -28
348 364 8
348 222 28
28 29 28
28 164 13
275 291 -19
251 8 -8
251 252 19
8 7 -19
8 10 -19
252 254 28
252 121 28
252 5 28
108 106 -28
106 104 -28
106 358 -19
254 7 28
254 123 19
46 45 -28
46 181 19
46 48 -13
45 184 8
181 182 13
48 47 -13
222 81 -28
205 335 13
237 367 28
147 163 19
298 47 28
299 52 19
157 158 -28
140 5 13
340 214 8
340 356 28
340 91 -13
212 211 28
322 323 19
322 307 28
322 196 -13
156 158 28
156 154 -13
213 214 13
213 229 19
213 76 -28
113 114 19
323 193 -19
307 180 13
307 308 -19
307 291 8
196 195 -13
196 57 -13
364 112 -13
112 111 13
112 114 -19
291 164 -19
164 163 -19
182 184 19
367 111 28
67 203 8
67 66 13
203 204 19
203 219 13
66 81 8
66 51 -28
178 180 -8
308 57 -13
52 51 8
229 91 -13
356 357 13
356 104 -19
211 195 -28
180 179 -8
179 163 -28
179 195 -28
91 90 -19
90 103 13
346 330 -19
265 281 -28
265 249 8
18 154 19
204 330 -28
122 121 -19
122 249 19
121 137 -13
38 24 -8
336 320 -28
336 352 28
103 104 13
281 154 -13
137 153 -13
352 368 19
154 153 -8
9 10 -13
9 24 -8
