87 339 19
87 100 13
87 228 -13
87 88 8
87 72 8
339 338 19
339 209 -28
339 337 -13
100 115 -28
100 101 28
100 355 -8
100 244 8
228 227 -19
228 226 28
228 354 -19
88 225 19
88 86 8
88 336 -13
72 73 8
72 57 8
72 212 8
72 323 -8
146 144 -8
146 273 -8
146 148 -13
146 11 8
146 145 13
144 143 28
144 142 19
144 271 -13
144 9 -13
273 289 8
273 257 -8
273 29 -28
273 274 28
148 275 8
148 13 -28
148 147 28
11 12 28
11 26 28
11 258 13
145 14 -13
145 129 13
145 276 -28
145 161 -19
371 241 28
371 370 28
371 369 28
371 115 28
241 225 -19
241 242 -8
241 101 -28
370 244 28
370 354 13
369 239 28
369 367 8
369 113 -28
369 368 -13
115 116 19
12 14 8
12 143 -28
12 10 -8
12 255 -28
26 274 13
26 27 -28
26 162 -13
26 40 -19
258 257 28
258 256 8
258 127 19
258 260 28
264 263 -13
264 16 -19
264 262 28
264 266 28
264 133 19
263 19 13
263 279 -13
263 136 -13
263 247 28
16 17 -28
16 1 -28
16 31 -13
16 152 -19
262 15 -8
262 261 19
266 265 19
266 268 8
266 18 28
266 135 19
133 2 -19
133 149 -28
133 134 -8
133 117 -13
188 314 13
188 187 28
188 49 -28
188 190 8
188 186 -13
314 67 -28
314 299 -8
314 315 19
314 330 19
187 171 8
187 52 13
187 203 8
187 317 8
49 300 -19
49 50 -28
49 34 13
49 64 -8
190 51 -13
190 189 28
190 316 -19
190 192 13
186 185 19
186 312 -13
186 184 -19
186 47 13
304 53 28
304 306 28
304 173 8
304 303 -19
304 302 -13
53 68 -28
53 54 -8
53 192 19
53 38 28
306 55 -19
306 175 -8
306 305 -13
306 308 -28
173 174 -8
173 39 8
173 157 -19
173 189 13
303 287 -13
303 56 -8
303 176 -28
303 318 -8
302 171 -19
302 300 13
302 51 -13
302 301 -19
300 298 13
300 299 28
300 169 19
50 185 8
50 52 28
50 48 8
50 297 28
34 172 13
34 284 -28
34 35 28
34 20 -19
64 204 13
64 65 28
64 315 -28
64 79 -8
14 257 -13
14 13 -13
257 130 28
13 260 -28
13 28 -19
345 215 28
345 343 -8
345 344 -8
345 347 13
215 231 28
215 199 19
215 216 28
215 78 -13
343 341 8
343 90 19
343 213 19
343 342 8
344 94 -19
344 218 8
344 328 8
344 360 8
347 93 8
347 346 8
347 349 13
347 217 -19
89 74 13
89 230 -28
89 341 8
89 102 -28
74 59 -13
74 214 -19
74 325 -13
230 229 -13
230 356 8
230 232 -8
341 340 28
102 357 28
159 27 -13
159 290 -13
159 175 -19
159 160 13
159 143 8
27 29 8
27 25 -8
27 271 -13
290 292 -8
290 40 -28
290 289 13
290 288 -13
175 191 -13
175 176 -8
175 41 -8
160 287 -28
160 162 -28
160 158 -28
160 24 -28
143 127 -13
143 274 19
313 311 13
313 62 8
313 312 -19
313 315 -8
313 183 -19
311 181 19
311 60 19
311 310 -8
62 77 -8
62 63 -8
62 47 -8
62 202 -8
312 328 -13
312 297 19
312 65 -19
315 185 -8
315 317 -8
183 167 28
183 184 -8
183 199 -13
183 48 8
109 110 13
109 365 -19
109 95 19
110 108 -28
110 362 13
110 112 8
365 364 -28
365 367 28
365 235 -8
365 363 8
95 238 28
95 81 28
95 349 28
243 227 13
243 244 19
227 211 -13
244 242 8
172 174 -13
172 171 -13
172 299 -13
172 170 28
284 286 19
284 283 -19
284 282 -8
284 153 -13
35 37 19
35 33 -19
35 169 -8
35 281 19
20 156 28
20 268 -28
20 5 -13
20 21 -13
327 329 8
327 197 -8
327 325 -13
327 75 -28
327 326 -8
329 77 -13
329 328 13
329 331 8
329 199 28
197 198 28
197 61 13
197 213 -19
197 181 13
325 324 -28
75 90 8
75 60 -19
75 76 19
75 216 -19
326 342 -19
326 200 -13
326 310 8
326 78 28
201 202 19
201 185 28
201 331 -28
201 217 28
201 65 -13
202 204 -8
202 328 13
202 200 13
185 169 -8
331 79 19
331 333 -19
331 330 8
217 80 -8
217 218 28
217 233 -8
65 67 19
65 63 8
246 248 13
246 245 -8
246 0 28
248 247 -28
248 250 -19
248 117 8
248 1 8
245 261 28
245 2 28
245 118 -8
0 15 -13
0 134 -13
274 276 -8
274 272 -19
162 289 -13
162 164 19
162 161 19
40 55 -28
40 41 28
40 178 8
119 120 -28
119 135 13
119 250 -13
120 122 -13
120 247 28
120 118 -19
135 4 -28
135 136 13
135 151 -19
250 3 28
250 252 19
250 249 8
287 288 -19
287 271 8
287 41 -8
288 286 8
288 157 -13
288 38 28
271 272 -19
271 255 -19
41 43 28
41 39 -19
37 283 13
37 36 28
37 39 28
37 171 13
283 299 19
283 156 -8
283 267 -19
36 174 13
36 286 -8
36 22 8
36 51 19
39 38 -8
39 285 13
171 155 -28
225 355 19
225 226 28
225 209 -13
355 353 19
355 354 -28
226 224 8
226 85 28
226 352 -8
209 210 -19
209 73 19
209 193 28
292 161 -28
292 42 -19
292 291 -19
289 43 28
289 305 8
127 128 -28
208 210 -8
208 207 -19
208 206 -28
208 68 13
208 334 -28
210 212 8
210 70 19
210 336 8
207 71 -28
207 191 -13
207 223 -8
207 337 -19
206 332 19
206 204 -19
206 66 8
206 205 28
68 319 -19
68 83 13
68 69 19
334 350 -28
334 318 -19
334 335 -8
334 86 19
319 317 13
319 321 -8
319 318 -28
319 189 -19
83 84 19
83 224 28
83 335 -13
83 96 -13
69 71 28
69 67 -13
69 316 13
69 205 8
126 124 -28
126 125 -19
126 253 8
126 128 8
124 251 -13
124 122 28
124 123 -19
125 141 19
125 256 -8
253 269 -8
253 254 28
253 10 28
128 130 -8
128 255 8
247 4 -8
117 118 13
1 2 28
1 136 13
169 170 28
169 153 19
71 70 8
71 318 13
71 73 -19
70 55 -28
70 85 19
70 321 13
318 192 -8
73 320 13
168 166 8
168 170 -8
168 295 19
168 31 19
168 167 13
166 293 8
166 30 -8
166 165 28
170 297 28
295 279 28
295 296 28
295 48 28
295 310 13
31 280 -8
31 45 8
31 32 13
167 33 8
167 298 28
167 151 28
116 114 -8
116 368 -28
129 260 8
129 130 13
276 28 19
276 275 13
161 177 -28
161 29 8
19 17 28
19 21 -19
19 18 28
19 151 19
279 280 -8
279 152 28
279 33 13
136 138 19
136 134 19
43 177 19
43 42 -8
177 178 28
177 308 -8
177 193 28
42 180 -28
42 28 -19
42 57 -28
56 191 -28
56 58 28
56 54 19
56 55 -8
176 174 -13
176 38 -19
176 178 -13
150 15 -13
150 277 8
150 149 -19
150 152 -19
15 30 19
277 32 28
277 278 28
277 261 19
277 293 19
149 17 8
149 280 8
149 165 -28
152 154 -28
152 151 13
80 328 -8
80 82 -8
80 79 28
80 78 19
82 84 -13
82 219 19
82 330 8
82 81 28
79 93 -13
79 220 19
78 77 19
78 76 -13
234 232 28
234 236 19
234 360 -8
234 233 -8
232 90 -19
232 358 8
232 231 28
236 235 28
236 238 13
236 362 -8
236 93 -28
360 361 8
360 108 -19
233 94 -19
233 363 19
191 321 -13
191 192 -8
58 57 -28
58 193 8
58 305 28
54 52 -19
54 301 -19
54 189 -19
55 194 -13
17 261 -8
261 134 -19
94 92 19
94 93 -8
92 91 -13
92 231 8
92 342 19
93 107 13
297 298 -13
297 281 19
235 219 -28
238 240 -28
238 364 -13
238 237 19
362 346 28
362 363 -8
351 350 -28
351 221 13
351 349 8
351 353 8
351 96 28
350 99 -28
350 366 -19
350 224 -28
221 84 28
221 222 19
221 205 28
221 237 28
349 219 -28
349 348 -28
353 98 -19
353 223 19
353 352 28
96 240 13
96 111 8
96 97 19
342 216 -28
342 358 19
200 198 19
200 199 -28
200 60 28
310 63 -19
310 184 -8
270 139 -13
270 22 8
270 268 8
270 272 -28
270 269 13
139 155 -13
139 123 -13
139 140 28
139 8 -13
22 23 -19
22 7 13
22 158 13
268 137 8
268 267 -8
272 141 -28
272 24 8
269 142 8
269 285 19
269 25 -28
2 4 28
317 66 -28
317 316 8
321 323 -13
321 320 28
189 205 -8
4 3 13
4 6 -28
305 178 -8
305 320 -13
223 224 8
223 239 19
223 86 13
337 335 -8
337 85 -28
337 336 19
361 359 19
361 363 28
361 231 -19
361 105 28
359 229 8
359 357 -19
359 103 -13
359 358 -8
363 107 8
105 106 8
141 142 -28
141 10 -28
141 157 19
256 254 13
256 9 19
256 255 19
294 293 13
294 296 13
294 44 -13
293 46 13
293 309 13
296 45 19
296 298 -28
296 165 -28
44 59 -8
44 182 -13
44 30 -13
3 138 -8
3 18 19
6 8 19
6 5 28
6 137 28
6 249 8
218 220 -28
218 216 -19
218 77 28
220 346 28
220 222 -13
220 219 -8
216 214 13
132 259 -13
132 131 13
132 130 -19
259 275 -28
259 260 28
131 147 -19
192 194 13
174 301 -28
301 285 -28
301 316 19
84 86 19
84 332 13
86 85 28
332 316 19
332 333 -8
332 348 -28
280 278 13
280 282 28
165 181 -19
165 32 28
194 193 -8
194 320 19
194 196 -19
338 212 -28
338 354 -19
338 322 28
32 33 -13
278 30 19
107 108 -19
240 242 13
240 366 -13
240 239 -19
242 98 -28
242 368 -19
366 367 13
366 114 -13
239 99 -19
199 63 -28
282 281 -19
282 151 19
198 59 -8
198 324 28
324 340 8
324 309 -28
324 76 19
99 97 -8
99 101 19
99 98 -13
224 222 19
23 21 -8
23 25 13
23 267 -28
23 155 28
21 265 19
21 153 19
25 157 -19
25 24 -19
267 251 28
267 140 -8
155 286 13
155 156 8
142 140 13
142 7 -19
285 286 -28
285 158 28
97 348 -13
97 237 28
101 352 19
98 85 -28
98 113 -8
138 265 13
138 137 13
138 140 28
61 63 19
61 60 -13
61 309 28
60 45 -28
309 182 -19
333 203 -19
333 335 13
333 81 -8
348 364 -28
348 222 8
28 29 19
28 164 -13
275 291 -8
251 8 28
251 252 -19
8 7 -19
8 10 28
252 254 -13
252 121 -13
252 5 13
108 106 -13
106 104 28
106 358 -28
254 7 -13
254 123 19
46 45 8
46 181 8
46 48 28
45 184 -13
181 182 8
48 47 19
222 81 -28
205 335 -13
237 367 -13
147 163 -28
298 47 -19
299 52 13
157 158 -8
140 5 13
340 214 -19
340 356 8
340 91 -8
212 211 13
322 323 -13
322 307 -8
322 196 -19
156 158 13
156 154 8
213 214 13
213 229 -19
213 76 8
113 114 8
323 193 8
307 180 -8
307 308 28
307 291 13
196 195 -28
196 57 -8
364 112 13
112 111 -19
112 114 13
291 164 13
164 163 8
182 184 -8
367 111 13
67 203 13
67 66 13
203 204 28
203 219 13
66 81 19
66 51 8
178 180 13
308 57 13
52 51 8
229 91 -13
356 357 -8
356 104 -8
211 195 28
180 179 8
179 163 -19
179 195 19
91 90 19
90 103 -19
346 330 13
265 281 -28
265 249 -28
18 154 -8
204 330 -8
122 121 -8
122 249 -8
121 137 28
38 24 -13
336 320 -28
336 352 -28
103 104 28
281 154 -8
137 153 -19
352 368 13
154 153 8
9 10 -13
9 24 8
