87 339 -19
87 100 28
87 228 -8
87 88 -28
87 72 -13
339 338 28
339 209 8
339 337 8
100 115 -13
100 101 8
100 355 -19
100 244 -13
228 227 13
228 226 8
228 354 -8
88 225 28
88 86 19
88 336 19
72 73 -28
72 57 -8
72 212 19
72 323 8
146 144 8
146 273 -19
146 148 13
146 11 13
146 145 -28
144 143 -28
144 142 28
144 271 19
144 9 28
273 289 -13
273 257 -13
273 29 28
273 274 -19
148 275 -8
148 13 19
148 147 -8
11 12 8
11 26 -13
11 258 19
145 14 8
145 129 -8
145 276 -28
145 161 19
371 241 28
371 370 -19
371 369 8
371 115 -19
241 225 13
241 242 13
241 101 13
370 244 -8
370 354 -8
369 239 -28
369 367 13
369 113 -13
369 368 28
115 116 13
12 14 -19
12 143 28
12 10 -28
12 255 -8
26 274 -28
26 27 -13
26 162 -19
26 40 19
258 257 13
258 256 -28
258 127 8
258 260 8
264 263 28
264 16 -8
264 262 19
264 266 -13
264 133 -13
263 19 8
263 279 19
263 136 19
263 247 -28
16 17 -28
16 1 -28
16 31 -13
16 152 -28
262 15 -13
262 261 28
266 265 8
266 268 -8
266 18 -8
266 135 -13
133 2 -13
133 149 8
133 134 -28
133 117 28
188 314 -8
188 187 19
188 49 28
188 190 -19
188 186 13
314 67 -28
314 299 19
314 315 13
314 330 -28
187 171 8
187 52 13
187 203 -13
187 317 -13
49 300 19
49 50 -13
49 34 -19
49 64 28
190 51 -8
190 189 -13
190 316 -28
190 192 28
186 185 -13
186 312 28
186 184 -13
186 47 -19
304 53 -19
304 306 -19
304 173 -8
304 303 19
304 302 -28
53 68 8
53 54 13
53 192 -13
53 38 -8
306 55 28
306 175 19
306 305 8
306 308 28
173 174 28
173 39 -19
173 157 19
173 189 -19
303 287 8
303 56 13
303 176 13
303 318 13
302 171 13
302 300 13
302 51 13
302 301 13
300 298 19
300 299 -8
300 169 -19
50 185 13
50 52 -13
50 48 -28
50 297 -13
34 172 -8
34 284 -19
34 35 8
34 20 -8
64 204 -8
64 65 -19
64 315 -19
64 79 13
14 257 -19
14 13 -19
257 130 13
13 260 8
13 28 -19
345 215 -13
345 343 -8
345 344 -8
345 347 28
215 231 -13
215 199 8
215 216 -19
215 78 -8
343 341 -19
343 90 -13
343 213 13
343 342 13
344 94 13
344 218 28
344 328 -28
344 360 13
347 93 19
347 346 -8
347 349 -28
347 217 -8
89 74 -8
89 230 -28
89 341 13
89 102 -8
74 59 -19
74 214 -28
74 325 -13
230 229 -19
230 356 -13
230 232 13
341 340 8
102 357 -19
159 27 -13
159 290 13
159 175 -13
159 160 -8
159 143 -19
27 29 28
27 25 -8
27 271 28
290 292 19
290 40 -28
290 289 19
290 288 28
175 191 -13
175 176 28
175 41 8
160 287 -8
160 162 -19
160 158 19
160 24 13
143 127 8
143 274 13
313 311 8
313 62 8
313 312 -19
313 315 -19
313 183 28
311 181 8
311 60 -8
311 310 -28
62 77 -28
62 63 -19
62 47 -28
62 202 -13
312 328 8
312 297 28
312 65 -13
315 185 19
315 317 28
183 167 13
183 184 -19
183 199 13
183 48 13
109 110 -13
109 365 -13
109 95 -13
110 108 28
110 362 -19
110 112 8
365 364 -28
365 367 28
365 235 -8
365 363 13
95 238 -28
95 81 13
95 349 -19
243 227 -19
243 244 -28
227 211 8
244 242 -13
172 174 8
172 171 -19
172 299 28
172 170 -28
284 286 19
284 283 -8
284 282 28
284 153 19
35 37 19
35 33 13
35 169 -28
35 281 -13
20 156 13
20 268 28
20 5 8
20 21 13
327 329 28
327 197 -13
327 325 19
327 75 -13
327 326 19
329 77 13
329 328 -13
329 331 8
329 199 28
197 198 28
197 61 28
197 213 28
197 181 28
325 324 -28
75 90 19
75 60 28
75 76 -19
75 216 8
326 342 13
326 200 -13
326 310 -8
326 78 28
201 202 8
201 185 -13
201 331 28
201 217 -19
201 65 13
202 204 28
202 328 -13
202 200 13
185 169 -13
331 79 -13
331 333 -13
331 330 -8
217 80 13
217 218 -19
217 233 -13
65 67 -8
65 63 -13
246 248 -19
246 245 -13
246 0 -28
248 247 28
248 250 13
248 117 -28
248 1 13
245 261 -19
245 2 -8
245 118 -13
0 15 -28
0 134 13
274 276 -13
274 272 -13
162 289 8
162 164 28
162 161 19
40 55 -28
40 41 28
40 178 13
119 120 8
119 135 13
119 250 -19
120 122 -13
120 247 -8
120 118 28
135 4 -13
135 136 28
135 151 8
250 3 13
250 252 -8
250 249 8
287 288 -19
287 271 -28
287 41 -19
288 286 28
288 157 8
288 38 28
271 272 -13
271 255 -19
41 43 -19
41 39 13
37 283 -28
37 36 -13
37 39 -28
37 171 19
283 299 -8
283 156 28
283 267 19
36 174 -28
36 286 28
36 22 -13
36 51 28
39 38 -28
39 285 -8
171 155 13
225 355 19
225 226 -28
225 209 -19
355 353 28
355 354 -13
226 224 28
226 85 8
226 352 19
209 210 -13
209 73 19
209 193 -28
292 161 -13
292 42 13
292 291 13
289 43 13
289 305 8
127 128 8
208 210 8
208 207 19
208 206 -19
208 68 13
208 334 -13
210 212 13
210 70 -19
210 336 -19
207 71 28
207 191 19
207 223 28
207 337 13
206 332 28
206 204 13
206 66 -8
206 205 13
68 319 -28
68 83 -13
68 69 -19
334 350 28
334 318 -13
334 335 -8
334 86 8
319 317 13
319 321 -28
319 318 8
319 189 -8
83 84 -19
83 224 -19
83 335 -28
83 96 -13
69 71 28
69 67 -13
69 316 -19
69 205 -19
126 124 8
126 125 8
126 253 -28
126 128 -8
124 251 28
124 122 19
124 123 -28
125 141 -8
125 256 28
253 269 -8
253 254 8
253 10 -28
128 130 -13
128 255 -13
247 4 -28
117 118 -8
1 2 13
1 136 28
169 170 28
169 153 -13
71 70 -19
71 318 8
71 73 -19
70 55 -28
70 85 19
70 321 19
318 192 28
73 320 -19
168 166 -19
168 170 -8
168 295 -28
168 31 28
168 167 -28
166 293 -8
166 30 -13
166 165 19
170 297 -8
295 279 28
295 296 19
295 48 -28
295 310 -13
31 280 8
31 45 -19
31 32 -8
167 33 -8
167 298 -8
167 151 8
116 114 -13
116 368 28
129 260 8
129 130 28
276 28 -13
276 275 19
161 177 13
161 29 8
19 17 8
19 21 -8
19 18 8
19 151 13
279 280 -28
279 152 8
279 33 -28
136 138 28
136 134 13
43 177 -13
43 42 13
177 178 13
177 308 -19
177 193 -8
42 180 28
42 28 19
42 57 -8
56 191 28
56 58 28
56 54 28
56 55 8
176 174 -28
176 38 -13
176 178 19
150 15 19
150 277 19
150 149 13
150 152 -28
15 30 -8
277 32 13
277 278 -13
277 261 -28
277 293 13
149 17 19
149 280 -19
149 165 -19
152 154 19
152 151 -19
80 328 -28
80 82 28
80 79 -19
80 78 -19
82 84 8
82 219 19
82 330 -13
82 81 -19
79 93 8
79 220 8
78 77 -19
78 76 -13
234 232 -8
234 236 -19
234 360 19
234 233 28
232 90 8
232 358 -28
232 231 -13
236 235 -8
236 238 -28
236 362 -8
236 93 8
360 361 -19
360 108 -8
233 94 8
233 363 -19
191 321 -19
191 192 -19
58 57 19
58 193 -13
58 305 8
54 52 -13
54 301 8
54 189 8
55 194 28
17 261 -19
261 134 -8
94 92 8
94 93 8
92 91 -8
92 231 -8
92 342 13
93 107 -8
297 298 19
297 281 -19
235 219 8
238 240 -28
238 364 19
238 237 -8
362 346 -19
362 363 -13
351 350 -19
351 221 -28
351 349 28
351 353 -8
351 96 -19
350 99 -13
350 366 -8
350 224 28
221 84 8
221 222 13
221 205 19
221 237 -8
349 219 -13
349 348 19
353 98 -13
353 223 -13
353 352 -8
96 240 8
96 111 -8
96 97 -19
342 216 13
342 358 -19
200 198 -28
200 199 19
200 60 8
310 63 8
310 184 28
270 139 -19
270 22 -19
270 268 13
270 272 -13
270 269 13
139 155 -19
139 123 8
139 140 8
139 8 8
22 23 28
22 7 -8
22 158 -19
268 137 -13
268 267 -8
272 141 -13
272 24 -13
269 142 -13
269 285 -8
269 25 -13
2 4 -28
317 66 -13
317 316 -19
321 323 13
321 320 -19
189 205 -28
4 3 19
4 6 -28
305 178 28
305 320 -19
223 224 -13
223 239 -13
223 86 -13
337 335 -28
337 85 8
337 336 8
361 359 -8
361 363 8
361 231 19
361 105 -19
359 229 -19
359 357 19
359 103 -13
359 358 -8
363 107 -13
105 106 13
141 142 -28
141 10 -28
141 157 -13
256 254 -19
256 9 8
256 255 13
294 293 -19
294 296 8
294 44 8
293 46 19
293 309 -8
296 45 -28
296 298 8
296 165 19
44 59 -8
44 182 19
44 30 19
3 138 -28
3 18 28
6 8 -8
6 5 19
6 137 -28
6 249 -28
218 220 -28
218 216 -8
218 77 13
220 346 28
220 222 19
220 219 8
216 214 -19
132 259 28
132 131 -19
132 130 13
259 275 19
259 260 -28
131 147 28
192 194 -28
174 301 -19
301 285 -19
301 316 -13
84 86 -28
84 332 -19
86 85 28
332 316 -28
332 333 -13
332 348 -28
280 278 -13
280 282 -8
165 181 -19
165 32 -13
194 193 -13
194 320 13
194 196 -13
338 212 -13
338 354 8
338 322 -19
32 33 13
278 30 19
107 108 19
240 242 -19
240 366 8
240 239 28
242 98 8
242 368 19
366 367 -19
366 114 -13
239 99 -28
199 63 -28
282 281 -19
282 151 -8
198 59 13
198 324 -8
324 340 -13
324 309 19
324 76 -8
99 97 8
99 101 8
99 98 8
224 222 -19
23 21 -8
23 25 -8
23 267 -13
23 155 8
21 265 -13
21 153 19
25 157 -28
25 24 28
267 251 -8
267 140 -19
155 286 13
155 156 19
142 140 -19
142 7 -13
285 286 -8
285 158 13
97 348 -13
97 237 19
101 352 -8
98 85 -19
98 113 -13
138 265 -28
138 137 -13
138 140 28
61 63 -19
61 60 28
61 309 -28
60 45 8
309 182 -8
333 203 8
333 335 13
333 81 8
348 364 28
348 222 19
28 29 28
28 164 -8
275 291 28
251 8 19
251 252 28
8 7 -19
8 10 -8
252 254 -19
252 121 13
252 5 13
108 106 28
106 104 13
106 358 -19
254 7 -19
254 123 28
46 45 8
46 181 -28
46 48 8
45 184 -19
181 182 13
48 47 -19
222 81 28
205 335 13
237 367 -8
147 163 -28
298 47 -28
299 52 13
157 158 -13
140 5 13
340 214 -13
340 356 19
340 91 8
212 211 -19
322 323 -19
322 307 -13
322 196 -28
156 158 13
156 154 -19
213 214 28
213 229 28
213 76 -19
113 114 13
323 193 8
307 180 8
307 308 -28
307 291 8
196 195 13
196 57 -13
364 112 -8
112 111 19
112 114 28
291 164 -8
164 163 8
182 184 -8
367 111 -13
67 203 -19
67 66 -19
203 204 -13
203 219 -8
66 81 -28
66 51 19
178 180 -8
308 57 8
52 51 28
229 91 8
356 357 8
356 104 8
211 195 8
180 179 -8
179 163 28
179 195 13
91 90 -19
90 103 28
346 330 -8
265 281 -19
265 249 13
18 154 -28
204 330 28
122 121 -13
122 249 19
121 137 28
38 24 -8
336 320 -28
336 352 -28
103 104 28
281 154 19
137 153 19
352 368 8
154 153 -13
9 10 8
9 24 13
