97 416 -28
97 112 19
97 273 -19
97 98 13
97 80 -28
416 418 -8
416 415 28
416 252 13
416 414 -19
112 129 -19
112 113 -28
112 434 8
112 291 28
273 272 13
273 275 8
273 271 -13
273 433 13
98 270 28
98 96 -13
98 100 -8
98 413 28
80 81 28
80 63 -28
80 255 19
80 398 -8
181 179 8
181 342 -28
181 183 8
181 11 19
181 180 -8
179 178 -13
179 177 8
179 340 -13
179 9 -19
342 360 -13
342 324 -13
342 31 28
342 343 -28
183 344 -28
183 13 13
183 185 13
183 182 8
11 12 -8
11 28 13
11 325 28
180 14 -8
180 162 8
180 345 -13
180 198 -19
452 288 13
452 451 28
452 454 19
452 450 19
452 129 -28
288 270 -28
288 289 -8
288 113 -13
288 306 -8
451 132 8
451 469 -8
451 291 13
451 433 -13
454 290 -28
454 453 -28
454 131 13
450 286 -8
450 448 -8
450 127 28
450 449 13
129 130 -8
129 309 -28
129 146 19
12 14 -19
12 178 8
12 10 -8
12 322 -19
28 343 13
28 29 8
28 199 28
28 44 -8
325 324 -8
325 323 19
325 160 13
325 327 8
468 304 -28
468 467 -19
468 144 -28
468 470 -28
468 466 -19
304 305 13
304 128 28
304 286 8
467 147 -19
467 449 13
467 307 -13
144 145 19
144 127 -19
470 146 13
470 472 8
470 306 28
470 469 13
466 464 -28
466 302 -19
466 142 -13
466 465 -28
333 332 8
333 18 13
333 331 -28
333 335 28
333 168 13
332 21 28
332 350 -19
332 171 -13
332 314 -13
18 19 13
18 1 -13
18 35 28
18 189 19
331 17 8
331 330 -19
335 334 -8
335 337 13
335 20 8
335 170 -13
168 2 13
168 186 8
168 169 28
168 150 13
140 464 -13
140 141 13
140 123 -28
464 462 19
464 463 28
464 300 19
141 143 28
141 139 -19
141 461 -19
123 303 -19
123 124 -19
123 446 -13
123 107 -19
229 389 -13
229 228 -8
229 55 8
229 231 13
229 227 13
389 75 28
389 372 19
389 390 -28
389 407 -19
228 210 -13
228 58 -8
228 246 13
228 392 8
55 373 -19
55 56 19
55 38 -13
55 72 13
231 57 -8
231 230 -28
231 391 19
231 233 -8
227 226 -8
227 387 -13
227 225 19
227 53 -19
377 59 28
377 379 28
377 212 28
377 376 -8
377 375 28
59 76 13
59 60 8
59 233 19
59 42 8
379 61 -28
379 214 -13
379 378 -19
379 381 -13
212 213 -19
212 43 -19
212 194 13
212 230 13
376 358 -19
376 62 -28
376 215 -13
376 393 -13
375 210 -28
375 373 -28
375 57 8
375 374 8
373 371 -8
373 372 -13
373 208 -8
56 226 19
56 58 -28
56 54 -19
56 370 -28
38 211 -19
38 355 13
38 39 8
38 22 19
72 247 19
72 73 -28
72 390 -13
72 89 8
14 324 19
14 13 28
14 16 -8
324 163 -19
13 327 -28
13 30 28
16 15 19
16 182 28
16 326 -8
220 202 13
220 221 13
220 238 13
202 184 28
202 203 -28
221 382 13
221 219 -19
221 48 8
238 256 13
238 239 8
424 260 19
424 422 -13
424 423 28
424 426 -19
260 278 -13
260 242 19
260 261 19
260 88 -8
422 420 -13
422 102 8
422 258 28
422 421 -8
423 106 -13
423 263 8
423 405 8
423 441 8
426 105 -8
426 425 -13
426 428 28
426 262 -28
101 84 -28
101 277 28
101 420 -19
101 116 -19
84 67 19
84 259 28
84 402 -28
277 276 28
277 437 -8
277 279 13
420 419 -8
116 295 19
116 438 -8
116 133 -13
196 29 -8
196 361 -19
196 214 -19
196 197 -13
196 178 28
29 31 28
29 27 -28
29 340 -8
361 363 13
361 44 -19
361 360 13
361 359 13
214 232 -13
214 215 -13
214 45 -13
197 358 13
197 199 28
197 195 13
197 26 13
178 160 -28
178 343 -28
388 386 -28
388 70 -19
388 387 19
388 390 -28
388 224 19
386 222 19
386 68 28
386 385 -28
70 87 -13
70 71 -19
70 53 13
70 245 -13
387 405 -13
387 370 19
387 73 -13
390 226 -8
390 392 19
224 206 -28
224 225 -8
224 242 8
224 54 -19
303 305 13
303 302 -8
303 463 8
303 301 -13
124 122 -13
124 300 -28
124 443 8
124 126 -13
446 445 19
446 448 -13
446 282 -13
446 444 -8
107 285 8
107 91 8
107 428 -19
290 272 8
290 115 -13
290 308 -28
290 291 19
272 436 -8
272 100 13
272 254 -8
115 113 -13
115 433 28
115 114 -13
308 132 19
308 309 -8
308 472 28
291 293 28
291 289 -19
211 213 28
211 210 13
211 372 8
211 209 19
355 357 13
355 354 -28
355 353 28
355 190 19
39 41 -28
39 37 -8
39 208 -28
39 352 28
22 193 28
22 337 -19
22 5 -8
22 23 -28
404 406 8
404 240 -28
404 402 -19
404 85 8
404 403 28
406 87 8
406 405 19
406 408 -13
406 242 8
240 241 28
240 69 8
240 258 13
240 222 8
402 401 -13
85 102 -8
85 68 -13
85 86 13
85 261 -13
403 421 19
403 243 19
403 385 19
403 88 -28
147 149 -19
147 146 -19
147 145 -19
149 469 19
149 148 28
145 143 -19
145 465 8
244 245 8
244 226 -8
244 408 -19
244 262 8
244 73 19
245 247 19
245 405 28
245 243 -19
226 208 13
408 89 13
408 410 -19
408 407 -8
262 90 -19
262 263 -28
262 280 8
73 75 -28
73 71 -13
313 315 -19
313 312 -28
313 0 -28
315 314 19
315 317 -28
315 150 -13
315 1 8
312 330 19
312 2 28
312 151 -13
0 17 -13
0 169 28
343 345 13
343 341 19
199 360 13
199 201 -13
199 198 -8
44 61 8
44 45 -8
44 217 -28
152 153 19
152 170 -28
152 317 -8
153 155 13
153 314 -28
153 151 8
170 4 13
170 171 19
170 188 -13
317 3 -28
317 319 -13
317 316 8
358 359 -8
358 340 -28
358 45 -13
359 357 13
359 194 13
359 42 13
340 341 -13
340 322 -13
45 47 28
45 43 19
41 354 13
41 40 8
41 43 -8
41 210 -28
354 372 28
354 193 -8
354 336 -19
40 213 19
40 357 28
40 24 19
40 57 13
43 42 19
43 356 -19
210 192 8
270 434 13
270 271 13
270 252 -8
434 436 28
434 432 19
434 433 -19
271 269 8
271 95 -19
271 431 -13
252 253 -8
252 81 -28
252 234 -28
363 198 28
363 365 19
363 46 13
363 362 -28
360 47 -19
360 378 13
160 161 13
251 253 19
251 250 -8
251 249 28
251 76 -13
251 411 -28
253 255 13
253 78 -8
253 413 13
250 79 -19
250 232 13
250 268 19
250 414 19
249 409 -13
249 247 -13
249 74 -13
249 248 19
76 394 -28
76 93 -28
76 77 -13
411 429 -8
411 393 -8
411 412 -19
411 96 28
296 460 28
296 297 -19
296 278 19
296 120 8
460 458 -8
460 136 -13
460 462 -8
460 459 -28
297 299 19
297 457 19
297 295 13
297 117 19
278 442 13
278 279 -28
278 104 28
120 122 19
120 119 -13
120 118 8
120 439 -8
394 392 -8
394 396 28
394 393 -19
394 230 -19
93 94 8
93 269 28
93 412 -13
93 108 28
77 79 8
77 75 -13
77 391 -28
77 248 -19
159 157 -8
159 158 -19
159 320 13
159 161 -28
157 318 -13
157 155 19
157 156 19
158 176 -19
158 323 19
320 338 -8
320 321 8
320 10 13
161 163 19
161 322 28
314 4 -8
150 151 -8
1 2 -28
1 171 13
208 209 8
208 190 -28
299 459 28
299 298 13
299 301 -19
299 119 -13
459 441 -28
459 139 28
298 280 -13
298 122 -8
298 462 28
301 300 -19
301 461 -28
301 121 8
119 442 -13
119 136 8
79 78 -28
79 393 -13
79 81 28
78 61 -13
78 95 13
78 396 -13
393 233 19
81 395 19
81 83 28
207 205 8
207 209 -28
207 368 -13
207 35 -19
207 206 8
205 366 13
205 34 19
205 204 13
209 370 -28
368 350 -13
368 369 -19
368 54 28
368 385 13
35 351 -28
35 51 -8
35 36 8
206 37 -13
206 371 28
206 188 13
130 132 19
130 128 -28
130 306 13
130 449 -28
309 311 28
309 469 -19
309 307 8
162 327 -13
162 163 -19
345 30 13
345 347 13
345 344 13
198 216 19
198 31 13
328 346 -8
328 167 -28
328 329 -19
346 364 -19
346 347 28
346 185 -19
167 165 19
167 166 8
329 164 19
329 327 19
329 15 -28
132 131 8
131 311 -13
131 148 19
131 114 -13
449 289 13
449 431 28
307 305 28
307 127 28
307 306 13
21 19 28
21 23 -19
21 20 28
21 188 28
350 351 -28
350 189 8
350 37 13
171 173 8
171 169 28
47 49 -8
47 216 -19
47 46 28
49 48 -13
49 218 -28
49 362 -28
216 217 -13
216 381 8
216 234 19
46 219 8
46 30 -8
46 63 28
62 232 19
62 64 28
62 60 -28
62 61 -13
215 213 -8
215 42 28
215 217 -19
187 17 -19
187 348 -28
187 186 13
187 189 -8
17 34 13
348 36 -19
348 349 19
348 330 13
348 366 13
186 19 19
186 351 -19
186 204 -13
189 191 8
189 188 8
90 405 -19
90 92 -13
90 89 -8
90 88 -8
92 94 -8
92 264 28
92 407 28
92 91 -8
89 105 -8
89 265 13
88 87 -19
88 86 19
281 279 -8
281 283 -8
281 441 13
281 280 -8
279 102 28
279 439 -8
283 282 -28
283 285 13
283 443 -28
283 105 -28
441 442 -28
441 122 13
280 106 28
280 444 19
232 396 -13
232 233 -8
64 63 -13
64 66 -8
64 234 28
64 378 -13
60 58 -28
60 374 28
60 230 28
61 235 -8
257 417 -19
257 255 13
257 82 -19
257 256 13
417 418 -13
417 435 13
417 399 8
255 415 -13
255 254 28
82 99 8
82 65 13
82 83 -28
82 400 19
256 274 -28
19 330 -28
330 169 -19
383 382 -28
383 65 -19
383 218 -28
383 381 -28
382 364 -28
382 399 -28
65 66 -28
65 239 -8
65 48 28
218 219 -19
218 200 8
218 236 -13
381 63 -13
381 380 13
106 104 13
106 105 -28
104 103 -28
104 421 13
105 121 -8
370 371 8
370 352 -13
282 264 13
282 300 -13
285 287 13
285 445 -28
285 284 19
443 425 19
443 444 13
443 461 -8
430 429 28
430 266 -8
430 428 19
430 432 19
430 108 -28
429 111 -28
429 447 -13
429 269 -13
266 94 19
266 267 -8
266 248 13
266 284 8
428 264 28
428 427 8
432 110 -28
432 268 28
432 431 28
108 287 28
108 125 -13
108 109 -28
421 261 19
421 439 -28
243 241 13
243 242 -19
243 68 -19
385 71 -19
385 225 -28
339 174 19
339 24 13
339 337 -19
339 341 -13
339 338 8
174 192 28
174 156 19
174 175 13
174 8 8
24 25 -8
24 7 8
24 195 19
337 172 -28
337 336 13
341 176 8
341 26 -19
338 177 8
338 356 -19
338 27 -8
2 4 19
184 166 -28
184 185 28
203 364 19
203 201 -13
203 32 8
392 74 19
392 391 19
396 398 -8
396 395 28
230 248 -19
4 3 -19
4 6 19
378 217 8
378 395 19
268 269 -19
268 286 19
268 96 -8
414 412 -19
414 95 8
414 413 8
442 440 8
442 444 -28
440 276 28
440 438 28
440 117 -13
440 439 19
444 121 13
176 177 -28
176 10 28
176 194 19
323 321 -8
323 9 8
323 322 -8
458 294 -8
458 456 -19
458 457 -8
458 134 -13
294 295 8
294 276 -13
294 118 8
456 133 19
456 455 -28
457 439 28
457 137 -13
134 135 28
134 117 19
367 366 -8
367 369 13
367 50 -8
366 52 13
366 384 13
369 51 -28
369 371 -19
369 204 28
50 67 19
50 223 13
50 34 13
3 173 13
3 20 -13
6 8 -13
6 5 28
6 172 8
6 316 -19
263 265 19
263 261 13
263 87 -8
265 425 -19
265 267 28
265 264 -19
261 259 -19
165 326 28
165 164 8
165 163 -8
326 344 -28
326 327 13
164 182 -8
233 235 28
305 125 13
305 465 -8
125 448 -19
125 142 -19
125 126 28
465 447 28
213 374 19
374 356 -28
374 391 13
94 96 -13
94 409 -8
96 95 -28
409 391 8
409 410 28
409 427 13
351 349 28
351 353 13
204 222 -28
204 36 -13
235 234 19
235 395 -13
235 237 13
418 254 -28
418 99 28
415 433 -28
415 397 -8
415 100 28
274 292 19
274 275 13
36 37 19
349 34 28
364 365 19
399 400 28
399 239 -13
121 122 -28
121 138 -28
462 138 8
462 461 19
463 143 13
463 445 13
287 289 -28
287 447 8
287 286 8
289 110 8
447 448 8
447 128 19
286 111 -19
242 71 -8
353 352 -28
353 188 -19
241 67 19
241 401 -8
401 419 -19
401 384 -19
401 86 -8
111 109 -13
111 113 8
111 110 19
269 267 19
25 23 -28
25 27 28
25 336 28
25 192 -8
23 334 19
23 190 -8
27 194 8
27 26 19
336 318 8
336 175 8
192 357 19
192 193 28
177 175 -28
177 7 -8
356 357 8
356 195 19
109 427 -8
109 284 -28
113 431 -19
110 95 -28
110 127 -28
173 334 13
173 172 -8
173 175 13
69 71 -28
69 68 -8
69 384 19
68 51 19
384 223 19
365 200 -19
365 48 28
436 435 13
436 114 -28
435 453 -19
435 275 19
114 293 -19
114 99 -28
410 246 19
410 412 28
410 91 13
427 445 8
427 267 -19
30 31 -8
30 201 8
347 182 -8
347 32 13
344 362 13
344 33 28
318 8 28
318 319 -28
8 7 19
8 10 19
319 321 -8
319 154 13
319 5 -28
302 126 19
302 284 19
126 445 -13
126 128 13
284 448 -8
137 135 19
137 139 13
137 136 -28
99 275 -19
99 100 19
83 397 8
83 254 -19
400 398 -8
400 236 -28
321 7 28
321 156 8
52 51 -8
52 222 19
52 54 -19
135 455 28
139 138 -19
293 292 19
293 453 13
292 310 -13
453 471 -8
51 225 -19
222 223 -13
54 53 8
267 91 13
248 412 13
182 200 -19
128 127 -19
371 53 19
372 58 19
194 195 8
175 5 -13
419 259 -28
419 437 8
419 103 8
397 398 13
397 380 -13
397 237 28
193 195 -28
193 191 13
239 237 8
254 236 19
143 142 -13
258 259 -8
258 276 -28
258 86 8
311 471 -13
311 310 -19
471 472 28
398 234 -8
380 219 13
380 66 13
380 362 -8
237 236 -19
237 63 -13
472 148 -28
236 66 -28
362 201 -28
33 31 19
33 32 -28
33 200 -13
201 200 19
223 225 -28
75 246 28
75 74 13
246 247 -28
246 264 -28
74 91 8
74 57 19
217 219 19
58 57 28
276 103 -8
437 438 28
437 118 19
437 455 28
103 102 19
102 117 -19
185 15 -28
425 407 -28
334 352 -13
334 316 8
20 191 19
15 32 28
247 407 8
155 154 28
155 316 -28
154 172 -8
295 455 -8
42 26 -19
413 395 13
413 431 28
117 118 -8
352 191 -8
172 190 -13
48 32 -8
191 190 28
9 10 28
9 26 13
