97 416 -8
97 112 -13
97 273 -8
97 98 -13
97 80 19
416 418 -28
416 415 19
416 252 28
416 414 -13
112 129 8
112 113 28
112 434 13
112 291 28
273 272 13
273 275 -19
273 271 -19
273 433 -28
98 270 -13
98 96 -13
98 100 28
98 413 -19
80 81 8
80 63 -28
80 255 19
80 398 28
181 179 -19
181 342 -19
181 183 -28
181 11 28
181 180 -28
179 178 8
179 177 13
179 340 -8
179 9 13
342 360 13
342 324 -8
342 31 19
342 343 -19
183 344 -28
183 13 19
183 185 13
183 182 -13
11 12 -19
11 28 -8
11 325 19
180 14 -13
180 162 -28
180 345 -13
180 198 19
452 288 8
452 451 -13
452 454 19
452 450 19
452 129 8
288 270 -19
288 289 8
288 113 -8
288 306 28
451 132 28
451 469 -19
451 291 -19
451 433 28
454 290 8
454 453 28
454 131 19
450 286 -28
450 448 -8
450 127 19
450 449 -19
129 130 8
129 309 8
129 146 -19
12 14 28
12 178 19
12 10 19
12 322 -13
28 343 -13
28 29 -8
28 199 -19
28 44 13
325 324 -13
325 323 28
325 160 -28
325 327 -8
468 304 13
468 467 -8
468 144 -19
468 470 19
468 466 13
304 305 28
304 128 13
304 286 -19
467 147 -19
467 449 -28
467 307 -19
144 145 8
144 127 -28
470 146 28
470 472 13
470 306 -19
470 469 -13
466 464 19
466 302 -13
466 142 19
466 465 -19
333 332 8
333 18 28
333 331 -28
333 335 8
333 168 8
332 21 -28
332 350 8
332 171 13
332 314 -13
18 19 13
18 1 -19
18 35 13
18 189 28
331 17 13
331 330 28
335 334 -19
335 337 -19
335 20 8
335 170 -8
168 2 28
168 186 -13
168 169 -13
168 150 -19
140 464 8
140 141 8
140 123 28
464 462 -8
464 463 28
464 300 28
141 143 13
141 139 13
141 461 8
123 303 8
123 124 -13
123 446 28
123 107 -8
229 389 28
229 228 -8
229 55 13
229 231 -28
229 227 -13
389 75 28
389 372 8
389 390 -8
389 407 -13
228 210 -13
228 58 -13
228 246 -28
228 392 28
55 373 -28
55 56 8
55 38 -19
55 72 -13
231 57 -19
231 230 -28
231 391 19
231 233 13
227 226 -19
227 387 13
227 225 -28
227 53 -13
377 59 8
377 379 -13
377 212 8
377 376 8
377 375 13
59 76 13
59 60 19
59 233 13
59 42 -8
379 61 8
379 214 13
379 378 -19
379 381 -13
212 213 19
212 43 -8
212 194 19
212 230 8
376 358 -8
376 62 13
376 215 -13
376 393 -28
375 210 -8
375 373 28
375 57 -19
375 374 -13
373 371 28
373 372 -13
373 208 13
56 226 -13
56 58 -28
56 54 -8
56 370 13
38 211 -19
38 355 -8
38 39 -19
38 22 -8
72 247 13
72 73 13
72 390 -19
72 89 -8
14 324 13
14 13 19
14 16 -8
324 163 -19
13 327 8
13 30 -28
16 15 13
16 182 8
16 326 -8
220 202 -8
220 221 -19
220 238 -19
202 184 28
202 203 28
221 382 -19
221 219 -8
221 48 -19
238 256 -13
238 239 -13
424 260 -8
424 422 -28
424 423 -13
424 426 -13
260 278 -13
260 242 -8
260 261 28
260 88 28
422 420 -28
422 102 13
422 258 19
422 421 -8
423 106 -19
423 263 19
423 405 -28
423 441 -19
426 105 19
426 425 -19
426 428 -8
426 262 13
101 84 -8
101 277 8
101 420 28
101 116 -28
84 67 28
84 259 -19
84 402 -28
277 276 13
277 437 -8
277 279 -28
420 419 -19
116 295 -8
116 438 -13
116 133 19
196 29 19
196 361 -28
196 214 28
196 197 13
196 178 -13
29 31 -8
29 27 -13
29 340 28
361 363 -8
361 44 8
361 360 -13
361 359 -28
214 232 -13
214 215 19
214 45 -28
197 358 -28
197 199 -13
197 195 19
197 26 -19
178 160 13
178 343 19
388 386 -28
388 70 -13
388 387 -28
388 390 8
388 224 -28
386 222 8
386 68 -19
386 385 28
70 87 19
70 71 -28
70 53 -19
70 245 -28
387 405 13
387 370 13
387 73 -13
390 226 8
390 392 8
224 206 28
224 225 8
224 242 13
224 54 19
303 305 8
303 302 -19
303 463 19
303 301 -13
124 122 -19
124 300 -28
124 443 -19
124 126 19
446 445 28
446 448 -8
446 282 -8
446 444 13
107 285 19
107 91 8
107 428 13
290 272 8
290 115 -8
290 308 8
290 291 8
272 436 8
272 100 -8
272 254 -8
115 113 -19
115 433 19
115 114 -19
308 132 28
308 309 -19
308 472 28
291 293 -8
291 289 13
211 213 13
211 210 19
211 372 13
211 209 -28
355 357 -28
355 354 -13
355 353 19
355 190 8
39 41 8
39 37 -19
39 208 13
39 352 28
22 193 -19
22 337 -19
22 5 19
22 23 -13
404 406 19
404 240 -19
404 402 13
404 85 -28
404 403 -8
406 87 -19
406 405 -13
406 408 -13
406 242 13
240 241 28
240 69 -28
240 258 8
240 222 13
402 401 -28
85 102 -28
85 68 -8
85 86 28
85 261 8
403 421 -13
403 243 8
403 385 28
403 88 -28
147 149 -13
147 146 -8
147 145 28
149 469 19
149 148 -8
145 143 -19
145 465 -19
244 245 -28
244 226 -19
244 408 -8
244 262 -13
244 73 19
245 247 8
245 405 8
245 243 -28
226 208 28
408 89 -8
408 410 -19
408 407 -19
262 90 -28
262 263 -28
262 280 8
73 75 -13
73 71 28
313 315 19
313 312 -13
313 0 13
315 314 -13
315 317 -8
315 150 -19
315 1 -8
312 330 -8
312 2 -13
312 151 -19
0 17 28
0 169 -13
343 345 13
343 341 -28
199 360 28
199 201 -19
199 198 8
44 61 -28
44 45 -13
44 217 13
152 153 28
152 170 28
152 317 -8
153 155 19
153 314 -8
153 151 -13
170 4 13
170 171 28
170 188 8
317 3 28
317 319 -8
317 316 8
358 359 13
358 340 -28
358 45 -19
359 357 8
359 194 8
359 42 28
340 341 -8
340 322 -8
45 47 -28
45 43 -13
41 354 19
41 40 19
41 43 -13
41 210 -19
354 372 8
354 193 -8
354 336 28
40 213 -13
40 357 -28
40 24 13
40 57 -8
43 42 -8
43 356 8
210 192 -19
270 434 8
270 271 28
270 252 13
434 436 13
434 432 28
434 433 -13
271 269 -19
271 95 -13
271 431 13
252 253 13
252 81 8
252 234 19
363 198 13
363 365 -28
363 46 -28
363 362 -19
360 47 -13
360 378 -19
160 161 -28
251 253 -28
251 250 19
251 249 -19
251 76 -28
251 411 -13
253 255 13
253 78 -8
253 413 -19
250 79 13
250 232 -13
250 268 28
250 414 -19
249 409 13
249 247 13
249 74 19
249 248 -19
76 394 -13
76 93 -13
76 77 19
411 429 -13
411 393 19
411 412 -19
411 96 -28
296 460 -13
296 297 19
296 278 8
296 120 19
460 458 -8
460 136 19
460 462 -19
460 459 13
297 299 8
297 457 -28
297 295 -28
297 117 28
278 442 -28
278 279 -28
278 104 -28
120 122 -28
120 119 8
120 118 13
120 439 8
394 392 13
394 396 19
394 393 -13
394 230 -13
93 94 13
93 269 -28
93 412 19
93 108 -28
77 79 19
77 75 19
77 391 -28
77 248 28
159 157 -19
159 158 19
159 320 28
159 161 -19
157 318 -8
157 155 -13
157 156 -19
158 176 -28
158 323 -8
320 338 -13
320 321 -28
320 10 -13
161 163 -28
161 322 -13
314 4 -19
150 151 19
1 2 -13
1 171 -8
208 209 -28
208 190 19
299 459 19
299 298 -28
299 301 -8
299 119 19
459 441 -28
459 139 8
298 280 13
298 122 -28
298 462 19
301 300 -28
301 461 -28
301 121 -13
119 442 19
119 136 13
79 78 28
79 393 -19
79 81 -19
78 61 8
78 95 13
78 396 -8
393 233 8
81 395 -19
81 83 19
207 205 -19
207 209 -13
207 368 13
207 35 -13
207 206 13
205 366 28
205 34 28
205 204 28
209 370 13
368 350 28
368 369 -28
368 54 -19
368 385 28
35 351 28
35 51 13
35 36 8
206 37 -8
206 371 -28
206 188 28
130 132 8
130 128 -19
130 306 8
130 449 8
309 311 28
309 469 -28
309 307 -8
162 327 8
162 163 -19
345 30 13
345 347 -8
345 344 28
198 216 19
198 31 -8
328 346 -28
328 167 -28
328 329 8
346 364 -28
346 347 -19
346 185 19
167 165 -8
167 166 -8
329 164 -8
329 327 -8
329 15 -8
132 131 -8
131 311 -19
131 148 -19
131 114 28
449 289 13
449 431 8
307 305 -8
307 127 8
307 306 28
21 19 -28
21 23 -8
21 20 8
21 188 8
350 351 8
350 189 28
350 37 -8
171 173 -8
171 169 19
47 49 -28
47 216 -28
47 46 19
49 48 28
49 218 -8
49 362 13
216 217 19
216 381 28
216 234 8
46 219 19
46 30 8
46 63 28
62 232 8
62 64 -8
62 60 -28
62 61 -13
215 213 -28
215 42 -28
215 217 -28
187 17 -13
187 348 28
187 186 19
187 189 -19
17 34 13
348 36 -8
348 349 13
348 330 -28
348 366 8
186 19 8
186 351 -13
186 204 8
189 191 8
189 188 -13
90 405 19
90 92 -28
90 89 13
90 88 28
92 94 -8
92 264 13
92 407 19
92 91 28
89 105 -13
89 265 -19
88 87 19
88 86 28
281 279 -13
281 283 -19
281 441 -28
281 280 -28
279 102 -13
279 439 19
283 282 28
283 285 28
283 443 -8
283 105 -8
441 442 -8
441 122 8
280 106 28
280 444 -19
232 396 -8
232 233 -28
64 63 -19
64 66 -19
64 234 -19
64 378 8
60 58 28
60 374 -8
60 230 -8
61 235 -19
257 417 -19
257 255 8
257 82 13
257 256 -8
417 418 28
417 435 13
417 399 28
255 415 8
255 254 -13
82 99 13
82 65 -19
82 83 8
82 400 19
256 274 -13
19 330 19
330 169 19
383 382 -28
383 65 8
383 218 -28
383 381 -19
382 364 -13
382 399 19
65 66 13
65 239 -8
65 48 -19
218 219 -13
218 200 19
218 236 -13
381 63 8
381 380 -19
106 104 13
106 105 -13
104 103 8
104 421 8
105 121 28
370 371 19
370 352 19
282 264 8
282 300 -8
285 287 -13
285 445 19
285 284 8
443 425 8
443 444 -19
443 461 28
430 429 13
430 266 -13
430 428 28
430 432 19
430 108 -8
429 111 13
429 447 28
429 269 8
266 94 -19
266 267 -28
266 248 19
266 284 13
428 264 -8
428 427 13
432 110 13
432 268 28
432 431 -8
108 287 8
108 125 28
108 109 -8
421 261 -28
421 439 8
243 241 -8
243 242 28
243 68 -8
385 71 -13
385 225 8
339 174 13
339 24 28
339 337 -28
339 341 -19
339 338 13
174 192 19
174 156 8
174 175 8
174 8 -28
24 25 19
24 7 19
24 195 -19
337 172 28
337 336 8
341 176 8
341 26 -19
338 177 -28
338 356 -8
338 27 8
2 4 13
184 166 -13
184 185 19
203 364 -19
203 201 8
203 32 -28
392 74 -13
392 391 28
396 398 -13
396 395 8
230 248 8
4 3 8
4 6 19
378 217 -13
378 395 8
268 269 13
268 286 -8
268 96 13
414 412 -19
414 95 28
414 413 -28
442 440 -8
442 444 -8
440 276 28
440 438 19
440 117 -8
440 439 8
444 121 -13
176 177 -13
176 10 8
176 194 -28
323 321 -28
323 9 -8
323 322 -8
458 294 13
458 456 13
458 457 -13
458 134 -28
294 295 8
294 276 28
294 118 13
456 133 -13
456 455 19
457 439 -19
457 137 8
134 135 19
134 117 19
367 366 -19
367 369 28
367 50 -19
366 52 13
366 384 8
369 51 -19
369 371 19
369 204 8
50 67 -8
50 223 -19
50 34 13
3 173 28
3 20 13
6 8 -19
6 5 13
6 172 28
6 316 19
263 265 -8
263 261 13
263 87 13
265 425 19
265 267 8
265 264 8
261 259 -13
165 326 -19
165 164 -8
165 163 -8
326 344 -28
326 327 8
164 182 -13
233 235 -8
305 125 28
305 465 19
125 448 -8
125 142 8
125 126 28
465 447 -28
213 374 13
374 356 28
374 391 28
94 96 -13
94 409 -8
96 95 8
409 391 -13
409 410 -19
409 427 13
351 349 13
351 353 19
204 222 -13
204 36 -13
235 234 19
235 395 -13
235 237 8
418 254 28
418 99 28
415 433 -28
415 397 8
415 100 19
274 292 -28
274 275 8
36 37 19
349 34 -28
364 365 -28
399 400 8
399 239 13
121 122 -28
121 138 -28
462 138 -13
462 461 -8
463 143 -13
463 445 -8
287 289 -19
287 447 8
287 286 -8
289 110 13
447 448 8
447 128 -13
286 111 8
242 71 13
353 352 -28
353 188 -19
241 67 -13
241 401 19
401 419 -28
401 384 13
401 86 19
111 109 13
111 113 13
111 110 -13
269 267 -19
25 23 8
25 27 28
25 336 -8
25 192 -13
23 334 19
23 190 -13
27 194 19
27 26 28
336 318 28
336 175 -19
192 357 -8
192 193 8
177 175 19
177 7 8
356 357 -13
356 195 13
109 427 -13
109 284 28
113 431 -28
110 95 8
110 127 -19
173 334 -13
173 172 28
173 175 -19
69 71 8
69 68 -28
69 384 -19
68 51 28
384 223 -28
365 200 -8
365 48 8
436 435 8
436 114 13
435 453 -19
435 275 -8
114 293 -8
114 99 13
410 246 -19
410 412 8
410 91 -8
427 445 -8
427 267 13
30 31 13
30 201 -13
347 182 -13
347 32 13
344 362 13
344 33 8
318 8 19
318 319 -28
8 7 19
8 10 -8
319 321 13
319 154 28
319 5 -28
302 126 8
302 284 28
126 445 28
126 128 8
284 448 -19
137 135 -28
137 139 -19
137 136 -19
99 275 8
99 100 -28
83 397 -28
83 254 -13
400 398 -8
400 236 -8
321 7 28
321 156 28
52 51 8
52 222 -28
52 54 -19
135 455 13
139 138 13
293 292 -19
293 453 8
292 310 -19
453 471 -19
51 225 19
222 223 13
54 53 -28
267 91 8
248 412 -19
182 200 -13
128 127 -28
371 53 13
372 58 -28
194 195 -19
175 5 -8
419 259 28
419 437 8
419 103 28
397 398 13
397 380 -8
397 237 19
193 195 -28
193 191 8
239 237 -19
254 236 28
143 142 -19
258 259 19
258 276 -13
258 86 -8
311 471 19
311 310 13
471 472 -8
398 234 13
380 219 -8
380 66 13
380 362 -13
237 236 -8
237 63 -28
472 148 13
236 66 -13
362 201 -19
33 31 19
33 32 -13
33 200 19
201 200 -28
223 225 -13
75 246 19
75 74 -13
246 247 28
246 264 -19
74 91 -28
74 57 -28
217 219 13
58 57 8
276 103 -19
437 438 -19
437 118 19
437 455 13
103 102 -28
102 117 -19
185 15 -19
425 407 -28
334 352 8
334 316 13
20 191 -8
15 32 28
247 407 13
155 154 13
155 316 -8
154 172 8
295 455 19
42 26 28
413 395 28
413 431 -28
117 118 -13
352 191 -8
172 190 13
48 32 19
191 190 28
9 10 13
9 26 -28
