97 416 -19
97 112 13
97 273 19
97 98 19
97 80 28
416 418 -8
416 415 8
416 252 -13
416 414 28
112 129 19
112 113 -8
112 434 19
112 291 -19
273 272 13
273 275 8
273 271 8
273 433 -8
98 270 -8
98 96 13
98 100 28
98 413 8
80 81 -8
80 63 19
80 255 8
80 398 13
181 179 -8
181 342 -19
181 183 -13
181 11 -28
181 180 13
179 178 -19
179 177 28
179 340 -8
179 9 28
342 360 28
342 324 -8
342 31 -19
342 343 -19
183 344 13
183 13 28
183 185 -28
183 182 8
11 12 13
11 28 13
11 325 -8
180 14 13
180 162 13
180 345 19
180 198 19
452 288 -13
452 451 28
452 454 -28
452 450 -13
452 129 -13
288 270 -28
288 289 13
288 113 19
288 306 -19
451 132 19
451 469 28
451 291 -8
451 433 -8
454 290 -19
454 453 -13
454 131 -8
450 286 -13
450 448 -13
450 127 19
450 449 19
129 130 13
129 309 -28
129 146 -19
12 14 13
12 178 -28
12 10 -28
12 322 13
28 343 28
28 29 -8
28 199 -8
28 44 -8
325 324 28
325 323 -8
325 160 13
325 327 19
468 304 -8
468 467 -13
468 144 28
468 470 28
468 466 -19
304 305 -28
304 128 -28
304 286 8
467 147 -13
467 449 -8
467 307 -19
144 145 28
144 127 -8
470 146 19
470 472 -13
470 306 -13
470 469 8
466 464 -8
466 302 -8
466 142 8
466 465 19
333 332 -13
333 18 13
333 331 8
333 335 13
333 168 -19
332 21 13
332 350 -13
332 171 28
332 314 -8
18 19 19
18 1 19
18 35 -8
18 189 -13
331 17 -19
331 330 -28
335 334 -8
335 337 -28
335 20 13
335 170 -28
168 2 -8
168 186 28
168 169 -19
168 150 28
140 464 -8
140 141 8
140 123 19
464 462 -28
464 463 -19
464 300 -8
141 143 -8
141 139 19
141 461 28
123 303 8
123 124 -19
123 446 -28
123 107 13
229 389 19
229 228 8
229 55 28
229 231 28
229 227 -13
389 75 28
389 372 -13
389 390 8
389 407 19
228 210 19
228 58 13
228 246 8
228 392 13
55 373 -8
55 56 -13
55 38 -13
55 72 13
231 57 -8
231 230 8
231 391 -19
231 233 -19
227 226 28
227 387 -19
227 225 19
227 53 -13
377 59 19
377 379 13
377 212 28
377 376 -8
377 375 -13
59 76 -8
59 60 -13
59 233 28
59 42 13
379 61 -28
379 214 28
379 378 -13
379 381 -19
212 213 13
212 43 -19
212 194 -28
212 230 -19
376 358 -28
376 62 8
376 215 -8
376 393 19
375 210 -8
375 373 -13
375 57 8
375 374 -8
373 371 8
373 372 -13
373 208 -28
56 226 -8
56 58 -19
56 54 19
56 370 -19
38 211 8
38 355 -8
38 39 19
38 22 -28
72 247 -8
72 73 19
72 390 28
72 89 -13
14 324 8
14 13 -8
14 16 8
324 163 8
13 327 13
13 30 -19
16 15 -19
16 182 8
16 326 -13
220 202 -8
220 221 13
220 238 13
202 184 -13
202 203 19
221 382 8
221 219 8
221 48 -8
238 256 13
238 239 -8
424 260 -19
424 422 28
424 423 8
424 426 8
260 278 8
260 242 13
260 261 13
260 88 19
422 420 -19
422 102 8
422 258 19
422 421 13
423 106 28
423 263 8
423 405 -28
423 441 -28
426 105 28
426 425 -28
426 428 -28
426 262 -19
101 84 28
101 277 -28
101 420 -19
101 116 28
84 67 13
84 259 -19
84 402 -8
277 276 -8
277 437 13
277 279 28
420 419 -8
116 295 28
116 438 13
116 133 -28
196 29 19
196 361 8
196 214 19
196 197 13
196 178 28
29 31 19
29 27 -28
29 340 -8
361 363 28
361 44 -28
361 360 13
361 359 19
214 232 28
214 215 -19
214 45 8
197 358 -13
197 199 19
197 195 13
197 26 28
178 160 -28
178 343 -13
388 386 -13
388 70 -28
388 387 28
388 390 -28
388 224 -8
386 222 -28
386 68 8
386 385 19
70 87 13
70 71 -13
70 53 -8
70 245 13
387 405 -28
387 370 -28
387 73 -8
390 226 -13
390 392 13
224 206 13
224 225 19
224 242 -8
224 54 -13
303 305 28
303 302 -8
303 463 8
303 301 8
124 122 28
124 300 28
124 443 13
124 126 19
446 445 -13
446 448 8
446 282 19
446 444 -8
107 285 8
107 91 -13
107 428 -13
290 272 28
290 115 13
290 308 13
290 291 28
272 436 -13
272 100 -13
272 254 28
115 113 -28
115 433 -13
115 114 -8
308 132 13
308 309 -8
308 472 8
291 293 8
291 289 28
211 213 19
211 210 -19
211 372 -19
211 209 -19
355 357 -19
355 354 8
355 353 -19
355 190 -13
39 41 -28
39 37 -19
39 208 -28
39 352 -8
22 193 19
22 337 19
22 5 8
22 23 -8
404 406 28
404 240 -8
404 402 -28
404 85 28
404 403 8
406 87 -28
406 405 13
406 408 -8
406 242 8
240 241 -8
240 69 19
240 258 19
240 222 -13
402 401 -13
85 102 -8
85 68 -19
85 86 8
85 261 -19
403 421 -19
403 243 -19
403 385 -19
403 88 28
147 149 28
147 146 28
147 145 -13
149 469 -8
149 148 28
145 143 -8
145 465 -8
244 245 -8
244 226 19
244 408 13
244 262 -28
244 73 28
245 247 28
245 405 -19
245 243 19
226 208 8
408 89 8
408 410 28
408 407 -13
262 90 28
262 263 13
262 280 -19
73 75 -8
73 71 28
313 315 19
313 312 -19
313 0 -19
315 314 13
315 317 -13
315 150 19
315 1 -8
312 330 -28
312 2 -28
312 151 28
0 17 -13
0 169 -28
343 345 -28
343 341 13
199 360 -19
199 201 13
199 198 13
44 61 8
44 45 -19
44 217 -19
152 153 8
152 170 8
152 317 -13
153 155 -8
153 314 -19
153 151 -19
170 4 -13
170 171 28
170 188 -8
317 3 -8
317 319 28
317 316 -28
358 359 -8
358 340 -8
358 45 19
359 357 19
359 194 13
359 42 19
340 341 -28
340 322 -19
45 47 8
45 43 -19
41 354 19
41 40 -19
41 43 -13
41 210 19
354 372 19
354 193 -13
354 336 8
40 213 -13
40 357 8
40 24 13
40 57 -13
43 42 19
43 356 13
210 192 -19
270 434 -19
270 271 -13
270 252 -19
434 436 19
434 432 -13
434 433 28
271 269 -28
271 95 8
271 431 -13
252 253 8
252 81 28
252 234 8
363 198 -8
363 365 -28
363 46 -8
363 362 -8
360 47 -28
360 378 -28
160 161 -28
251 253 8
251 250 8
251 249 -13
251 76 19
251 411 19
253 255 -13
253 78 19
253 413 28
250 79 -8
250 232 13
250 268 13
250 414 28
249 409 -19
249 247 -28
249 74 8
249 248 19
76 394 -28
76 93 13
76 77 19
411 429 8
411 393 -28
411 412 13
411 96 -8
296 460 13
296 297 8
296 278 8
296 120 19
460 458 -19
460 136 8
460 462 -13
460 459 28
297 299 13
297 457 -19
297 295 19
297 117 -19
278 442 -8
278 279 19
278 104 19
120 122 -28
120 119 8
120 118 -13
120 439 13
394 392 -19
394 396 -8
394 393 8
394 230 13
93 94 -28
93 269 19
93 412 19
93 108 -19
77 79 19
77 75 -8
77 391 -8
77 248 -13
159 157 13
159 158 -28
159 320 -19
159 161 28
157 318 28
157 155 19
157 156 -13
158 176 -28
158 323 13
320 338 19
320 321 -19
320 10 13
161 163 -13
161 322 19
314 4 28
150 151 13
1 2 -8
1 171 -28
208 209 28
208 190 19
299 459 8
299 298 -8
299 301 -13
299 119 28
459 441 -19
459 139 8
298 280 -28
298 122 -8
298 462 -8
301 300 13
301 461 -8
301 121 -13
119 442 -8
119 136 -19
79 78 8
79 393 -13
79 81 13
78 61 -19
78 95 13
78 396 -8
393 233 8
81 395 -19
81 83 13
207 205 -19
207 209 8
207 368 13
207 35 13
207 206 -8
205 366 -13
205 34 19
205 204 28
209 370 -19
368 350 -13
368 369 -13
368 54 19
368 385 19
35 351 -19
35 51 -13
35 36 -19
206 37 13
206 371 -19
206 188 -13
130 132 -28
130 128 13
130 306 -8
130 449 28
309 311 13
309 469 -28
309 307 -13
162 327 -8
162 163 13
345 30 -8
345 347 28
345 344 13
198 216 28
198 31 -13
328 346 -13
328 167 13
328 329 13
346 364 -13
346 347 -19
346 185 -8
167 165 8
167 166 -13
329 164 -8
329 327 19
329 15 -28
132 131 8
131 311 28
131 148 28
131 114 13
449 289 13
449 431 -19
307 305 28
307 127 28
307 306 8
21 19 8
21 23 13
21 20 13
21 188 19
350 351 -28
350 189 19
350 37 -13
171 173 -13
171 169 -13
47 49 28
47 216 -28
47 46 13
49 48 8
49 218 -19
49 362 13
216 217 13
216 381 -13
216 234 13
46 219 -8
46 30 13
46 63 -19
62 232 28
62 64 28
62 60 13
62 61 -19
215 213 -8
215 42 28
215 217 28
187 17 28
187 348 -19
187 186 8
187 189 28
17 34 -13
348 36 8
348 349 -28
348 330 -8
348 366 19
186 19 19
186 351 8
186 204 19
189 191 -13
189 188 8
90 405 -13
90 92 13
90 89 -13
90 88 -13
92 94 -8
92 264 -19
92 407 -8
92 91 28
89 105 19
89 265 -19
88 87 19
88 86 -8
281 279 28
281 283 -13
281 441 19
281 280 -8
279 102 13
279 439 -8
283 282 19
283 285 -8
283 443 -13
283 105 8
441 442 19
441 122 -8
280 106 19
280 444 -19
232 396 28
232 233 13
64 63 13
64 66 -19
64 234 8
64 378 28
60 58 8
60 374 -19
60 230 -28
61 235 -28
257 417 19
257 255 19
257 82 -19
257 256 8
417 418 -28
417 435 8
417 399 -13
255 415 -19
255 254 13
82 99 13
82 65 -13
82 83 8
82 400 -13
256 274 13
19 330 -13
330 169 28
383 382 -8
383 65 -28
383 218 28
383 381 -8
382 364 -28
382 399 8
65 66 -8
65 239 -13
65 48 8
218 219 -13
218 200 19
218 236 13
381 63 13
381 380 19
106 104 13
106 105 8
104 103 -28
104 421 -13
105 121 -8
370 371 28
370 352 28
282 264 -19
282 300 -13
285 287 8
285 445 -8
285 284 8
443 425 19
443 444 28
443 461 -13
430 429 19
430 266 28
430 428 -28
430 432 28
430 108 8
429 111 -8
429 447 13
429 269 -13
266 94 19
266 267 8
266 248 -28
266 284 -19
428 264 19
428 427 -19
432 110 13
432 268 8
432 431 28
108 287 13
108 125 -28
108 109 19
421 261 -13
421 439 -28
243 241 -8
243 242 28
243 68 8
385 71 19
385 225 -13
339 174 -19
339 24 -8
339 337 28
339 341 -13
339 338 -28
174 192 19
174 156 -13
174 175 8
174 8 8
24 25 19
24 7 28
24 195 -28
337 172 -13
337 336 13
341 176 28
341 26 -8
338 177 -19
338 356 19
338 27 19
2 4 19
184 166 28
184 185 -28
203 364 -8
203 201 -19
203 32 28
392 74 -19
392 391 -8
396 398 13
396 395 -8
230 248 13
4 3 19
4 6 -19
378 217 -28
378 395 -8
268 269 13
268 286 28
268 96 28
414 412 -13
414 95 -13
414 413 19
442 440 13
442 444 -19
440 276 -19
440 438 -8
440 117 -13
440 439 -8
444 121 -28
176 177 -19
176 10 19
176 194 8
323 321 8
323 9 -8
323 322 28
458 294 -8
458 456 -13
458 457 -8
458 134 -13
294 295 8
294 276 13
294 118 8
456 133 28
456 455 -8
457 439 8
457 137 28
134 135 -19
134 117 -13
367 366 -13
367 369 -28
367 50 -28
366 52 8
366 384 8
369 51 -8
369 371 28
369 204 -13
50 67 28
50 223 13
50 34 8
3 173 -28
3 20 19
6 8 19
6 5 8
6 172 -28
6 316 28
263 265 -13
263 261 -13
263 87 28
265 425 -28
265 267 19
265 264 8
261 259 -13
165 326 13
165 164 13
165 163 8
326 344 -28
326 327 19
164 182 -8
233 235 -28
305 125 8
305 465 -19
125 448 -28
125 142 -13
125 126 8
465 447 19
213 374 28
374 356 13
374 391 -28
94 96 -13
94 409 19
96 95 -28
409 391 13
409 410 -19
409 427 -28
351 349 8
351 353 19
204 222 19
204 36 -19
235 234 -19
235 395 19
235 237 -13
418 254 13
418 99 -8
415 433 -28
415 397 -19
415 100 28
274 292 -19
274 275 -19
36 37 -19
349 34 28
364 365 -19
399 400 -19
399 239 -8
121 122 13
121 138 -19
462 138 13
462 461 -19
463 143 13
463 445 -13
287 289 8
287 447 -28
287 286 -8
289 110 8
447 448 13
447 128 8
286 111 28
242 71 -28
353 352 13
353 188 -13
241 67 19
241 401 -19
401 419 13
401 384 13
401 86 -8
111 109 28
111 113 -13
111 110 8
269 267 -19
25 23 -13
25 27 -19
25 336 -28
25 192 28
23 334 -13
23 190 -13
27 194 -28
27 26 19
336 318 28
336 175 -19
192 357 13
192 193 8
177 175 13
177 7 13
356 357 -8
356 195 19
109 427 -19
109 284 19
113 431 -28
110 95 28
110 127 -8
173 334 -19
173 172 8
173 175 -19
69 71 28
69 68 28
69 384 13
68 51 -13
384 223 -28
365 200 13
365 48 8
436 435 -8
436 114 -8
435 453 -28
435 275 28
114 293 13
114 99 -8
410 246 -28
410 412 -19
410 91 -13
427 445 -13
427 267 28
30 31 28
30 201 19
347 182 28
347 32 19
344 362 -13
344 33 -19
318 8 -19
318 319 -8
8 7 13
8 10 -8
319 321 13
319 154 8
319 5 8
302 126 28
302 284 -19
126 445 -19
126 128 -19
284 448 -19
137 135 13
137 139 13
137 136 13
99 275 19
99 100 13
83 397 -19
83 254 28
400 398 8
400 236 13
321 7 -19
321 156 -28
52 51 -8
52 222 -19
52 54 -8
135 455 13
139 138 19
293 292 -19
293 453 -13
292 310 8
453 471 -28
51 225 28
222 223 -19
54 53 -8
267 91 8
248 412 -28
182 200 -19
128 127 28
371 53 19
372 58 -28
194 195 13
175 5 28
419 259 -19
419 437 -19
419 103 -8
397 398 13
397 380 28
397 237 -13
193 195 8
193 191 8
239 237 19
254 236 19
143 142 8
258 259 28
258 276 -8
258 86 -28
311 471 -13
311 310 28
471 472 -19
398 234 -13
380 219 -13
380 66 8
380 362 -13
237 236 -19
237 63 -8
472 148 -28
236 66 28
362 201 8
33 31 -28
33 32 19
33 200 13
201 200 -13
223 225 19
75 246 13
75 74 19
246 247 8
246 264 -28
74 91 19
74 57 19
217 219 28
58 57 -13
276 103 28
437 438 -13
437 118 -28
437 455 13
103 102 -13
102 117 13
185 15 19
425 407 19
334 352 19
334 316 8
20 191 13
15 32 -8
247 407 8
155 154 13
155 316 -28
154 172 19
295 455 -19
42 26 -8
413 395 13
413 431 13
117 118 -13
352 191 -19
172 190 -8
48 32 13
191 190 -28
9 10 28
9 26 19
