97 416 -8
97 112 28
97 273 -8
97 98 8
97 80 -28
416 418 -28
416 415 28
416 252 8
416 414 19
112 129 19
112 113 13
112 434 -8
112 291 19
273 272 -19
273 275 8
273 271 -13
273 433 28
98 270 19
98 96 8
98 100 -8
98 413 -28
80 81 13
80 63 8
80 255 -8
80 398 13
181 179 -13
181 342 13
181 183 -8
181 11 -28
181 180 28
179 178 19
179 177 -28
179 340 -13
179 9 13
342 360 -8
342 324 -19
342 31 -28
342 343 -28
183 344 13
183 13 -8
183 185 -19
183 182 28
11 12 13
11 28 28
11 325 28
180 14 -19
180 162 8
180 345 28
180 198 28
452 288 28
452 451 -19
452 454 -13
452 450 19
452 129 28
288 270 -19
288 289 -28
288 113 28
288 306 -28
451 132 -8
451 469 8
451 291 19
451 433 -19
454 290 28
454 453 -13
454 131 -19
450 286 28
450 448 13
450 127 28
450 449 -13
129 130 -28
129 309 8
129 146 8
12 14 8
12 178 19
12 10 13
12 322 -28
28 343 13
28 29 28
28 199 28
28 44 8
325 324 -8
325 323 -28
325 160 28
325 327 -28
468 304 19
468 467 -28
468 144 19
468 470 28
468 466 -13
304 305 8
304 128 19
304 286 -13
467 147 13
467 449 28
467 307 -19
144 145 19
144 127 13
470 146 28
470 472 28
470 306 -19
470 469 19
466 464 19
466 302 -8
466 142 -8
466 465 13
333 332 28
333 18 19
333 331 -28
333 335 -19
333 168 8
332 21 19
332 350 8
332 171 19
332 314 -8
18 19 -8
18 1 13
18 35 -19
18 189 8
331 17 -19
331 330 -19
335 334 19
335 337 -13
335 20 -8
335 170 8
168 2 -19
168 186 -8
168 169 28
168 150 19
140 464 -19
140 141 -19
140 123 -13
464 462 28
464 463 -13
464 300 -13
141 143 -28
141 139 28
141 461 -28
123 303 -19
123 124 -8
123 446 19
123 107 -19
229 389 13
229 228 13
229 55 -19
229 231 -13
229 227 -19
389 75 19
389 372 28
389 390 8
389 407 -8
228 210 13
228 58 13
228 246 -28
228 392 -13
55 373 19
55 56 -19
55 38 -19
55 72 -19
231 57 -8
231 230 -19
231 391 19
231 233 -19
227 226 -28
227 387 -8
227 225 19
227 53 -28
377 59 -8
377 379 28
377 212 -8
377 376 28
377 375 8
59 76 -8
59 60 -13
59 233 19
59 42 -19
379 61 -19
379 214 -28
379 378 19
379 381 -19
212 213 -19
212 43 -19
212 194 8
212 230 -8
376 358 28
376 62 -8
376 215 -19
376 393 28
375 210 13
375 373 -19
375 57 -13
375 374 8
373 371 8
373 372 8
373 208 28
56 226 -13
56 58 28
56 54 -8
56 370 19
38 211 13
38 355 -8
38 39 -13
38 22 8
72 247 13
72 73 13
72 390 19
72 89 -13
14 324 8
14 13 28
14 16 19
324 163 -19
13 327 -8
13 30 -8
16 15 -19
16 182 -13
16 326 19
220 202 -13
220 221 -28
220 238 13
202 184 -13
202 203 8
221 382 13
221 219 8
221 48 19
238 256 -28
238 239 -19
424 260 13
424 422 -13
424 423 13
424 426 -13
260 278 -28
260 242 -8
260 261 -19
260 88 28
422 420 -19
422 102 19
422 258 19
422 421 -8
423 106 19
423 263 -8
423 405 19
423 441 28
426 105 13
426 425 -13
426 428 28
426 262 -19
101 84 -19
101 277 -28
101 420 19
101 116 -19
84 67 -28
84 259 8
84 402 -8
277 276 -8
277 437 -13
277 279 -19
420 419 13
116 295 19
116 438 -8
116 133 8
196 29 13
196 361 13
196 214 8
196 197 13
196 178 28
29 31 8
29 27 -28
29 340 19
361 363 28
361 44 -19
361 360 -8
361 359 19
214 232 28
214 215 19
214 45 19
197 358 -28
197 199 -19
197 195 -28
197 26 13
178 160 -8
178 343 -13
388 386 13
388 70 28
388 387 8
388 390 -28
388 224 -13
386 222 28
386 68 -19
386 385 -8
70 87 -8
70 71 28
70 53 19
70 245 -13
387 405 8
387 370 -28
387 73 19
390 226 13
390 392 -13
224 206 -19
224 225 13
224 242 -28
224 54 -28
303 305 -19
303 302 -28
303 463 13
303 301 19
124 122 28
124 300 -28
124 443 8
124 126 -19
446 445 13
446 448 -19
446 282 -8
446 444 8
107 285 19
107 91 19
107 428 -13
290 272 -8
290 115 -28
290 308 8
290 291 -28
272 436 -13
272 100 -13
272 254 -28
115 113 28
115 433 28
115 114 -8
308 132 -8
308 309 19
308 472 8
291 293 -28
291 289 8
211 213 -28
211 210 -19
211 372 -19
211 209 28
355 357 28
355 354 -13
355 353 28
355 190 -8
39 41 -28
39 37 28
39 208 -19
39 352 8
22 193 13
22 337 8
22 5 -28
22 23 -28
404 406 -19
404 240 -8
404 402 8
404 85 19
404 403 19
406 87 8
406 405 -13
406 408 -8
406 242 8
240 241 -28
240 69 8
240 258 -28
240 222 28
402 401 -19
85 102 -19
85 68 28
85 86 -8
85 261 28
403 421 -19
403 243 -8
403 385 28
403 88 -13
147 149 28
147 146 -19
147 145 -19
149 469 13
149 148 13
145 143 -8
145 465 28
244 245 -28
244 226 28
244 408 28
244 262 19
244 73 -28
245 247 -8
245 405 13
245 243 -28
226 208 -8
408 89 19
408 410 13
408 407 19
262 90 -13
262 263 8
262 280 -19
73 75 -8
73 71 -13
313 315 -13
313 312 13
313 0 13
315 314 19
315 317 28
315 150 -19
315 1 -28
312 330 8
312 2 -8
312 151 -8
0 17 13
0 169 -13
343 345 8
343 341 -19
199 360 13
199 201 19
199 198 -19
44 61 8
44 45 -13
44 217 8
152 153 13
152 170 8
152 317 8
153 155 -28
153 314 -19
153 151 28
170 4 -19
170 171 28
170 188 -28
317 3 28
317 319 13
317 316 -28
358 359 13
358 340 -28
358 45 -28
359 357 -13
359 194 -19
359 42 19
340 341 13
340 322 -13
45 47 -8
45 43 -8
41 354 8
41 40 13
41 43 13
41 210 -8
354 372 -19
354 193 -28
354 336 8
40 213 -28
40 357 -8
40 24 -13
40 57 8
43 42 28
43 356 28
210 192 28
270 434 28
270 271 -19
270 252 13
434 436 8
434 432 -8
434 433 -19
271 269 8
271 95 -13
271 431 -28
252 253 8
252 81 -8
252 234 -8
363 198 19
363 365 19
363 46 -28
363 362 -28
360 47 8
360 378 19
160 161 -13
251 253 -19
251 250 -13
251 249 -19
251 76 -28
251 411 -13
253 255 -13
253 78 28
253 413 -13
250 79 -19
250 232 8
250 268 28
250 414 8
249 409 8
249 247 -19
249 74 -13
249 248 8
76 394 -13
76 93 13
76 77 19
411 429 19
411 393 -8
411 412 -13
411 96 -19
296 460 -13
296 297 19
296 278 -19
296 120 -28
460 458 28
460 136 -13
460 462 -8
460 459 13
297 299 -19
297 457 19
297 295 8
297 117 -13
278 442 19
278 279 19
278 104 13
120 122 8
120 119 8
120 118 -28
120 439 13
394 392 13
394 396 8
394 393 28
394 230 13
93 94 19
93 269 -19
93 412 19
93 108 -13
77 79 -8
77 75 8
77 391 13
77 248 -13
159 157 28
159 158 8
159 320 28
159 161 -19
157 318 -28
157 155 8
157 156 28
158 176 13
158 323 -28
320 338 28
320 321 -28
320 10 -13
161 163 -8
161 322 13
314 4 -13
150 151 13
1 2 -13
1 171 -13
208 209 -19
208 190 8
299 459 -19
299 298 13
299 301 13
299 119 -19
459 441 19
459 139 -19
298 280 -28
298 122 8
298 462 -8
301 300 -13
301 461 -8
301 121 -8
119 442 -13
119 136 -19
79 78 13
79 393 -28
79 81 13
78 61 19
78 95 13
78 396 -8
393 233 -8
81 395 -13
81 83 -13
207 205 -13
207 209 13
207 368 13
207 35 19
207 206 -13
205 366 -13
205 34 28
205 204 -13
209 370 -13
368 350 8
368 369 13
368 54 8
368 385 19
35 351 -8
35 51 -19
35 36 -13
206 37 -19
206 371 -19
206 188 13
130 132 28
130 128 -8
130 306 -8
130 449 19
309 311 28
309 469 28
309 307 -8
162 327 13
162 163 -28
345 30 -28
345 347 -8
345 344 8
198 216 28
198 31 -8
328 346 13
328 167 19
328 329 -13
346 364 -19
346 347 -13
346 185 -13
167 165 8
167 166 13
329 164 -28
329 327 8
329 15 -13
132 131 19
131 311 13
131 148 8
131 114 -28
449 289 -8
449 431 28
307 305 8
307 127 19
307 306 -8
21 19 -19
21 23 -19
21 20 19
21 188 -19
350 351 -13
350 189 -8
350 37 -13
171 173 -28
171 169 19
47 49 28
47 216 13
47 46 -8
49 48 19
49 218 28
49 362 28
216 217 -19
216 381 8
216 234 13
46 219 28
46 30 -8
46 63 19
62 232 28
62 64 -19
62 60 -28
62 61 -13
215 213 -19
215 42 -28
215 217 -8
187 17 -8
187 348 28
187 186 -19
187 189 28
17 34 -19
348 36 -19
348 349 28
348 330 8
348 366 13
186 19 13
186 351 -8
186 204 -13
189 191 -19
189 188 28
90 405 8
90 92 13
90 89 -28
90 88 -28
92 94 8
92 264 19
92 407 -8
92 91 8
89 105 13
89 265 -8
88 87 13
88 86 -28
281 279 8
281 283 -28
281 441 19
281 280 8
279 102 -13
279 439 13
283 282 -28
283 285 -8
283 443 28
283 105 8
441 442 19
441 122 -28
280 106 -8
280 444 13
232 396 19
232 233 -19
64 63 28
64 66 -19
64 234 -28
64 378 8
60 58 -19
60 374 19
60 230 8
61 235 8
257 417 -13
257 255 -8
257 82 8
257 256 -8
417 418 -13
417 435 -19
417 399 -19
255 415 -13
255 254 -28
82 99 13
82 65 -13
82 83 28
82 400 -19
256 274 19
19 330 -13
330 169 8
383 382 -19
383 65 19
383 218 28
383 381 28
382 364 28
382 399 -19
65 66 28
65 239 13
65 48 -19
218 219 28
218 200 -28
218 236 13
381 63 19
381 380 -8
106 104 -13
106 105 8
104 103 -19
104 421 13
105 121 -19
370 371 -19
370 352 -8
282 264 -19
282 300 28
285 287 28
285 445 28
285 284 13
443 425 -19
443 444 28
443 461 -8
430 429 -19
430 266 -13
430 428 -19
430 432 -13
430 108 -28
429 111 -28
429 447 13
429 269 -13
266 94 28
266 267 -19
266 248 13
266 284 19
428 264 28
428 427 -13
432 110 -8
432 268 -8
432 431 -28
108 287 13
108 125 -28
108 109 19
421 261 -8
421 439 13
243 241 19
243 242 -28
243 68 13
385 71 13
385 225 -8
339 174 28
339 24 28
339 337 -8
339 341 13
339 338 28
174 192 -19
174 156 -13
174 175 -28
174 8 -28
24 25 -19
24 7 -19
24 195 -19
337 172 -13
337 336 8
341 176 8
341 26 -28
338 177 8
338 356 19
338 27 28
2 4 8
184 166 -28
184 185 8
203 364 28
203 201 -13
203 32 8
392 74 -8
392 391 8
396 398 -13
396 395 -13
230 248 -19
4 3 -8
4 6 13
378 217 -13
378 395 -28
268 269 28
268 286 -8
268 96 -19
414 412 -8
414 95 19
414 413 28
442 440 28
442 444 -28
440 276 19
440 438 -28
440 117 8
440 439 8
444 121 -13
176 177 28
176 10 8
176 194 -13
323 321 28
323 9 -28
323 322 13
458 294 -28
458 456 -13
458 457 -13
458 134 -19
294 295 -28
294 276 8
294 118 -8
456 133 19
456 455 13
457 439 -13
457 137 -19
134 135 19
134 117 13
367 366 8
367 369 28
367 50 8
366 52 13
366 384 -19
369 51 -19
369 371 -13
369 204 19
50 67 28
50 223 13
50 34 -19
3 173 13
3 20 13
6 8 13
6 5 28
6 172 8
6 316 -28
263 265 -13
263 261 19
263 87 -13
265 425 28
265 267 8
265 264 -8
261 259 8
165 326 -8
165 164 28
165 163 -28
326 344 8
326 327 19
164 182 -13
233 235 19
305 125 28
305 465 8
125 448 -13
125 142 19
125 126 19
465 447 28
213 374 -8
374 356 -8
374 391 13
94 96 28
94 409 8
96 95 -28
409 391 -28
409 410 -8
409 427 8
351 349 13
351 353 -8
204 222 -13
204 36 -13
235 234 -8
235 395 -8
235 237 -8
418 254 -8
418 99 -28
415 433 -19
415 397 -28
415 100 -8
274 292 8
274 275 -8
36 37 13
349 34 8
364 365 -13
399 400 -19
399 239 13
121 122 13
121 138 13
462 138 -19
462 461 13
463 143 -8
463 445 -13
287 289 -13
287 447 -28
287 286 13
289 110 -8
447 448 28
447 128 -19
286 111 -28
242 71 -28
353 352 13
353 188 8
241 67 8
241 401 -28
401 419 8
401 384 -13
401 86 28
111 109 28
111 113 -28
111 110 28
269 267 13
25 23 -8
25 27 -13
25 336 -13
25 192 13
23 334 -19
23 190 8
27 194 13
27 26 19
336 318 -19
336 175 13
192 357 28
192 193 28
177 175 -19
177 7 8
356 357 8
356 195 -13
109 427 -28
109 284 19
113 431 13
110 95 13
110 127 -28
173 334 28
173 172 28
173 175 -28
69 71 -13
69 68 -28
69 384 19
68 51 -8
384 223 -13
365 200 28
365 48 -28
436 435 -28
436 114 8
435 453 -19
435 275 -28
114 293 -8
114 99 -28
410 246 -8
410 412 28
410 91 -8
427 445 -19
427 267 13
30 31 8
30 201 8
347 182 19
347 32 -13
344 362 -28
344 33 -19
318 8 13
318 319 28
8 7 -13
8 10 -28
319 321 -8
319 154 -8
319 5 28
302 126 -19
302 284 28
126 445 -8
126 128 -28
284 448 -13
137 135 -8
137 139 19
137 136 19
99 275 -8
99 100 -8
83 397 8
83 254 -13
400 398 13
400 236 -13
321 7 13
321 156 13
52 51 8
52 222 -8
52 54 -8
135 455 -8
139 138 -19
293 292 19
293 453 -19
292 310 -13
453 471 -13
51 225 -19
222 223 -13
54 53 -13
267 91 28
248 412 -8
182 200 -19
128 127 8
371 53 -8
372 58 13
194 195 8
175 5 19
419 259 -28
419 437 28
419 103 -8
397 398 -8
397 380 -8
397 237 -28
193 195 -8
193 191 13
239 237 -13
254 236 13
143 142 -13
258 259 19
258 276 8
258 86 -13
311 471 -8
311 310 13
471 472 -13
398 234 8
380 219 8
380 66 -19
380 362 -8
237 236 19
237 63 -19
472 148 -8
236 66 -13
362 201 13
33 31 28
33 32 -8
33 200 -8
201 200 28
223 225 19
75 246 13
75 74 19
246 247 -8
246 264 28
74 91 -19
74 57 8
217 219 -13
58 57 8
276 103 28
437 438 28
437 118 -19
437 455 28
103 102 -8
102 117 -19
185 15 -8
425 407 8
334 352 -28
334 316 -13
20 191 -8
15 32 13
247 407 -19
155 154 28
155 316 -28
154 172 -28
295 455 -13
42 26 28
413 395 -19
413 431 19
117 118 -8
352 191 -8
172 190 -28
48 32 -19
191 190 -13
9 10 -28
9 26 -28
