97 416 -28
97 112 -19
97 273 13
97 98 -13
97 80 8
416 418 19
416 415 -8
416 252 13
416 414 -8
112 129 -28
112 113 28
112 434 -13
112 291 -8
273 272 8
273 275 19
273 271 -8
273 433 -8
98 270 19
98 96 -13
98 100 -19
98 413 -13
80 81 8
80 63 19
80 255 13
80 398 8
181 179 8
181 342 28
181 183 -8
181 11 19
181 180 13
179 178 -28
179 177 8
179 340 28
179 9 -8
342 360 19
342 324 13
342 31 -8
342 343 13
183 344 -28
183 13 13
183 185 28
183 182 -8
11 12 8
11 28 -8
11 325 8
180 14 -19
180 162 19
180 345 -13
180 198 13
452 288 -8
452 451 8
452 454 -19
452 450 28
452 129 -8
288 270 -8
288 289 -19
288 113 -28
288 306 -28
451 132 19
451 469 -8
451 291 -8
451 433 -28
454 290 8
454 453 -8
454 131 -8
450 286 -8
450 448 -19
450 127 -19
450 449 13
129 130 -8
129 309 19
129 146 -19
12 14 19
12 178 19
12 10 -13
12 322 -28
28 343 13
28 29 8
28 199 -13
28 44 19
325 324 8
325 323 -28
325 160 -13
325 327 8
468 304 -28
468 467 13
468 144 -28
468 470 28
468 466 -28
304 305 -19
304 128 8
304 286 -8
467 147 8
467 449 13
467 307 8
144 145 28
144 127 13
470 146 19
470 472 19
470 306 -28
470 469 8
466 464 19
466 302 13
466 142 -28
466 465 8
333 332 8
333 18 -28
333 331 19
333 335 13
333 168 -13
332 21 -19
332 350 -8
332 171 -19
332 314 28
18 19 28
18 1 28
18 35 13
18 189 -13
331 17 -19
331 330 13
335 334 28
335 337 19
335 20 13
335 170 -28
168 2 28
168 186 19
168 169 -19
168 150 19
140 464 28
140 141 -19
140 123 -19
464 462 -28
464 463 19
464 300 -13
141 143 19
141 139 19
141 461 -28
123 303 -13
123 124 8
123 446 -19
123 107 28
229 389 -8
229 228 -8
229 55 8
229 231 -8
229 227 28
389 75 8
389 372 -19
389 390 28
389 407 -8
228 210 28
228 58 -28
228 246 -19
228 392 -13
55 373 28
55 56 8
55 38 -8
55 72 -28
231 57 -28
231 230 19
231 391 28
231 233 28
227 226 -13
227 387 -19
227 225 -28
227 53 -28
377 59 -19
377 379 13
377 212 28
377 376 -19
377 375 -28
59 76 -28
59 60 -28
59 233 -28
59 42 -13
379 61 -8
379 214 -28
379 378 -8
379 381 19
212 213 -13
212 43 -13
212 194 13
212 230 8
376 358 19
376 62 13
376 215 -13
376 393 19
375 210 28
375 373 -19
375 57 -8
375 374 28
373 371 19
373 372 19
373 208 8
56 226 -13
56 58 8
56 54 8
56 370 13
38 211 28
38 355 -8
38 39 13
38 22 -8
72 247 19
72 73 -19
72 390 19
72 89 -28
14 324 -19
14 13 -8
14 16 -13
324 163 -19
13 327 13
13 30 -19
16 15 -28
16 182 28
16 326 19
220 202 19
220 221 28
220 238 28
202 184 -13
202 203 -19
221 382 -19
221 219 -13
221 48 -19
238 256 8
238 239 28
424 260 28
424 422 -19
424 423 -19
424 426 -8
260 278 -28
260 242 28
260 261 8
260 88 28
422 420 -8
422 102 28
422 258 -8
422 421 -28
423 106 -19
423 263 19
423 405 -19
423 441 -28
426 105 8
426 425 -19
426 428 -19
426 262 -19
101 84 28
101 277 -13
101 420 -13
101 116 13
84 67 8
84 259 -28
84 402 -28
277 276 -13
277 437 19
277 279 28
420 419 13
116 295 19
116 438 -13
116 133 8
196 29 19
196 361 -28
196 214 13
196 197 19
196 178 13
29 31 19
29 27 8
29 340 19
361 363 -19
361 44 28
361 360 -13
361 359 13
214 232 -13
214 215 19
214 45 8
197 358 8
197 199 28
197 195 -19
197 26 -8
178 160 -8
178 343 -19
388 386 13
388 70 -19
388 387 8
388 390 -13
388 224 28
386 222 13
386 68 -28
386 385 -28
70 87 28
70 71 19
70 53 28
70 245 8
387 405 8
387 370 28
387 73 28
390 226 28
390 392 -8
224 206 -13
224 225 13
224 242 -13
224 54 -13
303 305 -28
303 302 -13
303 463 8
303 301 -13
124 122 19
124 300 -28
124 443 -8
124 126 13
446 445 -19
446 448 -19
446 282 8
446 444 -13
107 285 -13
107 91 28
107 428 19
290 272 -8
290 115 19
290 308 -8
290 291 -8
272 436 -19
272 100 19
272 254 28
115 113 13
115 433 -19
115 114 -8
308 132 -19
308 309 -28
308 472 28
291 293 8
291 289 28
211 213 -28
211 210 -8
211 372 19
211 209 -8
355 357 -19
355 354 -13
355 353 -13
355 190 -19
39 41 -13
39 37 8
39 208 28
39 352 8
22 193 19
22 337 28
22 5 13
22 23 19
404 406 8
404 240 -13
404 402 28
404 85 19
404 403 28
406 87 8
406 405 -13
406 408 -8
406 242 -13
240 241 28
240 69 -19
240 258 13
240 222 -8
402 401 -8
85 102 -13
85 68 28
85 86 19
85 261 -19
403 421 -28
403 243 13
403 385 13
403 88 -8
147 149 -28
147 146 13
147 145 28
149 469 -28
149 148 -8
145 143 -13
145 465 13
244 245 19
244 226 -19
244 408 13
244 262 13
244 73 -13
245 247 -19
245 405 13
245 243 13
226 208 19
408 89 -19
408 410 19
408 407 -19
262 90 8
262 263 -13
262 280 -19
73 75 8
73 71 13
313 315 -28
313 312 8
313 0 28
315 314 -28
315 317 19
315 150 -19
315 1 -13
312 330 -28
312 2 8
312 151 28
0 17 8
0 169 19
343 345 13
343 341 28
199 360 28
199 201 19
199 198 19
44 61 28
44 45 -8
44 217 -8
152 153 13
152 170 -19
152 317 19
153 155 8
153 314 -28
153 151 -13
170 4 -8
170 171 -19
170 188 -8
317 3 -13
317 319 -19
317 316 8
358 359 13
358 340 8
358 45 13
359 357 -8
359 194 8
359 42 8
340 341 19
340 322 28
45 47 -13
45 43 13
41 354 8
41 40 13
41 43 -28
41 210 13
354 372 -28
354 193 13
354 336 13
40 213 -28
40 357 -28
40 24 28
40 57 -8
43 42 19
43 356 19
210 192 28
270 434 -8
270 271 8
270 252 -19
434 436 -19
434 432 19
434 433 -13
271 269 19
271 95 -28
271 431 -13
252 253 13
252 81 13
252 234 -19
363 198 -28
363 365 -19
363 46 -8
363 362 13
360 47 13
360 378 13
160 161 -8
251 253 -28
251 250 19
251 249 19
251 76 19
251 411 28
253 255 28
253 78 8
253 413 28
250 79 13
250 232 13
250 268 -19
250 414 19
249 409 -28
249 247 -28
249 74 -28
249 248 13
76 394 -28
76 93 8
76 77 -8
411 429 28
411 393 -19
411 412 -28
411 96 19
296 460 -13
296 297 -28
296 278 -13
296 120 28
460 458 -28
460 136 -13
460 462 -28
460 459 8
297 299 13
297 457 -13
297 295 19
297 117 13
278 442 -13
278 279 8
278 104 -28
120 122 8
120 119 -19
120 118 -19
120 439 -28
394 392 19
394 396 -19
394 393 -28
394 230 28
93 94 28
93 269 8
93 412 -8
93 108 19
77 79 8
77 75 13
77 391 13
77 248 28
159 157 19
159 158 -13
159 320 -19
159 161 -8
157 318 -19
157 155 19
157 156 13
158 176 -19
158 323 -13
320 338 -19
320 321 -28
320 10 28
161 163 -13
161 322 -13
314 4 -19
150 151 19
1 2 -8
1 171 -13
208 209 -19
208 190 -13
299 459 -13
299 298 28
299 301 19
299 119 28
459 441 -8
459 139 -8
298 280 -13
298 122 -28
298 462 -19
301 300 19
301 461 13
301 121 19
119 442 13
119 136 -28
79 78 -19
79 393 -19
79 81 -19
78 61 8
78 95 13
78 396 -19
393 233 28
81 395 -28
81 83 -19
207 205 8
207 209 19
207 368 19
207 35 -8
207 206 -28
205 366 28
205 34 28
205 204 -13
209 370 -28
368 350 28
368 369 -13
368 54 -28
368 385 13
35 351 -19
35 51 19
35 36 19
206 37 13
206 371 28
206 188 -8
130 132 -19
130 128 -8
130 306 13
130 449 -13
309 311 13
309 469 28
309 307 13
162 327 -13
162 163 -19
345 30 -13
345 347 -19
345 344 -13
198 216 -19
198 31 -13
328 346 -28
328 167 -19
328 329 -28
346 364 -13
346 347 8
346 185 -19
167 165 19
167 166 -8
329 164 -13
329 327 8
329 15 -8
132 131 -19
131 311 -28
131 148 -13
131 114 13
449 289 19
449 431 -19
307 305 13
307 127 -28
307 306 28
21 19 28
21 23 -28
21 20 -28
21 188 19
350 351 19
350 189 13
350 37 8
171 173 -19
171 169 19
47 49 8
47 216 -13
47 46 28
49 48 19
49 218 -19
49 362 19
216 217 -8
216 381 -28
216 234 -13
46 219 -13
46 30 -13
46 63 13
62 232 -28
62 64 -28
62 60 -13
62 61 13
215 213 -13
215 42 28
215 217 19
187 17 -8
187 348 28
187 186 -28
187 189 8
17 34 28
348 36 -13
348 349 28
348 330 13
348 366 28
186 19 19
186 351 -28
186 204 19
189 191 19
189 188 -13
90 405 8
90 92 -19
90 89 -13
90 88 13
92 94 8
92 264 -13
92 407 -19
92 91 -8
89 105 28
89 265 -8
88 87 -19
88 86 -13
281 279 13
281 283 -13
281 441 -13
281 280 -8
279 102 -8
279 439 28
283 282 19
283 285 28
283 443 -19
283 105 -28
441 442 -19
441 122 13
280 106 13
280 444 8
232 396 -13
232 233 -8
64 63 -28
64 66 8
64 234 -19
64 378 8
60 58 13
60 374 -28
60 230 -28
61 235 -8
257 417 28
257 255 -19
257 82 -8
257 256 19
417 418 -13
417 435 19
417 399 -8
255 415 19
255 254 13
82 99 -19
82 65 8
82 83 -28
82 400 19
256 274 -13
19 330 -28
330 169 28
383 382 19
383 65 -8
383 218 13
383 381 19
382 364 -8
382 399 13
65 66 28
65 239 -19
65 48 28
218 219 -28
218 200 -8
218 236 -19
381 63 -19
381 380 -13
106 104 28
106 105 13
104 103 -28
104 421 -19
105 121 28
370 371 8
370 352 -13
282 264 -28
282 300 -28
285 287 -8
285 445 19
285 284 -8
443 425 -13
443 444 -28
443 461 19
430 429 -13
430 266 28
430 428 28
430 432 -13
430 108 13
429 111 -13
429 447 -28
429 269 -13
266 94 -28
266 267 -19
266 248 8
266 284 8
428 264 -19
428 427 -13
432 110 19
432 268 8
432 431 28
108 287 -8
108 125 -19
108 109 28
421 261 -19
421 439 -19
243 241 28
243 242 -28
243 68 19
385 71 13
385 225 28
339 174 -28
339 24 19
339 337 -13
339 341 -19
339 338 8
174 192 -19
174 156 19
174 175 -28
174 8 -28
24 25 -8
24 7 -8
24 195 -8
337 172 13
337 336 -28
341 176 19
341 26 13
338 177 8
338 356 13
338 27 -8
2 4 13
184 166 19
184 185 -28
203 364 8
203 201 -8
203 32 19
392 74 -13
392 391 -28
396 398 -28
396 395 -8
230 248 28
4 3 -8
4 6 -19
378 217 19
378 395 8
268 269 19
268 286 -19
268 96 8
414 412 -28
414 95 -28
414 413 -28
442 440 -13
442 444 13
440 276 -8
440 438 -19
440 117 13
440 439 8
444 121 -19
176 177 19
176 10 19
176 194 13
323 321 -19
323 9 19
323 322 -28
458 294 -13
458 456 -19
458 457 -13
458 134 13
294 295 -8
294 276 -8
294 118 -8
456 133 8
456 455 -28
457 439 13
457 137 28
134 135 28
134 117 -8
367 366 -19
367 369 -8
367 50 28
366 52 -28
366 384 -8
369 51 8
369 371 28
369 204 28
50 67 -13
50 223 -8
50 34 13
3 173 -8
3 20 28
6 8 8
6 5 13
6 172 -8
6 316 8
263 265 -28
263 261 28
263 87 -13
265 425 -19
265 267 13
265 264 -8
261 259 -13
165 326 8
165 164 -28
165 163 19
326 344 -19
326 327 -19
164 182 -19
233 235 -13
305 125 -28
305 465 13
125 448 13
125 142 -28
125 126 -19
465 447 28
213 374 -19
374 356 -8
374 391 -8
94 96 -19
94 409 28
96 95 -28
409 391 19
409 410 -19
409 427 -19
351 349 28
351 353 19
204 222 -19
204 36 28
235 234 13
235 395 -13
235 237 -28
418 254 13
418 99 19
415 433 8
415 397 -13
415 100 -8
274 292 -8
274 275 13
36 37 -19
349 34 -13
364 365 -19
399 400 -19
399 239 -19
121 122 19
121 138 8
462 138 -13
462 461 8
463 143 13
463 445 28
287 289 13
287 447 8
287 286 -13
289 110 -19
447 448 13
447 128 13
286 111 -8
242 71 8
353 352 -8
353 188 -13
241 67 -19
241 401 8
401 419 8
401 384 8
401 86 -28
111 109 19
111 113 19
111 110 -13
269 267 -19
25 23 13
25 27 13
25 336 -8
25 192 19
23 334 13
23 190 -28
27 194 -28
27 26 -13
336 318 13
336 175 -19
192 357 -13
192 193 8
177 175 8
177 7 -28
356 357 8
356 195 -19
109 427 8
109 284 -8
113 431 -28
110 95 28
110 127 8
173 334 -8
173 172 -28
173 175 -28
69 71 13
69 68 -8
69 384 13
68 51 28
384 223 -28
365 200 -28
365 48 -28
436 435 13
436 114 -8
435 453 -19
435 275 -19
114 293 -28
114 99 -19
410 246 13
410 412 13
410 91 -19
427 445 -19
427 267 -8
30 31 -19
30 201 -28
347 182 -28
347 32 19
344 362 13
344 33 28
318 8 13
318 319 -19
8 7 19
8 10 -19
319 321 -8
319 154 -8
319 5 13
302 126 13
302 284 13
126 445 -28
126 128 8
284 448 8
137 135 13
137 139 -28
137 136 19
99 275 -13
99 100 28
83 397 -19
83 254 -28
400 398 13
400 236 -19
321 7 -13
321 156 28
52 51 -13
52 222 28
52 54 -19
135 455 -19
139 138 -19
293 292 19
293 453 -19
292 310 -13
453 471 19
51 225 19
222 223 28
54 53 -8
267 91 28
248 412 -28
182 200 13
128 127 19
371 53 -28
372 58 28
194 195 -19
175 5 28
419 259 -19
419 437 13
419 103 -28
397 398 19
397 380 -28
397 237 13
193 195 8
193 191 -8
239 237 -19
254 236 -8
143 142 13
258 259 28
258 276 -28
258 86 19
311 471 19
311 310 -13
471 472 -8
398 234 -13
380 219 13
380 66 -19
380 362 -8
237 236 13
237 63 28
472 148 -13
236 66 -28
362 201 19
33 31 28
33 32 8
33 200 -8
201 200 -28
223 225 8
75 246 -19
75 74 13
246 247 -28
246 264 13
74 91 -19
74 57 -13
217 219 13
58 57 -19
276 103 19
437 438 -19
437 118 8
437 455 -8
103 102 -8
102 117 -8
185 15 -13
425 407 -19
334 352 -19
334 316 13
20 191 -28
15 32 13
247 407 -13
155 154 28
155 316 28
154 172 28
295 455 -8
42 26 -13
413 395 -28
413 431 -8
117 118 -19
352 191 19
172 190 13
48 32 19
191 190 -28
9 10 -19
9 26 28
