97 416 28
97 112 28
97 273 28
97 98 -19
97 80 19
416 418 28
416 415 19
416 252 -28
416 414 -8
112 129 8
112 113 8
112 434 19
112 291 -8
273 272 -19
273 275 -19
273 271 -19
273 433 -19
98 270 -28
98 96 -28
98 100 -8
98 413 19
80 81 -8
80 63 28
80 255 -13
80 398 -28
181 179 -19
181 342 13
181 183 -28
181 11 19
181 180 13
179 178 8
179 177 -13
179 340 -28
179 9 13
342 360 -8
342 324 -8
342 31 13
342 343 8
183 344 28
183 13 19
183 185 -8
183 182 13
11 12 -19
11 28 13
11 325 -28
180 14 13
180 162 -28
180 345 -28
180 198 13
452 288 28
452 451 19
452 454 -28
452 450 28
452 129 19
288 270 -13
288 289 19
288 113 -13
288 306 19
451 132 -13
451 469 28
451 291 -28
451 433 -28
454 290 -28
454 453 13
454 131 28
450 286 -28
450 448 13
450 127 8
450 449 -19
129 130 13
129 309 13
129 146 -19
12 14 -19
12 178 -13
12 10 -13
12 322 28
28 343 -8
28 29 13
28 199 13
28 44 -8
325 324 -19
325 323 -8
325 160 13
325 327 -28
468 304 -8
468 467 -13
468 144 19
468 470 13
468 466 -8
304 305 13
304 128 8
304 286 13
467 147 19
467 449 28
467 307 -8
144 145 -19
144 127 13
470 146 -28
470 472 28
470 306 13
470 469 28
466 464 8
466 302 -19
466 142 13
466 465 19
333 332 -8
333 18 13
333 331 -8
333 335 8
333 168 28
332 21 8
332 350 8
332 171 28
332 314 -13
18 19 -13
18 1 19
18 35 -13
18 189 -8
331 17 -28
331 330 -19
335 334 -13
335 337 -13
335 20 -19
335 170 13
168 2 28
168 186 -13
168 169 -13
168 150 -19
140 464 19
140 141 -28
140 123 -13
464 462 -19
464 463 28
464 300 -28
141 143 -8
141 139 -19
141 461 -13
123 303 -19
123 124 -19
123 446 8
123 107 -19
229 389 13
229 228 28
229 55 19
229 231 19
229 227 -13
389 75 -8
389 372 13
389 390 8
389 407 8
228 210 19
228 58 13
228 246 28
228 392 19
55 373 19
55 56 -19
55 38 13
55 72 8
231 57 19
231 230 28
231 391 -8
231 233 -19
227 226 8
227 387 28
227 225 -8
227 53 -28
377 59 -8
377 379 -8
377 212 -19
377 376 19
377 375 8
59 76 -19
59 60 -28
59 233 -19
59 42 8
379 61 28
379 214 13
379 378 19
379 381 19
212 213 19
212 43 -13
212 194 -8
212 230 -13
376 358 8
376 62 -19
376 215 -8
376 393 -28
375 210 8
375 373 -8
375 57 -8
375 374 19
373 371 -19
373 372 28
373 208 8
56 226 13
56 58 28
56 54 -13
56 370 -8
38 211 -8
38 355 -28
38 39 19
38 22 13
72 247 -8
72 73 -8
72 390 19
72 89 13
14 324 -13
14 13 28
14 16 13
324 163 -8
13 327 -28
13 30 -19
16 15 -19
16 182 8
16 326 -28
220 202 19
220 221 -8
220 238 19
202 184 28
202 203 8
221 382 19
221 219 -13
221 48 13
238 256 28
238 239 -8
424 260 -19
424 422 8
424 423 8
424 426 19
260 278 -28
260 242 -19
260 261 13
260 88 8
422 420 -13
422 102 -28
422 258 -13
422 421 28
423 106 -13
423 263 -19
423 405 -19
423 441 -8
426 105 -13
426 425 28
426 428 28
426 262 19
101 84 -28
101 277 -13
101 420 28
101 116 8
84 67 -13
84 259 19
84 402 8
277 276 28
277 437 -19
277 279 -8
420 419 19
116 295 -28
116 438 8
116 133 -28
196 29 19
196 361 19
196 214 19
196 197 -28
196 178 13
29 31 -8
29 27 -28
29 340 8
361 363 -8
361 44 -19
361 360 -13
361 359 19
214 232 28
214 215 13
214 45 28
197 358 19
197 199 13
197 195 -19
197 26 -19
178 160 28
178 343 -13
388 386 19
388 70 -19
388 387 -8
388 390 19
388 224 8
386 222 -13
386 68 -13
386 385 8
70 87 -28
70 71 8
70 53 8
70 245 13
387 405 -19
387 370 8
387 73 28
390 226 8
390 392 -19
224 206 -8
224 225 8
224 242 28
224 54 -19
303 305 13
303 302 -19
303 463 -13
303 301 19
124 122 13
124 300 19
124 443 -28
124 126 -19
446 445 19
446 448 -13
446 282 19
446 444 -19
107 285 8
107 91 -28
107 428 8
290 272 -13
290 115 -19
290 308 -8
290 291 8
272 436 8
272 100 19
272 254 -13
115 113 -13
115 433 19
115 114 19
308 132 -8
308 309 19
308 472 -28
291 293 -28
291 289 8
211 213 19
211 210 -8
211 372 -19
211 209 19
355 357 -8
355 354 -19
355 353 13
355 190 19
39 41 8
39 37 8
39 208 13
39 352 -19
22 193 -28
22 337 8
22 5 -8
22 23 13
404 406 13
404 240 -8
404 402 13
404 85 13
404 403 -28
406 87 -19
406 405 -13
406 408 28
406 242 -28
240 241 -19
240 69 19
240 258 19
240 222 13
402 401 -19
85 102 13
85 68 -19
85 86 -19
85 261 -28
403 421 -19
403 243 13
403 385 -8
403 88 -8
147 149 28
147 146 -8
147 145 -8
149 469 -19
149 148 28
145 143 28
145 465 13
244 245 28
244 226 19
244 408 -19
244 262 13
244 73 28
245 247 8
245 405 -8
245 243 -8
226 208 28
408 89 19
408 410 -13
408 407 8
262 90 28
262 263 19
262 280 -19
73 75 -13
73 71 -28
313 315 -19
313 312 -8
313 0 28
315 314 -8
315 317 -8
315 150 -28
315 1 28
312 330 13
312 2 8
312 151 -13
0 17 13
0 169 -8
343 345 -19
343 341 -28
199 360 19
199 201 13
199 198 -13
44 61 -8
44 45 -28
44 217 8
152 153 13
152 170 -13
152 317 -8
153 155 13
153 314 19
153 151 13
170 4 13
170 171 8
170 188 -19
317 3 -19
317 319 8
317 316 13
358 359 19
358 340 8
358 45 8
359 357 13
359 194 -13
359 42 -8
340 341 -13
340 322 -13
45 47 19
45 43 -13
41 354 -19
41 40 -13
41 43 -28
41 210 -28
354 372 13
354 193 19
354 336 -8
40 213 -8
40 357 28
40 24 19
40 57 -28
43 42 -28
43 356 -8
210 192 28
270 434 -8
270 271 -13
270 252 19
434 436 8
434 432 -19
434 433 -28
271 269 -8
271 95 8
271 431 19
252 253 28
252 81 -28
252 234 28
363 198 8
363 365 8
363 46 28
363 362 28
360 47 19
360 378 19
160 161 -13
251 253 8
251 250 28
251 249 8
251 76 8
251 411 8
253 255 -28
253 78 13
253 413 13
250 79 13
250 232 8
250 268 8
250 414 -28
249 409 28
249 247 -8
249 74 28
249 248 13
76 394 -8
76 93 -13
76 77 -28
411 429 -8
411 393 8
411 412 19
411 96 13
296 460 -19
296 297 19
296 278 -19
296 120 8
460 458 8
460 136 -28
460 462 28
460 459 19
297 299 -28
297 457 -8
297 295 13
297 117 28
278 442 8
278 279 28
278 104 -28
120 122 -28
120 119 -28
120 118 -8
120 439 -13
394 392 -28
394 396 19
394 393 -8
394 230 -28
93 94 -13
93 269 -8
93 412 -19
93 108 -8
77 79 -13
77 75 -13
77 391 -13
77 248 19
159 157 -8
159 158 -13
159 320 -13
159 161 8
157 318 8
157 155 28
157 156 28
158 176 19
158 323 8
320 338 -13
320 321 -19
320 10 19
161 163 -28
161 322 -8
314 4 19
150 151 -13
1 2 13
1 171 13
208 209 8
208 190 8
299 459 -28
299 298 -8
299 301 28
299 119 -13
459 441 -8
459 139 -19
298 280 19
298 122 8
298 462 19
301 300 -28
301 461 -28
301 121 19
119 442 -19
119 136 -13
79 78 13
79 393 -8
79 81 -8
78 61 -13
78 95 -13
78 396 8
393 233 13
81 395 -13
81 83 28
207 205 -28
207 209 -19
207 368 -28
207 35 -13
207 206 8
205 366 19
205 34 19
205 204 -8
209 370 13
368 350 13
368 369 28
368 54 8
368 385 -13
35 351 -19
35 51 28
35 36 -8
206 37 -8
206 371 28
206 188 28
130 132 -8
130 128 28
130 306 28
130 449 -13
309 311 -28
309 469 -28
309 307 8
162 327 -13
162 163 -19
345 30 8
345 347 28
345 344 28
198 216 8
198 31 -8
328 346 -28
328 167 -8
328 329 -13
346 364 13
346 347 -28
346 185 8
167 165 -19
167 166 19
329 164 19
329 327 -13
329 15 -28
132 131 -13
131 311 -13
131 148 -28
131 114 -8
449 289 -28
449 431 19
307 305 -13
307 127 28
307 306 -13
21 19 19
21 23 -19
21 20 -28
21 188 8
350 351 -19
350 189 -13
350 37 -28
171 173 -19
171 169 28
47 49 19
47 216 19
47 46 -13
49 48 13
49 218 -19
49 362 28
216 217 -13
216 381 19
216 234 19
46 219 13
46 30 -28
46 63 13
62 232 19
62 64 -28
62 60 28
62 61 -28
215 213 -8
215 42 28
215 217 -28
187 17 -8
187 348 28
187 186 -28
187 189 19
17 34 -28
348 36 28
348 349 -19
348 330 8
348 366 8
186 19 -28
186 351 19
186 204 19
189 191 -8
189 188 8
90 405 8
90 92 -28
90 89 8
90 88 13
92 94 19
92 264 -19
92 407 28
92 91 -28
89 105 19
89 265 -28
88 87 -13
88 86 -19
281 279 28
281 283 -19
281 441 8
281 280 8
279 102 8
279 439 -13
283 282 19
283 285 -28
283 443 13
283 105 28
441 442 -28
441 122 13
280 106 28
280 444 8
232 396 19
232 233 13
64 63 13
64 66 -8
64 234 -13
64 378 -13
60 58 13
60 374 -13
60 230 13
61 235 13
257 417 28
257 255 28
257 82 8
257 256 -28
417 418 19
417 435 -19
417 399 -8
255 415 -28
255 254 19
82 99 -13
82 65 19
82 83 -28
82 400 28
256 274 -8
19 330 13
330 169 -13
383 382 -13
383 65 -13
383 218 -13
383 381 -19
382 364 13
382 399 19
65 66 -19
65 239 13
65 48 -8
218 219 28
218 200 -28
218 236 8
381 63 13
381 380 -19
106 104 8
106 105 19
104 103 -19
104 421 13
105 121 -28
370 371 -8
370 352 -28
282 264 8
282 300 -28
285 287 -8
285 445 19
285 284 13
443 425 8
443 444 -13
443 461 8
430 429 -8
430 266 19
430 428 19
430 432 -19
430 108 8
429 111 8
429 447 8
429 269 19
266 94 19
266 267 13
266 248 13
266 284 -28
428 264 -8
428 427 28
432 110 -19
432 268 -19
432 431 -8
108 287 -8
108 125 -13
108 109 13
421 261 19
421 439 -19
243 241 -8
243 242 -8
243 68 -19
385 71 28
385 225 -8
339 174 13
339 24 -19
339 337 8
339 341 28
339 338 -13
174 192 -19
174 156 -13
174 175 13
174 8 19
24 25 -13
24 7 -8
24 195 13
337 172 13
337 336 13
341 176 -13
341 26 28
338 177 13
338 356 -8
338 27 19
2 4 -13
184 166 -13
184 185 -13
203 364 -13
203 201 -28
203 32 8
392 74 8
392 391 -8
396 398 -28
396 395 -28
230 248 19
4 3 -13
4 6 13
378 217 8
378 395 -13
268 269 8
268 286 28
268 96 -13
414 412 28
414 95 28
414 413 28
442 440 28
442 444 19
440 276 19
440 438 19
440 117 28
440 439 28
444 121 28
176 177 -13
176 10 -28
176 194 -28
323 321 -8
323 9 -19
323 322 8
458 294 19
458 456 28
458 457 19
458 134 -8
294 295 -28
294 276 -19
294 118 8
456 133 -28
456 455 13
457 439 19
457 137 -28
134 135 -28
134 117 28
367 366 13
367 369 -28
367 50 13
366 52 8
366 384 -13
369 51 28
369 371 28
369 204 19
50 67 8
50 223 8
50 34 -19
3 173 -19
3 20 -28
6 8 13
6 5 28
6 172 -8
6 316 -28
263 265 8
263 261 19
263 87 -28
265 425 19
265 267 -28
265 264 13
261 259 -19
165 326 8
165 164 -13
165 163 -28
326 344 -28
326 327 13
164 182 13
233 235 -19
305 125 -8
305 465 8
125 448 19
125 142 28
125 126 28
465 447 13
213 374 -8
374 356 -19
374 391 28
94 96 -19
94 409 -8
96 95 13
409 391 8
409 410 -28
409 427 28
351 349 -28
351 353 -19
204 222 -28
204 36 -8
235 234 13
235 395 -19
235 237 -28
418 254 -8
418 99 28
415 433 -28
415 397 -13
415 100 -19
274 292 19
274 275 8
36 37 -13
349 34 -8
364 365 19
399 400 8
399 239 19
121 122 13
121 138 -28
462 138 8
462 461 8
463 143 -28
463 445 -28
287 289 13
287 447 -8
287 286 -28
289 110 -13
447 448 -13
447 128 28
286 111 -28
242 71 -8
353 352 -13
353 188 -28
241 67 -13
241 401 -8
401 419 8
401 384 19
401 86 -28
111 109 -19
111 113 8
111 110 8
269 267 28
25 23 -28
25 27 -19
25 336 8
25 192 8
23 334 -8
23 190 8
27 194 28
27 26 -13
336 318 -19
336 175 8
192 357 -8
192 193 -19
177 175 -8
177 7 -13
356 357 -13
356 195 8
109 427 -19
109 284 13
113 431 -13
110 95 -13
110 127 13
173 334 -13
173 172 -13
173 175 -8
69 71 19
69 68 28
69 384 19
68 51 -13
384 223 13
365 200 13
365 48 28
436 435 13
436 114 8
435 453 8
435 275 -8
114 293 19
114 99 19
410 246 13
410 412 -19
410 91 13
427 445 -8
427 267 8
30 31 -19
30 201 -19
347 182 28
347 32 -19
344 362 -28
344 33 -8
318 8 -19
318 319 28
8 7 13
8 10 -13
319 321 -28
319 154 -8
319 5 -19
302 126 -13
302 284 19
126 445 19
126 128 13
284 448 8
137 135 -8
137 139 28
137 136 -13
99 275 19
99 100 -28
83 397 -13
83 254 28
400 398 -8
400 236 -28
321 7 8
321 156 13
52 51 -13
52 222 -13
52 54 19
135 455 8
139 138 -19
293 292 -13
293 453 -13
292 310 -13
453 471 13
51 225 19
222 223 -19
54 53 8
267 91 -28
248 412 -19
182 200 -13
128 127 28
371 53 -19
372 58 19
194 195 8
175 5 -28
419 259 -28
419 437 8
419 103 8
397 398 8
397 380 13
397 237 -8
193 195 13
193 191 28
239 237 19
254 236 19
143 142 -8
258 259 -19
258 276 -13
258 86 13
311 471 28
311 310 8
471 472 19
398 234 19
380 219 28
380 66 19
380 362 -19
237 236 -8
237 63 28
472 148 -13
236 66 28
362 201 -8
33 31 28
33 32 19
33 200 13
201 200 -8
223 225 19
75 246 -19
75 74 -13
246 247 28
246 264 28
74 91 13
74 57 8
217 219 -28
58 57 -13
276 103 -28
437 438 13
437 118 -19
437 455 -8
103 102 -8
102 117 8
185 15 -8
425 407 13
334 352 8
334 316 -28
20 191 8
15 32 28
247 407 -13
155 154 -19
155 316 8
154 172 28
295 455 28
42 26 -8
413 395 19
413 431 28
117 118 19
352 191 -28
172 190 19
48 32 -8
191 190 19
9 10 -13
9 26 8
