97 416 -8
97 112 -28
97 273 -19
97 98 28
97 80 -28
416 418 28
416 415 -28
416 252 -8
416 414 -8
112 129 -28
112 113 28
112 434 -13
112 291 28
273 272 -28
273 275 8
273 271 28
273 433 19
98 270 19
98 96 -8
98 100 19
98 413 -19
80 81 28
80 63 -8
80 255 28
80 398 8
181 179 -19
181 342 -19
181 183 8
181 11 28
181 180 19
179 178 -13
179 177 -8
179 340 -19
179 9 19
342 360 -13
342 324 -28
342 31 -28
342 343 -28
183 344 -19
183 13 -13
183 185 -8
183 182 -28
11 12 -8
11 28 -19
11 325 8
180 14 -13
180 162 8
180 345 -13
180 198 13
452 288 19
452 451 28
452 454 -8
452 450 28
452 129 28
288 270 -19
288 289 -8
288 113 -28
288 306 19
451 132 -19
451 469 19
451 291 -28
451 433 -28
454 290 -19
454 453 -13
454 131 -28
450 286 -28
450 448 -19
450 127 13
450 449 -28
129 130 -28
129 309 19
129 146 -28
12 14 -28
12 178 -8
12 10 -8
12 322 -28
28 343 -19
28 29 -28
28 199 28
28 44 -19
325 324 28
325 323 28
325 160 28
325 327 -19
468 304 -19
468 467 -13
468 144 -13
468 470 -8
468 466 8
304 305 19
304 128 19
304 286 -28
467 147 -8
467 449 28
467 307 8
144 145 28
144 127 19
470 146 -8
470 472 -8
470 306 -19
470 469 -13
466 464 -8
466 302 -8
466 142 19
466 465 8
333 332 19
333 18 8
333 331 13
333 335 -28
333 168 -13
332 21 28
332 350 -8
332 171 -28
332 314 -13
18 19 28
18 1 19
18 35 19
18 189 13
331 17 -28
331 330 28
335 334 19
335 337 19
335 20 -13
335 170 13
168 2 8
168 186 28
168 169 -13
168 150 8
140 464 8
140 141 8
140 123 -13
464 462 8
464 463 13
464 300 19
141 143 19
141 139 13
141 461 -19
123 303 28
123 124 8
123 446 13
123 107 13
229 389 8
229 228 19
229 55 -19
229 231 13
229 227 19
389 75 -13
389 372 8
389 390 -19
389 407 -8
228 210 -19
228 58 13
228 246 -19
228 392 19
55 373 -8
55 56 -28
55 38 -8
55 72 28
231 57 8
231 230 -28
231 391 19
231 233 -13
227 226 -19
227 387 13
227 225 28
227 53 -8
377 59 8
377 379 28
377 212 19
377 376 8
377 375 -13
59 76 28
59 60 19
59 233 -13
59 42 -28
379 61 19
379 214 13
379 378 8
379 381 13
212 213 28
212 43 -19
212 194 8
212 230 8
376 358 13
376 62 8
376 215 28
376 393 -13
375 210 8
375 373 13
375 57 13
375 374 8
373 371 13
373 372 8
373 208 28
56 226 -28
56 58 28
56 54 28
56 370 19
38 211 19
38 355 -19
38 39 8
38 22 -8
72 247 28
72 73 -8
72 390 19
72 89 13
14 324 -19
14 13 -8
14 16 -19
324 163 8
13 327 -8
13 30 -19
16 15 13
16 182 13
16 326 19
220 202 19
220 221 13
220 238 13
202 184 -8
202 203 13
221 382 -19
221 219 -28
221 48 -19
238 256 -19
238 239 -19
424 260 8
424 422 -28
424 423 8
424 426 13
260 278 8
260 242 -8
260 261 -13
260 88 19
422 420 -8
422 102 8
422 258 28
422 421 13
423 106 13
423 263 19
423 405 8
423 441 28
426 105 13
426 425 19
426 428 -19
426 262 13
101 84 19
101 277 19
101 420 13
101 116 -19
84 67 19
84 259 28
84 402 -19
277 276 19
277 437 -8
277 279 28
420 419 -13
116 295 8
116 438 8
116 133 8
196 29 -19
196 361 -8
196 214 19
196 197 -28
196 178 -19
29 31 8
29 27 13
29 340 -28
361 363 -8
361 44 -19
361 360 -19
361 359 -13
214 232 -13
214 215 -19
214 45 -8
197 358 -19
197 199 19
197 195 -13
197 26 13
178 160 8
178 343 -8
388 386 -28
388 70 -13
388 387 19
388 390 8
388 224 28
386 222 13
386 68 28
386 385 -8
70 87 -8
70 71 -28
70 53 19
70 245 8
387 405 13
387 370 28
387 73 -8
390 226 13
390 392 8
224 206 28
224 225 -19
224 242 28
224 54 -13
303 305 -8
303 302 8
303 463 28
303 301 -8
124 122 13
124 300 -28
124 443 19
124 126 19
446 445 -13
446 448 -28
446 282 -28
446 444 -28
107 285 8
107 91 -28
107 428 19
290 272 8
290 115 19
290 308 28
290 291 -19
272 436 -28
272 100 -28
272 254 19
115 113 -13
115 433 -13
115 114 8
308 132 19
308 309 -28
308 472 19
291 293 13
291 289 19
211 213 19
211 210 8
211 372 -13
211 209 28
355 357 28
355 354 -8
355 353 -19
355 190 -28
39 41 8
39 37 13
39 208 13
39 352 8
22 193 28
22 337 13
22 5 28
22 23 19
404 406 -19
404 240 -13
404 402 13
404 85 -13
404 403 -13
406 87 8
406 405 -8
406 408 -19
406 242 -13
240 241 -19
240 69 -28
240 258 28
240 222 -19
402 401 -19
85 102 -13
85 68 -19
85 86 28
85 261 19
403 421 19
403 243 -13
403 385 19
403 88 13
147 149 -13
147 146 8
147 145 13
149 469 13
149 148 -8
145 143 -19
145 465 -28
244 245 13
244 226 -19
244 408 8
244 262 13
244 73 8
245 247 19
245 405 13
245 243 13
226 208 -8
408 89 -19
408 410 19
408 407 28
262 90 8
262 263 -19
262 280 -19
73 75 -19
73 71 28
313 315 8
313 312 19
313 0 19
315 314 13
315 317 -28
315 150 8
315 1 28
312 330 -28
312 2 19
312 151 -28
0 17 13
0 169 -19
343 345 19
343 341 13
199 360 19
199 201 -28
199 198 8
44 61 -19
44 45 -19
44 217 19
152 153 -28
152 170 -13
152 317 -19
153 155 8
153 314 8
153 151 -28
170 4 28
170 171 -8
170 188 -19
317 3 13
317 319 -19
317 316 13
358 359 13
358 340 -13
358 45 -19
359 357 -19
359 194 8
359 42 28
340 341 -13
340 322 8
45 47 -8
45 43 -19
41 354 28
41 40 -13
41 43 28
41 210 -8
354 372 -28
354 193 19
354 336 19
40 213 13
40 357 13
40 24 28
40 57 13
43 42 28
43 356 28
210 192 19
270 434 8
270 271 -13
270 252 -13
434 436 -13
434 432 28
434 433 28
271 269 8
271 95 13
271 431 -8
252 253 19
252 81 -19
252 234 -19
363 198 19
363 365 13
363 46 19
363 362 -13
360 47 -28
360 378 13
160 161 -19
251 253 -28
251 250 13
251 249 28
251 76 8
251 411 -19
253 255 -19
253 78 -28
253 413 13
250 79 -8
250 232 -19
250 268 -19
250 414 28
249 409 -28
249 247 28
249 74 -13
249 248 -8
76 394 13
76 93 19
76 77 -8
411 429 13
411 393 19
411 412 -28
411 96 -19
296 460 -13
296 297 28
296 278 -8
296 120 -28
460 458 -28
460 136 8
460 462 -8
460 459 19
297 299 -28
297 457 -28
297 295 -19
297 117 -19
278 442 -8
278 279 13
278 104 -13
120 122 8
120 119 28
120 118 28
120 439 13
394 392 -8
394 396 -19
394 393 19
394 230 19
93 94 28
93 269 8
93 412 19
93 108 -28
77 79 -13
77 75 -19
77 391 -13
77 248 -8
159 157 -19
159 158 -8
159 320 19
159 161 -28
157 318 -8
157 155 -19
157 156 -13
158 176 28
158 323 28
320 338 28
320 321 -8
320 10 -28
161 163 8
161 322 -13
314 4 -13
150 151 -28
1 2 -19
1 171 -19
208 209 -8
208 190 -28
299 459 -19
299 298 28
299 301 -13
299 119 19
459 441 8
459 139 -28
298 280 8
298 122 -13
298 462 -13
301 300 -8
301 461 19
301 121 -19
119 442 -28
119 136 -8
79 78 8
79 393 8
79 81 -13
78 61 13
78 95 -13
78 396 19
393 233 28
81 395 -19
81 83 -8
207 205 13
207 209 -13
207 368 -19
207 35 28
207 206 -8
205 366 8
205 34 -13
205 204 13
209 370 8
368 350 13
368 369 13
368 54 8
368 385 28
35 351 19
35 51 -13
35 36 -8
206 37 8
206 371 -28
206 188 -8
130 132 28
130 128 13
130 306 19
130 449 -28
309 311 19
309 469 -8
309 307 -28
162 327 -28
162 163 -19
345 30 -28
345 347 -8
345 344 13
198 216 -28
198 31 19
328 346 -8
328 167 -19
328 329 8
346 364 -13
346 347 -13
346 185 8
167 165 28
167 166 -19
329 164 8
329 327 28
329 15 8
132 131 -8
131 311 -8
131 148 13
131 114 -8
449 289 -28
449 431 -8
307 305 -8
307 127 -13
307 306 -28
21 19 -13
21 23 -28
21 20 -13
21 188 -28
350 351 19
350 189 19
350 37 -8
171 173 28
171 169 -13
47 49 -13
47 216 -8
47 46 -19
49 48 28
49 218 -13
49 362 -13
216 217 8
216 381 13
216 234 -8
46 219 19
46 30 19
46 63 19
62 232 -8
62 64 8
62 60 -19
62 61 -28
215 213 -28
215 42 -13
215 217 13
187 17 19
187 348 -28
187 186 28
187 189 19
17 34 -13
348 36 28
348 349 -28
348 330 -19
348 366 19
186 19 -8
186 351 28
186 204 -8
189 191 -13
189 188 -19
90 405 -19
90 92 -19
90 89 28
90 88 -28
92 94 13
92 264 -8
92 407 8
92 91 8
89 105 19
89 265 19
88 87 8
88 86 19
281 279 28
281 283 -19
281 441 -28
281 280 19
279 102 -8
279 439 -8
283 282 -13
283 285 -19
283 443 -28
283 105 13
441 442 -28
441 122 28
280 106 28
280 444 13
232 396 -28
232 233 -28
64 63 -13
64 66 19
64 234 -19
64 378 8
60 58 -28
60 374 -8
60 230 -19
61 235 -28
257 417 -28
257 255 -13
257 82 19
257 256 8
417 418 -19
417 435 -8
417 399 19
255 415 8
255 254 19
82 99 -28
82 65 8
82 83 -19
82 400 13
256 274 19
19 330 -13
330 169 19
383 382 -19
383 65 13
383 218 -8
383 381 -13
382 364 28
382 399 -8
65 66 28
65 239 13
65 48 -8
218 219 -8
218 200 -28
218 236 -19
381 63 13
381 380 28
106 104 -8
106 105 19
104 103 13
104 421 8
105 121 -19
370 371 -28
370 352 -19
282 264 28
282 300 -19
285 287 13
285 445 -19
285 284 -8
443 425 -19
443 444 13
443 461 19
430 429 -28
430 266 -13
430 428 -28
430 432 -13
430 108 13
429 111 -8
429 447 -19
429 269 28
266 94 -28
266 267 8
266 248 8
266 284 28
428 264 -13
428 427 -28
432 110 -28
432 268 8
432 431 19
108 287 -19
108 125 8
108 109 13
421 261 28
421 439 -19
243 241 -8
243 242 28
243 68 -13
385 71 -28
385 225 19
339 174 -8
339 24 -19
339 337 -13
339 341 -19
339 338 19
174 192 -13
174 156 -8
174 175 19
174 8 -19
24 25 -13
24 7 8
24 195 -8
337 172 8
337 336 19
341 176 19
341 26 19
338 177 -28
338 356 -8
338 27 -8
2 4 -13
184 166 -13
184 185 -28
203 364 28
203 201 13
203 32 28
392 74 -8
392 391 28
396 398 -13
396 395 13
230 248 -13
4 3 -8
4 6 13
378 217 -8
378 395 8
268 269 8
268 286 -19
268 96 -19
414 412 -28
414 95 13
414 413 -28
442 440 -8
442 444 13
440 276 13
440 438 -28
440 117 -13
440 439 28
444 121 13
176 177 19
176 10 -19
176 194 8
323 321 -19
323 9 -28
323 322 -8
458 294 19
458 456 8
458 457 -13
458 134 -13
294 295 13
294 276 28
294 118 -19
456 133 -19
456 455 19
457 439 -28
457 137 8
134 135 8
134 117 19
367 366 13
367 369 -13
367 50 -19
366 52 8
366 384 28
369 51 -13
369 371 13
369 204 -28
50 67 13
50 223 -28
50 34 19
3 173 13
3 20 19
6 8 -13
6 5 8
6 172 -19
6 316 13
263 265 13
263 261 19
263 87 -13
265 425 19
265 267 -13
265 264 28
261 259 -8
165 326 8
165 164 -28
165 163 19
326 344 8
326 327 -13
164 182 19
233 235 8
305 125 -13
305 465 8
125 448 -19
125 142 19
125 126 -19
465 447 8
213 374 19
374 356 28
374 391 8
94 96 -28
94 409 -8
96 95 28
409 391 -28
409 410 13
409 427 -28
351 349 -8
351 353 19
204 222 13
204 36 -19
235 234 -13
235 395 19
235 237 8
418 254 19
418 99 19
415 433 8
415 397 28
415 100 -19
274 292 13
274 275 19
36 37 28
349 34 -19
364 365 -13
399 400 19
399 239 -13
121 122 -19
121 138 8
462 138 -28
462 461 -28
463 143 -13
463 445 -13
287 289 28
287 447 19
287 286 8
289 110 -28
447 448 -19
447 128 28
286 111 8
242 71 -28
353 352 13
353 188 13
241 67 13
241 401 28
401 419 13
401 384 8
401 86 -28
111 109 -28
111 113 28
111 110 28
269 267 19
25 23 -19
25 27 28
25 336 -19
25 192 -19
23 334 -19
23 190 19
27 194 -28
27 26 -8
336 318 -8
336 175 13
192 357 19
192 193 28
177 175 -28
177 7 13
356 357 -19
356 195 28
109 427 19
109 284 19
113 431 13
110 95 28
110 127 8
173 334 -28
173 172 -13
173 175 -28
69 71 19
69 68 -28
69 384 13
68 51 28
384 223 -13
365 200 13
365 48 8
436 435 -8
436 114 -13
435 453 -13
435 275 28
114 293 -13
114 99 -8
410 246 13
410 412 13
410 91 8
427 445 -28
427 267 28
30 31 28
30 201 8
347 182 19
347 32 19
344 362 -28
344 33 28
318 8 -19
318 319 13
8 7 -28
8 10 -13
319 321 8
319 154 -13
319 5 -13
302 126 -13
302 284 -19
126 445 8
126 128 19
284 448 -8
137 135 -13
137 139 13
137 136 -8
99 275 -28
99 100 -19
83 397 -28
83 254 -19
400 398 8
400 236 19
321 7 -8
321 156 -19
52 51 19
52 222 19
52 54 -8
135 455 8
139 138 -8
293 292 -8
293 453 13
292 310 -13
453 471 28
51 225 -28
222 223 28
54 53 -8
267 91 13
248 412 8
182 200 -28
128 127 -8
371 53 8
372 58 -8
194 195 -19
175 5 -13
419 259 -13
419 437 -28
419 103 8
397 398 8
397 380 19
397 237 -19
193 195 -28
193 191 8
239 237 -28
254 236 -8
143 142 8
258 259 -8
258 276 -8
258 86 -13
311 471 28
311 310 -28
471 472 8
398 234 8
380 219 13
380 66 19
380 362 -8
237 236 19
237 63 -8
472 148 -28
236 66 19
362 201 -13
33 31 13
33 32 -28
33 200 19
201 200 -8
223 225 19
75 246 28
75 74 28
246 247 8
246 264 28
74 91 13
74 57 8
217 219 -28
58 57 -8
276 103 -19
437 438 -19
437 118 19
437 455 13
103 102 -19
102 117 19
185 15 -19
425 407 8
334 352 -13
334 316 -13
20 191 8
15 32 -28
247 407 19
155 154 -13
155 316 -28
154 172 8
295 455 -28
42 26 -13
413 395 13
413 431 8
117 118 13
352 191 19
172 190 19
48 32 -28
191 190 28
9 10 8
9 26 -28
