97 416 13
97 112 19
97 273 -8
97 98 28
97 80 28
416 418 8
416 415 -8
416 252 -13
416 414 13
112 129 13
112 113 13
112 434 19
112 291 8
273 272 -28
273 275 -13
273 271 8
273 433 -19
98 270 -13
98 96 -28
98 100 -13
98 413 -8
80 81 19
80 63 13
80 255 -13
80 398 19
181 179 -19
181 342 28
181 183 -19
181 11 28
181 180 19
179 178 8
179 177 -19
179 340 19
179 9 28
342 360 -13
342 324 -19
342 31 -19
342 343 13
183 344 28
183 13 -8
183 185 -28
183 182 -8
11 12 -8
11 28 28
11 325 13
180 14 -19
180 162 19
180 345 28
180 198 19
452 288 -8
452 451 8
452 454 -28
452 450 -8
452 129 -13
288 270 -8
288 289 -8
288 113 -13
288 306 -19
451 132 -8
451 469 28
451 291 19
451 433 13
454 290 13
454 453 -8
454 131 -8
450 286 -8
450 448 19
450 127 -13
450 449 19
129 130 -8
129 309 -28
129 146 -8
12 14 13
12 178 13
12 10 8
12 322 8
28 343 13
28 29 19
28 199 -19
28 44 -13
325 324 -28
325 323 -8
325 160 -19
325 327 13
468 304 -13
468 467 8
468 144 -13
468 470 28
468 466 -13
304 305 -19
304 128 -28
304 286 -19
467 147 13
467 449 -19
467 307 -28
144 145 -19
144 127 -8
470 146 -19
470 472 8
470 306 -8
470 469 -8
466 464 -13
466 302 8
466 142 19
466 465 -28
333 332 19
333 18 13
333 331 -13
333 335 13
333 168 8
332 21 19
332 350 -8
332 171 -28
332 314 13
18 19 -19
18 1 19
18 35 -13
18 189 -19
331 17 19
331 330 19
335 334 -8
335 337 -13
335 20 -8
335 170 19
168 2 8
168 186 13
168 169 -13
168 150 8
140 464 13
140 141 8
140 123 -8
464 462 -19
464 463 -19
464 300 8
141 143 19
141 139 13
141 461 -19
123 303 -28
123 124 -28
123 446 8
123 107 -8
229 389 19
229 228 8
229 55 19
229 231 -28
229 227 19
389 75 -19
389 372 13
389 390 -28
389 407 8
228 210 8
228 58 -19
228 246 -8
228 392 -19
55 373 -8
55 56 -28
55 38 -28
55 72 8
231 57 -8
231 230 28
231 391 -19
231 233 13
227 226 -28
227 387 8
227 225 -13
227 53 -28
377 59 8
377 379 -28
377 212 8
377 376 13
377 375 8
59 76 -28
59 60 -19
59 233 -28
59 42 8
379 61 -28
379 214 8
379 378 13
379 381 -13
212 213 13
212 43 -19
212 194 28
212 230 -19
376 358 -13
376 62 -8
376 215 19
376 393 13
375 210 19
375 373 -19
375 57 13
375 374 -28
373 371 13
373 372 28
373 208 -19
56 226 28
56 58 19
56 54 8
56 370 8
38 211 19
38 355 -19
38 39 -28
38 22 28
72 247 -28
72 73 -28
72 390 13
72 89 -28
14 324 -28
14 13 -13
14 16 -19
324 163 -13
13 327 -8
13 30 -19
16 15 -19
16 182 8
16 326 28
220 202 -13
220 221 -13
220 238 -28
202 184 -28
202 203 -13
221 382 -13
221 219 -19
221 48 -28
238 256 -19
238 239 -8
424 260 28
424 422 -13
424 423 -19
424 426 -19
260 278 -28
260 242 28
260 261 -28
260 88 -13
422 420 -19
422 102 19
422 258 19
422 421 13
423 106 28
423 263 19
423 405 28
423 441 -8
426 105 8
426 425 19
426 428 -19
426 262 19
101 84 19
101 277 -19
101 420 8
101 116 8
84 67 -28
84 259 -13
84 402 -19
277 276 8
277 437 28
277 279 -8
420 419 -19
116 295 13
116 438 -28
116 133 8
196 29 -28
196 361 -13
196 214 28
196 197 13
196 178 -8
29 31 8
29 27 8
29 340 13
361 363 -8
361 44 -13
361 360 19
361 359 28
214 232 13
214 215 -8
214 45 -8
197 358 28
197 199 28
197 195 13
197 26 -19
178 160 28
178 343 -8
388 386 8
388 70 8
388 387 -28
388 390 -28
388 224 -13
386 222 19
386 68 -13
386 385 19
70 87 -28
70 71 19
70 53 -19
70 245 -13
387 405 -19
387 370 -13
387 73 -13
390 226 -28
390 392 -19
224 206 13
224 225 28
224 242 8
224 54 13
303 305 8
303 302 -19
303 463 -28
303 301 -8
124 122 -13
124 300 19
124 443 -19
124 126 28
446 445 -28
446 448 -8
446 282 13
446 444 28
107 285 28
107 91 8
107 428 -8
290 272 -13
290 115 19
290 308 -8
290 291 -13
272 436 28
272 100 -19
272 254 -13
115 113 -28
115 433 -8
115 114 28
308 132 13
308 309 13
308 472 19
291 293 28
291 289 -19
211 213 13
211 210 -8
211 372 -28
211 209 13
355 357 -19
355 354 13
355 353 28
355 190 19
39 41 28
39 37 -19
39 208 13
39 352 -8
22 193 28
22 337 8
22 5 -8
22 23 -28
404 406 -19
404 240 -28
404 402 -28
404 85 -8
404 403 19
406 87 13
406 405 -19
406 408 13
406 242 -13
240 241 13
240 69 8
240 258 -8
240 222 28
402 401 28
85 102 8
85 68 -13
85 86 19
85 261 8
403 421 19
403 243 -13
403 385 28
403 88 -13
147 149 -8
147 146 -13
147 145 8
149 469 28
149 148 8
145 143 -19
145 465 8
244 245 -13
244 226 -8
244 408 19
244 262 13
244 73 8
245 247 8
245 405 -8
245 243 19
226 208 8
408 89 8
408 410 -8
408 407 -28
262 90 -8
262 263 -19
262 280 -19
73 75 19
73 71 -28
313 315 -19
313 312 -13
313 0 -19
315 314 -13
315 317 -19
315 150 8
315 1 13
312 330 8
312 2 28
312 151 -28
0 17 -19
0 169 13
343 345 -19
343 341 8
199 360 13
199 201 13
199 198 19
44 61 13
44 45 8
44 217 28
152 153 28
152 170 -8
152 317 -8
153 155 -13
153 314 8
153 151 19
170 4 28
170 171 19
170 188 8
317 3 -28
317 319 -13
317 316 19
358 359 -28
358 340 -28
358 45 -19
359 357 -8
359 194 8
359 42 -28
340 341 -19
340 322 28
45 47 19
45 43 -13
41 354 -28
41 40 -8
41 43 -13
41 210 19
354 372 -28
354 193 -28
354 336 -28
40 213 -13
40 357 -8
40 24 -8
40 57 13
43 42 8
43 356 -28
210 192 -13
270 434 -28
270 271 -13
270 252 13
434 436 8
434 432 -19
434 433 13
271 269 8
271 95 13
271 431 13
252 253 8
252 81 -8
252 234 -19
363 198 -13
363 365 -13
363 46 28
363 362 13
360 47 -13
360 378 8
160 161 -28
251 253 -13
251 250 -28
251 249 -13
251 76 13
251 411 -28
253 255 -28
253 78 8
253 413 -28
250 79 19
250 232 -13
250 268 -13
250 414 8
249 409 8
249 247 -19
249 74 -19
249 248 -28
76 394 8
76 93 28
76 77 -19
411 429 -13
411 393 8
411 412 28
411 96 13
296 460 -19
296 297 -13
296 278 28
296 120 -19
460 458 13
460 136 8
460 462 28
460 459 28
297 299 13
297 457 19
297 295 -13
297 117 28
278 442 -13
278 279 -13
278 104 -28
120 122 8
120 119 -28
120 118 -28
120 439 13
394 392 -13
394 396 13
394 393 -19
394 230 8
93 94 -8
93 269 -19
93 412 -8
93 108 -13
77 79 19
77 75 28
77 391 19
77 248 28
159 157 8
159 158 8
159 320 8
159 161 8
157 318 -13
157 155 19
157 156 8
158 176 -19
158 323 8
320 338 -8
320 321 8
320 10 -8
161 163 -13
161 322 13
314 4 19
150 151 -13
1 2 8
1 171 -8
208 209 19
208 190 -8
299 459 -8
299 298 8
299 301 -28
299 119 -19
459 441 -8
459 139 -28
298 280 28
298 122 -19
298 462 -19
301 300 19
301 461 19
301 121 -19
119 442 19
119 136 13
79 78 -19
79 393 13
79 81 -8
78 61 -13
78 95 -13
78 396 -13
393 233 -19
81 395 -8
81 83 -13
207 205 13
207 209 -28
207 368 19
207 35 19
207 206 -19
205 366 -13
205 34 28
205 204 -19
209 370 19
368 350 -13
368 369 19
368 54 8
368 385 -13
35 351 -28
35 51 8
35 36 8
206 37 -19
206 371 13
206 188 19
130 132 -13
130 128 -8
130 306 -8
130 449 13
309 311 8
309 469 -13
309 307 8
162 327 -19
162 163 28
345 30 28
345 347 28
345 344 -19
198 216 13
198 31 28
328 346 -19
328 167 13
328 329 8
346 364 28
346 347 -28
346 185 13
167 165 -19
167 166 13
329 164 19
329 327 19
329 15 -13
132 131 13
131 311 -8
131 148 19
131 114 -13
449 289 8
449 431 13
307 305 -13
307 127 -8
307 306 -28
21 19 -13
21 23 19
21 20 19
21 188 28
350 351 19
350 189 -8
350 37 -28
171 173 -8
171 169 -28
47 49 -8
47 216 -28
47 46 13
49 48 -13
49 218 13
49 362 13
216 217 28
216 381 -28
216 234 -13
46 219 -28
46 30 13
46 63 -28
62 232 -8
62 64 -8
62 60 13
62 61 -28
215 213 -13
215 42 28
215 217 13
187 17 19
187 348 13
187 186 -19
187 189 -19
17 34 28
348 36 -8
348 349 13
348 330 13
348 366 19
186 19 -8
186 351 28
186 204 -13
189 191 -19
189 188 -19
90 405 8
90 92 -19
90 89 8
90 88 19
92 94 -28
92 264 28
92 407 28
92 91 8
89 105 -28
89 265 19
88 87 8
88 86 -13
281 279 28
281 283 -8
281 441 8
281 280 -19
279 102 -13
279 439 -19
283 282 -13
283 285 -8
283 443 -13
283 105 -28
441 442 28
441 122 19
280 106 -8
280 444 -13
232 396 -19
232 233 -28
64 63 28
64 66 -8
64 234 -19
64 378 -28
60 58 -19
60 374 13
60 230 19
61 235 -8
257 417 13
257 255 -8
257 82 13
257 256 -13
417 418 -8
417 435 -28
417 399 28
255 415 8
255 254 8
82 99 -28
82 65 28
82 83 -19
82 400 8
256 274 13
19 330 -28
330 169 13
383 382 -13
383 65 -19
383 218 -8
383 381 13
382 364 -28
382 399 -13
65 66 13
65 239 8
65 48 -28
218 219 -8
218 200 13
218 236 -8
381 63 -8
381 380 13
106 104 28
106 105 -19
104 103 -19
104 421 19
105 121 8
370 371 8
370 352 13
282 264 -19
282 300 -28
285 287 13
285 445 -13
285 284 28
443 425 8
443 444 28
443 461 13
430 429 8
430 266 -8
430 428 -8
430 432 19
430 108 -8
429 111 19
429 447 13
429 269 19
266 94 19
266 267 -28
266 248 -8
266 284 -19
428 264 19
428 427 -13
432 110 19
432 268 8
432 431 8
108 287 -8
108 125 28
108 109 -19
421 261 13
421 439 -28
243 241 -28
243 242 28
243 68 -13
385 71 19
385 225 28
339 174 -28
339 24 -13
339 337 -28
339 341 8
339 338 -8
174 192 -8
174 156 -13
174 175 -8
174 8 -28
24 25 8
24 7 8
24 195 8
337 172 13
337 336 28
341 176 -19
341 26 8
338 177 13
338 356 8
338 27 28
2 4 -19
184 166 -28
184 185 13
203 364 28
203 201 -19
203 32 -28
392 74 19
392 391 28
396 398 19
396 395 13
230 248 28
4 3 28
4 6 19
378 217 -13
378 395 8
268 269 -19
268 286 28
268 96 28
414 412 28
414 95 19
414 413 -19
442 440 -28
442 444 -8
440 276 -19
440 438 28
440 117 -19
440 439 28
444 121 19
176 177 -8
176 10 -28
176 194 -8
323 321 -13
323 9 13
323 322 8
458 294 -8
458 456 8
458 457 -19
458 134 -19
294 295 19
294 276 8
294 118 8
456 133 -13
456 455 13
457 439 8
457 137 19
134 135 -28
134 117 -19
367 366 -13
367 369 13
367 50 -13
366 52 -8
366 384 -8
369 51 13
369 371 19
369 204 8
50 67 -8
50 223 13
50 34 8
3 173 19
3 20 19
6 8 13
6 5 8
6 172 -28
6 316 -13
263 265 28
263 261 19
263 87 8
265 425 8
265 267 -8
265 264 13
261 259 8
165 326 -19
165 164 13
165 163 -28
326 344 8
326 327 19
164 182 28
233 235 13
305 125 -28
305 465 -8
125 448 -28
125 142 19
125 126 28
465 447 -19
213 374 -8
374 356 19
374 391 28
94 96 -28
94 409 28
96 95 -19
409 391 28
409 410 8
409 427 8
351 349 19
351 353 19
204 222 -8
204 36 8
235 234 -28
235 395 -13
235 237 19
418 254 28
418 99 -19
415 433 8
415 397 -28
415 100 -19
274 292 8
274 275 -19
36 37 8
349 34 13
364 365 -13
399 400 28
399 239 -28
121 122 -13
121 138 28
462 138 8
462 461 19
463 143 -19
463 445 28
287 289 13
287 447 -13
287 286 -13
289 110 -13
447 448 -13
447 128 -19
286 111 8
242 71 19
353 352 8
353 188 -28
241 67 13
241 401 19
401 419 -13
401 384 -28
401 86 8
111 109 19
111 113 28
111 110 8
269 267 13
25 23 -13
25 27 -28
25 336 -28
25 192 -8
23 334 -28
23 190 19
27 194 -28
27 26 28
336 318 19
336 175 28
192 357 -13
192 193 -13
177 175 -28
177 7 -28
356 357 -8
356 195 -13
109 427 8
109 284 13
113 431 -19
110 95 8
110 127 28
173 334 -8
173 172 28
173 175 28
69 71 19
69 68 -28
69 384 8
68 51 8
384 223 13
365 200 -19
365 48 8
436 435 -8
436 114 -28
435 453 28
435 275 13
114 293 -28
114 99 28
410 246 13
410 412 13
410 91 -28
427 445 8
427 267 -28
30 31 -28
30 201 13
347 182 19
347 32 -28
344 362 -19
344 33 28
318 8 19
318 319 8
8 7 8
8 10 -13
319 321 13
319 154 -13
319 5 19
302 126 8
302 284 -8
126 445 -8
126 128 28
284 448 -13
137 135 -28
137 139 19
137 136 28
99 275 -19
99 100 -28
83 397 -19
83 254 13
400 398 28
400 236 19
321 7 -13
321 156 8
52 51 13
52 222 13
52 54 -13
135 455 13
139 138 -13
293 292 -19
293 453 -8
292 310 28
453 471 19
51 225 -19
222 223 13
54 53 -8
267 91 8
248 412 -8
182 200 13
128 127 -13
371 53 13
372 58 -28
194 195 -28
175 5 -13
419 259 -19
419 437 -8
419 103 -13
397 398 -8
397 380 13
397 237 -8
193 195 -13
193 191 -13
239 237 19
254 236 -13
143 142 -13
258 259 -8
258 276 13
258 86 13
311 471 -8
311 310 -8
471 472 -8
398 234 -13
380 219 8
380 66 19
380 362 -19
237 236 -19
237 63 19
472 148 -13
236 66 -8
362 201 19
33 31 13
33 32 -13
33 200 19
201 200 28
223 225 -19
75 246 -8
75 74 19
246 247 19
246 264 -28
74 91 -19
74 57 28
217 219 28
58 57 8
276 103 19
437 438 8
437 118 -8
437 455 13
103 102 -13
102 117 -19
185 15 13
425 407 28
334 352 28
334 316 -19
20 191 19
15 32 -13
247 407 -28
155 154 19
155 316 8
154 172 -28
295 455 8
42 26 19
413 395 8
413 431 13
117 118 8
352 191 19
172 190 28
48 32 -28
191 190 19
9 10 -28
9 26 -13
