97 416 -28
97 112 19
97 273 -13
97 98 -19
97 80 -28
416 418 19
416 415 -13
416 252 28
416 414 -19
112 129 8
112 113 13
112 434 19
112 291 19
273 272 -28
273 275 -28
273 271 -8
273 433 -28
98 270 28
98 96 13
98 100 -28
98 413 8
80 81 28
80 63 -13
80 255 13
80 398 -8
181 179 8
181 342 19
181 183 -13
181 11 13
181 180 -13
179 178 -13
179 177 -28
179 340 8
179 9 8
342 360 -28
342 324 8
342 31 -8
342 343 -28
183 344 -13
183 13 19
183 185 -19
183 182 28
11 12 -19
11 28 8
11 325 13
180 14 8
180 162 -8
180 345 -19
180 198 28
452 288 -8
452 451 28
452 454 -8
452 450 28
452 129 -28
288 270 8
288 289 -13
288 113 28
288 306 28
451 132 19
451 469 28
451 291 -13
451 433 -19
454 290 8
454 453 -13
454 131 8
450 286 -8
450 448 13
450 127 28
450 449 -19
129 130 -8
129 309 -8
129 146 -8
12 14 -8
12 178 8
12 10 -19
12 322 13
28 343 19
28 29 19
28 199 -19
28 44 8
325 324 13
325 323 -8
325 160 8
325 327 -28
468 304 -28
468 467 13
468 144 -8
468 470 -8
468 466 -8
304 305 -8
304 128 -13
304 286 19
467 147 28
467 449 8
467 307 8
144 145 -13
144 127 19
470 146 -28
470 472 8
470 306 13
470 469 -19
466 464 8
466 302 13
466 142 -13
466 465 19
333 332 -8
333 18 -19
333 331 19
333 335 28
333 168 13
332 21 19
332 350 19
332 171 -19
332 314 -28
18 19 28
18 1 -13
18 35 19
18 189 28
331 17 -13
331 330 28
335 334 -28
335 337 -28
335 20 -8
335 170 8
168 2 -8
168 186 19
168 169 -19
168 150 8
140 464 -13
140 141 -28
140 123 19
464 462 8
464 463 -8
464 300 8
141 143 8
141 139 28
141 461 -13
123 303 8
123 124 -28
123 446 8
123 107 -8
229 389 -28
229 228 13
229 55 19
229 231 19
229 227 28
389 75 -28
389 372 28
389 390 -8
389 407 28
228 210 -8
228 58 -19
228 246 19
228 392 8
55 373 19
55 56 19
55 38 -13
55 72 -28
231 57 28
231 230 -13
231 391 -28
231 233 -8
227 226 8
227 387 28
227 225 -28
227 53 -13
377 59 19
377 379 28
377 212 -19
377 376 -19
377 375 19
59 76 28
59 60 13
59 233 -19
59 42 13
379 61 8
379 214 -19
379 378 -19
379 381 -13
212 213 13
212 43 -28
212 194 -13
212 230 13
376 358 28
376 62 -8
376 215 13
376 393 -28
375 210 19
375 373 19
375 57 19
375 374 8
373 371 8
373 372 19
373 208 28
56 226 8
56 58 -13
56 54 -8
56 370 -19
38 211 28
38 355 -28
38 39 8
38 22 -19
72 247 -19
72 73 -8
72 390 -19
72 89 -19
14 324 -13
14 13 -8
14 16 8
324 163 -19
13 327 8
13 30 28
16 15 13
16 182 -13
16 326 28
220 202 28
220 221 -19
220 238 28
202 184 13
202 203 -28
221 382 -19
221 219 -28
221 48 8
238 256 13
238 239 19
424 260 19
424 422 -13
424 423 13
424 426 -8
260 278 19
260 242 28
260 261 13
260 88 -19
422 420 -8
422 102 28
422 258 -28
422 421 8
423 106 -8
423 263 -19
423 405 13
423 441 13
426 105 28
426 425 19
426 428 -19
426 262 -19
101 84 19
101 277 13
101 420 13
101 116 8
84 67 -28
84 259 -19
84 402 8
277 276 19
277 437 19
277 279 -19
420 419 13
116 295 -8
116 438 -13
116 133 19
196 29 13
196 361 -13
196 214 -13
196 197 -28
196 178 28
29 31 19
29 27 -19
29 340 -28
361 363 -8
361 44 19
361 360 -28
361 359 -19
214 232 8
214 215 -28
214 45 19
197 358 -19
197 199 -13
197 195 -19
197 26 -13
178 160 13
178 343 -8
388 386 8
388 70 -8
388 387 -8
388 390 -19
388 224 13
386 222 28
386 68 -13
386 385 28
70 87 8
70 71 -13
70 53 8
70 245 28
387 405 19
387 370 8
387 73 -19
390 226 -28
390 392 19
224 206 8
224 225 -13
224 242 -8
224 54 -8
303 305 19
303 302 -19
303 463 -28
303 301 8
124 122 -28
124 300 28
124 443 -13
124 126 -13
446 445 -13
446 448 -28
446 282 -13
446 444 -28
107 285 -28
107 91 19
107 428 -8
290 272 8
290 115 -28
290 308 8
290 291 13
272 436 19
272 100 -28
272 254 8
115 113 -8
115 433 13
115 114 -19
308 132 13
308 309 19
308 472 -28
291 293 13
291 289 19
211 213 19
211 210 -8
211 372 13
211 209 28
355 357 13
355 354 -28
355 353 8
355 190 13
39 41 19
39 37 -13
39 208 -8
39 352 19
22 193 8
22 337 28
22 5 8
22 23 -19
404 406 -19
404 240 19
404 402 -13
404 85 28
404 403 -19
406 87 -28
406 405 28
406 408 -8
406 242 19
240 241 13
240 69 8
240 258 19
240 222 13
402 401 -28
85 102 -8
85 68 13
85 86 19
85 261 -28
403 421 28
403 243 -8
403 385 8
403 88 -19
147 149 -13
147 146 19
147 145 -8
149 469 13
149 148 -19
145 143 -28
145 465 19
244 245 19
244 226 -13
244 408 8
244 262 -8
244 73 -8
245 247 8
245 405 19
245 243 -13
226 208 8
408 89 -13
408 410 8
408 407 -19
262 90 28
262 263 8
262 280 -19
73 75 -8
73 71 -13
313 315 8
313 312 -8
313 0 -28
315 314 19
315 317 19
315 150 13
315 1 8
312 330 13
312 2 13
312 151 -13
0 17 19
0 169 -8
343 345 8
343 341 -8
199 360 28
199 201 -19
199 198 -13
44 61 -28
44 45 -13
44 217 -28
152 153 28
152 170 8
152 317 -28
153 155 13
153 314 -28
153 151 -8
170 4 28
170 171 -28
170 188 19
317 3 8
317 319 -13
317 316 -28
358 359 -19
358 340 19
358 45 13
359 357 19
359 194 -19
359 42 8
340 341 -13
340 322 -28
45 47 -19
45 43 13
41 354 28
41 40 13
41 43 -13
41 210 13
354 372 -8
354 193 -19
354 336 -28
40 213 19
40 357 -13
40 24 19
40 57 -19
43 42 -8
43 356 -8
210 192 19
270 434 -19
270 271 28
270 252 -8
434 436 -13
434 432 19
434 433 8
271 269 -28
271 95 -28
271 431 -13
252 253 8
252 81 -8
252 234 13
363 198 13
363 365 28
363 46 -28
363 362 -19
360 47 28
360 378 -19
160 161 -28
251 253 -28
251 250 -8
251 249 -28
251 76 -28
251 411 8
253 255 -8
253 78 28
253 413 -28
250 79 8
250 232 -19
250 268 28
250 414 8
249 409 13
249 247 -28
249 74 8
249 248 28
76 394 13
76 93 -28
76 77 8
411 429 -28
411 393 -19
411 412 13
411 96 8
296 460 8
296 297 8
296 278 -28
296 120 -8
460 458 19
460 136 -8
460 462 -28
460 459 8
297 299 28
297 457 13
297 295 13
297 117 8
278 442 -28
278 279 13
278 104 13
120 122 28
120 119 19
120 118 -28
120 439 13
394 392 -19
394 396 -28
394 393 28
394 230 -19
93 94 -28
93 269 13
93 412 28
93 108 28
77 79 -13
77 75 28
77 391 8
77 248 8
159 157 8
159 158 -19
159 320 -28
159 161 -28
157 318 -19
157 155 -28
157 156 -13
158 176 28
158 323 13
320 338 8
320 321 -19
320 10 -28
161 163 28
161 322 8
314 4 -28
150 151 13
1 2 -13
1 171 -13
208 209 13
208 190 28
299 459 8
299 298 -13
299 301 8
299 119 19
459 441 19
459 139 -19
298 280 19
298 122 13
298 462 -8
301 300 13
301 461 -28
301 121 -19
119 442 28
119 136 -28
79 78 13
79 393 -19
79 81 19
78 61 -19
78 95 8
78 396 28
393 233 28
81 395 13
81 83 -19
207 205 -19
207 209 -19
207 368 8
207 35 -8
207 206 -28
205 366 -13
205 34 13
205 204 8
209 370 -19
368 350 19
368 369 -19
368 54 13
368 385 -28
35 351 -19
35 51 13
35 36 -19
206 37 28
206 371 -13
206 188 19
130 132 13
130 128 8
130 306 28
130 449 13
309 311 -28
309 469 28
309 307 13
162 327 13
162 163 -13
345 30 -28
345 347 -8
345 344 19
198 216 28
198 31 19
328 346 13
328 167 13
328 329 13
346 364 -13
346 347 -8
346 185 13
167 165 19
167 166 8
329 164 -28
329 327 -28
329 15 -19
132 131 -8
131 311 13
131 148 13
131 114 13
449 289 8
449 431 8
307 305 28
307 127 13
307 306 -28
21 19 28
21 23 -8
21 20 -13
21 188 28
350 351 -8
350 189 19
350 37 -8
171 173 13
171 169 -19
47 49 8
47 216 19
47 46 -28
49 48 8
49 218 13
49 362 19
216 217 -13
216 381 -8
216 234 -13
46 219 19
46 30 -28
46 63 8
62 232 19
62 64 8
62 60 28
62 61 -8
215 213 19
215 42 19
215 217 -28
187 17 -13
187 348 28
187 186 19
187 189 -28
17 34 -19
348 36 -13
348 349 13
348 330 8
348 366 -8
186 19 8
186 351 8
186 204 -13
189 191 -13
189 188 -8
90 405 -19
90 92 -19
90 89 -28
90 88 -28
92 94 28
92 264 19
92 407 8
92 91 -8
89 105 8
89 265 -13
88 87 19
88 86 8
281 279 -19
281 283 28
281 441 -28
281 280 -13
279 102 19
279 439 -28
283 282 -8
283 285 28
283 443 -28
283 105 19
441 442 -8
441 122 8
280 106 13
280 444 8
232 396 -8
232 233 28
64 63 -28
64 66 -19
64 234 -19
64 378 8
60 58 28
60 374 -13
60 230 8
61 235 -13
257 417 13
257 255 -13
257 82 13
257 256 -8
417 418 -28
417 435 -8
417 399 -8
255 415 19
255 254 28
82 99 8
82 65 28
82 83 28
82 400 13
256 274 8
19 330 28
330 169 13
383 382 19
383 65 28
383 218 -13
383 381 8
382 364 8
382 399 -8
65 66 8
65 239 -19
65 48 8
218 219 19
218 200 28
218 236 -19
381 63 8
381 380 -8
106 104 -28
106 105 13
104 103 -13
104 421 19
105 121 19
370 371 13
370 352 -8
282 264 -13
282 300 -8
285 287 28
285 445 8
285 284 8
443 425 -19
443 444 -13
443 461 13
430 429 13
430 266 13
430 428 28
430 432 8
430 108 28
429 111 28
429 447 19
429 269 -8
266 94 8
266 267 8
266 248 19
266 284 28
428 264 -19
428 427 -8
432 110 19
432 268 8
432 431 28
108 287 19
108 125 -8
108 109 8
421 261 -19
421 439 13
243 241 -19
243 242 8
243 68 -13
385 71 -19
385 225 19
339 174 28
339 24 -19
339 337 28
339 341 -13
339 338 8
174 192 8
174 156 -28
174 175 -28
174 8 -19
24 25 -8
24 7 8
24 195 13
337 172 -8
337 336 -19
341 176 -8
341 26 8
338 177 -19
338 356 28
338 27 -13
2 4 -28
184 166 19
184 185 -8
203 364 -28
203 201 -28
203 32 28
392 74 28
392 391 -19
396 398 28
396 395 -13
230 248 19
4 3 -13
4 6 19
378 217 -8
378 395 -19
268 269 28
268 286 28
268 96 28
414 412 -28
414 95 13
414 413 -13
442 440 -13
442 444 19
440 276 -19
440 438 13
440 117 -19
440 439 13
444 121 19
176 177 13
176 10 -8
176 194 19
323 321 13
323 9 -28
323 322 28
458 294 8
458 456 8
458 457 -28
458 134 28
294 295 -28
294 276 13
294 118 28
456 133 -13
456 455 -8
457 439 8
457 137 28
134 135 -28
134 117 -13
367 366 13
367 369 8
367 50 -13
366 52 -19
366 384 -8
369 51 -28
369 371 -8
369 204 19
50 67 -8
50 223 -13
50 34 -13
3 173 -19
3 20 -19
6 8 13
6 5 -28
6 172 13
6 316 28
263 265 -8
263 261 -13
263 87 8
265 425 -13
265 267 8
265 264 -19
261 259 -13
165 326 -19
165 164 -13
165 163 8
326 344 13
326 327 19
164 182 28
233 235 28
305 125 -19
305 465 28
125 448 28
125 142 -8
125 126 13
465 447 -13
213 374 13
374 356 28
374 391 8
94 96 28
94 409 -8
96 95 8
409 391 13
409 410 -13
409 427 8
351 349 -28
351 353 8
204 222 19
204 36 -28
235 234 8
235 395 19
235 237 8
418 254 -13
418 99 -28
415 433 19
415 397 -8
415 100 28
274 292 -19
274 275 -8
36 37 -13
349 34 -13
364 365 28
399 400 28
399 239 8
121 122 -28
121 138 19
462 138 -8
462 461 19
463 143 8
463 445 -19
287 289 -28
287 447 -19
287 286 -8
289 110 13
447 448 -13
447 128 -19
286 111 8
242 71 -13
353 352 19
353 188 28
241 67 -28
241 401 -28
401 419 -13
401 384 13
401 86 -19
111 109 -13
111 113 -13
111 110 13
269 267 -19
25 23 19
25 27 8
25 336 -13
25 192 13
23 334 -28
23 190 -28
27 194 28
27 26 -8
336 318 28
336 175 -8
192 357 28
192 193 19
177 175 13
177 7 -19
356 357 13
356 195 -28
109 427 13
109 284 19
113 431 28
110 95 -19
110 127 8
173 334 8
173 172 8
173 175 -13
69 71 13
69 68 -19
69 384 -19
68 51 -13
384 223 -28
365 200 -13
365 48 28
436 435 -13
436 114 13
435 453 -8
435 275 -19
114 293 -13
114 99 28
410 246 8
410 412 -13
410 91 -19
427 445 -13
427 267 28
30 31 -8
30 201 -28
347 182 -28
347 32 -28
344 362 28
344 33 19
318 8 13
318 319 -19
8 7 -19
8 10 -13
319 321 13
319 154 -8
319 5 -8
302 126 19
302 284 13
126 445 -8
126 128 -28
284 448 8
137 135 -28
137 139 28
137 136 -8
99 275 13
99 100 19
83 397 19
83 254 -28
400 398 8
400 236 28
321 7 8
321 156 -28
52 51 8
52 222 13
52 54 19
135 455 -28
139 138 -8
293 292 -13
293 453 -19
292 310 19
453 471 -13
51 225 -19
222 223 19
54 53 13
267 91 -28
248 412 19
182 200 -8
128 127 -8
371 53 -8
372 58 -8
194 195 28
175 5 13
419 259 -19
419 437 -13
419 103 19
397 398 -13
397 380 8
397 237 28
193 195 -13
193 191 -19
239 237 -28
254 236 -8
143 142 8
258 259 8
258 276 8
258 86 13
311 471 28
311 310 8
471 472 -28
398 234 -13
380 219 -19
380 66 28
380 362 -19
237 236 13
237 63 -8
472 148 13
236 66 28
362 201 19
33 31 8
33 32 -13
33 200 13
201 200 -13
223 225 28
75 246 8
75 74 13
246 247 -8
246 264 19
74 91 -8
74 57 19
217 219 -19
58 57 -8
276 103 19
437 438 -19
437 118 -19
437 455 8
103 102 -28
102 117 -19
185 15 -13
425 407 -8
334 352 28
334 316 -19
20 191 -8
15 32 28
247 407 28
155 154 8
155 316 28
154 172 19
295 455 -19
42 26 -8
413 395 -19
413 431 28
117 118 19
352 191 28
172 190 -13
48 32 -19
191 190 28
9 10 13
9 26 -8
