97 416 19
97 112 13
97 273 19
97 98 28
97 80 19
416 418 -28
416 415 -28
416 252 28
416 414 -8
112 129 28
112 113 -13
112 434 -13
112 291 -8
273 272 -8
273 275 19
273 271 19
273 433 -13
98 270 28
98 96 -13
98 100 28
98 413 -28
80 81 13
80 63 -28
80 255 13
80 398 -8
181 179 19
181 342 -13
181 183 -13
181 11 -28
181 180 19
179 178 28
179 177 19
179 340 28
179 9 -19
342 360 -19
342 324 13
342 31 -19
342 343 8
183 344 13
183 13 -19
183 185 8
183 182 28
11 12 19
11 28 13
11 325 -28
180 14 8
180 162 8
180 345 13
180 198 19
452 288 -19
452 451 28
452 454 8
452 450 -8
452 129 -19
288 270 28
288 289 8
288 113 -13
288 306 19
451 132 8
451 469 13
451 291 28
451 433 -28
454 290 -13
454 453 19
454 131 8
450 286 -13
450 448 13
450 127 -8
450 449 -19
129 130 28
129 309 28
129 146 19
12 14 28
12 178 -13
12 10 -19
12 322 8
28 343 19
28 29 -19
28 199 -13
28 44 13
325 324 -8
325 323 -28
325 160 28
325 327 -19
468 304 8
468 467 -13
468 144 -8
468 470 -13
468 466 -19
304 305 28
304 128 13
304 286 8
467 147 -8
467 449 -8
467 307 -28
144 145 -8
144 127 8
470 146 8
470 472 13
470 306 28
470 469 19
466 464 8
466 302 -8
466 142 28
466 465 -28
333 332 13
333 18 -13
333 331 -19
333 335 -19
333 168 8
332 21 -19
332 350 8
332 171 -13
332 314 19
18 19 13
18 1 -8
18 35 19
18 189 -13
331 17 -13
331 330 8
335 334 -19
335 337 13
335 20 -28
335 170 -28
168 2 -28
168 186 19
168 169 -8
168 150 8
140 464 -13
140 141 -28
140 123 -13
464 462 -8
464 463 -28
464 300 28
141 143 -8
141 139 -19
141 461 28
123 303 13
123 124 8
123 446 19
123 107 28
229 389 -13
229 228 -8
229 55 -8
229 231 -8
229 227 8
389 75 -28
389 372 19
389 390 -19
389 407 -28
228 210 28
228 58 -8
228 246 -8
228 392 28
55 373 28
55 56 13
55 38 -28
55 72 -8
231 57 19
231 230 8
231 391 8
231 233 13
227 226 -28
227 387 13
227 225 -19
227 53 13
377 59 8
377 379 19
377 212 -19
377 376 -19
377 375 -8
59 76 28
59 60 28
59 233 28
59 42 8
379 61 8
379 214 -8
379 378 13
379 381 -28
212 213 -8
212 43 8
212 194 -28
212 230 8
376 358 -19
376 62 19
376 215 8
376 393 13
375 210 -19
375 373 19
375 57 -13
375 374 -13
373 371 -8
373 372 28
373 208 -28
56 226 -8
56 58 19
56 54 8
56 370 -13
38 211 8
38 355 -19
38 39 13
38 22 -13
72 247 28
72 73 8
72 390 19
72 89 13
14 324 -19
14 13 13
14 16 13
324 163 28
13 327 -28
13 30 -19
16 15 -8
16 182 13
16 326 13
220 202 -8
220 221 -19
220 238 -28
202 184 28
202 203 13
221 382 19
221 219 -19
221 48 28
238 256 13
238 239 -28
424 260 19
424 422 -13
424 423 -8
424 426 -13
260 278 8
260 242 -8
260 261 -8
260 88 -13
422 420 -28
422 102 13
422 258 28
422 421 19
423 106 19
423 263 -19
423 405 -19
423 441 -28
426 105 8
426 425 -19
426 428 -13
426 262 -19
101 84 -19
101 277 13
101 420 -13
101 116 8
84 67 -28
84 259 -13
84 402 8
277 276 -13
277 437 -19
277 279 -13
420 419 -13
116 295 28
116 438 -19
116 133 19
196 29 19
196 361 -28
196 214 -13
196 197 13
196 178 -8
29 31 28
29 27 28
29 340 8
361 363 28
361 44 -13
361 360 19
361 359 8
214 232 -19
214 215 -28
214 45 -8
197 358 28
197 199 19
197 195 19
197 26 -19
178 160 -13
178 343 13
388 386 19
388 70 -28
388 387 -28
388 390 -8
388 224 19
386 222 19
386 68 13
386 385 -19
70 87 8
70 71 -13
70 53 19
70 245 28
387 405 13
387 370 28
387 73 13
390 226 28
390 392 8
224 206 8
224 225 8
224 242 -8
224 54 19
303 305 8
303 302 28
303 463 19
303 301 -8
124 122 -19
124 300 28
124 443 -8
124 126 -8
446 445 28
446 448 8
446 282 8
446 444 13
107 285 8
107 91 -13
107 428 13
290 272 8
290 115 -19
290 308 28
290 291 -19
272 436 -28
272 100 -8
272 254 8
115 113 19
115 433 -13
115 114 -8
308 132 13
308 309 -28
308 472 28
291 293 28
291 289 13
211 213 8
211 210 28
211 372 -19
211 209 19
355 357 -28
355 354 -13
355 353 13
355 190 -19
39 41 -28
39 37 -8
39 208 28
39 352 28
22 193 13
22 337 -19
22 5 28
22 23 -28
404 406 -28
404 240 19
404 402 13
404 85 28
404 403 19
406 87 -19
406 405 -13
406 408 13
406 242 13
240 241 28
240 69 19
240 258 -28
240 222 28
402 401 13
85 102 8
85 68 -13
85 86 -13
85 261 13
403 421 19
403 243 -28
403 385 13
403 88 -19
147 149 28
147 146 13
147 145 19
149 469 -13
149 148 28
145 143 -28
145 465 13
244 245 28
244 226 8
244 408 8
244 262 -13
244 73 -28
245 247 -13
245 405 -8
245 243 -19
226 208 -8
408 89 -13
408 410 19
408 407 -19
262 90 8
262 263 8
262 280 13
73 75 28
73 71 -13
313 315 -8
313 312 -13
313 0 13
315 314 28
315 317 19
315 150 13
315 1 13
312 330 -19
312 2 -8
312 151 -28
0 17 13
0 169 -8
343 345 19
343 341 -28
199 360 28
199 201 -13
199 198 -19
44 61 28
44 45 -13
44 217 -19
152 153 8
152 170 8
152 317 28
153 155 -19
153 314 -28
153 151 13
170 4 19
170 171 28
170 188 13
317 3 -8
317 319 19
317 316 28
358 359 -19
358 340 8
358 45 -19
359 357 19
359 194 8
359 42 -8
340 341 -19
340 322 -28
45 47 19
45 43 -19
41 354 8
41 40 -19
41 43 -28
41 210 19
354 372 -13
354 193 13
354 336 -8
40 213 19
40 357 19
40 24 -28
40 57 -13
43 42 -8
43 356 13
210 192 28
270 434 28
270 271 8
270 252 -28
434 436 -19
434 432 -13
434 433 -8
271 269 -13
271 95 13
271 431 -19
252 253 -28
252 81 13
252 234 -19
363 198 -8
363 365 13
363 46 -19
363 362 -13
360 47 13
360 378 13
160 161 28
251 253 -13
251 250 -8
251 249 -28
251 76 28
251 411 13
253 255 -28
253 78 -13
253 413 -8
250 79 13
250 232 13
250 268 8
250 414 19
249 409 8
249 247 -19
249 74 8
249 248 19
76 394 -13
76 93 8
76 77 8
411 429 -13
411 393 -8
411 412 19
411 96 -19
296 460 -19
296 297 28
296 278 -19
296 120 -13
460 458 -28
460 136 28
460 462 -8
460 459 -8
297 299 -19
297 457 28
297 295 13
297 117 -28
278 442 8
278 279 8
278 104 -8
120 122 13
120 119 -19
120 118 19
120 439 13
394 392 -8
394 396 8
394 393 -8
394 230 -28
93 94 -28
93 269 8
93 412 -8
93 108 -13
77 79 -13
77 75 28
77 391 -19
77 248 8
159 157 19
159 158 -19
159 320 8
159 161 -19
157 318 28
157 155 8
157 156 -28
158 176 13
158 323 8
320 338 28
320 321 -28
320 10 -19
161 163 13
161 322 8
314 4 -13
150 151 -19
1 2 -8
1 171 13
208 209 -19
208 190 -8
299 459 -8
299 298 -28
299 301 -8
299 119 19
459 441 -8
459 139 28
298 280 -8
298 122 13
298 462 -28
301 300 -8
301 461 19
301 121 19
119 442 -19
119 136 13
79 78 13
79 393 -8
79 81 -19
78 61 -13
78 95 -28
78 396 -28
393 233 8
81 395 -19
81 83 -28
207 205 -8
207 209 19
207 368 8
207 35 8
207 206 -8
205 366 28
205 34 -28
205 204 13
209 370 19
368 350 8
368 369 -13
368 54 19
368 385 8
35 351 -19
35 51 -28
35 36 28
206 37 28
206 371 13
206 188 28
130 132 28
130 128 28
130 306 19
130 449 -19
309 311 -19
309 469 -13
309 307 -13
162 327 -8
162 163 -28
345 30 28
345 347 13
345 344 -8
198 216 -13
198 31 13
328 346 -19
328 167 28
328 329 28
346 364 28
346 347 -19
346 185 -19
167 165 -19
167 166 8
329 164 -19
329 327 -13
329 15 28
132 131 -19
131 311 -13
131 148 -13
131 114 8
449 289 28
449 431 19
307 305 -8
307 127 8
307 306 -13
21 19 8
21 23 28
21 20 -8
21 188 19
350 351 -28
350 189 13
350 37 -8
171 173 -13
171 169 28
47 49 13
47 216 -19
47 46 8
49 48 8
49 218 8
49 362 8
216 217 -19
216 381 19
216 234 13
46 219 8
46 30 19
46 63 13
62 232 -13
62 64 -8
62 60 28
62 61 28
215 213 -8
215 42 -19
215 217 19
187 17 8
187 348 -13
187 186 -19
187 189 13
17 34 -28
348 36 28
348 349 -8
348 330 28
348 366 -28
186 19 -13
186 351 28
186 204 13
189 191 8
189 188 19
90 405 13
90 92 -13
90 89 -8
90 88 13
92 94 13
92 264 19
92 407 -13
92 91 28
89 105 19
89 265 8
88 87 -8
88 86 28
281 279 19
281 283 28
281 441 -13
281 280 28
279 102 13
279 439 -8
283 282 -8
283 285 8
283 443 -8
283 105 -19
441 442 8
441 122 28
280 106 -28
280 444 8
232 396 13
232 233 -13
64 63 13
64 66 -28
64 234 -8
64 378 19
60 58 -13
60 374 -8
60 230 19
61 235 -28
257 417 -19
257 255 -19
257 82 -13
257 256 13
417 418 -8
417 435 8
417 399 13
255 415 28
255 254 19
82 99 -13
82 65 -28
82 83 13
82 400 13
256 274 -28
19 330 19
330 169 13
383 382 19
383 65 -19
383 218 -19
383 381 8
382 364 -13
382 399 -13
65 66 19
65 239 19
65 48 28
218 219 8
218 200 13
218 236 -19
381 63 19
381 380 -8
106 104 -13
106 105 19
104 103 -13
104 421 13
105 121 -28
370 371 19
370 352 -19
282 264 28
282 300 13
285 287 -28
285 445 -13
285 284 28
443 425 13
443 444 -19
443 461 -8
430 429 -28
430 266 28
430 428 28
430 432 19
430 108 -19
429 111 -8
429 447 -8
429 269 13
266 94 8
266 267 -13
266 248 13
266 284 13
428 264 19
428 427 -13
432 110 -8
432 268 8
432 431 28
108 287 -19
108 125 -19
108 109 -8
421 261 28
421 439 13
243 241 13
243 242 8
243 68 19
385 71 -8
385 225 28
339 174 -28
339 24 -28
339 337 -28
339 341 -8
339 338 8
174 192 -13
174 156 13
174 175 28
174 8 8
24 25 -19
24 7 19
24 195 28
337 172 28
337 336 13
341 176 8
341 26 8
338 177 -8
338 356 19
338 27 28
2 4 19
184 166 19
184 185 19
203 364 -8
203 201 8
203 32 -8
392 74 19
392 391 8
396 398 -13
396 395 -28
230 248 -28
4 3 19
4 6 -13
378 217 19
378 395 -19
268 269 28
268 286 28
268 96 -28
414 412 -13
414 95 8
414 413 19
442 440 -13
442 444 19
440 276 13
440 438 -19
440 117 8
440 439 19
444 121 8
176 177 -8
176 10 19
176 194 -8
323 321 13
323 9 13
323 322 19
458 294 -8
458 456 13
458 457 -19
458 134 8
294 295 -19
294 276 19
294 118 8
456 133 -28
456 455 8
457 439 -13
457 137 13
134 135 -28
134 117 8
367 366 -19
367 369 -28
367 50 8
366 52 -8
366 384 8
369 51 19
369 371 -8
369 204 -8
50 67 -8
50 223 -19
50 34 19
3 173 -8
3 20 19
6 8 19
6 5 19
6 172 19
6 316 8
263 265 -19
263 261 8
263 87 19
265 425 -19
265 267 28
265 264 -13
261 259 19
165 326 -28
165 164 8
165 163 -19
326 344 13
326 327 -8
164 182 8
233 235 -13
305 125 -13
305 465 8
125 448 -28
125 142 13
125 126 -8
465 447 13
213 374 8
374 356 28
374 391 -8
94 96 -19
94 409 13
96 95 13
409 391 -8
409 410 -19
409 427 -19
351 349 -13
351 353 19
204 222 -13
204 36 -8
235 234 19
235 395 -28
235 237 8
418 254 28
418 99 28
415 433 -8
415 397 28
415 100 19
274 292 -13
274 275 28
36 37 28
349 34 8
364 365 -28
399 400 8
399 239 -28
121 122 -13
121 138 19
462 138 -8
462 461 8
463 143 -13
463 445 -19
287 289 -19
287 447 13
287 286 -19
289 110 19
447 448 -19
447 128 -13
286 111 -28
242 71 -13
353 352 -8
353 188 28
241 67 19
241 401 19
401 419 8
401 384 13
401 86 -19
111 109 -19
111 113 -8
111 110 19
269 267 28
25 23 28
25 27 -19
25 336 19
25 192 -8
23 334 -8
23 190 -13
27 194 -8
27 26 -28
336 318 -13
336 175 13
192 357 -28
192 193 19
177 175 -8
177 7 8
356 357 28
356 195 -28
109 427 19
109 284 19
113 431 8
110 95 -13
110 127 13
173 334 -28
173 172 -19
173 175 28
69 71 28
69 68 8
69 384 13
68 51 28
384 223 -28
365 200 -13
365 48 -19
436 435 8
436 114 8
435 453 13
435 275 -28
114 293 13
114 99 13
410 246 -13
410 412 -8
410 91 13
427 445 28
427 267 13
30 31 19
30 201 -28
347 182 -19
347 32 19
344 362 8
344 33 -19
318 8 28
318 319 13
8 7 19
8 10 19
319 321 -8
319 154 -13
319 5 28
302 126 -13
302 284 19
126 445 8
126 128 19
284 448 -8
137 135 19
137 139 -19
137 136 -19
99 275 8
99 100 8
83 397 28
83 254 28
400 398 -28
400 236 13
321 7 13
321 156 13
52 51 8
52 222 28
52 54 19
135 455 8
139 138 -28
293 292 -28
293 453 13
292 310 28
453 471 13
51 225 28
222 223 13
54 53 8
267 91 -8
248 412 -8
182 200 28
128 127 13
371 53 -13
372 58 -13
194 195 -8
175 5 -13
419 259 19
419 437 -13
419 103 -8
397 398 8
397 380 -13
397 237 -8
193 195 13
193 191 13
239 237 -28
254 236 8
143 142 28
258 259 19
258 276 13
258 86 -28
311 471 28
311 310 8
471 472 -19
398 234 -8
380 219 -13
380 66 -28
380 362 28
237 236 -13
237 63 13
472 148 -8
236 66 -13
362 201 19
33 31 8
33 32 19
33 200 13
201 200 8
223 225 13
75 246 28
75 74 -13
246 247 28
246 264 8
74 91 -13
74 57 13
217 219 -13
58 57 28
276 103 -13
437 438 -28
437 118 19
437 455 -28
103 102 -19
102 117 13
185 15 8
425 407 8
334 352 13
334 316 -13
20 191 19
15 32 28
247 407 -13
155 154 28
155 316 19
154 172 13
295 455 -13
42 26 19
413 395 -28
413 431 -19
117 118 28
352 191 28
172 190 -19
48 32 -13
191 190 13
9 10 -8
9 26 -13
