97 416 -8
97 112 28
97 273 -13
97 98 8
97 80 8
416 418 19
416 415 -19
416 252 -19
416 414 -13
112 129 -8
112 113 19
112 434 -8
112 291 -8
273 272 28
273 275 19
273 271 28
273 433 13
98 270 13
98 96 28
98 100 28
98 413 -13
80 81 8
80 63 -8
80 255 28
80 398 -13
181 179 -13
181 342 28
181 183 13
181 11 -13
181 180 28
179 178 -19
179 177 8
179 340 -19
179 9 -8
342 360 -8
342 324 -28
342 31 28
342 343 13
183 344 8
183 13 -19
183 185 19
183 182 -19
11 12 -28
11 28 -13
11 325 28
180 14 8
180 162 -13
180 345 8
180 198 8
452 288 19
452 451 19
452 454 -28
452 450 -8
452 129 28
288 270 -28
288 289 13
288 113 -28
288 306 -8
451 132 -19
451 469 -13
451 291 -19
451 433 -8
454 290 -13
454 453 19
454 131 28
450 286 -19
450 448 -28
450 127 -8
450 449 -19
129 130 -28
129 309 28
129 146 8
12 14 28
12 178 -8
12 10 -28
12 322 -13
28 343 -19
28 29 8
28 199 -8
28 44 19
325 324 28
325 323 -8
325 160 8
325 327 -19
468 304 -28
468 467 19
468 144 -13
468 470 13
468 466 8
304 305 8
304 128 -28
304 286 8
467 147 -19
467 449 28
467 307 -8
144 145 -13
144 127 8
470 146 13
470 472 13
470 306 8
470 469 13
466 464 28
466 302 -28
466 142 19
466 465 13
333 332 -19
333 18 13
333 331 13
333 335 28
333 168 -13
332 21 -28
332 350 13
332 171 8
332 314 -13
18 19 8
18 1 28
18 35 -13
18 189 28
331 17 -19
331 330 -8
335 334 -13
335 337 28
335 20 -8
335 170 28
168 2 -28
168 186 28
168 169 -28
168 150 -13
140 464 28
140 141 28
140 123 -19
464 462 28
464 463 -19
464 300 13
141 143 8
141 139 -8
141 461 -8
123 303 -19
123 124 -19
123 446 19
123 107 8
229 389 19
229 228 -13
229 55 8
229 231 13
229 227 -19
389 75 28
389 372 -19
389 390 -19
389 407 -13
228 210 -28
228 58 8
228 246 -13
228 392 13
55 373 28
55 56 -19
55 38 -28
55 72 -8
231 57 -28
231 230 -8
231 391 -28
231 233 19
227 226 28
227 387 -28
227 225 19
227 53 -8
377 59 19
377 379 -13
377 212 -19
377 376 -8
377 375 19
59 76 -13
59 60 19
59 233 19
59 42 28
379 61 -8
379 214 28
379 378 13
379 381 -13
212 213 -8
212 43 13
212 194 28
212 230 19
376 358 13
376 62 -13
376 215 28
376 393 -28
375 210 13
375 373 -28
375 57 13
375 374 -13
373 371 28
373 372 -13
373 208 -28
56 226 -19
56 58 19
56 54 19
56 370 28
38 211 8
38 355 -8
38 39 -19
38 22 13
72 247 -28
72 73 -28
72 390 19
72 89 -28
14 324 -8
14 13 28
14 16 -13
324 163 19
13 327 8
13 30 -8
16 15 -19
16 182 8
16 326 -13
220 202 -13
220 221 13
220 238 13
202 184 8
202 203 19
221 382 -28
221 219 -13
221 48 13
238 256 8
238 239 19
424 260 -28
424 422 13
424 423 28
424 426 -28
260 278 19
260 242 28
260 261 -28
260 88 19
422 420 -28
422 102 -19
422 258 13
422 421 -8
423 106 13
423 263 -28
423 405 8
423 441 -19
426 105 -8
426 425 -13
426 428 8
426 262 13
101 84 -13
101 277 13
101 420 13
101 116 19
84 67 -28
84 259 -13
84 402 -8
277 276 19
277 437 -19
277 279 28
420 419 -8
116 295 13
116 438 19
116 133 28
196 29 -19
196 361 28
196 214 28
196 197 -28
196 178 -28
29 31 -8
29 27 28
29 340 8
361 363 -13
361 44 19
361 360 -28
361 359 28
214 232 13
214 215 19
214 45 19
197 358 19
197 199 28
197 195 -13
197 26 13
178 160 -19
178 343 19
388 386 -19
388 70 -8
388 387 -28
388 390 -13
388 224 -8
386 222 -8
386 68 -28
386 385 8
70 87 -13
70 71 8
70 53 19
70 245 8
387 405 -28
387 370 -13
387 73 19
390 226 13
390 392 -13
224 206 -19
224 225 28
224 242 28
224 54 -19
303 305 -8
303 302 -13
303 463 -8
303 301 -13
124 122 -28
124 300 -19
124 443 19
124 126 8
446 445 -19
446 448 19
446 282 19
446 444 28
107 285 28
107 91 8
107 428 13
290 272 -19
290 115 -8
290 308 -19
290 291 -28
272 436 19
272 100 28
272 254 8
115 113 13
115 433 -13
115 114 -19
308 132 -13
308 309 19
308 472 13
291 293 8
291 289 13
211 213 8
211 210 -13
211 372 -13
211 209 -8
355 357 19
355 354 8
355 353 19
355 190 -19
39 41 -8
39 37 28
39 208 13
39 352 -28
22 193 -19
22 337 -8
22 5 8
22 23 -8
404 406 28
404 240 28
404 402 -8
404 85 -19
404 403 13
406 87 19
406 405 19
406 408 -28
406 242 19
240 241 19
240 69 13
240 258 8
240 222 8
402 401 28
85 102 19
85 68 19
85 86 -13
85 261 8
403 421 -28
403 243 -19
403 385 13
403 88 19
147 149 -28
147 146 28
147 145 -19
149 469 13
149 148 -19
145 143 -28
145 465 28
244 245 -19
244 226 -28
244 408 8
244 262 19
244 73 -19
245 247 -8
245 405 13
245 243 -28
226 208 -8
408 89 -8
408 410 -19
408 407 8
262 90 -8
262 263 -19
262 280 8
73 75 13
73 71 8
313 315 8
313 312 -8
313 0 13
315 314 19
315 317 -8
315 150 19
315 1 -19
312 330 -19
312 2 28
312 151 19
0 17 8
0 169 -13
343 345 -8
343 341 19
199 360 8
199 201 28
199 198 19
44 61 19
44 45 -28
44 217 19
152 153 -19
152 170 28
152 317 19
153 155 13
153 314 8
153 151 13
170 4 -8
170 171 8
170 188 13
317 3 -13
317 319 28
317 316 -19
358 359 -28
358 340 19
358 45 -19
359 357 28
359 194 8
359 42 -28
340 341 19
340 322 13
45 47 -8
45 43 13
41 354 28
41 40 19
41 43 8
41 210 -13
354 372 -19
354 193 -28
354 336 8
40 213 8
40 357 -19
40 24 -28
40 57 13
43 42 -28
43 356 -19
210 192 -19
270 434 -13
270 271 19
270 252 -28
434 436 13
434 432 28
434 433 28
271 269 -13
271 95 -13
271 431 13
252 253 8
252 81 -13
252 234 -13
363 198 8
363 365 13
363 46 -28
363 362 -19
360 47 -28
360 378 28
160 161 28
251 253 -28
251 250 28
251 249 -19
251 76 28
251 411 19
253 255 28
253 78 8
253 413 -19
250 79 -13
250 232 -8
250 268 -19
250 414 19
249 409 13
249 247 -13
249 74 8
249 248 13
76 394 13
76 93 13
76 77 -28
411 429 19
411 393 13
411 412 -28
411 96 -28
296 460 -28
296 297 -8
296 278 28
296 120 8
460 458 13
460 136 28
460 462 19
460 459 -19
297 299 -19
297 457 19
297 295 -8
297 117 -19
278 442 13
278 279 19
278 104 8
120 122 -13
120 119 28
120 118 -19
120 439 -8
394 392 -13
394 396 -8
394 393 28
394 230 13
93 94 -28
93 269 8
93 412 8
93 108 28
77 79 -19
77 75 -28
77 391 -13
77 248 8
159 157 -28
159 158 -8
159 320 28
159 161 -13
157 318 8
157 155 19
157 156 -8
158 176 8
158 323 8
320 338 13
320 321 -28
320 10 19
161 163 -28
161 322 -28
314 4 8
150 151 28
1 2 -8
1 171 -28
208 209 -19
208 190 19
299 459 28
299 298 -8
299 301 -19
299 119 -19
459 441 13
459 139 19
298 280 -13
298 122 8
298 462 -28
301 300 13
301 461 8
301 121 -13
119 442 -19
119 136 8
79 78 -8
79 393 -19
79 81 -8
78 61 19
78 95 19
78 396 -28
393 233 -8
81 395 13
81 83 19
207 205 -19
207 209 8
207 368 -19
207 35 28
207 206 -28
205 366 -8
205 34 -28
205 204 -19
209 370 19
368 350 8
368 369 28
368 54 13
368 385 19
35 351 -28
35 51 13
35 36 -13
206 37 -13
206 371 28
206 188 -8
130 132 19
130 128 13
130 306 -13
130 449 28
309 311 13
309 469 8
309 307 8
162 327 -19
162 163 19
345 30 -13
345 347 8
345 344 28
198 216 13
198 31 -13
328 346 -13
328 167 -13
328 329 13
346 364 13
346 347 -28
346 185 -13
167 165 19
167 166 -13
329 164 28
329 327 -19
329 15 -19
132 131 -8
131 311 13
131 148 -28
131 114 8
449 289 -8
449 431 -8
307 305 28
307 127 13
307 306 13
21 19 28
21 23 19
21 20 13
21 188 8
350 351 -8
350 189 -19
350 37 -19
171 173 -19
171 169 -28
47 49 19
47 216 13
47 46 8
49 48 -8
49 218 19
49 362 -8
216 217 8
216 381 -13
216 234 13
46 219 -19
46 30 -28
46 63 -13
62 232 13
62 64 -8
62 60 13
62 61 -13
215 213 -8
215 42 19
215 217 13
187 17 13
187 348 -19
187 186 -8
187 189 -13
17 34 28
348 36 -8
348 349 -19
348 330 -19
348 366 -19
186 19 8
186 351 -28
186 204 13
189 191 28
189 188 -19
90 405 -8
90 92 8
90 89 -28
90 88 -8
92 94 8
92 264 -19
92 407 -8
92 91 28
89 105 -8
89 265 13
88 87 13
88 86 13
281 279 13
281 283 28
281 441 -13
281 280 8
279 102 -13
279 439 -19
283 282 13
283 285 -13
283 443 -8
283 105 -28
441 442 13
441 122 -28
280 106 13
280 444 8
232 396 -19
232 233 -8
64 63 8
64 66 19
64 234 28
64 378 13
60 58 -8
60 374 19
60 230 8
61 235 8
257 417 19
257 255 13
257 82 28
257 256 13
417 418 28
417 435 28
417 399 13
255 415 13
255 254 8
82 99 -19
82 65 19
82 83 -19
82 400 -13
256 274 -8
19 330 -19
330 169 -28
383 382 28
383 65 28
383 218 28
383 381 28
382 364 -19
382 399 8
65 66 -8
65 239 13
65 48 -19
218 219 -8
218 200 -19
218 236 8
381 63 -19
381 380 -28
106 104 13
106 105 28
104 103 -13
104 421 13
105 121 13
370 371 28
370 352 -19
282 264 -8
282 300 -28
285 287 13
285 445 -13
285 284 13
443 425 8
443 444 8
443 461 -28
430 429 -19
430 266 13
430 428 19
430 432 13
430 108 13
429 111 -13
429 447 13
429 269 -13
266 94 -19
266 267 28
266 248 -13
266 284 28
428 264 13
428 427 28
432 110 19
432 268 28
432 431 19
108 287 28
108 125 -19
108 109 -8
421 261 -8
421 439 28
243 241 13
243 242 28
243 68 -8
385 71 -13
385 225 -19
339 174 13
339 24 19
339 337 19
339 341 19
339 338 13
174 192 -28
174 156 19
174 175 -13
174 8 13
24 25 -8
24 7 13
24 195 -28
337 172 -13
337 336 -28
341 176 13
341 26 -28
338 177 19
338 356 19
338 27 -19
2 4 -13
184 166 13
184 185 13
203 364 19
203 201 -19
203 32 19
392 74 8
392 391 -8
396 398 13
396 395 -13
230 248 8
4 3 28
4 6 13
378 217 19
378 395 -28
268 269 -13
268 286 -13
268 96 -13
414 412 -28
414 95 8
414 413 28
442 440 13
442 444 8
440 276 13
440 438 19
440 117 -28
440 439 8
444 121 -28
176 177 -8
176 10 19
176 194 -19
323 321 8
323 9 19
323 322 8
458 294 8
458 456 19
458 457 8
458 134 8
294 295 13
294 276 13
294 118 13
456 133 19
456 455 13
457 439 -19
457 137 8
134 135 -13
134 117 8
367 366 -19
367 369 19
367 50 13
366 52 13
366 384 -28
369 51 28
369 371 -19
369 204 13
50 67 -8
50 223 28
50 34 13
3 173 -28
3 20 8
6 8 28
6 5 19
6 172 13
6 316 19
263 265 -28
263 261 19
263 87 28
265 425 13
265 267 8
265 264 -8
261 259 19
165 326 -13
165 164 8
165 163 13
326 344 -13
326 327 -28
164 182 28
233 235 13
305 125 -28
305 465 -19
125 448 8
125 142 19
125 126 8
465 447 -19
213 374 -13
374 356 8
374 391 -8
94 96 -8
94 409 -8
96 95 -8
409 391 -13
409 410 -13
409 427 28
351 349 -19
351 353 -19
204 222 8
204 36 19
235 234 -19
235 395 -19
235 237 13
418 254 28
418 99 -13
415 433 -19
415 397 -8
415 100 8
274 292 19
274 275 -13
36 37 13
349 34 19
364 365 -13
399 400 -13
399 239 8
121 122 -13
121 138 -8
462 138 28
462 461 -19
463 143 -28
463 445 -8
287 289 8
287 447 19
287 286 -28
289 110 -19
447 448 -8
447 128 13
286 111 8
242 71 -19
353 352 -28
353 188 -28
241 67 8
241 401 -19
401 419 19
401 384 -13
401 86 13
111 109 -19
111 113 -19
111 110 -13
269 267 -19
25 23 -13
25 27 -28
25 336 -13
25 192 8
23 334 -8
23 190 28
27 194 28
27 26 -13
336 318 28
336 175 13
192 357 13
192 193 13
177 175 -13
177 7 13
356 357 8
356 195 -8
109 427 28
109 284 19
113 431 8
110 95 -13
110 127 8
173 334 8
173 172 28
173 175 28
69 71 28
69 68 8
69 384 -13
68 51 8
384 223 -19
365 200 28
365 48 -13
436 435 13
436 114 19
435 453 -19
435 275 8
114 293 -19
114 99 -28
410 246 19
410 412 13
410 91 -8
427 445 28
427 267 -13
30 31 19
30 201 -19
347 182 -19
347 32 -8
344 362 -13
344 33 13
318 8 8
318 319 -8
8 7 13
8 10 28
319 321 28
319 154 8
319 5 -28
302 126 -28
302 284 -28
126 445 19
126 128 8
284 448 -8
137 135 -19
137 139 19
137 136 8
99 275 8
99 100 19
83 397 -19
83 254 -8
400 398 8
400 236 -8
321 7 8
321 156 -28
52 51 -8
52 222 19
52 54 19
135 455 -28
139 138 -19
293 292 13
293 453 -19
292 310 -28
453 471 -8
51 225 -8
222 223 8
54 53 19
267 91 -28
248 412 -19
182 200 19
128 127 19
371 53 13
372 58 13
194 195 -13
175 5 -19
419 259 -8
419 437 -13
419 103 13
397 398 -28
397 380 -8
397 237 8
193 195 -8
193 191 28
239 237 13
254 236 -28
143 142 13
258 259 -8
258 276 13
258 86 -19
311 471 -28
311 310 -28
471 472 13
398 234 -19
380 219 28
380 66 -19
380 362 8
237 236 8
237 63 -28
472 148 -19
236 66 -8
362 201 8
33 31 28
33 32 -19
33 200 19
201 200 -13
223 225 8
75 246 -19
75 74 -19
246 247 19
246 264 -8
74 91 -28
74 57 28
217 219 -19
58 57 28
276 103 -28
437 438 19
437 118 -8
437 455 13
103 102 28
102 117 19
185 15 -13
425 407 -13
334 352 -13
334 316 -8
20 191 8
15 32 19
247 407 -8
155 154 13
155 316 -28
154 172 -13
295 455 13
42 26 28
413 395 19
413 431 28
117 118 19
352 191 8
172 190 -13
48 32 -13
191 190 28
9 10 28
9 26 -28
