97 416 8
97 112 -28
97 273 8
97 98 -19
97 80 8
416 418 13
416 415 -8
416 252 -8
416 414 28
112 129 -13
112 113 -8
112 434 -8
112 291 -19
273 272 -8
273 275 -8
273 271 -28
273 433 -19
98 270 -19
98 96 28
98 100 28
98 413 -13
80 81 19
80 63 -19
80 255 13
80 398 -13
181 179 -8
181 342 -8
181 183 13
181 11 -19
181 180 -28
179 178 8
179 177 -19
179 340 -19
179 9 19
342 360 8
342 324 19
342 31 -8
342 343 -13
183 344 28
183 13 -13
183 185 13
183 182 13
11 12 28
11 28 28
11 325 -8
180 14 -19
180 162 13
180 345 28
180 198 -8
452 288 -8
452 451 19
452 454 -8
452 450 -19
452 129 -13
288 270 19
288 289 8
288 113 -28
288 306 28
451 132 28
451 469 -19
451 291 13
451 433 28
454 290 28
454 453 19
454 131 -28
450 286 -28
450 448 19
450 127 19
450 449 13
129 130 8
129 309 19
129 146 28
12 14 13
12 178 28
12 10 -19
12 322 8
28 343 8
28 29 19
28 199 13
28 44 13
325 324 -19
325 323 8
325 160 13
325 327 -28
468 304 -19
468 467 -28
468 144 13
468 470 19
468 466 13
304 305 28
304 128 13
304 286 28
467 147 -8
467 449 13
467 307 8
144 145 8
144 127 28
470 146 8
470 472 13
470 306 -8
470 469 -13
466 464 13
466 302 28
466 142 19
466 465 -28
333 332 -19
333 18 13
333 331 -13
333 335 -13
333 168 8
332 21 8
332 350 28
332 171 13
332 314 8
18 19 13
18 1 -13
18 35 -13
18 189 -13
331 17 -8
331 330 8
335 334 -13
335 337 19
335 20 -19
335 170 19
168 2 19
168 186 -13
168 169 28
168 150 -8
140 464 -13
140 141 -19
140 123 8
464 462 -8
464 463 -28
464 300 19
141 143 28
141 139 -19
141 461 8
123 303 -28
123 124 8
123 446 -13
123 107 -19
229 389 -28
229 228 -28
229 55 8
229 231 13
229 227 -8
389 75 -13
389 372 28
389 390 28
389 407 28
228 210 -8
228 58 28
228 246 -8
228 392 -19
55 373 -19
55 56 19
55 38 -13
55 72 8
231 57 -13
231 230 -8
231 391 13
231 233 28
227 226 8
227 387 13
227 225 28
227 53 -19
377 59 13
377 379 8
377 212 28
377 376 19
377 375 19
59 76 19
59 60 13
59 233 8
59 42 19
379 61 -8
379 214 8
379 378 -28
379 381 -28
212 213 -19
212 43 -8
212 194 -19
212 230 19
376 358 19
376 62 -13
376 215 -13
376 393 -28
375 210 19
375 373 -8
375 57 -19
375 374 19
373 371 -8
373 372 -13
373 208 -28
56 226 -13
56 58 19
56 54 13
56 370 13
38 211 28
38 355 -28
38 39 19
38 22 13
72 247 -28
72 73 19
72 390 8
72 89 -28
14 324 -28
14 13 -8
14 16 -28
324 163 -8
13 327 -8
13 30 -13
16 15 28
16 182 28
16 326 -13
220 202 19
220 221 -19
220 238 -8
202 184 8
202 203 8
221 382 19
221 219 -13
221 48 -8
238 256 28
238 239 8
424 260 -28
424 422 19
424 423 -28
424 426 -19
260 278 28
260 242 19
260 261 8
260 88 -8
422 420 13
422 102 -19
422 258 13
422 421 8
423 106 8
423 263 -13
423 405 13
423 441 -19
426 105 19
426 425 -19
426 428 19
426 262 13
101 84 28
101 277 -13
101 420 -19
101 116 -13
84 67 -19
84 259 8
84 402 -8
277 276 -28
277 437 8
277 279 -19
420 419 19
116 295 28
116 438 8
116 133 13
196 29 -13
196 361 -19
196 214 19
196 197 19
196 178 28
29 31 8
29 27 -13
29 340 28
361 363 -8
361 44 13
361 360 -13
361 359 28
214 232 19
214 215 -8
214 45 -19
197 358 19
197 199 -8
197 195 13
197 26 8
178 160 13
178 343 -13
388 386 -28
388 70 13
388 387 28
388 390 -13
388 224 -19
386 222 -19
386 68 -19
386 385 19
70 87 -8
70 71 -28
70 53 -8
70 245 19
387 405 -13
387 370 13
387 73 -19
390 226 13
390 392 -19
224 206 -8
224 225 -8
224 242 -8
224 54 28
303 305 28
303 302 13
303 463 28
303 301 8
124 122 19
124 300 -13
124 443 13
124 126 -19
446 445 -28
446 448 -13
446 282 8
446 444 28
107 285 28
107 91 -28
107 428 -8
290 272 -19
290 115 -19
290 308 -28
290 291 13
272 436 19
272 100 -19
272 254 8
115 113 -13
115 433 -13
115 114 19
308 132 19
308 309 -8
308 472 -28
291 293 19
291 289 8
211 213 -19
211 210 13
211 372 8
211 209 -19
355 357 13
355 354 -19
355 353 28
355 190 -13
39 41 8
39 37 8
39 208 19
39 352 -8
22 193 8
22 337 8
22 5 -8
22 23 -19
404 406 -28
404 240 -8
404 402 19
404 85 19
404 403 -13
406 87 8
406 405 13
406 408 28
406 242 19
240 241 8
240 69 28
240 258 -8
240 222 8
402 401 -19
85 102 -13
85 68 -19
85 86 8
85 261 -8
403 421 28
403 243 19
403 385 -19
403 88 -28
147 149 13
147 146 -8
147 145 28
149 469 -8
149 148 28
145 143 13
145 465 -28
244 245 -28
244 226 8
244 408 -28
244 262 8
244 73 13
245 247 -8
245 405 13
245 243 -19
226 208 13
408 89 -13
408 410 -19
408 407 -8
262 90 -28
262 263 -13
262 280 -13
73 75 -28
73 71 28
313 315 -28
313 312 13
313 0 13
315 314 13
315 317 8
315 150 -13
315 1 -13
312 330 -13
312 2 13
312 151 28
0 17 28
0 169 -8
343 345 -13
343 341 19
199 360 19
199 201 -13
199 198 8
44 61 -13
44 45 13
44 217 28
152 153 28
152 170 -8
152 317 13
153 155 19
153 314 8
153 151 19
170 4 8
170 171 28
170 188 -19
317 3 -8
317 319 -28
317 316 19
358 359 -19
358 340 -19
358 45 -13
359 357 -8
359 194 -19
359 42 -28
340 341 8
340 322 -13
45 47 28
45 43 19
41 354 -28
41 40 -28
41 43 19
41 210 -19
354 372 19
354 193 -8
354 336 -28
40 213 19
40 357 19
40 24 13
40 57 19
43 42 28
43 356 28
210 192 19
270 434 28
270 271 28
270 252 -19
434 436 -19
434 432 19
434 433 -8
271 269 -13
271 95 8
271 431 19
252 253 28
252 81 19
252 234 -19
363 198 -13
363 365 -8
363 46 13
363 362 -19
360 47 8
360 378 -8
160 161 28
251 253 -19
251 250 -19
251 249 -13
251 76 13
251 411 -8
253 255 -8
253 78 13
253 413 -13
250 79 13
250 232 -19
250 268 -8
250 414 28
249 409 28
249 247 -19
249 74 13
249 248 -8
76 394 -8
76 93 28
76 77 28
411 429 -8
411 393 -8
411 412 13
411 96 -13
296 460 -28
296 297 13
296 278 -19
296 120 28
460 458 13
460 136 28
460 462 -19
460 459 -8
297 299 13
297 457 28
297 295 13
297 117 19
278 442 -8
278 279 -13
278 104 -28
120 122 8
120 119 -19
120 118 -13
120 439 13
394 392 28
394 396 -19
394 393 19
394 230 -19
93 94 8
93 269 19
93 412 -28
93 108 8
77 79 28
77 75 -28
77 391 19
77 248 13
159 157 -19
159 158 19
159 320 8
159 161 -8
157 318 -28
157 155 28
157 156 -8
158 176 -28
158 323 8
320 338 -19
320 321 8
320 10 8
161 163 -13
161 322 28
314 4 28
150 151 19
1 2 13
1 171 19
208 209 -28
208 190 -8
299 459 -19
299 298 13
299 301 13
299 119 8
459 441 19
459 139 -19
298 280 -19
298 122 19
298 462 28
301 300 19
301 461 8
301 121 -13
119 442 19
119 136 28
79 78 -19
79 393 -28
79 81 -28
78 61 28
78 95 -13
78 396 -13
393 233 -19
81 395 -19
81 83 13
207 205 -28
207 209 28
207 368 -28
207 35 -28
207 206 -13
205 366 -8
205 34 13
205 204 -19
209 370 13
368 350 19
368 369 -28
368 54 -8
368 385 -19
35 351 8
35 51 8
35 36 -19
206 37 -28
206 371 -13
206 188 28
130 132 28
130 128 -28
130 306 28
130 449 8
309 311 -8
309 469 28
309 307 8
162 327 13
162 163 19
345 30 8
345 347 19
345 344 19
198 216 8
198 31 13
328 346 -19
328 167 13
328 329 19
346 364 28
346 347 8
346 185 13
167 165 13
167 166 28
329 164 -19
329 327 13
329 15 13
132 131 19
131 311 13
131 148 -28
131 114 19
449 289 8
449 431 8
307 305 -28
307 127 13
307 306 13
21 19 8
21 23 28
21 20 -19
21 188 -28
350 351 13
350 189 -28
350 37 28
171 173 19
171 169 -8
47 49 -19
47 216 -28
47 46 -28
49 48 19
49 218 -13
49 362 8
216 217 8
216 381 -28
216 234 -13
46 219 -28
46 30 -19
46 63 13
62 232 13
62 64 -8
62 60 -19
62 61 8
215 213 13
215 42 -13
215 217 28
187 17 8
187 348 -28
187 186 28
187 189 19
17 34 19
348 36 13
348 349 -8
348 330 8
348 366 19
186 19 -28
186 351 -13
186 204 -8
189 191 -19
189 188 -28
90 405 28
90 92 -13
90 89 28
90 88 8
92 94 -19
92 264 -19
92 407 28
92 91 28
89 105 -13
89 265 8
88 87 -28
88 86 -28
281 279 -19
281 283 8
281 441 -13
281 280 13
279 102 -8
279 439 -28
283 282 -8
283 285 -8
283 443 -8
283 105 -13
441 442 -28
441 122 -28
280 106 -19
280 444 13
232 396 -13
232 233 19
64 63 -8
64 66 -28
64 234 19
64 378 19
60 58 13
60 374 -8
60 230 8
61 235 28
257 417 19
257 255 -28
257 82 19
257 256 28
417 418 13
417 435 19
417 399 19
255 415 -28
255 254 13
82 99 13
82 65 -19
82 83 -28
82 400 -8
256 274 -19
19 330 -28
330 169 -8
383 382 -8
383 65 -13
383 218 -28
383 381 19
382 364 -28
382 399 -28
65 66 -8
65 239 -13
65 48 -19
218 219 -8
218 200 13
218 236 -28
381 63 -13
381 380 19
106 104 -8
106 105 13
104 103 8
104 421 19
105 121 28
370 371 -8
370 352 8
282 264 -19
282 300 -19
285 287 -28
285 445 28
285 284 -8
443 425 -28
443 444 13
443 461 13
430 429 -8
430 266 -13
430 428 19
430 432 -8
430 108 13
429 111 13
429 447 -28
429 269 -13
266 94 28
266 267 28
266 248 13
266 284 19
428 264 -19
428 427 -28
432 110 8
432 268 19
432 431 19
108 287 -8
108 125 19
108 109 8
421 261 -19
421 439 -28
243 241 -13
243 242 19
243 68 -19
385 71 8
385 225 13
339 174 28
339 24 8
339 337 -19
339 341 -8
339 338 28
174 192 8
174 156 -28
174 175 28
174 8 8
24 25 28
24 7 -19
24 195 13
337 172 -8
337 336 19
341 176 8
341 26 8
338 177 13
338 356 -19
338 27 8
2 4 -19
184 166 -19
184 185 -8
203 364 -28
203 201 -13
203 32 13
392 74 -8
392 391 13
396 398 8
396 395 8
230 248 -28
4 3 28
4 6 28
378 217 -28
378 395 28
268 269 8
268 286 -8
268 96 19
414 412 -28
414 95 -19
414 413 19
442 440 8
442 444 13
440 276 19
440 438 -8
440 117 8
440 439 -28
444 121 -13
176 177 28
176 10 13
176 194 8
323 321 -13
323 9 -13
323 322 -19
458 294 28
458 456 8
458 457 -19
458 134 19
294 295 28
294 276 -8
294 118 -19
456 133 -8
456 455 -8
457 439 -8
457 137 -13
134 135 -8
134 117 -13
367 366 28
367 369 -8
367 50 19
366 52 19
366 384 19
369 51 -8
369 371 13
369 204 -28
50 67 13
50 223 8
50 34 8
3 173 -28
3 20 -19
6 8 -13
6 5 13
6 172 8
6 316 8
263 265 28
263 261 -13
263 87 -19
265 425 13
265 267 -28
265 264 8
261 259 -8
165 326 -28
165 164 28
165 163 -28
326 344 19
326 327 -19
164 182 -28
233 235 -13
305 125 28
305 465 8
125 448 -13
125 142 8
125 126 19
465 447 8
213 374 -28
374 356 28
374 391 -28
94 96 -19
94 409 28
96 95 13
409 391 -13
409 410 -28
409 427 -13
351 349 19
351 353 -19
204 222 28
204 36 28
235 234 13
235 395 -13
235 237 -19
418 254 -19
418 99 -8
415 433 13
415 397 -13
415 100 -13
274 292 19
274 275 28
36 37 19
349 34 -19
364 365 -13
399 400 19
399 239 13
121 122 -28
121 138 28
462 138 -8
462 461 19
463 143 -8
463 445 28
287 289 -28
287 447 -19
287 286 19
289 110 13
447 448 -13
447 128 19
286 111 8
242 71 -28
353 352 -13
353 188 -8
241 67 -28
241 401 -28
401 419 19
401 384 8
401 86 8
111 109 19
111 113 -19
111 110 -13
269 267 8
25 23 28
25 27 19
25 336 28
25 192 19
23 334 -8
23 190 -28
27 194 -8
27 26 19
336 318 -8
336 175 -19
192 357 28
192 193 -28
177 175 8
177 7 -8
356 357 19
356 195 -19
109 427 19
109 284 19
113 431 -28
110 95 13
110 127 28
173 334 19
173 172 -19
173 175 -8
69 71 -8
69 68 28
69 384 8
68 51 -8
384 223 8
365 200 -13
365 48 8
436 435 -8
436 114 -19
435 453 28
435 275 -13
114 293 13
114 99 28
410 246 -8
410 412 19
410 91 -13
427 445 13
427 267 -19
30 31 -8
30 201 -8
347 182 13
347 32 -28
344 362 28
344 33 -8
318 8 -8
318 319 -13
8 7 28
8 10 19
319 321 28
319 154 28
319 5 -13
302 126 19
302 284 28
126 445 -28
126 128 -28
284 448 28
137 135 -8
137 139 -13
137 136 28
99 275 -8
99 100 -13
83 397 8
83 254 -28
400 398 8
400 236 -19
321 7 -8
321 156 8
52 51 -28
52 222 -8
52 54 19
135 455 -28
139 138 -13
293 292 19
293 453 28
292 310 8
453 471 -8
51 225 8
222 223 -13
54 53 13
267 91 -19
248 412 13
182 200 -19
128 127 -8
371 53 8
372 58 -8
194 195 8
175 5 8
419 259 8
419 437 19
419 103 -28
397 398 28
397 380 13
397 237 13
193 195 28
193 191 19
239 237 8
254 236 -19
143 142 -8
258 259 -8
258 276 -19
258 86 8
311 471 8
311 310 28
471 472 -28
398 234 -13
380 219 -19
380 66 8
380 362 28
237 236 -19
237 63 -28
472 148 13
236 66 -13
362 201 -13
33 31 28
33 32 -8
33 200 -8
201 200 -28
223 225 -28
75 246 -28
75 74 19
246 247 -19
246 264 -13
74 91 -8
74 57 19
217 219 -13
58 57 -8
276 103 -8
437 438 28
437 118 8
437 455 8
103 102 28
102 117 13
185 15 28
425 407 8
334 352 -8
334 316 -19
20 191 13
15 32 19
247 407 -13
155 154 19
155 316 8
154 172 19
295 455 28
42 26 8
413 395 -8
413 431 13
117 118 19
352 191 -13
172 190 8
48 32 -19
191 190 -8
9 10 19
9 26 8
