97 416 28
97 112 -28
97 273 8
97 98 13
97 80 13
416 418 19
416 415 -28
416 252 19
416 414 -19
112 129 13
112 113 -13
112 434 13
112 291 28
273 272 -19
273 275 28
273 271 13
273 433 28
98 270 13
98 96 -28
98 100 13
98 413 -8
80 81 8
80 63 -19
80 255 19
80 398 8
181 179 28
181 342 13
181 183 19
181 11 -8
181 180 -28
179 178 8
179 177 -19
179 340 -28
179 9 8
342 360 28
342 324 -28
342 31 -13
342 343 -13
183 344 -28
183 13 8
183 185 13
183 182 8
11 12 8
11 28 -13
11 325 19
180 14 -8
180 162 -19
180 345 -8
180 198 -13
452 288 -19
452 451 -19
452 454 28
452 450 28
452 129 -13
288 270 -8
288 289 19
288 113 28
288 306 13
451 132 -13
451 469 28
451 291 8
451 433 28
454 290 -19
454 453 28
454 131 28
450 286 8
450 448 -28
450 127 -8
450 449 19
129 130 -8
129 309 -13
129 146 -19
12 14 -13
12 178 28
12 10 -28
12 322 -13
28 343 -8
28 29 -8
28 199 -8
28 44 -19
325 324 13
325 323 28
325 160 -8
325 327 -28
468 304 -13
468 467 13
468 144 -28
468 470 28
468 466 -8
304 305 13
304 128 19
304 286 8
467 147 -8
467 449 8
467 307 -8
144 145 8
144 127 13
470 146 -8
470 472 -19
470 306 -28
470 469 19
466 464 -8
466 302 19
466 142 19
466 465 8
333 332 -8
333 18 -19
333 331 -13
333 335 -28
333 168 -8
332 21 13
332 350 13
332 171 -13
332 314 -28
18 19 19
18 1 28
18 35 -19
18 189 -13
331 17 -13
331 330 8
335 334 -28
335 337 -8
335 20 -8
335 170 -8
168 2 -13
168 186 8
168 169 13
168 150 -13
140 464 -28
140 141 19
140 123 -8
464 462 -8
464 463 -19
464 300 -19
141 143 13
141 139 19
141 461 28
123 303 -19
123 124 -19
123 446 -8
123 107 13
229 389 13
229 228 -28
229 55 -8
229 231 28
229 227 13
389 75 8
389 372 -13
389 390 8
389 407 -13
228 210 -28
228 58 -28
228 246 -28
228 392 19
55 373 -19
55 56 19
55 38 -13
55 72 13
231 57 13
231 230 -13
231 391 19
231 233 -28
227 226 13
227 387 -8
227 225 13
227 53 19
377 59 -13
377 379 8
377 212 13
377 376 -13
377 375 28
59 76 -13
59 60 -8
59 233 19
59 42 28
379 61 -28
379 214 13
379 378 19
379 381 28
212 213 -19
212 43 19
212 194 -28
212 230 28
376 358 -19
376 62 13
376 215 -28
376 393 19
375 210 28
375 373 -28
375 57 19
375 374 -19
373 371 8
373 372 28
373 208 19
56 226 -8
56 58 13
56 54 -28
56 370 28
38 211 -13
38 355 -8
38 39 13
38 22 19
72 247 13
72 73 -8
72 390 -13
72 89 13
14 324 28
14 13 -19
14 16 -19
324 163 13
13 327 13
13 30 13
16 15 -28
16 182 -13
16 326 -28
220 202 13
220 221 19
220 238 -28
202 184 8
202 203 8
221 382 8
221 219 -19
221 48 19
238 256 -13
238 239 19
424 260 -8
424 422 19
424 423 28
424 426 28
260 278 -13
260 242 28
260 261 -19
260 88 28
422 420 -28
422 102 28
422 258 13
422 421 19
423 106 19
423 263 13
423 405 28
423 441 -13
426 105 -19
426 425 -8
426 428 -28
426 262 28
101 84 -13
101 277 -13
101 420 8
101 116 13
84 67 -19
84 259 -19
84 402 -28
277 276 13
277 437 -19
277 279 -19
420 419 -19
116 295 -19
116 438 -28
116 133 8
196 29 -13
196 361 -8
196 214 19
196 197 8
196 178 -13
29 31 -8
29 27 -28
29 340 -13
361 363 -13
361 44 -19
361 360 -19
361 359 13
214 232 -8
214 215 19
214 45 -28
197 358 -19
197 199 8
197 195 13
197 26 19
178 160 8
178 343 -28
388 386 -8
388 70 8
388 387 -13
388 390 -8
388 224 -19
386 222 -13
386 68 -19
386 385 8
70 87 -13
70 71 -8
70 53 -13
70 245 -28
387 405 -8
387 370 -19
387 73 -13
390 226 -8
390 392 -8
224 206 -8
224 225 -19
224 242 19
224 54 -19
303 305 -13
303 302 28
303 463 -19
303 301 -8
124 122 -8
124 300 -13
124 443 19
124 126 28
446 445 -8
446 448 13
446 282 8
446 444 -28
107 285 -8
107 91 -28
107 428 -8
290 272 -19
290 115 -8
290 308 13
290 291 -19
272 436 8
272 100 13
272 254 28
115 113 19
115 433 19
115 114 28
308 132 8
308 309 13
308 472 13
291 293 -28
291 289 -8
211 213 19
211 210 -19
211 372 -19
211 209 19
355 357 -13
355 354 13
355 353 -19
355 190 -19
39 41 19
39 37 -13
39 208 -28
39 352 28
22 193 -28
22 337 8
22 5 -19
22 23 -19
404 406 8
404 240 -19
404 402 -19
404 85 -13
404 403 -28
406 87 -28
406 405 28
406 408 8
406 242 -13
240 241 -28
240 69 -13
240 258 28
240 222 28
402 401 -28
85 102 -8
85 68 -8
85 86 8
85 261 -8
403 421 -28
403 243 13
403 385 28
403 88 -28
147 149 -28
147 146 8
147 145 -13
149 469 -19
149 148 19
145 143 -28
145 465 28
244 245 -19
244 226 -8
244 408 -28
244 262 -13
244 73 -28
245 247 -13
245 405 13
245 243 -8
226 208 -13
408 89 -8
408 410 -8
408 407 13
262 90 -13
262 263 19
262 280 -13
73 75 8
73 71 19
313 315 28
313 312 -19
313 0 13
315 314 8
315 317 28
315 150 -28
315 1 -19
312 330 13
312 2 19
312 151 13
0 17 -8
0 169 -8
343 345 13
343 341 19
199 360 13
199 201 8
199 198 8
44 61 28
44 45 8
44 217 13
152 153 8
152 170 -28
152 317 -19
153 155 -19
153 314 8
153 151 28
170 4 19
170 171 -28
170 188 -19
317 3 -28
317 319 28
317 316 19
358 359 -13
358 340 -13
358 45 13
359 357 -19
359 194 -13
359 42 28
340 341 -19
340 322 8
45 47 -28
45 43 19
41 354 28
41 40 -28
41 43 -13
41 210 -28
354 372 19
354 193 -28
354 336 -13
40 213 -13
40 357 -19
40 24 -19
40 57 -28
43 42 13
43 356 -13
210 192 28
270 434 19
270 271 19
270 252 -8
434 436 28
434 432 -28
434 433 19
271 269 -19
271 95 8
271 431 -28
252 253 13
252 81 8
252 234 19
363 198 -19
363 365 8
363 46 28
363 362 19
360 47 -19
360 378 28
160 161 19
251 253 -13
251 250 13
251 249 28
251 76 8
251 411 -13
253 255 8
253 78 -8
253 413 8
250 79 13
250 232 -8
250 268 13
250 414 -8
249 409 8
249 247 -28
249 74 28
249 248 13
76 394 13
76 93 13
76 77 19
411 429 13
411 393 8
411 412 -8
411 96 -19
296 460 -28
296 297 -19
296 278 -19
296 120 28
460 458 -19
460 136 28
460 462 -28
460 459 13
297 299 28
297 457 8
297 295 13
297 117 -13
278 442 28
278 279 -8
278 104 -28
120 122 -19
120 119 -8
120 118 -19
120 439 -13
394 392 8
394 396 8
394 393 19
394 230 -28
93 94 -19
93 269 19
93 412 19
93 108 -28
77 79 28
77 75 -28
77 391 -13
77 248 -13
159 157 -13
159 158 -13
159 320 -28
159 161 13
157 318 28
157 155 13
157 156 8
158 176 8
158 323 -28
320 338 13
320 321 -8
320 10 19
161 163 -8
161 322 28
314 4 13
150 151 8
1 2 -19
1 171 8
208 209 28
208 190 13
299 459 8
299 298 28
299 301 -28
299 119 -13
459 441 -8
459 139 -19
298 280 -13
298 122 28
298 462 8
301 300 -8
301 461 -13
301 121 13
119 442 -19
119 136 8
79 78 8
79 393 13
79 81 -8
78 61 -19
78 95 -28
78 396 13
393 233 19
81 395 13
81 83 8
207 205 13
207 209 19
207 368 13
207 35 8
207 206 -19
205 366 -13
205 34 -28
205 204 8
209 370 13
368 350 -8
368 369 -28
368 54 -8
368 385 -19
35 351 -13
35 51 -8
35 36 19
206 37 -19
206 371 -28
206 188 28
130 132 8
130 128 -8
130 306 8
130 449 13
309 311 8
309 469 -28
309 307 -8
162 327 -19
162 163 28
345 30 8
345 347 -8
345 344 28
198 216 -8
198 31 19
328 346 8
328 167 -8
328 329 -19
346 364 -19
346 347 28
346 185 -8
167 165 13
167 166 13
329 164 -19
329 327 -13
329 15 13
132 131 -13
131 311 28
131 148 -28
131 114 -28
449 289 -8
449 431 19
307 305 -19
307 127 19
307 306 -8
21 19 -13
21 23 13
21 20 19
21 188 -8
350 351 13
350 189 -8
350 37 8
171 173 -13
171 169 -19
47 49 13
47 216 -28
47 46 -19
49 48 19
49 218 28
49 362 -19
216 217 -19
216 381 -13
216 234 13
46 219 8
46 30 8
46 63 -13
62 232 8
62 64 -19
62 60 -19
62 61 8
215 213 -8
215 42 -13
215 217 -8
187 17 8
187 348 -8
187 186 -13
187 189 -8
17 34 -28
348 36 -28
348 349 -28
348 330 -19
348 366 -8
186 19 -8
186 351 -13
186 204 28
189 191 28
189 188 28
90 405 28
90 92 -8
90 89 -28
90 88 13
92 94 -8
92 264 -13
92 407 19
92 91 -13
89 105 -28
89 265 28
88 87 8
88 86 19
281 279 -13
281 283 -8
281 441 -19
281 280 -28
279 102 -13
279 439 8
283 282 -13
283 285 -8
283 443 -8
283 105 -28
441 442 -19
441 122 13
280 106 8
280 444 -13
232 396 19
232 233 -28
64 63 28
64 66 -13
64 234 28
64 378 -13
60 58 -8
60 374 8
60 230 -8
61 235 -19
257 417 19
257 255 8
257 82 -13
257 256 19
417 418 -8
417 435 8
417 399 -8
255 415 -13
255 254 -28
82 99 -13
82 65 -8
82 83 8
82 400 -8
256 274 19
19 330 -19
330 169 -8
383 382 28
383 65 19
383 218 -13
383 381 -28
382 364 19
382 399 8
65 66 28
65 239 8
65 48 13
218 219 13
218 200 -13
218 236 19
381 63 13
381 380 -19
106 104 -19
106 105 -8
104 103 -19
104 421 19
105 121 -8
370 371 -13
370 352 -28
282 264 8
282 300 -13
285 287 -28
285 445 8
285 284 -19
443 425 19
443 444 28
443 461 8
430 429 -13
430 266 -8
430 428 -8
430 432 19
430 108 -28
429 111 8
429 447 -8
429 269 -28
266 94 -28
266 267 28
266 248 28
266 284 19
428 264 8
428 427 -8
432 110 19
432 268 -19
432 431 8
108 287 -28
108 125 13
108 109 13
421 261 19
421 439 -28
243 241 -13
243 242 -28
243 68 -13
385 71 13
385 225 28
339 174 -13
339 24 28
339 337 28
339 341 -19
339 338 -19
174 192 -8
174 156 28
174 175 28
174 8 28
24 25 -8
24 7 28
24 195 28
337 172 -8
337 336 -13
341 176 -8
341 26 8
338 177 28
338 356 -28
338 27 -13
2 4 19
184 166 -19
184 185 -28
203 364 13
203 201 -28
203 32 -8
392 74 -28
392 391 -19
396 398 -19
396 395 -19
230 248 -8
4 3 -8
4 6 -19
378 217 13
378 395 8
268 269 19
268 286 8
268 96 28
414 412 -13
414 95 -8
414 413 -13
442 440 13
442 444 13
440 276 28
440 438 13
440 117 28
440 439 28
444 121 28
176 177 -19
176 10 19
176 194 -19
323 321 13
323 9 -13
323 322 8
458 294 -8
458 456 -28
458 457 28
458 134 19
294 295 -8
294 276 -13
294 118 -13
456 133 -13
456 455 19
457 439 13
457 137 28
134 135 -19
134 117 -8
367 366 13
367 369 -8
367 50 -19
366 52 8
366 384 13
369 51 19
369 371 19
369 204 8
50 67 28
50 223 -19
50 34 -13
3 173 -19
3 20 -13
6 8 13
6 5 19
6 172 19
6 316 13
263 265 -19
263 261 8
263 87 -8
265 425 8
265 267 -8
265 264 8
261 259 28
165 326 -8
165 164 -28
165 163 -19
326 344 13
326 327 -28
164 182 -19
233 235 28
305 125 -13
305 465 8
125 448 -19
125 142 13
125 126 -19
465 447 28
213 374 -19
374 356 13
374 391 19
94 96 8
94 409 28
96 95 8
409 391 8
409 410 -19
409 427 28
351 349 -28
351 353 19
204 222 -28
204 36 -19
235 234 19
235 395 -13
235 237 -19
418 254 -13
418 99 -13
415 433 8
415 397 -13
415 100 8
274 292 19
274 275 -28
36 37 13
349 34 8
364 365 13
399 400 8
399 239 -28
121 122 19
121 138 19
462 138 8
462 461 -13
463 143 -28
463 445 8
287 289 -13
287 447 28
287 286 -28
289 110 19
447 448 -13
447 128 -8
286 111 28
242 71 -19
353 352 -19
353 188 19
241 67 -8
241 401 -8
401 419 -28
401 384 -8
401 86 8
111 109 28
111 113 19
111 110 28
269 267 13
25 23 28
25 27 8
25 336 -19
25 192 -8
23 334 -28
23 190 19
27 194 19
27 26 -8
336 318 -28
336 175 -19
192 357 -19
192 193 -8
177 175 28
177 7 8
356 357 13
356 195 -8
109 427 13
109 284 -8
113 431 19
110 95 28
110 127 -13
173 334 28
173 172 13
173 175 -13
69 71 -13
69 68 -28
69 384 -28
68 51 28
384 223 19
365 200 8
365 48 -13
436 435 -13
436 114 -13
435 453 8
435 275 -8
114 293 -8
114 99 -28
410 246 28
410 412 -8
410 91 -28
427 445 -13
427 267 -8
30 31 13
30 201 -8
347 182 28
347 32 -19
344 362 -19
344 33 28
318 8 19
318 319 28
8 7 -28
8 10 -13
319 321 -13
319 154 8
319 5 8
302 126 -8
302 284 8
126 445 -13
126 128 28
284 448 13
137 135 -8
137 139 -19
137 136 -28
99 275 28
99 100 13
83 397 8
83 254 8
400 398 13
400 236 -19
321 7 28
321 156 8
52 51 -13
52 222 8
52 54 -13
135 455 13
139 138 13
293 292 -19
293 453 8
292 310 13
453 471 -8
51 225 -19
222 223 -13
54 53 13
267 91 19
248 412 19
182 200 28
128 127 28
371 53 19
372 58 19
194 195 13
175 5 -8
419 259 -13
419 437 8
419 103 -8
397 398 19
397 380 -13
397 237 -28
193 195 13
193 191 13
239 237 -19
254 236 28
143 142 19
258 259 8
258 276 19
258 86 19
311 471 -8
311 310 19
471 472 13
398 234 28
380 219 -13
380 66 -19
380 362 8
237 236 19
237 63 28
472 148 8
236 66 -19
362 201 -8
33 31 -13
33 32 -28
33 200 19
201 200 -28
223 225 -19
75 246 8
75 74 8
246 247 -28
246 264 13
74 91 -28
74 57 -8
217 219 -13
58 57 8
276 103 -13
437 438 19
437 118 -8
437 455 -28
103 102 8
102 117 -19
185 15 -8
425 407 8
334 352 -28
334 316 -13
20 191 13
15 32 -19
247 407 28
155 154 19
155 316 13
154 172 28
295 455 19
42 26 19
413 395 19
413 431 -28
117 118 19
352 191 -13
172 190 13
48 32 13
191 190 -8
9 10 19
9 26 -8
