97 416 -13
97 112 28
97 273 -8
97 98 13
97 80 8
416 418 8
416 415 8
416 252 -19
416 414 -8
112 129 -13
112 113 8
112 434 13
112 291 -8
273 272 -8
273 275 -8
273 271 -8
273 433 -8
98 270 -13
98 96 28
98 100 -13
98 413 -8
80 81 8
80 63 -8
80 255 -19
80 398 -13
181 179 8
181 342 8
181 183 -19
181 11 -13
181 180 -28
179 178 13
179 177 -19
179 340 -19
179 9 28
342 360 -8
342 324 13
342 31 19
342 343 19
183 344 28
183 13 -28
183 185 -13
183 182 -8
11 12 28
11 28 -8
11 325 19
180 14 28
180 162 19
180 345 -13
180 198 13
452 288 -13
452 451 -8
452 454 -13
452 450 19
452 129 13
288 270 -13
288 289 -8
288 113 19
288 306 -19
451 132 19
451 469 -19
451 291 -19
451 433 13
454 290 -28
454 453 19
454 131 -8
450 286 -19
450 448 13
450 127 28
450 449 -8
129 130 -8
129 309 -13
129 146 -8
12 14 -8
12 178 13
12 10 -13
12 322 8
28 343 -13
28 29 19
28 199 -19
28 44 -13
325 324 -13
325 323 -19
325 160 13
325 327 13
468 304 19
468 467 8
468 144 28
468 470 -19
468 466 28
304 305 8
304 128 19
304 286 19
467 147 -19
467 449 28
467 307 -8
144 145 19
144 127 13
470 146 28
470 472 -13
470 306 -28
470 469 -19
466 464 13
466 302 -8
466 142 28
466 465 -13
333 332 -19
333 18 8
333 331 -8
333 335 -19
333 168 -19
332 21 28
332 350 19
332 171 13
332 314 13
18 19 -8
18 1 19
18 35 -28
18 189 -13
331 17 -13
331 330 -28
335 334 13
335 337 13
335 20 -13
335 170 13
168 2 13
168 186 28
168 169 -13
168 150 -8
140 464 8
140 141 13
140 123 28
464 462 -13
464 463 -28
464 300 28
141 143 -13
141 139 8
141 461 28
123 303 19
123 124 -19
123 446 -13
123 107 -28
229 389 19
229 228 19
229 55 -19
229 231 19
229 227 8
389 75 13
389 372 -8
389 390 -13
389 407 8
228 210 28
228 58 8
228 246 -8
228 392 13
55 373 -28
55 56 13
55 38 28
55 72 -19
231 57 13
231 230 -28
231 391 -28
231 233 -28
227 226 -13
227 387 13
227 225 8
227 53 -13
377 59 13
377 379 -19
377 212 28
377 376 13
377 375 -28
59 76 19
59 60 -28
59 233 13
59 42 -28
379 61 -19
379 214 19
379 378 8
379 381 -28
212 213 -19
212 43 -8
212 194 8
212 230 13
376 358 -28
376 62 28
376 215 19
376 393 -13
375 210 28
375 373 28
375 57 13
375 374 -19
373 371 -13
373 372 8
373 208 8
56 226 8
56 58 8
56 54 19
56 370 8
38 211 19
38 355 19
38 39 13
38 22 19
72 247 -8
72 73 13
72 390 -8
72 89 -28
14 324 13
14 13 -28
14 16 -13
324 163 19
13 327 -19
13 30 13
16 15 28
16 182 28
16 326 -19
220 202 28
220 221 -28
220 238 -28
202 184 8
202 203 -19
221 382 -8
221 219 -19
221 48 -19
238 256 8
238 239 13
424 260 28
424 422 -8
424 423 -8
424 426 19
260 278 -28
260 242 8
260 261 -8
260 88 19
422 420 19
422 102 19
422 258 8
422 421 28
423 106 8
423 263 19
423 405 8
423 441 13
426 105 -28
426 425 28
426 428 13
426 262 8
101 84 8
101 277 -8
101 420 8
101 116 -28
84 67 -13
84 259 13
84 402 8
277 276 -8
277 437 13
277 279 28
420 419 -19
116 295 28
116 438 -28
116 133 28
196 29 19
196 361 8
196 214 -8
196 197 13
196 178 19
29 31 13
29 27 19
29 340 13
361 363 8
361 44 28
361 360 -8
361 359 28
214 232 -13
214 215 13
214 45 19
197 358 -13
197 199 13
197 195 8
197 26 -28
178 160 13
178 343 -19
388 386 -28
388 70 -19
388 387 28
388 390 8
388 224 -19
386 222 -13
386 68 13
386 385 -8
70 87 28
70 71 19
70 53 -8
70 245 19
387 405 28
387 370 8
387 73 19
390 226 -28
390 392 -8
224 206 13
224 225 -28
224 242 -19
224 54 8
303 305 19
303 302 19
303 463 -8
303 301 28
124 122 8
124 300 -19
124 443 19
124 126 28
446 445 -8
446 448 -13
446 282 8
446 444 -8
107 285 13
107 91 13
107 428 13
290 272 19
290 115 28
290 308 28
290 291 -28
272 436 -28
272 100 13
272 254 -8
115 113 -19
115 433 8
115 114 8
308 132 -8
308 309 13
308 472 -13
291 293 -8
291 289 13
211 213 8
211 210 -13
211 372 28
211 209 -13
355 357 -13
355 354 -28
355 353 13
355 190 13
39 41 8
39 37 -8
39 208 -19
39 352 -8
22 193 28
22 337 8
22 5 -13
22 23 19
404 406 19
404 240 19
404 402 19
404 85 -19
404 403 -13
406 87 8
406 405 -19
406 408 8
406 242 28
240 241 28
240 69 13
240 258 8
240 222 13
402 401 28
85 102 13
85 68 -28
85 86 -19
85 261 8
403 421 -8
403 243 -13
403 385 -13
403 88 -19
147 149 -19
147 146 -13
147 145 -13
149 469 -28
149 148 19
145 143 -13
145 465 8
244 245 -8
244 226 -19
244 408 28
244 262 -19
244 73 19
245 247 8
245 405 -13
245 243 19
226 208 28
408 89 -28
408 410 -28
408 407 -19
262 90 -19
262 263 -28
262 280 19
73 75 19
73 71 13
313 315 -13
313 312 -28
313 0 -28
315 314 19
315 317 19
315 150 28
315 1 -28
312 330 19
312 2 13
312 151 -8
0 17 8
0 169 13
343 345 -19
343 341 28
199 360 -28
199 201 -28
199 198 8
44 61 -8
44 45 8
44 217 8
152 153 -28
152 170 8
152 317 19
153 155 -19
153 314 8
153 151 19
170 4 13
170 171 13
170 188 19
317 3 -28
317 319 -19
317 316 -19
358 359 -13
358 340 28
358 45 8
359 357 -13
359 194 -13
359 42 28
340 341 13
340 322 -13
45 47 13
45 43 28
41 354 19
41 40 8
41 43 -13
41 210 28
354 372 -8
354 193 19
354 336 -8
40 213 -28
40 357 -13
40 24 -8
40 57 -8
43 42 -19
43 356 -19
210 192 19
270 434 28
270 271 8
270 252 -28
434 436 -28
434 432 8
434 433 8
271 269 -28
271 95 -8
271 431 -28
252 253 -28
252 81 -8
252 234 -28
363 198 -13
363 365 8
363 46 -13
363 362 -13
360 47 8
360 378 28
160 161 19
251 253 -19
251 250 -28
251 249 -28
251 76 -8
251 411 -28
253 255 -28
253 78 -19
253 413 19
250 79 19
250 232 -19
250 268 19
250 414 -13
249 409 -13
249 247 -8
249 74 8
249 248 -19
76 394 8
76 93 -13
76 77 -13
411 429 -8
411 393 -28
411 412 13
411 96 8
296 460 -28
296 297 -13
296 278 -19
296 120 19
460 458 -28
460 136 13
460 462 28
460 459 -28
297 299 13
297 457 -28
297 295 -28
297 117 -13
278 442 -8
278 279 -19
278 104 8
120 122 19
120 119 -19
120 118 -8
120 439 8
394 392 -28
394 396 -28
394 393 -8
394 230 13
93 94 28
93 269 -28
93 412 19
93 108 28
77 79 28
77 75 -8
77 391 -28
77 248 13
159 157 -8
159 158 -13
159 320 28
159 161 -13
157 318 13
157 155 8
157 156 -19
158 176 -28
158 323 8
320 338 13
320 321 13
320 10 8
161 163 8
161 322 28
314 4 -28
150 151 -28
1 2 -19
1 171 19
208 209 8
208 190 -19
299 459 -28
299 298 19
299 301 -13
299 119 13
459 441 -8
459 139 8
298 280 -28
298 122 -8
298 462 -28
301 300 13
301 461 -8
301 121 28
119 442 13
119 136 -28
79 78 -8
79 393 19
79 81 -28
78 61 13
78 95 8
78 396 19
393 233 8
81 395 -28
81 83 13
207 205 -8
207 209 -28
207 368 13
207 35 -8
207 206 28
205 366 -28
205 34 13
205 204 -13
209 370 19
368 350 -13
368 369 8
368 54 -28
368 385 8
35 351 -13
35 51 -28
35 36 -8
206 37 13
206 371 -19
206 188 -13
130 132 8
130 128 -13
130 306 13
130 449 -13
309 311 -19
309 469 28
309 307 -28
162 327 19
162 163 -13
345 30 -13
345 347 -19
345 344 13
198 216 8
198 31 8
328 346 19
328 167 19
328 329 -8
346 364 19
346 347 -8
346 185 28
167 165 -13
167 166 -19
329 164 -13
329 327 -19
329 15 8
132 131 -13
131 311 -8
131 148 13
131 114 -19
449 289 -13
449 431 -8
307 305 -13
307 127 19
307 306 -28
21 19 19
21 23 -19
21 20 -28
21 188 -28
350 351 13
350 189 19
350 37 -19
171 173 -13
171 169 28
47 49 28
47 216 -13
47 46 28
49 48 8
49 218 19
49 362 -28
216 217 19
216 381 -13
216 234 -13
46 219 8
46 30 28
46 63 13
62 232 -19
62 64 19
62 60 -19
62 61 13
215 213 8
215 42 -8
215 217 13
187 17 19
187 348 13
187 186 19
187 189 -13
17 34 -13
348 36 28
348 349 -8
348 330 28
348 366 8
186 19 8
186 351 28
186 204 19
189 191 -28
189 188 28
90 405 -19
90 92 -19
90 89 13
90 88 -19
92 94 -28
92 264 28
92 407 -19
92 91 19
89 105 -28
89 265 -13
88 87 -28
88 86 -13
281 279 8
281 283 -19
281 441 -28
281 280 -13
279 102 8
279 439 -19
283 282 -19
283 285 19
283 443 13
283 105 -28
441 442 -8
441 122 -13
280 106 -28
280 444 8
232 396 -8
232 233 -8
64 63 -28
64 66 8
64 234 -13
64 378 -13
60 58 28
60 374 19
60 230 -8
61 235 -8
257 417 13
257 255 8
257 82 -28
257 256 13
417 418 -19
417 435 -13
417 399 -8
255 415 8
255 254 8
82 99 8
82 65 19
82 83 13
82 400 -13
256 274 -28
19 330 28
330 169 -13
383 382 19
383 65 8
383 218 -28
383 381 19
382 364 19
382 399 13
65 66 13
65 239 28
65 48 19
218 219 19
218 200 13
218 236 -8
381 63 13
381 380 8
106 104 -13
106 105 8
104 103 -13
104 421 28
105 121 13
370 371 -13
370 352 -8
282 264 13
282 300 -19
285 287 -28
285 445 -8
285 284 28
443 425 13
443 444 28
443 461 -13
430 429 13
430 266 8
430 428 13
430 432 28
430 108 -13
429 111 -8
429 447 13
429 269 -8
266 94 19
266 267 -8
266 248 28
266 284 13
428 264 13
428 427 28
432 110 -13
432 268 -8
432 431 13
108 287 -28
108 125 8
108 109 28
421 261 -28
421 439 -28
243 241 -8
243 242 -8
243 68 -19
385 71 -13
385 225 -28
339 174 19
339 24 8
339 337 -8
339 341 -28
339 338 8
174 192 -8
174 156 13
174 175 -8
174 8 19
24 25 8
24 7 13
24 195 -19
337 172 28
337 336 19
341 176 28
341 26 19
338 177 -28
338 356 19
338 27 28
2 4 19
184 166 19
184 185 -13
203 364 -19
203 201 8
203 32 19
392 74 -28
392 391 -13
396 398 19
396 395 8
230 248 -19
4 3 -13
4 6 -13
378 217 13
378 395 8
268 269 28
268 286 28
268 96 -28
414 412 -28
414 95 8
414 413 -13
442 440 28
442 444 8
440 276 -8
440 438 8
440 117 -28
440 439 28
444 121 28
176 177 13
176 10 -8
176 194 -28
323 321 28
323 9 19
323 322 13
458 294 -28
458 456 -28
458 457 28
458 134 -8
294 295 13
294 276 -8
294 118 13
456 133 -28
456 455 28
457 439 19
457 137 -13
134 135 8
134 117 13
367 366 -28
367 369 -8
367 50 8
366 52 -13
366 384 -28
369 51 19
369 371 -28
369 204 -28
50 67 8
50 223 8
50 34 -19
3 173 13
3 20 19
6 8 -13
6 5 -13
6 172 19
6 316 13
263 265 -19
263 261 13
263 87 19
265 425 -19
265 267 13
265 264 -19
261 259 -13
165 326 -8
165 164 -19
165 163 -28
326 344 -13
326 327 -19
164 182 13
233 235 28
305 125 -13
305 465 28
125 448 28
125 142 13
125 126 -8
465 447 -28
213 374 -8
374 356 -13
374 391 -19
94 96 8
94 409 -28
96 95 -28
409 391 13
409 410 28
409 427 19
351 349 -13
351 353 -13
204 222 19
204 36 -8
235 234 13
235 395 -13
235 237 -13
418 254 19
418 99 19
415 433 -28
415 397 -28
415 100 13
274 292 13
274 275 -8
36 37 -13
349 34 -8
364 365 -13
399 400 28
399 239 28
121 122 -13
121 138 -28
462 138 -13
462 461 8
463 143 28
463 445 -19
287 289 13
287 447 -19
287 286 8
289 110 8
447 448 13
447 128 -8
286 111 -28
242 71 -8
353 352 28
353 188 8
241 67 28
241 401 13
401 419 -28
401 384 19
401 86 8
111 109 13
111 113 13
111 110 -19
269 267 19
25 23 -13
25 27 -13
25 336 19
25 192 -8
23 334 19
23 190 8
27 194 -8
27 26 19
336 318 -8
336 175 -13
192 357 13
192 193 8
177 175 8
177 7 -19
356 357 -28
356 195 -13
109 427 13
109 284 8
113 431 -19
110 95 -19
110 127 -28
173 334 -8
173 172 19
173 175 19
69 71 -13
69 68 -19
69 384 -19
68 51 8
384 223 19
365 200 -13
365 48 19
436 435 8
436 114 -28
435 453 -19
435 275 13
114 293 8
114 99 -19
410 246 -28
410 412 8
410 91 -13
427 445 -13
427 267 -19
30 31 -19
30 201 13
347 182 -13
347 32 -13
344 362 -19
344 33 13
318 8 -19
318 319 13
8 7 28
8 10 13
319 321 28
319 154 13
319 5 28
302 126 19
302 284 -19
126 445 -19
126 128 8
284 448 -13
137 135 -8
137 139 -8
137 136 8
99 275 -19
99 100 -28
83 397 -19
83 254 -19
400 398 13
400 236 -8
321 7 28
321 156 13
52 51 -19
52 222 8
52 54 -13
135 455 -28
139 138 -8
293 292 -8
293 453 -19
292 310 -19
453 471 8
51 225 28
222 223 -8
54 53 -8
267 91 -8
248 412 28
182 200 -28
128 127 13
371 53 -19
372 58 19
194 195 -8
175 5 -28
419 259 -8
419 437 8
419 103 19
397 398 -8
397 380 -13
397 237 28
193 195 8
193 191 -13
239 237 -19
254 236 -28
143 142 -8
258 259 13
258 276 -8
258 86 -13
311 471 -8
311 310 13
471 472 -28
398 234 13
380 219 28
380 66 19
380 362 13
237 236 -13
237 63 -8
472 148 19
236 66 13
362 201 28
33 31 -28
33 32 19
33 200 -8
201 200 -13
223 225 8
75 246 28
75 74 -8
246 247 28
246 264 8
74 91 13
74 57 -13
217 219 28
58 57 -13
276 103 -28
437 438 -28
437 118 28
437 455 13
103 102 28
102 117 -28
185 15 28
425 407 19
334 352 -8
334 316 19
20 191 13
15 32 -8
247 407 8
155 154 -8
155 316 19
154 172 13
295 455 -19
42 26 -13
413 395 -8
413 431 -8
117 118 13
352 191 28
172 190 -13
48 32 19
191 190 -13
9 10 -28
9 26 -13
