97 416 8
97 112 28
97 273 -28
97 98 -19
97 80 -28
416 418 13
416 415 -19
416 252 -28
416 414 -19
112 129 -28
112 113 13
112 434 28
112 291 -19
273 272 13
273 275 8
273 271 28
273 433 8
98 270 -13
98 96 8
98 100 28
98 413 -19
80 81 -19
80 63 8
80 255 -8
80 398 -13
181 179 28
181 342 13
181 183 -28
181 11 8
181 180 -8
179 178 -8
179 177 -19
179 340 28
179 9 -19
342 360 -28
342 324 -28
342 31 -13
342 343 -13
183 344 8
183 13 8
183 185 13
183 182 -13
11 12 28
11 28 28
11 325 -19
180 14 -13
180 162 13
180 345 28
180 198 28
452 288 -28
452 451 28
452 454 19
452 450 19
452 129 19
288 270 19
288 289 13
288 113 8
288 306 28
451 132 -19
451 469 13
451 291 19
451 433 -19
454 290 19
454 453 8
454 131 -19
450 286 19
450 448 -8
450 127 28
450 449 19
129 130 8
129 309 13
129 146 -8
12 14 19
12 178 -28
12 10 8
12 322 13
28 343 13
28 29 13
28 199 -8
28 44 -8
325 324 8
325 323 19
325 160 13
325 327 -8
468 304 8
468 467 -19
468 144 -8
468 470 13
468 466 -8
304 305 19
304 128 13
304 286 -28
467 147 -13
467 449 19
467 307 19
144 145 -8
144 127 -28
470 146 28
470 472 8
470 306 8
470 469 -13
466 464 8
466 302 -28
466 142 -8
466 465 8
333 332 8
333 18 -19
333 331 28
333 335 13
333 168 -19
332 21 19
332 350 13
332 171 13
332 314 8
18 19 -28
18 1 -28
18 35 13
18 189 8
331 17 13
331 330 -19
335 334 28
335 337 -13
335 20 13
335 170 28
168 2 -28
168 186 -19
168 169 -19
168 150 28
140 464 -19
140 141 -19
140 123 -19
464 462 -28
464 463 13
464 300 8
141 143 -19
141 139 8
141 461 -19
123 303 8
123 124 8
123 446 -19
123 107 28
229 389 -28
229 228 -8
229 55 28
229 231 8
229 227 28
389 75 8
389 372 -28
389 390 -13
389 407 8
228 210 28
228 58 8
228 246 -28
228 392 28
55 373 -19
55 56 19
55 38 19
55 72 -8
231 57 -28
231 230 8
231 391 28
231 233 13
227 226 8
227 387 19
227 225 13
227 53 19
377 59 8
377 379 -8
377 212 13
377 376 19
377 375 -19
59 76 19
59 60 -28
59 233 -13
59 42 -19
379 61 19
379 214 13
379 378 -8
379 381 19
212 213 8
212 43 28
212 194 28
212 230 -13
376 358 -28
376 62 28
376 215 -8
376 393 -28
375 210 28
375 373 13
375 57 13
375 374 -13
373 371 19
373 372 28
373 208 -13
56 226 -19
56 58 -19
56 54 -8
56 370 19
38 211 -28
38 355 -28
38 39 13
38 22 -13
72 247 -13
72 73 -28
72 390 28
72 89 8
14 324 -19
14 13 -8
14 16 13
324 163 19
13 327 -13
13 30 -19
16 15 -28
16 182 -8
16 326 13
220 202 -13
220 221 -19
220 238 28
202 184 13
202 203 -8
221 382 28
221 219 -28
221 48 -28
238 256 19
238 239 -28
424 260 8
424 422 -8
424 423 -28
424 426 -13
260 278 -8
260 242 13
260 261 -13
260 88 -8
422 420 19
422 102 -19
422 258 -8
422 421 -8
423 106 19
423 263 28
423 405 -19
423 441 -8
426 105 -8
426 425 -19
426 428 13
426 262 -19
101 84 -19
101 277 -28
101 420 8
101 116 -19
84 67 -28
84 259 -19
84 402 13
277 276 -8
277 437 -8
277 279 19
420 419 -8
116 295 13
116 438 8
116 133 -8
196 29 28
196 361 28
196 214 8
196 197 28
196 178 -8
29 31 -13
29 27 -8
29 340 -13
361 363 -13
361 44 -19
361 360 -13
361 359 -28
214 232 -19
214 215 19
214 45 -28
197 358 -13
197 199 -13
197 195 -28
197 26 -8
178 160 -8
178 343 28
388 386 19
388 70 8
388 387 19
388 390 -28
388 224 19
386 222 -13
386 68 8
386 385 8
70 87 13
70 71 8
70 53 28
70 245 19
387 405 8
387 370 8
387 73 -8
390 226 -28
390 392 -28
224 206 -19
224 225 13
224 242 -19
224 54 -13
303 305 -8
303 302 13
303 463 19
303 301 -13
124 122 -19
124 300 -13
124 443 -19
124 126 -28
446 445 -19
446 448 19
446 282 13
446 444 -19
107 285 -8
107 91 19
107 428 28
290 272 -19
290 115 8
290 308 -8
290 291 -13
272 436 -28
272 100 -13
272 254 13
115 113 28
115 433 8
115 114 28
308 132 -13
308 309 19
308 472 -28
291 293 28
291 289 28
211 213 -19
211 210 -8
211 372 -28
211 209 8
355 357 13
355 354 8
355 353 -28
355 190 -28
39 41 -19
39 37 13
39 208 -28
39 352 28
22 193 -13
22 337 28
22 5 -19
22 23 -28
404 406 -19
404 240 19
404 402 28
404 85 -28
404 403 28
406 87 28
406 405 28
406 408 -28
406 242 -8
240 241 -8
240 69 8
240 258 -13
240 222 19
402 401 19
85 102 -13
85 68 28
85 86 -19
85 261 13
403 421 -19
403 243 -13
403 385 -13
403 88 28
147 149 -13
147 146 8
147 145 -13
149 469 -13
149 148 -13
145 143 -13
145 465 -28
244 245 28
244 226 -8
244 408 19
244 262 8
244 73 -8
245 247 -8
245 405 -19
245 243 -8
226 208 -19
408 89 -28
408 410 8
408 407 28
262 90 13
262 263 19
262 280 19
73 75 -8
73 71 19
313 315 -13
313 312 -19
313 0 13
315 314 -8
315 317 -28
315 150 -28
315 1 8
312 330 8
312 2 19
312 151 13
0 17 -28
0 169 8
343 345 28
343 341 13
199 360 13
199 201 28
199 198 -13
44 61 -13
44 45 -19
44 217 8
152 153 -19
152 170 -13
152 317 19
153 155 19
153 314 19
153 151 -13
170 4 13
170 171 -8
170 188 19
317 3 -13
317 319 28
317 316 -19
358 359 13
358 340 -13
358 45 -8
359 357 13
359 194 28
359 42 13
340 341 -28
340 322 -28
45 47 -8
45 43 13
41 354 19
41 40 -28
41 43 8
41 210 19
354 372 19
354 193 19
354 336 -13
40 213 13
40 357 -8
40 24 -19
40 57 8
43 42 8
43 356 -19
210 192 -19
270 434 13
270 271 13
270 252 -19
434 436 19
434 432 -28
434 433 -28
271 269 -13
271 95 28
271 431 -28
252 253 -28
252 81 -13
252 234 19
363 198 13
363 365 13
363 46 -8
363 362 8
360 47 13
360 378 -19
160 161 -19
251 253 -28
251 250 -19
251 249 19
251 76 13
251 411 13
253 255 -8
253 78 28
253 413 -8
250 79 8
250 232 19
250 268 28
250 414 -13
249 409 -19
249 247 8
249 74 13
249 248 19
76 394 13
76 93 -19
76 77 -28
411 429 13
411 393 -28
411 412 28
411 96 -19
296 460 19
296 297 -13
296 278 -28
296 120 -13
460 458 13
460 136 13
460 462 13
460 459 28
297 299 8
297 457 -28
297 295 8
297 117 -13
278 442 -19
278 279 -8
278 104 -28
120 122 -13
120 119 28
120 118 -28
120 439 19
394 392 -19
394 396 -13
394 393 -8
394 230 19
93 94 19
93 269 -8
93 412 13
93 108 -13
77 79 19
77 75 19
77 391 -8
77 248 19
159 157 -13
159 158 8
159 320 -13
159 161 -19
157 318 -8
157 155 -28
157 156 28
158 176 -28
158 323 28
320 338 8
320 321 19
320 10 -19
161 163 -13
161 322 19
314 4 -19
150 151 28
1 2 13
1 171 -28
208 209 19
208 190 19
299 459 -19
299 298 -28
299 301 -19
299 119 -8
459 441 -19
459 139 -19
298 280 -28
298 122 28
298 462 19
301 300 8
301 461 -13
301 121 13
119 442 -13
119 136 -28
79 78 -19
79 393 -19
79 81 -13
78 61 -19
78 95 -8
78 396 -19
393 233 13
81 395 28
81 83 -19
207 205 -13
207 209 13
207 368 8
207 35 -13
207 206 -13
205 366 8
205 34 -13
205 204 -8
209 370 -13
368 350 28
368 369 13
368 54 -19
368 385 28
35 351 -19
35 51 -8
35 36 13
206 37 28
206 371 28
206 188 28
130 132 13
130 128 13
130 306 -28
130 449 -13
309 311 28
309 469 -28
309 307 28
162 327 -13
162 163 19
345 30 -19
345 347 -19
345 344 28
198 216 -13
198 31 -28
328 346 -28
328 167 13
328 329 -19
346 364 -13
346 347 13
346 185 -8
167 165 13
167 166 28
329 164 -19
329 327 -8
329 15 -13
132 131 13
131 311 -8
131 148 -28
131 114 -19
449 289 -28
449 431 -8
307 305 13
307 127 -13
307 306 28
21 19 -13
21 23 -8
21 20 -19
21 188 -19
350 351 13
350 189 -8
350 37 8
171 173 8
171 169 -28
47 49 13
47 216 -28
47 46 13
49 48 28
49 218 -8
49 362 -8
216 217 19
216 381 -28
216 234 19
46 219 28
46 30 13
46 63 -19
62 232 13
62 64 13
62 60 -8
62 61 8
215 213 8
215 42 -28
215 217 8
187 17 28
187 348 -28
187 186 13
187 189 -28
17 34 -19
348 36 -19
348 349 19
348 330 -19
348 366 19
186 19 -13
186 351 -28
186 204 -28
189 191 13
189 188 -19
90 405 -28
90 92 28
90 89 8
90 88 8
92 94 19
92 264 28
92 407 8
92 91 -13
89 105 -13
89 265 28
88 87 -13
88 86 -13
281 279 -13
281 283 13
281 441 19
281 280 -13
279 102 -13
279 439 19
283 282 -13
283 285 -19
283 443 -13
283 105 8
441 442 -28
441 122 28
280 106 -19
280 444 13
232 396 13
232 233 -13
64 63 28
64 66 -8
64 234 28
64 378 -13
60 58 8
60 374 -19
60 230 -8
61 235 28
257 417 8
257 255 -8
257 82 -19
257 256 8
417 418 -8
417 435 28
417 399 13
255 415 -13
255 254 19
82 99 13
82 65 -19
82 83 -19
82 400 19
256 274 19
19 330 -19
330 169 -28
383 382 28
383 65 -28
383 218 -13
383 381 13
382 364 13
382 399 -8
65 66 13
65 239 8
65 48 -13
218 219 28
218 200 8
218 236 -13
381 63 -19
381 380 -8
106 104 8
106 105 19
104 103 -28
104 421 28
105 121 8
370 371 8
370 352 -13
282 264 19
282 300 -8
285 287 28
285 445 8
285 284 -19
443 425 -8
443 444 -13
443 461 -13
430 429 -13
430 266 19
430 428 -8
430 432 -19
430 108 -19
429 111 13
429 447 19
429 269 13
266 94 -19
266 267 -8
266 248 -8
266 284 -28
428 264 -13
428 427 -28
432 110 -19
432 268 -28
432 431 -19
108 287 13
108 125 -19
108 109 13
421 261 8
421 439 8
243 241 -13
243 242 13
243 68 8
385 71 -8
385 225 -13
339 174 8
339 24 8
339 337 -13
339 341 28
339 338 8
174 192 -19
174 156 28
174 175 13
174 8 19
24 25 -19
24 7 8
24 195 -28
337 172 -19
337 336 -19
341 176 8
341 26 -13
338 177 8
338 356 28
338 27 -19
2 4 -19
184 166 8
184 185 -8
203 364 19
203 201 -19
203 32 -8
392 74 19
392 391 -8
396 398 28
396 395 13
230 248 8
4 3 13
4 6 8
378 217 -19
378 395 8
268 269 28
268 286 -28
268 96 -19
414 412 -28
414 95 -28
414 413 28
442 440 13
442 444 13
440 276 19
440 438 -13
440 117 -8
440 439 28
444 121 13
176 177 8
176 10 -19
176 194 8
323 321 -8
323 9 -8
323 322 -28
458 294 8
458 456 19
458 457 -28
458 134 19
294 295 -13
294 276 13
294 118 19
456 133 13
456 455 -28
457 439 13
457 137 19
134 135 -13
134 117 -8
367 366 13
367 369 19
367 50 -28
366 52 19
366 384 -13
369 51 13
369 371 8
369 204 19
50 67 28
50 223 -8
50 34 13
3 173 19
3 20 13
6 8 -13
6 5 19
6 172 -8
6 316 -28
263 265 -8
263 261 8
263 87 -28
265 425 13
265 267 28
265 264 13
261 259 -13
165 326 8
165 164 8
165 163 -28
326 344 8
326 327 -13
164 182 8
233 235 8
305 125 -13
305 465 13
125 448 8
125 142 19
125 126 -8
465 447 -19
213 374 -19
374 356 13
374 391 -19
94 96 -19
94 409 -28
96 95 28
409 391 13
409 410 19
409 427 28
351 349 -8
351 353 -28
204 222 28
204 36 8
235 234 28
235 395 -19
235 237 -28
418 254 28
418 99 28
415 433 28
415 397 -28
415 100 28
274 292 -8
274 275 -13
36 37 19
349 34 19
364 365 -13
399 400 28
399 239 -13
121 122 -13
121 138 -8
462 138 -19
462 461 -8
463 143 19
463 445 19
287 289 -19
287 447 19
287 286 8
289 110 -8
447 448 19
447 128 13
286 111 -19
242 71 13
353 352 -13
353 188 -28
241 67 -8
241 401 -19
401 419 -8
401 384 -13
401 86 19
111 109 19
111 113 13
111 110 -8
269 267 -19
25 23 13
25 27 -13
25 336 8
25 192 -28
23 334 -19
23 190 28
27 194 19
27 26 8
336 318 28
336 175 -13
192 357 28
192 193 -28
177 175 8
177 7 -19
356 357 28
356 195 8
109 427 13
109 284 8
113 431 -13
110 95 -8
110 127 -8
173 334 13
173 172 28
173 175 13
69 71 19
69 68 13
69 384 -28
68 51 -8
384 223 -19
365 200 8
365 48 -13
436 435 19
436 114 -8
435 453 8
435 275 -28
114 293 28
114 99 28
410 246 8
410 412 -28
410 91 -13
427 445 8
427 267 28
30 31 28
30 201 19
347 182 13
347 32 28
344 362 -19
344 33 19
318 8 -13
318 319 -28
8 7 19
8 10 8
319 321 28
319 154 -19
319 5 19
302 126 -28
302 284 13
126 445 19
126 128 28
284 448 28
137 135 -28
137 139 19
137 136 -8
99 275 13
99 100 -28
83 397 -8
83 254 28
400 398 28
400 236 -8
321 7 -13
321 156 19
52 51 28
52 222 -19
52 54 -8
135 455 -19
139 138 13
293 292 -8
293 453 -13
292 310 -8
453 471 19
51 225 -19
222 223 -8
54 53 8
267 91 8
248 412 -13
182 200 -8
128 127 19
371 53 -8
372 58 -28
194 195 -8
175 5 -13
419 259 13
419 437 13
419 103 13
397 398 13
397 380 -8
397 237 13
193 195 19
193 191 19
239 237 13
254 236 28
143 142 8
258 259 -19
258 276 8
258 86 -8
311 471 8
311 310 28
471 472 -19
398 234 -28
380 219 -28
380 66 -13
380 362 19
237 236 -19
237 63 28
472 148 -8
236 66 -19
362 201 -8
33 31 -19
33 32 -13
33 200 -8
201 200 -28
223 225 8
75 246 -8
75 74 -19
246 247 13
246 264 -13
74 91 8
74 57 -28
217 219 -8
58 57 -28
276 103 -19
437 438 -13
437 118 28
437 455 8
103 102 -19
102 117 -13
185 15 -19
425 407 19
334 352 -8
334 316 13
20 191 -28
15 32 8
247 407 -28
155 154 -19
155 316 -8
154 172 -13
295 455 8
42 26 13
413 395 -19
413 431 -28
117 118 -13
352 191 -28
172 190 13
48 32 -28
191 190 28
9 10 19
9 26 -13
