97 416 -28
97 112 -13
97 273 19
97 98 19
97 80 19
416 418 28
416 415 8
416 252 19
416 414 28
112 129 -13
112 113 13
112 434 -13
112 291 19
273 272 -19
273 275 28
273 271 19
273 433 -19
98 270 -28
98 96 -8
98 100 19
98 413 -8
80 81 -13
80 63 8
80 255 19
80 398 28
181 179 -8
181 342 28
181 183 8
181 11 -28
181 180 -8
179 178 8
179 177 -8
179 340 8
179 9 28
342 360 -19
342 324 8
342 31 -28
342 343 -28
183 344 28
183 13 -19
183 185 8
183 182 -28
11 12 -13
11 28 -19
11 325 -19
180 14 28
180 162 28
180 345 19
180 198 -19
452 288 19
452 451 -28
452 454 -28
452 450 13
452 129 8
288 270 8
288 289 8
288 113 8
288 306 -28
451 132 13
451 469 -28
451 291 19
451 433 -28
454 290 -19
454 453 28
454 131 -13
450 286 -19
450 448 8
450 127 19
450 449 19
129 130 -13
129 309 13
129 146 -13
12 14 -28
12 178 8
12 10 13
12 322 -8
28 343 8
28 29 19
28 199 8
28 44 -8
325 324 -19
325 323 -13
325 160 8
325 327 -19
468 304 8
468 467 -8
468 144 -28
468 470 -8
468 466 -28
304 305 8
304 128 -13
304 286 -19
467 147 -28
467 449 28
467 307 -13
144 145 -19
144 127 19
470 146 19
470 472 -8
470 306 19
470 469 -13
466 464 -28
466 302 -8
466 142 -28
466 465 -19
333 332 8
333 18 -19
333 331 19
333 335 8
333 168 28
332 21 19
332 350 -28
332 171 28
332 314 19
18 19 -8
18 1 8
18 35 28
18 189 13
331 17 28
331 330 8
335 334 -19
335 337 13
335 20 8
335 170 13
168 2 -13
168 186 -19
168 169 -13
168 150 -19
140 464 -28
140 141 13
140 123 -8
464 462 -19
464 463 -8
464 300 13
141 143 -13
141 139 -13
141 461 8
123 303 8
123 124 8
123 446 13
123 107 -28
229 389 13
229 228 19
229 55 28
229 231 -13
229 227 19
389 75 -19
389 372 8
389 390 -19
389 407 19
228 210 8
228 58 -28
228 246 19
228 392 28
55 373 -8
55 56 13
55 38 8
55 72 8
231 57 28
231 230 19
231 391 -19
231 233 -19
227 226 13
227 387 -13
227 225 -8
227 53 -13
377 59 -28
377 379 19
377 212 -19
377 376 -8
377 375 -19
59 76 -13
59 60 19
59 233 -19
59 42 -19
379 61 -28
379 214 13
379 378 -13
379 381 -13
212 213 -19
212 43 -13
212 194 8
212 230 19
376 358 -28
376 62 -28
376 215 -13
376 393 13
375 210 19
375 373 19
375 57 13
375 374 8
373 371 13
373 372 28
373 208 13
56 226 -28
56 58 -13
56 54 -28
56 370 -8
38 211 28
38 355 28
38 39 28
38 22 8
72 247 -8
72 73 8
72 390 -8
72 89 8
14 324 28
14 13 19
14 16 -13
324 163 -28
13 327 28
13 30 13
16 15 13
16 182 13
16 326 13
220 202 -19
220 221 -19
220 238 28
202 184 -13
202 203 19
221 382 8
221 219 -8
221 48 -19
238 256 -13
238 239 -28
424 260 -13
424 422 13
424 423 19
424 426 -13
260 278 -19
260 242 28
260 261 19
260 88 -19
422 420 8
422 102 28
422 258 -13
422 421 19
423 106 -19
423 263 -8
423 405 -8
423 441 13
426 105 28
426 425 -13
426 428 -19
426 262 -8
101 84 -13
101 277 28
101 420 -8
101 116 13
84 67 28
84 259 -13
84 402 -13
277 276 -13
277 437 28
277 279 13
420 419 -28
116 295 -13
116 438 -8
116 133 -13
196 29 -19
196 361 -8
196 214 13
196 197 -28
196 178 13
29 31 8
29 27 19
29 340 19
361 363 13
361 44 28
361 360 -28
361 359 -19
214 232 -8
214 215 -13
214 45 13
197 358 28
197 199 -8
197 195 19
197 26 -8
178 160 -8
178 343 8
388 386 -13
388 70 -19
388 387 8
388 390 28
388 224 -8
386 222 19
386 68 -13
386 385 28
70 87 28
70 71 28
70 53 13
70 245 19
387 405 28
387 370 -28
387 73 8
390 226 -13
390 392 19
224 206 -8
224 225 8
224 242 -28
224 54 -19
303 305 8
303 302 -8
303 463 -28
303 301 -13
124 122 19
124 300 19
124 443 13
124 126 -8
446 445 -8
446 448 -8
446 282 19
446 444 -8
107 285 13
107 91 -28
107 428 -28
290 272 -28
290 115 8
290 308 28
290 291 -19
272 436 -8
272 100 8
272 254 -13
115 113 -19
115 433 28
115 114 -28
308 132 -19
308 309 28
308 472 8
291 293 -8
291 289 -13
211 213 -8
211 210 28
211 372 -8
211 209 -8
355 357 28
355 354 28
355 353 -8
355 190 -8
39 41 13
39 37 19
39 208 -13
39 352 -19
22 193 19
22 337 13
22 5 19
22 23 13
404 406 19
404 240 19
404 402 -13
404 85 -13
404 403 8
406 87 19
406 405 -8
406 408 -19
406 242 -28
240 241 8
240 69 13
240 258 28
240 222 -19
402 401 28
85 102 13
85 68 13
85 86 19
85 261 -8
403 421 -13
403 243 8
403 385 28
403 88 -13
147 149 8
147 146 28
147 145 19
149 469 28
149 148 -19
145 143 -8
145 465 -8
244 245 28
244 226 -19
244 408 -13
244 262 19
244 73 -8
245 247 19
245 405 28
245 243 8
226 208 -13
408 89 13
408 410 -19
408 407 19
262 90 8
262 263 8
262 280 19
73 75 -28
73 71 -8
313 315 -19
313 312 -28
313 0 -19
315 314 -19
315 317 19
315 150 -8
315 1 28
312 330 -19
312 2 -13
312 151 -19
0 17 8
0 169 -28
343 345 19
343 341 19
199 360 28
199 201 -28
199 198 8
44 61 28
44 45 28
44 217 19
152 153 -8
152 170 8
152 317 -8
153 155 -8
153 314 -13
153 151 -19
170 4 -28
170 171 -13
170 188 -28
317 3 28
317 319 -13
317 316 -19
358 359 -8
358 340 -13
358 45 28
359 357 -28
359 194 19
359 42 28
340 341 28
340 322 19
45 47 13
45 43 -8
41 354 -28
41 40 28
41 43 13
41 210 13
354 372 -28
354 193 -28
354 336 19
40 213 8
40 357 19
40 24 -28
40 57 -19
43 42 -13
43 356 13
210 192 19
270 434 19
270 271 8
270 252 28
434 436 -28
434 432 -8
434 433 -28
271 269 -28
271 95 28
271 431 -13
252 253 19
252 81 -19
252 234 -8
363 198 -19
363 365 28
363 46 13
363 362 -19
360 47 13
360 378 -28
160 161 28
251 253 19
251 250 -13
251 249 -8
251 76 -19
251 411 -19
253 255 8
253 78 -19
253 413 8
250 79 28
250 232 -13
250 268 -19
250 414 13
249 409 -28
249 247 8
249 74 19
249 248 -28
76 394 28
76 93 13
76 77 -13
411 429 -19
411 393 13
411 412 28
411 96 13
296 460 19
296 297 13
296 278 -8
296 120 -28
460 458 -28
460 136 28
460 462 8
460 459 -8
297 299 8
297 457 13
297 295 -28
297 117 13
278 442 28
278 279 13
278 104 -13
120 122 19
120 119 -13
120 118 13
120 439 -13
394 392 28
394 396 13
394 393 -8
394 230 28
93 94 8
93 269 8
93 412 13
93 108 19
77 79 -28
77 75 8
77 391 28
77 248 19
159 157 28
159 158 8
159 320 13
159 161 28
157 318 8
157 155 19
157 156 -28
158 176 -19
158 323 8
320 338 -13
320 321 -13
320 10 28
161 163 -28
161 322 13
314 4 -13
150 151 28
1 2 13
1 171 -28
208 209 -13
208 190 -19
299 459 28
299 298 13
299 301 28
299 119 28
459 441 -28
459 139 19
298 280 -8
298 122 -28
298 462 13
301 300 8
301 461 -8
301 121 28
119 442 -8
119 136 -13
79 78 -19
79 393 -19
79 81 -19
78 61 13
78 95 28
78 396 19
393 233 28
81 395 19
81 83 28
207 205 8
207 209 8
207 368 -19
207 35 28
207 206 -28
205 366 19
205 34 -19
205 204 28
209 370 -13
368 350 -8
368 369 28
368 54 -13
368 385 -19
35 351 19
35 51 -19
35 36 -8
206 37 -13
206 371 19
206 188 8
130 132 19
130 128 13
130 306 19
130 449 13
309 311 -8
309 469 28
309 307 28
162 327 19
162 163 -28
345 30 19
345 347 13
345 344 -8
198 216 -13
198 31 -8
328 346 8
328 167 -13
328 329 -13
346 364 13
346 347 13
346 185 -28
167 165 28
167 166 8
329 164 -13
329 327 13
329 15 8
132 131 13
131 311 19
131 148 8
131 114 13
449 289 -13
449 431 -8
307 305 13
307 127 -8
307 306 8
21 19 19
21 23 -19
21 20 -13
21 188 -13
350 351 8
350 189 -8
350 37 19
171 173 19
171 169 8
47 49 19
47 216 19
47 46 13
49 48 -13
49 218 13
49 362 19
216 217 19
216 381 -28
216 234 8
46 219 19
46 30 -28
46 63 -13
62 232 -19
62 64 13
62 60 8
62 61 -13
215 213 -13
215 42 -13
215 217 -19
187 17 8
187 348 13
187 186 19
187 189 13
17 34 -13
348 36 -19
348 349 8
348 330 8
348 366 13
186 19 -8
186 351 8
186 204 -28
189 191 -28
189 188 -19
90 405 13
90 92 28
90 89 28
90 88 -19
92 94 19
92 264 19
92 407 -19
92 91 -28
89 105 28
89 265 -8
88 87 -13
88 86 13
281 279 8
281 283 -19
281 441 -13
281 280 -28
279 102 28
279 439 19
283 282 19
283 285 28
283 443 -19
283 105 -28
441 442 28
441 122 -19
280 106 -8
280 444 13
232 396 -19
232 233 28
64 63 8
64 66 28
64 234 28
64 378 13
60 58 -28
60 374 8
60 230 -8
61 235 -8
257 417 13
257 255 28
257 82 19
257 256 28
417 418 19
417 435 19
417 399 -28
255 415 28
255 254 8
82 99 -19
82 65 13
82 83 -28
82 400 28
256 274 8
19 330 19
330 169 13
383 382 28
383 65 -13
383 218 19
383 381 -19
382 364 -13
382 399 -8
65 66 -13
65 239 13
65 48 -13
218 219 28
218 200 8
218 236 -13
381 63 19
381 380 -8
106 104 28
106 105 13
104 103 -19
104 421 -13
105 121 -8
370 371 -8
370 352 -13
282 264 8
282 300 -19
285 287 -13
285 445 -19
285 284 28
443 425 -28
443 444 -28
443 461 -8
430 429 19
430 266 28
430 428 -13
430 432 13
430 108 19
429 111 28
429 447 13
429 269 -13
266 94 28
266 267 -8
266 248 -13
266 284 8
428 264 28
428 427 13
432 110 -8
432 268 8
432 431 -19
108 287 -8
108 125 -19
108 109 28
421 261 -13
421 439 -28
243 241 -8
243 242 8
243 68 13
385 71 -19
385 225 -13
339 174 28
339 24 -19
339 337 -13
339 341 28
339 338 8
174 192 13
174 156 -19
174 175 8
174 8 -28
24 25 -28
24 7 8
24 195 28
337 172 8
337 336 13
341 176 28
341 26 13
338 177 28
338 356 28
338 27 -13
2 4 -13
184 166 -28
184 185 13
203 364 8
203 201 19
203 32 8
392 74 19
392 391 -13
396 398 19
396 395 -28
230 248 8
4 3 -8
4 6 -28
378 217 -13
378 395 13
268 269 28
268 286 -28
268 96 13
414 412 28
414 95 13
414 413 -13
442 440 8
442 444 -13
440 276 19
440 438 -13
440 117 -13
440 439 -8
444 121 -19
176 177 13
176 10 -8
176 194 -28
323 321 28
323 9 -28
323 322 -8
458 294 -19
458 456 -13
458 457 -13
458 134 19
294 295 8
294 276 -8
294 118 -19
456 133 28
456 455 -13
457 439 -13
457 137 -19
134 135 19
134 117 8
367 366 19
367 369 -28
367 50 28
366 52 19
366 384 -28
369 51 -19
369 371 13
369 204 8
50 67 8
50 223 -8
50 34 13
3 173 28
3 20 8
6 8 -19
6 5 28
6 172 28
6 316 8
263 265 -8
263 261 19
263 87 19
265 425 -13
265 267 -19
265 264 -13
261 259 -13
165 326 28
165 164 -13
165 163 19
326 344 19
326 327 13
164 182 13
233 235 13
305 125 -19
305 465 -28
125 448 8
125 142 -13
125 126 8
465 447 -19
213 374 -28
374 356 8
374 391 -13
94 96 -19
94 409 -8
96 95 -19
409 391 28
409 410 19
409 427 -13
351 349 13
351 353 -8
204 222 -19
204 36 -28
235 234 -8
235 395 -13
235 237 13
418 254 19
418 99 8
415 433 -19
415 397 -8
415 100 19
274 292 19
274 275 28
36 37 13
349 34 28
364 365 19
399 400 8
399 239 8
121 122 8
121 138 -13
462 138 8
462 461 -28
463 143 13
463 445 13
287 289 8
287 447 -8
287 286 13
289 110 -28
447 448 -28
447 128 -13
286 111 28
242 71 -13
353 352 13
353 188 28
241 67 19
241 401 -28
401 419 -13
401 384 -13
401 86 19
111 109 13
111 113 -8
111 110 8
269 267 8
25 23 8
25 27 -13
25 336 -13
25 192 -19
23 334 19
23 190 13
27 194 -19
27 26 8
336 318 -13
336 175 -19
192 357 19
192 193 28
177 175 8
177 7 -13
356 357 -19
356 195 -19
109 427 -19
109 284 19
113 431 -19
110 95 -19
110 127 8
173 334 -8
173 172 19
173 175 -13
69 71 13
69 68 28
69 384 19
68 51 13
384 223 13
365 200 13
365 48 19
436 435 -8
436 114 -8
435 453 19
435 275 -19
114 293 19
114 99 -19
410 246 -13
410 412 -8
410 91 -8
427 445 -13
427 267 13
30 31 -28
30 201 28
347 182 -19
347 32 -19
344 362 -8
344 33 8
318 8 13
318 319 -28
8 7 13
8 10 -8
319 321 13
319 154 -19
319 5 -13
302 126 19
302 284 8
126 445 -13
126 128 8
284 448 8
137 135 8
137 139 -28
137 136 28
99 275 13
99 100 19
83 397 -8
83 254 13
400 398 -28
400 236 -8
321 7 -28
321 156 13
52 51 19
52 222 -13
52 54 -19
135 455 -13
139 138 -19
293 292 19
293 453 19
292 310 -28
453 471 8
51 225 -13
222 223 28
54 53 13
267 91 19
248 412 28
182 200 -19
128 127 -8
371 53 -28
372 58 -28
194 195 8
175 5 28
419 259 -13
419 437 -28
419 103 19
397 398 8
397 380 -13
397 237 28
193 195 -8
193 191 -19
239 237 13
254 236 -28
143 142 -13
258 259 -19
258 276 28
258 86 -28
311 471 13
311 310 8
471 472 -8
398 234 8
380 219 19
380 66 13
380 362 8
237 236 28
237 63 -28
472 148 -8
236 66 -13
362 201 13
33 31 28
33 32 -19
33 200 -28
201 200 -19
223 225 -8
75 246 13
75 74 -19
246 247 -13
246 264 -8
74 91 19
74 57 8
217 219 -19
58 57 28
276 103 -13
437 438 -13
437 118 28
437 455 -19
103 102 -28
102 117 13
185 15 -28
425 407 13
334 352 -13
334 316 -8
20 191 19
15 32 -28
247 407 -19
155 154 -28
155 316 -19
154 172 28
295 455 19
42 26 -8
413 395 -19
413 431 13
117 118 19
352 191 19
172 190 28
48 32 -19
191 190 19
9 10 -8
9 26 28
