97 416 28
97 112 -19
97 273 8
97 98 -8
97 80 -8
416 418 28
416 415 -13
416 252 -28
416 414 28
112 129 -13
112 113 -13
112 434 -13
112 291 -28
273 272 -13
273 275 -28
273 271 19
273 433 19
98 270 28
98 96 -19
98 100 8
98 413 8
80 81 19
80 63 13
80 255 8
80 398 -28
181 179 -28
181 342 -28
181 183 19
181 11 8
181 180 19
179 178 13
179 177 28
179 340 -13
179 9 28
342 360 13
342 324 -28
342 31 8
342 343 13
183 344 -8
183 13 -28
183 185 -13
183 182 28
11 12 -13
11 28 19
11 325 -8
180 14 -19
180 162 28
180 345 -8
180 198 -19
452 288 -13
452 451 8
452 454 -8
452 450 8
452 129 19
288 270 -8
288 289 19
288 113 -13
288 306 19
451 132 19
451 469 28
451 291 8
451 433 19
454 290 -13
454 453 -28
454 131 -28
450 286 -28
450 448 -8
450 127 -19
450 449 13
129 130 19
129 309 19
129 146 8
12 14 -8
12 178 -8
12 10 8
12 322 -13
28 343 -19
28 29 13
28 199 -28
28 44 -13
325 324 -8
325 323 19
325 160 8
325 327 28
468 304 28
468 467 -28
468 144 -13
468 470 13
468 466 -19
304 305 19
304 128 28
304 286 -19
467 147 -28
467 449 -19
467 307 8
144 145 13
144 127 28
470 146 -13
470 472 13
470 306 -13
470 469 -28
466 464 -19
466 302 -8
466 142 19
466 465 -13
333 332 -28
333 18 8
333 331 -8
333 335 -8
333 168 13
332 21 13
332 350 -28
332 171 -28
332 314 -8
18 19 8
18 1 -28
18 35 19
18 189 19
331 17 -28
331 330 19
335 334 -19
335 337 13
335 20 8
335 170 19
168 2 -8
168 186 -13
168 169 -8
168 150 28
140 464 8
140 141 -19
140 123 -8
464 462 28
464 463 -19
464 300 19
141 143 -8
141 139 -13
141 461 -8
123 303 -13
123 124 19
123 446 13
123 107 -13
229 389 28
229 228 19
229 55 13
229 231 -19
229 227 13
389 75 -8
389 372 13
389 390 13
389 407 8
228 210 -19
228 58 19
228 246 -13
228 392 28
55 373 -19
55 56 -8
55 38 28
55 72 13
231 57 8
231 230 19
231 391 -28
231 233 -8
227 226 13
227 387 -8
227 225 -28
227 53 -8
377 59 13
377 379 -19
377 212 -19
377 376 28
377 375 19
59 76 8
59 60 -8
59 233 13
59 42 -28
379 61 -8
379 214 -28
379 378 19
379 381 13
212 213 -19
212 43 13
212 194 19
212 230 19
376 358 28
376 62 28
376 215 -13
376 393 19
375 210 28
375 373 -8
375 57 -8
375 374 19
373 371 13
373 372 13
373 208 19
56 226 8
56 58 19
56 54 -19
56 370 -8
38 211 28
38 355 -19
38 39 8
38 22 -8
72 247 28
72 73 -8
72 390 8
72 89 28
14 324 -8
14 13 -28
14 16 -13
324 163 8
13 327 -28
13 30 13
16 15 19
16 182 -28
16 326 28
220 202 28
220 221 28
220 238 13
202 184 19
202 203 -13
221 382 13
221 219 8
221 48 -19
238 256 8
238 239 -13
424 260 -13
424 422 -19
424 423 28
424 426 28
260 278 -8
260 242 -19
260 261 -8
260 88 13
422 420 19
422 102 28
422 258 -28
422 421 -13
423 106 -13
423 263 -8
423 405 8
423 441 19
426 105 13
426 425 -28
426 428 8
426 262 19
101 84 -19
101 277 19
101 420 -8
101 116 -13
84 67 19
84 259 13
84 402 19
277 276 13
277 437 -8
277 279 -13
420 419 -8
116 295 19
116 438 28
116 133 -19
196 29 8
196 361 13
196 214 -13
196 197 -13
196 178 28
29 31 8
29 27 8
29 340 13
361 363 8
361 44 19
361 360 8
361 359 -19
214 232 -13
214 215 -19
214 45 -8
197 358 8
197 199 -28
197 195 13
197 26 8
178 160 -8
178 343 13
388 386 28
388 70 28
388 387 8
388 390 -19
388 224 -8
386 222 -19
386 68 13
386 385 -28
70 87 19
70 71 -8
70 53 -8
70 245 13
387 405 13
387 370 -8
387 73 -13
390 226 -13
390 392 28
224 206 -19
224 225 -8
224 242 19
224 54 28
303 305 19
303 302 13
303 463 -13
303 301 -8
124 122 8
124 300 13
124 443 -13
124 126 -28
446 445 28
446 448 8
446 282 28
446 444 8
107 285 8
107 91 8
107 428 19
290 272 19
290 115 28
290 308 -8
290 291 28
272 436 13
272 100 13
272 254 28
115 113 13
115 433 -13
115 114 -13
308 132 8
308 309 19
308 472 -28
291 293 -28
291 289 8
211 213 -19
211 210 -8
211 372 -8
211 209 8
355 357 -19
355 354 -19
355 353 8
355 190 19
39 41 -13
39 37 -13
39 208 -8
39 352 -28
22 193 -19
22 337 -8
22 5 -28
22 23 -13
404 406 13
404 240 28
404 402 -28
404 85 19
404 403 -19
406 87 -8
406 405 19
406 408 19
406 242 13
240 241 -19
240 69 13
240 258 8
240 222 -8
402 401 19
85 102 13
85 68 -28
85 86 -8
85 261 -19
403 421 8
403 243 -19
403 385 19
403 88 -8
147 149 -19
147 146 13
147 145 -8
149 469 -13
149 148 8
145 143 19
145 465 13
244 245 -19
244 226 8
244 408 -28
244 262 -19
244 73 8
245 247 19
245 405 -28
245 243 8
226 208 -28
408 89 -28
408 410 -13
408 407 -8
262 90 13
262 263 19
262 280 -19
73 75 13
73 71 -13
313 315 -19
313 312 8
313 0 28
315 314 -8
315 317 19
315 150 13
315 1 -13
312 330 19
312 2 -8
312 151 -28
0 17 28
0 169 -8
343 345 19
343 341 28
199 360 -28
199 201 -19
199 198 8
44 61 -8
44 45 8
44 217 -13
152 153 -28
152 170 -19
152 317 19
153 155 13
153 314 8
153 151 8
170 4 -8
170 171 -8
170 188 13
317 3 -13
317 319 -13
317 316 -13
358 359 -28
358 340 13
358 45 13
359 357 -28
359 194 13
359 42 28
340 341 13
340 322 13
45 47 13
45 43 13
41 354 8
41 40 19
41 43 8
41 210 28
354 372 13
354 193 13
354 336 8
40 213 8
40 357 -8
40 24 28
40 57 19
43 42 -19
43 356 13
210 192 -13
270 434 19
270 271 8
270 252 13
434 436 -19
434 432 -8
434 433 13
271 269 -19
271 95 8
271 431 8
252 253 -8
252 81 19
252 234 13
363 198 -8
363 365 -13
363 46 19
363 362 -13
360 47 -8
360 378 -8
160 161 -13
251 253 -28
251 250 13
251 249 28
251 76 28
251 411 19
253 255 -28
253 78 19
253 413 13
250 79 8
250 232 28
250 268 -28
250 414 -19
249 409 13
249 247 13
249 74 -28
249 248 -13
76 394 -13
76 93 -13
76 77 28
411 429 8
411 393 28
411 412 -13
411 96 28
296 460 28
296 297 8
296 278 19
296 120 19
460 458 19
460 136 -13
460 462 -19
460 459 -28
297 299 -19
297 457 8
297 295 -8
297 117 13
278 442 -19
278 279 19
278 104 -13
120 122 19
120 119 -13
120 118 -13
120 439 13
394 392 -28
394 396 -19
394 393 28
394 230 -28
93 94 -19
93 269 8
93 412 28
93 108 -13
77 79 -13
77 75 8
77 391 19
77 248 8
159 157 -13
159 158 -13
159 320 -8
159 161 28
157 318 -13
157 155 19
157 156 19
158 176 -13
158 323 19
320 338 8
320 321 -13
320 10 -13
161 163 19
161 322 -8
314 4 28
150 151 -13
1 2 -13
1 171 -19
208 209 -8
208 190 8
299 459 -19
299 298 -19
299 301 -13
299 119 -19
459 441 28
459 139 -13
298 280 -19
298 122 8
298 462 19
301 300 -8
301 461 19
301 121 8
119 442 -13
119 136 -19
79 78 -28
79 393 -19
79 81 19
78 61 8
78 95 -8
78 396 -28
393 233 19
81 395 19
81 83 -19
207 205 13
207 209 28
207 368 -8
207 35 8
207 206 -8
205 366 -28
205 34 -8
205 204 -8
209 370 19
368 350 -8
368 369 19
368 54 13
368 385 -28
35 351 28
35 51 13
35 36 13
206 37 8
206 371 -13
206 188 -13
130 132 8
130 128 28
130 306 8
130 449 28
309 311 -8
309 469 8
309 307 13
162 327 -28
162 163 -8
345 30 -28
345 347 8
345 344 -28
198 216 -13
198 31 -13
328 346 28
328 167 8
328 329 28
346 364 -13
346 347 -28
346 185 13
167 165 -19
167 166 13
329 164 -13
329 327 -19
329 15 -8
132 131 19
131 311 13
131 148 19
131 114 -8
449 289 8
449 431 28
307 305 -19
307 127 -28
307 306 -8
21 19 8
21 23 8
21 20 -19
21 188 19
350 351 -19
350 189 28
350 37 -8
171 173 28
171 169 -19
47 49 28
47 216 8
47 46 28
49 48 -28
49 218 -28
49 362 -13
216 217 -8
216 381 19
216 234 13
46 219 -8
46 30 -19
46 63 28
62 232 28
62 64 -19
62 60 28
62 61 13
215 213 -8
215 42 19
215 217 -28
187 17 19
187 348 13
187 186 -13
187 189 -13
17 34 -28
348 36 -8
348 349 19
348 330 -13
348 366 28
186 19 28
186 351 -28
186 204 -28
189 191 8
189 188 -8
90 405 19
90 92 13
90 89 -8
90 88 28
92 94 8
92 264 -19
92 407 19
92 91 28
89 105 -28
89 265 -19
88 87 8
88 86 -28
281 279 -28
281 283 -19
281 441 19
281 280 -28
279 102 -8
279 439 13
283 282 -28
283 285 -13
283 443 13
283 105 28
441 442 -8
441 122 8
280 106 -28
280 444 -13
232 396 -8
232 233 -28
64 63 -8
64 66 -8
64 234 -28
64 378 -28
60 58 13
60 374 8
60 230 -13
61 235 -13
257 417 -28
257 255 13
257 82 -28
257 256 19
417 418 13
417 435 -13
417 399 -28
255 415 -28
255 254 19
82 99 8
82 65 19
82 83 8
82 400 28
256 274 -28
19 330 -19
330 169 13
383 382 -8
383 65 -19
383 218 19
383 381 28
382 364 13
382 399 13
65 66 -19
65 239 -19
65 48 8
218 219 -19
218 200 8
218 236 -28
381 63 28
381 380 19
106 104 28
106 105 -19
104 103 28
104 421 -19
105 121 28
370 371 28
370 352 28
282 264 -19
282 300 13
285 287 -28
285 445 -19
285 284 -19
443 425 28
443 444 28
443 461 8
430 429 -8
430 266 -19
430 428 19
430 432 -13
430 108 -13
429 111 13
429 447 28
429 269 -19
266 94 19
266 267 -28
266 248 13
266 284 -8
428 264 -8
428 427 -8
432 110 -19
432 268 8
432 431 -13
108 287 -28
108 125 19
108 109 -13
421 261 13
421 439 -28
243 241 -8
243 242 -19
243 68 -28
385 71 -13
385 225 -13
339 174 -8
339 24 -8
339 337 -8
339 341 13
339 338 8
174 192 -28
174 156 8
174 175 28
174 8 -13
24 25 8
24 7 -28
24 195 13
337 172 19
337 336 -8
341 176 -19
341 26 -19
338 177 -8
338 356 -13
338 27 19
2 4 -28
184 166 28
184 185 -8
203 364 -8
203 201 -13
203 32 13
392 74 -8
392 391 -19
396 398 -28
396 395 -19
230 248 8
4 3 13
4 6 13
378 217 8
378 395 -19
268 269 13
268 286 -8
268 96 28
414 412 13
414 95 -8
414 413 13
442 440 -13
442 444 -19
440 276 19
440 438 28
440 117 -8
440 439 13
444 121 13
176 177 8
176 10 28
176 194 8
323 321 8
323 9 -19
323 322 -19
458 294 -28
458 456 28
458 457 -19
458 134 -8
294 295 19
294 276 19
294 118 13
456 133 -8
456 455 -28
457 439 -8
457 137 -28
134 135 -8
134 117 -19
367 366 -19
367 369 -19
367 50 -19
366 52 -8
366 384 13
369 51 -13
369 371 -13
369 204 13
50 67 8
50 223 -8
50 34 19
3 173 13
3 20 8
6 8 -8
6 5 -19
6 172 8
6 316 -28
263 265 -28
263 261 -19
263 87 -8
265 425 28
265 267 19
265 264 -13
261 259 -8
165 326 28
165 164 -8
165 163 -13
326 344 28
326 327 -13
164 182 -28
233 235 19
305 125 28
305 465 8
125 448 28
125 142 28
125 126 8
465 447 -13
213 374 13
374 356 13
374 391 -13
94 96 -28
94 409 28
96 95 -19
409 391 13
409 410 -19
409 427 8
351 349 -28
351 353 -13
204 222 28
204 36 19
235 234 -8
235 395 -8
235 237 8
418 254 -19
418 99 28
415 433 13
415 397 13
415 100 -19
274 292 -8
274 275 28
36 37 8
349 34 -19
364 365 28
399 400 19
399 239 -28
121 122 -13
121 138 -28
462 138 13
462 461 -19
463 143 -28
463 445 28
287 289 19
287 447 -8
287 286 -19
289 110 8
447 448 -13
447 128 13
286 111 -8
242 71 -8
353 352 8
353 188 8
241 67 -19
241 401 -19
401 419 -19
401 384 -28
401 86 -8
111 109 -19
111 113 -28
111 110 13
269 267 -28
25 23 8
25 27 19
25 336 -13
25 192 28
23 334 -28
23 190 19
27 194 -19
27 26 28
336 318 19
336 175 -28
192 357 8
192 193 8
177 175 -13
177 7 -8
356 357 -13
356 195 -28
109 427 -28
109 284 -19
113 431 28
110 95 -28
110 127 -13
173 334 -28
173 172 8
173 175 13
69 71 -19
69 68 13
69 384 19
68 51 19
384 223 13
365 200 19
365 48 13
436 435 28
436 114 13
435 453 19
435 275 8
114 293 -19
114 99 19
410 246 13
410 412 -13
410 91 8
427 445 -8
427 267 28
30 31 19
30 201 28
347 182 -28
347 32 -28
344 362 -28
344 33 13
318 8 -19
318 319 8
8 7 8
8 10 -28
319 321 -19
319 154 -13
319 5 28
302 126 -28
302 284 28
126 445 8
126 128 -28
284 448 -8
137 135 13
137 139 19
137 136 19
99 275 28
99 100 -8
83 397 -13
83 254 -13
400 398 -13
400 236 -28
321 7 8
321 156 28
52 51 19
52 222 -8
52 54 -28
135 455 19
139 138 -13
293 292 28
293 453 -28
292 310 13
453 471 13
51 225 28
222 223 13
54 53 28
267 91 19
248 412 8
182 200 28
128 127 -28
371 53 -28
372 58 28
194 195 -8
175 5 -19
419 259 -19
419 437 13
419 103 -19
397 398 -19
397 380 -28
397 237 19
193 195 13
193 191 -19
239 237 -28
254 236 13
143 142 28
258 259 -28
258 276 28
258 86 19
311 471 -13
311 310 -28
471 472 13
398 234 13
380 219 -19
380 66 19
380 362 8
237 236 -19
237 63 -8
472 148 -19
236 66 -13
362 201 28
33 31 13
33 32 8
33 200 28
201 200 -28
223 225 -13
75 246 28
75 74 -19
246 247 -19
246 264 8
74 91 13
74 57 -13
217 219 28
58 57 -13
276 103 -8
437 438 13
437 118 8
437 455 -8
103 102 -28
102 117 -28
185 15 -28
425 407 19
334 352 -13
334 316 -13
20 191 13
15 32 -19
247 407 -8
155 154 28
155 316 -13
154 172 -19
295 455 -19
42 26 8
413 395 -8
413 431 19
117 118 28
352 191 -8
172 190 19
48 32 8
191 190 28
9 10 -19
9 26 19
