97 416 13
97 112 28
97 273 28
97 98 13
97 80 -13
416 418 8
416 415 13
416 252 8
416 414 -19
112 129 -8
112 113 8
112 434 19
112 291 -19
273 272 13
273 275 -28
273 271 19
273 433 28
98 270 13
98 96 -8
98 100 28
98 413 8
80 81 -19
80 63 13
80 255 8
80 398 -13
181 179 8
181 342 -13
181 183 -19
181 11 13
181 180 8
179 178 -13
179 177 -8
179 340 -28
179 9 -13
342 360 -28
342 324 -8
342 31 28
342 343 -28
183 344 28
183 13 13
183 185 -8
183 182 -28
11 12 -19
11 28 -13
11 325 -8
180 14 28
180 162 -8
180 345 19
180 198 -13
452 288 -28
452 451 -8
452 454 19
452 450 13
452 129 19
288 270 -19
288 289 8
288 113 19
288 306 -28
451 132 -8
451 469 8
451 291 28
451 433 -19
454 290 -13
454 453 28
454 131 13
450 286 13
450 448 19
450 127 -13
450 449 -28
129 130 -8
129 309 13
129 146 -19
12 14 -19
12 178 8
12 10 8
12 322 -19
28 343 8
28 29 19
28 199 -19
28 44 28
325 324 8
325 323 13
325 160 -28
325 327 -28
468 304 19
468 467 -28
468 144 19
468 470 28
468 466 8
304 305 13
304 128 19
304 286 -19
467 147 -28
467 449 -28
467 307 -19
144 145 -13
144 127 -28
470 146 8
470 472 13
470 306 19
470 469 -19
466 464 8
466 302 -19
466 142 -28
466 465 28
333 332 -28
333 18 -19
333 331 -8
333 335 19
333 168 -28
332 21 -28
332 350 -8
332 171 19
332 314 -19
18 19 -19
18 1 13
18 35 -28
18 189 -8
331 17 -19
331 330 -8
335 334 -19
335 337 -28
335 20 -19
335 170 -8
168 2 28
168 186 19
168 169 8
168 150 -8
140 464 8
140 141 19
140 123 8
464 462 -28
464 463 -8
464 300 8
141 143 19
141 139 -8
141 461 19
123 303 28
123 124 8
123 446 13
123 107 13
229 389 8
229 228 -8
229 55 28
229 231 -8
229 227 -19
389 75 19
389 372 -28
389 390 -8
389 407 13
228 210 -28
228 58 13
228 246 19
228 392 -19
55 373 19
55 56 -28
55 38 -13
55 72 19
231 57 13
231 230 -28
231 391 -13
231 233 13
227 226 19
227 387 -13
227 225 28
227 53 -13
377 59 -13
377 379 -13
377 212 -13
377 376 -8
377 375 -13
59 76 -8
59 60 -19
59 233 13
59 42 -13
379 61 -28
379 214 19
379 378 28
379 381 -28
212 213 8
212 43 -19
212 194 -19
212 230 28
376 358 13
376 62 -28
376 215 -8
376 393 13
375 210 13
375 373 -8
375 57 -28
375 374 -13
373 371 28
373 372 -8
373 208 13
56 226 8
56 58 -8
56 54 -13
56 370 28
38 211 13
38 355 13
38 39 -28
38 22 -13
72 247 13
72 73 -19
72 390 8
72 89 19
14 324 19
14 13 19
14 16 -8
324 163 -13
13 327 19
13 30 8
16 15 8
16 182 -8
16 326 -8
220 202 -8
220 221 -19
220 238 -8
202 184 13
202 203 28
221 382 -28
221 219 -28
221 48 13
238 256 8
238 239 19
424 260 8
424 422 -28
424 423 -8
424 426 -8
260 278 13
260 242 -19
260 261 -13
260 88 8
422 420 28
422 102 8
422 258 8
422 421 -13
423 106 28
423 263 -28
423 405 -8
423 441 28
426 105 8
426 425 13
426 428 -28
426 262 -19
101 84 -8
101 277 -8
101 420 -13
101 116 -28
84 67 -13
84 259 13
84 402 8
277 276 -8
277 437 -19
277 279 13
420 419 13
116 295 19
116 438 28
116 133 -13
196 29 -13
196 361 -19
196 214 -8
196 197 8
196 178 13
29 31 -8
29 27 13
29 340 13
361 363 13
361 44 -19
361 360 -28
361 359 -8
214 232 13
214 215 28
214 45 -8
197 358 8
197 199 -13
197 195 8
197 26 -8
178 160 -13
178 343 28
388 386 -19
388 70 28
388 387 28
388 390 -13
388 224 28
386 222 -8
386 68 -19
386 385 28
70 87 -28
70 71 13
70 53 13
70 245 -8
387 405 19
387 370 -19
387 73 28
390 226 28
390 392 13
224 206 8
224 225 -28
224 242 -8
224 54 28
303 305 28
303 302 -13
303 463 -13
303 301 8
124 122 -13
124 300 -8
124 443 28
124 126 -8
446 445 28
446 448 -19
446 282 -8
446 444 19
107 285 -19
107 91 -13
107 428 28
290 272 28
290 115 28
290 308 -8
290 291 -19
272 436 28
272 100 28
272 254 28
115 113 19
115 433 -28
115 114 -19
308 132 -28
308 309 -28
308 472 -13
291 293 -13
291 289 -13
211 213 -8
211 210 -19
211 372 -8
211 209 8
355 357 -28
355 354 28
355 353 19
355 190 -13
39 41 -8
39 37 -8
39 208 28
39 352 19
22 193 -13
22 337 -19
22 5 28
22 23 -19
404 406 8
404 240 -19
404 402 8
404 85 28
404 403 13
406 87 19
406 405 8
406 408 -28
406 242 8
240 241 8
240 69 -19
240 258 -28
240 222 28
402 401 -8
85 102 19
85 68 28
85 86 19
85 261 19
403 421 -13
403 243 19
403 385 13
403 88 13
147 149 13
147 146 -19
147 145 19
149 469 -19
149 148 -19
145 143 8
145 465 -28
244 245 13
244 226 -28
244 408 13
244 262 -28
244 73 8
245 247 19
245 405 19
245 243 -28
226 208 -13
408 89 -19
408 410 28
408 407 28
262 90 -8
262 263 28
262 280 -28
73 75 19
73 71 8
313 315 -8
313 312 8
313 0 -13
315 314 8
315 317 -13
315 150 8
315 1 -19
312 330 -19
312 2 28
312 151 13
0 17 13
0 169 -28
343 345 8
343 341 -19
199 360 -13
199 201 28
199 198 -28
44 61 -19
44 45 8
44 217 -19
152 153 -28
152 170 -13
152 317 -8
153 155 28
153 314 -19
153 151 -28
170 4 19
170 171 -19
170 188 -28
317 3 19
317 319 -8
317 316 -28
358 359 13
358 340 8
358 45 -13
359 357 13
359 194 13
359 42 8
340 341 13
340 322 -8
45 47 8
45 43 -28
41 354 13
41 40 -28
41 43 -28
41 210 13
354 372 -28
354 193 8
354 336 -8
40 213 -28
40 357 13
40 24 -8
40 57 -28
43 42 -19
43 356 13
210 192 -8
270 434 13
270 271 28
270 252 -28
434 436 -8
434 432 19
434 433 13
271 269 -19
271 95 28
271 431 -19
252 253 28
252 81 13
252 234 28
363 198 -28
363 365 28
363 46 -28
363 362 -19
360 47 -8
360 378 -8
160 161 28
251 253 19
251 250 19
251 249 8
251 76 -28
251 411 -8
253 255 13
253 78 -28
253 413 28
250 79 -8
250 232 -28
250 268 19
250 414 -19
249 409 -19
249 247 -8
249 74 8
249 248 -19
76 394 8
76 93 -13
76 77 13
411 429 19
411 393 -28
411 412 -13
411 96 28
296 460 -8
296 297 19
296 278 -19
296 120 -19
460 458 28
460 136 -8
460 462 8
460 459 -8
297 299 13
297 457 -8
297 295 -19
297 117 -13
278 442 19
278 279 13
278 104 -19
120 122 8
120 119 13
120 118 -19
120 439 -28
394 392 28
394 396 -13
394 393 28
394 230 -13
93 94 13
93 269 -19
93 412 -13
93 108 13
77 79 -8
77 75 -13
77 391 -19
77 248 -8
159 157 -8
159 158 13
159 320 13
159 161 -13
157 318 -28
157 155 19
157 156 13
158 176 -13
158 323 28
320 338 19
320 321 -8
320 10 -8
161 163 -13
161 322 28
314 4 -13
150 151 28
1 2 8
1 171 13
208 209 -8
208 190 -13
299 459 -19
299 298 8
299 301 -19
299 119 -8
459 441 13
459 139 -28
298 280 19
298 122 -8
298 462 13
301 300 19
301 461 8
301 121 -13
119 442 -28
119 136 -28
79 78 8
79 393 -8
79 81 -13
78 61 28
78 95 13
78 396 -8
393 233 19
81 395 19
81 83 -13
207 205 28
207 209 -8
207 368 -19
207 35 8
207 206 19
205 366 -19
205 34 -13
205 204 28
209 370 19
368 350 -13
368 369 19
368 54 19
368 385 19
35 351 19
35 51 -28
35 36 19
206 37 13
206 371 -19
206 188 -28
130 132 19
130 128 8
130 306 -13
130 449 -19
309 311 -28
309 469 19
309 307 -13
162 327 -28
162 163 -28
345 30 -8
345 347 13
345 344 -13
198 216 13
198 31 -19
328 346 13
328 167 -19
328 329 28
346 364 -8
346 347 19
346 185 -28
167 165 28
167 166 19
329 164 8
329 327 -19
329 15 -8
132 131 -19
131 311 -28
131 148 -8
131 114 -8
449 289 28
449 431 -13
307 305 -19
307 127 -8
307 306 -19
21 19 -8
21 23 -28
21 20 19
21 188 19
350 351 -13
350 189 -28
350 37 -28
171 173 -19
171 169 -28
47 49 8
47 216 -19
47 46 8
49 48 -28
49 218 -13
49 362 -8
216 217 -13
216 381 -28
216 234 19
46 219 -8
46 30 19
46 63 28
62 232 19
62 64 8
62 60 19
62 61 -28
215 213 -8
215 42 28
215 217 -28
187 17 -8
187 348 -19
187 186 28
187 189 -13
17 34 8
348 36 -19
348 349 -28
348 330 -19
348 366 -28
186 19 8
186 351 -13
186 204 -28
189 191 -28
189 188 13
90 405 -8
90 92 -28
90 89 -28
90 88 -19
92 94 28
92 264 -8
92 407 -8
92 91 19
89 105 13
89 265 -28
88 87 -28
88 86 -13
281 279 8
281 283 -13
281 441 28
281 280 -13
279 102 19
279 439 8
283 282 19
283 285 8
283 443 -28
283 105 -19
441 442 13
441 122 8
280 106 -19
280 444 -13
232 396 28
232 233 13
64 63 8
64 66 -8
64 234 28
64 378 -13
60 58 19
60 374 19
60 230 8
61 235 8
257 417 -8
257 255 -13
257 82 13
257 256 -8
417 418 13
417 435 -28
417 399 13
255 415 -13
255 254 28
82 99 8
82 65 -19
82 83 -13
82 400 13
256 274 -13
19 330 19
330 169 13
383 382 -8
383 65 -13
383 218 8
383 381 8
382 364 -19
382 399 -8
65 66 28
65 239 8
65 48 -13
218 219 19
218 200 28
218 236 13
381 63 -8
381 380 19
106 104 -8
106 105 8
104 103 -13
104 421 -13
105 121 13
370 371 8
370 352 28
282 264 -8
282 300 19
285 287 -8
285 445 19
285 284 19
443 425 8
443 444 -8
443 461 -28
430 429 19
430 266 19
430 428 -28
430 432 13
430 108 19
429 111 -8
429 447 19
429 269 -28
266 94 19
266 267 8
266 248 8
266 284 -13
428 264 13
428 427 -19
432 110 28
432 268 -28
432 431 19
108 287 13
108 125 28
108 109 -19
421 261 8
421 439 -19
243 241 -8
243 242 -8
243 68 -19
385 71 -8
385 225 28
339 174 -28
339 24 8
339 337 8
339 341 19
339 338 8
174 192 19
174 156 19
174 175 28
174 8 -28
24 25 -8
24 7 8
24 195 13
337 172 -13
337 336 -8
341 176 -8
341 26 28
338 177 -19
338 356 19
338 27 13
2 4 13
184 166 19
184 185 28
203 364 -8
203 201 13
203 32 -19
392 74 -19
392 391 28
396 398 -8
396 395 19
230 248 8
4 3 -8
4 6 19
378 217 -28
378 395 -13
268 269 13
268 286 19
268 96 -19
414 412 13
414 95 -8
414 413 13
442 440 -28
442 444 8
440 276 -13
440 438 8
440 117 -19
440 439 -8
444 121 -28
176 177 -28
176 10 19
176 194 13
323 321 -8
323 9 -13
323 322 28
458 294 28
458 456 -8
458 457 -28
458 134 -8
294 295 -19
294 276 13
294 118 28
456 133 -19
456 455 13
457 439 -13
457 137 -13
134 135 13
134 117 -8
367 366 -8
367 369 28
367 50 8
366 52 8
366 384 13
369 51 19
369 371 -19
369 204 -19
50 67 13
50 223 -13
50 34 -28
3 173 -28
3 20 -28
6 8 8
6 5 -19
6 172 -28
6 316 19
263 265 -19
263 261 -8
263 87 -28
265 425 8
265 267 -19
265 264 -19
261 259 -13
165 326 8
165 164 -8
165 163 -13
326 344 -13
326 327 19
164 182 -13
233 235 -8
305 125 -28
305 465 13
125 448 -8
125 142 28
125 126 13
465 447 -8
213 374 28
374 356 8
374 391 -28
94 96 13
94 409 -13
96 95 -28
409 391 -13
409 410 19
409 427 28
351 349 19
351 353 -8
204 222 13
204 36 19
235 234 -8
235 395 19
235 237 13
418 254 19
418 99 19
415 433 -19
415 397 -8
415 100 13
274 292 -19
274 275 13
36 37 -13
349 34 -13
364 365 -28
399 400 -19
399 239 -13
121 122 28
121 138 -13
462 138 -13
462 461 8
463 143 -19
463 445 28
287 289 -19
287 447 13
287 286 -8
289 110 -13
447 448 13
447 128 -8
286 111 19
242 71 -8
353 352 -28
353 188 -19
241 67 13
241 401 -19
401 419 -8
401 384 -13
401 86 -28
111 109 -13
111 113 -13
111 110 -13
269 267 -13
25 23 13
25 27 13
25 336 13
25 192 19
23 334 -13
23 190 -19
27 194 13
27 26 -8
336 318 13
336 175 19
192 357 -19
192 193 19
177 175 19
177 7 13
356 357 8
356 195 -19
109 427 19
109 284 28
113 431 -19
110 95 -28
110 127 -13
173 334 -28
173 172 8
173 175 19
69 71 -19
69 68 13
69 384 8
68 51 28
384 223 13
365 200 19
365 48 13
436 435 -13
436 114 -28
435 453 28
435 275 -19
114 293 -8
114 99 -13
410 246 -8
410 412 -19
410 91 8
427 445 28
427 267 8
30 31 19
30 201 -28
347 182 13
347 32 19
344 362 -13
344 33 -13
318 8 8
318 319 -19
8 7 -28
8 10 -13
319 321 13
319 154 8
319 5 -19
302 126 -8
302 284 -8
126 445 -19
126 128 8
284 448 -13
137 135 -28
137 139 28
137 136 28
99 275 19
99 100 -19
83 397 28
83 254 -19
400 398 -19
400 236 -28
321 7 -8
321 156 -13
52 51 -19
52 222 19
52 54 28
135 455 28
139 138 -28
293 292 -19
293 453 8
292 310 -28
453 471 -8
51 225 13
222 223 -13
54 53 -8
267 91 -28
248 412 8
182 200 13
128 127 -8
371 53 -28
372 58 -28
194 195 13
175 5 -8
419 259 -28
419 437 -19
419 103 13
397 398 -13
397 380 19
397 237 -8
193 195 13
193 191 28
239 237 -13
254 236 -13
143 142 28
258 259 13
258 276 -13
258 86 28
311 471 -28
311 310 13
471 472 13
398 234 -19
380 219 -28
380 66 -13
380 362 8
237 236 13
237 63 28
472 148 -28
236 66 28
362 201 -13
33 31 -13
33 32 -19
33 200 19
201 200 19
223 225 -8
75 246 -8
75 74 -13
246 247 19
246 264 28
74 91 28
74 57 -8
217 219 13
58 57 -19
276 103 8
437 438 -13
437 118 13
437 455 28
103 102 19
102 117 13
185 15 -13
425 407 8
334 352 -8
334 316 -19
20 191 -13
15 32 -19
247 407 -28
155 154 13
155 316 -19
154 172 -28
295 455 19
42 26 28
413 395 -8
413 431 -19
117 118 -28
352 191 -8
172 190 28
48 32 -8
191 190 28
9 10 13
9 26 19
