97 416 28
97 112 -19
97 273 -19
97 98 -8
97 80 -28
416 418 19
416 415 8
416 252 8
416 414 -13
112 129 -19
112 113 -28
112 434 28
112 291 28
273 272 -28
273 275 -13
273 271 -8
273 433 -28
98 270 8
98 96 8
98 100 28
98 413 28
80 81 -28
80 63 19
80 255 19
80 398 -8
181 179 8
181 342 -28
181 183 8
181 11 8
181 180 -19
179 178 -28
179 177 13
179 340 -19
179 9 8
342 360 8
342 324 -8
342 31 -8
342 343 -8
183 344 -28
183 13 19
183 185 -19
183 182 -28
11 12 -28
11 28 -13
11 325 8
180 14 13
180 162 -13
180 345 -8
180 198 28
452 288 28
452 451 19
452 454 -13
452 450 -28
452 129 -8
288 270 -28
288 289 28
288 113 -28
288 306 -28
451 132 -19
451 469 13
451 291 13
451 433 8
454 290 -13
454 453 -28
454 131 -8
450 286 19
450 448 -8
450 127 8
450 449 -28
129 130 -8
129 309 13
129 146 13
12 14 -19
12 178 -28
12 10 -13
12 322 -19
28 343 19
28 29 -19
28 199 -8
28 44 -13
325 324 28
325 323 -13
325 160 -8
325 327 -13
468 304 13
468 467 -19
468 144 13
468 470 8
468 466 28
304 305 13
304 128 -19
304 286 -13
467 147 -19
467 449 13
467 307 -19
144 145 13
144 127 19
470 146 28
470 472 -19
470 306 -13
470 469 -28
466 464 -8
466 302 -13
466 142 28
466 465 19
333 332 -8
333 18 -13
333 331 -8
333 335 -8
333 168 -28
332 21 -13
332 350 13
332 171 -13
332 314 8
18 19 -28
18 1 -28
18 35 13
18 189 19
331 17 -28
331 330 -19
335 334 -28
335 337 -19
335 20 13
335 170 19
168 2 8
168 186 19
168 169 28
168 150 -28
140 464 -13
140 141 -8
140 123 13
464 462 28
464 463 28
464 300 -13
141 143 -13
141 139 28
141 461 19
123 303 -13
123 124 -28
123 446 28
123 107 8
229 389 -19
229 228 -28
229 55 -8
229 231 28
229 227 13
389 75 13
389 372 8
389 390 -19
389 407 28
228 210 19
228 58 8
228 246 8
228 392 8
55 373 -28
55 56 -13
55 38 19
55 72 8
231 57 -8
231 230 -28
231 391 13
231 233 13
227 226 19
227 387 -19
227 225 8
227 53 -8
377 59 13
377 379 -28
377 212 8
377 376 -19
377 375 28
59 76 13
59 60 -19
59 233 19
59 42 8
379 61 8
379 214 -28
379 378 28
379 381 -8
212 213 -8
212 43 13
212 194 19
212 230 -8
376 358 28
376 62 -28
376 215 19
376 393 -28
375 210 -13
375 373 -19
375 57 13
375 374 28
373 371 -8
373 372 -19
373 208 13
56 226 19
56 58 -19
56 54 -28
56 370 8
38 211 -19
38 355 13
38 39 28
38 22 -19
72 247 -28
72 73 19
72 390 19
72 89 28
14 324 -8
14 13 -19
14 16 28
324 163 -28
13 327 -8
13 30 8
16 15 -28
16 182 -28
16 326 -19
220 202 13
220 221 13
220 238 -13
202 184 -19
202 203 13
221 382 19
221 219 8
221 48 13
238 256 -28
238 239 -13
424 260 -13
424 422 19
424 423 8
424 426 -8
260 278 28
260 242 13
260 261 -19
260 88 -8
422 420 -28
422 102 13
422 258 28
422 421 -19
423 106 -13
423 263 -19
423 405 8
423 441 13
426 105 -28
426 425 19
426 428 -28
426 262 28
101 84 28
101 277 -13
101 420 -13
101 116 13
84 67 -8
84 259 -13
84 402 13
277 276 8
277 437 -28
277 279 13
420 419 19
116 295 -19
116 438 13
116 133 13
196 29 -13
196 361 19
196 214 -19
196 197 -13
196 178 8
29 31 -28
29 27 13
29 340 19
361 363 -28
361 44 19
361 360 -8
361 359 13
214 232 -13
214 215 28
214 45 13
197 358 28
197 199 -13
197 195 8
197 26 -13
178 160 28
178 343 13
388 386 19
388 70 8
388 387 8
388 390 -19
388 224 8
386 222 28
386 68 28
386 385 19
70 87 -8
70 71 -8
70 53 -19
70 245 13
387 405 19
387 370 -19
387 73 13
390 226 -8
390 392 28
224 206 8
224 225 13
224 242 8
224 54 13
303 305 -28
303 302 28
303 463 13
303 301 8
124 122 13
124 300 -8
124 443 -8
124 126 13
446 445 -13
446 448 -13
446 282 28
446 444 -8
107 285 19
107 91 -19
107 428 8
290 272 8
290 115 28
290 308 -13
290 291 -8
272 436 13
272 100 8
272 254 -13
115 113 13
115 433 -19
115 114 28
308 132 -28
308 309 19
308 472 8
291 293 13
291 289 13
211 213 -13
211 210 -19
211 372 -28
211 209 -28
355 357 13
355 354 -13
355 353 19
355 190 19
39 41 -19
39 37 8
39 208 -13
39 352 13
22 193 8
22 337 19
22 5 13
22 23 19
404 406 -19
404 240 28
404 402 8
404 85 -19
404 403 13
406 87 -28
406 405 -19
406 408 13
406 242 -28
240 241 -8
240 69 13
240 258 -28
240 222 8
402 401 28
85 102 19
85 68 -19
85 86 28
85 261 19
403 421 -28
403 243 -28
403 385 -13
403 88 13
147 149 -19
147 146 13
147 145 13
149 469 -8
149 148 8
145 143 19
145 465 -8
244 245 8
244 226 -19
244 408 13
244 262 -28
244 73 19
245 247 -19
245 405 -8
245 243 8
226 208 -19
408 89 28
408 410 -28
408 407 -13
262 90 19
262 263 -28
262 280 19
73 75 28
73 71 -8
313 315 13
313 312 -28
313 0 28
315 314 13
315 317 -8
315 150 28
315 1 8
312 330 28
312 2 8
312 151 19
0 17 13
0 169 -28
343 345 -13
343 341 19
199 360 -13
199 201 -19
199 198 -13
44 61 19
44 45 19
44 217 8
152 153 19
152 170 -19
152 317 19
153 155 13
153 314 -8
153 151 -28
170 4 19
170 171 -8
170 188 19
317 3 -19
317 319 -19
317 316 -28
358 359 -8
358 340 -8
358 45 -28
359 357 -19
359 194 -19
359 42 8
340 341 -28
340 322 8
45 47 19
45 43 -13
41 354 28
41 40 8
41 43 28
41 210 28
354 372 8
354 193 8
354 336 19
40 213 19
40 357 -13
40 24 -19
40 57 -13
43 42 13
43 356 -19
210 192 13
270 434 -13
270 271 -28
270 252 -19
434 436 28
434 432 19
434 433 8
271 269 -13
271 95 -8
271 431 28
252 253 -28
252 81 13
252 234 19
363 198 -13
363 365 -13
363 46 -13
363 362 -13
360 47 13
360 378 -28
160 161 -13
251 253 13
251 250 28
251 249 -28
251 76 13
251 411 19
253 255 28
253 78 -8
253 413 -28
250 79 -28
250 232 -28
250 268 -13
250 414 28
249 409 -8
249 247 -28
249 74 13
249 248 19
76 394 -28
76 93 8
76 77 8
411 429 19
411 393 -8
411 412 -19
411 96 28
296 460 28
296 297 13
296 278 -8
296 120 -28
460 458 13
460 136 -19
460 462 -19
460 459 -28
297 299 19
297 457 -13
297 295 13
297 117 -8
278 442 -13
278 279 -19
278 104 28
120 122 8
120 119 19
120 118 -8
120 439 19
394 392 -19
394 396 13
394 393 8
394 230 -8
93 94 -8
93 269 -8
93 412 -19
93 108 13
77 79 19
77 75 -19
77 391 -28
77 248 28
159 157 -8
159 158 -13
159 320 28
159 161 8
157 318 -13
157 155 19
157 156 19
158 176 19
158 323 13
320 338 13
320 321 19
320 10 -19
161 163 28
161 322 13
314 4 19
150 151 19
1 2 28
1 171 -8
208 209 8
208 190 -8
299 459 -19
299 298 -13
299 301 -28
299 119 -28
459 441 19
459 139 8
298 280 8
298 122 -8
298 462 -19
301 300 -8
301 461 28
301 121 28
119 442 -19
119 136 8
79 78 -19
79 393 19
79 81 8
78 61 19
78 95 19
78 396 -8
393 233 13
81 395 -13
81 83 8
207 205 28
207 209 19
207 368 -28
207 35 8
207 206 -28
205 366 19
205 34 -28
205 204 -8
209 370 -13
368 350 -13
368 369 19
368 54 28
368 385 -13
35 351 19
35 51 28
35 36 13
206 37 13
206 371 -13
206 188 -19
130 132 -28
130 128 -13
130 306 -19
130 449 -19
309 311 28
309 469 -13
309 307 -8
162 327 -13
162 163 -28
345 30 -8
345 347 28
345 344 -8
198 216 -13
198 31 -13
328 346 28
328 167 -13
328 329 13
346 364 -19
346 347 -8
346 185 8
167 165 28
167 166 13
329 164 -19
329 327 -28
329 15 -13
132 131 13
131 311 -13
131 148 -28
131 114 8
449 289 -13
449 431 13
307 305 -28
307 127 19
307 306 19
21 19 -13
21 23 28
21 20 -8
21 188 28
350 351 -8
350 189 28
350 37 8
171 173 8
171 169 19
47 49 13
47 216 19
47 46 19
49 48 -19
49 218 19
49 362 -13
216 217 19
216 381 -19
216 234 28
46 219 28
46 30 -8
46 63 -28
62 232 28
62 64 19
62 60 -8
62 61 13
215 213 28
215 42 8
215 217 -13
187 17 -8
187 348 19
187 186 8
187 189 28
17 34 19
348 36 -28
348 349 8
348 330 -28
348 366 -19
186 19 19
186 351 -8
186 204 13
189 191 13
189 188 -8
90 405 8
90 92 13
90 89 19
90 88 19
92 94 13
92 264 -28
92 407 -28
92 91 19
89 105 -8
89 265 -28
88 87 -13
88 86 8
281 279 19
281 283 -19
281 441 19
281 280 19
279 102 8
279 439 8
283 282 -8
283 285 13
283 443 13
283 105 8
441 442 -8
441 122 -28
280 106 28
280 444 13
232 396 -28
232 233 28
64 63 19
64 66 -13
64 234 28
64 378 8
60 58 28
60 374 -13
60 230 -19
61 235 19
257 417 19
257 255 8
257 82 13
257 256 13
417 418 -19
417 435 -19
417 399 -19
255 415 -8
255 254 19
82 99 -8
82 65 28
82 83 8
82 400 13
256 274 13
19 330 8
330 169 -13
383 382 13
383 65 19
383 218 -28
383 381 -28
382 364 -13
382 399 -19
65 66 28
65 239 19
65 48 28
218 219 -13
218 200 28
218 236 28
381 63 -13
381 380 -13
106 104 28
106 105 19
104 103 -19
104 421 -13
105 121 13
370 371 -28
370 352 28
282 264 28
282 300 13
285 287 -28
285 445 -19
285 284 8
443 425 -8
443 444 -8
443 461 -19
430 429 19
430 266 19
430 428 -13
430 432 28
430 108 -8
429 111 -19
429 447 19
429 269 19
266 94 13
266 267 13
266 248 -8
266 284 -8
428 264 19
428 427 19
432 110 -28
432 268 -28
432 431 28
108 287 19
108 125 -8
108 109 -19
421 261 19
421 439 -8
243 241 -8
243 242 -28
243 68 -8
385 71 19
385 225 -13
339 174 -13
339 24 13
339 337 -8
339 341 8
339 338 -19
174 192 28
174 156 -19
174 175 -8
174 8 -28
24 25 -8
24 7 -13
24 195 -28
337 172 19
337 336 19
341 176 28
341 26 19
338 177 13
338 356 -19
338 27 -28
2 4 -28
184 166 19
184 185 -13
203 364 -28
203 201 19
203 32 -8
392 74 8
392 391 -28
396 398 -13
396 395 -19
230 248 -8
4 3 19
4 6 -28
378 217 19
378 395 -8
268 269 -28
268 286 8
268 96 -19
414 412 -28
414 95 19
414 413 8
442 440 28
442 444 13
440 276 -8
440 438 13
440 117 -13
440 439 28
444 121 -8
176 177 8
176 10 13
176 194 -19
323 321 -13
323 9 -8
323 322 13
458 294 19
458 456 13
458 457 -8
458 134 28
294 295 13
294 276 -8
294 118 -8
456 133 -19
456 455 28
457 439 19
457 137 28
134 135 28
134 117 -8
367 366 13
367 369 -13
367 50 19
366 52 28
366 384 -19
369 51 8
369 371 28
369 204 8
50 67 -28
50 223 13
50 34 13
3 173 28
3 20 13
6 8 -13
6 5 -19
6 172 8
6 316 8
263 265 -19
263 261 13
263 87 19
265 425 28
265 267 -28
265 264 19
261 259 28
165 326 8
165 164 13
165 163 -28
326 344 28
326 327 13
164 182 -8
233 235 8
305 125 19
305 465 -13
125 448 -13
125 142 28
125 126 -19
465 447 -13
213 374 8
374 356 8
374 391 13
94 96 -13
94 409 -8
96 95 8
409 391 13
409 410 -8
409 427 -28
351 349 -8
351 353 -19
204 222 -8
204 36 13
235 234 -19
235 395 13
235 237 19
418 254 13
418 99 -28
415 433 8
415 397 19
415 100 -19
274 292 8
274 275 -8
36 37 -8
349 34 19
364 365 13
399 400 -13
399 239 28
121 122 -8
121 138 19
462 138 -19
462 461 -19
463 143 8
463 445 19
287 289 -13
287 447 -8
287 286 8
289 110 -8
447 448 -13
447 128 -19
286 111 8
242 71 13
353 352 19
353 188 -28
241 67 -13
241 401 19
401 419 13
401 384 8
401 86 13
111 109 13
111 113 -13
111 110 19
269 267 28
25 23 19
25 27 -28
25 336 -8
25 192 -19
23 334 8
23 190 8
27 194 -13
27 26 -13
336 318 -19
336 175 -28
192 357 13
192 193 28
177 175 28
177 7 -19
356 357 13
356 195 28
109 427 -13
109 284 28
113 431 13
110 95 -28
110 127 28
173 334 -28
173 172 13
173 175 -19
69 71 -19
69 68 -28
69 384 13
68 51 8
384 223 -8
365 200 -19
365 48 13
436 435 -13
436 114 -13
435 453 -8
435 275 28
114 293 19
114 99 19
410 246 19
410 412 28
410 91 -19
427 445 -8
427 267 -19
30 31 13
30 201 -8
347 182 13
347 32 -13
344 362 -8
344 33 19
318 8 -28
318 319 -8
8 7 28
8 10 -13
319 321 -19
319 154 28
319 5 -13
302 126 13
302 284 19
126 445 -8
126 128 -28
284 448 -8
137 135 -8
137 139 -19
137 136 28
99 275 -19
99 100 -8
83 397 13
83 254 -28
400 398 -19
400 236 8
321 7 -19
321 156 -19
52 51 -13
52 222 -8
52 54 13
135 455 13
139 138 13
293 292 28
293 453 -13
292 310 -19
453 471 28
51 225 19
222 223 19
54 53 -13
267 91 -8
248 412 -8
182 200 -13
128 127 -8
371 53 19
372 58 -28
194 195 19
175 5 -13
419 259 19
419 437 -28
419 103 19
397 398 13
397 380 28
397 237 -19
193 195 8
193 191 -19
239 237 19
254 236 8
143 142 -28
258 259 19
258 276 -13
258 86 13
311 471 -28
311 310 13
471 472 19
398 234 -13
380 219 -8
380 66 13
380 362 13
237 236 28
237 63 -13
472 148 -8
236 66 -28
362 201 28
33 31 28
33 32 -8
33 200 -8
201 200 19
223 225 -28
75 246 19
75 74 19
246 247 28
246 264 -28
74 91 -13
74 57 13
217 219 28
58 57 8
276 103 -8
437 438 -19
437 118 28
437 455 19
103 102 13
102 117 -13
185 15 -13
425 407 13
334 352 19
334 316 -19
20 191 -28
15 32 28
247 407 -28
155 154 28
155 316 28
154 172 -28
295 455 13
42 26 -13
413 395 -13
413 431 8
117 118 8
352 191 -8
172 190 19
48 32 19
191 190 28
9 10 -8
9 26 13
