97 416 28
97 112 13
97 273 8
97 98 28
97 80 -8
416 418 -19
416 415 -13
416 252 -8
416 414 -13
112 129 -8
112 113 13
112 434 28
112 291 -28
273 272 28
273 275 -28
273 271 -13
273 433 -13
98 270 -13
98 96 -19
98 100 -13
98 413 -19
80 81 13
80 63 -19
80 255 -19
80 398 28
181 179 28
181 342 13
181 183 -13
181 11 -8
181 180 19
179 178 -19
179 177 8
179 340 -13
179 9 13
342 360 19
342 324 13
342 31 -19
342 343 8
183 344 -19
183 13 -8
183 185 -13
183 182 8
11 12 19
11 28 -13
11 325 13
180 14 19
180 162 -8
180 345 -19
180 198 19
452 288 -13
452 451 19
452 454 -19
452 450 -28
452 129 13
288 270 -28
288 289 -19
288 113 -8
288 306 19
451 132 8
451 469 -28
451 291 28
451 433 8
454 290 28
454 453 28
454 131 -8
450 286 -8
450 448 13
450 127 -19
450 449 28
129 130 8
129 309 -8
129 146 8
12 14 -13
12 178 -28
12 10 -28
12 322 19
28 343 19
28 29 19
28 199 8
28 44 13
325 324 -8
325 323 13
325 160 -19
325 327 -13
468 304 -19
468 467 19
468 144 -8
468 470 -13
468 466 8
304 305 13
304 128 19
304 286 8
467 147 19
467 449 13
467 307 -13
144 145 -8
144 127 -8
470 146 -28
470 472 19
470 306 -8
470 469 -28
466 464 -8
466 302 28
466 142 28
466 465 28
333 332 -28
333 18 -13
333 331 -28
333 335 -28
333 168 -28
332 21 13
332 350 19
332 171 19
332 314 19
18 19 -19
18 1 19
18 35 -8
18 189 -28
331 17 19
331 330 -8
335 334 28
335 337 8
335 20 -28
335 170 -13
168 2 -8
168 186 -28
168 169 -28
168 150 -19
140 464 8
140 141 28
140 123 13
464 462 19
464 463 19
464 300 19
141 143 -19
141 139 -28
141 461 8
123 303 -28
123 124 19
123 446 -19
123 107 19
229 389 8
229 228 -19
229 55 8
229 231 28
229 227 -19
389 75 8
389 372 -13
389 390 19
389 407 -28
228 210 -8
228 58 13
228 246 -8
228 392 -8
55 373 -8
55 56 19
55 38 -28
55 72 13
231 57 -13
231 230 -8
231 391 -8
231 233 -13
227 226 19
227 387 -19
227 225 -19
227 53 19
377 59 13
377 379 8
377 212 8
377 376 -28
377 375 28
59 76 -8
59 60 -19
59 233 -13
59 42 -13
379 61 28
379 214 -13
379 378 -8
379 381 19
212 213 -8
212 43 28
212 194 8
212 230 -19
376 358 -13
376 62 28
376 215 19
376 393 19
375 210 13
375 373 -13
375 57 8
375 374 13
373 371 28
373 372 -8
373 208 -19
56 226 19
56 58 -28
56 54 8
56 370 -28
38 211 13
38 355 -28
38 39 19
38 22 -19
72 247 19
72 73 -13
72 390 -8
72 89 -8
14 324 13
14 13 28
14 16 -19
324 163 28
13 327 13
13 30 28
16 15 8
16 182 28
16 326 -13
220 202 19
220 221 -8
220 238 -8
202 184 -8
202 203 -28
221 382 -19
221 219 -19
221 48 8
238 256 -8
238 239 13
424 260 -28
424 422 13
424 423 13
424 426 -13
260 278 8
260 242 13
260 261 19
260 88 -8
422 420 -19
422 102 -13
422 258 19
422 421 -13
423 106 28
423 263 28
423 405 -8
423 441 -13
426 105 13
426 425 19
426 428 19
426 262 28
101 84 19
101 277 8
101 420 -13
101 116 8
84 67 -13
84 259 8
84 402 19
277 276 -13
277 437 -28
277 279 28
420 419 8
116 295 28
116 438 -13
116 133 -19
196 29 -8
196 361 8
196 214 19
196 197 -19
196 178 28
29 31 8
29 27 28
29 340 -8
361 363 -8
361 44 19
361 360 -13
361 359 -19
214 232 8
214 215 28
214 45 13
197 358 19
197 199 -8
197 195 8
197 26 -28
178 160 -19
178 343 -28
388 386 8
388 70 8
388 387 8
388 390 8
388 224 8
386 222 28
386 68 -8
386 385 19
70 87 -13
70 71 28
70 53 -19
70 245 28
387 405 8
387 370 8
387 73 -19
390 226 -8
390 392 8
224 206 28
224 225 8
224 242 -28
224 54 -13
303 305 -19
303 302 28
303 463 -19
303 301 19
124 122 -8
124 300 8
124 443 -8
124 126 13
446 445 -28
446 448 13
446 282 -8
446 444 28
107 285 13
107 91 -19
107 428 28
290 272 28
290 115 -8
290 308 -28
290 291 -19
272 436 13
272 100 -13
272 254 -8
115 113 28
115 433 -28
115 114 19
308 132 -13
308 309 13
308 472 -28
291 293 -13
291 289 -8
211 213 19
211 210 8
211 372 -28
211 209 8
355 357 -19
355 354 -19
355 353 -13
355 190 -19
39 41 -8
39 37 13
39 208 19
39 352 -13
22 193 19
22 337 19
22 5 8
22 23 13
404 406 28
404 240 8
404 402 19
404 85 -28
404 403 13
406 87 13
406 405 8
406 408 19
406 242 19
240 241 28
240 69 -28
240 258 -19
240 222 19
402 401 -8
85 102 -8
85 68 -8
85 86 28
85 261 13
403 421 -19
403 243 -8
403 385 -28
403 88 28
147 149 -19
147 146 -19
147 145 -28
149 469 -19
149 148 -19
145 143 28
145 465 -19
244 245 13
244 226 -19
244 408 -13
244 262 -8
244 73 -19
245 247 8
245 405 8
245 243 -8
226 208 -8
408 89 8
408 410 -19
408 407 8
262 90 19
262 263 28
262 280 -8
73 75 8
73 71 -13
313 315 -28
313 312 13
313 0 -19
315 314 13
315 317 19
315 150 -28
315 1 -8
312 330 -28
312 2 8
312 151 8
0 17 -28
0 169 -13
343 345 8
343 341 28
199 360 19
199 201 -19
199 198 -13
44 61 13
44 45 -19
44 217 -13
152 153 8
152 170 -13
152 317 -19
153 155 -8
153 314 19
153 151 -13
170 4 -13
170 171 -28
170 188 8
317 3 -13
317 319 13
317 316 -19
358 359 -28
358 340 8
358 45 28
359 357 28
359 194 -28
359 42 19
340 341 -28
340 322 28
45 47 28
45 43 8
41 354 28
41 40 -19
41 43 13
41 210 8
354 372 -8
354 193 -19
354 336 28
40 213 13
40 357 8
40 24 -28
40 57 28
43 42 -28
43 356 -19
210 192 -28
270 434 -13
270 271 13
270 252 28
434 436 -8
434 432 13
434 433 -13
271 269 28
271 95 -28
271 431 19
252 253 13
252 81 -28
252 234 -19
363 198 19
363 365 -19
363 46 -13
363 362 8
360 47 28
360 378 -28
160 161 -13
251 253 8
251 250 19
251 249 -28
251 76 8
251 411 8
253 255 28
253 78 13
253 413 13
250 79 13
250 232 28
250 268 8
250 414 8
249 409 19
249 247 -8
249 74 19
249 248 -8
76 394 -13
76 93 -28
76 77 28
411 429 8
411 393 13
411 412 -28
411 96 -19
296 460 -28
296 297 -13
296 278 13
296 120 28
460 458 8
460 136 -28
460 462 8
460 459 28
297 299 -13
297 457 28
297 295 -19
297 117 13
278 442 -19
278 279 -8
278 104 28
120 122 -8
120 119 13
120 118 -28
120 439 13
394 392 -13
394 396 -8
394 393 28
394 230 8
93 94 19
93 269 19
93 412 -28
93 108 19
77 79 28
77 75 -13
77 391 28
77 248 -28
159 157 8
159 158 -28
159 320 -13
159 161 8
157 318 8
157 155 13
157 156 28
158 176 -8
158 323 19
320 338 13
320 321 -8
320 10 -13
161 163 28
161 322 8
314 4 -28
150 151 19
1 2 -13
1 171 19
208 209 13
208 190 13
299 459 -19
299 298 8
299 301 -13
299 119 28
459 441 -19
459 139 8
298 280 19
298 122 -13
298 462 19
301 300 -28
301 461 19
301 121 28
119 442 -8
119 136 8
79 78 8
79 393 -28
79 81 8
78 61 13
78 95 8
78 396 8
393 233 -19
81 395 8
81 83 -28
207 205 19
207 209 -8
207 368 8
207 35 19
207 206 28
205 366 -19
205 34 -8
205 204 -8
209 370 13
368 350 -28
368 369 -28
368 54 28
368 385 8
35 351 8
35 51 28
35 36 8
206 37 -28
206 371 -13
206 188 -8
130 132 19
130 128 19
130 306 8
130 449 19
309 311 8
309 469 28
309 307 -13
162 327 13
162 163 19
345 30 -8
345 347 -28
345 344 28
198 216 -28
198 31 28
328 346 -28
328 167 -8
328 329 19
346 364 -13
346 347 -19
346 185 -13
167 165 -19
167 166 -8
329 164 -13
329 327 -28
329 15 -8
132 131 -13
131 311 13
131 148 -28
131 114 19
449 289 -13
449 431 8
307 305 -8
307 127 -13
307 306 28
21 19 8
21 23 28
21 20 -19
21 188 -28
350 351 -8
350 189 8
350 37 -28
171 173 -28
171 169 -13
47 49 -19
47 216 28
47 46 28
49 48 -13
49 218 -28
49 362 -28
216 217 -19
216 381 13
216 234 19
46 219 28
46 30 19
46 63 13
62 232 19
62 64 19
62 60 28
62 61 -19
215 213 13
215 42 -19
215 217 -8
187 17 8
187 348 -28
187 186 8
187 189 -19
17 34 28
348 36 -28
348 349 -28
348 330 19
348 366 -8
186 19 -8
186 351 8
186 204 -8
189 191 13
189 188 28
90 405 13
90 92 -8
90 89 28
90 88 8
92 94 -28
92 264 19
92 407 28
92 91 19
89 105 -19
89 265 19
88 87 -13
88 86 -19
281 279 -8
281 283 28
281 441 28
281 280 -19
279 102 8
279 439 19
283 282 -19
283 285 13
283 443 8
283 105 -13
441 442 19
441 122 -28
280 106 13
280 444 19
232 396 8
232 233 13
64 63 -13
64 66 19
64 234 -28
64 378 -28
60 58 -28
60 374 8
60 230 28
61 235 -13
257 417 19
257 255 28
257 82 -19
257 256 -19
417 418 -8
417 435 -13
417 399 19
255 415 -28
255 254 13
82 99 13
82 65 -13
82 83 13
82 400 8
256 274 28
19 330 13
330 169 28
383 382 13
383 65 13
383 218 -28
383 381 -19
382 364 13
382 399 19
65 66 -8
65 239 -19
65 48 -8
218 219 -28
218 200 -8
218 236 8
381 63 -19
381 380 -28
106 104 19
106 105 19
104 103 19
104 421 -8
105 121 13
370 371 19
370 352 -8
282 264 13
282 300 -28
285 287 8
285 445 13
285 284 -13
443 425 13
443 444 -8
443 461 -13
430 429 -8
430 266 -8
430 428 8
430 432 28
430 108 -13
429 111 -8
429 447 -19
429 269 -19
266 94 -19
266 267 13
266 248 -13
266 284 -28
428 264 -28
428 427 28
432 110 19
432 268 28
432 431 13
108 287 13
108 125 -8
108 109 19
421 261 8
421 439 13
243 241 8
243 242 -28
243 68 -13
385 71 19
385 225 8
339 174 -19
339 24 19
339 337 8
339 341 -28
339 338 -28
174 192 28
174 156 19
174 175 -19
174 8 19
24 25 13
24 7 28
24 195 19
337 172 13
337 336 8
341 176 13
341 26 -13
338 177 -13
338 356 -8
338 27 -13
2 4 28
184 166 13
184 185 28
203 364 -13
203 201 13
203 32 19
392 74 -19
392 391 -19
396 398 28
396 395 19
230 248 19
4 3 19
4 6 -28
378 217 -28
378 395 -28
268 269 13
268 286 28
268 96 28
414 412 -8
414 95 -8
414 413 8
442 440 -13
442 444 13
440 276 8
440 438 -13
440 117 19
440 439 13
444 121 13
176 177 13
176 10 -8
176 194 -13
323 321 -13
323 9 -8
323 322 19
458 294 -19
458 456 28
458 457 13
458 134 28
294 295 28
294 276 13
294 118 -28
456 133 19
456 455 -13
457 439 19
457 137 13
134 135 -13
134 117 13
367 366 8
367 369 -28
367 50 -28
366 52 8
366 384 -8
369 51 -8
369 371 -28
369 204 -8
50 67 -28
50 223 8
50 34 19
3 173 -19
3 20 28
6 8 -13
6 5 13
6 172 -28
6 316 -13
263 265 13
263 261 8
263 87 28
265 425 -19
265 267 28
265 264 13
261 259 -8
165 326 28
165 164 28
165 163 28
326 344 19
326 327 -13
164 182 -19
233 235 -28
305 125 -19
305 465 -8
125 448 28
125 142 28
125 126 28
465 447 -8
213 374 8
374 356 -28
374 391 -13
94 96 19
94 409 -28
96 95 13
409 391 -8
409 410 28
409 427 19
351 349 -28
351 353 28
204 222 28
204 36 -8
235 234 -8
235 395 28
235 237 -19
418 254 8
418 99 28
415 433 -19
415 397 28
415 100 -28
274 292 8
274 275 19
36 37 -8
349 34 13
364 365 13
399 400 28
399 239 -28
121 122 8
121 138 28
462 138 -8
462 461 -28
463 143 -28
463 445 -13
287 289 19
287 447 -8
287 286 13
289 110 -28
447 448 -19
447 128 -19
286 111 -8
242 71 -28
353 352 -8
353 188 8
241 67 -28
241 401 -28
401 419 8
401 384 -28
401 86 13
111 109 13
111 113 28
111 110 19
269 267 13
25 23 -13
25 27 -28
25 336 19
25 192 28
23 334 -13
23 190 28
27 194 -8
27 26 13
336 318 19
336 175 13
192 357 -19
192 193 -28
177 175 13
177 7 28
356 357 -19
356 195 8
109 427 19
109 284 -13
113 431 -8
110 95 19
110 127 13
173 334 -8
173 172 -13
173 175 -8
69 71 8
69 68 13
69 384 19
68 51 8
384 223 13
365 200 8
365 48 -8
436 435 -13
436 114 -13
435 453 -8
435 275 19
114 293 -19
114 99 19
410 246 13
410 412 -8
410 91 -13
427 445 -28
427 267 13
30 31 19
30 201 -13
347 182 -28
347 32 -8
344 362 8
344 33 8
318 8 -13
318 319 -28
8 7 -28
8 10 19
319 321 -19
319 154 -13
319 5 13
302 126 -8
302 284 28
126 445 -8
126 128 19
284 448 8
137 135 -13
137 139 -19
137 136 -13
99 275 -8
99 100 28
83 397 -28
83 254 13
400 398 -28
400 236 19
321 7 -13
321 156 -28
52 51 -8
52 222 13
52 54 8
135 455 8
139 138 -13
293 292 -13
293 453 -28
292 310 -19
453 471 28
51 225 8
222 223 28
54 53 -8
267 91 -28
248 412 19
182 200 -8
128 127 28
371 53 13
372 58 -19
194 195 -8
175 5 8
419 259 19
419 437 -13
419 103 -28
397 398 -8
397 380 -8
397 237 13
193 195 13
193 191 8
239 237 28
254 236 28
143 142 8
258 259 -8
258 276 8
258 86 -28
311 471 -28
311 310 -28
471 472 -28
398 234 -8
380 219 -8
380 66 8
380 362 19
237 236 -8
237 63 -28
472 148 -28
236 66 -28
362 201 19
33 31 19
33 32 -8
33 200 -19
201 200 8
223 225 13
75 246 19
75 74 -8
246 247 13
246 264 19
74 91 -8
74 57 13
217 219 19
58 57 -13
276 103 13
437 438 19
437 118 8
437 455 -19
103 102 -19
102 117 19
185 15 13
425 407 -19
334 352 -13
334 316 -19
20 191 28
15 32 8
247 407 28
155 154 19
155 316 -19
154 172 -28
295 455 -8
42 26 -28
413 395 13
413 431 13
117 118 8
352 191 19
172 190 -8
48 32 -19
191 190 -13
9 10 8
9 26 -19
