982 981 -8
982 310 -8
982 980 -28
982 984 19
982 645 -19
981 313 -19
981 955 8
981 648 -13
310 285 -8
310 311 8
980 978 -13
980 308 -13
980 643 13
980 979 19
984 312 8
984 647 -8
984 986 -13
984 983 -13
645 619 13
645 646 8
645 286 -19
137 801 -8
137 160 8
137 491 13
137 138 -28
137 112 -28
801 462 19
801 800 -8
801 803 -13
801 799 19
160 185 8
160 161 13
160 516 28
160 827 -28
491 493 -8
491 490 -28
491 826 -28
491 489 -28
138 140 19
138 488 28
138 136 19
138 798 -28
112 113 -8
112 465 -19
112 775 -19
112 87 19
592 233 28
592 590 19
592 591 28
592 594 -13
592 925 -13
233 234 13
233 208 28
233 901 -13
233 257 13
590 588 13
590 589 -13
590 231 19
590 923 -8
591 565 -19
591 617 -13
591 928 -8
591 236 13
594 235 -19
594 596 -19
594 927 -13
594 593 -28
925 259 -13
925 900 -19
925 951 -8
925 926 28
338 339 28
338 364 -19
338 678 -28
339 675 -28
339 337 13
339 341 -28
364 20 -28
364 704 8
364 390 8
364 365 -19
678 676 19
678 19 19
678 680 -19
678 677 19
414 388 13
414 754 28
414 415 -8
414 440 -8
414 67 -13
388 728 13
388 362 -13
388 389 13
388 43 28
754 91 -19
754 756 -19
754 752 -8
754 753 28
415 417 28
415 751 -28
415 413 -19
415 64 19
440 441 -13
440 779 13
440 466 -13
440 92 28
67 69 13
67 65 -28
67 725 -13
67 66 8
817 478 8
817 815 -8
817 816 -13
817 819 19
478 503 19
478 452 -13
478 479 8
478 128 -13
815 150 19
815 814 -28
815 813 -28
815 476 8
816 154 -8
816 481 -19
816 790 8
816 841 28
819 818 8
819 153 -28
819 821 -19
819 480 28
149 124 -8
149 502 -28
149 813 13
149 172 -19
124 787 13
124 99 19
124 477 13
502 501 -19
502 837 19
502 504 19
813 812 -13
172 197 -28
172 528 -19
172 838 -28
417 66 19
417 753 -28
417 416 -8
417 419 19
66 728 28
66 42 8
753 727 -19
753 778 -19
753 94 28
416 69 -28
416 756 19
416 390 -8
416 442 8
419 755 28
419 418 19
419 68 8
419 421 8
382 37 -13
382 722 -28
382 408 -8
382 383 19
382 356 -28
37 36 -28
37 35 13
37 39 8
37 693 13
722 724 -13
722 60 13
722 721 -13
722 720 19
408 434 -8
408 748 -13
408 409 -28
408 61 19
383 381 -8
383 719 -13
383 34 -8
383 385 -8
356 357 8
356 12 13
356 330 8
356 696 28
765 763 -28
765 102 28
765 764 -28
765 767 8
765 426 -13
763 762 -13
763 424 28
763 100 19
102 127 13
102 77 -28
102 103 -8
102 455 -13
764 739 -8
764 429 19
764 790 -28
764 105 13
767 428 -8
767 104 13
767 766 -13
767 769 -13
426 427 13
426 400 19
426 452 -19
426 78 -13
179 536 -19
179 204 -13
179 180 28
179 846 -19
179 155 -13
536 871 -19
536 534 -19
536 535 8
536 538 -8
204 562 -13
204 229 -8
204 872 28
204 205 28
180 533 8
180 182 28
180 178 19
180 843 28
846 507 19
846 848 -8
846 844 19
846 845 -19
155 510 -8
155 131 -13
155 821 -19
630 963 -28
630 629 -28
630 628 13
630 268 19
963 937 -13
963 964 19
963 989 8
629 603 -8
629 655 -8
628 961 8
628 626 19
628 266 -8
628 627 19
268 269 13
268 293 -13
268 245 28
268 938 -28
269 267 8
269 627 -19
269 935 -28
293 318 -8
293 294 19
293 656 -13
293 964 13
245 913 -13
245 220 28
245 246 -19
245 604 8
938 937 28
938 936 8
938 601 19
36 696 8
36 11 28
36 385 28
36 60 19
696 695 19
696 698 -13
696 694 19
11 12 8
11 670 -19
11 359 -19
385 387 -19
385 721 -13
385 384 19
60 85 28
60 61 -19
60 411 28
20 18 28
20 675 -19
20 22 8
20 19 8
18 16 13
18 362 -28
18 673 -19
18 17 -13
675 701 28
675 676 19
22 366 -13
22 21 -13
22 677 8
22 24 -28
19 367 19
19 44 8
239 907 -28
239 598 -8
239 240 19
239 214 13
239 262 -13
907 909 -8
907 905 -28
907 569 8
907 906 -28
598 600 19
598 931 19
598 597 -28
598 596 19
240 238 -13
240 595 8
240 242 13
240 904 19
214 882 -13
214 572 -8
214 215 -8
214 189 13
262 263 13
262 932 -28
262 287 19
262 624 -13
461 463 -19
461 460 19
461 459 13
461 108 -8
461 796 -13
463 110 13
463 462 -28
463 465 28
463 798 -19
460 111 -8
460 434 -28
460 486 28
460 799 -28
459 794 13
459 457 -13
459 106 28
459 458 -19
108 771 19
108 83 13
108 133 13
108 109 -13
796 797 28
796 822 8
796 770 13
796 136 -19
771 769 -13
771 773 -28
771 770 -19
771 432 -8
83 84 -13
83 58 13
83 746 -19
83 435 13
133 487 28
133 797 -8
133 134 -19
133 156 28
109 111 -13
109 107 28
109 458 -28
109 768 13
701 365 19
701 727 -13
701 702 -8
701 45 28
365 367 -19
365 363 -8
365 17 28
727 728 28
727 69 -8
727 391 -19
702 42 19
702 700 -28
702 362 8
702 704 -13
45 43 28
45 390 28
45 44 -28
45 47 28
910 935 13
910 911 -13
910 885 -28
910 246 -19
910 576 28
935 961 -19
935 936 8
935 602 8
911 909 28
911 573 -13
911 913 13
911 243 19
885 550 -8
885 886 19
885 859 -8
885 221 -8
246 244 -13
246 601 28
576 574 8
576 218 19
576 575 13
576 578 13
428 80 -13
428 454 -8
428 429 28
428 402 -8
80 739 13
80 79 19
80 82 -8
80 78 -19
454 480 13
454 455 -19
454 793 8
454 105 19
429 427 -13
429 77 28
429 431 8
402 403 28
402 55 19
402 376 19
402 742 19
111 110 -8
111 770 8
111 113 -28
110 85 -28
110 135 28
110 773 -19
770 745 -8
770 435 -19
113 462 -19
113 772 19
113 115 -19
285 286 -28
285 956 13
285 260 13
285 648 8
311 313 -19
311 309 13
311 979 -13
313 312 19
313 315 -28
312 287 -8
315 314 -13
315 983 -19
315 317 -8
685 29 -13
685 686 13
685 711 8
685 349 -19
685 659 -28
29 31 8
29 374 8
29 28 -13
29 27 -28
686 26 13
686 684 19
686 688 -19
686 346 19
711 737 19
711 375 13
711 53 -28
711 712 -13
349 351 -8
349 347 13
349 348 -13
349 1 -8
659 323 19
659 660 -19
659 4 -28
63 61 -13
63 65 -19
63 410 19
63 62 13
63 721 -28
61 59 28
61 719 -28
65 64 28
65 412 -28
65 723 -28
410 411 19
410 384 28
410 750 -13
410 436 -19
62 413 -19
62 724 -8
62 38 28
62 87 19
721 695 28
721 747 -28
745 86 -28
745 719 -13
745 746 8
745 409 -28
86 434 -8
86 85 19
86 88 -19
86 84 -19
719 693 13
719 720 19
746 406 -8
746 744 -19
746 748 -28
409 58 -28
409 407 28
409 411 -28
506 504 -8
506 508 13
506 841 -19
506 505 19
504 150 28
504 503 -8
504 839 -8
508 507 -8
508 510 -8
508 843 28
508 153 -8
841 867 -8
841 842 -19
841 178 -13
505 154 19
505 480 -8
505 844 -28
505 531 19
600 933 -8
600 602 13
600 241 -28
600 599 28
931 265 28
931 906 -28
931 957 -19
931 932 -8
597 571 -19
597 623 8
597 934 28
597 242 -13
596 237 8
596 929 -8
596 595 19
344 370 28
344 345 28
370 396 19
370 371 -28
345 343 28
345 681 13
728 730 -28
728 726 13
730 390 -8
730 68 -28
730 732 8
730 729 -19
726 724 13
726 64 13
726 725 -13
726 386 -8
955 288 13
955 956 -19
955 929 28
955 622 -28
288 290 19
288 286 -13
288 647 28
288 287 19
956 619 28
956 954 -28
956 958 -28
929 263 -13
929 930 -28
929 904 -13
622 620 -13
622 260 -19
622 624 8
622 621 28
154 152 28
154 153 -28
152 814 -28
152 151 19
152 503 -19
153 177 -13
153 129 -19
565 211 19
565 903 -19
565 566 13
565 539 19
211 210 28
211 213 -8
211 209 -8
211 875 -19
903 235 -28
903 901 -13
903 905 -8
903 902 28
566 568 -19
566 900 -13
566 564 19
566 208 -13
539 540 -8
539 513 19
539 186 -13
539 878 -19
507 482 13
507 533 -28
510 512 28
510 845 19
510 509 19
843 818 28
843 869 28
843 844 -13
823 822 -19
823 484 8
823 821 28
823 825 28
823 156 -19
822 159 -13
822 487 19
822 847 8
484 485 -13
484 134 13
484 458 -19
484 509 -13
821 482 -19
821 820 28
825 486 -13
825 827 28
825 158 8
825 824 8
156 512 -13
156 181 -19
156 157 -19
788 814 19
788 453 -8
788 762 19
788 128 28
788 789 -8
814 479 8
814 839 8
453 451 19
453 100 -19
453 452 28
453 455 -28
762 427 -28
762 103 -19
762 737 8
128 127 -28
128 126 -8
128 130 8
789 450 19
789 791 -28
789 787 28
789 125 8
210 878 8
210 185 19
210 568 13
210 235 13
878 877 19
878 880 28
878 876 -19
185 186 28
185 542 -28
185 852 13
568 567 -19
568 902 8
568 570 8
235 258 -28
235 236 -13
423 759 13
423 421 19
423 72 -13
423 422 13
759 784 28
759 760 -28
759 733 -13
421 757 -28
421 70 28
421 420 -13
72 48 -8
72 97 19
72 73 -28
72 734 -13
422 396 -8
422 448 -28
362 363 -28
362 336 8
389 387 19
389 725 -28
389 391 -8
389 40 -8
43 42 -8
43 41 -13
43 699 -8
769 106 -13
769 768 19
769 430 -28
773 434 19
773 775 -28
773 772 -28
432 406 13
432 84 19
432 458 8
432 433 19
881 906 -13
881 546 19
881 882 28
881 217 -28
881 855 19
906 242 13
906 572 13
546 544 19
546 545 13
546 548 28
546 189 -19
882 543 -8
882 884 28
882 880 19
217 571 8
217 216 -28
217 219 28
217 215 -19
855 856 -28
855 192 19
855 830 19
855 520 -8
644 643 -19
644 977 19
644 646 19
644 281 -13
644 642 19
643 284 -28
643 617 -19
977 978 -8
977 951 8
977 309 28
646 979 8
646 283 19
646 648 -13
281 306 -13
281 952 13
281 282 19
281 257 19
642 975 -19
642 640 -28
642 279 -19
642 641 28
42 391 -13
42 17 19
391 390 28
391 393 -13
17 676 -13
866 527 -13
866 864 -13
866 868 19
866 865 19
866 198 -28
527 501 8
527 553 -13
527 528 19
527 174 19
864 197 8
864 863 28
868 867 -19
868 529 -28
868 870 -19
868 200 13
865 201 -28
865 530 28
865 890 -13
865 839 -8
198 223 28
198 556 -28
198 173 -19
198 199 -28
284 283 19
284 286 -19
284 282 -19
284 951 13
283 258 -8
283 954 13
283 308 19
286 953 -13
282 641 19
282 949 28
282 280 -19
951 952 -13
951 618 -19
707 371 19
707 708 -13
707 681 28
707 733 13
371 369 28
371 23 28
708 706 -13
708 368 -19
708 48 28
681 682 19
733 734 -8
733 397 28
434 435 -28
435 433 19
435 437 19
259 617 19
259 258 19
259 261 -8
900 875 -13
900 236 28
900 901 -19
926 589 -19
926 924 19
926 928 -19
926 257 13
117 466 19
117 116 -13
117 119 -8
117 115 -13
117 776 -13
466 805 19
466 492 8
466 467 -13
116 91 -28
116 469 13
116 779 -19
116 141 28
119 468 28
119 778 -19
119 121 8
119 118 -13
115 464 -13
115 774 28
115 114 8
776 751 19
776 777 -13
776 441 -13
776 802 -19
85 437 13
85 748 -28
437 436 19
437 772 13
437 439 13
748 750 -13
748 747 -8
69 68 8
69 71 -19
68 44 -13
68 93 -13
71 73 8
71 70 13
71 729 -19
71 418 19
751 725 -8
751 752 -8
751 92 8
725 699 -13
752 750 -8
752 412 13
752 89 -8
92 91 -19
92 90 28
92 94 -13
512 514 28
512 847 -13
512 511 19
514 513 -28
514 849 19
514 158 13
514 516 -19
847 873 8
847 848 -28
847 184 13
511 159 13
511 537 28
511 486 8
511 850 -28
503 842 28
503 529 -8
452 791 -28
452 103 19
479 481 13
479 477 28
479 125 8
969 943 -19
969 301 -8
969 636 -28
969 970 8
943 276 -28
943 944 -8
943 610 8
943 918 13
301 300 -8
301 303 8
301 299 28
636 635 8
636 634 -28
636 273 -8
636 638 -8
970 633 -19
970 972 -28
970 968 13
970 298 -8
961 294 -8
961 987 -28
961 962 -19
294 292 -8
294 653 -8
987 988 -19
987 319 8
987 654 19
962 960 -19
962 625 13
962 964 28
962 291 28
159 157 13
159 161 -28
159 158 8
157 820 -19
157 509 -8
161 513 8
161 824 -19
161 163 8
158 135 28
158 183 19
571 909 13
571 572 -13
571 545 13
909 241 28
909 908 8
572 574 13
572 570 -13
545 519 8
545 192 28
545 884 19
127 791 -8
127 481 8
791 790 28
791 793 8
481 480 -28
481 483 -8
829 490 -8
829 831 8
829 828 -8
829 162 28
829 827 -28
490 464 -13
490 140 8
490 515 28
831 164 19
831 492 -19
831 830 -8
831 832 -8
828 165 8
828 493 -19
828 802 28
828 853 28
162 518 13
162 139 13
162 187 -8
162 163 -8
827 826 -19
827 488 -13
574 908 -13
574 216 19
574 573 13
908 883 -8
908 244 13
908 933 -13
216 241 13
216 884 28
216 191 13
573 219 -8
573 599 -28
573 547 -8
794 768 13
794 795 -19
794 820 -8
794 134 19
768 433 28
768 743 8
795 793 -28
795 456 28
795 797 8
795 131 8
820 485 -13
820 845 -28
134 136 13
134 132 -28
241 264 28
241 242 -13
884 883 19
884 886 13
191 192 13
191 858 -13
191 166 -19
191 548 28
581 555 8
581 607 19
581 226 -8
581 919 -19
581 582 28
555 201 8
555 893 19
555 556 -28
555 529 13
607 633 19
607 608 -8
607 944 13
607 250 19
226 225 -28
226 228 28
226 224 -13
226 890 8
919 917 -13
919 918 28
919 920 28
582 580 19
582 584 8
582 916 13
582 223 -19
404 57 8
404 744 -8
404 405 -8
404 378 -19
404 430 -19
57 59 -19
57 55 8
57 715 8
57 56 8
744 81 -19
744 742 -28
744 743 -13
405 407 -8
405 741 19
405 403 -13
405 54 19
378 379 -28
378 352 8
378 718 -8
378 33 -28
430 431 8
430 456 -28
430 82 8
650 652 -8
650 648 -19
650 983 -19
650 649 13
650 287 -8
652 289 -19
652 985 13
652 654 -8
652 651 8
648 647 28
983 957 -19
649 290 -28
649 623 -19
649 986 19
287 958 8
201 199 19
201 203 -8
201 200 28
199 863 -28
199 553 13
203 867 19
203 557 -28
203 202 -19
203 205 19
200 175 -13
200 225 -8
200 558 -28
617 954 -8
617 618 -28
954 953 -19
954 952 8
618 620 -8
618 616 13
618 257 13
290 292 -13
290 289 -8
290 957 -8
292 291 -19
292 959 19
292 651 28
289 264 -13
289 960 28
957 624 -28
957 958 -13
406 407 -8
406 59 -8
406 380 8
407 56 19
407 743 -19
59 58 8
59 717 -19
380 381 -8
380 35 -8
380 354 13
380 720 19
355 353 -19
355 691 19
355 357 8
355 7 -19
355 354 28
353 352 -28
353 351 28
353 689 13
353 5 -28
691 35 -8
691 665 13
691 717 -19
691 692 -8
357 359 8
357 693 -13
357 9 -13
7 32 13
7 8 -8
7 666 -8
354 328 13
354 10 -28
354 694 -19
258 620 8
258 928 -28
620 619 28
620 953 -13
928 930 8
928 927 -19
441 443 -28
441 439 -28
441 89 -28
779 778 -13
779 781 19
779 777 -8
619 593 28
619 261 13
593 567 28
593 238 -19
593 930 28
261 263 8
261 927 19
261 260 -8
265 623 -8
265 264 19
265 267 8
265 263 -28
932 934 19
932 930 -19
932 595 -28
91 443 -8
443 778 19
443 445 -8
443 442 -8
450 476 19
450 101 -28
450 451 8
450 424 -19
476 501 8
476 126 -13
476 477 28
101 761 8
101 103 -19
101 100 -28
451 99 -13
451 786 8
424 425 13
424 398 19
424 76 8
544 187 8
544 879 -19
544 542 13
544 543 13
187 212 -28
187 188 -19
187 854 8
879 904 8
879 853 13
879 880 19
879 215 19
542 877 28
542 540 28
542 541 -28
543 517 19
543 190 28
543 569 8
917 248 -13
917 579 -28
917 915 -13
917 916 -19
248 608 -13
248 271 -8
248 223 28
579 580 13
579 224 28
579 553 -13
579 605 -8
915 247 -28
915 914 19
916 250 13
916 941 -19
916 890 13
300 275 -19
300 972 28
275 638 -28
275 276 -13
275 251 19
275 946 -13
972 635 8
972 974 8
972 971 -13
975 949 13
975 307 -13
975 976 -19
949 616 -8
949 950 -8
949 923 -19
307 306 -28
307 309 13
307 305 -19
976 978 -8
976 974 19
976 639 -13
976 304 28
577 578 -19
577 551 19
577 603 19
578 220 -8
578 912 -8
551 552 -8
551 525 8
603 604 -8
978 641 -28
978 306 28
641 615 8
588 587 -13
588 921 19
588 586 -28
588 229 -28
587 232 28
587 613 8
587 924 -19
587 561 -13
921 922 -19
921 896 -8
921 947 -19
921 256 -13
586 227 -8
586 585 -19
586 584 -28
229 897 -19
229 253 -8
229 230 28
790 130 8
790 455 -28
793 129 -13
793 792 -8
411 413 28
411 747 -19
384 724 13
384 358 28
384 39 28
750 87 -8
750 749 19
436 88 28
436 462 19
436 775 -8
413 749 28
413 412 -28
749 90 8
749 723 28
749 774 -13
412 386 13
412 438 -13
812 477 28
812 837 -8
812 151 -8
812 786 8
837 863 28
837 838 -13
837 174 -8
151 501 13
151 150 28
786 787 -8
786 126 -13
786 761 13
623 960 -13
623 624 -19
960 959 8
960 958 -13
624 626 -13
175 842 19
175 176 -13
175 532 19
842 840 13
842 844 -19
176 529 13
176 178 28
176 174 8
176 839 -8
532 534 8
532 867 -13
532 530 19
532 531 -19
361 13 28
361 359 13
361 697 -8
361 363 -28
361 360 19
13 38 8
13 672 8
13 14 13
359 695 -28
359 358 -19
697 41 19
697 671 28
697 723 -28
697 698 -28
363 699 19
363 15 -19
360 16 19
360 334 8
360 700 13
360 386 28
626 625 19
626 264 -13
626 959 19
625 267 13
625 651 -19
625 599 8
264 934 8
959 933 28
959 985 19
472 811 13
472 473 19
472 498 19
472 123 19
472 446 -8
811 147 8
811 810 -13
811 809 -8
473 808 19
473 120 8
473 475 8
473 471 -28
498 148 13
498 523 -8
498 836 13
123 121 28
123 782 -28
123 122 -19
446 785 -28
446 447 -28
446 98 19
446 420 28
934 933 -19
934 936 13
633 634 13
633 274 -13
634 271 -13
634 967 8
634 632 8
274 941 28
274 276 -8
274 273 13
274 272 28
676 674 13
676 336 -8
16 15 -13
16 14 -8
16 671 -13
15 674 13
15 40 -13
14 358 28
14 12 28
14 669 28
671 335 -8
671 672 -8
937 912 8
937 604 -8
912 913 13
604 602 28
267 933 13
267 266 13
266 243 -13
266 936 19
266 291 8
457 104 -28
457 455 13
457 456 -8
457 792 -8
104 79 8
104 105 28
104 129 28
456 107 13
456 482 -13
792 818 -13
792 132 28
792 766 -13
79 431 -19
79 742 -8
79 54 -28
105 107 -19
105 103 -19
129 130 -19
129 483 -19
680 340 -13
680 682 -8
680 21 8
680 679 -28
677 703 -13
677 341 8
550 193 19
550 552 13
550 549 -28
550 548 28
193 860 8
193 218 13
193 194 -8
193 168 8
552 195 -19
549 523 28
549 196 -13
549 887 8
549 575 19
548 883 -13
548 547 28
88 87 -28
88 90 8
88 747 -13
87 439 13
90 438 -8
90 89 -19
747 772 -19
106 131 -13
106 81 -13
106 107 19
131 485 19
131 132 19
81 433 -8
81 82 28
81 56 19
107 766 28
58 720 28
58 34 -28
717 381 28
717 718 28
717 743 13
148 146 -19
148 147 8
148 808 -8
146 496 -19
146 145 -28
146 144 8
146 806 28
147 500 28
147 170 8
147 122 -13
808 809 -8
808 782 -19
927 902 28
927 953 -19
340 341 13
340 366 8
341 343 19
366 367 -13
366 706 -28
366 392 -13
724 723 19
723 387 -13
501 840 8
840 838 28
840 173 -28
840 839 8
150 125 -8
150 173 28
125 126 13
125 100 -8
173 530 -13
173 174 -28
755 756 8
755 729 -13
755 780 -8
755 96 28
418 392 -8
418 444 -19
418 758 13
818 483 -28
483 485 -13
483 482 28
766 431 28
766 741 -13
640 973 19
640 277 8
640 639 -19
640 638 19
973 974 -28
973 305 -13
973 947 19
277 948 -13
277 302 -8
277 278 -28
277 253 19
639 280 -13
639 613 8
638 637 -8
638 971 -8
367 703 -28
367 369 -28
703 729 -8
703 47 28
703 704 8
369 21 19
369 705 -13
369 368 19
44 704 -13
44 393 -13
682 23 19
682 342 -19
23 48 28
23 24 -13
342 343 -28
342 368 -19
38 698 -28
38 387 -8
38 39 8
698 358 28
698 700 -13
387 386 -19
39 41 -13
39 695 28
860 858 28
860 521 -28
860 862 13
860 859 -13
858 856 28
858 519 8
858 857 19
521 547 -19
521 496 -28
521 522 13
521 169 19
862 523 -28
862 861 -8
862 195 28
859 196 13
859 833 -19
859 524 -19
21 46 -19
24 679 -13
24 368 8
135 489 -28
135 136 13
135 799 -19
279 304 13
279 280 -28
279 255 28
279 950 28
304 305 13
280 947 13
280 278 19
255 231 13
255 616 8
255 924 19
255 256 -8
950 948 -13
950 613 -8
950 952 19
232 231 -19
232 234 13
232 230 -28
232 896 13
231 899 -19
231 206 28
234 589 -13
234 898 -19
234 236 -28
230 585 8
230 894 13
230 228 8
896 562 -28
896 871 -19
896 897 -19
901 899 19
901 563 -13
905 567 8
905 904 -28
905 237 -28
902 238 -8
902 877 28
523 171 -13
523 524 8
171 833 -8
171 170 -8
171 169 -19
524 168 -19
524 526 8
524 522 -28
64 89 28
64 40 -13
602 601 13
602 243 -28
599 244 8
599 936 28
732 70 -28
732 392 -19
732 731 19
732 734 13
729 393 -8
337 336 28
337 335 -19
337 673 13
335 333 28
335 334 -8
673 674 -28
673 699 -19
482 132 19
533 534 -13
533 559 13
533 872 8
567 213 -8
567 541 -19
213 877 -13
213 212 -19
213 215 -8
541 515 -19
541 188 8
541 880 19
948 611 -28
948 947 19
948 946 13
611 585 -13
611 637 13
611 254 -8
611 612 28
947 614 -13
946 945 28
946 944 13
946 609 13
775 774 13
775 777 28
772 798 13
196 195 13
196 194 -8
195 220 19
195 170 -19
194 192 28
194 547 -28
194 857 19
883 857 -13
883 219 -8
857 522 -8
219 218 -13
219 221 -8
381 379 -8
381 32 8
379 377 13
379 30 13
379 715 13
32 56 -19
32 33 13
32 692 8
979 953 -19
308 309 19
35 33 28
35 34 13
33 31 13
33 689 8
34 9 8
34 694 -13
238 236 -13
238 237 -19
237 212 -19
237 260 -19
350 324 -28
350 351 -13
350 690 -8
350 376 8
350 6 -19
324 325 -19
324 664 -28
351 3 13
351 687 -13
690 30 -8
690 692 -28
690 689 19
690 688 -19
376 377 8
376 31 -8
376 716 -28
6 8 -19
6 5 -28
6 4 -28
6 661 19
427 75 28
427 425 8
75 100 28
75 51 19
75 76 28
75 738 28
425 761 19
425 74 8
73 420 13
73 731 8
70 46 -8
70 95 28
742 741 -8
742 740 -28
743 84 19
343 679 13
679 705 -13
547 886 -13
952 615 28
218 243 19
218 886 28
243 244 -19
886 887 -19
583 584 -19
583 557 -8
583 228 28
583 609 19
583 920 13
584 225 13
584 918 -19
557 895 19
557 531 -13
557 558 19
228 227 8
228 892 -8
609 635 -19
609 610 -19
609 252 8
920 251 -19
920 922 8
386 41 19
985 986 13
985 317 -19
654 653 -28
654 291 -28
654 656 8
651 988 28
328 329 28
328 668 13
10 9 -13
10 8 -28
10 665 -13
10 12 -13
694 693 13
694 692 8
41 40 13
40 700 -13
291 316 28
693 667 13
9 668 -28
668 666 -19
668 670 28
668 667 -19
244 242 -13
706 705 13
706 46 -28
706 704 -28
705 49 -13
705 731 19
46 395 13
46 47 8
672 674 -19
672 332 -28
672 670 -28
517 856 -19
517 165 28
517 518 -13
517 492 13
190 192 13
190 188 28
190 853 19
190 189 19
569 570 -8
569 215 28
569 595 -8
674 334 -13
84 82 28
82 741 13
519 494 -13
519 167 28
519 520 -19
495 493 -8
495 830 -13
495 494 28
495 141 -13
495 497 8
493 492 13
493 139 8
830 804 -8
830 167 -13
494 468 -13
494 832 8
494 144 -13
141 164 8
141 805 28
141 142 28
497 496 -13
497 143 -8
613 614 -13
613 256 28
924 923 -13
924 922 -8
561 899 -8
561 562 -13
561 207 19
561 535 13
958 621 -19
589 615 28
589 563 -8
615 616 13
563 564 -13
563 537 -19
563 209 -8
438 464 -28
438 777 -13
438 439 28
761 735 -19
735 736 -19
735 399 -19
735 709 -13
735 76 -19
887 220 28
699 700 -28
737 401 -8
737 78 28
737 738 13
856 189 19
856 854 -8
189 164 8
854 852 19
854 515 -28
854 853 8
635 276 -8
276 278 -19
575 601 8
575 913 19
575 221 -8
25 684 13
25 50 8
25 373 -8
25 0 19
684 683 -13
50 74 -28
50 399 -19
50 710 -13
373 372 8
373 709 -13
373 375 8
0 347 13
0 658 -8
251 227 -19
251 252 28
251 612 13
89 114 -19
836 170 19
836 835 8
836 834 -19
899 898 -13
899 897 8
898 923 19
898 873 13
898 564 8
897 895 8
897 559 -13
227 895 -19
227 202 -8
895 894 19
895 893 -19
202 560 -8
202 177 28
202 870 -8
756 758 19
756 93 28
758 757 28
758 95 -8
758 760 -28
93 445 19
93 118 -13
93 94 8
720 718 -8
500 835 -19
500 499 -28
835 810 19
835 861 -13
499 474 28
499 525 19
170 526 8
122 97 -8
122 785 -28
122 475 -8
595 621 13
333 332 8
333 669 -19
333 331 8
332 358 -8
669 695 -13
669 670 -28
331 330 28
331 667 -8
331 329 -19
944 273 8
944 942 19
610 608 28
610 249 -8
610 612 13
918 892 -13
918 252 -28
833 834 -8
377 28 13
377 375 -13
377 713 -28
28 3 13
28 688 28
375 26 -19
375 374 -28
713 739 -28
713 714 -8
713 55 13
713 687 8
861 526 -28
263 621 -8
621 647 -19
31 687 -28
31 30 19
687 661 19
687 688 -8
30 5 -13
30 54 -13
206 564 8
206 181 -13
206 874 19
206 207 19
715 741 28
715 716 -8
715 689 28
877 851 -19
904 570 -19
393 395 8
393 392 19
74 736 13
74 99 19
736 738 19
739 403 28
739 740 -19
403 401 28
740 400 13
740 77 -19
740 738 -13
616 614 -8
220 221 13
562 564 -8
562 560 -19
560 894 28
560 559 -8
560 558 28
352 8 -28
352 692 -8
352 326 -13
8 663 -8
326 666 8
326 327 -19
77 78 19
431 433 13
608 606 -8
608 941 19
606 247 8
606 605 -19
941 967 -28
941 942 8
26 1 19
26 51 13
26 27 8
688 348 -8
346 372 13
346 347 8
346 2 28
346 320 28
54 55 -19
54 716 8
804 469 13
804 778 28
804 144 -8
804 805 19
469 468 -19
469 467 -19
469 471 -28
144 143 -8
144 142 13
805 803 19
805 807 13
208 183 -28
208 876 -8
208 209 13
585 559 -28
585 922 28
559 205 -28
922 253 -8
209 873 -19
209 207 -8
875 540 -28
875 849 -19
875 876 28
966 965 28
966 295 -13
966 968 -28
965 297 -13
965 939 -13
965 632 13
295 270 -13
968 296 19
968 967 28
968 631 -13
322 323 -13
322 348 -8
322 662 8
323 325 8
323 321 28
348 374 19
348 4 13
662 661 -8
662 664 19
662 660 28
662 3 -19
880 212 19
12 667 -8
330 670 13
401 399 8
401 51 -19
401 400 -13
399 398 -8
51 712 -13
51 52 -8
400 53 -19
400 374 13
368 394 28
48 397 -28
48 49 13
614 253 13
614 612 -8
253 254 28
612 945 -28
468 442 -13
468 807 19
832 166 19
832 834 -8
496 470 19
496 834 -19
143 807 -13
143 118 -8
143 166 -19
930 260 28
894 869 -13
869 534 -8
869 870 13
869 205 -13
807 809 -8
807 806 8
118 471 -28
118 781 8
166 522 -13
166 167 8
298 299 -13
298 273 -13
270 940 -13
270 632 -28
270 247 -13
964 627 13
810 475 -28
810 784 -19
475 474 19
784 785 19
784 449 -13
297 299 -19
297 296 -19
299 967 -8
296 271 8
974 637 -28
974 302 8
971 303 28
971 945 28
580 222 -13
580 914 -13
223 224 -28
223 891 13
329 327 -13
329 665 8
939 272 -8
939 914 -8
939 940 8
272 631 28
272 271 13
914 888 8
940 942 -13
520 164 19
520 518 -13
520 522 -19
56 718 28
372 27 8
372 712 -8
372 398 -28
27 683 28
712 714 19
712 710 -28
398 738 8
398 52 -28
637 278 -19
278 945 -8
492 142 19
467 802 -28
467 465 -8
467 114 -13
525 526 19
1 2 -8
1 660 -8
302 303 -19
873 538 19
873 874 -28
94 442 -28
94 96 -13
474 448 28
665 666 28
303 305 28
709 683 28
709 710 28
709 52 28
76 78 19
718 716 -28
716 714 -19
394 49 8
394 420 8
394 734 -19
394 395 13
49 47 -8
420 760 19
395 731 -19
395 397 8
5 664 19
168 145 -28
168 834 8
168 169 -13
120 145 19
120 121 8
120 783 8
120 95 8
471 470 13
471 806 28
871 207 -19
871 845 -19
871 872 -28
207 205 28
845 182 -19
872 870 13
872 874 -28
271 942 -28
632 631 -19
121 470 13
121 780 -28
782 447 13
782 757 -8
782 783 19
273 249 -28
165 164 28
165 163 -13
165 167 -28
518 853 -28
518 516 -28
535 182 -19
535 509 8
535 874 -13
480 130 -28
181 182 -13
181 848 19
181 538 -19
874 876 -8
851 852 -8
851 188 8
851 516 19
851 826 19
250 249 13
250 252 28
249 225 -28
225 893 -13
47 392 -28
256 254 19
534 177 13
177 178 -28
177 844 13
142 140 13
142 802 28
570 212 -13
631 605 -13
325 661 -13
325 327 -13
664 663 -13
664 666 28
53 55 -8
53 52 -28
374 714 -13
3 4 -28
462 488 8
488 513 -19
488 489 -28
4 2 -19
470 809 13
470 444 8
893 892 19
893 891 -28
145 809 19
540 538 19
540 183 -13
538 537 -28
183 184 13
183 850 19
867 892 28
892 558 28
442 781 19
891 889 -13
891 553 -13
891 890 -19
513 852 28
852 850 -13
167 169 19
531 178 8
531 870 -19
558 556 8
186 188 8
186 184 -13
186 849 19
184 182 -13
184 537 -28
849 850 13
849 824 -28
97 449 8
97 98 -8
97 760 19
785 783 -13
448 449 28
783 781 -13
783 444 -13
537 876 13
942 605 8
252 254 28
347 683 19
683 657 13
663 327 19
663 689 -8
485 487 28
487 489 -28
487 486 -13
222 889 -19
222 197 19
222 247 -19
464 803 -13
464 465 -19
803 802 -19
803 139 -13
465 800 19
848 509 -8
848 850 -28
447 445 19
447 449 -8
447 95 -13
445 780 13
445 444 -8
95 96 19
889 888 -28
888 224 -28
888 863 8
888 554 8
826 800 8
826 163 -13
489 824 -13
601 627 13
627 653 -13
140 139 13
140 800 13
139 114 28
800 774 -28
806 780 -13
321 657 -13
321 320 -13
444 96 -19
515 163 -8
515 516 -19
988 986 -13
988 316 -8
988 990 8
986 314 -28
316 317 -28
990 653 -13
990 318 -19
990 989 8
780 781 19
114 777 -28
657 658 28
657 2 -28
658 660 -19
319 317 8
319 318 13
731 757 -13
397 396 -19
320 660 8
757 98 8
98 96 28
458 797 -28
486 136 -28
797 799 -8
553 554 -19
774 439 19
863 528 -19
554 556 -8
554 197 -19
890 556 8
798 824 -28
798 799 13
989 656 28
655 656 13
529 530 19
130 132 13
530 528 8
