982 981 19
982 310 8
982 980 -28
982 984 -8
982 645 19
981 313 -13
981 955 28
981 648 13
310 285 -13
310 311 19
980 978 -19
980 308 -19
980 643 13
980 979 8
984 312 -13
984 647 -13
984 986 -13
984 983 8
645 619 8
645 646 28
645 286 19
137 801 8
137 160 -8
137 491 -13
137 138 -13
137 112 8
801 462 -8
801 800 -19
801 803 -13
801 799 8
160 185 -8
160 161 -8
160 516 28
160 827 -8
491 493 -19
491 490 8
491 826 -8
491 489 -28
138 140 8
138 488 -28
138 136 19
138 798 -13
112 113 -8
112 465 13
112 775 -19
112 87 -28
592 233 19
592 590 -13
592 591 -8
592 594 -13
592 925 -8
233 234 19
233 208 -28
233 901 -8
233 257 28
590 588 -13
590 589 8
590 231 8
590 923 28
591 565 -19
591 617 8
591 928 19
591 236 -13
594 235 19
594 596 -13
594 927 -19
594 593 -28
925 259 28
925 900 -13
925 951 -13
925 926 28
338 339 -19
338 364 -28
338 678 8
339 675 -13
339 337 -8
339 341 -28
364 20 -28
364 704 -19
364 390 19
364 365 19
678 676 -28
678 19 -19
678 680 13
678 677 -13
414 388 -13
414 754 -8
414 415 -13
414 440 -28
414 67 8
388 728 -19
388 362 13
388 389 8
388 43 -8
754 91 -8
754 756 8
754 752 -13
754 753 19
415 417 -19
415 751 -28
415 413 13
415 64 8
440 441 8
440 779 -13
440 466 19
440 92 -28
67 69 19
67 65 -8
67 725 -13
67 66 -28
817 478 -13
817 815 8
817 816 -19
817 819 -28
478 503 -8
478 452 -13
478 479 19
478 128 -8
815 150 -13
815 814 28
815 813 -13
815 476 19
816 154 -28
816 481 13
816 790 -28
816 841 -13
819 818 -19
819 153 19
819 821 -19
819 480 19
149 124 13
149 502 -13
149 813 13
149 172 -19
124 787 13
124 99 -8
124 477 19
502 501 8
502 837 -28
502 504 -8
813 812 -13
172 197 -8
172 528 -19
172 838 -8
417 66 -8
417 753 19
417 416 -13
417 419 -8
66 728 -13
66 42 19
753 727 13
753 778 -8
753 94 8
416 69 -13
416 756 -19
416 390 -13
416 442 19
419 755 13
419 418 -13
419 68 19
419 421 19
382 37 8
382 722 -19
382 408 -13
382 383 -28
382 356 19
37 36 13
37 35 19
37 39 19
37 693 -8
722 724 13
722 60 -8
722 721 -28
722 720 28
408 434 -8
408 748 28
408 409 19
408 61 -28
383 381 8
383 719 13
383 34 -8
383 385 -19
356 357 -19
356 12 -13
356 330 -8
356 696 8
765 763 -19
765 102 13
765 764 28
765 767 28
765 426 -19
763 762 8
763 424 13
763 100 13
102 127 -19
102 77 19
102 103 19
102 455 19
764 739 -19
764 429 13
764 790 13
764 105 19
767 428 -8
767 104 -8
767 766 28
767 769 -19
426 427 -28
426 400 -13
426 452 8
426 78 -13
179 536 8
179 204 -13
179 180 -8
179 846 19
179 155 19
536 871 8
536 534 28
536 535 -13
536 538 -19
204 562 28
204 229 8
204 872 13
204 205 -19
180 533 19
180 182 -8
180 178 -13
180 843 28
846 507 -13
846 848 8
846 844 -19
846 845 8
155 510 -28
155 131 -19
155 821 -13
630 963 8
630 629 19
630 628 28
630 268 -8
963 937 28
963 964 -28
963 989 28
629 603 8
629 655 -8
628 961 8
628 626 -8
628 266 13
628 627 19
268 269 -13
268 293 -19
268 245 19
268 938 19
269 267 -28
269 627 19
269 935 -28
293 318 -19
293 294 8
293 656 8
293 964 19
245 913 19
245 220 -28
245 246 13
245 604 -13
938 937 -8
938 936 -8
938 601 -13
36 696 19
36 11 -19
36 385 -13
36 60 -13
696 695 13
696 698 13
696 694 13
11 12 -28
11 670 -28
11 359 13
385 387 13
385 721 8
385 384 -13
60 85 13
60 61 8
60 411 28
20 18 13
20 675 19
20 22 -8
20 19 28
18 16 -8
18 362 13
18 673 -28
18 17 28
675 701 19
675 676 -19
22 366 -8
22 21 -8
22 677 28
22 24 19
19 367 28
19 44 -8
239 907 19
239 598 8
239 240 19
239 214 8
239 262 8
907 909 -8
907 905 -8
907 569 13
907 906 -13
598 600 13
598 931 -19
598 597 28
598 596 -28
240 238 -19
240 595 -19
240 242 -13
240 904 19
214 882 8
214 572 -8
214 215 -28
214 189 19
262 263 -28
262 932 19
262 287 -19
262 624 13
461 463 8
461 460 -13
461 459 28
461 108 13
461 796 -19
463 110 -13
463 462 -19
463 465 8
463 798 -13
460 111 8
460 434 19
460 486 -19
460 799 -19
459 794 8
459 457 13
459 106 19
459 458 -19
108 771 8
108 83 -13
108 133 28
108 109 19
796 797 -13
796 822 13
796 770 -8
796 136 28
771 769 8
771 773 -19
771 770 8
771 432 28
83 84 -13
83 58 -8
83 746 8
83 435 -19
133 487 19
133 797 -8
133 134 -19
133 156 -8
109 111 13
109 107 28
109 458 19
109 768 19
701 365 -8
701 727 -19
701 702 -8
701 45 19
365 367 13
365 363 -19
365 17 -8
727 728 19
727 69 28
727 391 -19
702 42 -28
702 700 -13
702 362 -8
702 704 -8
45 43 -13
45 390 -8
45 44 8
45 47 8
910 935 13
910 911 19
910 885 28
910 246 13
910 576 -13
935 961 28
935 936 -28
935 602 28
911 909 -19
911 573 19
911 913 -19
911 243 19
885 550 -19
885 886 -19
885 859 -8
885 221 -19
246 244 13
246 601 13
576 574 -28
576 218 13
576 575 -13
576 578 13
428 80 -28
428 454 -19
428 429 19
428 402 -28
80 739 28
80 79 28
80 82 28
80 78 -13
454 480 8
454 455 -28
454 793 8
454 105 19
429 427 -8
429 77 19
429 431 -8
402 403 28
402 55 -28
402 376 -28
402 742 19
111 110 -13
111 770 -8
111 113 8
110 85 -8
110 135 -19
110 773 -19
770 745 -19
770 435 28
113 462 -8
113 772 8
113 115 28
285 286 -28
285 956 -19
285 260 19
285 648 -13
311 313 -19
311 309 28
311 979 -19
313 312 8
313 315 13
312 287 28
315 314 19
315 983 8
315 317 19
685 29 8
685 686 8
685 711 -8
685 349 19
685 659 -8
29 31 -28
29 374 -13
29 28 13
29 27 -8
686 26 -8
686 684 -13
686 688 -19
686 346 8
711 737 19
711 375 13
711 53 19
711 712 -19
349 351 8
349 347 -19
349 348 13
349 1 13
659 323 19
659 660 19
659 4 13
63 61 8
63 65 28
63 410 28
63 62 -19
63 721 -13
61 59 -28
61 719 13
65 64 8
65 412 13
65 723 -13
410 411 28
410 384 -8
410 750 28
410 436 -13
62 413 -19
62 724 -28
62 38 -19
62 87 -13
721 695 13
721 747 -13
745 86 -13
745 719 28
745 746 -28
745 409 19
86 434 8
86 85 -8
86 88 19
86 84 -8
719 693 -8
719 720 -13
746 406 -8
746 744 13
746 748 -8
409 58 -19
409 407 -28
409 411 -28
506 504 13
506 508 28
506 841 -13
506 505 -28
504 150 -13
504 503 13
504 839 -19
508 507 -28
508 510 -13
508 843 13
508 153 -13
841 867 19
841 842 -19
841 178 13
505 154 13
505 480 -8
505 844 -8
505 531 -19
600 933 8
600 602 28
600 241 -28
600 599 19
931 265 19
931 906 -19
931 957 28
931 932 -13
597 571 -13
597 623 19
597 934 13
597 242 -13
596 237 8
596 929 -13
596 595 8
344 370 -8
344 345 -28
370 396 8
370 371 13
345 343 28
345 681 -13
728 730 -28
728 726 13
730 390 8
730 68 19
730 732 8
730 729 -13
726 724 -28
726 64 -8
726 725 13
726 386 19
955 288 -19
955 956 13
955 929 -13
955 622 13
288 290 -19
288 286 -19
288 647 28
288 287 -13
956 619 -28
956 954 -13
956 958 -13
929 263 -19
929 930 -13
929 904 28
622 620 -13
622 260 28
622 624 -19
622 621 -13
154 152 -28
154 153 8
152 814 -19
152 151 -28
152 503 19
153 177 -28
153 129 13
565 211 -13
565 903 -13
565 566 -28
565 539 -19
211 210 13
211 213 8
211 209 -13
211 875 28
903 235 -13
903 901 -19
903 905 -28
903 902 28
566 568 19
566 900 13
566 564 19
566 208 28
539 540 13
539 513 19
539 186 -19
539 878 -19
507 482 -19
507 533 -8
510 512 28
510 845 8
510 509 -13
843 818 -8
843 869 -13
843 844 -28
823 822 13
823 484 -28
823 821 -28
823 825 8
823 156 -8
822 159 13
822 487 8
822 847 -19
484 485 -13
484 134 -8
484 458 -8
484 509 -28
821 482 -13
821 820 28
825 486 28
825 827 -8
825 158 -13
825 824 -8
156 512 -8
156 181 -19
156 157 -13
788 814 -19
788 453 -8
788 762 28
788 128 -28
788 789 19
814 479 -13
814 839 -8
453 451 13
453 100 8
453 452 -8
453 455 13
762 427 13
762 103 28
762 737 -28
128 127 -8
128 126 -13
128 130 8
789 450 -13
789 791 -28
789 787 13
789 125 8
210 878 -28
210 185 -8
210 568 13
210 235 -13
878 877 28
878 880 19
878 876 -8
185 186 19
185 542 8
185 852 28
568 567 13
568 902 19
568 570 -13
235 258 13
235 236 19
423 759 -28
423 421 8
423 72 -19
423 422 8
759 784 -19
759 760 28
759 733 19
421 757 13
421 70 13
421 420 19
72 48 -8
72 97 28
72 73 -19
72 734 19
422 396 -13
422 448 13
362 363 -19
362 336 -8
389 387 -19
389 725 -13
389 391 19
389 40 -8
43 42 -13
43 41 -19
43 699 -19
769 106 -28
769 768 28
769 430 13
773 434 -28
773 775 -28
773 772 -8
432 406 8
432 84 19
432 458 13
432 433 -13
881 906 28
881 546 8
881 882 19
881 217 -8
881 855 19
906 242 -13
906 572 19
546 544 19
546 545 -19
546 548 -28
546 189 -13
882 543 -19
882 884 8
882 880 19
217 571 -19
217 216 -19
217 219 13
217 215 -28
855 856 -13
855 192 -28
855 830 19
855 520 -28
644 643 -8
644 977 -8
644 646 13
644 281 8
644 642 -19
643 284 -28
643 617 28
977 978 8
977 951 8
977 309 -13
646 979 13
646 283 -13
646 648 19
281 306 8
281 952 -8
281 282 13
281 257 8
642 975 19
642 640 13
642 279 19
642 641 -13
42 391 -13
42 17 28
391 390 28
391 393 -8
17 676 13
866 527 -13
866 864 19
866 868 8
866 865 28
866 198 -19
527 501 19
527 553 8
527 528 28
527 174 13
864 197 -19
864 863 -28
868 867 8
868 529 19
868 870 -13
868 200 -19
865 201 -13
865 530 8
865 890 13
865 839 -28
198 223 28
198 556 -19
198 173 -19
198 199 -28
284 283 19
284 286 28
284 282 19
284 951 19
283 258 -8
283 954 8
283 308 28
286 953 13
282 641 -19
282 949 -8
282 280 -28
951 952 28
951 618 13
707 371 -19
707 708 -19
707 681 -13
707 733 13
371 369 -28
371 23 -13
708 706 -28
708 368 13
708 48 -8
681 682 -8
733 734 13
733 397 13
434 435 -19
435 433 19
435 437 -19
259 617 -13
259 258 28
259 261 13
900 875 13
900 236 -8
900 901 8
926 589 -13
926 924 8
926 928 -28
926 257 -13
117 466 19
117 116 -8
117 119 -28
117 115 8
117 776 -28
466 805 -28
466 492 8
466 467 8
116 91 -19
116 469 28
116 779 8
116 141 -19
119 468 28
119 778 8
119 121 -19
119 118 19
115 464 -19
115 774 -8
115 114 -8
776 751 -28
776 777 19
776 441 -28
776 802 13
85 437 -13
85 748 -13
437 436 8
437 772 -28
437 439 -19
748 750 -8
748 747 8
69 68 -28
69 71 19
68 44 19
68 93 -19
71 73 13
71 70 13
71 729 19
71 418 28
751 725 -19
751 752 -28
751 92 8
725 699 -8
752 750 13
752 412 19
752 89 -13
92 91 19
92 90 19
92 94 8
512 514 13
512 847 28
512 511 28
514 513 13
514 849 8
514 158 -28
514 516 8
847 873 13
847 848 13
847 184 -19
511 159 -19
511 537 -19
511 486 8
511 850 28
503 842 -28
503 529 -13
452 791 -19
452 103 19
479 481 28
479 477 -19
479 125 19
969 943 13
969 301 13
969 636 -13
969 970 8
943 276 19
943 944 -13
943 610 -8
943 918 -8
301 300 -28
301 303 -8
301 299 -8
636 635 -8
636 634 -8
636 273 28
636 638 28
970 633 -8
970 972 -8
970 968 13
970 298 -8
961 294 19
961 987 19
961 962 -19
294 292 -19
294 653 28
987 988 13
987 319 19
987 654 13
962 960 19
962 625 -28
962 964 -19
962 291 -8
159 157 -28
159 161 -28
159 158 19
157 820 -19
157 509 -28
161 513 -19
161 824 19
161 163 -13
158 135 8
158 183 8
571 909 8
571 572 19
571 545 8
909 241 -8
909 908 -13
572 574 -19
572 570 28
545 519 -19
545 192 19
545 884 13
127 791 -13
127 481 -28
791 790 -13
791 793 8
481 480 13
481 483 8
829 490 -8
829 831 -19
829 828 19
829 162 19
829 827 -19
490 464 -13
490 140 8
490 515 13
831 164 19
831 492 19
831 830 19
831 832 -8
828 165 28
828 493 13
828 802 -13
828 853 8
162 518 -19
162 139 13
162 187 -19
162 163 -13
827 826 13
827 488 -13
574 908 19
574 216 19
574 573 -28
908 883 8
908 244 -28
908 933 19
216 241 -8
216 884 13
216 191 -8
573 219 19
573 599 -19
573 547 13
794 768 -8
794 795 -13
794 820 -13
794 134 -13
768 433 8
768 743 13
795 793 -28
795 456 13
795 797 -28
795 131 -19
820 485 -13
820 845 8
134 136 19
134 132 19
241 264 -28
241 242 -19
884 883 -19
884 886 -8
191 192 8
191 858 -8
191 166 -19
191 548 13
581 555 13
581 607 -8
581 226 -28
581 919 28
581 582 -19
555 201 -8
555 893 13
555 556 13
555 529 -8
607 633 -19
607 608 28
607 944 28
607 250 -8
226 225 8
226 228 -19
226 224 -19
226 890 -8
919 917 8
919 918 -28
919 920 8
582 580 19
582 584 8
582 916 28
582 223 19
404 57 -28
404 744 -13
404 405 -13
404 378 13
404 430 -19
57 59 19
57 55 13
57 715 -8
57 56 -19
744 81 13
744 742 -28
744 743 8
405 407 8
405 741 13
405 403 28
405 54 13
378 379 13
378 352 28
378 718 19
378 33 -8
430 431 -28
430 456 -19
430 82 -13
650 652 8
650 648 -13
650 983 -28
650 649 8
650 287 13
652 289 28
652 985 -13
652 654 -28
652 651 8
648 647 8
983 957 -8
649 290 -13
649 623 19
649 986 -28
287 958 13
201 199 8
201 203 -28
201 200 13
199 863 -28
199 553 13
203 867 13
203 557 -13
203 202 19
203 205 28
200 175 8
200 225 -13
200 558 -28
617 954 13
617 618 -28
954 953 28
954 952 8
618 620 8
618 616 -8
618 257 13
290 292 -8
290 289 8
290 957 8
292 291 -19
292 959 19
292 651 -8
289 264 -19
289 960 -8
957 624 -19
957 958 13
406 407 -28
406 59 -28
406 380 -19
407 56 19
407 743 28
59 58 28
59 717 19
380 381 19
380 35 28
380 354 28
380 720 -19
355 353 13
355 691 28
355 357 -13
355 7 19
355 354 -19
353 352 -8
353 351 -13
353 689 -13
353 5 -19
691 35 -19
691 665 -13
691 717 19
691 692 28
357 359 19
357 693 -13
357 9 19
7 32 13
7 8 -28
7 666 -28
354 328 8
354 10 13
354 694 13
258 620 -8
258 928 13
620 619 -19
620 953 28
928 930 19
928 927 28
441 443 8
441 439 19
441 89 28
779 778 8
779 781 13
779 777 19
619 593 8
619 261 19
593 567 19
593 238 -28
593 930 -28
261 263 13
261 927 -13
261 260 8
265 623 -8
265 264 -19
265 267 8
265 263 8
932 934 13
932 930 13
932 595 -28
91 443 -13
443 778 -8
443 445 28
443 442 19
450 476 -28
450 101 28
450 451 -19
450 424 19
476 501 28
476 126 -13
476 477 19
101 761 -19
101 103 13
101 100 13
451 99 -19
451 786 -19
424 425 -19
424 398 13
424 76 8
544 187 19
544 879 -13
544 542 -8
544 543 -13
187 212 -8
187 188 -13
187 854 8
879 904 28
879 853 -13
879 880 -19
879 215 -19
542 877 8
542 540 -19
542 541 -13
543 517 19
543 190 -28
543 569 19
917 248 19
917 579 28
917 915 -28
917 916 -13
248 608 28
248 271 -19
248 223 13
579 580 28
579 224 -19
579 553 19
579 605 19
915 247 19
915 914 8
916 250 -28
916 941 28
916 890 19
300 275 13
300 972 28
275 638 19
275 276 13
275 251 -19
275 946 28
972 635 -13
972 974 19
972 971 28
975 949 -13
975 307 -28
975 976 8
949 616 13
949 950 -19
949 923 -13
307 306 19
307 309 -13
307 305 -13
976 978 -28
976 974 19
976 639 -28
976 304 -19
577 578 8
577 551 -19
577 603 -28
578 220 13
578 912 -8
551 552 -19
551 525 19
603 604 -13
978 641 13
978 306 -19
641 615 19
588 587 -19
588 921 -19
588 586 28
588 229 8
587 232 19
587 613 -28
587 924 -19
587 561 13
921 922 -8
921 896 19
921 947 -13
921 256 28
586 227 19
586 585 -13
586 584 8
229 897 13
229 253 13
229 230 13
790 130 -8
790 455 19
793 129 -19
793 792 28
411 413 28
411 747 13
384 724 13
384 358 -8
384 39 -13
750 87 -13
750 749 -13
436 88 -8
436 462 -28
436 775 -28
413 749 19
413 412 13
749 90 -13
749 723 13
749 774 19
412 386 19
412 438 -13
812 477 8
812 837 -8
812 151 8
812 786 -13
837 863 28
837 838 13
837 174 28
151 501 13
151 150 -8
786 787 -19
786 126 -8
786 761 -13
623 960 28
623 624 19
960 959 8
960 958 -28
624 626 -13
175 842 19
175 176 -28
175 532 -8
842 840 -28
842 844 13
176 529 -19
176 178 -13
176 174 -28
176 839 -8
532 534 -28
532 867 8
532 530 -28
532 531 -28
361 13 -28
361 359 8
361 697 19
361 363 13
361 360 -8
13 38 -19
13 672 -28
13 14 8
359 695 28
359 358 -8
697 41 28
697 671 19
697 723 -19
697 698 -13
363 699 -8
363 15 -13
360 16 13
360 334 -19
360 700 28
360 386 19
626 625 8
626 264 8
626 959 13
625 267 8
625 651 28
625 599 19
264 934 19
959 933 13
959 985 8
472 811 13
472 473 13
472 498 19
472 123 -13
472 446 -19
811 147 -28
811 810 -28
811 809 -28
473 808 28
473 120 -19
473 475 -19
473 471 -19
498 148 -13
498 523 13
498 836 8
123 121 -8
123 782 13
123 122 -28
446 785 19
446 447 -28
446 98 19
446 420 13
934 933 13
934 936 19
633 634 -13
633 274 -8
634 271 -19
634 967 8
634 632 19
274 941 -13
274 276 -19
274 273 -13
274 272 -8
676 674 -28
676 336 -8
16 15 -8
16 14 -28
16 671 19
15 674 -8
15 40 19
14 358 8
14 12 28
14 669 -28
671 335 -28
671 672 -13
937 912 28
937 604 -8
912 913 8
604 602 28
267 933 -19
267 266 28
266 243 -8
266 936 -8
266 291 13
457 104 -28
457 455 -8
457 456 -8
457 792 13
104 79 28
104 105 19
104 129 -8
456 107 28
456 482 -13
792 818 -28
792 132 28
792 766 -28
79 431 13
79 742 -8
79 54 28
105 107 -8
105 103 8
129 130 -28
129 483 13
680 340 19
680 682 8
680 21 28
680 679 13
677 703 -8
677 341 8
550 193 28
550 552 -13
550 549 19
550 548 8
193 860 -28
193 218 -28
193 194 19
193 168 28
552 195 28
549 523 -28
549 196 -13
549 887 -8
549 575 19
548 883 8
548 547 8
88 87 -13
88 90 8
88 747 28
87 439 -13
90 438 -28
90 89 19
747 772 19
106 131 28
106 81 -13
106 107 28
131 485 -19
131 132 8
81 433 -13
81 82 -13
81 56 -28
107 766 -19
58 720 13
58 34 19
717 381 -19
717 718 -8
717 743 -13
148 146 -8
148 147 13
148 808 -13
146 496 19
146 145 -28
146 144 28
146 806 19
147 500 -19
147 170 -19
147 122 -28
808 809 13
808 782 -28
927 902 -19
927 953 28
340 341 -19
340 366 13
341 343 -28
366 367 -8
366 706 19
366 392 -28
724 723 8
723 387 13
501 840 -13
840 838 -28
840 173 19
840 839 19
150 125 19
150 173 -8
125 126 28
125 100 28
173 530 -28
173 174 13
755 756 13
755 729 -19
755 780 8
755 96 19
418 392 13
418 444 -13
418 758 -19
818 483 8
483 485 19
483 482 19
766 431 -13
766 741 8
640 973 8
640 277 8
640 639 13
640 638 -13
973 974 -13
973 305 -28
973 947 19
277 948 8
277 302 28
277 278 -8
277 253 -19
639 280 -13
639 613 13
638 637 -13
638 971 -8
367 703 8
367 369 -8
703 729 -19
703 47 -8
703 704 -13
369 21 -13
369 705 -19
369 368 -28
44 704 -8
44 393 19
682 23 19
682 342 19
23 48 28
23 24 19
342 343 13
342 368 8
38 698 -8
38 387 28
38 39 13
698 358 -8
698 700 -8
387 386 19
39 41 19
39 695 -28
860 858 -8
860 521 -13
860 862 13
860 859 13
858 856 -13
858 519 8
858 857 -8
521 547 -19
521 496 -19
521 522 13
521 169 -19
862 523 -8
862 861 19
862 195 13
859 196 28
859 833 -8
859 524 13
21 46 19
24 679 -19
24 368 19
135 489 8
135 136 8
135 799 -19
279 304 -13
279 280 -28
279 255 -19
279 950 -8
304 305 8
280 947 -28
280 278 19
255 231 -13
255 616 -8
255 924 19
255 256 13
950 948 -19
950 613 -28
950 952 -28
232 231 8
232 234 8
232 230 28
232 896 -19
231 899 -13
231 206 13
234 589 -8
234 898 8
234 236 19
230 585 8
230 894 -19
230 228 28
896 562 19
896 871 -19
896 897 8
901 899 19
901 563 28
905 567 28
905 904 28
905 237 19
902 238 -13
902 877 19
523 171 28
523 524 -28
171 833 13
171 170 28
171 169 -13
524 168 -13
524 526 -8
524 522 28
64 89 28
64 40 19
602 601 -19
602 243 19
599 244 28
599 936 13
732 70 13
732 392 -19
732 731 -13
732 734 -19
729 393 8
337 336 -13
337 335 19
337 673 19
335 333 13
335 334 19
673 674 -8
673 699 -19
482 132 13
533 534 8
533 559 19
533 872 28
567 213 19
567 541 28
213 877 -8
213 212 8
213 215 8
541 515 -13
541 188 -8
541 880 -19
948 611 19
948 947 -19
948 946 -19
611 585 -28
611 637 8
611 254 8
611 612 -19
947 614 -13
946 945 -8
946 944 -28
946 609 -28
775 774 8
775 777 8
772 798 -19
196 195 19
196 194 28
195 220 -19
195 170 8
194 192 28
194 547 13
194 857 -8
883 857 19
883 219 28
857 522 13
219 218 -19
219 221 28
381 379 -28
381 32 -19
379 377 -13
379 30 28
379 715 -28
32 56 -19
32 33 -8
32 692 -13
979 953 8
308 309 19
35 33 28
35 34 -28
33 31 -13
33 689 -28
34 9 19
34 694 -8
238 236 28
238 237 8
237 212 -28
237 260 -28
350 324 -19
350 351 13
350 690 19
350 376 -19
350 6 -13
324 325 -28
324 664 -19
351 3 -8
351 687 -19
690 30 19
690 692 19
690 689 -28
690 688 -13
376 377 8
376 31 -28
376 716 -13
6 8 13
6 5 -28
6 4 -28
6 661 19
427 75 -8
427 425 -13
75 100 19
75 51 19
75 76 19
75 738 -8
425 761 -19
425 74 -19
73 420 13
73 731 28
70 46 19
70 95 -19
742 741 8
742 740 13
743 84 19
343 679 28
679 705 -13
547 886 -13
952 615 -19
218 243 -28
218 886 28
243 244 -8
886 887 -13
583 584 13
583 557 13
583 228 -28
583 609 8
583 920 -8
584 225 -8
584 918 13
557 895 -13
557 531 19
557 558 8
228 227 -8
228 892 -19
609 635 19
609 610 -13
609 252 -19
920 251 -8
920 922 -13
386 41 19
985 986 -13
985 317 13
654 653 -28
654 291 -19
654 656 -13
651 988 28
328 329 8
328 668 -8
10 9 28
10 8 -8
10 665 13
10 12 -19
694 693 8
694 692 -13
41 40 8
40 700 -19
291 316 13
693 667 8
9 668 -19
668 666 -13
668 670 19
668 667 -8
244 242 -8
706 705 -19
706 46 19
706 704 19
705 49 -28
705 731 13
46 395 28
46 47 13
672 674 8
672 332 8
672 670 28
517 856 8
517 165 -28
517 518 13
517 492 -28
190 192 13
190 188 19
190 853 -8
190 189 28
569 570 -19
569 215 -19
569 595 13
674 334 8
84 82 13
82 741 28
519 494 19
519 167 13
519 520 8
495 493 8
495 830 8
495 494 -13
495 141 -13
495 497 28
493 492 13
493 139 -8
830 804 -8
830 167 -8
494 468 19
494 832 28
494 144 28
141 164 -28
141 805 28
141 142 -13
497 496 -8
497 143 -13
613 614 -13
613 256 13
924 923 28
924 922 19
561 899 -13
561 562 19
561 207 -8
561 535 -13
958 621 28
589 615 13
589 563 13
615 616 13
563 564 13
563 537 19
563 209 28
438 464 -13
438 777 -13
438 439 -28
761 735 -13
735 736 -28
735 399 -28
735 709 -13
735 76 -8
887 220 -8
699 700 8
737 401 19
737 78 -28
737 738 -8
856 189 28
856 854 -19
189 164 28
854 852 -8
854 515 28
854 853 28
635 276 -13
276 278 -8
575 601 -13
575 913 -28
575 221 -28
25 684 8
25 50 13
25 373 -19
25 0 28
684 683 -8
50 74 28
50 399 -8
50 710 -13
373 372 -28
373 709 13
373 375 -19
0 347 -19
0 658 8
251 227 28
251 252 28
251 612 19
89 114 28
836 170 19
836 835 -8
836 834 -19
899 898 13
899 897 28
898 923 -8
898 873 13
898 564 -8
897 895 8
897 559 -28
227 895 13
227 202 -19
895 894 13
895 893 -8
202 560 28
202 177 28
202 870 13
756 758 -13
756 93 -8
758 757 -28
758 95 -28
758 760 28
93 445 -13
93 118 -19
93 94 19
720 718 13
500 835 -8
500 499 -8
835 810 -28
835 861 -19
499 474 -8
499 525 8
170 526 -19
122 97 13
122 785 13
122 475 19
595 621 19
333 332 28
333 669 -8
333 331 13
332 358 -19
669 695 -13
669 670 8
331 330 8
331 667 8
331 329 -13
944 273 -13
944 942 -28
610 608 19
610 249 -8
610 612 13
918 892 -13
918 252 -8
833 834 -13
377 28 8
377 375 28
377 713 28
28 3 -8
28 688 8
375 26 -19
375 374 19
713 739 -8
713 714 19
713 55 8
713 687 -19
861 526 -8
263 621 28
621 647 28
31 687 -28
31 30 -13
687 661 -8
687 688 19
30 5 -13
30 54 8
206 564 -13
206 181 28
206 874 28
206 207 -19
715 741 28
715 716 -19
715 689 28
877 851 28
904 570 -8
393 395 -8
393 392 19
74 736 8
74 99 13
736 738 28
739 403 13
739 740 -13
403 401 -28
740 400 19
740 77 13
740 738 -19
616 614 19
220 221 28
562 564 13
562 560 8
560 894 -28
560 559 8
560 558 -8
352 8 -13
352 692 8
352 326 -8
8 663 13
326 666 -8
326 327 19
77 78 13
431 433 13
608 606 -8
608 941 -8
606 247 19
606 605 -8
941 967 13
941 942 8
26 1 8
26 51 19
26 27 28
688 348 -13
346 372 19
346 347 13
346 2 8
346 320 8
54 55 8
54 716 -28
804 469 28
804 778 -19
804 144 -8
804 805 -19
469 468 -8
469 467 -28
469 471 -28
144 143 -13
144 142 -8
805 803 28
805 807 8
208 183 -19
208 876 -19
208 209 28
585 559 -19
585 922 -13
559 205 28
922 253 8
209 873 -19
209 207 19
875 540 8
875 849 -19
875 876 8
966 965 -13
966 295 -13
966 968 19
965 297 28
965 939 -19
965 632 -28
295 270 -19
968 296 -8
968 967 8
968 631 8
322 323 -28
322 348 -28
322 662 -28
323 325 -13
323 321 19
348 374 13
348 4 28
662 661 8
662 664 -8
662 660 -19
662 3 -8
880 212 -19
12 667 -19
330 670 -13
401 399 8
401 51 28
401 400 19
399 398 28
51 712 -8
51 52 -13
400 53 -8
400 374 8
368 394 19
48 397 -8
48 49 -19
614 253 -13
614 612 13
253 254 19
612 945 -13
468 442 -8
468 807 13
832 166 -8
832 834 13
496 470 -19
496 834 19
143 807 -19
143 118 -19
143 166 -8
930 260 -19
894 869 -13
869 534 -13
869 870 19
869 205 -28
807 809 -19
807 806 13
118 471 -13
118 781 -19
166 522 -19
166 167 28
298 299 -13
298 273 -19
270 940 19
270 632 13
270 247 13
964 627 -28
810 475 -28
810 784 -19
475 474 -8
784 785 8
784 449 13
297 299 -13
297 296 8
299 967 28
296 271 19
974 637 13
974 302 8
971 303 -13
971 945 -8
580 222 8
580 914 28
223 224 19
223 891 -19
329 327 -28
329 665 19
939 272 -8
939 914 -13
939 940 8
272 631 -19
272 271 19
914 888 -28
940 942 8
520 164 -28
520 518 8
520 522 28
56 718 19
372 27 -19
372 712 -28
372 398 -28
27 683 28
712 714 19
712 710 -8
398 738 -8
398 52 19
637 278 28
278 945 8
492 142 13
467 802 -19
467 465 -28
467 114 -19
525 526 -8
1 2 19
1 660 -28
302 303 -19
873 538 13
873 874 8
94 442 -13
94 96 -28
474 448 -28
665 666 19
303 305 19
709 683 19
709 710 -8
709 52 -28
76 78 19
718 716 -28
716 714 28
394 49 -8
394 420 13
394 734 13
394 395 13
49 47 -8
420 760 19
395 731 -28
395 397 -19
5 664 -13
168 145 -13
168 834 28
168 169 28
120 145 -13
120 121 -13
120 783 8
120 95 8
471 470 8
471 806 8
871 207 13
871 845 19
871 872 -28
207 205 28
845 182 -13
872 870 -19
872 874 8
271 942 8
632 631 -28
121 470 13
121 780 -28
782 447 28
782 757 -8
782 783 -19
273 249 -13
165 164 8
165 163 -8
165 167 -13
518 853 -13
518 516 -19
535 182 13
535 509 13
535 874 -19
480 130 8
181 182 8
181 848 19
181 538 13
874 876 -28
851 852 -28
851 188 -19
851 516 -28
851 826 -8
250 249 -19
250 252 19
249 225 8
225 893 28
47 392 8
256 254 13
534 177 -8
177 178 28
177 844 -19
142 140 28
142 802 28
570 212 -8
631 605 -19
325 661 -8
325 327 -8
664 663 -8
664 666 13
53 55 -19
53 52 13
374 714 -8
3 4 19
462 488 -13
488 513 28
488 489 8
4 2 28
470 809 13
470 444 8
893 892 13
893 891 28
145 809 8
540 538 -13
540 183 13
538 537 8
183 184 13
183 850 -13
867 892 -28
892 558 -8
442 781 -28
891 889 -13
891 553 8
891 890 28
513 852 -19
852 850 8
167 169 28
531 178 13
531 870 -19
558 556 19
186 188 -19
186 184 -8
186 849 19
184 182 -8
184 537 19
849 850 -8
849 824 -28
97 449 -13
97 98 -13
97 760 19
785 783 -8
448 449 -28
783 781 -28
783 444 19
537 876 -28
942 605 8
252 254 28
347 683 13
683 657 13
663 327 8
663 689 19
485 487 28
487 489 28
487 486 -13
222 889 -8
222 197 -19
222 247 -19
464 803 13
464 465 13
803 802 -28
803 139 -28
465 800 13
848 509 13
848 850 13
447 445 -8
447 449 13
447 95 -28
445 780 -19
445 444 19
95 96 19
889 888 8
888 224 -8
888 863 -13
888 554 -19
826 800 13
826 163 8
489 824 13
601 627 13
627 653 -19
140 139 -13
140 800 13
139 114 -19
800 774 19
806 780 13
321 657 -19
321 320 -13
444 96 19
515 163 28
515 516 -13
988 986 8
988 316 8
988 990 -19
986 314 -13
316 317 13
990 653 19
990 318 13
990 989 13
780 781 -13
114 777 -19
657 658 -28
657 2 8
658 660 13
319 317 -28
319 318 19
731 757 28
397 396 19
320 660 8
757 98 -28
98 96 -28
458 797 8
486 136 -28
797 799 28
553 554 -28
774 439 -13
863 528 28
554 556 8
554 197 8
890 556 -28
798 824 -28
798 799 13
989 656 -19
655 656 28
529 530 -8
130 132 8
530 528 8
