982 981 -8
982 310 -13
982 980 8
982 984 -19
982 645 -28
981 313 13
981 955 8
981 648 -13
310 285 -28
310 311 -8
980 978 -8
980 308 19
980 643 8
980 979 -19
984 312 28
984 647 -8
984 986 13
984 983 13
645 619 -19
645 646 13
645 286 -8
137 801 19
137 160 -28
137 491 -13
137 138 -13
137 112 -13
801 462 19
801 800 8
801 803 13
801 799 13
160 185 8
160 161 8
160 516 8
160 827 28
491 493 13
491 490 -13
491 826 19
491 489 -28
138 140 28
138 488 -19
138 136 -8
138 798 -8
112 113 -13
112 465 8
112 775 19
112 87 -19
592 233 -28
592 590 28
592 591 8
592 594 13
592 925 19
233 234 13
233 208 19
233 901 13
233 257 -28
590 588 -8
590 589 19
590 231 -8
590 923 -28
591 565 -28
591 617 -13
591 928 -28
591 236 28
594 235 13
594 596 -8
594 927 28
594 593 -19
925 259 -19
925 900 -19
925 951 8
925 926 -13
338 339 19
338 364 -19
338 678 -28
339 675 13
339 337 -8
339 341 13
364 20 -28
364 704 -8
364 390 -28
364 365 -28
678 676 8
678 19 -8
678 680 28
678 677 19
414 388 -28
414 754 28
414 415 8
414 440 -28
414 67 -13
388 728 -19
388 362 -8
388 389 13
388 43 -28
754 91 -28
754 756 -13
754 752 28
754 753 -8
415 417 19
415 751 13
415 413 19
415 64 -8
440 441 -28
440 779 28
440 466 19
440 92 13
67 69 8
67 65 -8
67 725 28
67 66 -19
817 478 8
817 815 -19
817 816 28
817 819 28
478 503 13
478 452 13
478 479 8
478 128 -28
815 150 8
815 814 19
815 813 -8
815 476 28
816 154 13
816 481 -19
816 790 28
816 841 19
819 818 -8
819 153 -28
819 821 -19
819 480 28
149 124 -8
149 502 8
149 813 -8
149 172 -28
124 787 19
124 99 -13
124 477 19
502 501 8
502 837 8
502 504 -28
813 812 -13
172 197 -8
172 528 13
172 838 -13
417 66 -28
417 753 8
417 416 -13
417 419 19
66 728 -19
66 42 8
753 727 19
753 778 -13
753 94 -28
416 69 13
416 756 -8
416 390 28
416 442 -28
419 755 8
419 418 -8
419 68 13
419 421 28
382 37 -8
382 722 28
382 408 -28
382 383 -8
382 356 -19
37 36 28
37 35 -19
37 39 19
37 693 19
722 724 19
722 60 13
722 721 -19
722 720 19
408 434 -8
408 748 -28
408 409 28
408 61 19
383 381 8
383 719 8
383 34 13
383 385 -19
356 357 19
356 12 13
356 330 -13
356 696 8
765 763 13
765 102 28
765 764 -28
765 767 -28
765 426 -13
763 762 19
763 424 -13
763 100 8
102 127 13
102 77 28
102 103 -28
102 455 8
764 739 -13
764 429 -19
764 790 13
764 105 28
767 428 -19
767 104 -19
767 766 -28
767 769 28
426 427 -8
426 400 -19
426 452 8
426 78 19
179 536 -8
179 204 -8
179 180 13
179 846 19
179 155 -13
536 871 -19
536 534 28
536 535 28
536 538 13
204 562 28
204 229 19
204 872 28
204 205 -13
180 533 8
180 182 -13
180 178 19
180 843 -13
846 507 -13
846 848 8
846 844 -28
846 845 -8
155 510 -28
155 131 13
155 821 -28
630 963 -8
630 629 -13
630 628 -28
630 268 8
963 937 -13
963 964 8
963 989 19
629 603 -28
629 655 8
628 961 -8
628 626 -28
628 266 -19
628 627 -28
268 269 28
268 293 -13
268 245 8
268 938 -8
269 267 -8
269 627 -8
269 935 19
293 318 -19
293 294 -19
293 656 -19
293 964 8
245 913 28
245 220 -28
245 246 8
245 604 8
938 937 -13
938 936 8
938 601 19
36 696 28
36 11 -13
36 385 19
36 60 13
696 695 19
696 698 -19
696 694 -19
11 12 13
11 670 -8
11 359 -28
385 387 28
385 721 -28
385 384 -19
60 85 8
60 61 -19
60 411 8
20 18 -8
20 675 -8
20 22 13
20 19 19
18 16 8
18 362 -19
18 673 -8
18 17 28
675 701 8
675 676 -19
22 366 -13
22 21 -19
22 677 -28
22 24 13
19 367 8
19 44 28
239 907 13
239 598 -8
239 240 -19
239 214 28
239 262 -8
907 909 28
907 905 28
907 569 8
907 906 -13
598 600 19
598 931 -28
598 597 -13
598 596 -13
240 238 13
240 595 8
240 242 8
240 904 -19
214 882 8
214 572 8
214 215 28
214 189 28
262 263 -13
262 932 13
262 287 13
262 624 19
461 463 28
461 460 19
461 459 -13
461 108 28
461 796 28
463 110 8
463 462 -13
463 465 19
463 798 8
460 111 28
460 434 19
460 486 -19
460 799 -8
459 794 28
459 457 8
459 106 8
459 458 -28
108 771 8
108 83 13
108 133 19
108 109 -8
796 797 19
796 822 -19
796 770 -13
796 136 28
771 769 -28
771 773 -19
771 770 -13
771 432 -19
83 84 -13
83 58 -13
83 746 -28
83 435 13
133 487 8
133 797 -8
133 134 -28
133 156 8
109 111 -28
109 107 -8
109 458 -8
109 768 -13
701 365 8
701 727 -28
701 702 -8
701 45 8
365 367 -28
365 363 28
365 17 13
727 728 19
727 69 28
727 391 28
702 42 28
702 700 -13
702 362 -19
702 704 -19
45 43 -28
45 390 -28
45 44 -19
45 47 19
910 935 19
910 911 -19
910 885 -8
910 246 28
910 576 8
935 961 19
935 936 -13
935 602 19
911 909 8
911 573 13
911 913 13
911 243 -8
885 550 -13
885 886 -13
885 859 -8
885 221 13
246 244 28
246 601 8
576 574 -13
576 218 28
576 575 28
576 578 8
428 80 19
428 454 19
428 429 -19
428 402 13
80 739 -8
80 79 8
80 82 -19
80 78 -8
454 480 13
454 455 -8
454 793 -13
454 105 -28
429 427 -28
429 77 28
429 431 -19
402 403 19
402 55 19
402 376 -13
402 742 -8
111 110 28
111 770 8
111 113 -8
110 85 13
110 135 28
110 773 28
770 745 -28
770 435 8
113 462 -13
113 772 28
113 115 28
285 286 28
285 956 -28
285 260 19
285 648 8
311 313 28
311 309 13
311 979 -13
313 312 13
313 315 -13
312 287 28
315 314 -19
315 983 -13
315 317 -28
685 29 -19
685 686 -19
685 711 28
685 349 -28
685 659 8
29 31 8
29 374 28
29 28 28
29 27 -13
686 26 8
686 684 -28
686 688 -19
686 346 28
711 737 -19
711 375 19
711 53 13
711 712 19
349 351 -28
349 347 19
349 348 8
349 1 13
659 323 -28
659 660 13
659 4 8
63 61 -8
63 65 -8
63 410 -13
63 62 -28
63 721 28
61 59 -19
61 719 28
65 64 -19
65 412 8
65 723 -8
410 411 -28
410 384 28
410 750 -28
410 436 19
62 413 28
62 724 13
62 38 -19
62 87 -28
721 695 8
721 747 8
745 86 8
745 719 -28
745 746 28
745 409 -13
86 434 13
86 85 -8
86 88 28
86 84 28
719 693 -8
719 720 -19
746 406 28
746 744 8
746 748 -13
409 58 8
409 407 19
409 411 -28
506 504 19
506 508 28
506 841 -8
506 505 8
504 150 -28
504 503 -28
504 839 28
508 507 19
508 510 8
508 843 -13
508 153 -13
841 867 -28
841 842 28
841 178 19
505 154 -28
505 480 -8
505 844 13
505 531 -19
600 933 28
600 602 -28
600 241 -19
600 599 -19
931 265 28
931 906 19
931 957 28
931 932 -13
597 571 19
597 623 -8
597 934 28
597 242 13
596 237 -19
596 929 13
596 595 19
344 370 13
344 345 -28
370 396 28
370 371 8
345 343 8
345 681 19
728 730 19
728 726 28
730 390 8
730 68 -19
730 732 19
730 729 8
726 724 -8
726 64 -19
726 725 -8
726 386 -19
955 288 28
955 956 -8
955 929 13
955 622 8
288 290 -8
288 286 28
288 647 19
288 287 19
956 619 -8
956 954 -8
956 958 13
929 263 -8
929 930 13
929 904 8
622 620 -8
622 260 -28
622 624 13
622 621 -13
154 152 -13
154 153 13
152 814 -13
152 151 -13
152 503 -19
153 177 -28
153 129 -13
565 211 19
565 903 -28
565 566 19
565 539 -8
211 210 -13
211 213 8
211 209 28
211 875 -13
903 235 -28
903 901 -19
903 905 28
903 902 8
566 568 -19
566 900 19
566 564 -13
566 208 19
539 540 8
539 513 -19
539 186 -8
539 878 -28
507 482 19
507 533 8
510 512 -13
510 845 19
510 509 28
843 818 13
843 869 -28
843 844 -13
823 822 13
823 484 -28
823 821 13
823 825 13
823 156 19
822 159 8
822 487 -28
822 847 13
484 485 -28
484 134 28
484 458 19
484 509 -28
821 482 28
821 820 -13
825 486 13
825 827 -13
825 158 19
825 824 13
156 512 -28
156 181 -13
156 157 -13
788 814 13
788 453 -8
788 762 -28
788 128 19
788 789 28
814 479 -28
814 839 -13
453 451 -13
453 100 -13
453 452 13
453 455 19
762 427 28
762 103 -19
762 737 28
128 127 -19
128 126 -19
128 130 -28
789 450 13
789 791 8
789 787 -8
789 125 -13
210 878 -19
210 185 8
210 568 8
210 235 28
878 877 8
878 880 -13
878 876 28
185 186 -19
185 542 -8
185 852 -19
568 567 28
568 902 19
568 570 -28
235 258 -13
235 236 -8
423 759 28
423 421 8
423 72 -19
423 422 -13
759 784 -28
759 760 19
759 733 13
421 757 19
421 70 -19
421 420 28
72 48 -13
72 97 8
72 73 -19
72 734 -28
422 396 -19
422 448 13
362 363 13
362 336 -13
389 387 8
389 725 -19
389 391 -28
389 40 19
43 42 13
43 41 13
43 699 -19
769 106 -28
769 768 -13
769 430 8
773 434 -8
773 775 19
773 772 19
432 406 -28
432 84 13
432 458 -8
432 433 -8
881 906 -19
881 546 13
881 882 -13
881 217 28
881 855 8
906 242 19
906 572 19
546 544 19
546 545 13
546 548 -8
546 189 28
882 543 -28
882 884 8
882 880 -19
217 571 28
217 216 19
217 219 8
217 215 -13
855 856 -13
855 192 -13
855 830 -19
855 520 8
644 643 13
644 977 19
644 646 -13
644 281 -28
644 642 -28
643 284 13
643 617 8
977 978 -28
977 951 13
977 309 19
646 979 -13
646 283 19
646 648 19
281 306 -8
281 952 -8
281 282 19
281 257 -28
642 975 19
642 640 19
642 279 8
642 641 -19
42 391 -19
42 17 19
391 390 -13
391 393 28
17 676 -8
866 527 -13
866 864 -19
866 868 -28
866 865 19
866 198 -28
527 501 8
527 553 -28
527 528 8
527 174 28
864 197 19
864 863 13
868 867 28
868 529 13
868 870 -8
868 200 28
865 201 13
865 530 19
865 890 13
865 839 13
198 223 -28
198 556 -8
198 173 -13
198 199 -28
284 283 -19
284 286 13
284 282 8
284 951 13
283 258 13
283 954 -13
283 308 -19
286 953 13
282 641 -13
282 949 -19
282 280 13
951 952 -19
951 618 -19
707 371 8
707 708 -8
707 681 -13
707 733 -13
371 369 -8
371 23 19
708 706 8
708 368 -19
708 48 28
681 682 19
733 734 19
733 397 19
434 435 13
435 433 13
435 437 13
259 617 -19
259 258 19
259 261 8
900 875 28
900 236 13
900 901 -19
926 589 -19
926 924 -13
926 928 -8
926 257 -19
117 466 8
117 116 13
117 119 -19
117 115 -28
117 776 8
466 805 -28
466 492 19
466 467 28
116 91 28
116 469 -13
116 779 8
116 141 -8
119 468 8
119 778 8
119 121 19
119 118 13
115 464 19
115 774 -19
115 114 -28
776 751 8
776 777 -8
776 441 -19
776 802 -13
85 437 -13
85 748 19
437 436 8
437 772 -19
437 439 -13
748 750 13
748 747 13
69 68 28
69 71 28
68 44 8
68 93 -28
71 73 28
71 70 19
71 729 13
71 418 19
751 725 8
751 752 28
751 92 -28
725 699 -13
752 750 -8
752 412 -19
752 89 -28
92 91 19
92 90 13
92 94 13
512 514 -28
512 847 28
512 511 -13
514 513 -8
514 849 8
514 158 13
514 516 13
847 873 -8
847 848 -19
847 184 28
511 159 -13
511 537 -8
511 486 -13
511 850 28
503 842 -19
503 529 28
452 791 28
452 103 -13
479 481 -19
479 477 -28
479 125 28
969 943 19
969 301 -8
969 636 -28
969 970 28
943 276 19
943 944 28
943 610 -19
943 918 -19
301 300 -8
301 303 8
301 299 13
636 635 28
636 634 19
636 273 -19
636 638 -13
970 633 -13
970 972 13
970 968 8
970 298 13
961 294 -28
961 987 -28
961 962 -8
294 292 -13
294 653 -19
987 988 28
987 319 13
987 654 13
962 960 -19
962 625 -8
962 964 -8
962 291 13
159 157 28
159 161 8
159 158 13
157 820 19
157 509 28
161 513 -19
161 824 -8
161 163 13
158 135 -8
158 183 8
571 909 -28
571 572 8
571 545 28
909 241 19
909 908 13
572 574 28
572 570 -28
545 519 28
545 192 -28
545 884 -28
127 791 19
127 481 19
791 790 13
791 793 8
481 480 8
481 483 19
829 490 19
829 831 19
829 828 -19
829 162 13
829 827 -19
490 464 -8
490 140 8
490 515 -19
831 164 8
831 492 19
831 830 19
831 832 13
828 165 19
828 493 8
828 802 -19
828 853 -13
162 518 -13
162 139 19
162 187 -19
162 163 -8
827 826 19
827 488 -28
574 908 19
574 216 28
574 573 13
908 883 -13
908 244 -13
908 933 28
216 241 13
216 884 -28
216 191 -8
573 219 19
573 599 -13
573 547 28
794 768 -8
794 795 -28
794 820 -13
794 134 -19
768 433 8
768 743 -13
795 793 -28
795 456 -19
795 797 -8
795 131 -28
820 485 -8
820 845 28
134 136 -19
134 132 -19
241 264 -19
241 242 19
884 883 8
884 886 19
191 192 -28
191 858 -19
191 166 28
191 548 -13
581 555 19
581 607 -19
581 226 13
581 919 19
581 582 -8
555 201 -28
555 893 -28
555 556 -13
555 529 28
607 633 -13
607 608 19
607 944 8
607 250 -28
226 225 13
226 228 13
226 224 -8
226 890 -19
919 917 8
919 918 8
919 920 -19
582 580 -13
582 584 -28
582 916 -19
582 223 13
404 57 13
404 744 -28
404 405 -28
404 378 -13
404 430 -28
57 59 8
57 55 13
57 715 -19
57 56 19
744 81 -8
744 742 -19
744 743 -28
405 407 28
405 741 28
405 403 -8
405 54 -28
378 379 -19
378 352 -19
378 718 19
378 33 13
430 431 28
430 456 -19
430 82 -19
650 652 -19
650 648 -28
650 983 -28
650 649 19
650 287 -19
652 289 -28
652 985 19
652 654 19
652 651 19
648 647 13
983 957 19
649 290 -13
649 623 -28
649 986 8
287 958 8
201 199 19
201 203 -28
201 200 -13
199 863 -8
199 553 -13
203 867 -13
203 557 -13
203 202 -28
203 205 13
200 175 -19
200 225 -8
200 558 13
617 954 28
617 618 13
954 953 8
954 952 19
618 620 -8
618 616 -13
618 257 13
290 292 -8
290 289 8
290 957 -28
292 291 -28
292 959 8
292 651 -8
289 264 -8
289 960 -19
957 624 13
957 958 19
406 407 13
406 59 -8
406 380 13
407 56 -8
407 743 -8
59 58 8
59 717 19
380 381 8
380 35 -28
380 354 -19
380 720 13
355 353 -8
355 691 -13
355 357 28
355 7 -28
355 354 8
353 352 19
353 351 28
353 689 28
353 5 -28
691 35 -13
691 665 -28
691 717 -19
691 692 19
357 359 13
357 693 -19
357 9 -8
7 32 8
7 8 -19
7 666 19
354 328 8
354 10 -13
354 694 8
258 620 -8
258 928 8
620 619 28
620 953 19
928 930 -13
928 927 -28
441 443 13
441 439 13
441 89 -8
779 778 19
779 781 13
779 777 -13
619 593 -19
619 261 8
593 567 -13
593 238 8
593 930 -28
261 263 -13
261 927 -13
261 260 8
265 623 -13
265 264 28
265 267 19
265 263 13
932 934 28
932 930 -8
932 595 -19
91 443 -28
443 778 -19
443 445 8
443 442 -19
450 476 13
450 101 19
450 451 19
450 424 -28
476 501 19
476 126 13
476 477 -28
101 761 8
101 103 8
101 100 -8
451 99 -28
451 786 19
424 425 13
424 398 28
424 76 13
544 187 19
544 879 13
544 542 8
544 543 8
187 212 28
187 188 19
187 854 28
879 904 -13
879 853 -8
879 880 19
879 215 8
542 877 8
542 540 -13
542 541 13
543 517 -28
543 190 -8
543 569 13
917 248 8
917 579 19
917 915 19
917 916 -28
248 608 -28
248 271 28
248 223 8
579 580 -28
579 224 -28
579 553 19
579 605 13
915 247 -19
915 914 13
916 250 13
916 941 -28
916 890 28
300 275 -8
300 972 13
275 638 -19
275 276 -8
275 251 8
275 946 -8
972 635 -28
972 974 19
972 971 -28
975 949 28
975 307 13
975 976 28
949 616 -28
949 950 -28
949 923 -28
307 306 8
307 309 8
307 305 19
976 978 28
976 974 -28
976 639 -13
976 304 -28
577 578 19
577 551 28
577 603 19
578 220 8
578 912 28
551 552 -28
551 525 8
603 604 19
978 641 -13
978 306 -19
641 615 13
588 587 -28
588 921 -19
588 586 -28
588 229 -28
587 232 -8
587 613 -19
587 924 -19
587 561 19
921 922 -8
921 896 19
921 947 -13
921 256 8
586 227 -19
586 585 -8
586 584 -19
229 897 -13
229 253 19
229 230 -8
790 130 -28
790 455 -28
793 129 -8
793 792 8
411 413 -28
411 747 8
384 724 -19
384 358 13
384 39 19
750 87 -28
750 749 8
436 88 -8
436 462 19
436 775 8
413 749 -19
413 412 -28
749 90 19
749 723 -13
749 774 8
412 386 -28
412 438 13
812 477 -8
812 837 -28
812 151 -8
812 786 8
837 863 13
837 838 8
837 174 8
151 501 13
151 150 19
786 787 -8
786 126 -28
786 761 -8
623 960 13
623 624 19
960 959 -8
960 958 -19
624 626 -8
175 842 28
175 176 -28
175 532 13
842 840 8
842 844 28
176 529 -28
176 178 -13
176 174 -19
176 839 8
532 534 8
532 867 -13
532 530 -19
532 531 -8
361 13 -8
361 359 13
361 697 -19
361 363 28
361 360 -19
13 38 -8
13 672 -28
13 14 28
359 695 -13
359 358 8
697 41 13
697 671 8
697 723 8
697 698 28
363 699 28
363 15 -28
360 16 13
360 334 -13
360 700 28
360 386 13
626 625 13
626 264 -19
626 959 -8
625 267 8
625 651 -13
625 599 -28
264 934 -13
959 933 28
959 985 28
472 811 -19
472 473 -19
472 498 -13
472 123 -19
472 446 19
811 147 -13
811 810 -8
811 809 13
473 808 -28
473 120 -28
473 475 -13
473 471 -13
498 148 -28
498 523 13
498 836 -19
123 121 19
123 782 -13
123 122 -13
446 785 28
446 447 -19
446 98 -8
446 420 -19
934 933 19
934 936 13
633 634 8
633 274 -19
634 271 19
634 967 -8
634 632 -19
274 941 -28
274 276 -19
274 273 28
274 272 -28
676 674 13
676 336 -8
16 15 -28
16 14 19
16 671 19
15 674 13
15 40 28
14 358 -8
14 12 -19
14 669 19
671 335 13
671 672 -8
937 912 8
937 604 -13
912 913 -28
604 602 -19
267 933 13
267 266 28
266 243 -13
266 936 -13
266 291 8
457 104 28
457 455 -8
457 456 28
457 792 -8
104 79 8
104 105 -8
104 129 13
456 107 -28
456 482 8
792 818 -13
792 132 19
792 766 -8
79 431 -8
79 742 19
79 54 -8
105 107 -19
105 103 8
129 130 13
129 483 19
680 340 8
680 682 -13
680 21 -13
680 679 8
677 703 -19
677 341 8
550 193 -19
550 552 -19
550 549 -28
550 548 -28
193 860 19
193 218 -28
193 194 13
193 168 -8
552 195 8
549 523 -19
549 196 -8
549 887 19
549 575 -28
548 883 -19
548 547 -28
88 87 -8
88 90 28
88 747 19
87 439 -28
90 438 -28
90 89 -8
747 772 -13
106 131 28
106 81 -13
106 107 -8
131 485 8
131 132 -19
81 433 -13
81 82 -8
81 56 -19
107 766 -19
58 720 19
58 34 -28
717 381 -13
717 718 19
717 743 13
148 146 -13
148 147 -28
148 808 19
146 496 28
146 145 8
146 144 -19
146 806 19
147 500 19
147 170 19
147 122 19
808 809 -13
808 782 28
927 902 28
927 953 -13
340 341 -13
340 366 28
341 343 -13
366 367 28
366 706 28
366 392 19
724 723 -28
723 387 -8
501 840 -13
840 838 -19
840 173 -8
840 839 -8
150 125 -28
150 173 -8
125 126 -13
125 100 13
173 530 28
173 174 28
755 756 -28
755 729 19
755 780 19
755 96 -28
418 392 19
418 444 -8
418 758 28
818 483 28
483 485 -13
483 482 13
766 431 28
766 741 -19
640 973 -13
640 277 28
640 639 28
640 638 -13
973 974 13
973 305 13
973 947 19
277 948 -13
277 302 -19
277 278 8
277 253 19
639 280 -19
639 613 19
638 637 -19
638 971 -19
367 703 -28
367 369 19
703 729 -13
703 47 -13
703 704 19
369 21 19
369 705 13
369 368 -8
44 704 19
44 393 19
682 23 8
682 342 -8
23 48 13
23 24 28
342 343 19
342 368 -19
38 698 13
38 387 8
38 39 -13
698 358 28
698 700 28
387 386 -13
39 41 -19
39 695 -28
860 858 19
860 521 -19
860 862 -19
860 859 8
858 856 -13
858 519 -19
858 857 8
521 547 19
521 496 19
521 522 8
521 169 -28
862 523 -8
862 861 -13
862 195 -19
859 196 -28
859 833 28
859 524 -13
21 46 8
24 679 -19
24 368 -8
135 489 8
135 136 8
135 799 19
279 304 -13
279 280 28
279 255 -13
279 950 8
304 305 -28
280 947 8
280 278 8
255 231 13
255 616 28
255 924 -13
255 256 -28
950 948 -8
950 613 13
950 952 19
232 231 -19
232 234 -19
232 230 13
232 896 8
231 899 8
231 206 -28
234 589 19
234 898 -28
234 236 13
230 585 28
230 894 28
230 228 -13
896 562 28
896 871 28
896 897 19
901 899 28
901 563 8
905 567 19
905 904 19
905 237 28
902 238 -8
902 877 28
523 171 -28
523 524 -13
171 833 -19
171 170 19
171 169 19
524 168 8
524 526 28
524 522 -19
64 89 19
64 40 19
602 601 8
602 243 13
599 244 19
599 936 -13
732 70 -13
732 392 8
732 731 -8
732 734 -13
729 393 19
337 336 13
337 335 8
337 673 -13
335 333 -28
335 334 13
673 674 -8
673 699 -13
482 132 28
533 534 -8
533 559 13
533 872 -19
567 213 -8
567 541 28
213 877 -13
213 212 19
213 215 28
541 515 8
541 188 -28
541 880 -13
948 611 -19
948 947 -19
948 946 -19
611 585 13
611 637 -13
611 254 -28
611 612 8
947 614 -8
946 945 13
946 944 -8
946 609 -8
775 774 8
775 777 13
772 798 -13
196 195 -28
196 194 8
195 220 -8
195 170 -13
194 192 -28
194 547 19
194 857 -19
883 857 8
883 219 8
857 522 -28
219 218 19
219 221 8
381 379 -28
381 32 -8
379 377 -28
379 30 19
379 715 -19
32 56 28
32 33 28
32 692 -13
979 953 -13
308 309 13
35 33 -19
35 34 -19
33 31 13
33 689 8
34 9 19
34 694 28
238 236 19
238 237 -13
237 212 19
237 260 -28
350 324 -8
350 351 28
350 690 8
350 376 13
350 6 19
324 325 -19
324 664 13
351 3 19
351 687 28
690 30 19
690 692 8
690 689 -13
690 688 -8
376 377 28
376 31 19
376 716 28
6 8 -28
6 5 -13
6 4 -13
6 661 -8
427 75 28
427 425 -28
75 100 13
75 51 -28
75 76 8
75 738 8
425 761 28
425 74 -19
73 420 -8
73 731 -13
70 46 8
70 95 19
742 741 19
742 740 13
743 84 13
343 679 8
679 705 8
547 886 8
952 615 28
218 243 28
218 886 13
243 244 -8
886 887 -19
583 584 -8
583 557 -28
583 228 19
583 609 -28
583 920 -13
584 225 -8
584 918 13
557 895 -8
557 531 -19
557 558 13
228 227 -8
228 892 13
609 635 8
609 610 19
609 252 13
920 251 -19
920 922 28
386 41 -19
985 986 -13
985 317 8
654 653 8
654 291 13
654 656 -13
651 988 13
328 329 8
328 668 19
10 9 13
10 8 -19
10 665 13
10 12 13
694 693 -8
694 692 28
41 40 19
40 700 -28
291 316 19
693 667 -13
9 668 13
668 666 -13
668 670 8
668 667 -13
244 242 19
706 705 13
706 46 -13
706 704 -8
705 49 13
705 731 28
46 395 19
46 47 13
672 674 28
672 332 19
672 670 13
517 856 28
517 165 13
517 518 13
517 492 -19
190 192 -13
190 188 19
190 853 28
190 189 19
569 570 28
569 215 -8
569 595 -28
674 334 -28
84 82 -28
82 741 -19
519 494 13
519 167 -13
519 520 -13
495 493 -8
495 830 -28
495 494 -28
495 141 -13
495 497 13
493 492 8
493 139 -8
830 804 -8
830 167 28
494 468 13
494 832 8
494 144 -13
141 164 19
141 805 -28
141 142 19
497 496 -13
497 143 -19
613 614 -28
613 256 -19
924 923 28
924 922 -19
561 899 28
561 562 -13
561 207 8
561 535 8
958 621 -28
589 615 8
589 563 13
615 616 -19
563 564 19
563 537 -28
563 209 8
438 464 8
438 777 8
438 439 19
761 735 -28
735 736 -28
735 399 -8
735 709 -13
735 76 -19
887 220 -28
699 700 -8
737 401 19
737 78 13
737 738 -19
856 189 -19
856 854 -13
189 164 -28
854 852 19
854 515 -28
854 853 13
635 276 -8
276 278 -28
575 601 -8
575 913 -28
575 221 13
25 684 -28
25 50 28
25 373 -28
25 0 -8
684 683 13
50 74 -8
50 399 19
50 710 -13
373 372 -8
373 709 8
373 375 -8
0 347 -8
0 658 8
251 227 28
251 252 -28
251 612 -13
89 114 28
836 170 -28
836 835 -8
836 834 -8
899 898 19
899 897 8
898 923 8
898 873 19
898 564 13
897 895 8
897 559 -19
227 895 28
227 202 -28
895 894 19
895 893 -13
202 560 28
202 177 19
202 870 28
756 758 -13
756 93 19
758 757 8
758 95 -28
758 760 -13
93 445 19
93 118 -19
93 94 28
720 718 28
500 835 -8
500 499 28
835 810 8
835 861 -19
499 474 -19
499 525 19
170 526 -19
122 97 -8
122 785 19
122 475 13
595 621 13
333 332 8
333 669 -8
333 331 8
332 358 -8
669 695 -19
669 670 -8
331 330 28
331 667 8
331 329 8
944 273 -19
944 942 13
610 608 -28
610 249 -28
610 612 -13
918 892 -13
918 252 13
833 834 13
377 28 -28
377 375 8
377 713 -19
28 3 19
28 688 -8
375 26 19
375 374 19
713 739 28
713 714 13
713 55 -13
713 687 28
861 526 8
263 621 -8
621 647 28
31 687 -28
31 30 -28
687 661 -13
687 688 28
30 5 -19
30 54 -13
206 564 13
206 181 -13
206 874 19
206 207 19
715 741 19
715 716 13
715 689 -13
877 851 19
904 570 28
393 395 19
393 392 28
74 736 8
74 99 -28
736 738 13
739 403 28
739 740 -19
403 401 28
740 400 -28
740 77 19
740 738 -13
616 614 -28
220 221 19
562 564 28
562 560 19
560 894 -19
560 559 -28
560 558 19
352 8 -13
352 692 -8
352 326 19
8 663 13
326 666 -13
326 327 -8
77 78 -13
431 433 19
608 606 -19
608 941 13
606 247 -28
606 605 8
941 967 13
941 942 8
26 1 -19
26 51 19
26 27 19
688 348 -13
346 372 -28
346 347 -13
346 2 13
346 320 8
54 55 -19
54 716 -19
804 469 -13
804 778 -28
804 144 -19
804 805 -13
469 468 8
469 467 13
469 471 28
144 143 -8
144 142 19
805 803 8
805 807 -19
208 183 8
208 876 -13
208 209 -8
585 559 -28
585 922 13
559 205 -8
922 253 -28
209 873 13
209 207 -19
875 540 -8
875 849 19
875 876 28
966 965 19
966 295 28
966 968 -28
965 297 19
965 939 -28
965 632 28
295 270 13
968 296 28
968 967 -28
968 631 -13
322 323 -19
322 348 -19
322 662 13
323 325 -19
323 321 -19
348 374 13
348 4 28
662 661 8
662 664 13
662 660 28
662 3 -28
880 212 -19
12 667 -8
330 670 -13
401 399 13
401 51 -19
401 400 -28
399 398 -28
51 712 8
51 52 -28
400 53 13
400 374 -8
368 394 19
48 397 8
48 49 -13
614 253 -13
614 612 -8
253 254 -13
612 945 -28
468 442 -28
468 807 28
832 166 -28
832 834 -13
496 470 -8
496 834 28
143 807 13
143 118 13
143 166 -13
930 260 28
894 869 13
869 534 28
869 870 -8
869 205 -8
807 809 -28
807 806 -28
118 471 -19
118 781 19
166 522 13
166 167 -19
298 299 8
298 273 13
270 940 13
270 632 8
270 247 -19
964 627 8
810 475 13
810 784 -8
475 474 19
784 785 -8
784 449 13
297 299 13
297 296 -19
299 967 8
296 271 28
974 637 28
974 302 -13
971 303 8
971 945 28
580 222 19
580 914 -8
223 224 -13
223 891 -28
329 327 8
329 665 19
939 272 -19
939 914 -13
939 940 -8
272 631 28
272 271 -28
914 888 -13
940 942 -13
520 164 -13
520 518 13
520 522 -28
56 718 8
372 27 8
372 712 28
372 398 19
27 683 19
712 714 -8
712 710 13
398 738 13
398 52 28
637 278 -13
278 945 19
492 142 -28
467 802 8
467 465 8
467 114 28
525 526 28
1 2 13
1 660 -28
302 303 -28
873 538 -28
873 874 8
94 442 -28
94 96 -28
474 448 -13
665 666 19
303 305 -8
709 683 -28
709 710 8
709 52 28
76 78 13
718 716 -13
716 714 8
394 49 19
394 420 -28
394 734 -28
394 395 13
49 47 -28
420 760 8
395 731 19
395 397 -8
5 664 -19
168 145 -8
168 834 -28
168 169 -13
120 145 13
120 121 -19
120 783 -28
120 95 -13
471 470 -13
471 806 -28
871 207 8
871 845 -8
871 872 -13
207 205 28
845 182 13
872 870 -19
872 874 -13
271 942 13
632 631 19
121 470 -19
121 780 28
782 447 28
782 757 -13
782 783 28
273 249 8
165 164 19
165 163 28
165 167 8
518 853 28
518 516 -8
535 182 13
535 509 -28
535 874 28
480 130 -13
181 182 8
181 848 28
181 538 28
874 876 8
851 852 8
851 188 -19
851 516 13
851 826 28
250 249 8
250 252 -13
249 225 -19
225 893 -28
47 392 28
256 254 8
534 177 -8
177 178 19
177 844 -8
142 140 -19
142 802 19
570 212 19
631 605 -13
325 661 -28
325 327 -13
664 663 -28
664 666 8
53 55 19
53 52 -28
374 714 -13
3 4 -28
462 488 -13
488 513 8
488 489 -13
4 2 -8
470 809 13
470 444 19
893 892 19
893 891 -28
145 809 28
540 538 8
540 183 13
538 537 -13
183 184 19
183 850 -13
867 892 13
892 558 28
442 781 13
891 889 -28
891 553 -13
891 890 -8
513 852 13
852 850 -28
167 169 -19
531 178 13
531 870 -28
558 556 13
186 188 28
186 184 8
186 849 13
184 182 -28
184 537 19
849 850 13
849 824 28
97 449 -13
97 98 13
97 760 -13
785 783 -19
448 449 8
783 781 -8
783 444 -19
537 876 -13
942 605 28
252 254 19
347 683 13
683 657 -13
663 327 19
663 689 -8
485 487 -19
487 489 19
487 486 -13
222 889 -13
222 197 28
222 247 -8
464 803 -28
464 465 -8
803 802 -28
803 139 19
465 800 13
848 509 -28
848 850 -19
447 445 -28
447 449 19
447 95 8
445 780 -13
445 444 -19
95 96 28
889 888 -19
888 224 -28
888 863 -13
888 554 13
826 800 -19
826 163 -13
489 824 -19
601 627 -13
627 653 28
140 139 28
140 800 8
139 114 -28
800 774 8
806 780 -8
321 657 -28
321 320 28
444 96 19
515 163 19
515 516 -8
988 986 -8
988 316 19
988 990 -13
986 314 -19
316 317 -13
990 653 13
990 318 13
990 989 19
780 781 28
114 777 8
657 658 8
657 2 -19
658 660 19
319 317 -8
319 318 28
731 757 -8
397 396 28
320 660 19
757 98 -8
98 96 -8
458 797 -19
486 136 -28
797 799 -8
553 554 13
774 439 -19
863 528 -19
554 556 13
554 197 19
890 556 19
798 824 -19
798 799 8
989 656 -8
655 656 8
529 530 28
130 132 -8
530 528 -13
