982 981 -19
982 310 -13
982 980 19
982 984 -19
982 645 28
981 313 -28
981 955 -13
981 648 19
310 285 19
310 311 28
980 978 -28
980 308 -8
980 643 -19
980 979 19
984 312 13
984 647 28
984 986 13
984 983 19
645 619 28
645 646 8
645 286 -13
137 801 28
137 160 28
137 491 28
137 138 8
137 112 28
801 462 -19
801 800 28
801 803 -8
801 799 8
160 185 13
160 161 -28
160 516 8
160 827 28
491 493 28
491 490 -13
491 826 -13
491 489 19
138 140 13
138 488 13
138 136 13
138 798 -8
112 113 19
112 465 13
112 775 19
112 87 -8
592 233 -8
592 590 19
592 591 19
592 594 -13
592 925 8
233 234 -19
233 208 8
233 901 -28
233 257 -8
590 588 -13
590 589 -28
590 231 -28
590 923 8
591 565 28
591 617 -13
591 928 28
591 236 -19
594 235 28
594 596 13
594 927 -28
594 593 28
925 259 19
925 900 13
925 951 19
925 926 -28
338 339 -13
338 364 8
338 678 -13
339 675 28
339 337 19
339 341 -13
364 20 19
364 704 -28
364 390 -28
364 365 13
678 676 -13
678 19 13
678 680 8
678 677 -19
414 388 -8
414 754 -28
414 415 -28
414 440 -19
414 67 8
388 728 28
388 362 -19
388 389 13
388 43 -28
754 91 13
754 756 13
754 752 -13
754 753 -28
415 417 -13
415 751 -13
415 413 19
415 64 -28
440 441 28
440 779 -19
440 466 -13
440 92 -13
67 69 -13
67 65 -8
67 725 -8
67 66 -13
817 478 -13
817 815 -8
817 816 8
817 819 19
478 503 -13
478 452 8
478 479 -8
478 128 -28
815 150 -28
815 814 -8
815 813 -19
815 476 -28
816 154 -19
816 481 19
816 790 -19
816 841 -13
819 818 -19
819 153 13
819 821 19
819 480 -8
149 124 -8
149 502 8
149 813 8
149 172 13
124 787 13
124 99 -13
124 477 19
502 501 19
502 837 13
502 504 -19
813 812 -13
172 197 8
172 528 8
172 838 19
417 66 13
417 753 -13
417 416 28
417 419 19
66 728 13
66 42 13
753 727 -28
753 778 -13
753 94 -8
416 69 -19
416 756 13
416 390 19
416 442 -28
419 755 19
419 418 13
419 68 13
419 421 13
382 37 -19
382 722 -28
382 408 -8
382 383 -28
382 356 13
37 36 28
37 35 13
37 39 13
37 693 -19
722 724 19
722 60 -28
722 721 28
722 720 -19
408 434 19
408 748 -28
408 409 28
408 61 -13
383 381 28
383 719 13
383 34 -13
383 385 13
356 357 13
356 12 8
356 330 28
356 696 -19
765 763 -19
765 102 28
765 764 -28
765 767 13
765 426 28
763 762 -13
763 424 -19
763 100 -8
102 127 -19
102 77 28
102 103 28
102 455 -8
764 739 13
764 429 28
764 790 -13
764 105 19
767 428 -28
767 104 19
767 766 -28
767 769 -13
426 427 -13
426 400 8
426 452 19
426 78 -13
179 536 8
179 204 -19
179 180 -28
179 846 8
179 155 -8
536 871 19
536 534 13
536 535 8
536 538 -13
204 562 19
204 229 19
204 872 13
204 205 -8
180 533 28
180 182 -19
180 178 13
180 843 -8
846 507 -8
846 848 8
846 844 13
846 845 13
155 510 -28
155 131 13
155 821 28
630 963 -19
630 629 -8
630 628 28
630 268 8
963 937 -19
963 964 8
963 989 28
629 603 -28
629 655 -19
628 961 13
628 626 -13
628 266 -19
628 627 28
268 269 28
268 293 28
268 245 13
268 938 13
269 267 28
269 627 -13
269 935 -13
293 318 8
293 294 -8
293 656 -28
293 964 -13
245 913 13
245 220 13
245 246 -13
245 604 -13
938 937 19
938 936 28
938 601 19
36 696 19
36 11 19
36 385 -28
36 60 13
696 695 28
696 698 -8
696 694 13
11 12 -13
11 670 -8
11 359 19
385 387 -13
385 721 -28
385 384 13
60 85 13
60 61 28
60 411 28
20 18 28
20 675 13
20 22 8
20 19 -28
18 16 13
18 362 -19
18 673 -19
18 17 -19
675 701 -19
675 676 -8
22 366 -28
22 21 -19
22 677 -13
22 24 19
19 367 -19
19 44 -13
239 907 -8
239 598 -19
239 240 8
239 214 -8
239 262 -19
907 909 8
907 905 -8
907 569 13
907 906 -19
598 600 13
598 931 19
598 597 -13
598 596 -8
240 238 8
240 595 -13
240 242 13
240 904 19
214 882 19
214 572 28
214 215 -13
214 189 19
262 263 13
262 932 -28
262 287 -8
262 624 -28
461 463 -8
461 460 28
461 459 28
461 108 8
461 796 28
463 110 28
463 462 -13
463 465 -8
463 798 -28
460 111 8
460 434 8
460 486 28
460 799 8
459 794 -8
459 457 28
459 106 -28
459 458 -28
108 771 28
108 83 -8
108 133 -13
108 109 13
796 797 -19
796 822 -8
796 770 13
796 136 28
771 769 28
771 773 19
771 770 -13
771 432 19
83 84 19
83 58 -13
83 746 -19
83 435 -13
133 487 8
133 797 28
133 134 28
133 156 28
109 111 13
109 107 28
109 458 -13
109 768 -19
701 365 -19
701 727 -28
701 702 13
701 45 13
365 367 28
365 363 8
365 17 28
727 728 13
727 69 28
727 391 19
702 42 -28
702 700 -28
702 362 13
702 704 -19
45 43 28
45 390 8
45 44 13
45 47 13
910 935 19
910 911 -13
910 885 8
910 246 -28
910 576 -8
935 961 -13
935 936 19
935 602 28
911 909 28
911 573 -13
911 913 -8
911 243 -19
885 550 19
885 886 8
885 859 -28
885 221 -13
246 244 -13
246 601 -28
576 574 8
576 218 -19
576 575 28
576 578 19
428 80 13
428 454 -8
428 429 19
428 402 -13
80 739 28
80 79 -8
80 82 13
80 78 8
454 480 -28
454 455 -13
454 793 8
454 105 -13
429 427 19
429 77 -8
429 431 -28
402 403 -8
402 55 -13
402 376 28
402 742 19
111 110 -8
111 770 -13
111 113 13
110 85 -8
110 135 8
110 773 -13
770 745 8
770 435 19
113 462 -28
113 772 -19
113 115 19
285 286 19
285 956 28
285 260 -19
285 648 -19
311 313 19
311 309 19
311 979 -13
313 312 28
313 315 -19
312 287 -8
315 314 8
315 983 8
315 317 19
685 29 -8
685 686 19
685 711 13
685 349 -19
685 659 -28
29 31 -13
29 374 -28
29 28 -19
29 27 -13
686 26 -19
686 684 28
686 688 -13
686 346 8
711 737 28
711 375 -19
711 53 -19
711 712 -13
349 351 13
349 347 13
349 348 19
349 1 19
659 323 -28
659 660 -28
659 4 -28
63 61 13
63 65 13
63 410 13
63 62 -13
63 721 -8
61 59 -19
61 719 -8
65 64 -28
65 412 -19
65 723 -19
410 411 -19
410 384 28
410 750 28
410 436 28
62 413 13
62 724 -28
62 38 -28
62 87 19
721 695 -28
721 747 -19
745 86 28
745 719 -28
745 746 19
745 409 13
86 434 8
86 85 -28
86 88 8
86 84 28
719 693 -19
719 720 8
746 406 -19
746 744 28
746 748 13
409 58 -8
409 407 28
409 411 -13
506 504 19
506 508 8
506 841 28
506 505 19
504 150 -19
504 503 -8
504 839 -19
508 507 28
508 510 19
508 843 -13
508 153 8
841 867 28
841 842 28
841 178 -19
505 154 13
505 480 28
505 844 -8
505 531 -13
600 933 -19
600 602 -13
600 241 19
600 599 19
931 265 13
931 906 -28
931 957 -19
931 932 13
597 571 19
597 623 -19
597 934 28
597 242 -28
596 237 28
596 929 28
596 595 -13
344 370 28
344 345 -8
370 396 8
370 371 19
345 343 19
345 681 8
728 730 28
728 726 13
730 390 -8
730 68 -8
730 732 -28
730 729 8
726 724 -28
726 64 8
726 725 -28
726 386 -19
955 288 -8
955 956 -28
955 929 28
955 622 -13
288 290 -19
288 286 -19
288 647 13
288 287 -8
956 619 13
956 954 -19
956 958 -28
929 263 -28
929 930 -13
929 904 -8
622 620 -8
622 260 -8
622 624 28
622 621 19
154 152 -19
154 153 -8
152 814 -13
152 151 -13
152 503 8
153 177 -8
153 129 -19
565 211 13
565 903 -19
565 566 -8
565 539 -28
211 210 28
211 213 -8
211 209 13
211 875 13
903 235 -8
903 901 -28
903 905 8
903 902 13
566 568 28
566 900 19
566 564 19
566 208 -19
539 540 8
539 513 -8
539 186 8
539 878 -19
507 482 8
507 533 8
510 512 19
510 845 13
510 509 19
843 818 -8
843 869 -8
843 844 -8
823 822 -19
823 484 8
823 821 13
823 825 13
823 156 8
822 159 13
822 487 19
822 847 13
484 485 13
484 134 -13
484 458 -13
484 509 -8
821 482 8
821 820 -28
825 486 13
825 827 19
825 158 28
825 824 13
156 512 -19
156 181 19
156 157 8
788 814 -13
788 453 -13
788 762 -8
788 128 28
788 789 28
814 479 28
814 839 -8
453 451 -8
453 100 -19
453 452 -28
453 455 -19
762 427 -19
762 103 -19
762 737 -19
128 127 19
128 126 28
128 130 8
789 450 -13
789 791 -19
789 787 -19
789 125 -28
210 878 8
210 185 -8
210 568 -19
210 235 19
878 877 -8
878 880 13
878 876 -28
185 186 -19
185 542 -8
185 852 -19
568 567 -8
568 902 13
568 570 19
235 258 -8
235 236 13
423 759 13
423 421 -8
423 72 13
423 422 13
759 784 -13
759 760 13
759 733 19
421 757 -13
421 70 -8
421 420 28
72 48 19
72 97 13
72 73 13
72 734 28
422 396 -19
422 448 -13
362 363 8
362 336 19
389 387 -28
389 725 8
389 391 13
389 40 8
43 42 -8
43 41 -13
43 699 -8
769 106 28
769 768 8
769 430 -28
773 434 8
773 775 -8
773 772 19
432 406 8
432 84 13
432 458 28
432 433 -8
881 906 -28
881 546 19
881 882 -13
881 217 8
881 855 -28
906 242 28
906 572 -8
546 544 13
546 545 -19
546 548 8
546 189 28
882 543 -13
882 884 -13
882 880 -28
217 571 -28
217 216 13
217 219 19
217 215 -28
855 856 19
855 192 -8
855 830 19
855 520 8
644 643 19
644 977 28
644 646 -8
644 281 8
644 642 -8
643 284 8
643 617 13
977 978 13
977 951 -13
977 309 -8
646 979 -19
646 283 -19
646 648 -13
281 306 -28
281 952 13
281 282 8
281 257 28
642 975 -8
642 640 8
642 279 -19
642 641 28
42 391 -8
42 17 -28
391 390 -8
391 393 28
17 676 28
866 527 -28
866 864 28
866 868 -8
866 865 28
866 198 19
527 501 -8
527 553 19
527 528 28
527 174 19
864 197 -19
864 863 -19
868 867 13
868 529 -28
868 870 8
868 200 -28
865 201 -13
865 530 -8
865 890 -8
865 839 -8
198 223 -8
198 556 -8
198 173 28
198 199 28
284 283 8
284 286 28
284 282 -19
284 951 -8
283 258 -19
283 954 19
283 308 28
286 953 -19
282 641 -8
282 949 -28
282 280 19
951 952 -28
951 618 -13
707 371 13
707 708 28
707 681 -19
707 733 -28
371 369 19
371 23 13
708 706 8
708 368 13
708 48 -28
681 682 28
733 734 28
733 397 8
434 435 -28
435 433 8
435 437 28
259 617 -28
259 258 -28
259 261 -8
900 875 13
900 236 -8
900 901 13
926 589 -8
926 924 -28
926 928 28
926 257 8
117 466 8
117 116 -13
117 119 -8
117 115 13
117 776 -13
466 805 13
466 492 13
466 467 -28
116 91 -19
116 469 13
116 779 19
116 141 28
119 468 -8
119 778 -28
119 121 -13
119 118 28
115 464 28
115 774 28
115 114 8
776 751 -28
776 777 19
776 441 28
776 802 8
85 437 -28
85 748 -8
437 436 19
437 772 -28
437 439 -19
748 750 28
748 747 -13
69 68 -19
69 71 28
68 44 -19
68 93 -19
71 73 -13
71 70 -13
71 729 -19
71 418 -19
751 725 -19
751 752 -19
751 92 -8
725 699 -13
752 750 28
752 412 -13
752 89 8
92 91 -28
92 90 -13
92 94 19
512 514 -19
512 847 28
512 511 -8
514 513 13
514 849 8
514 158 19
514 516 -19
847 873 19
847 848 -19
847 184 -19
511 159 -8
511 537 -19
511 486 -19
511 850 -13
503 842 28
503 529 13
452 791 8
452 103 8
479 481 -8
479 477 28
479 125 28
969 943 19
969 301 13
969 636 8
969 970 13
943 276 -19
943 944 8
943 610 -19
943 918 -19
301 300 28
301 303 -13
301 299 8
636 635 13
636 634 -19
636 273 28
636 638 -28
970 633 -13
970 972 13
970 968 -28
970 298 -28
961 294 13
961 987 8
961 962 19
294 292 13
294 653 19
987 988 19
987 319 8
987 654 -8
962 960 19
962 625 19
962 964 -28
962 291 -28
159 157 -8
159 161 -13
159 158 28
157 820 13
157 509 -13
161 513 -28
161 824 28
161 163 28
158 135 13
158 183 13
571 909 -28
571 572 -19
571 545 -13
909 241 8
909 908 -28
572 574 19
572 570 19
545 519 8
545 192 28
545 884 13
127 791 13
127 481 -13
791 790 8
791 793 13
481 480 19
481 483 -19
829 490 19
829 831 19
829 828 13
829 162 -28
829 827 -28
490 464 -28
490 140 -19
490 515 28
831 164 -8
831 492 -8
831 830 13
831 832 -19
828 165 -28
828 493 -28
828 802 -28
828 853 8
162 518 8
162 139 -19
162 187 -8
162 163 8
827 826 -13
827 488 13
574 908 -28
574 216 -13
574 573 19
908 883 -19
908 244 -8
908 933 -28
216 241 28
216 884 28
216 191 -13
573 219 19
573 599 -28
573 547 19
794 768 -28
794 795 -28
794 820 -28
794 134 -8
768 433 13
768 743 -8
795 793 -8
795 456 -28
795 797 -13
795 131 19
820 485 13
820 845 -8
134 136 -8
134 132 28
241 264 8
241 242 -8
884 883 -19
884 886 13
191 192 -8
191 858 28
191 166 -19
191 548 8
581 555 19
581 607 -19
581 226 -28
581 919 -28
581 582 -8
555 201 -19
555 893 -28
555 556 -19
555 529 19
607 633 -8
607 608 -28
607 944 13
607 250 19
226 225 -28
226 228 -13
226 224 -28
226 890 13
919 917 -13
919 918 8
919 920 28
582 580 8
582 584 -28
582 916 19
582 223 -13
404 57 -13
404 744 8
404 405 -8
404 378 13
404 430 -13
57 59 28
57 55 -8
57 715 -13
57 56 8
744 81 -13
744 742 -19
744 743 19
405 407 28
405 741 13
405 403 -8
405 54 13
378 379 8
378 352 13
378 718 28
378 33 13
430 431 8
430 456 -19
430 82 -28
650 652 28
650 648 13
650 983 28
650 649 19
650 287 -28
652 289 -28
652 985 13
652 654 -28
652 651 -13
648 647 19
983 957 28
649 290 -8
649 623 -19
649 986 -8
287 958 28
201 199 19
201 203 8
201 200 -19
199 863 -8
199 553 19
203 867 8
203 557 13
203 202 -28
203 205 28
200 175 13
200 225 -13
200 558 -28
617 954 -8
617 618 19
954 953 -8
954 952 -8
618 620 28
618 616 -19
618 257 13
290 292 8
290 289 -13
290 957 -13
292 291 8
292 959 -19
292 651 -19
289 264 -19
289 960 19
957 624 -19
957 958 19
406 407 13
406 59 13
406 380 -19
407 56 -28
407 743 -28
59 58 -19
59 717 8
380 381 -28
380 35 28
380 354 13
380 720 19
355 353 19
355 691 -19
355 357 28
355 7 -8
355 354 28
353 352 28
353 351 19
353 689 -19
353 5 -28
691 35 8
691 665 8
691 717 -19
691 692 -28
357 359 -19
357 693 28
357 9 13
7 32 -28
7 8 -19
7 666 8
354 328 13
354 10 -19
354 694 19
258 620 -8
258 928 -13
620 619 -19
620 953 19
928 930 -13
928 927 -19
441 443 -13
441 439 -8
441 89 13
779 778 28
779 781 -13
779 777 13
619 593 -8
619 261 13
593 567 28
593 238 -8
593 930 -19
261 263 13
261 927 -8
261 260 -19
265 623 -28
265 264 28
265 267 8
265 263 28
932 934 8
932 930 19
932 595 28
91 443 28
443 778 -19
443 445 19
443 442 19
450 476 -28
450 101 8
450 451 -28
450 424 -13
476 501 -19
476 126 -8
476 477 19
101 761 -19
101 103 -28
101 100 -8
451 99 -13
451 786 -19
424 425 -8
424 398 13
424 76 13
544 187 -8
544 879 28
544 542 28
544 543 -8
187 212 19
187 188 28
187 854 -28
879 904 -19
879 853 -28
879 880 13
879 215 13
542 877 13
542 540 -8
542 541 28
543 517 19
543 190 -8
543 569 8
917 248 -19
917 579 -8
917 915 13
917 916 -13
248 608 -28
248 271 28
248 223 19
579 580 19
579 224 8
579 553 8
579 605 8
915 247 28
915 914 -8
916 250 19
916 941 28
916 890 -19
300 275 19
300 972 28
275 638 -8
275 276 -13
275 251 -28
275 946 -8
972 635 -13
972 974 28
972 971 8
975 949 -19
975 307 13
975 976 -8
949 616 -28
949 950 19
949 923 -19
307 306 13
307 309 -13
307 305 -8
976 978 13
976 974 8
976 639 -8
976 304 -8
577 578 -8
577 551 19
577 603 28
578 220 8
578 912 -19
551 552 -13
551 525 13
603 604 -8
978 641 28
978 306 -8
641 615 19
588 587 8
588 921 13
588 586 -8
588 229 -13
587 232 19
587 613 28
587 924 -28
587 561 28
921 922 28
921 896 -13
921 947 19
921 256 19
586 227 -13
586 585 8
586 584 -19
229 897 -28
229 253 13
229 230 -13
790 130 19
790 455 -19
793 129 8
793 792 13
411 413 8
411 747 -8
384 724 13
384 358 -8
384 39 28
750 87 8
750 749 19
436 88 8
436 462 -13
436 775 8
413 749 -8
413 412 19
749 90 -28
749 723 -19
749 774 19
412 386 8
412 438 -28
812 477 8
812 837 13
812 151 -13
812 786 8
837 863 -19
837 838 13
837 174 28
151 501 19
151 150 13
786 787 19
786 126 19
786 761 13
623 960 8
623 624 8
960 959 8
960 958 -19
624 626 -8
175 842 19
175 176 8
175 532 13
842 840 8
842 844 19
176 529 19
176 178 13
176 174 -28
176 839 -28
532 534 -19
532 867 -13
532 530 13
532 531 -8
361 13 28
361 359 -28
361 697 -13
361 363 -8
361 360 -19
13 38 28
13 672 8
13 14 19
359 695 19
359 358 -19
697 41 -8
697 671 28
697 723 -19
697 698 -8
363 699 8
363 15 -28
360 16 -19
360 334 19
360 700 28
360 386 8
626 625 -19
626 264 8
626 959 -19
625 267 -13
625 651 -13
625 599 8
264 934 8
959 933 -28
959 985 8
472 811 -13
472 473 8
472 498 -8
472 123 -28
472 446 19
811 147 8
811 810 -19
811 809 8
473 808 13
473 120 8
473 475 8
473 471 -28
498 148 -28
498 523 -28
498 836 -13
123 121 19
123 782 -28
123 122 -28
446 785 -8
446 447 13
446 98 -13
446 420 28
934 933 8
934 936 19
633 634 13
633 274 28
634 271 19
634 967 28
634 632 -28
274 941 -13
274 276 -13
274 273 13
274 272 8
676 674 28
676 336 -13
16 15 -8
16 14 -19
16 671 19
15 674 -28
15 40 28
14 358 -13
14 12 19
14 669 13
671 335 -13
671 672 8
937 912 8
937 604 -28
912 913 28
604 602 19
267 933 28
267 266 -8
266 243 -19
266 936 13
266 291 -13
457 104 -19
457 455 13
457 456 13
457 792 -19
104 79 13
104 105 19
104 129 13
456 107 -8
456 482 -28
792 818 28
792 132 -19
792 766 -28
79 431 13
79 742 13
79 54 -8
105 107 13
105 103 -8
129 130 19
129 483 -28
680 340 -8
680 682 -28
680 21 19
680 679 13
677 703 -8
677 341 -19
550 193 19
550 552 28
550 549 -8
550 548 -8
193 860 -28
193 218 -19
193 194 8
193 168 -28
552 195 -13
549 523 19
549 196 8
549 887 -13
549 575 -8
548 883 28
548 547 13
88 87 19
88 90 19
88 747 -19
87 439 8
90 438 28
90 89 19
747 772 19
106 131 28
106 81 -28
106 107 -28
131 485 13
131 132 -28
81 433 -28
81 82 19
81 56 -28
107 766 -28
58 720 -19
58 34 19
717 381 13
717 718 -13
717 743 -8
148 146 -28
148 147 -8
148 808 28
146 496 -13
146 145 -28
146 144 -28
146 806 -13
147 500 -13
147 170 19
147 122 -13
808 809 13
808 782 19
927 902 13
927 953 19
340 341 -8
340 366 8
341 343 -13
366 367 -8
366 706 -19
366 392 19
724 723 -13
723 387 -13
501 840 8
840 838 -8
840 173 8
840 839 19
150 125 28
150 173 8
125 126 8
125 100 13
173 530 -13
173 174 28
755 756 -8
755 729 13
755 780 28
755 96 -8
418 392 19
418 444 -19
418 758 8
818 483 8
483 485 -8
483 482 -13
766 431 -8
766 741 -19
640 973 -28
640 277 -19
640 639 28
640 638 -19
973 974 -28
973 305 28
973 947 8
277 948 8
277 302 8
277 278 13
277 253 -8
639 280 -19
639 613 -28
638 637 -8
638 971 -19
367 703 -13
367 369 28
703 729 28
703 47 28
703 704 -8
369 21 13
369 705 8
369 368 -13
44 704 -13
44 393 -28
682 23 19
682 342 13
23 48 -28
23 24 28
342 343 8
342 368 -13
38 698 19
38 387 28
38 39 28
698 358 -19
698 700 -19
387 386 -13
39 41 -13
39 695 19
860 858 -28
860 521 8
860 862 -19
860 859 -28
858 856 -8
858 519 13
858 857 -8
521 547 8
521 496 -19
521 522 13
521 169 8
862 523 -8
862 861 28
862 195 -8
859 196 19
859 833 28
859 524 8
21 46 19
24 679 -28
24 368 -28
135 489 -28
135 136 28
135 799 -28
279 304 8
279 280 -13
279 255 -28
279 950 19
304 305 13
280 947 -13
280 278 19
255 231 -13
255 616 -13
255 924 -13
255 256 13
950 948 -28
950 613 -28
950 952 -28
232 231 19
232 234 -19
232 230 28
232 896 -19
231 899 28
231 206 -28
234 589 -13
234 898 13
234 236 -13
230 585 28
230 894 -13
230 228 19
896 562 8
896 871 13
896 897 13
901 899 19
901 563 -28
905 567 13
905 904 -13
905 237 28
902 238 13
902 877 19
523 171 -8
523 524 28
171 833 -28
171 170 19
171 169 -19
524 168 8
524 526 -28
524 522 13
64 89 28
64 40 8
602 601 8
602 243 19
599 244 8
599 936 -8
732 70 13
732 392 -19
732 731 -8
732 734 13
729 393 28
337 336 -19
337 335 -13
337 673 13
335 333 -28
335 334 -19
673 674 28
673 699 -28
482 132 -19
533 534 -8
533 559 -13
533 872 8
567 213 -28
567 541 -8
213 877 -13
213 212 8
213 215 28
541 515 -8
541 188 -28
541 880 -13
948 611 28
948 947 13
948 946 -28
611 585 28
611 637 -28
611 254 -19
611 612 -19
947 614 -19
946 945 28
946 944 28
946 609 -13
775 774 -13
775 777 8
772 798 -13
196 195 -13
196 194 13
195 220 -13
195 170 -28
194 192 13
194 547 -8
194 857 -8
883 857 28
883 219 -19
857 522 -13
219 218 -8
219 221 -28
381 379 19
381 32 19
379 377 8
379 30 8
379 715 -13
32 56 8
32 33 -8
32 692 28
979 953 -28
308 309 -13
35 33 19
35 34 8
33 31 13
33 689 -8
34 9 -19
34 694 28
238 236 -19
238 237 13
237 212 13
237 260 28
350 324 19
350 351 13
350 690 19
350 376 -19
350 6 19
324 325 -13
324 664 -13
351 3 13
351 687 19
690 30 8
690 692 -19
690 689 -8
690 688 13
376 377 -8
376 31 28
376 716 13
6 8 8
6 5 -28
6 4 -8
6 661 -13
427 75 -8
427 425 -19
75 100 8
75 51 8
75 76 8
75 738 8
425 761 13
425 74 -13
73 420 13
73 731 -13
70 46 -8
70 95 -19
742 741 -8
742 740 -28
743 84 19
343 679 19
679 705 -8
547 886 19
952 615 19
218 243 8
218 886 -13
243 244 19
886 887 -28
583 584 -8
583 557 8
583 228 -8
583 609 -28
583 920 13
584 225 28
584 918 -8
557 895 -8
557 531 19
557 558 -28
228 227 -13
228 892 -28
609 635 19
609 610 8
609 252 -13
920 251 -28
920 922 -8
386 41 13
985 986 -28
985 317 -28
654 653 13
654 291 -13
654 656 13
651 988 -13
328 329 28
328 668 -8
10 9 28
10 8 13
10 665 -13
10 12 8
694 693 13
694 692 -8
41 40 8
40 700 19
291 316 13
693 667 -19
9 668 -13
668 666 -19
668 670 19
668 667 19
244 242 -28
706 705 8
706 46 -19
706 704 8
705 49 13
705 731 -28
46 395 -8
46 47 -28
672 674 19
672 332 13
672 670 28
517 856 -8
517 165 13
517 518 19
517 492 -28
190 192 -13
190 188 19
190 853 -8
190 189 -8
569 570 -8
569 215 -19
569 595 -8
674 334 19
84 82 -28
82 741 -13
519 494 -28
519 167 8
519 520 -28
495 493 13
495 830 28
495 494 -28
495 141 13
495 497 13
493 492 -8
493 139 19
830 804 13
830 167 -8
494 468 28
494 832 -19
494 144 19
141 164 -19
141 805 28
141 142 28
497 496 -19
497 143 -19
613 614 19
613 256 19
924 923 28
924 922 -19
561 899 28
561 562 -8
561 207 -13
561 535 -28
958 621 -28
589 615 8
589 563 -28
615 616 13
563 564 -13
563 537 19
563 209 28
438 464 28
438 777 -13
438 439 -19
761 735 -8
735 736 -28
735 399 28
735 709 28
735 76 -13
887 220 28
699 700 -28
737 401 -8
737 78 -19
737 738 -19
856 189 -8
856 854 -8
189 164 -28
854 852 -28
854 515 28
854 853 -28
635 276 -28
276 278 13
575 601 13
575 913 -13
575 221 8
25 684 13
25 50 -19
25 373 28
25 0 28
684 683 19
50 74 13
50 399 -28
50 710 -8
373 372 -8
373 709 -13
373 375 8
0 347 28
0 658 -28
251 227 -13
251 252 28
251 612 -19
89 114 8
836 170 -8
836 835 -28
836 834 -8
899 898 -19
899 897 13
898 923 -8
898 873 13
898 564 28
897 895 13
897 559 -19
227 895 28
227 202 28
895 894 -19
895 893 -13
202 560 8
202 177 -19
202 870 -19
756 758 8
756 93 -13
758 757 8
758 95 -8
758 760 -8
93 445 -19
93 118 13
93 94 -8
720 718 -8
500 835 -28
500 499 8
835 810 -8
835 861 8
499 474 -28
499 525 8
170 526 -19
122 97 -8
122 785 -13
122 475 19
595 621 19
333 332 -8
333 669 -13
333 331 -13
332 358 19
669 695 -19
669 670 -19
331 330 -28
331 667 -28
331 329 13
944 273 19
944 942 8
610 608 8
610 249 28
610 612 -8
918 892 19
918 252 8
833 834 -13
377 28 13
377 375 28
377 713 13
28 3 13
28 688 19
375 26 -28
375 374 -8
713 739 -8
713 714 19
713 55 28
713 687 -8
861 526 19
263 621 -28
621 647 8
31 687 8
31 30 -13
687 661 -28
687 688 -8
30 5 -8
30 54 13
206 564 -19
206 181 -28
206 874 -28
206 207 19
715 741 13
715 716 13
715 689 28
877 851 28
904 570 -8
393 395 -8
393 392 -8
74 736 -8
74 99 -28
736 738 -8
739 403 -19
739 740 -13
403 401 13
740 400 -8
740 77 -28
740 738 13
616 614 19
220 221 13
562 564 8
562 560 -8
560 894 -28
560 559 28
560 558 -28
352 8 13
352 692 13
352 326 8
8 663 -19
326 666 8
326 327 8
77 78 -13
431 433 28
608 606 28
608 941 -8
606 247 -19
606 605 -13
941 967 19
941 942 19
26 1 -8
26 51 28
26 27 -19
688 348 -19
346 372 8
346 347 -28
346 2 8
346 320 28
54 55 -8
54 716 8
804 469 19
804 778 -8
804 144 8
804 805 -28
469 468 13
469 467 28
469 471 -8
144 143 8
144 142 28
805 803 8
805 807 -8
208 183 28
208 876 -13
208 209 -13
585 559 28
585 922 -8
559 205 8
922 253 8
209 873 -8
209 207 -8
875 540 19
875 849 19
875 876 -19
966 965 -13
966 295 28
966 968 8
965 297 19
965 939 -8
965 632 -19
295 270 -28
968 296 19
968 967 28
968 631 -28
322 323 28
322 348 -19
322 662 8
323 325 -28
323 321 28
348 374 -8
348 4 28
662 661 -19
662 664 -28
662 660 19
662 3 -28
880 212 -8
12 667 19
330 670 -8
401 399 -19
401 51 -19
401 400 28
399 398 8
51 712 28
51 52 -8
400 53 -13
400 374 28
368 394 13
48 397 28
48 49 28
614 253 19
614 612 -13
253 254 -8
612 945 8
468 442 -28
468 807 -19
832 166 -19
832 834 -13
496 470 -19
496 834 -13
143 807 -13
143 118 -19
143 166 8
930 260 28
894 869 -19
869 534 8
869 870 19
869 205 13
807 809 19
807 806 -28
118 471 -13
118 781 28
166 522 -28
166 167 -13
298 299 8
298 273 -8
270 940 28
270 632 19
270 247 -13
964 627 19
810 475 -8
810 784 28
475 474 -28
784 785 19
784 449 -13
297 299 -13
297 296 -13
299 967 8
296 271 28
974 637 13
974 302 8
971 303 8
971 945 -13
580 222 8
580 914 28
223 224 -8
223 891 28
329 327 -13
329 665 13
939 272 -13
939 914 13
939 940 -8
272 631 28
272 271 -13
914 888 28
940 942 -19
520 164 -13
520 518 8
520 522 -8
56 718 28
372 27 8
372 712 28
372 398 -28
27 683 -28
712 714 8
712 710 8
398 738 -8
398 52 -13
637 278 -8
278 945 19
492 142 -28
467 802 -28
467 465 8
467 114 -19
525 526 -19
1 2 -19
1 660 28
302 303 -19
873 538 13
873 874 28
94 442 -8
94 96 -19
474 448 13
665 666 19
303 305 8
709 683 28
709 710 19
709 52 8
76 78 13
718 716 13
716 714 8
394 49 28
394 420 -13
394 734 19
394 395 8
49 47 -28
420 760 -13
395 731 -28
395 397 19
5 664 -8
168 145 -13
168 834 -8
168 169 8
120 145 8
120 121 13
120 783 8
120 95 -8
471 470 28
471 806 19
871 207 28
871 845 8
871 872 19
207 205 -13
845 182 -8
872 870 8
872 874 -19
271 942 8
632 631 13
121 470 -8
121 780 28
782 447 13
782 757 19
782 783 -19
273 249 -28
165 164 -19
165 163 28
165 167 8
518 853 13
518 516 28
535 182 8
535 509 19
535 874 8
480 130 13
181 182 -19
181 848 13
181 538 -19
874 876 -13
851 852 13
851 188 -19
851 516 -8
851 826 -19
250 249 -28
250 252 19
249 225 19
225 893 -8
47 392 -13
256 254 -28
534 177 -13
177 178 13
177 844 -13
142 140 -28
142 802 -13
570 212 -28
631 605 8
325 661 8
325 327 8
664 663 8
664 666 28
53 55 -19
53 52 8
374 714 8
3 4 -28
462 488 28
488 513 28
488 489 28
4 2 13
470 809 19
470 444 -8
893 892 13
893 891 19
145 809 19
540 538 -19
540 183 13
538 537 28
183 184 -8
183 850 -13
867 892 8
892 558 8
442 781 -19
891 889 -13
891 553 19
891 890 -28
513 852 28
852 850 -19
167 169 -8
531 178 13
531 870 28
558 556 19
186 188 19
186 184 8
186 849 19
184 182 -8
184 537 -8
849 850 -8
849 824 28
97 449 8
97 98 28
97 760 8
785 783 -28
448 449 19
783 781 8
783 444 8
537 876 -28
942 605 19
252 254 -8
347 683 -8
683 657 19
663 327 8
663 689 28
485 487 19
487 489 -28
487 486 19
222 889 -13
222 197 -13
222 247 -28
464 803 -19
464 465 28
803 802 19
803 139 13
465 800 19
848 509 19
848 850 -8
447 445 -28
447 449 8
447 95 -8
445 780 -8
445 444 -13
95 96 -8
889 888 -8
888 224 19
888 863 28
888 554 8
826 800 8
826 163 -28
489 824 28
601 627 8
627 653 -19
140 139 -28
140 800 13
139 114 28
800 774 -8
806 780 13
321 657 28
321 320 28
444 96 -28
515 163 -13
515 516 -28
988 986 19
988 316 8
988 990 8
986 314 8
316 317 13
990 653 -28
990 318 -13
990 989 -13
780 781 -19
114 777 -28
657 658 -13
657 2 -28
658 660 28
319 317 -13
319 318 8
731 757 28
397 396 8
320 660 -28
757 98 -13
98 96 19
458 797 -8
486 136 19
797 799 19
553 554 -28
774 439 -19
863 528 -8
554 556 19
554 197 -13
890 556 19
798 824 -28
798 799 28
989 656 -8
655 656 8
529 530 -28
130 132 19
530 528 28
