982 981 28
982 310 28
982 980 -28
982 984 8
982 645 13
981 313 19
981 955 -13
981 648 28
310 285 28
310 311 -28
980 978 8
980 308 28
980 643 19
980 979 -28
984 312 19
984 647 28
984 986 -13
984 983 8
645 619 -13
645 646 28
645 286 8
137 801 28
137 160 -8
137 491 -28
137 138 -13
137 112 -13
801 462 -19
801 800 13
801 803 28
801 799 -13
160 185 13
160 161 -19
160 516 13
160 827 -28
491 493 13
491 490 13
491 826 -28
491 489 28
138 140 13
138 488 8
138 136 13
138 798 -28
112 113 -19
112 465 -19
112 775 19
112 87 28
592 233 -28
592 590 28
592 591 13
592 594 8
592 925 8
233 234 13
233 208 19
233 901 -19
233 257 -8
590 588 8
590 589 -8
590 231 8
590 923 -13
591 565 8
591 617 -19
591 928 -13
591 236 -19
594 235 -13
594 596 13
594 927 19
594 593 -19
925 259 13
925 900 8
925 951 28
925 926 -28
338 339 8
338 364 -13
338 678 28
339 675 28
339 337 8
339 341 8
364 20 -28
364 704 13
364 390 19
364 365 28
678 676 -19
678 19 -8
678 680 -28
678 677 19
414 388 -19
414 754 -13
414 415 -19
414 440 28
414 67 -19
388 728 28
388 362 -19
388 389 28
388 43 -28
754 91 -19
754 756 -19
754 752 -19
754 753 -13
415 417 8
415 751 -28
415 413 19
415 64 19
440 441 8
440 779 -28
440 466 13
440 92 -19
67 69 -28
67 65 13
67 725 -8
67 66 8
817 478 28
817 815 19
817 816 -8
817 819 -13
478 503 28
478 452 13
478 479 -28
478 128 -13
815 150 -13
815 814 -13
815 813 -19
815 476 19
816 154 19
816 481 -19
816 790 -28
816 841 -8
819 818 -13
819 153 -28
819 821 19
819 480 28
149 124 8
149 502 -13
149 813 -8
149 172 8
124 787 19
124 99 19
124 477 -13
502 501 -28
502 837 19
502 504 19
813 812 19
172 197 8
172 528 -19
172 838 28
417 66 -28
417 753 -13
417 416 -13
417 419 8
66 728 19
66 42 -19
753 727 19
753 778 13
753 94 28
416 69 -19
416 756 19
416 390 -28
416 442 19
419 755 28
419 418 -13
419 68 8
419 421 13
382 37 -19
382 722 8
382 408 -19
382 383 28
382 356 -8
37 36 -13
37 35 28
37 39 -13
37 693 28
722 724 8
722 60 8
722 721 -28
722 720 -13
408 434 19
408 748 -13
408 409 19
408 61 -8
383 381 28
383 719 8
383 34 28
383 385 13
356 357 -8
356 12 -28
356 330 8
356 696 19
765 763 8
765 102 13
765 764 -19
765 767 19
765 426 -28
763 762 -13
763 424 -8
763 100 28
102 127 13
102 77 -28
102 103 8
102 455 28
764 739 28
764 429 8
764 790 -8
764 105 -8
767 428 13
767 104 -28
767 766 19
767 769 19
426 427 28
426 400 -8
426 452 28
426 78 -13
179 536 -8
179 204 -13
179 180 8
179 846 -13
179 155 28
536 871 19
536 534 28
536 535 -13
536 538 28
204 562 19
204 229 -8
204 872 19
204 205 -28
180 533 -28
180 182 13
180 178 8
180 843 -19
846 507 19
846 848 8
846 844 19
846 845 -28
155 510 -8
155 131 -8
155 821 -8
630 963 28
630 629 -19
630 628 13
630 268 8
963 937 28
963 964 -19
963 989 13
629 603 8
629 655 -13
628 961 -28
628 626 -13
628 266 19
628 627 -19
268 269 8
268 293 -28
268 245 28
268 938 -19
269 267 -28
269 627 19
269 935 8
293 318 -28
293 294 19
293 656 13
293 964 28
245 913 8
245 220 -13
245 246 19
245 604 -28
938 937 -28
938 936 19
938 601 -28
36 696 -13
36 11 28
36 385 -8
36 60 13
696 695 -8
696 698 -13
696 694 8
11 12 -13
11 670 13
11 359 28
385 387 19
385 721 -19
385 384 8
60 85 -19
60 61 -13
60 411 -13
20 18 28
20 675 13
20 22 -19
20 19 -8
18 16 13
18 362 -28
18 673 8
18 17 -28
675 701 -19
675 676 8
22 366 13
22 21 8
22 677 -8
22 24 28
19 367 13
19 44 -13
239 907 -8
239 598 19
239 240 -28
239 214 19
239 262 -28
907 909 28
907 905 28
907 569 -8
907 906 28
598 600 19
598 931 19
598 597 28
598 596 19
240 238 13
240 595 8
240 242 8
240 904 13
214 882 28
214 572 13
214 215 -8
214 189 13
262 263 19
262 932 -19
262 287 -13
262 624 -28
461 463 -19
461 460 -19
461 459 -19
461 108 -28
461 796 8
463 110 19
463 462 13
463 465 13
463 798 -8
460 111 8
460 434 -28
460 486 -19
460 799 28
459 794 8
459 457 13
459 106 -13
459 458 -19
108 771 -8
108 83 8
108 133 -19
108 109 13
796 797 -19
796 822 -8
796 770 -8
796 136 8
771 769 28
771 773 -8
771 770 -13
771 432 28
83 84 28
83 58 8
83 746 13
83 435 28
133 487 -8
133 797 -28
133 134 13
133 156 -13
109 111 13
109 107 -19
109 458 -8
109 768 19
701 365 13
701 727 -28
701 702 -13
701 45 8
365 367 -8
365 363 -28
365 17 -13
727 728 -19
727 69 -28
727 391 -19
702 42 8
702 700 28
702 362 -28
702 704 19
45 43 28
45 390 -28
45 44 13
45 47 -13
910 935 -19
910 911 13
910 885 8
910 246 28
910 576 8
935 961 -8
935 936 -13
935 602 19
911 909 -13
911 573 -28
911 913 19
911 243 -28
885 550 -28
885 886 19
885 859 -19
885 221 8
246 244 28
246 601 19
576 574 -28
576 218 8
576 575 13
576 578 -13
428 80 28
428 454 -19
428 429 -8
428 402 -13
80 739 -13
80 79 13
80 82 -19
80 78 -8
454 480 -19
454 455 -28
454 793 -8
454 105 8
429 427 -8
429 77 -13
429 431 13
402 403 -8
402 55 19
402 376 13
402 742 8
111 110 13
111 770 8
111 113 -8
110 85 -19
110 135 -13
110 773 13
770 745 -19
770 435 -28
113 462 -19
113 772 -19
113 115 13
285 286 -19
285 956 13
285 260 -19
285 648 28
311 313 -19
311 309 -8
311 979 19
313 312 -19
313 315 -28
312 287 -13
315 314 8
315 983 8
315 317 -8
685 29 19
685 686 -28
685 711 -28
685 349 -19
685 659 -28
29 31 28
29 374 8
29 28 13
29 27 28
686 26 -8
686 684 -8
686 688 19
686 346 -8
711 737 13
711 375 13
711 53 -28
711 712 19
349 351 8
349 347 -19
349 348 13
349 1 -28
659 323 -28
659 660 28
659 4 -19
63 61 13
63 65 28
63 410 -28
63 62 -13
63 721 8
61 59 -19
61 719 13
65 64 -19
65 412 8
65 723 13
410 411 -19
410 384 13
410 750 -19
410 436 13
62 413 28
62 724 -8
62 38 -13
62 87 -13
721 695 13
721 747 13
745 86 8
745 719 19
745 746 8
745 409 28
86 434 28
86 85 -8
86 88 13
86 84 -19
719 693 19
719 720 28
746 406 -28
746 744 28
746 748 -8
409 58 13
409 407 -13
409 411 19
506 504 -13
506 508 19
506 841 19
506 505 -8
504 150 -19
504 503 8
504 839 -8
508 507 28
508 510 19
508 843 -13
508 153 -13
841 867 13
841 842 13
841 178 -13
505 154 -8
505 480 -13
505 844 -28
505 531 -19
600 933 8
600 602 28
600 241 13
600 599 -13
931 265 13
931 906 -8
931 957 -13
931 932 -13
597 571 19
597 623 -13
597 934 19
597 242 28
596 237 28
596 929 -19
596 595 -8
344 370 8
344 345 -28
370 396 -19
370 371 -8
345 343 -28
345 681 8
728 730 -8
728 726 13
730 390 -19
730 68 -28
730 732 -8
730 729 28
726 724 19
726 64 -28
726 725 8
726 386 -8
955 288 8
955 956 -13
955 929 8
955 622 -13
288 290 -13
288 286 13
288 647 -13
288 287 -19
956 619 8
956 954 8
956 958 28
929 263 19
929 930 13
929 904 13
622 620 -8
622 260 13
622 624 13
622 621 8
154 152 19
154 153 -13
152 814 19
152 151 -19
152 503 19
153 177 28
153 129 28
565 211 13
565 903 13
565 566 -8
565 539 -19
211 210 -28
211 213 13
211 209 19
211 875 8
903 235 13
903 901 -28
903 905 -13
903 902 8
566 568 -28
566 900 -28
566 564 28
566 208 28
539 540 -8
539 513 -28
539 186 -8
539 878 -28
507 482 28
507 533 -8
510 512 13
510 845 -19
510 509 -13
843 818 -28
843 869 13
843 844 -19
823 822 -28
823 484 8
823 821 -28
823 825 13
823 156 -19
822 159 -28
822 487 28
822 847 -8
484 485 19
484 134 28
484 458 -13
484 509 19
821 482 -19
821 820 -28
825 486 -28
825 827 19
825 158 13
825 824 -28
156 512 13
156 181 8
156 157 -13
788 814 -28
788 453 -8
788 762 -13
788 128 -28
788 789 19
814 479 -19
814 839 -8
453 451 8
453 100 -13
453 452 -19
453 455 -28
762 427 28
762 103 -8
762 737 -28
128 127 -28
128 126 8
128 130 13
789 450 8
789 791 8
789 787 -19
789 125 28
210 878 -8
210 185 8
210 568 13
210 235 19
878 877 -19
878 880 -8
878 876 -13
185 186 28
185 542 28
185 852 8
568 567 13
568 902 8
568 570 13
235 258 -28
235 236 -13
423 759 -19
423 421 -28
423 72 -8
423 422 -8
759 784 13
759 760 13
759 733 19
421 757 -13
421 70 -13
421 420 19
72 48 13
72 97 8
72 73 19
72 734 8
422 396 8
422 448 -19
362 363 13
362 336 -8
389 387 -8
389 725 -28
389 391 -28
389 40 -13
43 42 -8
43 41 13
43 699 13
769 106 19
769 768 8
769 430 -19
773 434 -19
773 775 -8
773 772 -19
432 406 13
432 84 19
432 458 -19
432 433 19
881 906 -28
881 546 19
881 882 19
881 217 -8
881 855 8
906 242 -28
906 572 -8
546 544 -28
546 545 -28
546 548 -28
546 189 -13
882 543 -8
882 884 28
882 880 13
217 571 -19
217 216 -13
217 219 19
217 215 -19
855 856 -28
855 192 28
855 830 -28
855 520 -28
644 643 8
644 977 8
644 646 13
644 281 -28
644 642 8
643 284 28
643 617 13
977 978 -19
977 951 -13
977 309 -28
646 979 28
646 283 -28
646 648 -19
281 306 -13
281 952 -13
281 282 13
281 257 -13
642 975 8
642 640 -13
642 279 -13
642 641 -13
42 391 13
42 17 28
391 390 28
391 393 8
17 676 -28
866 527 8
866 864 19
866 868 -28
866 865 -28
866 198 -8
527 501 -13
527 553 13
527 528 -19
527 174 -19
864 197 -28
864 863 -8
868 867 -19
868 529 -13
868 870 -13
868 200 -8
865 201 8
865 530 -13
865 890 28
865 839 28
198 223 19
198 556 8
198 173 -8
198 199 -19
284 283 -19
284 286 -28
284 282 -8
284 951 8
283 258 -19
283 954 19
283 308 19
286 953 19
282 641 -28
282 949 13
282 280 19
951 952 13
951 618 -8
707 371 28
707 708 -19
707 681 19
707 733 -8
371 369 8
371 23 8
708 706 -8
708 368 -13
708 48 -28
681 682 -13
733 734 13
733 397 8
434 435 19
435 433 19
435 437 -13
259 617 13
259 258 -28
259 261 28
900 875 13
900 236 8
900 901 8
926 589 19
926 924 13
926 928 -19
926 257 19
117 466 -19
117 116 28
117 119 -28
117 115 -19
117 776 -19
466 805 8
466 492 -19
466 467 28
116 91 -19
116 469 13
116 779 8
116 141 8
119 468 -19
119 778 19
119 121 -19
119 118 -13
115 464 28
115 774 -8
115 114 28
776 751 13
776 777 19
776 441 -8
776 802 -28
85 437 8
85 748 -28
437 436 -19
437 772 -13
437 439 -28
748 750 -8
748 747 -8
69 68 8
69 71 8
68 44 28
68 93 -28
71 73 13
71 70 28
71 729 13
71 418 -13
751 725 -13
751 752 -28
751 92 28
725 699 28
752 750 -28
752 412 -19
752 89 -19
92 91 28
92 90 28
92 94 -19
512 514 -19
512 847 19
512 511 19
514 513 28
514 849 -13
514 158 13
514 516 28
847 873 19
847 848 -8
847 184 13
511 159 19
511 537 13
511 486 -13
511 850 -8
503 842 -8
503 529 -19
452 791 -8
452 103 -13
479 481 -19
479 477 28
479 125 28
969 943 8
969 301 -8
969 636 28
969 970 -28
943 276 -13
943 944 19
943 610 13
943 918 13
301 300 -13
301 303 -13
301 299 28
636 635 -13
636 634 28
636 273 -19
636 638 -28
970 633 -13
970 972 -19
970 968 13
970 298 19
961 294 19
961 987 28
961 962 -13
294 292 28
294 653 -8
987 988 -8
987 319 8
987 654 19
962 960 -8
962 625 -13
962 964 -19
962 291 -8
159 157 -8
159 161 -28
159 158 -28
157 820 28
157 509 8
161 513 28
161 824 8
161 163 -28
158 135 -13
158 183 -13
571 909 -28
571 572 13
571 545 -8
909 241 28
909 908 19
572 574 19
572 570 -13
545 519 28
545 192 -8
545 884 -19
127 791 28
127 481 28
791 790 13
791 793 8
481 480 28
481 483 -13
829 490 -8
829 831 -13
829 828 8
829 162 8
829 827 -28
490 464 -28
490 140 -13
490 515 -13
831 164 -19
831 492 -19
831 830 -19
831 832 28
828 165 28
828 493 -13
828 802 19
828 853 -28
162 518 19
162 139 -13
162 187 19
162 163 28
827 826 -8
827 488 -19
574 908 -19
574 216 -19
574 573 8
908 883 28
908 244 8
908 933 -8
216 241 -13
216 884 13
216 191 -28
573 219 28
573 599 13
573 547 -13
794 768 13
794 795 -28
794 820 8
794 134 -8
768 433 28
768 743 28
795 793 -19
795 456 8
795 797 -13
795 131 -8
820 485 -13
820 845 -8
134 136 -28
134 132 -28
241 264 -28
241 242 28
884 883 -8
884 886 -28
191 192 -19
191 858 -19
191 166 8
191 548 28
581 555 -28
581 607 -19
581 226 28
581 919 8
581 582 -28
555 201 8
555 893 8
555 556 -28
555 529 13
607 633 -28
607 608 -28
607 944 -28
607 250 -8
226 225 28
226 228 13
226 224 -8
226 890 28
919 917 -28
919 918 13
919 920 -13
582 580 28
582 584 -8
582 916 19
582 223 -28
404 57 -19
404 744 13
404 405 28
404 378 -8
404 430 -28
57 59 -13
57 55 -28
57 715 13
57 56 13
744 81 -19
744 742 8
744 743 19
405 407 28
405 741 -28
405 403 -8
405 54 13
378 379 -19
378 352 13
378 718 -19
378 33 -13
430 431 19
430 456 8
430 82 19
650 652 28
650 648 8
650 983 19
650 649 28
650 287 -8
652 289 28
652 985 13
652 654 -28
652 651 19
648 647 28
983 957 19
649 290 8
649 623 -13
649 986 28
287 958 8
201 199 -19
201 203 8
201 200 -28
199 863 -13
199 553 -19
203 867 -28
203 557 -28
203 202 -19
203 205 28
200 175 -8
200 225 -28
200 558 19
617 954 -19
617 618 -13
954 953 28
954 952 19
618 620 -8
618 616 28
618 257 28
290 292 -19
290 289 -28
290 957 -28
292 291 -28
292 959 13
292 651 -19
289 264 28
289 960 8
957 624 -28
957 958 -8
406 407 19
406 59 28
406 380 8
407 56 8
407 743 8
59 58 28
59 717 -8
380 381 -19
380 35 -19
380 354 8
380 720 -8
355 353 8
355 691 -19
355 357 -28
355 7 -8
355 354 -8
353 352 8
353 351 8
353 689 -13
353 5 -8
691 35 -13
691 665 -19
691 717 13
691 692 -28
357 359 -28
357 693 28
357 9 28
7 32 -19
7 8 -8
7 666 13
354 328 19
354 10 13
354 694 -8
258 620 13
258 928 -8
620 619 -28
620 953 -8
928 930 -8
928 927 19
441 443 -19
441 439 19
441 89 -28
779 778 19
779 781 -28
779 777 -19
619 593 28
619 261 -19
593 567 13
593 238 19
593 930 8
261 263 28
261 927 19
261 260 -13
265 623 8
265 264 -8
265 267 19
265 263 -13
932 934 -28
932 930 19
932 595 8
91 443 28
443 778 -13
443 445 -28
443 442 13
450 476 -8
450 101 -8
450 451 28
450 424 13
476 501 -28
476 126 13
476 477 19
101 761 19
101 103 -19
101 100 -28
451 99 -19
451 786 -13
424 425 28
424 398 -8
424 76 13
544 187 -28
544 879 -13
544 542 13
544 543 13
187 212 -19
187 188 19
187 854 -19
879 904 -8
879 853 -8
879 880 -13
879 215 19
542 877 -8
542 540 -8
542 541 13
543 517 -28
543 190 28
543 569 -13
917 248 8
917 579 19
917 915 13
917 916 19
248 608 -28
248 271 13
248 223 19
579 580 13
579 224 -19
579 553 13
579 605 -28
915 247 -8
915 914 13
916 250 -13
916 941 28
916 890 -8
300 275 -19
300 972 -28
275 638 28
275 276 -13
275 251 -8
275 946 -8
972 635 19
972 974 19
972 971 -13
975 949 -19
975 307 -19
975 976 -28
949 616 8
949 950 -8
949 923 -19
307 306 19
307 309 8
307 305 19
976 978 -28
976 974 19
976 639 8
976 304 28
577 578 19
577 551 -28
577 603 13
578 220 19
578 912 -19
551 552 28
551 525 -28
603 604 13
978 641 -19
978 306 28
641 615 -28
588 587 -19
588 921 8
588 586 -19
588 229 28
587 232 19
587 613 13
587 924 -28
587 561 -19
921 922 13
921 896 -13
921 947 -28
921 256 13
586 227 -13
586 585 13
586 584 -13
229 897 19
229 253 28
229 230 -8
790 130 -28
790 455 -13
793 129 13
793 792 -8
411 413 28
411 747 19
384 724 28
384 358 19
384 39 -13
750 87 -13
750 749 13
436 88 -13
436 462 19
436 775 13
413 749 -8
413 412 28
749 90 -8
749 723 28
749 774 -13
412 386 19
412 438 28
812 477 -13
812 837 -19
812 151 19
812 786 -19
837 863 -28
837 838 -19
837 174 -8
151 501 -13
151 150 13
786 787 28
786 126 8
786 761 19
623 960 -19
623 624 -13
960 959 13
960 958 19
624 626 28
175 842 19
175 176 8
175 532 -8
842 840 -8
842 844 -13
176 529 -13
176 178 8
176 174 19
176 839 28
532 534 8
532 867 13
532 530 -8
532 531 -13
361 13 -19
361 359 28
361 697 -19
361 363 -19
361 360 28
13 38 13
13 672 -13
13 14 13
359 695 8
359 358 28
697 41 19
697 671 28
697 723 -13
697 698 -13
363 699 -8
363 15 -8
360 16 8
360 334 13
360 700 -28
360 386 13
626 625 -19
626 264 -13
626 959 28
625 267 13
625 651 13
625 599 8
264 934 -19
959 933 28
959 985 13
472 811 28
472 473 19
472 498 28
472 123 13
472 446 -8
811 147 19
811 810 -13
811 809 28
473 808 28
473 120 -13
473 475 13
473 471 28
498 148 -19
498 523 -19
498 836 28
123 121 -19
123 782 28
123 122 -19
446 785 -13
446 447 13
446 98 -13
446 420 13
934 933 -28
934 936 13
633 634 -8
633 274 -8
634 271 19
634 967 28
634 632 -13
274 941 -19
274 276 28
274 273 19
274 272 -19
676 674 19
676 336 -13
16 15 -19
16 14 -13
16 671 8
15 674 8
15 40 19
14 358 -8
14 12 -19
14 669 8
671 335 28
671 672 -13
937 912 -19
937 604 -8
912 913 -13
604 602 -19
267 933 -19
267 266 -8
266 243 -28
266 936 -8
266 291 -13
457 104 19
457 455 -13
457 456 13
457 792 19
104 79 8
104 105 13
104 129 8
456 107 19
456 482 -28
792 818 -28
792 132 -28
792 766 13
79 431 8
79 742 -13
79 54 19
105 107 8
105 103 19
129 130 -13
129 483 -13
680 340 8
680 682 28
680 21 13
680 679 8
677 703 -28
677 341 28
550 193 8
550 552 8
550 549 -28
550 548 -8
193 860 19
193 218 8
193 194 -8
193 168 -8
552 195 -28
549 523 -8
549 196 19
549 887 -19
549 575 -13
548 883 13
548 547 28
88 87 -28
88 90 28
88 747 8
87 439 -19
90 438 19
90 89 28
747 772 -28
106 131 19
106 81 8
106 107 -19
131 485 -19
131 132 28
81 433 13
81 82 8
81 56 -8
107 766 -19
58 720 -28
58 34 -28
717 381 8
717 718 28
717 743 -28
148 146 -28
148 147 13
148 808 -8
146 496 13
146 145 -8
146 144 -19
146 806 -19
147 500 8
147 170 8
147 122 -19
808 809 19
808 782 13
927 902 19
927 953 -8
340 341 8
340 366 13
341 343 13
366 367 -13
366 706 19
366 392 -28
724 723 -19
723 387 -19
501 840 19
840 838 -28
840 173 28
840 839 19
150 125 8
150 173 -13
125 126 -19
125 100 13
173 530 28
173 174 -19
755 756 -28
755 729 13
755 780 28
755 96 8
418 392 28
418 444 -28
418 758 8
818 483 -13
483 485 -19
483 482 8
766 431 13
766 741 -28
640 973 -28
640 277 19
640 639 19
640 638 -8
973 974 -19
973 305 -8
973 947 -13
277 948 19
277 302 -13
277 278 -8
277 253 -28
639 280 8
639 613 8
638 637 19
638 971 -19
367 703 -13
367 369 -28
703 729 19
703 47 8
703 704 -28
369 21 -28
369 705 -13
369 368 -13
44 704 -13
44 393 8
682 23 19
682 342 13
23 48 19
23 24 8
342 343 -13
342 368 -13
38 698 28
38 387 -19
38 39 -28
698 358 13
698 700 -19
387 386 19
39 41 -8
39 695 -19
860 858 8
860 521 -8
860 862 13
860 859 28
858 856 -13
858 519 13
858 857 -13
521 547 -28
521 496 -19
521 522 -19
521 169 13
862 523 8
862 861 -13
862 195 8
859 196 -8
859 833 -19
859 524 19
21 46 13
24 679 -19
24 368 13
135 489 8
135 136 -28
135 799 28
279 304 28
279 280 -13
279 255 -8
279 950 -19
304 305 -13
280 947 -19
280 278 19
255 231 13
255 616 -13
255 924 19
255 256 28
950 948 28
950 613 -13
950 952 -28
232 231 8
232 234 19
232 230 8
232 896 -8
231 899 -8
231 206 -8
234 589 -8
234 898 -13
234 236 13
230 585 -13
230 894 -8
230 228 8
896 562 -8
896 871 19
896 897 -8
901 899 13
901 563 8
905 567 28
905 904 13
905 237 -19
902 238 -19
902 877 -13
523 171 -8
523 524 28
171 833 -13
171 170 19
171 169 13
524 168 19
524 526 -8
524 522 8
64 89 -13
64 40 19
602 601 19
602 243 -28
599 244 -8
599 936 8
732 70 -19
732 392 8
732 731 13
732 734 13
729 393 8
337 336 13
337 335 28
337 673 -13
335 333 -13
335 334 13
673 674 19
673 699 -19
482 132 8
533 534 19
533 559 -19
533 872 8
567 213 -28
567 541 13
213 877 -19
213 212 -8
213 215 13
541 515 13
541 188 13
541 880 19
948 611 28
948 947 19
948 946 -13
611 585 -28
611 637 13
611 254 -28
611 612 -28
947 614 -28
946 945 8
946 944 -28
946 609 -19
775 774 -8
775 777 19
772 798 8
196 195 -28
196 194 13
195 220 -8
195 170 -28
194 192 19
194 547 -28
194 857 19
883 857 19
883 219 -8
857 522 -19
219 218 -13
219 221 -19
381 379 28
381 32 8
379 377 -8
379 30 -13
379 715 8
32 56 8
32 33 -28
32 692 -28
979 953 -19
308 309 13
35 33 13
35 34 19
33 31 -13
33 689 13
34 9 8
34 694 28
238 236 19
238 237 -8
237 212 28
237 260 19
350 324 -28
350 351 -13
350 690 19
350 376 -13
350 6 28
324 325 13
324 664 -19
351 3 8
351 687 -8
690 30 28
690 692 28
690 689 -19
690 688 28
376 377 28
376 31 13
376 716 13
6 8 8
6 5 8
6 4 28
6 661 28
427 75 13
427 425 -13
75 100 -8
75 51 28
75 76 -28
75 738 -8
425 761 -19
425 74 8
73 420 19
73 731 -19
70 46 -13
70 95 19
742 741 -8
742 740 -8
743 84 28
343 679 -28
679 705 13
547 886 -8
952 615 28
218 243 -13
218 886 13
243 244 28
886 887 28
583 584 28
583 557 19
583 228 -8
583 609 -28
583 920 28
584 225 13
584 918 -8
557 895 -8
557 531 8
557 558 19
228 227 -19
228 892 19
609 635 -13
609 610 -19
609 252 -13
920 251 28
920 922 28
386 41 -13
985 986 -13
985 317 13
654 653 8
654 291 19
654 656 19
651 988 -19
328 329 8
328 668 13
10 9 -28
10 8 -19
10 665 -13
10 12 -19
694 693 -28
694 692 8
41 40 19
40 700 -19
291 316 28
693 667 28
9 668 -8
668 666 28
668 670 -8
668 667 -19
244 242 -13
706 705 -19
706 46 28
706 704 19
705 49 28
705 731 13
46 395 28
46 47 28
672 674 13
672 332 19
672 670 -8
517 856 8
517 165 8
517 518 19
517 492 -8
190 192 13
190 188 13
190 853 13
190 189 8
569 570 -28
569 215 8
569 595 -28
674 334 -8
84 82 8
82 741 -8
519 494 -28
519 167 8
519 520 -13
495 493 28
495 830 -28
495 494 -19
495 141 -13
495 497 19
493 492 -13
493 139 -13
830 804 19
830 167 8
494 468 8
494 832 -13
494 144 13
141 164 19
141 805 -19
141 142 -19
497 496 -28
497 143 -28
613 614 13
613 256 28
924 923 -13
924 922 28
561 899 -19
561 562 -8
561 207 19
561 535 13
958 621 28
589 615 8
589 563 -8
615 616 19
563 564 -19
563 537 -13
563 209 8
438 464 -8
438 777 -19
438 439 19
761 735 -13
735 736 -8
735 399 -13
735 709 13
735 76 13
887 220 19
699 700 13
737 401 -8
737 78 -8
737 738 -28
856 189 -8
856 854 -8
189 164 13
854 852 -13
854 515 28
854 853 -13
635 276 -28
276 278 -28
575 601 -13
575 913 -13
575 221 28
25 684 -13
25 50 8
25 373 28
25 0 -19
684 683 -8
50 74 13
50 399 19
50 710 28
373 372 8
373 709 -13
373 375 13
0 347 19
0 658 -19
251 227 -8
251 252 -28
251 612 19
89 114 8
836 170 -8
836 835 13
836 834 19
899 898 8
899 897 19
898 923 -19
898 873 -8
898 564 13
897 895 8
897 559 -13
227 895 19
227 202 -28
895 894 19
895 893 8
202 560 -8
202 177 -8
202 870 -19
756 758 -19
756 93 8
758 757 19
758 95 -13
758 760 -8
93 445 8
93 118 19
93 94 -28
720 718 13
500 835 13
500 499 -13
835 810 -13
835 861 -19
499 474 28
499 525 -13
170 526 -28
122 97 8
122 785 -28
122 475 -28
595 621 28
333 332 8
333 669 19
333 331 -19
332 358 -13
669 695 -28
669 670 8
331 330 -19
331 667 -8
331 329 28
944 273 8
944 942 -28
610 608 -28
610 249 -8
610 612 8
918 892 19
918 252 -8
833 834 -13
377 28 -19
377 375 -13
377 713 19
28 3 -13
28 688 13
375 26 13
375 374 -13
713 739 19
713 714 -13
713 55 13
713 687 28
861 526 -8
263 621 8
621 647 -19
31 687 8
31 30 13
687 661 19
687 688 8
30 5 19
30 54 13
206 564 8
206 181 8
206 874 28
206 207 8
715 741 -8
715 716 -8
715 689 -13
877 851 8
904 570 -13
393 395 19
393 392 8
74 736 13
74 99 13
736 738 8
739 403 -19
739 740 28
403 401 -19
740 400 13
740 77 19
740 738 -8
616 614 -13
220 221 13
562 564 8
562 560 -28
560 894 -8
560 559 -28
560 558 13
352 8 13
352 692 28
352 326 8
8 663 13
326 666 8
326 327 -19
77 78 -19
431 433 13
608 606 8
608 941 8
606 247 -28
606 605 -19
941 967 28
941 942 -19
26 1 8
26 51 -13
26 27 -8
688 348 13
346 372 13
346 347 -13
346 2 8
346 320 -19
54 55 8
54 716 -8
804 469 -28
804 778 28
804 144 13
804 805 19
469 468 19
469 467 8
469 471 28
144 143 -8
144 142 13
805 803 19
805 807 13
208 183 -13
208 876 -13
208 209 8
585 559 28
585 922 -28
559 205 -13
922 253 -13
209 873 8
209 207 -8
875 540 -13
875 849 -8
875 876 -28
966 965 -8
966 295 -19
966 968 -19
965 297 13
965 939 19
965 632 13
295 270 28
968 296 8
968 967 -28
968 631 -19
322 323 8
322 348 8
322 662 -8
323 325 -28
323 321 8
348 374 8
348 4 -13
662 661 -28
662 664 13
662 660 -28
662 3 13
880 212 28
12 667 -13
330 670 -8
401 399 28
401 51 19
401 400 -28
399 398 -8
51 712 -19
51 52 19
400 53 8
400 374 -13
368 394 -8
48 397 8
48 49 13
614 253 28
614 612 -28
253 254 -28
612 945 28
468 442 -8
468 807 13
832 166 -28
832 834 -19
496 470 8
496 834 -8
143 807 -19
143 118 8
143 166 19
930 260 -13
894 869 13
869 534 28
869 870 28
869 205 8
807 809 28
807 806 -13
118 471 13
118 781 8
166 522 19
166 167 19
298 299 13
298 273 8
270 940 13
270 632 -19
270 247 -19
964 627 -13
810 475 8
810 784 -19
475 474 13
784 785 -8
784 449 -28
297 299 8
297 296 -28
299 967 -13
296 271 -8
974 637 13
974 302 -8
971 303 13
971 945 28
580 222 8
580 914 8
223 224 -28
223 891 -19
329 327 -28
329 665 19
939 272 19
939 914 -8
939 940 28
272 631 -13
272 271 -28
914 888 -28
940 942 -8
520 164 19
520 518 -19
520 522 -19
56 718 -8
372 27 13
372 712 -13
372 398 -19
27 683 -28
712 714 -13
712 710 13
398 738 19
398 52 13
637 278 -28
278 945 -19
492 142 -19
467 802 13
467 465 -8
467 114 -28
525 526 -28
1 2 -19
1 660 13
302 303 -13
873 538 19
873 874 28
94 442 -13
94 96 8
474 448 13
665 666 -19
303 305 -8
709 683 -28
709 710 -19
709 52 -8
76 78 19
718 716 -28
716 714 8
394 49 -13
394 420 -19
394 734 8
394 395 8
49 47 28
420 760 -28
395 731 13
395 397 -28
5 664 8
168 145 28
168 834 -28
168 169 -13
120 145 -19
120 121 19
120 783 -19
120 95 -19
471 470 -8
471 806 -8
871 207 -8
871 845 13
871 872 -8
207 205 19
845 182 13
872 870 -19
872 874 8
271 942 -8
632 631 -8
121 470 19
121 780 28
782 447 19
782 757 13
782 783 13
273 249 8
165 164 8
165 163 -28
165 167 13
518 853 8
518 516 13
535 182 -8
535 509 19
535 874 28
480 130 13
181 182 -19
181 848 13
181 538 13
874 876 -28
851 852 8
851 188 13
851 516 -8
851 826 -8
250 249 -13
250 252 -28
249 225 8
225 893 -13
47 392 28
256 254 -28
534 177 19
177 178 -8
177 844 19
142 140 28
142 802 28
570 212 -19
631 605 13
325 661 28
325 327 -13
664 663 19
664 666 28
53 55 19
53 52 -13
374 714 28
3 4 -19
462 488 8
488 513 8
488 489 -19
4 2 -13
470 809 -19
470 444 19
893 892 -13
893 891 8
145 809 -28
540 538 28
540 183 -19
538 537 -13
183 184 -28
183 850 -28
867 892 28
892 558 13
442 781 19
891 889 -13
891 553 28
891 890 -19
513 852 19
852 850 -8
167 169 -8
531 178 -13
531 870 -19
558 556 -19
186 188 19
186 184 28
186 849 8
184 182 19
184 537 -13
849 850 -19
849 824 28
97 449 -13
97 98 8
97 760 -28
785 783 19
448 449 28
783 781 8
783 444 28
537 876 -19
942 605 19
252 254 8
347 683 -8
683 657 -28
663 327 -28
663 689 8
485 487 8
487 489 8
487 486 -8
222 889 8
222 197 13
222 247 -19
464 803 19
464 465 -28
803 802 -8
803 139 -28
465 800 -19
848 509 -8
848 850 -19
447 445 -8
447 449 -13
447 95 -13
445 780 -19
445 444 8
95 96 8
889 888 -19
888 224 28
888 863 -13
888 554 -19
826 800 -8
826 163 -28
489 824 -19
601 627 28
627 653 8
140 139 19
140 800 28
139 114 28
800 774 -19
806 780 -8
321 657 13
321 320 13
444 96 8
515 163 -28
515 516 13
988 986 19
988 316 28
988 990 13
986 314 8
316 317 -19
990 653 -28
990 318 19
990 989 -28
780 781 28
114 777 -19
657 658 8
657 2 -13
658 660 28
319 317 19
319 318 -13
731 757 -28
397 396 13
320 660 -8
757 98 -13
98 96 28
458 797 -8
486 136 19
797 799 -13
553 554 28
774 439 8
863 528 19
554 556 28
554 197 28
890 556 13
798 824 8
798 799 -8
989 656 -13
655 656 -13
529 530 28
130 132 -19
530 528 19
