982 981 8
982 310 19
982 980 -19
982 984 -8
982 645 8
981 313 -28
981 955 8
981 648 13
310 285 13
310 311 -28
980 978 19
980 308 -13
980 643 -19
980 979 -19
984 312 19
984 647 28
984 986 13
984 983 8
645 619 -28
645 646 19
645 286 19
137 801 -13
137 160 -8
137 491 13
137 138 -19
137 112 19
801 462 -19
801 800 8
801 803 -13
801 799 19
160 185 -8
160 161 -13
160 516 -19
160 827 19
491 493 -8
491 490 28
491 826 -8
491 489 -13
138 140 13
138 488 28
138 136 -28
138 798 -19
112 113 8
112 465 -8
112 775 -19
112 87 -28
592 233 8
592 590 13
592 591 8
592 594 19
592 925 -13
233 234 19
233 208 -19
233 901 8
233 257 8
590 588 28
590 589 28
590 231 -13
590 923 8
591 565 -8
591 617 -19
591 928 19
591 236 -8
594 235 13
594 596 19
594 927 8
594 593 19
925 259 8
925 900 13
925 951 13
925 926 -19
338 339 -28
338 364 19
338 678 19
339 675 -8
339 337 28
339 341 19
364 20 -28
364 704 -13
364 390 19
364 365 28
678 676 -13
678 19 -13
678 680 8
678 677 28
414 388 8
414 754 19
414 415 -13
414 440 13
414 67 8
388 728 28
388 362 13
388 389 -19
388 43 8
754 91 -8
754 756 -13
754 752 19
754 753 -28
415 417 -13
415 751 19
415 413 -19
415 64 28
440 441 -13
440 779 -8
440 466 28
440 92 19
67 69 19
67 65 -13
67 725 -19
67 66 13
817 478 -28
817 815 -28
817 816 -13
817 819 28
478 503 8
478 452 13
478 479 19
478 128 -8
815 150 13
815 814 19
815 813 13
815 476 -19
816 154 -13
816 481 28
816 790 19
816 841 8
819 818 -13
819 153 13
819 821 -8
819 480 19
149 124 13
149 502 -19
149 813 8
149 172 8
124 787 13
124 99 28
124 477 28
502 501 8
502 837 8
502 504 13
813 812 8
172 197 19
172 528 -13
172 838 -19
417 66 -8
417 753 19
417 416 13
417 419 -8
66 728 8
66 42 -28
753 727 -19
753 778 -19
753 94 28
416 69 -28
416 756 13
416 390 -13
416 442 28
419 755 -8
419 418 13
419 68 28
419 421 19
382 37 19
382 722 -8
382 408 28
382 383 19
382 356 -19
37 36 28
37 35 -19
37 39 8
37 693 13
722 724 28
722 60 -28
722 721 8
722 720 19
408 434 28
408 748 -28
408 409 -8
408 61 19
383 381 8
383 719 13
383 34 19
383 385 19
356 357 -8
356 12 -8
356 330 -28
356 696 13
765 763 19
765 102 28
765 764 -13
765 767 -8
765 426 -19
763 762 28
763 424 -19
763 100 -19
102 127 -8
102 77 8
102 103 -19
102 455 -13
764 739 13
764 429 -28
764 790 8
764 105 -13
767 428 -8
767 104 -28
767 766 8
767 769 13
426 427 -19
426 400 -19
426 452 -8
426 78 -19
179 536 -8
179 204 28
179 180 13
179 846 -8
179 155 -28
536 871 13
536 534 28
536 535 19
536 538 19
204 562 28
204 229 -13
204 872 -13
204 205 -28
180 533 -13
180 182 28
180 178 -13
180 843 19
846 507 13
846 848 8
846 844 8
846 845 -8
155 510 19
155 131 -28
155 821 -28
630 963 19
630 629 28
630 628 19
630 268 -28
963 937 -19
963 964 13
963 989 -28
629 603 -28
629 655 -13
628 961 -8
628 626 28
628 266 -13
628 627 -13
268 269 19
268 293 13
268 245 19
268 938 -13
269 267 -19
269 627 -13
269 935 28
293 318 28
293 294 -19
293 656 -28
293 964 13
245 913 28
245 220 -8
245 246 -19
245 604 -19
938 937 19
938 936 -13
938 601 28
36 696 13
36 11 -28
36 385 -8
36 60 -13
696 695 -13
696 698 8
696 694 -28
11 12 -13
11 670 13
11 359 -19
385 387 28
385 721 -8
385 384 -28
60 85 28
60 61 8
60 411 8
20 18 28
20 675 -13
20 22 -28
20 19 -13
18 16 -28
18 362 -28
18 673 19
18 17 -28
675 701 19
675 676 -8
22 366 -19
22 21 19
22 677 8
22 24 -19
19 367 -28
19 44 -13
239 907 13
239 598 -28
239 240 -8
239 214 -28
239 262 13
907 909 28
907 905 19
907 569 19
907 906 -8
598 600 28
598 931 8
598 597 8
598 596 -19
240 238 -8
240 595 13
240 242 -13
240 904 8
214 882 13
214 572 19
214 215 -8
214 189 -13
262 263 13
262 932 -13
262 287 -8
262 624 19
461 463 8
461 460 13
461 459 13
461 108 13
461 796 19
463 110 -13
463 462 -13
463 465 28
463 798 28
460 111 13
460 434 19
460 486 -19
460 799 -8
459 794 28
459 457 -19
459 106 -19
459 458 13
108 771 -28
108 83 8
108 133 13
108 109 8
796 797 -13
796 822 -19
796 770 -8
796 136 28
771 769 28
771 773 28
771 770 -8
771 432 8
83 84 -28
83 58 -13
83 746 19
83 435 19
133 487 -28
133 797 13
133 134 -19
133 156 13
109 111 -13
109 107 -19
109 458 13
109 768 -13
701 365 28
701 727 28
701 702 19
701 45 -8
365 367 -8
365 363 19
365 17 -19
727 728 -8
727 69 19
727 391 -13
702 42 8
702 700 19
702 362 28
702 704 -28
45 43 8
45 390 -19
45 44 -8
45 47 -13
910 935 -28
910 911 -19
910 885 -13
910 246 28
910 576 8
935 961 -8
935 936 8
935 602 -28
911 909 8
911 573 -19
911 913 -13
911 243 13
885 550 -28
885 886 8
885 859 28
885 221 -13
246 244 8
246 601 -13
576 574 28
576 218 -8
576 575 8
576 578 8
428 80 -13
428 454 8
428 429 -8
428 402 -28
80 739 -13
80 79 -28
80 82 -13
80 78 8
454 480 28
454 455 -13
454 793 -8
454 105 28
429 427 -28
429 77 28
429 431 -13
402 403 -28
402 55 -8
402 376 28
402 742 19
111 110 13
111 770 -19
111 113 8
110 85 -19
110 135 -28
110 773 -13
770 745 8
770 435 -8
113 462 13
113 772 -19
113 115 -8
285 286 -13
285 956 28
285 260 13
285 648 -28
311 313 28
311 309 -8
311 979 19
313 312 -13
313 315 19
312 287 -19
315 314 -28
315 983 -8
315 317 -28
685 29 19
685 686 8
685 711 -8
685 349 -8
685 659 8
29 31 -19
29 374 8
29 28 -28
29 27 8
686 26 13
686 684 -13
686 688 19
686 346 19
711 737 -13
711 375 28
711 53 -28
711 712 28
349 351 -19
349 347 -13
349 348 19
349 1 13
659 323 -13
659 660 13
659 4 13
63 61 -8
63 65 13
63 410 -19
63 62 -19
63 721 8
61 59 19
61 719 -19
65 64 8
65 412 -19
65 723 -19
410 411 28
410 384 19
410 750 -8
410 436 19
62 413 28
62 724 19
62 38 -13
62 87 -19
721 695 -13
721 747 -19
745 86 19
745 719 19
745 746 -13
745 409 8
86 434 8
86 85 -19
86 88 8
86 84 -28
719 693 8
719 720 -28
746 406 19
746 744 8
746 748 -19
409 58 -8
409 407 13
409 411 -8
506 504 8
506 508 19
506 841 13
506 505 -13
504 150 -13
504 503 -8
504 839 -19
508 507 -13
508 510 -19
508 843 13
508 153 28
841 867 28
841 842 13
841 178 -19
505 154 -8
505 480 -28
505 844 19
505 531 8
600 933 19
600 602 -13
600 241 8
600 599 -19
931 265 -8
931 906 -19
931 957 13
931 932 -19
597 571 -19
597 623 -28
597 934 13
597 242 -28
596 237 -19
596 929 28
596 595 8
344 370 -8
344 345 -19
370 396 8
370 371 19
345 343 -8
345 681 19
728 730 19
728 726 -28
730 390 19
730 68 28
730 732 -8
730 729 -13
726 724 -28
726 64 -19
726 725 19
726 386 28
955 288 -13
955 956 8
955 929 8
955 622 8
288 290 19
288 286 -8
288 647 -19
288 287 -28
956 619 28
956 954 19
956 958 28
929 263 -28
929 930 -19
929 904 19
622 620 -19
622 260 28
622 624 -8
622 621 -19
154 152 28
154 153 19
152 814 -8
152 151 28
152 503 -13
153 177 -13
153 129 28
565 211 -8
565 903 13
565 566 8
565 539 -8
211 210 8
211 213 -8
211 209 -19
211 875 -19
903 235 -13
903 901 13
903 905 28
903 902 -28
566 568 -28
566 900 -28
566 564 -8
566 208 19
539 540 19
539 513 19
539 186 13
539 878 -28
507 482 -28
507 533 -28
510 512 8
510 845 13
510 509 -8
843 818 19
843 869 -28
843 844 -13
823 822 8
823 484 -19
823 821 -13
823 825 -13
823 156 13
822 159 -13
822 487 -19
822 847 -13
484 485 -13
484 134 -13
484 458 -28
484 509 28
821 482 -13
821 820 28
825 486 19
825 827 -28
825 158 13
825 824 -8
156 512 -8
156 181 -13
156 157 8
788 814 8
788 453 -19
788 762 -13
788 128 -8
788 789 -8
814 479 -8
814 839 -8
453 451 19
453 100 8
453 452 -19
453 455 -8
762 427 28
762 103 -8
762 737 -28
128 127 -28
128 126 -28
128 130 19
789 450 -19
789 791 19
789 787 8
789 125 -28
210 878 -28
210 185 28
210 568 -13
210 235 -28
878 877 -8
878 880 19
878 876 -8
185 186 28
185 542 -28
185 852 28
568 567 -19
568 902 13
568 570 -8
235 258 8
235 236 -8
423 759 28
423 421 8
423 72 13
423 422 -8
759 784 -28
759 760 8
759 733 13
421 757 13
421 70 -28
421 420 -13
72 48 28
72 97 19
72 73 19
72 734 -13
422 396 8
422 448 13
362 363 -8
362 336 13
389 387 -19
389 725 13
389 391 -28
389 40 13
43 42 28
43 41 28
43 699 28
769 106 -8
769 768 19
769 430 8
773 434 28
773 775 -13
773 772 13
432 406 8
432 84 -13
432 458 28
432 433 -13
881 906 -13
881 546 19
881 882 -19
881 217 -8
881 855 13
906 242 -28
906 572 -13
546 544 8
546 545 -8
546 548 -13
546 189 -8
882 543 28
882 884 13
882 880 8
217 571 19
217 216 -8
217 219 -8
217 215 28
855 856 8
855 192 8
855 830 -13
855 520 -28
644 643 28
644 977 8
644 646 -19
644 281 19
644 642 19
643 284 13
643 617 19
977 978 -13
977 951 19
977 309 13
646 979 -8
646 283 -8
646 648 -13
281 306 13
281 952 13
281 282 8
281 257 8
642 975 -19
642 640 -28
642 279 13
642 641 8
42 391 -28
42 17 8
391 390 -28
391 393 13
17 676 28
866 527 -28
866 864 -19
866 868 -28
866 865 -19
866 198 8
527 501 -13
527 553 8
527 528 -13
527 174 -8
864 197 13
864 863 -28
868 867 -19
868 529 13
868 870 -8
868 200 13
865 201 13
865 530 -8
865 890 -28
865 839 -19
198 223 19
198 556 -19
198 173 13
198 199 -28
284 283 -28
284 286 13
284 282 -8
284 951 -13
283 258 8
283 954 -19
283 308 19
286 953 13
282 641 13
282 949 28
282 280 -28
951 952 28
951 618 8
707 371 8
707 708 -13
707 681 -19
707 733 13
371 369 13
371 23 13
708 706 -19
708 368 28
708 48 13
681 682 -13
733 734 13
733 397 -8
434 435 8
435 433 -13
435 437 -8
259 617 28
259 258 13
259 261 28
900 875 -8
900 236 -19
900 901 -8
926 589 8
926 924 -8
926 928 -8
926 257 8
117 466 -13
117 116 28
117 119 28
117 115 19
117 776 13
466 805 -8
466 492 13
466 467 19
116 91 -28
116 469 8
116 779 -19
116 141 -13
119 468 -8
119 778 8
119 121 -19
119 118 -28
115 464 8
115 774 13
115 114 -28
776 751 -13
776 777 28
776 441 -19
776 802 -19
85 437 -13
85 748 8
437 436 8
437 772 28
437 439 -8
748 750 8
748 747 -13
69 68 -13
69 71 28
68 44 -8
68 93 -8
71 73 19
71 70 13
71 729 28
71 418 8
751 725 -28
751 752 13
751 92 -13
725 699 28
752 750 -13
752 412 8
752 89 28
92 91 28
92 90 8
92 94 28
512 514 -13
512 847 8
512 511 19
514 513 19
514 849 13
514 158 -19
514 516 19
847 873 13
847 848 28
847 184 -28
511 159 28
511 537 19
511 486 19
511 850 8
503 842 13
503 529 28
452 791 -19
452 103 8
479 481 -8
479 477 -13
479 125 8
969 943 -8
969 301 -28
969 636 28
969 970 -19
943 276 19
943 944 19
943 610 -28
943 918 13
301 300 28
301 303 13
301 299 8
636 635 -8
636 634 -8
636 273 -19
636 638 -19
970 633 8
970 972 28
970 968 -28
970 298 -8
961 294 -19
961 987 -13
961 962 -28
294 292 13
294 653 28
987 988 -13
987 319 13
987 654 8
962 960 -19
962 625 13
962 964 28
962 291 -28
159 157 -19
159 161 -8
159 158 28
157 820 28
157 509 8
161 513 28
161 824 -13
161 163 -8
158 135 -28
158 183 -13
571 909 -28
571 572 13
571 545 -19
909 241 28
909 908 -28
572 574 13
572 570 13
545 519 8
545 192 13
545 884 28
127 791 -28
127 481 28
791 790 -19
791 793 -8
481 480 -13
481 483 19
829 490 13
829 831 28
829 828 8
829 162 8
829 827 -8
490 464 8
490 140 -19
490 515 8
831 164 19
831 492 -13
831 830 8
831 832 -8
828 165 13
828 493 -19
828 802 -28
828 853 -19
162 518 -19
162 139 13
162 187 8
162 163 8
827 826 19
827 488 28
574 908 -13
574 216 28
574 573 -8
908 883 -19
908 244 28
908 933 -8
216 241 -13
216 884 -8
216 191 -8
573 219 28
573 599 -8
573 547 28
794 768 -28
794 795 -28
794 820 13
794 134 19
768 433 13
768 743 -13
795 793 -19
795 456 28
795 797 13
795 131 13
820 485 8
820 845 -28
134 136 -8
134 132 -8
241 264 8
241 242 -28
884 883 -13
884 886 8
191 192 13
191 858 -19
191 166 8
191 548 28
581 555 -19
581 607 19
581 226 28
581 919 19
581 582 -13
555 201 -19
555 893 28
555 556 -28
555 529 8
607 633 -13
607 608 19
607 944 19
607 250 -19
226 225 -13
226 228 -13
226 224 -8
226 890 19
919 917 -13
919 918 -28
919 920 19
582 580 19
582 584 -28
582 916 -28
582 223 -19
404 57 8
404 744 -13
404 405 -13
404 378 -28
404 430 -19
57 59 19
57 55 8
57 715 -8
57 56 -28
744 81 8
744 742 -19
744 743 -8
405 407 8
405 741 -19
405 403 13
405 54 -8
378 379 13
378 352 -28
378 718 19
378 33 -19
430 431 28
430 456 -13
430 82 -13
650 652 -19
650 648 -13
650 983 -28
650 649 -13
650 287 -19
652 289 13
652 985 -28
652 654 -13
652 651 -8
648 647 -19
983 957 -28
649 290 13
649 623 13
649 986 8
287 958 -8
201 199 -28
201 203 19
201 200 8
199 863 -13
199 553 19
203 867 13
203 557 -8
203 202 19
203 205 -13
200 175 28
200 225 -28
200 558 -13
617 954 -28
617 618 13
954 953 8
954 952 -28
618 620 13
618 616 8
618 257 -28
290 292 19
290 289 -28
290 957 -19
292 291 19
292 959 -8
292 651 -19
289 264 -8
289 960 -19
957 624 13
957 958 13
406 407 -8
406 59 -8
406 380 13
407 56 -19
407 743 -8
59 58 -19
59 717 19
380 381 13
380 35 -8
380 354 -8
380 720 28
355 353 -19
355 691 13
355 357 19
355 7 -8
355 354 19
353 352 -19
353 351 8
353 689 -28
353 5 -19
691 35 13
691 665 -19
691 717 28
691 692 19
357 359 -19
357 693 8
357 9 -28
7 32 -28
7 8 -28
7 666 13
354 328 -19
354 10 -19
354 694 28
258 620 28
258 928 28
620 619 28
620 953 -28
928 930 19
928 927 -8
441 443 13
441 439 -13
441 89 -19
779 778 -28
779 781 8
779 777 13
619 593 -13
619 261 28
593 567 -13
593 238 13
593 930 -13
261 263 -28
261 927 13
261 260 -28
265 623 -28
265 264 -8
265 267 -13
265 263 13
932 934 8
932 930 19
932 595 19
91 443 -8
443 778 -13
443 445 28
443 442 -28
450 476 -13
450 101 19
450 451 -13
450 424 -8
476 501 -19
476 126 -19
476 477 -13
101 761 -13
101 103 19
101 100 -13
451 99 -19
451 786 -8
424 425 -28
424 398 -19
424 76 -13
544 187 8
544 879 19
544 542 -13
544 543 -8
187 212 8
187 188 -28
187 854 -13
879 904 -13
879 853 19
879 880 -19
879 215 -13
542 877 -13
542 540 -28
542 541 -8
543 517 -8
543 190 -8
543 569 -19
917 248 -28
917 579 28
917 915 8
917 916 19
248 608 -13
248 271 8
248 223 19
579 580 13
579 224 19
579 553 -8
579 605 19
915 247 8
915 914 13
916 250 -13
916 941 -19
916 890 -13
300 275 -19
300 972 19
275 638 -28
275 276 -8
275 251 8
275 946 28
972 635 -19
972 974 13
972 971 28
975 949 28
975 307 8
975 976 -13
949 616 8
949 950 8
949 923 13
307 306 28
307 309 -8
307 305 -19
976 978 -13
976 974 13
976 639 -13
976 304 28
577 578 8
577 551 28
577 603 -8
578 220 -13
578 912 -19
551 552 13
551 525 -8
603 604 -8
978 641 -13
978 306 -19
641 615 -13
588 587 -13
588 921 28
588 586 -13
588 229 13
587 232 13
587 613 -19
587 924 28
587 561 28
921 922 13
921 896 -19
921 947 -19
921 256 -13
586 227 -28
586 585 -28
586 584 19
229 897 -8
229 253 19
229 230 -8
790 130 -13
790 455 -8
793 129 8
793 792 8
411 413 -13
411 747 13
384 724 -19
384 358 -13
384 39 28
750 87 28
750 749 19
436 88 -28
436 462 28
436 775 13
413 749 -28
413 412 19
749 90 -13
749 723 28
749 774 28
412 386 -13
412 438 -28
812 477 19
812 837 28
812 151 -13
812 786 -8
837 863 28
837 838 -8
837 174 -19
151 501 28
151 150 8
786 787 28
786 126 19
786 761 19
623 960 28
623 624 19
960 959 -8
960 958 -28
624 626 13
175 842 28
175 176 28
175 532 -19
842 840 8
842 844 8
176 529 -13
176 178 -19
176 174 -19
176 839 13
532 534 -8
532 867 19
532 530 -28
532 531 13
361 13 19
361 359 -28
361 697 -8
361 363 -19
361 360 8
13 38 19
13 672 8
13 14 -19
359 695 -19
359 358 -8
697 41 8
697 671 28
697 723 -8
697 698 -13
363 699 -19
363 15 -19
360 16 19
360 334 -28
360 700 -8
360 386 -19
626 625 -19
626 264 -8
626 959 -8
625 267 -8
625 651 -28
625 599 8
264 934 8
959 933 -13
959 985 8
472 811 -8
472 473 8
472 498 19
472 123 13
472 446 13
811 147 13
811 810 -19
811 809 -19
473 808 28
473 120 8
473 475 13
473 471 28
498 148 -19
498 523 -19
498 836 -28
123 121 -13
123 782 19
123 122 -28
446 785 -19
446 447 8
446 98 8
446 420 13
934 933 8
934 936 19
633 634 8
633 274 -13
634 271 -28
634 967 -8
634 632 -19
274 941 -28
274 276 13
274 273 -8
274 272 -28
676 674 13
676 336 28
16 15 8
16 14 -8
16 671 13
15 674 -19
15 40 19
14 358 -19
14 12 -8
14 669 8
671 335 19
671 672 13
937 912 -13
937 604 -13
912 913 -28
604 602 28
267 933 13
267 266 -28
266 243 -19
266 936 -19
266 291 -19
457 104 19
457 455 -13
457 456 -19
457 792 19
104 79 -13
104 105 -19
104 129 -19
456 107 19
456 482 -28
792 818 -28
792 132 8
792 766 19
79 431 -13
79 742 -13
79 54 -19
105 107 -13
105 103 28
129 130 -8
129 483 -8
680 340 13
680 682 19
680 21 19
680 679 -19
677 703 8
677 341 8
550 193 19
550 552 -28
550 549 -19
550 548 -19
193 860 -28
193 218 -8
193 194 8
193 168 28
552 195 28
549 523 13
549 196 -19
549 887 8
549 575 -19
548 883 -8
548 547 -28
88 87 28
88 90 13
88 747 -28
87 439 -8
90 438 8
90 89 -13
747 772 8
106 131 28
106 81 -8
106 107 28
131 485 -19
131 132 -13
81 433 -13
81 82 19
81 56 13
107 766 28
58 720 -28
58 34 -8
717 381 19
717 718 -8
717 743 28
148 146 -8
148 147 -8
148 808 -28
146 496 8
146 145 -28
146 144 19
146 806 8
147 500 28
147 170 28
147 122 28
808 809 -19
808 782 -13
927 902 8
927 953 -28
340 341 -8
340 366 -8
341 343 -8
366 367 -8
366 706 13
366 392 -19
724 723 -19
723 387 28
501 840 13
840 838 8
840 173 28
840 839 28
150 125 -28
150 173 -8
125 126 -8
125 100 -19
173 530 -8
173 174 13
755 756 -28
755 729 19
755 780 13
755 96 -8
418 392 -13
418 444 13
418 758 13
818 483 8
483 485 8
483 482 -13
766 431 8
766 741 -28
640 973 -8
640 277 -19
640 639 8
640 638 -8
973 974 28
973 305 8
973 947 -28
277 948 -28
277 302 13
277 278 19
277 253 28
639 280 8
639 613 28
638 637 8
638 971 28
367 703 8
367 369 8
703 729 8
703 47 13
703 704 -13
369 21 19
369 705 8
369 368 -28
44 704 -19
44 393 19
682 23 8
682 342 -8
23 48 8
23 24 -19
342 343 -13
342 368 19
38 698 19
38 387 8
38 39 -19
698 358 28
698 700 -19
387 386 -19
39 41 28
39 695 13
860 858 -19
860 521 -19
860 862 -8
860 859 -19
858 856 -19
858 519 -19
858 857 13
521 547 13
521 496 -8
521 522 -13
521 169 13
862 523 -8
862 861 19
862 195 -28
859 196 13
859 833 28
859 524 -28
21 46 -13
24 679 -19
24 368 8
135 489 -13
135 136 13
135 799 -13
279 304 28
279 280 -19
279 255 -19
279 950 -19
304 305 -28
280 947 13
280 278 -28
255 231 8
255 616 8
255 924 -28
255 256 28
950 948 28
950 613 13
950 952 8
232 231 -8
232 234 13
232 230 -19
232 896 -8
231 899 13
231 206 13
234 589 28
234 898 -13
234 236 19
230 585 13
230 894 -13
230 228 -19
896 562 8
896 871 28
896 897 8
901 899 19
901 563 13
905 567 -8
905 904 -28
905 237 19
902 238 28
902 877 28
523 171 -13
523 524 28
171 833 -8
171 170 28
171 169 19
524 168 -13
524 526 -19
524 522 -8
64 89 -8
64 40 13
602 601 19
602 243 -19
599 244 13
599 936 -8
732 70 13
732 392 19
732 731 8
732 734 -28
729 393 28
337 336 19
337 335 19
337 673 -13
335 333 19
335 334 -19
673 674 -13
673 699 28
482 132 -8
533 534 -19
533 559 19
533 872 8
567 213 -28
567 541 28
213 877 19
213 212 -28
213 215 8
541 515 -28
541 188 13
541 880 8
948 611 8
948 947 13
948 946 -8
611 585 -8
611 637 8
611 254 13
611 612 -19
947 614 28
946 945 -19
946 944 -8
946 609 8
775 774 -8
775 777 -8
772 798 19
196 195 -8
196 194 -8
195 220 8
195 170 8
194 192 8
194 547 13
194 857 13
883 857 19
883 219 19
857 522 19
219 218 28
219 221 -28
381 379 19
381 32 28
379 377 -13
379 30 -28
379 715 -19
32 56 -19
32 33 -19
32 692 19
979 953 -8
308 309 19
35 33 13
35 34 19
33 31 19
33 689 -28
34 9 -28
34 694 -13
238 236 28
238 237 13
237 212 -19
237 260 8
350 324 28
350 351 13
350 690 28
350 376 13
350 6 -13
324 325 -19
324 664 -13
351 3 8
351 687 -28
690 30 28
690 692 13
690 689 13
690 688 -13
376 377 -19
376 31 -8
376 716 -28
6 8 28
6 5 -19
6 4 -19
6 661 19
427 75 -13
427 425 28
75 100 8
75 51 -28
75 76 -13
75 738 19
425 761 28
425 74 -13
73 420 28
73 731 28
70 46 -13
70 95 8
742 741 -13
742 740 8
743 84 -8
343 679 -13
679 705 19
547 886 13
952 615 -8
218 243 8
218 886 8
243 244 -13
886 887 -13
583 584 -19
583 557 -19
583 228 -13
583 609 -28
583 920 -28
584 225 28
584 918 13
557 895 8
557 531 28
557 558 8
228 227 -8
228 892 -8
609 635 -13
609 610 -8
609 252 -28
920 251 -8
920 922 -13
386 41 28
985 986 28
985 317 -8
654 653 13
654 291 28
654 656 28
651 988 -19
328 329 -28
328 668 13
10 9 28
10 8 19
10 665 -8
10 12 -19
694 693 13
694 692 13
41 40 8
40 700 8
291 316 -13
693 667 28
9 668 -28
668 666 -13
668 670 8
668 667 13
244 242 -8
706 705 28
706 46 8
706 704 19
705 49 -8
705 731 8
46 395 8
46 47 19
672 674 8
672 332 13
672 670 -19
517 856 -28
517 165 13
517 518 -19
517 492 19
190 192 28
190 188 -8
190 853 -28
190 189 -28
569 570 -28
569 215 8
569 595 -13
674 334 13
84 82 -19
82 741 28
519 494 28
519 167 28
519 520 28
495 493 -19
495 830 -28
495 494 19
495 141 28
495 497 8
493 492 -19
493 139 -8
830 804 28
830 167 28
494 468 -13
494 832 8
494 144 -13
141 164 8
141 805 8
141 142 28
497 496 8
497 143 -8
613 614 13
613 256 13
924 923 8
924 922 19
561 899 -28
561 562 19
561 207 28
561 535 -28
958 621 -28
589 615 13
589 563 -28
615 616 28
563 564 13
563 537 13
563 209 -28
438 464 -8
438 777 -28
438 439 -8
761 735 13
735 736 -19
735 399 19
735 709 8
735 76 -8
887 220 -13
699 700 -19
737 401 -28
737 78 19
737 738 -19
856 189 13
856 854 -13
189 164 13
854 852 -13
854 515 19
854 853 -19
635 276 -28
276 278 13
575 601 -28
575 913 13
575 221 -19
25 684 19
25 50 19
25 373 8
25 0 13
684 683 28
50 74 -8
50 399 8
50 710 -13
373 372 -28
373 709 13
373 375 28
0 347 -8
0 658 13
251 227 -13
251 252 19
251 612 13
89 114 19
836 170 -28
836 835 -19
836 834 -13
899 898 -8
899 897 -8
898 923 -13
898 873 19
898 564 -28
897 895 -13
897 559 -19
227 895 -19
227 202 28
895 894 28
895 893 -13
202 560 -13
202 177 19
202 870 -8
756 758 8
756 93 19
758 757 -19
758 95 -19
758 760 19
93 445 13
93 118 -28
93 94 -19
720 718 -28
500 835 -28
500 499 13
835 810 -28
835 861 13
499 474 19
499 525 -28
170 526 13
122 97 19
122 785 -8
122 475 -13
595 621 -8
333 332 13
333 669 -8
333 331 19
332 358 28
669 695 13
669 670 13
331 330 28
331 667 -28
331 329 -28
944 273 -13
944 942 8
610 608 19
610 249 13
610 612 -8
918 892 -8
918 252 -28
833 834 13
377 28 -8
377 375 13
377 713 -28
28 3 -13
28 688 -28
375 26 -13
375 374 -8
713 739 -19
713 714 -13
713 55 -8
713 687 -13
861 526 -13
263 621 28
621 647 -19
31 687 -13
31 30 19
687 661 28
687 688 28
30 5 -19
30 54 -13
206 564 -13
206 181 28
206 874 -19
206 207 28
715 741 19
715 716 -13
715 689 28
877 851 -13
904 570 28
393 395 -28
393 392 19
74 736 -19
74 99 -13
736 738 -13
739 403 -19
739 740 -19
403 401 -13
740 400 8
740 77 19
740 738 13
616 614 13
220 221 13
562 564 28
562 560 19
560 894 -8
560 559 19
560 558 28
352 8 -28
352 692 -28
352 326 19
8 663 -28
326 666 -19
326 327 -8
77 78 13
431 433 19
608 606 -13
608 941 -13
606 247 28
606 605 28
941 967 19
941 942 8
26 1 -19
26 51 13
26 27 13
688 348 -8
346 372 -13
346 347 -13
346 2 8
346 320 19
54 55 13
54 716 8
804 469 -19
804 778 13
804 144 19
804 805 -13
469 468 8
469 467 -28
469 471 13
144 143 -19
144 142 19
805 803 -28
805 807 19
208 183 19
208 876 -28
208 209 -13
585 559 8
585 922 8
559 205 13
922 253 -8
209 873 -19
209 207 -13
875 540 -13
875 849 -28
875 876 19
966 965 -28
966 295 28
966 968 -13
965 297 -19
965 939 19
965 632 28
295 270 -28
968 296 -13
968 967 28
968 631 8
322 323 28
322 348 19
322 662 -13
323 325 -13
323 321 13
348 374 -28
348 4 -19
662 661 8
662 664 13
662 660 -19
662 3 -28
880 212 19
12 667 -19
330 670 13
401 399 -13
401 51 -13
401 400 28
399 398 8
51 712 28
51 52 19
400 53 -13
400 374 -8
368 394 -13
48 397 13
48 49 -13
614 253 -19
614 612 -8
253 254 -8
612 945 -13
468 442 -19
468 807 19
832 166 -8
832 834 -13
496 470 28
496 834 -28
143 807 19
143 118 8
143 166 -13
930 260 28
894 869 -28
869 534 8
869 870 19
869 205 13
807 809 19
807 806 -19
118 471 -8
118 781 13
166 522 19
166 167 -28
298 299 -19
298 273 13
270 940 13
270 632 8
270 247 19
964 627 -13
810 475 -28
810 784 -19
475 474 -28
784 785 -13
784 449 -8
297 299 -13
297 296 13
299 967 -13
296 271 -13
974 637 13
974 302 -19
971 303 -13
971 945 19
580 222 -19
580 914 19
223 224 -28
223 891 -28
329 327 -28
329 665 28
939 272 -28
939 914 -19
939 940 19
272 631 -8
272 271 28
914 888 -8
940 942 -28
520 164 13
520 518 8
520 522 -8
56 718 19
372 27 -28
372 712 -28
372 398 13
27 683 -28
712 714 -13
712 710 13
398 738 -13
398 52 8
637 278 28
278 945 13
492 142 8
467 802 13
467 465 28
467 114 -8
525 526 -8
1 2 -13
1 660 -19
302 303 -8
873 538 13
873 874 8
94 442 -13
94 96 19
474 448 19
665 666 -8
303 305 -13
709 683 -8
709 710 -28
709 52 -19
76 78 -13
718 716 28
716 714 28
394 49 8
394 420 -8
394 734 -19
394 395 19
49 47 8
420 760 13
395 731 -13
395 397 13
5 664 13
168 145 19
168 834 -13
168 169 -13
120 145 19
120 121 8
120 783 28
120 95 13
471 470 -13
471 806 13
871 207 -28
871 845 -8
871 872 13
207 205 -19
845 182 -13
872 870 -19
872 874 19
271 942 19
632 631 19
121 470 -28
121 780 19
782 447 -28
782 757 19
782 783 28
273 249 -13
165 164 8
165 163 -8
165 167 -28
518 853 -28
518 516 8
535 182 19
535 509 8
535 874 -13
480 130 13
181 182 8
181 848 19
181 538 -19
874 876 13
851 852 -28
851 188 -8
851 516 8
851 826 -13
250 249 -19
250 252 -8
249 225 -19
225 893 13
47 392 28
256 254 13
534 177 -8
177 178 -28
177 844 13
142 140 -19
142 802 -8
570 212 8
631 605 -28
325 661 19
325 327 -8
664 663 8
664 666 -19
53 55 8
53 52 -19
374 714 8
3 4 13
462 488 28
488 513 28
488 489 28
4 2 8
470 809 8
470 444 -19
893 892 -19
893 891 -19
145 809 -13
540 538 -28
540 183 19
538 537 28
183 184 -19
183 850 -8
867 892 -8
892 558 -28
442 781 -13
891 889 -13
891 553 -19
891 890 -8
513 852 13
852 850 19
167 169 -19
531 178 -13
531 870 8
558 556 28
186 188 -13
186 184 8
186 849 -8
184 182 28
184 537 8
849 850 -8
849 824 28
97 449 -8
97 98 -8
97 760 -28
785 783 8
448 449 -19
783 781 28
783 444 13
537 876 28
942 605 -8
252 254 -8
347 683 -13
683 657 -19
663 327 -19
663 689 13
485 487 13
487 489 -8
487 486 8
222 889 -19
222 197 -13
222 247 28
464 803 8
464 465 -8
803 802 8
803 139 13
465 800 -28
848 509 28
848 850 -8
447 445 -28
447 449 -8
447 95 8
445 780 19
445 444 19
95 96 -13
889 888 -8
888 224 13
888 863 19
888 554 19
826 800 8
826 163 28
489 824 -13
601 627 -19
627 653 -19
140 139 -13
140 800 13
139 114 19
800 774 19
806 780 -28
321 657 8
321 320 -28
444 96 -13
515 163 -13
515 516 28
988 986 8
988 316 -8
988 990 28
986 314 -8
316 317 13
990 653 -8
990 318 -28
990 989 -19
780 781 28
114 777 -19
657 658 19
657 2 13
658 660 28
319 317 19
319 318 13
731 757 19
397 396 -8
320 660 13
757 98 -19
98 96 -13
458 797 -13
486 136 -19
797 799 19
553 554 -19
774 439 -19
863 528 -8
554 556 8
554 197 -28
890 556 28
798 824 -28
798 799 -8
989 656 8
655 656 19
529 530 -28
130 132 13
530 528 19
