982 981 -19
982 310 19
982 980 -13
982 984 -8
982 645 13
981 313 -19
981 955 19
981 648 -28
310 285 13
310 311 28
980 978 -13
980 308 -8
980 643 13
980 979 28
984 312 28
984 647 -8
984 986 -19
984 983 -19
645 619 8
645 646 -28
645 286 13
137 801 -28
137 160 -8
137 491 -8
137 138 13
137 112 13
801 462 -8
801 800 -13
801 803 -28
801 799 28
160 185 13
160 161 -8
160 516 -19
160 827 13
491 493 -13
491 490 13
491 826 19
491 489 -8
138 140 -8
138 488 8
138 136 19
138 798 -28
112 113 28
112 465 -19
112 775 -8
112 87 28
592 233 19
592 590 -19
592 591 8
592 594 13
592 925 -8
233 234 8
233 208 -28
233 901 28
233 257 -28
590 588 -13
590 589 19
590 231 19
590 923 -19
591 565 -28
591 617 -13
591 928 28
591 236 8
594 235 28
594 596 -8
594 927 -28
594 593 19
925 259 -13
925 900 28
925 951 -8
925 926 -19
338 339 13
338 364 13
338 678 -8
339 675 19
339 337 28
339 341 13
364 20 13
364 704 -13
364 390 -8
364 365 19
678 676 13
678 19 8
678 680 13
678 677 -13
414 388 28
414 754 -19
414 415 -19
414 440 -8
414 67 -13
388 728 8
388 362 -19
388 389 -8
388 43 19
754 91 -8
754 756 28
754 752 -28
754 753 8
415 417 19
415 751 -28
415 413 19
415 64 -13
440 441 13
440 779 28
440 466 28
440 92 28
67 69 -8
67 65 -13
67 725 13
67 66 13
817 478 13
817 815 8
817 816 8
817 819 13
478 503 28
478 452 8
478 479 8
478 128 -13
815 150 28
815 814 -19
815 813 28
815 476 13
816 154 -28
816 481 -28
816 790 -8
816 841 -19
819 818 8
819 153 13
819 821 -19
819 480 13
149 124 13
149 502 8
149 813 19
149 172 13
124 787 19
124 99 -28
124 477 -28
502 501 13
502 837 13
502 504 13
813 812 -13
172 197 -19
172 528 -13
172 838 19
417 66 -28
417 753 -28
417 416 19
417 419 -8
66 728 -28
66 42 19
753 727 8
753 778 13
753 94 -13
416 69 -8
416 756 -28
416 390 -28
416 442 28
419 755 19
419 418 8
419 68 -19
419 421 -28
382 37 13
382 722 -8
382 408 28
382 383 28
382 356 -19
37 36 -28
37 35 28
37 39 -19
37 693 8
722 724 -19
722 60 -13
722 721 -28
722 720 -13
408 434 -28
408 748 13
408 409 -13
408 61 19
383 381 28
383 719 -8
383 34 8
383 385 -13
356 357 -13
356 12 28
356 330 -13
356 696 -8
765 763 28
765 102 -28
765 764 -8
765 767 -28
765 426 13
763 762 8
763 424 19
763 100 -13
102 127 -8
102 77 -8
102 103 8
102 455 28
764 739 -8
764 429 -28
764 790 13
764 105 -28
767 428 -13
767 104 19
767 766 -8
767 769 28
426 427 -8
426 400 -28
426 452 13
426 78 -28
179 536 8
179 204 -28
179 180 -19
179 846 -28
179 155 -19
536 871 -19
536 534 13
536 535 28
536 538 19
204 562 -13
204 229 -28
204 872 -8
204 205 -28
180 533 19
180 182 13
180 178 -13
180 843 19
846 507 19
846 848 -8
846 844 8
846 845 -13
155 510 -28
155 131 28
155 821 13
630 963 19
630 629 -19
630 628 28
630 268 -19
963 937 13
963 964 8
963 989 -28
629 603 19
629 655 8
628 961 -13
628 626 19
628 266 -28
628 627 -19
268 269 -8
268 293 28
268 245 13
268 938 28
269 267 13
269 627 -19
269 935 -8
293 318 -28
293 294 -19
293 656 -13
293 964 -28
245 913 -19
245 220 -13
245 246 28
245 604 19
938 937 13
938 936 -28
938 601 -19
36 696 13
36 11 8
36 385 19
36 60 28
696 695 28
696 698 8
696 694 13
11 12 8
11 670 28
11 359 -28
385 387 -19
385 721 28
385 384 28
60 85 -13
60 61 8
60 411 -19
20 18 -13
20 675 8
20 22 8
20 19 28
18 16 8
18 362 8
18 673 19
18 17 -19
675 701 28
675 676 19
22 366 -8
22 21 -28
22 677 28
22 24 -8
19 367 -13
19 44 13
239 907 19
239 598 13
239 240 -28
239 214 -8
239 262 -8
907 909 -19
907 905 8
907 569 8
907 906 -8
598 600 28
598 931 19
598 597 -28
598 596 28
240 238 19
240 595 -19
240 242 -19
240 904 -28
214 882 19
214 572 -13
214 215 -8
214 189 -13
262 263 -28
262 932 13
262 287 19
262 624 -8
461 463 -8
461 460 8
461 459 28
461 108 -28
461 796 28
463 110 -8
463 462 -19
463 465 -13
463 798 8
460 111 19
460 434 -8
460 486 -28
460 799 -19
459 794 -13
459 457 -8
459 106 8
459 458 -28
108 771 -28
108 83 19
108 133 19
108 109 -13
796 797 -8
796 822 28
796 770 13
796 136 -28
771 769 13
771 773 13
771 770 -13
771 432 -19
83 84 19
83 58 13
83 746 8
83 435 19
133 487 8
133 797 -28
133 134 28
133 156 -19
109 111 19
109 107 -13
109 458 28
109 768 8
701 365 13
701 727 28
701 702 8
701 45 -19
365 367 -28
365 363 -28
365 17 -8
727 728 -13
727 69 -8
727 391 8
702 42 19
702 700 28
702 362 8
702 704 8
45 43 28
45 390 8
45 44 -19
45 47 13
910 935 -13
910 911 19
910 885 8
910 246 -8
910 576 -19
935 961 -19
935 936 -13
935 602 8
911 909 8
911 573 28
911 913 28
911 243 8
885 550 8
885 886 19
885 859 13
885 221 8
246 244 19
246 601 -19
576 574 28
576 218 13
576 575 13
576 578 28
428 80 13
428 454 -13
428 429 13
428 402 -13
80 739 -8
80 79 19
80 82 19
80 78 -13
454 480 28
454 455 -8
454 793 -8
454 105 -8
429 427 19
429 77 19
429 431 19
402 403 13
402 55 -8
402 376 -19
402 742 28
111 110 -28
111 770 13
111 113 -8
110 85 -8
110 135 -19
110 773 13
770 745 -28
770 435 8
113 462 13
113 772 28
113 115 -13
285 286 -13
285 956 -8
285 260 -13
285 648 -19
311 313 -13
311 309 13
311 979 19
313 312 8
313 315 8
312 287 -8
315 314 -28
315 983 28
315 317 13
685 29 13
685 686 13
685 711 -28
685 349 13
685 659 -13
29 31 19
29 374 -13
29 28 -13
29 27 -13
686 26 -8
686 684 -8
686 688 13
686 346 13
711 737 13
711 375 -13
711 53 -28
711 712 8
349 351 -8
349 347 -8
349 348 8
349 1 -28
659 323 28
659 660 -13
659 4 -8
63 61 28
63 65 13
63 410 8
63 62 28
63 721 19
61 59 8
61 719 -19
65 64 -8
65 412 -28
65 723 8
410 411 19
410 384 13
410 750 8
410 436 19
62 413 19
62 724 8
62 38 8
62 87 13
721 695 -13
721 747 -13
745 86 19
745 719 -19
745 746 -28
745 409 -13
86 434 -8
86 85 8
86 88 -13
86 84 -28
719 693 13
719 720 -8
746 406 -19
746 744 13
746 748 -13
409 58 19
409 407 -8
409 411 19
506 504 13
506 508 19
506 841 -19
506 505 28
504 150 13
504 503 8
504 839 -8
508 507 19
508 510 -28
508 843 19
508 153 19
841 867 -28
841 842 -13
841 178 -28
505 154 28
505 480 -28
505 844 -8
505 531 -19
600 933 19
600 602 8
600 241 28
600 599 -8
931 265 8
931 906 -28
931 957 28
931 932 28
597 571 19
597 623 -13
597 934 -19
597 242 13
596 237 8
596 929 -13
596 595 -28
344 370 19
344 345 13
370 396 13
370 371 -19
345 343 8
345 681 19
728 730 -19
728 726 8
730 390 -19
730 68 -28
730 732 28
730 729 -13
726 724 -28
726 64 -19
726 725 13
726 386 -13
955 288 -13
955 956 8
955 929 13
955 622 -13
288 290 13
288 286 -13
288 647 8
288 287 -28
956 619 28
956 954 28
956 958 -19
929 263 -19
929 930 13
929 904 8
622 620 19
622 260 13
622 624 28
622 621 -19
154 152 28
154 153 28
152 814 8
152 151 -19
152 503 28
153 177 -13
153 129 19
565 211 -13
565 903 -13
565 566 13
565 539 8
211 210 -19
211 213 28
211 209 -28
211 875 28
903 235 -13
903 901 13
903 905 -28
903 902 13
566 568 13
566 900 28
566 564 28
566 208 -28
539 540 -13
539 513 -8
539 186 8
539 878 -8
507 482 -8
507 533 -8
510 512 13
510 845 8
510 509 -28
843 818 -8
843 869 19
843 844 -8
823 822 28
823 484 28
823 821 -28
823 825 -13
823 156 19
822 159 -13
822 487 19
822 847 13
484 485 28
484 134 -8
484 458 -28
484 509 8
821 482 -28
821 820 13
825 486 -8
825 827 13
825 158 8
825 824 -28
156 512 -19
156 181 19
156 157 -28
788 814 28
788 453 -13
788 762 28
788 128 8
788 789 8
814 479 19
814 839 -13
453 451 19
453 100 19
453 452 13
453 455 -28
762 427 28
762 103 19
762 737 8
128 127 -28
128 126 19
128 130 -28
789 450 19
789 791 -28
789 787 -28
789 125 -8
210 878 -8
210 185 -8
210 568 8
210 235 -28
878 877 -13
878 880 28
878 876 8
185 186 -19
185 542 8
185 852 19
568 567 13
568 902 -8
568 570 28
235 258 13
235 236 -28
423 759 28
423 421 -28
423 72 28
423 422 -28
759 784 19
759 760 13
759 733 -13
421 757 28
421 70 28
421 420 -19
72 48 -8
72 97 -13
72 73 8
72 734 19
422 396 8
422 448 -28
362 363 -19
362 336 13
389 387 -13
389 725 8
389 391 -8
389 40 -8
43 42 -13
43 41 13
43 699 -8
769 106 28
769 768 13
769 430 28
773 434 28
773 775 -8
773 772 8
432 406 13
432 84 -8
432 458 -28
432 433 13
881 906 -19
881 546 -13
881 882 -19
881 217 -8
881 855 -13
906 242 28
906 572 19
546 544 8
546 545 -19
546 548 13
546 189 -28
882 543 28
882 884 -19
882 880 -19
217 571 8
217 216 19
217 219 8
217 215 19
855 856 -28
855 192 -28
855 830 8
855 520 -13
644 643 -8
644 977 13
644 646 -19
644 281 28
644 642 -13
643 284 -28
643 617 28
977 978 -8
977 951 -28
977 309 -13
646 979 13
646 283 -13
646 648 -13
281 306 28
281 952 28
281 282 19
281 257 19
642 975 -28
642 640 28
642 279 19
642 641 13
42 391 -19
42 17 19
391 390 -19
391 393 -28
17 676 -13
866 527 19
866 864 8
866 868 13
866 865 19
866 198 -19
527 501 19
527 553 28
527 528 -28
527 174 -28
864 197 28
864 863 28
868 867 28
868 529 13
868 870 8
868 200 28
865 201 13
865 530 8
865 890 19
865 839 -19
198 223 -13
198 556 8
198 173 28
198 199 8
284 283 8
284 286 28
284 282 -28
284 951 -28
283 258 -8
283 954 -28
283 308 -8
286 953 28
282 641 19
282 949 -28
282 280 19
951 952 -8
951 618 -28
707 371 13
707 708 -19
707 681 8
707 733 19
371 369 -28
371 23 -8
708 706 28
708 368 -28
708 48 -13
681 682 -28
733 734 8
733 397 -19
434 435 -19
435 433 13
435 437 13
259 617 -19
259 258 -8
259 261 -13
900 875 28
900 236 -28
900 901 -28
926 589 -8
926 924 -8
926 928 19
926 257 -19
117 466 -19
117 116 -8
117 119 -13
117 115 -13
117 776 -13
466 805 28
466 492 -13
466 467 8
116 91 19
116 469 -13
116 779 19
116 141 -19
119 468 -28
119 778 -13
119 121 -8
119 118 -8
115 464 8
115 774 13
115 114 8
776 751 8
776 777 -28
776 441 -13
776 802 -19
85 437 8
85 748 19
437 436 -19
437 772 19
437 439 -19
748 750 -8
748 747 19
69 68 -8
69 71 19
68 44 28
68 93 -8
71 73 19
71 70 19
71 729 28
71 418 -13
751 725 -19
751 752 28
751 92 13
725 699 13
752 750 -28
752 412 -13
752 89 28
92 91 8
92 90 -28
92 94 -13
512 514 -8
512 847 19
512 511 19
514 513 -28
514 849 28
514 158 8
514 516 -19
847 873 -28
847 848 -19
847 184 8
511 159 -8
511 537 -28
511 486 28
511 850 8
503 842 -13
503 529 19
452 791 19
452 103 28
479 481 -19
479 477 -8
479 125 19
969 943 -13
969 301 8
969 636 -28
969 970 -19
943 276 -8
943 944 -28
943 610 -28
943 918 -19
301 300 28
301 303 28
301 299 28
636 635 -8
636 634 -19
636 273 -28
636 638 -19
970 633 13
970 972 -8
970 968 8
970 298 -28
961 294 19
961 987 -13
961 962 13
294 292 19
294 653 28
987 988 -28
987 319 -13
987 654 -28
962 960 13
962 625 -28
962 964 -19
962 291 8
159 157 -28
159 161 -28
159 158 -19
157 820 28
157 509 13
161 513 28
161 824 -13
161 163 -28
158 135 -8
158 183 19
571 909 -8
571 572 -28
571 545 28
909 241 28
909 908 13
572 574 -13
572 570 -19
545 519 28
545 192 19
545 884 -19
127 791 19
127 481 28
791 790 28
791 793 28
481 480 28
481 483 -28
829 490 19
829 831 -13
829 828 -28
829 162 -28
829 827 28
490 464 -13
490 140 -13
490 515 8
831 164 28
831 492 -28
831 830 -28
831 832 -28
828 165 -19
828 493 -28
828 802 8
828 853 13
162 518 19
162 139 28
162 187 13
162 163 -28
827 826 -13
827 488 -28
574 908 -8
574 216 13
574 573 -8
908 883 -19
908 244 19
908 933 -28
216 241 19
216 884 8
216 191 -28
573 219 -28
573 599 19
573 547 -19
794 768 8
794 795 8
794 820 19
794 134 -13
768 433 13
768 743 -13
795 793 19
795 456 -8
795 797 8
795 131 8
820 485 19
820 845 13
134 136 19
134 132 8
241 264 -13
241 242 19
884 883 -8
884 886 19
191 192 19
191 858 19
191 166 13
191 548 -28
581 555 28
581 607 -8
581 226 -13
581 919 -13
581 582 8
555 201 -19
555 893 -19
555 556 -8
555 529 -13
607 633 19
607 608 -28
607 944 -19
607 250 19
226 225 13
226 228 -13
226 224 -19
226 890 -19
919 917 8
919 918 -19
919 920 -19
582 580 -13
582 584 13
582 916 -8
582 223 28
404 57 -8
404 744 19
404 405 -13
404 378 13
404 430 8
57 59 -8
57 55 28
57 715 -28
57 56 8
744 81 19
744 742 8
744 743 19
405 407 -8
405 741 13
405 403 -8
405 54 -19
378 379 8
378 352 19
378 718 -28
378 33 -28
430 431 -13
430 456 -13
430 82 8
650 652 -13
650 648 -19
650 983 19
650 649 -8
650 287 13
652 289 19
652 985 -19
652 654 19
652 651 19
648 647 28
983 957 -19
649 290 -28
649 623 19
649 986 -8
287 958 -8
201 199 19
201 203 -13
201 200 8
199 863 -13
199 553 -28
203 867 -13
203 557 13
203 202 -13
203 205 -19
200 175 8
200 225 8
200 558 -19
617 954 19
617 618 -28
954 953 -19
954 952 -28
618 620 -19
618 616 -13
618 257 -19
290 292 13
290 289 -8
290 957 -8
292 291 8
292 959 -28
292 651 -19
289 264 28
289 960 28
957 624 -19
957 958 -28
406 407 8
406 59 -8
406 380 -8
407 56 -28
407 743 -19
59 58 -28
59 717 -13
380 381 -13
380 35 8
380 354 28
380 720 -19
355 353 28
355 691 -8
355 357 19
355 7 -28
355 354 -8
353 352 19
353 351 19
353 689 8
353 5 8
691 35 28
691 665 13
691 717 -8
691 692 19
357 359 -13
357 693 28
357 9 -28
7 32 -13
7 8 -28
7 666 28
354 328 8
354 10 28
354 694 19
258 620 -13
258 928 -13
620 619 -28
620 953 -13
928 930 13
928 927 8
441 443 28
441 439 8
441 89 -13
779 778 -8
779 781 -8
779 777 -8
619 593 28
619 261 -19
593 567 -19
593 238 8
593 930 -19
261 263 -13
261 927 -28
261 260 -8
265 623 19
265 264 -13
265 267 8
265 263 -13
932 934 -8
932 930 -28
932 595 8
91 443 28
443 778 13
443 445 13
443 442 13
450 476 13
450 101 -13
450 451 28
450 424 -8
476 501 13
476 126 -13
476 477 8
101 761 19
101 103 13
101 100 -8
451 99 28
451 786 13
424 425 28
424 398 -19
424 76 -13
544 187 28
544 879 -8
544 542 13
544 543 -13
187 212 13
187 188 13
187 854 13
879 904 -13
879 853 -28
879 880 -19
879 215 19
542 877 19
542 540 8
542 541 -19
543 517 28
543 190 8
543 569 -19
917 248 13
917 579 13
917 915 19
917 916 -28
248 608 -19
248 271 -8
248 223 -13
579 580 8
579 224 -19
579 553 19
579 605 19
915 247 13
915 914 -13
916 250 13
916 941 8
916 890 28
300 275 28
300 972 -13
275 638 -28
275 276 13
275 251 8
275 946 -8
972 635 28
972 974 -13
972 971 13
975 949 -8
975 307 -19
975 976 19
949 616 -19
949 950 -28
949 923 -8
307 306 -28
307 309 8
307 305 8
976 978 13
976 974 -28
976 639 8
976 304 -8
577 578 -13
577 551 28
577 603 -28
578 220 28
578 912 19
551 552 -19
551 525 19
603 604 -13
978 641 8
978 306 19
641 615 19
588 587 8
588 921 -8
588 586 8
588 229 -28
587 232 28
587 613 -28
587 924 -8
587 561 28
921 922 19
921 896 -8
921 947 -19
921 256 8
586 227 28
586 585 8
586 584 -19
229 897 -19
229 253 19
229 230 8
790 130 19
790 455 19
793 129 -8
793 792 -8
411 413 -8
411 747 -28
384 724 -19
384 358 28
384 39 19
750 87 19
750 749 -28
436 88 -19
436 462 -8
436 775 -28
413 749 -19
413 412 8
749 90 8
749 723 -13
749 774 -28
412 386 -19
412 438 -28
812 477 -13
812 837 -28
812 151 -19
812 786 -19
837 863 -8
837 838 -13
837 174 13
151 501 -8
151 150 8
786 787 -8
786 126 28
786 761 -8
623 960 28
623 624 28
960 959 8
960 958 -13
624 626 28
175 842 -19
175 176 19
175 532 13
842 840 19
842 844 28
176 529 28
176 178 -19
176 174 19
176 839 13
532 534 13
532 867 28
532 530 13
532 531 -8
361 13 -28
361 359 -28
361 697 -8
361 363 -19
361 360 13
13 38 -8
13 672 13
13 14 -8
359 695 28
359 358 13
697 41 -28
697 671 -19
697 723 19
697 698 -19
363 699 -13
363 15 19
360 16 -28
360 334 28
360 700 13
360 386 -13
626 625 -28
626 264 13
626 959 19
625 267 13
625 651 -13
625 599 8
264 934 -19
959 933 8
959 985 13
472 811 19
472 473 19
472 498 -13
472 123 8
472 446 8
811 147 -13
811 810 8
811 809 -13
473 808 -13
473 120 13
473 475 -28
473 471 -8
498 148 28
498 523 8
498 836 -13
123 121 -19
123 782 -8
123 122 19
446 785 -19
446 447 -28
446 98 8
446 420 -13
934 933 -19
934 936 19
633 634 13
633 274 8
634 271 13
634 967 19
634 632 13
274 941 -8
274 276 -13
274 273 -8
274 272 -19
676 674 -19
676 336 -13
16 15 -19
16 14 -8
16 671 13
15 674 28
15 40 -8
14 358 -13
14 12 8
14 669 19
671 335 28
671 672 19
937 912 8
937 604 8
912 913 -19
604 602 -28
267 933 28
267 266 8
266 243 -8
266 936 -13
266 291 28
457 104 19
457 455 8
457 456 28
457 792 -28
104 79 28
104 105 -28
104 129 -8
456 107 28
456 482 -28
792 818 -8
792 132 -8
792 766 28
79 431 -28
79 742 28
79 54 -19
105 107 -19
105 103 8
129 130 19
129 483 -13
680 340 8
680 682 13
680 21 13
680 679 28
677 703 8
677 341 19
550 193 28
550 552 -8
550 549 -8
550 548 -28
193 860 -8
193 218 19
193 194 28
193 168 8
552 195 13
549 523 13
549 196 8
549 887 13
549 575 -13
548 883 -13
548 547 -19
88 87 28
88 90 -28
88 747 19
87 439 -28
90 438 -13
90 89 -19
747 772 -28
106 131 -13
106 81 -13
106 107 8
131 485 -13
131 132 13
81 433 -13
81 82 -19
81 56 13
107 766 28
58 720 19
58 34 -13
717 381 -28
717 718 13
717 743 -19
148 146 8
148 147 -19
148 808 -19
146 496 19
146 145 -28
146 144 -13
146 806 28
147 500 -8
147 170 -28
147 122 19
808 809 19
808 782 19
927 902 -19
927 953 -28
340 341 -8
340 366 -8
341 343 19
366 367 8
366 706 -8
366 392 28
724 723 -8
723 387 -8
501 840 -8
840 838 13
840 173 19
840 839 -19
150 125 19
150 173 28
125 126 13
125 100 -19
173 530 19
173 174 -13
755 756 -8
755 729 19
755 780 8
755 96 -19
418 392 -8
418 444 13
418 758 -13
818 483 -19
483 485 -13
483 482 -13
766 431 19
766 741 -19
640 973 19
640 277 19
640 639 8
640 638 13
973 974 -19
973 305 13
973 947 19
277 948 -28
277 302 -19
277 278 19
277 253 13
639 280 -8
639 613 -8
638 637 -28
638 971 -8
367 703 -19
367 369 13
703 729 13
703 47 -19
703 704 8
369 21 28
369 705 19
369 368 19
44 704 8
44 393 8
682 23 19
682 342 28
23 48 8
23 24 -28
342 343 -19
342 368 19
38 698 -13
38 387 8
38 39 28
698 358 28
698 700 13
387 386 -19
39 41 -19
39 695 28
860 858 -8
860 521 13
860 862 -19
860 859 -19
858 856 -19
858 519 8
858 857 13
521 547 8
521 496 -8
521 522 8
521 169 8
862 523 -8
862 861 8
862 195 -28
859 196 19
859 833 -19
859 524 13
21 46 -19
24 679 19
24 368 -28
135 489 13
135 136 -8
135 799 -19
279 304 13
279 280 -8
279 255 -8
279 950 -13
304 305 8
280 947 -19
280 278 -28
255 231 19
255 616 28
255 924 -19
255 256 13
950 948 -19
950 613 19
950 952 -28
232 231 -8
232 234 -13
232 230 -28
232 896 13
231 899 -28
231 206 -28
234 589 13
234 898 -28
234 236 -8
230 585 13
230 894 -19
230 228 19
896 562 -8
896 871 -13
896 897 28
901 899 8
901 563 13
905 567 -28
905 904 13
905 237 -28
902 238 -13
902 877 8
523 171 8
523 524 8
171 833 19
171 170 19
171 169 -28
524 168 19
524 526 13
524 522 -28
64 89 8
64 40 13
602 601 19
602 243 19
599 244 19
599 936 -28
732 70 13
732 392 -13
732 731 28
732 734 -13
729 393 -8
337 336 28
337 335 13
337 673 19
335 333 -19
335 334 28
673 674 19
673 699 13
482 132 -8
533 534 -8
533 559 -8
533 872 -28
567 213 13
567 541 13
213 877 19
213 212 8
213 215 -13
541 515 19
541 188 -28
541 880 8
948 611 28
948 947 -8
948 946 8
611 585 28
611 637 28
611 254 8
611 612 -28
947 614 -8
946 945 28
946 944 13
946 609 -13
775 774 19
775 777 -8
772 798 -19
196 195 28
196 194 -13
195 220 -8
195 170 -8
194 192 28
194 547 -28
194 857 -8
883 857 -8
883 219 -19
857 522 -13
219 218 -13
219 221 13
381 379 -13
381 32 -28
379 377 8
379 30 -19
379 715 8
32 56 19
32 33 13
32 692 -13
979 953 19
308 309 28
35 33 -19
35 34 -28
33 31 13
33 689 -8
34 9 13
34 694 -19
238 236 8
238 237 28
237 212 -19
237 260 28
350 324 -8
350 351 -19
350 690 19
350 376 19
350 6 -8
324 325 28
324 664 -8
351 3 28
351 687 -13
690 30 28
690 692 -19
690 689 13
690 688 13
376 377 13
376 31 -13
376 716 -28
6 8 -13
6 5 -19
6 4 -13
6 661 -13
427 75 19
427 425 -28
75 100 -13
75 51 -19
75 76 8
75 738 -13
425 761 -13
425 74 -19
73 420 13
73 731 -8
70 46 -19
70 95 19
742 741 28
742 740 8
743 84 -28
343 679 -8
679 705 -8
547 886 28
952 615 -28
218 243 28
218 886 -19
243 244 13
886 887 28
583 584 -19
583 557 -28
583 228 13
583 609 -13
583 920 -19
584 225 13
584 918 -19
557 895 -13
557 531 28
557 558 8
228 227 -8
228 892 8
609 635 8
609 610 28
609 252 13
920 251 -13
920 922 -19
386 41 -28
985 986 -19
985 317 28
654 653 -28
654 291 28
654 656 8
651 988 13
328 329 -8
328 668 -28
10 9 19
10 8 -19
10 665 -13
10 12 -19
694 693 13
694 692 -28
41 40 -13
40 700 -28
291 316 8
693 667 -19
9 668 -28
668 666 8
668 670 -19
668 667 -13
244 242 28
706 705 -13
706 46 8
706 704 19
705 49 8
705 731 8
46 395 -8
46 47 -19
672 674 -19
672 332 8
672 670 28
517 856 -19
517 165 19
517 518 -13
517 492 -8
190 192 28
190 188 28
190 853 28
190 189 -13
569 570 -28
569 215 19
569 595 8
674 334 -19
84 82 -28
82 741 -8
519 494 8
519 167 -13
519 520 13
495 493 -28
495 830 -13
495 494 13
495 141 8
495 497 28
493 492 19
493 139 28
830 804 13
830 167 -8
494 468 -13
494 832 28
494 144 -8
141 164 -28
141 805 -13
141 142 -13
497 496 -8
497 143 -19
613 614 -19
613 256 -28
924 923 -8
924 922 13
561 899 -28
561 562 -19
561 207 -13
561 535 -13
958 621 13
589 615 8
589 563 13
615 616 13
563 564 28
563 537 -28
563 209 28
438 464 -13
438 777 -19
438 439 -8
761 735 -28
735 736 28
735 399 19
735 709 19
735 76 -28
887 220 28
699 700 -8
737 401 19
737 78 13
737 738 -28
856 189 -13
856 854 -13
189 164 8
854 852 -8
854 515 -19
854 853 28
635 276 28
276 278 28
575 601 -8
575 913 8
575 221 -13
25 684 -19
25 50 -28
25 373 28
25 0 8
684 683 -19
50 74 28
50 399 -13
50 710 19
373 372 8
373 709 -28
373 375 13
0 347 19
0 658 -8
251 227 13
251 252 -8
251 612 -8
89 114 19
836 170 13
836 835 -19
836 834 28
899 898 13
899 897 -8
898 923 28
898 873 -28
898 564 -8
897 895 19
897 559 28
227 895 -13
227 202 13
895 894 28
895 893 8
202 560 -13
202 177 -28
202 870 -13
756 758 -28
756 93 -13
758 757 -8
758 95 -28
758 760 8
93 445 -28
93 118 8
93 94 28
720 718 -8
500 835 28
500 499 8
835 810 13
835 861 -13
499 474 28
499 525 -13
170 526 -19
122 97 -8
122 785 28
122 475 8
595 621 19
333 332 -19
333 669 13
333 331 13
332 358 28
669 695 19
669 670 -28
331 330 19
331 667 -8
331 329 8
944 273 -19
944 942 13
610 608 -19
610 249 -28
610 612 -13
918 892 19
918 252 8
833 834 -19
377 28 28
377 375 13
377 713 28
28 3 19
28 688 28
375 26 13
375 374 -28
713 739 19
713 714 -13
713 55 13
713 687 19
861 526 -28
263 621 -28
621 647 -13
31 687 28
31 30 -28
687 661 -8
687 688 -28
30 5 8
30 54 -28
206 564 -13
206 181 28
206 874 -19
206 207 -8
715 741 -19
715 716 -28
715 689 19
877 851 -8
904 570 -28
393 395 -28
393 392 -8
74 736 -28
74 99 -28
736 738 -13
739 403 13
739 740 -19
403 401 -13
740 400 -28
740 77 19
740 738 28
616 614 -28
220 221 -28
562 564 19
562 560 -8
560 894 13
560 559 8
560 558 28
352 8 19
352 692 -13
352 326 19
8 663 8
326 666 28
326 327 -13
77 78 19
431 433 -28
608 606 19
608 941 -8
606 247 -19
606 605 13
941 967 -8
941 942 13
26 1 8
26 51 -19
26 27 8
688 348 8
346 372 -28
346 347 -13
346 2 28
346 320 13
54 55 -19
54 716 -19
804 469 13
804 778 19
804 144 -28
804 805 19
469 468 19
469 467 -28
469 471 13
144 143 8
144 142 -13
805 803 -13
805 807 -28
208 183 19
208 876 28
208 209 -19
585 559 19
585 922 -19
559 205 13
922 253 19
209 873 19
209 207 -8
875 540 13
875 849 13
875 876 13
966 965 13
966 295 -8
966 968 28
965 297 -28
965 939 -13
965 632 -19
295 270 13
968 296 8
968 967 -19
968 631 13
322 323 8
322 348 -8
322 662 28
323 325 28
323 321 13
348 374 -13
348 4 8
662 661 19
662 664 28
662 660 -28
662 3 -13
880 212 -13
12 667 13
330 670 8
401 399 -19
401 51 -19
401 400 19
399 398 28
51 712 -13
51 52 -8
400 53 -28
400 374 13
368 394 28
48 397 8
48 49 28
614 253 19
614 612 8
253 254 -13
612 945 -8
468 442 -28
468 807 -13
832 166 -8
832 834 13
496 470 -19
496 834 8
143 807 28
143 118 8
143 166 28
930 260 -8
894 869 -13
869 534 8
869 870 19
869 205 -19
807 809 13
807 806 -28
118 471 -19
118 781 19
166 522 -13
166 167 -8
298 299 28
298 273 13
270 940 -28
270 632 19
270 247 13
964 627 19
810 475 -28
810 784 13
475 474 -8
784 785 -28
784 449 -13
297 299 19
297 296 -19
299 967 8
296 271 8
974 637 -19
974 302 28
971 303 28
971 945 8
580 222 -13
580 914 28
223 224 8
223 891 28
329 327 -8
329 665 -19
939 272 -19
939 914 -8
939 940 13
272 631 -8
272 271 19
914 888 8
940 942 13
520 164 13
520 518 19
520 522 -8
56 718 -8
372 27 -28
372 712 19
372 398 8
27 683 28
712 714 -13
712 710 -8
398 738 -19
398 52 28
637 278 28
278 945 8
492 142 8
467 802 -28
467 465 8
467 114 19
525 526 28
1 2 -19
1 660 13
302 303 -28
873 538 -13
873 874 13
94 442 -8
94 96 -28
474 448 19
665 666 13
303 305 -8
709 683 8
709 710 19
709 52 -13
76 78 13
718 716 13
716 714 -28
394 49 -19
394 420 -28
394 734 -28
394 395 19
49 47 -13
420 760 -28
395 731 13
395 397 13
5 664 -28
168 145 13
168 834 13
168 169 -19
120 145 13
120 121 28
120 783 -8
120 95 -28
471 470 -8
471 806 8
871 207 19
871 845 -13
871 872 -28
207 205 28
845 182 -8
872 870 28
872 874 -28
271 942 -8
632 631 -8
121 470 -19
121 780 8
782 447 8
782 757 19
782 783 -13
273 249 8
165 164 -28
165 163 -13
165 167 8
518 853 8
518 516 -8
535 182 -13
535 509 8
535 874 -19
480 130 19
181 182 -13
181 848 -19
181 538 -8
874 876 28
851 852 -8
851 188 -13
851 516 28
851 826 -28
250 249 8
250 252 13
249 225 28
225 893 28
47 392 -19
256 254 28
534 177 13
177 178 -13
177 844 19
142 140 -8
142 802 -19
570 212 -8
631 605 -19
325 661 28
325 327 -28
664 663 -8
664 666 -8
53 55 -8
53 52 -28
374 714 -19
3 4 19
462 488 -19
488 513 19
488 489 -13
4 2 13
470 809 -28
470 444 -28
893 892 -8
893 891 -13
145 809 -28
540 538 13
540 183 -19
538 537 -28
183 184 28
183 850 -19
867 892 8
892 558 13
442 781 13
891 889 -28
891 553 28
891 890 -13
513 852 -19
852 850 19
167 169 8
531 178 -28
531 870 -13
558 556 13
186 188 -13
186 184 28
186 849 13
184 182 -19
184 537 19
849 850 13
849 824 13
97 449 8
97 98 -13
97 760 -13
785 783 28
448 449 -19
783 781 28
783 444 13
537 876 19
942 605 19
252 254 13
347 683 -19
683 657 8
663 327 19
663 689 19
485 487 19
487 489 -8
487 486 -28
222 889 -19
222 197 -19
222 247 -13
464 803 -19
464 465 -8
803 802 8
803 139 -13
465 800 19
848 509 28
848 850 8
447 445 13
447 449 -28
447 95 28
445 780 -28
445 444 19
95 96 19
889 888 8
888 224 28
888 863 19
888 554 19
826 800 28
826 163 -19
489 824 -8
601 627 28
627 653 13
140 139 -8
140 800 -28
139 114 -28
800 774 -8
806 780 8
321 657 -28
321 320 -8
444 96 8
515 163 28
515 516 28
988 986 28
988 316 13
988 990 -28
986 314 19
316 317 13
990 653 19
990 318 -28
990 989 19
780 781 -8
114 777 19
657 658 -19
657 2 -28
658 660 -28
319 317 28
319 318 -13
731 757 -28
397 396 19
320 660 -8
757 98 19
98 96 8
458 797 13
486 136 19
797 799 13
553 554 -28
774 439 28
863 528 8
554 556 8
554 197 19
890 556 13
798 824 19
798 799 13
989 656 -19
655 656 -28
529 530 28
130 132 -19
530 528 -13
