982 981 -28
982 310 13
982 980 19
982 984 19
982 645 -19
981 313 13
981 955 -8
981 648 -28
310 285 -8
310 311 -13
980 978 -28
980 308 8
980 643 13
980 979 -8
984 312 28
984 647 -28
984 986 13
984 983 19
645 619 -13
645 646 -13
645 286 28
137 801 13
137 160 -28
137 491 28
137 138 -8
137 112 -19
801 462 -19
801 800 -13
801 803 -13
801 799 13
160 185 19
160 161 8
160 516 -13
160 827 13
491 493 -19
491 490 -19
491 826 28
491 489 8
138 140 -13
138 488 19
138 136 -8
138 798 13
112 113 8
112 465 -13
112 775 -19
112 87 13
592 233 -19
592 590 19
592 591 -8
592 594 -13
592 925 13
233 234 -28
233 208 -13
233 901 13
233 257 8
590 588 -13
590 589 -8
590 231 28
590 923 19
591 565 -8
591 617 -13
591 928 13
591 236 -19
594 235 -28
594 596 8
594 927 13
594 593 28
925 259 28
925 900 -13
925 951 -8
925 926 8
338 339 13
338 364 -13
338 678 28
339 675 19
339 337 13
339 341 8
364 20 13
364 704 -28
364 390 -28
364 365 13
678 676 28
678 19 -13
678 680 28
678 677 -13
414 388 13
414 754 -28
414 415 -8
414 440 19
414 67 -28
388 728 19
388 362 -13
388 389 28
388 43 13
754 91 -28
754 756 -13
754 752 8
754 753 -19
415 417 28
415 751 -13
415 413 -8
415 64 19
440 441 13
440 779 8
440 466 19
440 92 8
67 69 19
67 65 19
67 725 -19
67 66 8
817 478 8
817 815 -28
817 816 19
817 819 -19
478 503 -8
478 452 8
478 479 13
478 128 -13
815 150 28
815 814 19
815 813 19
815 476 28
816 154 -8
816 481 28
816 790 -19
816 841 8
819 818 28
819 153 -19
819 821 13
819 480 -13
149 124 -13
149 502 8
149 813 -28
149 172 8
124 787 -8
124 99 -28
124 477 19
502 501 -13
502 837 13
502 504 -8
813 812 28
172 197 -28
172 528 13
172 838 13
417 66 -19
417 753 -8
417 416 -13
417 419 19
66 728 13
66 42 19
753 727 19
753 778 8
753 94 28
416 69 8
416 756 28
416 390 19
416 442 19
419 755 13
419 418 19
419 68 -28
419 421 19
382 37 8
382 722 -13
382 408 28
382 383 -28
382 356 19
37 36 -28
37 35 8
37 39 28
37 693 13
722 724 -13
722 60 -28
722 721 19
722 720 -13
408 434 19
408 748 13
408 409 -28
408 61 -13
383 381 28
383 719 -19
383 34 13
383 385 -19
356 357 8
356 12 -13
356 330 -19
356 696 -13
765 763 19
765 102 28
765 764 -8
765 767 8
765 426 -8
763 762 -8
763 424 13
763 100 28
102 127 28
102 77 19
102 103 28
102 455 8
764 739 -19
764 429 -28
764 790 -8
764 105 -19
767 428 8
767 104 19
767 766 -13
767 769 -28
426 427 -28
426 400 28
426 452 19
426 78 -13
179 536 8
179 204 8
179 180 13
179 846 -19
179 155 28
536 871 -19
536 534 -19
536 535 -28
536 538 -28
204 562 8
204 229 19
204 872 -28
204 205 -28
180 533 -8
180 182 19
180 178 -8
180 843 -8
846 507 13
846 848 -8
846 844 13
846 845 -28
155 510 -28
155 131 8
155 821 -28
630 963 -19
630 629 -19
630 628 28
630 268 8
963 937 19
963 964 -13
963 989 8
629 603 -19
629 655 8
628 961 8
628 626 28
628 266 -13
628 627 -8
268 269 19
268 293 28
268 245 8
268 938 19
269 267 -8
269 627 19
269 935 19
293 318 19
293 294 19
293 656 13
293 964 -13
245 913 -13
245 220 13
245 246 8
245 604 13
938 937 -8
938 936 19
938 601 28
36 696 19
36 11 19
36 385 19
36 60 -13
696 695 13
696 698 -19
696 694 -28
11 12 19
11 670 28
11 359 8
385 387 -13
385 721 28
385 384 28
60 85 -8
60 61 19
60 411 -19
20 18 -13
20 675 -28
20 22 13
20 19 -8
18 16 28
18 362 8
18 673 8
18 17 -13
675 701 8
675 676 19
22 366 19
22 21 13
22 677 28
22 24 -13
19 367 28
19 44 28
239 907 -28
239 598 13
239 240 -28
239 214 8
239 262 -13
907 909 -8
907 905 13
907 569 -28
907 906 13
598 600 -13
598 931 8
598 597 -13
598 596 8
240 238 -13
240 595 -19
240 242 28
240 904 13
214 882 -19
214 572 -28
214 215 -8
214 189 -28
262 263 -8
262 932 -8
262 287 8
262 624 28
461 463 -8
461 460 19
461 459 19
461 108 -28
461 796 28
463 110 8
463 462 -19
463 465 8
463 798 19
460 111 -8
460 434 28
460 486 13
460 799 -8
459 794 -28
459 457 19
459 106 -19
459 458 19
108 771 -8
108 83 19
108 133 13
108 109 8
796 797 -19
796 822 19
796 770 8
796 136 8
771 769 -8
771 773 -19
771 770 8
771 432 -19
83 84 -13
83 58 -13
83 746 -13
83 435 13
133 487 -8
133 797 -28
133 134 8
133 156 19
109 111 8
109 107 13
109 458 -8
109 768 13
701 365 13
701 727 13
701 702 19
701 45 -13
365 367 -13
365 363 -13
365 17 -28
727 728 -8
727 69 -8
727 391 -19
702 42 -8
702 700 19
702 362 19
702 704 8
45 43 19
45 390 -8
45 44 13
45 47 13
910 935 19
910 911 19
910 885 -8
910 246 -28
910 576 19
935 961 -19
935 936 28
935 602 8
911 909 13
911 573 8
911 913 13
911 243 -8
885 550 -19
885 886 28
885 859 -13
885 221 28
246 244 -13
246 601 13
576 574 -13
576 218 -19
576 575 8
576 578 -13
428 80 -8
428 454 8
428 429 28
428 402 -19
80 739 13
80 79 28
80 82 8
80 78 13
454 480 -13
454 455 -28
454 793 13
454 105 -19
429 427 -28
429 77 -13
429 431 13
402 403 -13
402 55 28
402 376 13
402 742 -28
111 110 28
111 770 -13
111 113 19
110 85 19
110 135 28
110 773 -13
770 745 13
770 435 8
113 462 19
113 772 -13
113 115 -8
285 286 -8
285 956 8
285 260 -28
285 648 13
311 313 -19
311 309 -19
311 979 -28
313 312 -19
313 315 13
312 287 -28
315 314 19
315 983 8
315 317 -13
685 29 -13
685 686 8
685 711 8
685 349 13
685 659 -19
29 31 13
29 374 -19
29 28 -28
29 27 28
686 26 28
686 684 -19
686 688 13
686 346 -13
711 737 -8
711 375 -28
711 53 -28
711 712 28
349 351 -28
349 347 -19
349 348 8
349 1 8
659 323 8
659 660 -28
659 4 13
63 61 -19
63 65 8
63 410 -28
63 62 -13
63 721 19
61 59 28
61 719 8
65 64 19
65 412 13
65 723 19
410 411 28
410 384 -28
410 750 13
410 436 -8
62 413 8
62 724 8
62 38 8
62 87 -13
721 695 -8
721 747 8
745 86 19
745 719 13
745 746 8
745 409 8
86 434 13
86 85 13
86 88 -28
86 84 8
719 693 -28
719 720 19
746 406 -13
746 744 19
746 748 -19
409 58 -19
409 407 -13
409 411 -13
506 504 19
506 508 -13
506 841 19
506 505 8
504 150 -28
504 503 28
504 839 19
508 507 -28
508 510 28
508 843 19
508 153 -19
841 867 19
841 842 19
841 178 19
505 154 28
505 480 19
505 844 19
505 531 13
600 933 13
600 602 -28
600 241 19
600 599 13
931 265 8
931 906 13
931 957 -13
931 932 28
597 571 19
597 623 -8
597 934 -19
597 242 8
596 237 -8
596 929 8
596 595 13
344 370 -13
344 345 -13
370 396 -13
370 371 19
345 343 -8
345 681 -19
728 730 -13
728 726 13
730 390 -8
730 68 13
730 732 -28
730 729 -19
726 724 -8
726 64 8
726 725 -13
726 386 -8
955 288 13
955 956 19
955 929 8
955 622 8
288 290 28
288 286 13
288 647 -28
288 287 -13
956 619 -28
956 954 19
956 958 -19
929 263 19
929 930 -8
929 904 -13
622 620 -28
622 260 13
622 624 13
622 621 -8
154 152 19
154 153 28
152 814 19
152 151 -13
152 503 13
153 177 19
153 129 8
565 211 28
565 903 -28
565 566 -19
565 539 -19
211 210 28
211 213 -28
211 209 28
211 875 19
903 235 8
903 901 28
903 905 -28
903 902 13
566 568 -8
566 900 19
566 564 19
566 208 -28
539 540 19
539 513 -8
539 186 -19
539 878 19
507 482 13
507 533 -28
510 512 -19
510 845 8
510 509 28
843 818 -28
843 869 28
843 844 8
823 822 -13
823 484 19
823 821 -13
823 825 19
823 156 -13
822 159 8
822 487 13
822 847 -8
484 485 -19
484 134 -19
484 458 -19
484 509 8
821 482 -13
821 820 -28
825 486 -28
825 827 -8
825 158 28
825 824 -8
156 512 13
156 181 19
156 157 28
788 814 -28
788 453 -8
788 762 -19
788 128 13
788 789 19
814 479 -19
814 839 -13
453 451 28
453 100 28
453 452 -8
453 455 13
762 427 19
762 103 8
762 737 -8
128 127 8
128 126 -8
128 130 28
789 450 13
789 791 -13
789 787 19
789 125 28
210 878 -8
210 185 13
210 568 28
210 235 -13
878 877 -19
878 880 13
878 876 13
185 186 8
185 542 -8
185 852 8
568 567 8
568 902 -13
568 570 8
235 258 19
235 236 13
423 759 -19
423 421 13
423 72 28
423 422 -19
759 784 -28
759 760 8
759 733 19
421 757 -19
421 70 13
421 420 -28
72 48 -28
72 97 -8
72 73 -8
72 734 13
422 396 -28
422 448 -28
362 363 28
362 336 28
389 387 19
389 725 -28
389 391 28
389 40 -28
43 42 -28
43 41 8
43 699 13
769 106 -28
769 768 -28
769 430 -13
773 434 19
773 775 -19
773 772 -19
432 406 19
432 84 -28
432 458 -28
432 433 -8
881 906 -13
881 546 -28
881 882 28
881 217 28
881 855 -19
906 242 19
906 572 19
546 544 -13
546 545 13
546 548 13
546 189 -19
882 543 -28
882 884 -8
882 880 19
217 571 8
217 216 8
217 219 8
217 215 -28
855 856 -13
855 192 28
855 830 13
855 520 28
644 643 -19
644 977 13
644 646 8
644 281 13
644 642 28
643 284 -13
643 617 -13
977 978 -19
977 951 -28
977 309 19
646 979 19
646 283 8
646 648 -13
281 306 -28
281 952 28
281 282 28
281 257 -13
642 975 -28
642 640 28
642 279 28
642 641 28
42 391 13
42 17 19
391 390 -13
391 393 -19
17 676 8
866 527 13
866 864 19
866 868 -13
866 865 19
866 198 -13
527 501 13
527 553 19
527 528 8
527 174 19
864 197 8
864 863 -19
868 867 8
868 529 28
868 870 28
868 200 28
865 201 -28
865 530 -8
865 890 8
865 839 -19
198 223 -8
198 556 -13
198 173 19
198 199 -13
284 283 -8
284 286 -8
284 282 -8
284 951 13
283 258 -13
283 954 -13
283 308 28
286 953 28
282 641 28
282 949 -19
282 280 -19
951 952 -13
951 618 -13
707 371 -8
707 708 -8
707 681 8
707 733 28
371 369 8
371 23 28
708 706 28
708 368 28
708 48 -28
681 682 8
733 734 -19
733 397 -19
434 435 -8
435 433 -8
435 437 13
259 617 28
259 258 28
259 261 -28
900 875 -8
900 236 28
900 901 8
926 589 -13
926 924 -8
926 928 -13
926 257 -8
117 466 -13
117 116 -19
117 119 -19
117 115 19
117 776 -8
466 805 -13
466 492 13
466 467 -8
116 91 28
116 469 -8
116 779 -28
116 141 -19
119 468 28
119 778 -28
119 121 19
119 118 28
115 464 -19
115 774 -28
115 114 -28
776 751 13
776 777 19
776 441 8
776 802 -28
85 437 -8
85 748 -19
437 436 28
437 772 8
437 439 -19
748 750 13
748 747 28
69 68 -19
69 71 -13
68 44 13
68 93 13
71 73 19
71 70 13
71 729 -28
71 418 -13
751 725 8
751 752 19
751 92 -13
725 699 -8
752 750 28
752 412 -28
752 89 8
92 91 -28
92 90 -8
92 94 19
512 514 -13
512 847 -19
512 511 8
514 513 -28
514 849 19
514 158 -8
514 516 -28
847 873 13
847 848 -19
847 184 13
511 159 -19
511 537 -8
511 486 -13
511 850 13
503 842 8
503 529 -28
452 791 8
452 103 13
479 481 8
479 477 19
479 125 28
969 943 -8
969 301 -8
969 636 28
969 970 28
943 276 -13
943 944 -8
943 610 -13
943 918 13
301 300 -28
301 303 19
301 299 19
636 635 -8
636 634 -8
636 273 -19
636 638 -13
970 633 -13
970 972 13
970 968 13
970 298 28
961 294 13
961 987 -28
961 962 13
294 292 8
294 653 28
987 988 13
987 319 -28
987 654 -8
962 960 8
962 625 -8
962 964 -28
962 291 13
159 157 -19
159 161 13
159 158 -19
157 820 -19
157 509 19
161 513 28
161 824 -19
161 163 28
158 135 -19
158 183 19
571 909 -28
571 572 28
571 545 19
909 241 -13
909 908 28
572 574 19
572 570 -13
545 519 8
545 192 13
545 884 -28
127 791 19
127 481 19
791 790 19
791 793 19
481 480 -19
481 483 -8
829 490 19
829 831 -13
829 828 13
829 162 13
829 827 -13
490 464 13
490 140 8
490 515 28
831 164 28
831 492 -19
831 830 13
831 832 13
828 165 28
828 493 28
828 802 8
828 853 -8
162 518 28
162 139 -28
162 187 8
162 163 8
827 826 -13
827 488 8
574 908 -13
574 216 -19
574 573 13
908 883 -13
908 244 -28
908 933 19
216 241 28
216 884 -13
216 191 -8
573 219 8
573 599 -19
573 547 28
794 768 13
794 795 19
794 820 13
794 134 -13
768 433 28
768 743 28
795 793 19
795 456 28
795 797 28
795 131 -19
820 485 19
820 845 8
134 136 13
134 132 13
241 264 8
241 242 28
884 883 -13
884 886 -13
191 192 -19
191 858 -13
191 166 -13
191 548 -19
581 555 28
581 607 19
581 226 8
581 919 -13
581 582 8
555 201 28
555 893 -13
555 556 -19
555 529 -19
607 633 -19
607 608 -28
607 944 -8
607 250 28
226 225 28
226 228 28
226 224 13
226 890 19
919 917 8
919 918 -8
919 920 28
582 580 8
582 584 -8
582 916 -13
582 223 8
404 57 8
404 744 -19
404 405 8
404 378 13
404 430 -13
57 59 -19
57 55 8
57 715 -28
57 56 19
744 81 8
744 742 8
744 743 28
405 407 8
405 741 -8
405 403 8
405 54 8
378 379 -19
378 352 -8
378 718 -28
378 33 -19
430 431 -19
430 456 19
430 82 -28
650 652 8
650 648 8
650 983 8
650 649 -28
650 287 -13
652 289 13
652 985 19
652 654 -13
652 651 -28
648 647 13
983 957 13
649 290 -28
649 623 28
649 986 13
287 958 8
201 199 8
201 203 28
201 200 8
199 863 8
199 553 -13
203 867 13
203 557 -28
203 202 -13
203 205 -28
200 175 13
200 225 -8
200 558 -8
617 954 -13
617 618 -19
954 953 -28
954 952 13
618 620 13
618 616 -28
618 257 13
290 292 -19
290 289 -8
290 957 28
292 291 8
292 959 13
292 651 8
289 264 -8
289 960 -8
957 624 28
957 958 -28
406 407 28
406 59 -28
406 380 -28
407 56 28
407 743 -19
59 58 -13
59 717 -19
380 381 -13
380 35 8
380 354 19
380 720 28
355 353 13
355 691 -13
355 357 -28
355 7 -8
355 354 8
353 352 -13
353 351 28
353 689 13
353 5 -8
691 35 -13
691 665 -13
691 717 13
691 692 -8
357 359 13
357 693 -13
357 9 8
7 32 -19
7 8 19
7 666 19
354 328 -13
354 10 -28
354 694 -8
258 620 13
258 928 13
620 619 13
620 953 8
928 930 -19
928 927 13
441 443 19
441 439 8
441 89 19
779 778 8
779 781 -28
779 777 13
619 593 19
619 261 28
593 567 -28
593 238 19
593 930 -13
261 263 28
261 927 13
261 260 -19
265 623 28
265 264 -28
265 267 -13
265 263 -13
932 934 8
932 930 -19
932 595 19
91 443 -28
443 778 19
443 445 -8
443 442 -13
450 476 13
450 101 -28
450 451 13
450 424 28
476 501 -13
476 126 19
476 477 13
101 761 -28
101 103 -13
101 100 28
451 99 -13
451 786 19
424 425 28
424 398 -13
424 76 -19
544 187 -13
544 879 28
544 542 19
544 543 -28
187 212 8
187 188 8
187 854 -28
879 904 28
879 853 19
879 880 28
879 215 -8
542 877 19
542 540 -8
542 541 -13
543 517 -28
543 190 28
543 569 -8
917 248 -28
917 579 28
917 915 8
917 916 -19
248 608 -13
248 271 -19
248 223 13
579 580 -8
579 224 -28
579 553 28
579 605 19
915 247 28
915 914 19
916 250 -13
916 941 8
916 890 -19
300 275 -8
300 972 -13
275 638 19
275 276 8
275 251 -19
275 946 -28
972 635 19
972 974 -19
972 971 19
975 949 -13
975 307 -19
975 976 8
949 616 28
949 950 -8
949 923 28
307 306 28
307 309 -8
307 305 13
976 978 13
976 974 8
976 639 -28
976 304 19
577 578 -8
577 551 -13
577 603 19
578 220 13
578 912 28
551 552 -28
551 525 8
603 604 13
978 641 -13
978 306 13
641 615 13
588 587 -28
588 921 28
588 586 -13
588 229 19
587 232 -28
587 613 8
587 924 19
587 561 -28
921 922 -19
921 896 28
921 947 28
921 256 13
586 227 28
586 585 28
586 584 13
229 897 28
229 253 -8
229 230 13
790 130 -28
790 455 -19
793 129 8
793 792 13
411 413 -8
411 747 -19
384 724 13
384 358 19
384 39 -28
750 87 -28
750 749 -19
436 88 8
436 462 -13
436 775 -13
413 749 8
413 412 -28
749 90 8
749 723 -28
749 774 -19
412 386 -13
412 438 -19
812 477 -13
812 837 8
812 151 28
812 786 19
837 863 8
837 838 -8
837 174 -8
151 501 28
151 150 -13
786 787 -8
786 126 -19
786 761 -13
623 960 13
623 624 19
960 959 -19
960 958 8
624 626 -28
175 842 19
175 176 19
175 532 -8
842 840 13
842 844 -13
176 529 -19
176 178 -19
176 174 -28
176 839 -19
532 534 19
532 867 13
532 530 -8
532 531 28
361 13 28
361 359 -19
361 697 -8
361 363 13
361 360 -13
13 38 19
13 672 -19
13 14 8
359 695 8
359 358 -19
697 41 13
697 671 8
697 723 -28
697 698 8
363 699 8
363 15 -28
360 16 -19
360 334 13
360 700 28
360 386 28
626 625 19
626 264 28
626 959 -19
625 267 8
625 651 28
625 599 19
264 934 13
959 933 -19
959 985 19
472 811 13
472 473 28
472 498 -19
472 123 19
472 446 19
811 147 8
811 810 13
811 809 13
473 808 8
473 120 28
473 475 -19
473 471 13
498 148 28
498 523 -19
498 836 -19
123 121 13
123 782 -28
123 122 -19
446 785 -28
446 447 19
446 98 -19
446 420 8
934 933 -13
934 936 -8
633 634 13
633 274 28
634 271 13
634 967 13
634 632 -28
274 941 -13
274 276 19
274 273 19
274 272 -8
676 674 -13
676 336 28
16 15 -19
16 14 -8
16 671 13
15 674 -19
15 40 -19
14 358 19
14 12 19
14 669 -13
671 335 -28
671 672 -28
937 912 -28
937 604 13
912 913 8
604 602 19
267 933 8
267 266 -13
266 243 19
266 936 13
266 291 28
457 104 28
457 455 8
457 456 -8
457 792 28
104 79 -28
104 105 -19
104 129 -8
456 107 8
456 482 -19
792 818 8
792 132 8
792 766 -8
79 431 19
79 742 -13
79 54 28
105 107 19
105 103 19
129 130 -13
129 483 -13
680 340 8
680 682 -28
680 21 28
680 679 19
677 703 13
677 341 8
550 193 -28
550 552 19
550 549 28
550 548 19
193 860 -28
193 218 -28
193 194 -8
193 168 28
552 195 -8
549 523 -19
549 196 8
549 887 -19
549 575 8
548 883 8
548 547 -13
88 87 -8
88 90 19
88 747 -28
87 439 28
90 438 8
90 89 19
747 772 -19
106 131 -8
106 81 28
106 107 19
131 485 13
131 132 13
81 433 8
81 82 -13
81 56 8
107 766 8
58 720 -8
58 34 13
717 381 13
717 718 13
717 743 -8
148 146 28
148 147 8
148 808 13
146 496 -28
146 145 13
146 144 -28
146 806 19
147 500 -8
147 170 19
147 122 -19
808 809 28
808 782 -28
927 902 -13
927 953 28
340 341 8
340 366 -8
341 343 -19
366 367 -13
366 706 -8
366 392 -8
724 723 13
723 387 -28
501 840 -28
840 838 13
840 173 8
840 839 8
150 125 28
150 173 28
125 126 28
125 100 -8
173 530 -28
173 174 -13
755 756 19
755 729 -19
755 780 8
755 96 -19
418 392 28
418 444 28
418 758 -28
818 483 -28
483 485 13
483 482 13
766 431 8
766 741 -19
640 973 13
640 277 8
640 639 -19
640 638 -13
973 974 -8
973 305 -8
973 947 -19
277 948 -8
277 302 28
277 278 8
277 253 -8
639 280 8
639 613 -19
638 637 -8
638 971 28
367 703 19
367 369 -19
703 729 -19
703 47 -19
703 704 8
369 21 -8
369 705 19
369 368 -13
44 704 -19
44 393 28
682 23 28
682 342 13
23 48 28
23 24 -28
342 343 -13
342 368 8
38 698 -28
38 387 -19
38 39 -28
698 358 13
698 700 8
387 386 -13
39 41 13
39 695 -8
860 858 8
860 521 -13
860 862 -13
860 859 -19
858 856 13
858 519 -8
858 857 -13
521 547 -8
521 496 13
521 522 19
521 169 28
862 523 28
862 861 13
862 195 -28
859 196 -28
859 833 -8
859 524 -13
21 46 -13
24 679 -8
24 368 19
135 489 -8
135 136 28
135 799 -19
279 304 19
279 280 -13
279 255 28
279 950 28
304 305 -8
280 947 8
280 278 19
255 231 28
255 616 13
255 924 8
255 256 28
950 948 -8
950 613 -19
950 952 -13
232 231 19
232 234 -19
232 230 -13
232 896 13
231 899 8
231 206 19
234 589 19
234 898 28
234 236 -28
230 585 -28
230 894 -19
230 228 19
896 562 8
896 871 -19
896 897 -19
901 899 -13
901 563 -8
905 567 19
905 904 -13
905 237 28
902 238 8
902 877 28
523 171 28
523 524 -13
171 833 -13
171 170 19
171 169 -8
524 168 -8
524 526 19
524 522 28
64 89 -8
64 40 -13
602 601 13
602 243 28
599 244 28
599 936 -28
732 70 8
732 392 -19
732 731 -8
732 734 -19
729 393 28
337 336 19
337 335 13
337 673 -8
335 333 -19
335 334 19
673 674 8
673 699 8
482 132 8
533 534 19
533 559 28
533 872 -13
567 213 13
567 541 19
213 877 8
213 212 -19
213 215 -13
541 515 -19
541 188 -19
541 880 28
948 611 -8
948 947 8
948 946 28
611 585 8
611 637 -13
611 254 -28
611 612 28
947 614 8
946 945 13
946 944 8
946 609 28
775 774 -19
775 777 8
772 798 28
196 195 -19
196 194 19
195 220 -8
195 170 19
194 192 -28
194 547 -28
194 857 13
883 857 28
883 219 28
857 522 -19
219 218 13
219 221 -28
381 379 -13
381 32 28
379 377 28
379 30 -8
379 715 28
32 56 19
32 33 8
32 692 -8
979 953 -19
308 309 19
35 33 8
35 34 -8
33 31 -8
33 689 -8
34 9 8
34 694 -19
238 236 -28
238 237 -28
237 212 19
237 260 -8
350 324 8
350 351 -19
350 690 19
350 376 -19
350 6 19
324 325 28
324 664 28
351 3 8
351 687 13
690 30 -8
690 692 -28
690 689 13
690 688 -13
376 377 28
376 31 -28
376 716 19
6 8 -8
6 5 -28
6 4 -13
6 661 8
427 75 -28
427 425 -13
75 100 13
75 51 19
75 76 -8
75 738 -8
425 761 8
425 74 13
73 420 13
73 731 13
70 46 -19
70 95 -13
742 741 28
742 740 -13
743 84 19
343 679 -28
679 705 -13
547 886 -28
952 615 -8
218 243 -13
218 886 13
243 244 8
886 887 28
583 584 28
583 557 19
583 228 28
583 609 -8
583 920 -13
584 225 -28
584 918 28
557 895 8
557 531 8
557 558 -19
228 227 19
228 892 13
609 635 19
609 610 19
609 252 -8
920 251 13
920 922 13
386 41 -13
985 986 19
985 317 -28
654 653 -28
654 291 -8
654 656 8
651 988 13
328 329 -13
328 668 13
10 9 28
10 8 8
10 665 13
10 12 -13
694 693 8
694 692 8
41 40 -13
40 700 19
291 316 8
693 667 19
9 668 19
668 666 13
668 670 -13
668 667 19
244 242 8
706 705 -8
706 46 19
706 704 13
705 49 28
705 731 -8
46 395 -13
46 47 8
672 674 -13
672 332 13
672 670 8
517 856 19
517 165 -19
517 518 -28
517 492 -13
190 192 28
190 188 8
190 853 8
190 189 -28
569 570 8
569 215 28
569 595 -8
674 334 -28
84 82 -19
82 741 -28
519 494 28
519 167 28
519 520 19
495 493 13
495 830 -28
495 494 28
495 141 -19
495 497 13
493 492 -28
493 139 -28
830 804 19
830 167 28
494 468 8
494 832 -28
494 144 -8
141 164 28
141 805 -28
141 142 -13
497 496 -28
497 143 13
613 614 -28
613 256 28
924 923 8
924 922 19
561 899 -13
561 562 -13
561 207 -19
561 535 -8
958 621 8
589 615 -8
589 563 -28
615 616 13
563 564 -19
563 537 28
563 209 -13
438 464 -8
438 777 -28
438 439 13
761 735 -8
735 736 8
735 399 -8
735 709 28
735 76 19
887 220 28
699 700 19
737 401 8
737 78 8
737 738 28
856 189 28
856 854 -13
189 164 -19
854 852 8
854 515 -13
854 853 -28
635 276 28
276 278 -13
575 601 19
575 913 -13
575 221 -19
25 684 -8
25 50 -28
25 373 13
25 0 -28
684 683 -13
50 74 -13
50 399 8
50 710 13
373 372 -28
373 709 -8
373 375 19
0 347 -28
0 658 8
251 227 28
251 252 -28
251 612 -8
89 114 -19
836 170 19
836 835 8
836 834 13
899 898 13
899 897 -13
898 923 13
898 873 8
898 564 -13
897 895 -28
897 559 -19
227 895 28
227 202 28
895 894 -8
895 893 -19
202 560 28
202 177 19
202 870 -19
756 758 -19
756 93 -8
758 757 -19
758 95 -28
758 760 13
93 445 28
93 118 -8
93 94 13
720 718 13
500 835 19
500 499 19
835 810 13
835 861 13
499 474 -13
499 525 -19
170 526 19
122 97 8
122 785 -28
122 475 13
595 621 -28
333 332 -8
333 669 19
333 331 -8
332 358 8
669 695 19
669 670 8
331 330 28
331 667 28
331 329 -8
944 273 8
944 942 28
610 608 13
610 249 19
610 612 -28
918 892 28
918 252 19
833 834 8
377 28 8
377 375 19
377 713 -28
28 3 -19
28 688 28
375 26 8
375 374 13
713 739 -13
713 714 -13
713 55 19
713 687 -8
861 526 -8
263 621 28
621 647 -28
31 687 -13
31 30 19
687 661 8
687 688 8
30 5 -8
30 54 -13
206 564 -28
206 181 -28
206 874 8
206 207 -28
715 741 13
715 716 8
715 689 -19
877 851 -8
904 570 8
393 395 13
393 392 -19
74 736 -19
74 99 19
736 738 -8
739 403 -28
739 740 13
403 401 -13
740 400 -19
740 77 8
740 738 19
616 614 19
220 221 -28
562 564 -8
562 560 -28
560 894 -19
560 559 19
560 558 13
352 8 8
352 692 -8
352 326 28
8 663 28
326 666 8
326 327 28
77 78 -19
431 433 13
608 606 -8
608 941 19
606 247 -13
606 605 -8
941 967 13
941 942 -8
26 1 19
26 51 19
26 27 -13
688 348 28
346 372 -13
346 347 -13
346 2 13
346 320 -13
54 55 8
54 716 -13
804 469 -8
804 778 28
804 144 13
804 805 -28
469 468 -28
469 467 28
469 471 8
144 143 -19
144 142 -19
805 803 -8
805 807 -8
208 183 13
208 876 13
208 209 19
585 559 19
585 922 19
559 205 19
922 253 19
209 873 19
209 207 -8
875 540 19
875 849 8
875 876 19
966 965 -8
966 295 -13
966 968 -13
965 297 -19
965 939 19
965 632 8
295 270 -19
968 296 -28
968 967 28
968 631 8
322 323 -13
322 348 -8
322 662 19
323 325 13
323 321 -28
348 374 -19
348 4 -28
662 661 13
662 664 -19
662 660 8
662 3 28
880 212 -8
12 667 28
330 670 -13
401 399 -13
401 51 -8
401 400 -13
399 398 13
51 712 13
51 52 -28
400 53 -13
400 374 -8
368 394 -8
48 397 28
48 49 -28
614 253 28
614 612 -13
253 254 -19
612 945 -28
468 442 -28
468 807 13
832 166 19
832 834 13
496 470 28
496 834 -19
143 807 -28
143 118 8
143 166 -28
930 260 -8
894 869 -28
869 534 28
869 870 19
869 205 28
807 809 -19
807 806 -19
118 471 28
118 781 13
166 522 8
166 167 28
298 299 13
298 273 -8
270 940 -19
270 632 -8
270 247 -28
964 627 13
810 475 19
810 784 13
475 474 28
784 785 28
784 449 -8
297 299 8
297 296 -19
299 967 -28
296 271 -13
974 637 19
974 302 13
971 303 -8
971 945 -13
580 222 -28
580 914 -8
223 224 -13
223 891 -8
329 327 28
329 665 -19
939 272 -28
939 914 -13
939 940 -28
272 631 28
272 271 8
914 888 -19
940 942 -19
520 164 19
520 518 19
520 522 28
56 718 8
372 27 8
372 712 13
372 398 8
27 683 13
712 714 -28
712 710 -13
398 738 8
398 52 28
637 278 13
278 945 28
492 142 -19
467 802 8
467 465 -19
467 114 -28
525 526 -19
1 2 19
1 660 13
302 303 13
873 538 8
873 874 -8
94 442 -19
94 96 28
474 448 -13
665 666 8
303 305 28
709 683 13
709 710 13
709 52 8
76 78 -8
718 716 19
716 714 -13
394 49 -13
394 420 -19
394 734 -8
394 395 28
49 47 28
420 760 -8
395 731 8
395 397 19
5 664 8
168 145 -13
168 834 -19
168 169 -28
120 145 -19
120 121 -8
120 783 -8
120 95 19
471 470 13
471 806 8
871 207 28
871 845 -8
871 872 -13
207 205 28
845 182 -13
872 870 -28
872 874 -28
271 942 13
632 631 -8
121 470 -19
121 780 -13
782 447 19
782 757 -19
782 783 -28
273 249 28
165 164 -13
165 163 8
165 167 -28
518 853 -28
518 516 19
535 182 -13
535 509 8
535 874 -13
480 130 19
181 182 19
181 848 -13
181 538 19
874 876 19
851 852 -19
851 188 19
851 516 8
851 826 28
250 249 28
250 252 -13
249 225 8
225 893 8
47 392 19
256 254 13
534 177 8
177 178 19
177 844 -19
142 140 28
142 802 -8
570 212 19
631 605 28
325 661 19
325 327 28
664 663 -8
664 666 -8
53 55 -8
53 52 28
374 714 -28
3 4 -28
462 488 13
488 513 13
488 489 28
4 2 19
470 809 -13
470 444 8
893 892 -19
893 891 19
145 809 8
540 538 -19
540 183 8
538 537 28
183 184 19
183 850 28
867 892 -19
892 558 -8
442 781 -13
891 889 8
891 553 28
891 890 -19
513 852 28
852 850 13
167 169 13
531 178 28
531 870 8
558 556 28
186 188 28
186 184 13
186 849 8
184 182 -19
184 537 19
849 850 8
849 824 8
97 449 -28
97 98 -19
97 760 19
785 783 28
448 449 -13
783 781 -19
783 444 28
537 876 28
942 605 -13
252 254 8
347 683 -28
683 657 13
663 327 -13
663 689 28
485 487 8
487 489 28
487 486 8
222 889 13
222 197 -13
222 247 13
464 803 19
464 465 -8
803 802 -8
803 139 -28
465 800 13
848 509 28
848 850 -13
447 445 -13
447 449 -19
447 95 13
445 780 -28
445 444 19
95 96 19
889 888 -19
888 224 -8
888 863 19
888 554 -8
826 800 -13
826 163 -13
489 824 28
601 627 -28
627 653 -13
140 139 19
140 800 -19
139 114 8
800 774 -13
806 780 28
321 657 -19
321 320 -19
444 96 8
515 163 13
515 516 13
988 986 -28
988 316 19
988 990 19
986 314 -13
316 317 28
990 653 -8
990 318 8
990 989 -13
780 781 8
114 777 -13
657 658 28
657 2 19
658 660 -19
319 317 -28
319 318 8
731 757 -19
397 396 13
320 660 28
757 98 -28
98 96 -8
458 797 -28
486 136 19
797 799 -13
553 554 13
774 439 19
863 528 -8
554 556 8
554 197 -19
890 556 -19
798 824 -19
798 799 -28
989 656 -13
655 656 -13
529 530 28
130 132 -8
530 528 -28
