982 981 19
982 310 13
982 980 13
982 984 -19
982 645 8
981 313 -28
981 955 -13
981 648 13
310 285 28
310 311 28
980 978 13
980 308 19
980 643 19
980 979 19
984 312 8
984 647 28
984 986 19
984 983 28
645 619 8
645 646 -28
645 286 8
137 801 -13
137 160 19
137 491 -13
137 138 8
137 112 13
801 462 19
801 800 28
801 803 -28
801 799 28
160 185 19
160 161 -28
160 516 19
160 827 8
491 493 19
491 490 -19
491 826 -8
491 489 -28
138 140 -8
138 488 -8
138 136 -28
138 798 13
112 113 -28
112 465 -19
112 775 8
112 87 28
592 233 -8
592 590 19
592 591 -19
592 594 19
592 925 -13
233 234 13
233 208 -19
233 901 8
233 257 -28
590 588 -19
590 589 13
590 231 28
590 923 -19
591 565 28
591 617 28
591 928 13
591 236 -8
594 235 28
594 596 13
594 927 -28
594 593 -19
925 259 8
925 900 -8
925 951 19
925 926 -19
338 339 -28
338 364 -19
338 678 13
339 675 -19
339 337 13
339 341 13
364 20 -8
364 704 -19
364 390 8
364 365 13
678 676 8
678 19 -19
678 680 19
678 677 28
414 388 -19
414 754 28
414 415 19
414 440 8
414 67 -19
388 728 -8
388 362 -19
388 389 -19
388 43 8
754 91 -19
754 756 -28
754 752 13
754 753 28
415 417 19
415 751 8
415 413 -13
415 64 19
440 441 8
440 779 8
440 466 28
440 92 13
67 69 -13
67 65 28
67 725 19
67 66 19
817 478 8
817 815 13
817 816 13
817 819 -8
478 503 8
478 452 -13
478 479 -13
478 128 -19
815 150 28
815 814 -13
815 813 -19
815 476 -19
816 154 8
816 481 28
816 790 13
816 841 13
819 818 13
819 153 19
819 821 19
819 480 28
149 124 -19
149 502 -8
149 813 28
149 172 19
124 787 -8
124 99 19
124 477 -8
502 501 -13
502 837 -13
502 504 -13
813 812 -19
172 197 -19
172 528 -28
172 838 28
417 66 28
417 753 -8
417 416 -28
417 419 19
66 728 13
66 42 -8
753 727 13
753 778 19
753 94 19
416 69 -28
416 756 8
416 390 19
416 442 -28
419 755 13
419 418 13
419 68 19
419 421 19
382 37 -19
382 722 -19
382 408 28
382 383 -19
382 356 -19
37 36 -13
37 35 -13
37 39 19
37 693 8
722 724 -8
722 60 -28
722 721 19
722 720 -19
408 434 -8
408 748 -8
408 409 -28
408 61 -8
383 381 -28
383 719 19
383 34 8
383 385 -28
356 357 -19
356 12 13
356 330 -28
356 696 -19
765 763 -13
765 102 -13
765 764 13
765 767 -8
765 426 28
763 762 13
763 424 19
763 100 -13
102 127 -28
102 77 28
102 103 -28
102 455 -13
764 739 -8
764 429 13
764 790 -19
764 105 -13
767 428 8
767 104 19
767 766 -28
767 769 19
426 427 28
426 400 8
426 452 28
426 78 -13
179 536 8
179 204 -19
179 180 8
179 846 -28
179 155 13
536 871 28
536 534 13
536 535 19
536 538 8
204 562 13
204 229 -8
204 872 13
204 205 -28
180 533 -13
180 182 -13
180 178 -13
180 843 -19
846 507 -8
846 848 19
846 844 -19
846 845 -8
155 510 13
155 131 -28
155 821 -13
630 963 -28
630 629 28
630 628 28
630 268 19
963 937 28
963 964 13
963 989 -19
629 603 28
629 655 8
628 961 -28
628 626 8
628 266 8
628 627 -19
268 269 19
268 293 -13
268 245 -8
268 938 28
269 267 28
269 627 8
269 935 -8
293 318 13
293 294 28
293 656 -13
293 964 8
245 913 -13
245 220 -8
245 246 8
245 604 13
938 937 -8
938 936 8
938 601 28
36 696 28
36 11 13
36 385 -13
36 60 28
696 695 28
696 698 -13
696 694 -8
11 12 -19
11 670 -19
11 359 -28
385 387 -13
385 721 8
385 384 -8
60 85 8
60 61 -13
60 411 -13
20 18 -13
20 675 -8
20 22 -13
20 19 -28
18 16 13
18 362 -8
18 673 13
18 17 -13
675 701 -28
675 676 -13
22 366 28
22 21 -19
22 677 19
22 24 13
19 367 -8
19 44 19
239 907 13
239 598 -13
239 240 8
239 214 13
239 262 -13
907 909 -19
907 905 -13
907 569 -8
907 906 28
598 600 -13
598 931 -28
598 597 28
598 596 -8
240 238 -28
240 595 -19
240 242 -19
240 904 13
214 882 8
214 572 8
214 215 13
214 189 -13
262 263 19
262 932 19
262 287 -8
262 624 19
461 463 -8
461 460 -28
461 459 -19
461 108 -8
461 796 -8
463 110 28
463 462 28
463 465 13
463 798 28
460 111 -8
460 434 8
460 486 8
460 799 -28
459 794 -8
459 457 8
459 106 -8
459 458 -8
108 771 -19
108 83 19
108 133 28
108 109 -8
796 797 28
796 822 -28
796 770 -19
796 136 -13
771 769 19
771 773 -8
771 770 19
771 432 -8
83 84 -8
83 58 19
83 746 28
83 435 -8
133 487 28
133 797 -13
133 134 28
133 156 -19
109 111 -28
109 107 -13
109 458 -13
109 768 13
701 365 8
701 727 19
701 702 -13
701 45 -19
365 367 -8
365 363 -13
365 17 -19
727 728 -13
727 69 19
727 391 8
702 42 -8
702 700 -28
702 362 8
702 704 -13
45 43 19
45 390 28
45 44 -19
45 47 -19
910 935 -13
910 911 -13
910 885 8
910 246 13
910 576 -13
935 961 -28
935 936 -19
935 602 -8
911 909 -28
911 573 8
911 913 -8
911 243 -8
885 550 -8
885 886 -28
885 859 -8
885 221 -19
246 244 -13
246 601 -19
576 574 8
576 218 -13
576 575 19
576 578 28
428 80 13
428 454 13
428 429 -13
428 402 8
80 739 -8
80 79 -13
80 82 -19
80 78 13
454 480 -8
454 455 13
454 793 -19
454 105 -28
429 427 -28
429 77 28
429 431 -19
402 403 -8
402 55 8
402 376 -19
402 742 28
111 110 -8
111 770 -8
111 113 -28
110 85 28
110 135 19
110 773 -28
770 745 -8
770 435 19
113 462 8
113 772 28
113 115 8
285 286 -13
285 956 8
285 260 28
285 648 13
311 313 13
311 309 19
311 979 -13
313 312 13
313 315 -28
312 287 13
315 314 28
315 983 13
315 317 8
685 29 13
685 686 13
685 711 8
685 349 -13
685 659 -28
29 31 -28
29 374 -8
29 28 13
29 27 -19
686 26 -28
686 684 13
686 688 -8
686 346 13
711 737 -28
711 375 -19
711 53 8
711 712 28
349 351 28
349 347 -13
349 348 28
349 1 -19
659 323 -19
659 660 -8
659 4 19
63 61 -8
63 65 8
63 410 -8
63 62 -8
63 721 -19
61 59 13
61 719 -13
65 64 19
65 412 8
65 723 8
410 411 13
410 384 8
410 750 8
410 436 -8
62 413 19
62 724 13
62 38 -13
62 87 8
721 695 -19
721 747 13
745 86 19
745 719 8
745 746 13
745 409 28
86 434 -28
86 85 -19
86 88 -28
86 84 -19
719 693 8
719 720 28
746 406 -8
746 744 13
746 748 -28
409 58 13
409 407 -13
409 411 13
506 504 28
506 508 8
506 841 28
506 505 19
504 150 -8
504 503 -19
504 839 28
508 507 -28
508 510 28
508 843 19
508 153 -13
841 867 8
841 842 8
841 178 13
505 154 8
505 480 8
505 844 -8
505 531 8
600 933 -19
600 602 -19
600 241 28
600 599 28
931 265 8
931 906 -28
931 957 19
931 932 -28
597 571 19
597 623 -19
597 934 -13
597 242 19
596 237 13
596 929 13
596 595 -13
344 370 28
344 345 -19
370 396 -13
370 371 -19
345 343 -19
345 681 8
728 730 -28
728 726 28
730 390 19
730 68 -28
730 732 -28
730 729 -28
726 724 -28
726 64 -28
726 725 -13
726 386 -13
955 288 -19
955 956 -28
955 929 -8
955 622 19
288 290 28
288 286 -28
288 647 19
288 287 -13
956 619 8
956 954 -13
956 958 -19
929 263 19
929 930 13
929 904 8
622 620 -8
622 260 28
622 624 -19
622 621 -8
154 152 -19
154 153 13
152 814 28
152 151 8
152 503 -8
153 177 -28
153 129 19
565 211 -13
565 903 -28
565 566 13
565 539 13
211 210 -28
211 213 19
211 209 8
211 875 8
903 235 28
903 901 -28
903 905 8
903 902 -28
566 568 8
566 900 13
566 564 -19
566 208 19
539 540 -8
539 513 -8
539 186 -8
539 878 -13
507 482 8
507 533 28
510 512 28
510 845 28
510 509 -13
843 818 19
843 869 13
843 844 8
823 822 19
823 484 -19
823 821 28
823 825 -8
823 156 28
822 159 28
822 487 -13
822 847 -8
484 485 -13
484 134 -8
484 458 28
484 509 -8
821 482 -19
821 820 -8
825 486 8
825 827 -8
825 158 8
825 824 -13
156 512 -19
156 181 -19
156 157 -13
788 814 -28
788 453 -13
788 762 -8
788 128 28
788 789 -8
814 479 13
814 839 -19
453 451 -19
453 100 8
453 452 28
453 455 -8
762 427 -28
762 103 -8
762 737 19
128 127 -13
128 126 28
128 130 -13
789 450 -8
789 791 13
789 787 -8
789 125 13
210 878 19
210 185 -28
210 568 13
210 235 -13
878 877 13
878 880 -19
878 876 8
185 186 -8
185 542 28
185 852 19
568 567 -13
568 902 -19
568 570 -13
235 258 -13
235 236 -8
423 759 19
423 421 19
423 72 -13
423 422 13
759 784 28
759 760 -13
759 733 19
421 757 -13
421 70 -8
421 420 8
72 48 -28
72 97 28
72 73 28
72 734 19
422 396 -28
422 448 19
362 363 -28
362 336 -13
389 387 -19
389 725 19
389 391 -8
389 40 -13
43 42 -13
43 41 -28
43 699 -28
769 106 -8
769 768 13
769 430 8
773 434 -28
773 775 8
773 772 8
432 406 -13
432 84 -13
432 458 28
432 433 -19
881 906 -8
881 546 -28
881 882 -8
881 217 -8
881 855 -13
906 242 8
906 572 -8
546 544 -8
546 545 28
546 548 -19
546 189 28
882 543 13
882 884 19
882 880 -28
217 571 -28
217 216 19
217 219 28
217 215 28
855 856 -28
855 192 -13
855 830 13
855 520 -13
644 643 -28
644 977 -8
644 646 -28
644 281 8
644 642 -28
643 284 8
643 617 -13
977 978 -8
977 951 8
977 309 13
646 979 19
646 283 8
646 648 -8
281 306 -19
281 952 8
281 282 8
281 257 -8
642 975 -8
642 640 -8
642 279 -13
642 641 -28
42 391 19
42 17 -28
391 390 -28
391 393 -13
17 676 13
866 527 28
866 864 8
866 868 8
866 865 -13
866 198 28
527 501 -13
527 553 -13
527 528 -8
527 174 -19
864 197 -13
864 863 19
868 867 19
868 529 19
868 870 -13
868 200 13
865 201 28
865 530 -13
865 890 13
865 839 19
198 223 19
198 556 -28
198 173 -19
198 199 -13
284 283 -28
284 286 -19
284 282 8
284 951 28
283 258 28
283 954 13
283 308 13
286 953 -13
282 641 -8
282 949 13
282 280 8
951 952 -13
951 618 8
707 371 -13
707 708 -28
707 681 -28
707 733 -8
371 369 8
371 23 28
708 706 13
708 368 -13
708 48 13
681 682 28
733 734 8
733 397 -8
434 435 13
435 433 19
435 437 8
259 617 -19
259 258 -13
259 261 13
900 875 13
900 236 -8
900 901 19
926 589 -8
926 924 -13
926 928 -13
926 257 -28
117 466 -8
117 116 -13
117 119 19
117 115 -19
117 776 -13
466 805 8
466 492 13
466 467 -13
116 91 -28
116 469 28
116 779 19
116 141 -8
119 468 19
119 778 -13
119 121 -13
119 118 -19
115 464 8
115 774 8
115 114 19
776 751 -8
776 777 28
776 441 -8
776 802 -13
85 437 13
85 748 19
437 436 -8
437 772 28
437 439 -19
748 750 -19
748 747 -28
69 68 -13
69 71 8
68 44 19
68 93 8
71 73 28
71 70 8
71 729 -13
71 418 -28
751 725 28
751 752 19
751 92 8
725 699 -13
752 750 19
752 412 28
752 89 8
92 91 -28
92 90 -19
92 94 13
512 514 -19
512 847 -13
512 511 -28
514 513 -13
514 849 -8
514 158 8
514 516 28
847 873 8
847 848 19
847 184 -8
511 159 -8
511 537 -19
511 486 8
511 850 -28
503 842 19
503 529 -19
452 791 -19
452 103 -13
479 481 13
479 477 28
479 125 19
969 943 -13
969 301 -8
969 636 -13
969 970 -8
943 276 19
943 944 -13
943 610 -28
943 918 -19
301 300 13
301 303 -8
301 299 -13
636 635 -28
636 634 -28
636 273 19
636 638 28
970 633 19
970 972 -19
970 968 -13
970 298 -19
961 294 19
961 987 -8
961 962 -28
294 292 19
294 653 -28
987 988 -13
987 319 -8
987 654 -13
962 960 28
962 625 -28
962 964 28
962 291 8
159 157 -8
159 161 13
159 158 -8
157 820 -19
157 509 19
161 513 -19
161 824 13
161 163 -8
158 135 19
158 183 -19
571 909 -8
571 572 13
571 545 28
909 241 -28
909 908 -19
572 574 8
572 570 -13
545 519 13
545 192 13
545 884 -28
127 791 -19
127 481 -19
791 790 8
791 793 13
481 480 13
481 483 -8
829 490 -8
829 831 -8
829 828 19
829 162 -28
829 827 -19
490 464 13
490 140 -8
490 515 -19
831 164 -19
831 492 28
831 830 13
831 832 -8
828 165 -8
828 493 -19
828 802 28
828 853 8
162 518 -13
162 139 -8
162 187 -8
162 163 -8
827 826 -8
827 488 8
574 908 -8
574 216 8
574 573 28
908 883 28
908 244 -8
908 933 -19
216 241 -19
216 884 -28
216 191 19
573 219 8
573 599 -13
573 547 13
794 768 -28
794 795 -28
794 820 19
794 134 19
768 433 -8
768 743 28
795 793 -28
795 456 19
795 797 -28
795 131 -19
820 485 -8
820 845 -28
134 136 -19
134 132 19
241 264 -28
241 242 8
884 883 -28
884 886 -13
191 192 -13
191 858 8
191 166 -8
191 548 -28
581 555 8
581 607 -28
581 226 28
581 919 -19
581 582 8
555 201 28
555 893 -19
555 556 -13
555 529 8
607 633 13
607 608 13
607 944 -8
607 250 28
226 225 -19
226 228 -19
226 224 28
226 890 -13
919 917 13
919 918 -28
919 920 19
582 580 -28
582 584 13
582 916 -19
582 223 13
404 57 8
404 744 28
404 405 8
404 378 -28
404 430 13
57 59 13
57 55 -8
57 715 13
57 56 8
744 81 13
744 742 -8
744 743 -13
405 407 -19
405 741 19
405 403 -19
405 54 -13
378 379 -13
378 352 -28
378 718 8
378 33 -19
430 431 -8
430 456 -28
430 82 8
650 652 -8
650 648 8
650 983 -8
650 649 -8
650 287 19
652 289 8
652 985 28
652 654 -8
652 651 13
648 647 28
983 957 8
649 290 -19
649 623 -8
649 986 8
287 958 -13
201 199 13
201 203 -8
201 200 -28
199 863 -13
199 553 8
203 867 28
203 557 -8
203 202 -8
203 205 13
200 175 -19
200 225 19
200 558 19
617 954 -13
617 618 19
954 953 -28
954 952 19
618 620 8
618 616 -19
618 257 -13
290 292 28
290 289 -19
290 957 -28
292 291 -13
292 959 -19
292 651 8
289 264 -19
289 960 -13
957 624 19
957 958 8
406 407 19
406 59 -19
406 380 -19
407 56 8
407 743 -8
59 58 13
59 717 8
380 381 8
380 35 19
380 354 -19
380 720 8
355 353 19
355 691 -19
355 357 -19
355 7 -28
355 354 -8
353 352 -28
353 351 28
353 689 -8
353 5 -8
691 35 -28
691 665 -19
691 717 8
691 692 -8
357 359 28
357 693 28
357 9 8
7 32 13
7 8 -8
7 666 -28
354 328 -8
354 10 8
354 694 -13
258 620 -28
258 928 19
620 619 -8
620 953 -19
928 930 28
928 927 -8
441 443 19
441 439 28
441 89 8
779 778 -13
779 781 28
779 777 -19
619 593 -28
619 261 28
593 567 -28
593 238 -13
593 930 -28
261 263 19
261 927 -19
261 260 19
265 623 -19
265 264 -28
265 267 -19
265 263 28
932 934 -19
932 930 -28
932 595 19
91 443 -19
443 778 -28
443 445 13
443 442 -28
450 476 19
450 101 -19
450 451 -19
450 424 -28
476 501 -8
476 126 13
476 477 -8
101 761 19
101 103 -28
101 100 13
451 99 -19
451 786 8
424 425 28
424 398 -28
424 76 8
544 187 8
544 879 -13
544 542 -19
544 543 -13
187 212 -13
187 188 28
187 854 19
879 904 -19
879 853 -8
879 880 -28
879 215 -28
542 877 28
542 540 19
542 541 -13
543 517 -28
543 190 8
543 569 -8
917 248 -13
917 579 -28
917 915 28
917 916 8
248 608 8
248 271 13
248 223 13
579 580 8
579 224 8
579 553 -13
579 605 -13
915 247 -28
915 914 -8
916 250 8
916 941 -8
916 890 19
300 275 28
300 972 -8
275 638 -19
275 276 -28
275 251 8
275 946 8
972 635 -13
972 974 28
972 971 -13
975 949 28
975 307 -28
975 976 13
949 616 13
949 950 13
949 923 8
307 306 -19
307 309 -8
307 305 8
976 978 -28
976 974 -8
976 639 -13
976 304 -28
577 578 28
577 551 -28
577 603 -19
578 220 19
578 912 13
551 552 -28
551 525 -13
603 604 28
978 641 19
978 306 -13
641 615 13
588 587 8
588 921 -28
588 586 -19
588 229 -8
587 232 19
587 613 19
587 924 13
587 561 -8
921 922 -8
921 896 19
921 947 28
921 256 -28
586 227 8
586 585 -8
586 584 28
229 897 -8
229 253 28
229 230 -13
790 130 13
790 455 -13
793 129 -19
793 792 19
411 413 28
411 747 -13
384 724 19
384 358 -28
384 39 19
750 87 19
750 749 8
436 88 19
436 462 19
436 775 -28
413 749 -19
413 412 -8
749 90 -28
749 723 8
749 774 13
412 386 19
412 438 13
812 477 28
812 837 28
812 151 28
812 786 13
837 863 -13
837 838 13
837 174 13
151 501 -13
151 150 -8
786 787 13
786 126 19
786 761 13
623 960 -19
623 624 -8
960 959 -8
960 958 -8
624 626 19
175 842 19
175 176 -13
175 532 28
842 840 -8
842 844 -28
176 529 -8
176 178 -28
176 174 28
176 839 8
532 534 -13
532 867 28
532 530 19
532 531 19
361 13 28
361 359 19
361 697 28
361 363 -13
361 360 28
13 38 19
13 672 -8
13 14 28
359 695 -19
359 358 8
697 41 8
697 671 8
697 723 -28
697 698 -13
363 699 -28
363 15 28
360 16 8
360 334 -19
360 700 -28
360 386 -13
626 625 -13
626 264 -13
626 959 -8
625 267 19
625 651 -28
625 599 19
264 934 -8
959 933 28
959 985 -19
472 811 -8
472 473 19
472 498 8
472 123 28
472 446 -8
811 147 13
811 810 19
811 809 19
473 808 8
473 120 -13
473 475 -8
473 471 19
498 148 -19
498 523 13
498 836 19
123 121 -13
123 782 -19
123 122 28
446 785 -19
446 447 8
446 98 28
446 420 28
934 933 28
934 936 -8
633 634 -19
633 274 13
634 271 -13
634 967 8
634 632 19
274 941 -13
274 276 -13
274 273 -19
274 272 -13
676 674 -28
676 336 8
16 15 13
16 14 8
16 671 8
15 674 8
15 40 28
14 358 -28
14 12 19
14 669 -8
671 335 -28
671 672 8
937 912 -28
937 604 19
912 913 19
604 602 8
267 933 -8
267 266 13
266 243 8
266 936 -13
266 291 -28
457 104 28
457 455 19
457 456 -19
457 792 19
104 79 19
104 105 -19
104 129 13
456 107 28
456 482 -19
792 818 8
792 132 28
792 766 -28
79 431 -28
79 742 13
79 54 -19
105 107 -19
105 103 13
129 130 -13
129 483 -13
680 340 19
680 682 -19
680 21 -19
680 679 -8
677 703 -13
677 341 8
550 193 -13
550 552 19
550 549 13
550 548 28
193 860 19
193 218 28
193 194 -28
193 168 8
552 195 28
549 523 -8
549 196 8
549 887 -13
549 575 28
548 883 -19
548 547 -19
88 87 -28
88 90 -8
88 747 -19
87 439 -13
90 438 8
90 89 -13
747 772 8
106 131 -19
106 81 -19
106 107 8
131 485 19
131 132 -19
81 433 13
81 82 19
81 56 28
107 766 -19
58 720 -19
58 34 28
717 381 -13
717 718 13
717 743 -13
148 146 13
148 147 -8
148 808 -13
146 496 8
146 145 -8
146 144 28
146 806 19
147 500 19
147 170 13
147 122 13
808 809 28
808 782 13
927 902 -8
927 953 -19
340 341 28
340 366 -8
341 343 8
366 367 8
366 706 -8
366 392 -8
724 723 19
723 387 -28
501 840 19
840 838 -28
840 173 -8
840 839 28
150 125 -28
150 173 -8
125 126 -19
125 100 -8
173 530 -28
173 174 13
755 756 28
755 729 -13
755 780 8
755 96 13
418 392 -8
418 444 8
418 758 28
818 483 13
483 485 -28
483 482 13
766 431 -28
766 741 -28
640 973 -19
640 277 -19
640 639 28
640 638 19
973 974 -8
973 305 -13
973 947 -13
277 948 13
277 302 -8
277 278 28
277 253 28
639 280 19
639 613 19
638 637 13
638 971 13
367 703 -8
367 369 13
703 729 8
703 47 8
703 704 8
369 21 28
369 705 13
369 368 -13
44 704 13
44 393 19
682 23 -13
682 342 13
23 48 -13
23 24 -13
342 343 8
342 368 13
38 698 28
38 387 -19
38 39 -28
698 358 8
698 700 -13
387 386 -19
39 41 -8
39 695 -28
860 858 13
860 521 -28
860 862 -13
860 859 19
858 856 -8
858 519 -13
858 857 -28
521 547 8
521 496 -8
521 522 28
521 169 -19
862 523 8
862 861 13
862 195 -8
859 196 -19
859 833 13
859 524 -8
21 46 8
24 679 -8
24 368 -28
135 489 13
135 136 13
135 799 -13
279 304 8
279 280 -13
279 255 13
279 950 -8
304 305 -13
280 947 28
280 278 8
255 231 8
255 616 13
255 924 8
255 256 28
950 948 -19
950 613 -19
950 952 8
232 231 13
232 234 -28
232 230 13
232 896 -28
231 899 8
231 206 -28
234 589 8
234 898 -28
234 236 8
230 585 8
230 894 19
230 228 19
896 562 19
896 871 19
896 897 -28
901 899 28
901 563 -8
905 567 -8
905 904 13
905 237 8
902 238 8
902 877 28
523 171 13
523 524 8
171 833 19
171 170 -8
171 169 28
524 168 -13
524 526 -8
524 522 -19
64 89 28
64 40 8
602 601 -8
602 243 -13
599 244 -28
599 936 13
732 70 13
732 392 -8
732 731 -8
732 734 -19
729 393 8
337 336 -28
337 335 -28
337 673 28
335 333 8
335 334 -13
673 674 -13
673 699 -8
482 132 -8
533 534 -19
533 559 -8
533 872 -28
567 213 -13
567 541 8
213 877 -13
213 212 -28
213 215 -28
541 515 8
541 188 8
541 880 -8
948 611 -28
948 947 28
948 946 -19
611 585 19
611 637 19
611 254 8
611 612 19
947 614 8
946 945 8
946 944 -13
946 609 -8
775 774 8
775 777 13
772 798 19
196 195 -19
196 194 -8
195 220 8
195 170 -19
194 192 19
194 547 13
194 857 -28
883 857 -19
883 219 -28
857 522 28
219 218 19
219 221 -28
381 379 -28
381 32 -28
379 377 -8
379 30 19
379 715 28
32 56 8
32 33 8
32 692 -19
979 953 8
308 309 -8
35 33 8
35 34 -8
33 31 -8
33 689 19
34 9 -28
34 694 -13
238 236 28
238 237 -8
237 212 19
237 260 -8
350 324 13
350 351 -8
350 690 28
350 376 -13
350 6 8
324 325 13
324 664 19
351 3 28
351 687 19
690 30 -8
690 692 28
690 689 -19
690 688 28
376 377 -19
376 31 28
376 716 -13
6 8 8
6 5 -19
6 4 -8
6 661 -13
427 75 19
427 425 -28
75 100 -28
75 51 -8
75 76 -28
75 738 13
425 761 -28
425 74 -8
73 420 13
73 731 19
70 46 -28
70 95 -28
742 741 -28
742 740 -28
743 84 8
343 679 19
679 705 8
547 886 -8
952 615 -19
218 243 -13
218 886 28
243 244 -28
886 887 8
583 584 28
583 557 28
583 228 -8
583 609 19
583 920 -28
584 225 -28
584 918 19
557 895 13
557 531 19
557 558 -8
228 227 13
228 892 13
609 635 13
609 610 19
609 252 19
920 251 -19
920 922 8
386 41 -13
985 986 -13
985 317 28
654 653 19
654 291 28
654 656 19
651 988 -28
328 329 -8
328 668 8
10 9 28
10 8 -13
10 665 -8
10 12 8
694 693 -8
694 692 -13
41 40 13
40 700 19
291 316 8
693 667 -8
9 668 28
668 666 13
668 670 28
668 667 28
244 242 -19
706 705 -28
706 46 -13
706 704 -8
705 49 -19
705 731 -19
46 395 8
46 47 28
672 674 8
672 332 -19
672 670 -13
517 856 8
517 165 -19
517 518 19
517 492 -13
190 192 -28
190 188 -8
190 853 -19
190 189 8
569 570 13
569 215 -8
569 595 28
674 334 -19
84 82 28
82 741 19
519 494 -28
519 167 8
519 520 -19
495 493 28
495 830 -19
495 494 28
495 141 -19
495 497 -19
493 492 8
493 139 13
830 804 13
830 167 -8
494 468 -8
494 832 -8
494 144 -8
141 164 19
141 805 13
141 142 28
497 496 -8
497 143 -19
613 614 -19
613 256 28
924 923 8
924 922 -19
561 899 8
561 562 -28
561 207 -8
561 535 -19
958 621 8
589 615 -13
589 563 13
615 616 28
563 564 -19
563 537 13
563 209 -8
438 464 8
438 777 -13
438 439 -13
761 735 8
735 736 28
735 399 8
735 709 28
735 76 -13
887 220 -13
699 700 28
737 401 19
737 78 28
737 738 -28
856 189 -28
856 854 -19
189 164 13
854 852 -19
854 515 -28
854 853 -19
635 276 -28
276 278 -28
575 601 -19
575 913 13
575 221 28
25 684 -28
25 50 -19
25 373 28
25 0 8
684 683 8
50 74 8
50 399 -28
50 710 28
373 372 -8
373 709 19
373 375 28
0 347 -19
0 658 19
251 227 28
251 252 -28
251 612 13
89 114 -28
836 170 -13
836 835 -8
836 834 28
899 898 -8
899 897 13
898 923 -28
898 873 -8
898 564 28
897 895 -19
897 559 -28
227 895 -28
227 202 -28
895 894 -8
895 893 28
202 560 19
202 177 -8
202 870 28
756 758 28
756 93 -28
758 757 19
758 95 8
758 760 -19
93 445 8
93 118 19
93 94 -19
720 718 -8
500 835 -8
500 499 -8
835 810 19
835 861 13
499 474 13
499 525 8
170 526 -8
122 97 28
122 785 28
122 475 28
595 621 28
333 332 -8
333 669 19
333 331 28
332 358 -28
669 695 -19
669 670 8
331 330 28
331 667 28
331 329 28
944 273 28
944 942 19
610 608 -19
610 249 -28
610 612 -8
918 892 -28
918 252 -28
833 834 8
377 28 13
377 375 -13
377 713 -13
28 3 19
28 688 19
375 26 19
375 374 13
713 739 -28
713 714 8
713 55 -8
713 687 -8
861 526 -28
263 621 19
621 647 8
31 687 19
31 30 28
687 661 19
687 688 -8
30 5 -28
30 54 28
206 564 19
206 181 -8
206 874 13
206 207 -19
715 741 -8
715 716 -13
715 689 13
877 851 19
904 570 -13
393 395 19
393 392 -28
74 736 -28
74 99 8
736 738 13
739 403 -8
739 740 28
403 401 8
740 400 -28
740 77 -19
740 738 13
616 614 -13
220 221 19
562 564 8
562 560 13
560 894 -13
560 559 13
560 558 -28
352 8 28
352 692 19
352 326 13
8 663 28
326 666 8
326 327 -8
77 78 28
431 433 -8
608 606 19
608 941 13
606 247 -28
606 605 8
941 967 19
941 942 13
26 1 -19
26 51 -13
26 27 -19
688 348 13
346 372 -19
346 347 13
346 2 19
346 320 28
54 55 -13
54 716 28
804 469 28
804 778 -8
804 144 -8
804 805 28
469 468 28
469 467 8
469 471 28
144 143 -28
144 142 8
805 803 -8
805 807 13
208 183 -28
208 876 8
208 209 -19
585 559 -13
585 922 -13
559 205 8
922 253 13
209 873 -13
209 207 13
875 540 28
875 849 28
875 876 -13
966 965 28
966 295 -28
966 968 28
965 297 28
965 939 -19
965 632 -13
295 270 -13
968 296 -19
968 967 -28
968 631 -13
322 323 -28
322 348 -8
322 662 8
323 325 28
323 321 13
348 374 -19
348 4 19
662 661 28
662 664 -8
662 660 28
662 3 -13
880 212 -19
12 667 -19
330 670 -13
401 399 -13
401 51 -28
401 400 -19
399 398 19
51 712 19
51 52 -13
400 53 -8
400 374 28
368 394 -28
48 397 -13
48 49 28
614 253 -28
614 612 28
253 254 -8
612 945 -19
468 442 -28
468 807 -28
832 166 19
832 834 -19
496 470 8
496 834 8
143 807 19
143 118 -19
143 166 28
930 260 13
894 869 -19
869 534 -28
869 870 -28
869 205 -8
807 809 13
807 806 28
118 471 28
118 781 8
166 522 -28
166 167 13
298 299 -8
298 273 8
270 940 -8
270 632 8
270 247 -13
964 627 19
810 475 13
810 784 -13
475 474 8
784 785 -13
784 449 -13
297 299 13
297 296 28
299 967 -8
296 271 -8
974 637 -28
974 302 19
971 303 13
971 945 -19
580 222 19
580 914 8
223 224 28
223 891 -28
329 327 13
329 665 -19
939 272 28
939 914 -28
939 940 -28
272 631 19
272 271 -13
914 888 8
940 942 -19
520 164 -28
520 518 -28
520 522 -13
56 718 -8
372 27 8
372 712 -8
372 398 8
27 683 8
712 714 19
712 710 13
398 738 -13
398 52 -13
637 278 -13
278 945 -19
492 142 -8
467 802 28
467 465 13
467 114 28
525 526 -13
1 2 -28
1 660 -13
302 303 -13
873 538 -28
873 874 28
94 442 28
94 96 -8
474 448 8
665 666 19
303 305 -13
709 683 -8
709 710 -13
709 52 -13
76 78 13
718 716 8
716 714 -19
394 49 -19
394 420 -28
394 734 19
394 395 13
49 47 13
420 760 13
395 731 -28
395 397 8
5 664 -19
168 145 19
168 834 19
168 169 -13
120 145 -19
120 121 13
120 783 -13
120 95 -19
471 470 -8
471 806 -13
871 207 -8
871 845 -8
871 872 -13
207 205 -28
845 182 -8
872 870 -28
872 874 -13
271 942 19
632 631 -28
121 470 8
121 780 -8
782 447 -13
782 757 8
782 783 -13
273 249 -8
165 164 -13
165 163 28
165 167 28
518 853 19
518 516 -13
535 182 -13
535 509 -28
535 874 19
480 130 -19
181 182 -19
181 848 -19
181 538 -19
874 876 -8
851 852 -19
851 188 -8
851 516 -19
851 826 -19
250 249 19
250 252 -8
249 225 -28
225 893 -8
47 392 19
256 254 -13
534 177 -8
177 178 19
177 844 8
142 140 8
142 802 13
570 212 8
631 605 -19
325 661 -8
325 327 -19
664 663 19
664 666 -28
53 55 13
53 52 -8
374 714 13
3 4 13
462 488 28
488 513 28
488 489 19
4 2 -8
470 809 -8
470 444 28
893 892 -19
893 891 -8
145 809 28
540 538 8
540 183 13
538 537 19
183 184 -8
183 850 -13
867 892 -19
892 558 -13
442 781 -8
891 889 -28
891 553 13
891 890 -13
513 852 19
852 850 13
167 169 -19
531 178 13
531 870 -13
558 556 -13
186 188 28
186 184 19
186 849 -13
184 182 -19
184 537 19
849 850 28
849 824 28
97 449 19
97 98 -19
97 760 19
785 783 13
448 449 8
783 781 -8
783 444 8
537 876 -28
942 605 19
252 254 -13
347 683 28
683 657 8
663 327 -8
663 689 8
485 487 -28
487 489 -13
487 486 19
222 889 -8
222 197 13
222 247 -13
464 803 8
464 465 -8
803 802 -8
803 139 -19
465 800 13
848 509 -8
848 850 -19
447 445 19
447 449 -19
447 95 13
445 780 -8
445 444 19
95 96 8
889 888 -13
888 224 8
888 863 28
888 554 8
826 800 -28
826 163 19
489 824 -8
601 627 19
627 653 13
140 139 -8
140 800 -28
139 114 -8
800 774 -8
806 780 -8
321 657 13
321 320 -8
444 96 8
515 163 -8
515 516 -19
988 986 -19
988 316 13
988 990 28
986 314 -8
316 317 -28
990 653 -19
990 318 -19
990 989 -19
780 781 -8
114 777 28
657 658 28
657 2 -13
658 660 8
319 317 8
319 318 -28
731 757 8
397 396 19
320 660 -19
757 98 -28
98 96 -8
458 797 8
486 136 28
797 799 19
553 554 13
774 439 -8
863 528 13
554 556 -19
554 197 8
890 556 -8
798 824 28
798 799 13
989 656 19
655 656 13
529 530 8
130 132 8
530 528 -13
