982 981 8
982 310 28
982 980 -13
982 984 28
982 645 -28
981 313 8
981 955 -19
981 648 13
310 285 -13
310 311 8
980 978 8
980 308 19
980 643 19
980 979 19
984 312 -19
984 647 28
984 986 -13
984 983 13
645 619 -13
645 646 19
645 286 13
137 801 -28
137 160 -13
137 491 13
137 138 -13
137 112 8
801 462 28
801 800 19
801 803 8
801 799 -13
160 185 28
160 161 19
160 516 28
160 827 8
491 493 -28
491 490 -19
491 826 28
491 489 8
138 140 -13
138 488 -13
138 136 8
138 798 8
112 113 -19
112 465 -28
112 775 -28
112 87 -19
592 233 -19
592 590 19
592 591 28
592 594 -19
592 925 -13
233 234 13
233 208 19
233 901 -13
233 257 -8
590 588 -28
590 589 13
590 231 8
590 923 8
591 565 28
591 617 28
591 928 19
591 236 13
594 235 8
594 596 -28
594 927 -13
594 593 8
925 259 19
925 900 -28
925 951 19
925 926 13
338 339 -8
338 364 19
338 678 13
339 675 -28
339 337 13
339 341 19
364 20 8
364 704 8
364 390 13
364 365 8
678 676 19
678 19 -13
678 680 -28
678 677 -13
414 388 -28
414 754 28
414 415 -28
414 440 19
414 67 -28
388 728 -8
388 362 13
388 389 -8
388 43 19
754 91 -8
754 756 -28
754 752 -28
754 753 -19
415 417 13
415 751 -28
415 413 -8
415 64 -28
440 441 8
440 779 8
440 466 8
440 92 -8
67 69 8
67 65 13
67 725 -13
67 66 13
817 478 8
817 815 -13
817 816 28
817 819 -8
478 503 -8
478 452 8
478 479 -8
478 128 13
815 150 -13
815 814 19
815 813 -28
815 476 13
816 154 -28
816 481 19
816 790 19
816 841 -28
819 818 -19
819 153 13
819 821 28
819 480 -28
149 124 -13
149 502 -19
149 813 13
149 172 -8
124 787 8
124 99 8
124 477 28
502 501 19
502 837 8
502 504 -13
813 812 13
172 197 -8
172 528 28
172 838 -19
417 66 19
417 753 19
417 416 -19
417 419 19
66 728 28
66 42 13
753 727 13
753 778 -13
753 94 -13
416 69 -28
416 756 -19
416 390 -8
416 442 19
419 755 -28
419 418 13
419 68 -19
419 421 28
382 37 28
382 722 -28
382 408 -13
382 383 -13
382 356 19
37 36 -19
37 35 -8
37 39 19
37 693 -13
722 724 -19
722 60 13
722 721 -8
722 720 28
408 434 -8
408 748 -13
408 409 19
408 61 19
383 381 -19
383 719 -19
383 34 -19
383 385 13
356 357 -28
356 12 8
356 330 19
356 696 -13
765 763 -28
765 102 19
765 764 -8
765 767 -28
765 426 28
763 762 19
763 424 -8
763 100 8
102 127 -8
102 77 19
102 103 -13
102 455 -19
764 739 -28
764 429 8
764 790 -13
764 105 -13
767 428 -13
767 104 -13
767 766 8
767 769 -28
426 427 8
426 400 28
426 452 -13
426 78 8
179 536 -8
179 204 -28
179 180 -8
179 846 28
179 155 -19
536 871 -13
536 534 28
536 535 19
536 538 13
204 562 8
204 229 -13
204 872 8
204 205 13
180 533 19
180 182 -28
180 178 -19
180 843 13
846 507 8
846 848 -13
846 844 13
846 845 28
155 510 28
155 131 19
155 821 13
630 963 -13
630 629 -19
630 628 -28
630 268 -13
963 937 -8
963 964 -19
963 989 -28
629 603 -8
629 655 19
628 961 -13
628 626 -19
628 266 -8
628 627 -19
268 269 -28
268 293 -28
268 245 28
268 938 -28
269 267 -13
269 627 -8
269 935 28
293 318 -8
293 294 -19
293 656 -13
293 964 -8
245 913 8
245 220 -19
245 246 -19
245 604 -28
938 937 -28
938 936 8
938 601 -28
36 696 28
36 11 -13
36 385 -8
36 60 8
696 695 28
696 698 -19
696 694 -19
11 12 28
11 670 -28
11 359 8
385 387 -13
385 721 -19
385 384 -8
60 85 13
60 61 -19
60 411 -13
20 18 -19
20 675 13
20 22 -19
20 19 8
18 16 -28
18 362 -13
18 673 8
18 17 -19
675 701 28
675 676 8
22 366 -28
22 21 -28
22 677 19
22 24 -13
19 367 28
19 44 -19
239 907 8
239 598 28
239 240 13
239 214 8
239 262 19
907 909 -19
907 905 13
907 569 8
907 906 13
598 600 -8
598 931 -28
598 597 28
598 596 -8
240 238 -28
240 595 -19
240 242 -19
240 904 -19
214 882 -19
214 572 -13
214 215 19
214 189 -19
262 263 19
262 932 -19
262 287 -19
262 624 8
461 463 -19
461 460 -13
461 459 19
461 108 13
461 796 -19
463 110 8
463 462 -8
463 465 8
463 798 -19
460 111 19
460 434 -8
460 486 28
460 799 -19
459 794 -13
459 457 -8
459 106 -28
459 458 -19
108 771 -19
108 83 -28
108 133 -13
108 109 19
796 797 -8
796 822 8
796 770 -8
796 136 -28
771 769 8
771 773 19
771 770 28
771 432 -28
83 84 28
83 58 -19
83 746 19
83 435 19
133 487 -13
133 797 13
133 134 8
133 156 8
109 111 8
109 107 -19
109 458 13
109 768 -19
701 365 19
701 727 19
701 702 13
701 45 19
365 367 -8
365 363 -8
365 17 -19
727 728 -8
727 69 -28
727 391 -13
702 42 19
702 700 13
702 362 28
702 704 -19
45 43 -13
45 390 8
45 44 28
45 47 -13
910 935 -13
910 911 -28
910 885 -28
910 246 -13
910 576 28
935 961 13
935 936 28
935 602 -13
911 909 -8
911 573 13
911 913 28
911 243 13
885 550 -8
885 886 28
885 859 13
885 221 -28
246 244 -19
246 601 -28
576 574 -19
576 218 -28
576 575 8
576 578 -28
428 80 -8
428 454 -19
428 429 28
428 402 -28
80 739 -8
80 79 28
80 82 -28
80 78 28
454 480 -28
454 455 -13
454 793 8
454 105 -13
429 427 13
429 77 -28
429 431 -19
402 403 19
402 55 -8
402 376 -28
402 742 -28
111 110 -19
111 770 8
111 113 28
110 85 13
110 135 19
110 773 -13
770 745 19
770 435 13
113 462 -13
113 772 28
113 115 8
285 286 28
285 956 19
285 260 19
285 648 8
311 313 28
311 309 -13
311 979 8
313 312 28
313 315 13
312 287 -13
315 314 13
315 983 -19
315 317 19
685 29 -8
685 686 -8
685 711 -13
685 349 8
685 659 19
29 31 -8
29 374 -19
29 28 -8
29 27 19
686 26 -13
686 684 -19
686 688 -13
686 346 28
711 737 -19
711 375 19
711 53 19
711 712 -8
349 351 -13
349 347 8
349 348 -28
349 1 8
659 323 -13
659 660 19
659 4 19
63 61 8
63 65 -8
63 410 8
63 62 13
63 721 -13
61 59 -19
61 719 -8
65 64 8
65 412 28
65 723 19
410 411 19
410 384 28
410 750 13
410 436 -13
62 413 19
62 724 19
62 38 -19
62 87 13
721 695 19
721 747 -28
745 86 8
745 719 8
745 746 -13
745 409 -13
86 434 28
86 85 19
86 88 8
86 84 8
719 693 -28
719 720 13
746 406 13
746 744 -13
746 748 13
409 58 28
409 407 -19
409 411 13
506 504 8
506 508 19
506 841 -13
506 505 28
504 150 8
504 503 -28
504 839 19
508 507 -28
508 510 28
508 843 13
508 153 8
841 867 28
841 842 -19
841 178 -28
505 154 -19
505 480 28
505 844 13
505 531 8
600 933 19
600 602 8
600 241 -19
600 599 13
931 265 19
931 906 -28
931 957 8
931 932 28
597 571 28
597 623 -8
597 934 -13
597 242 28
596 237 -13
596 929 8
596 595 -13
344 370 13
344 345 28
370 396 13
370 371 19
345 343 -28
345 681 28
728 730 28
728 726 19
730 390 13
730 68 8
730 732 -8
730 729 -8
726 724 13
726 64 13
726 725 -19
726 386 28
955 288 8
955 956 13
955 929 -19
955 622 19
288 290 28
288 286 28
288 647 8
288 287 -13
956 619 -13
956 954 28
956 958 28
929 263 -13
929 930 -28
929 904 19
622 620 19
622 260 -8
622 624 -19
622 621 -28
154 152 -13
154 153 -28
152 814 -19
152 151 -13
152 503 -8
153 177 8
153 129 8
565 211 -8
565 903 -13
565 566 -8
565 539 13
211 210 -28
211 213 28
211 209 28
211 875 19
903 235 8
903 901 28
903 905 -19
903 902 -19
566 568 13
566 900 -8
566 564 28
566 208 -19
539 540 -8
539 513 -13
539 186 28
539 878 -13
507 482 -19
507 533 -19
510 512 13
510 845 8
510 509 13
843 818 -28
843 869 -8
843 844 28
823 822 -13
823 484 8
823 821 -8
823 825 -13
823 156 -13
822 159 19
822 487 -13
822 847 13
484 485 -13
484 134 19
484 458 -19
484 509 13
821 482 13
821 820 -28
825 486 19
825 827 -13
825 158 13
825 824 -8
156 512 28
156 181 -19
156 157 -19
788 814 19
788 453 -8
788 762 -28
788 128 8
788 789 -19
814 479 -19
814 839 28
453 451 -19
453 100 -8
453 452 8
453 455 -8
762 427 28
762 103 -28
762 737 19
128 127 -8
128 126 28
128 130 19
789 450 -28
789 791 -19
789 787 8
789 125 -13
210 878 8
210 185 -13
210 568 -13
210 235 13
878 877 28
878 880 8
878 876 -13
185 186 28
185 542 -19
185 852 19
568 567 -8
568 902 28
568 570 -13
235 258 13
235 236 -28
423 759 19
423 421 -8
423 72 -28
423 422 -13
759 784 -19
759 760 -8
759 733 -28
421 757 8
421 70 28
421 420 8
72 48 -13
72 97 28
72 73 28
72 734 19
422 396 -8
422 448 19
362 363 19
362 336 -8
389 387 8
389 725 8
389 391 19
389 40 13
43 42 8
43 41 -8
43 699 19
769 106 8
769 768 -13
769 430 -13
773 434 -28
773 775 19
773 772 -8
432 406 8
432 84 -13
432 458 -8
432 433 13
881 906 -13
881 546 -8
881 882 -8
881 217 -8
881 855 13
906 242 -8
906 572 -28
546 544 -8
546 545 13
546 548 28
546 189 19
882 543 28
882 884 -13
882 880 8
217 571 -19
217 216 8
217 219 28
217 215 13
855 856 19
855 192 -28
855 830 13
855 520 13
644 643 13
644 977 19
644 646 19
644 281 13
644 642 8
643 284 13
643 617 19
977 978 19
977 951 19
977 309 -19
646 979 -19
646 283 8
646 648 13
281 306 19
281 952 28
281 282 28
281 257 13
642 975 -19
642 640 -13
642 279 8
642 641 -28
42 391 -19
42 17 19
391 390 8
391 393 19
17 676 -8
866 527 28
866 864 -13
866 868 13
866 865 -19
866 198 13
527 501 13
527 553 -19
527 528 19
527 174 -8
864 197 8
864 863 28
868 867 28
868 529 -13
868 870 28
868 200 -28
865 201 -8
865 530 -13
865 890 -19
865 839 -19
198 223 19
198 556 8
198 173 13
198 199 -28
284 283 13
284 286 -13
284 282 -13
284 951 -19
283 258 19
283 954 -19
283 308 28
286 953 -8
282 641 -19
282 949 -19
282 280 -13
951 952 19
951 618 19
707 371 -28
707 708 -8
707 681 13
707 733 -8
371 369 28
371 23 -19
708 706 -19
708 368 -28
708 48 28
681 682 -28
733 734 -28
733 397 -28
434 435 19
435 433 28
435 437 -8
259 617 19
259 258 28
259 261 28
900 875 -13
900 236 13
900 901 -19
926 589 8
926 924 8
926 928 19
926 257 -28
117 466 13
117 116 -28
117 119 19
117 115 -28
117 776 -8
466 805 13
466 492 -13
466 467 -28
116 91 19
116 469 8
116 779 -13
116 141 -8
119 468 28
119 778 28
119 121 13
119 118 13
115 464 19
115 774 -8
115 114 19
776 751 -8
776 777 -19
776 441 28
776 802 -13
85 437 -19
85 748 -19
437 436 -19
437 772 -13
437 439 8
748 750 -28
748 747 -8
69 68 -19
69 71 19
68 44 13
68 93 -19
71 73 19
71 70 8
71 729 -8
71 418 8
751 725 -19
751 752 19
751 92 13
725 699 19
752 750 -13
752 412 28
752 89 -13
92 91 8
92 90 28
92 94 13
512 514 -13
512 847 28
512 511 8
514 513 19
514 849 -28
514 158 -13
514 516 -8
847 873 8
847 848 8
847 184 28
511 159 8
511 537 -8
511 486 13
511 850 -8
503 842 -13
503 529 -19
452 791 8
452 103 19
479 481 19
479 477 -8
479 125 -13
969 943 28
969 301 -19
969 636 -28
969 970 19
943 276 13
943 944 -28
943 610 -13
943 918 19
301 300 19
301 303 -19
301 299 -19
636 635 -28
636 634 -19
636 273 13
636 638 -8
970 633 -28
970 972 -19
970 968 19
970 298 13
961 294 8
961 987 13
961 962 -28
294 292 -19
294 653 13
987 988 19
987 319 8
987 654 13
962 960 8
962 625 -19
962 964 -8
962 291 13
159 157 8
159 161 28
159 158 28
157 820 -8
157 509 8
161 513 19
161 824 -19
161 163 28
158 135 19
158 183 -8
571 909 8
571 572 -19
571 545 -13
909 241 -28
909 908 19
572 574 -13
572 570 28
545 519 -28
545 192 -8
545 884 -8
127 791 -8
127 481 8
791 790 -13
791 793 -8
481 480 28
481 483 -19
829 490 19
829 831 8
829 828 28
829 162 -28
829 827 -28
490 464 28
490 140 -8
490 515 -19
831 164 28
831 492 28
831 830 -28
831 832 -8
828 165 13
828 493 -28
828 802 8
828 853 -28
162 518 28
162 139 8
162 187 28
162 163 -28
827 826 -28
827 488 28
574 908 -8
574 216 8
574 573 8
908 883 -19
908 244 28
908 933 -8
216 241 19
216 884 -8
216 191 -28
573 219 13
573 599 -28
573 547 28
794 768 -13
794 795 -19
794 820 -19
794 134 -8
768 433 13
768 743 -13
795 793 -8
795 456 -8
795 797 8
795 131 19
820 485 8
820 845 -19
134 136 28
134 132 13
241 264 28
241 242 8
884 883 8
884 886 -13
191 192 -19
191 858 13
191 166 19
191 548 13
581 555 28
581 607 -8
581 226 13
581 919 -8
581 582 8
555 201 -19
555 893 28
555 556 -13
555 529 13
607 633 13
607 608 28
607 944 -19
607 250 8
226 225 13
226 228 -19
226 224 -13
226 890 -19
919 917 -28
919 918 -13
919 920 -28
582 580 -8
582 584 19
582 916 -8
582 223 28
404 57 -13
404 744 28
404 405 -8
404 378 -13
404 430 -13
57 59 19
57 55 19
57 715 8
57 56 13
744 81 19
744 742 -28
744 743 -19
405 407 19
405 741 -13
405 403 -8
405 54 -19
378 379 28
378 352 8
378 718 -13
378 33 8
430 431 28
430 456 -19
430 82 8
650 652 8
650 648 13
650 983 -13
650 649 13
650 287 -19
652 289 -8
652 985 -28
652 654 -13
652 651 8
648 647 19
983 957 -13
649 290 -8
649 623 -13
649 986 8
287 958 -28
201 199 13
201 203 8
201 200 13
199 863 19
199 553 -19
203 867 19
203 557 -19
203 202 -13
203 205 -19
200 175 -28
200 225 -13
200 558 8
617 954 -28
617 618 28
954 953 -8
954 952 -19
618 620 28
618 616 -19
618 257 -13
290 292 13
290 289 -19
290 957 8
292 291 13
292 959 -28
292 651 13
289 264 -8
289 960 -19
957 624 8
957 958 8
406 407 -28
406 59 13
406 380 -28
407 56 28
407 743 -19
59 58 8
59 717 -19
380 381 13
380 35 -19
380 354 8
380 720 -13
355 353 28
355 691 28
355 357 -13
355 7 19
355 354 -19
353 352 19
353 351 -28
353 689 -13
353 5 -13
691 35 -8
691 665 -13
691 717 13
691 692 -28
357 359 -13
357 693 13
357 9 -13
7 32 -19
7 8 -13
7 666 -19
354 328 8
354 10 -13
354 694 -8
258 620 -28
258 928 -19
620 619 8
620 953 8
928 930 13
928 927 -28
441 443 19
441 439 13
441 89 -8
779 778 8
779 781 -19
779 777 28
619 593 -19
619 261 19
593 567 28
593 238 -8
593 930 13
261 263 -19
261 927 28
261 260 19
265 623 -13
265 264 -19
265 267 -8
265 263 -19
932 934 19
932 930 -28
932 595 -28
91 443 -28
443 778 19
443 445 13
443 442 28
450 476 -13
450 101 -8
450 451 -28
450 424 -19
476 501 19
476 126 -8
476 477 8
101 761 19
101 103 8
101 100 -19
451 99 -19
451 786 -28
424 425 13
424 398 -19
424 76 19
544 187 19
544 879 -13
544 542 13
544 543 -19
187 212 -8
187 188 8
187 854 -28
879 904 -13
879 853 8
879 880 -19
879 215 -19
542 877 -19
542 540 -13
542 541 13
543 517 8
543 190 -8
543 569 -13
917 248 -8
917 579 13
917 915 19
917 916 28
248 608 -13
248 271 19
248 223 19
579 580 13
579 224 8
579 553 -19
579 605 -8
915 247 28
915 914 28
916 250 13
916 941 -28
916 890 -13
300 275 -8
300 972 -28
275 638 19
275 276 28
275 251 -28
275 946 -13
972 635 -8
972 974 -13
972 971 8
975 949 -13
975 307 -8
975 976 -28
949 616 -28
949 950 -28
949 923 -28
307 306 -8
307 309 8
307 305 19
976 978 13
976 974 -28
976 639 -28
976 304 8
577 578 -19
577 551 -13
577 603 13
578 220 -28
578 912 28
551 552 13
551 525 19
603 604 28
978 641 8
978 306 -28
641 615 -13
588 587 -8
588 921 28
588 586 -28
588 229 13
587 232 -13
587 613 19
587 924 19
587 561 -19
921 922 28
921 896 -19
921 947 -13
921 256 -28
586 227 13
586 585 8
586 584 -8
229 897 -19
229 253 -19
229 230 -8
790 130 13
790 455 -13
793 129 13
793 792 28
411 413 28
411 747 28
384 724 8
384 358 13
384 39 -28
750 87 19
750 749 8
436 88 -8
436 462 13
436 775 13
413 749 -28
413 412 28
749 90 13
749 723 -8
749 774 -28
412 386 13
412 438 -19
812 477 -28
812 837 28
812 151 -28
812 786 13
837 863 -13
837 838 -28
837 174 8
151 501 19
151 150 19
786 787 28
786 126 19
786 761 8
623 960 -28
623 624 -13
960 959 19
960 958 -28
624 626 13
175 842 8
175 176 -8
175 532 -19
842 840 19
842 844 -13
176 529 13
176 178 8
176 174 13
176 839 -8
532 534 8
532 867 -19
532 530 -28
532 531 -8
361 13 19
361 359 13
361 697 28
361 363 -19
361 360 -28
13 38 -13
13 672 -19
13 14 8
359 695 13
359 358 -19
697 41 -8
697 671 -8
697 723 28
697 698 -19
363 699 19
363 15 19
360 16 -19
360 334 -13
360 700 -8
360 386 13
626 625 19
626 264 19
626 959 28
625 267 19
625 651 -28
625 599 28
264 934 -8
959 933 28
959 985 13
472 811 -13
472 473 8
472 498 -13
472 123 -13
472 446 28
811 147 -13
811 810 19
811 809 -19
473 808 13
473 120 8
473 475 28
473 471 8
498 148 -28
498 523 13
498 836 -13
123 121 -13
123 782 28
123 122 28
446 785 -28
446 447 8
446 98 28
446 420 -8
934 933 19
934 936 13
633 634 28
633 274 19
634 271 28
634 967 19
634 632 28
274 941 8
274 276 -28
274 273 28
274 272 8
676 674 -8
676 336 13
16 15 -19
16 14 28
16 671 -28
15 674 28
15 40 19
14 358 -28
14 12 -28
14 669 28
671 335 -19
671 672 19
937 912 -28
937 604 19
912 913 -13
604 602 13
267 933 8
267 266 -8
266 243 8
266 936 28
266 291 19
457 104 -13
457 455 8
457 456 -8
457 792 19
104 79 -19
104 105 -19
104 129 28
456 107 -13
456 482 -19
792 818 -13
792 132 -19
792 766 19
79 431 -19
79 742 -13
79 54 28
105 107 -8
105 103 28
129 130 -13
129 483 28
680 340 -13
680 682 -19
680 21 -8
680 679 -19
677 703 -13
677 341 19
550 193 8
550 552 19
550 549 13
550 548 -28
193 860 -8
193 218 -8
193 194 -28
193 168 -8
552 195 -28
549 523 28
549 196 -8
549 887 -8
549 575 -13
548 883 -13
548 547 -8
88 87 -28
88 90 -28
88 747 8
87 439 28
90 438 -8
90 89 -19
747 772 13
106 131 -13
106 81 13
106 107 28
131 485 -19
131 132 -19
81 433 8
81 82 -8
81 56 8
107 766 28
58 720 -13
58 34 8
717 381 -13
717 718 13
717 743 19
148 146 19
148 147 8
148 808 -19
146 496 -28
146 145 -13
146 144 -8
146 806 28
147 500 19
147 170 -8
147 122 -8
808 809 -28
808 782 13
927 902 13
927 953 -19
340 341 -28
340 366 -13
341 343 -13
366 367 28
366 706 19
366 392 13
724 723 13
723 387 28
501 840 -13
840 838 -8
840 173 -28
840 839 19
150 125 -13
150 173 19
125 126 28
125 100 -28
173 530 19
173 174 28
755 756 -19
755 729 8
755 780 -28
755 96 -28
418 392 8
418 444 8
418 758 -13
818 483 19
483 485 -13
483 482 19
766 431 -19
766 741 19
640 973 -28
640 277 19
640 639 8
640 638 -19
973 974 -28
973 305 -8
973 947 28
277 948 -13
277 302 -8
277 278 28
277 253 -8
639 280 13
639 613 -28
638 637 -28
638 971 -13
367 703 -19
367 369 -8
703 729 13
703 47 -19
703 704 19
369 21 -19
369 705 -13
369 368 -28
44 704 -13
44 393 19
682 23 8
682 342 -13
23 48 8
23 24 8
342 343 -19
342 368 13
38 698 8
38 387 -8
38 39 -28
698 358 28
698 700 8
387 386 13
39 41 19
39 695 28
860 858 19
860 521 -8
860 862 -13
860 859 -28
858 856 -19
858 519 13
858 857 -8
521 547 19
521 496 -28
521 522 8
521 169 19
862 523 -13
862 861 -13
862 195 -19
859 196 13
859 833 8
859 524 -13
21 46 -28
24 679 8
24 368 -19
135 489 8
135 136 -8
135 799 -19
279 304 -8
279 280 -19
279 255 -13
279 950 19
304 305 8
280 947 19
280 278 8
255 231 -8
255 616 -8
255 924 28
255 256 8
950 948 -28
950 613 -19
950 952 -8
232 231 -19
232 234 19
232 230 13
232 896 -13
231 899 -13
231 206 19
234 589 -28
234 898 -19
234 236 -8
230 585 -8
230 894 -19
230 228 -13
896 562 -13
896 871 -13
896 897 13
901 899 -19
901 563 -13
905 567 -28
905 904 8
905 237 -8
902 238 13
902 877 -8
523 171 8
523 524 -8
171 833 -19
171 170 13
171 169 -19
524 168 -19
524 526 -13
524 522 -28
64 89 -19
64 40 8
602 601 -13
602 243 -13
599 244 -28
599 936 13
732 70 19
732 392 8
732 731 19
732 734 19
729 393 -13
337 336 13
337 335 8
337 673 13
335 333 19
335 334 -8
673 674 -28
673 699 19
482 132 19
533 534 13
533 559 -13
533 872 13
567 213 -8
567 541 -13
213 877 -8
213 212 -13
213 215 13
541 515 13
541 188 -28
541 880 -28
948 611 -19
948 947 19
948 946 -8
611 585 19
611 637 -13
611 254 -28
611 612 19
947 614 13
946 945 28
946 944 19
946 609 -13
775 774 8
775 777 28
772 798 -28
196 195 8
196 194 -28
195 220 -13
195 170 -28
194 192 13
194 547 13
194 857 -8
883 857 13
883 219 13
857 522 19
219 218 19
219 221 8
381 379 -13
381 32 -19
379 377 28
379 30 19
379 715 -13
32 56 -19
32 33 -19
32 692 8
979 953 8
308 309 19
35 33 -13
35 34 -28
33 31 8
33 689 13
34 9 13
34 694 -19
238 236 -13
238 237 -13
237 212 8
237 260 13
350 324 -28
350 351 -8
350 690 -28
350 376 -8
350 6 13
324 325 -8
324 664 -28
351 3 -19
351 687 28
690 30 13
690 692 13
690 689 -19
690 688 13
376 377 -8
376 31 -19
376 716 -13
6 8 -8
6 5 -8
6 4 13
6 661 28
427 75 -13
427 425 13
75 100 19
75 51 -28
75 76 -19
75 738 19
425 761 28
425 74 -8
73 420 28
73 731 28
70 46 -28
70 95 -19
742 741 8
742 740 28
743 84 13
343 679 -13
679 705 -28
547 886 -28
952 615 19
218 243 -13
218 886 13
243 244 28
886 887 -13
583 584 -8
583 557 13
583 228 8
583 609 19
583 920 -13
584 225 -13
584 918 -8
557 895 -19
557 531 28
557 558 -8
228 227 -8
228 892 -19
609 635 -19
609 610 13
609 252 -28
920 251 13
920 922 13
386 41 19
985 986 -28
985 317 -19
654 653 -13
654 291 19
654 656 -28
651 988 -19
328 329 28
328 668 19
10 9 13
10 8 28
10 665 -8
10 12 28
694 693 -13
694 692 -8
41 40 28
40 700 19
291 316 13
693 667 19
9 668 28
668 666 13
668 670 -13
668 667 28
244 242 -13
706 705 19
706 46 -13
706 704 -28
705 49 13
705 731 -19
46 395 -19
46 47 -28
672 674 -13
672 332 13
672 670 -28
517 856 8
517 165 8
517 518 13
517 492 -13
190 192 -19
190 188 -8
190 853 28
190 189 -28
569 570 -19
569 215 28
569 595 28
674 334 28
84 82 13
82 741 28
519 494 -8
519 167 -28
519 520 -8
495 493 28
495 830 -19
495 494 28
495 141 -28
495 497 -8
493 492 -13
493 139 -28
830 804 13
830 167 19
494 468 -8
494 832 28
494 144 19
141 164 -8
141 805 -28
141 142 28
497 496 -19
497 143 -8
613 614 -8
613 256 28
924 923 -8
924 922 -28
561 899 -19
561 562 8
561 207 28
561 535 13
958 621 8
589 615 -8
589 563 28
615 616 28
563 564 13
563 537 13
563 209 13
438 464 28
438 777 28
438 439 -8
761 735 -19
735 736 8
735 399 -8
735 709 13
735 76 -13
887 220 13
699 700 -28
737 401 -13
737 78 -13
737 738 8
856 189 28
856 854 8
189 164 -19
854 852 13
854 515 8
854 853 8
635 276 -19
276 278 -13
575 601 28
575 913 8
575 221 -13
25 684 19
25 50 -28
25 373 8
25 0 13
684 683 8
50 74 -28
50 399 -28
50 710 8
373 372 -8
373 709 19
373 375 -13
0 347 -19
0 658 28
251 227 28
251 252 19
251 612 -8
89 114 -8
836 170 -13
836 835 19
836 834 -28
899 898 -19
899 897 -13
898 923 13
898 873 -13
898 564 13
897 895 -28
897 559 -8
227 895 13
227 202 28
895 894 -8
895 893 19
202 560 -13
202 177 -13
202 870 -19
756 758 13
756 93 -19
758 757 -19
758 95 -28
758 760 19
93 445 19
93 118 8
93 94 13
720 718 -19
500 835 13
500 499 -19
835 810 -28
835 861 28
499 474 -19
499 525 -19
170 526 19
122 97 -8
122 785 -8
122 475 -13
595 621 -8
333 332 8
333 669 19
333 331 28
332 358 19
669 695 28
669 670 8
331 330 19
331 667 19
331 329 -13
944 273 13
944 942 -8
610 608 28
610 249 19
610 612 -13
918 892 19
918 252 28
833 834 8
377 28 -13
377 375 19
377 713 19
28 3 28
28 688 28
375 26 19
375 374 8
713 739 8
713 714 -13
713 55 -13
713 687 13
861 526 -8
263 621 -8
621 647 13
31 687 -19
31 30 28
687 661 8
687 688 -13
30 5 19
30 54 28
206 564 19
206 181 -8
206 874 19
206 207 -19
715 741 19
715 716 -28
715 689 13
877 851 -28
904 570 19
393 395 -19
393 392 13
74 736 13
74 99 8
736 738 -13
739 403 19
739 740 -8
403 401 13
740 400 -19
740 77 -13
740 738 -19
616 614 28
220 221 28
562 564 -19
562 560 -28
560 894 8
560 559 8
560 558 -19
352 8 28
352 692 -28
352 326 8
8 663 -13
326 666 8
326 327 8
77 78 19
431 433 -13
608 606 -13
608 941 19
606 247 -19
606 605 8
941 967 -13
941 942 -19
26 1 -19
26 51 13
26 27 8
688 348 -8
346 372 -19
346 347 28
346 2 -28
346 320 -8
54 55 19
54 716 -13
804 469 -8
804 778 19
804 144 -8
804 805 8
469 468 28
469 467 -19
469 471 -8
144 143 -8
144 142 -13
805 803 19
805 807 -13
208 183 19
208 876 -8
208 209 19
585 559 13
585 922 -19
559 205 -19
922 253 -8
209 873 8
209 207 19
875 540 -8
875 849 8
875 876 28
966 965 13
966 295 13
966 968 13
965 297 -13
965 939 28
965 632 28
295 270 8
968 296 -19
968 967 13
968 631 -28
322 323 -13
322 348 13
322 662 28
323 325 8
323 321 -28
348 374 13
348 4 19
662 661 19
662 664 8
662 660 -28
662 3 13
880 212 19
12 667 -8
330 670 -13
401 399 13
401 51 28
401 400 8
399 398 -13
51 712 -8
51 52 -13
400 53 19
400 374 -13
368 394 28
48 397 8
48 49 -8
614 253 13
614 612 19
253 254 28
612 945 8
468 442 -13
468 807 19
832 166 -28
832 834 8
496 470 -13
496 834 -19
143 807 13
143 118 8
143 166 -8
930 260 -8
894 869 -28
869 534 19
869 870 -8
869 205 28
807 809 13
807 806 -8
118 471 -13
118 781 -8
166 522 -19
166 167 8
298 299 -28
298 273 -8
270 940 13
270 632 8
270 247 -28
964 627 -8
810 475 -8
810 784 -13
475 474 19
784 785 8
784 449 -19
297 299 13
297 296 13
299 967 8
296 271 28
974 637 8
974 302 13
971 303 -13
971 945 -13
580 222 -8
580 914 -8
223 224 -13
223 891 -8
329 327 13
329 665 -8
939 272 19
939 914 -13
939 940 28
272 631 19
272 271 -28
914 888 19
940 942 13
520 164 -8
520 518 28
520 522 -28
56 718 28
372 27 -19
372 712 -8
372 398 19
27 683 13
712 714 13
712 710 -19
398 738 -13
398 52 -13
637 278 -8
278 945 -19
492 142 28
467 802 -28
467 465 19
467 114 -28
525 526 19
1 2 -19
1 660 -8
302 303 -28
873 538 -19
873 874 -28
94 442 19
94 96 -13
474 448 -13
665 666 8
303 305 8
709 683 -19
709 710 -28
709 52 8
76 78 19
718 716 -19
716 714 19
394 49 -28
394 420 28
394 734 28
394 395 28
49 47 -8
420 760 -28
395 731 -13
395 397 8
5 664 -13
168 145 -8
168 834 28
168 169 8
120 145 19
120 121 8
120 783 -13
120 95 19
471 470 19
471 806 28
871 207 19
871 845 -8
871 872 -19
207 205 -19
845 182 -19
872 870 19
872 874 13
271 942 -13
632 631 -19
121 470 -13
121 780 -8
782 447 -28
782 757 28
782 783 8
273 249 8
165 164 -13
165 163 -13
165 167 -19
518 853 13
518 516 8
535 182 19
535 509 13
535 874 -28
480 130 28
181 182 28
181 848 -8
181 538 -13
874 876 28
851 852 28
851 188 19
851 516 -19
851 826 -19
250 249 -28
250 252 -13
249 225 8
225 893 -13
47 392 -13
256 254 28
534 177 -28
177 178 -8
177 844 -8
142 140 13
142 802 8
570 212 -8
631 605 -28
325 661 -19
325 327 8
664 663 13
664 666 -8
53 55 -19
53 52 -13
374 714 -13
3 4 19
462 488 19
488 513 8
488 489 28
4 2 19
470 809 -13
470 444 -19
893 892 -8
893 891 28
145 809 13
540 538 28
540 183 8
538 537 13
183 184 -19
183 850 -13
867 892 19
892 558 -19
442 781 13
891 889 28
891 553 28
891 890 -28
513 852 19
852 850 19
167 169 -28
531 178 -19
531 870 -19
558 556 -13
186 188 -28
186 184 28
186 849 -19
184 182 13
184 537 13
849 850 -13
849 824 -8
97 449 -13
97 98 -13
97 760 -13
785 783 8
448 449 -28
783 781 -8
783 444 13
537 876 -13
942 605 13
252 254 13
347 683 19
683 657 28
663 327 19
663 689 28
485 487 -13
487 489 8
487 486 -28
222 889 -8
222 197 28
222 247 8
464 803 19
464 465 13
803 802 -8
803 139 13
465 800 13
848 509 -19
848 850 8
447 445 8
447 449 -13
447 95 -19
445 780 -13
445 444 28
95 96 13
889 888 8
888 224 28
888 863 -28
888 554 13
826 800 28
826 163 13
489 824 19
601 627 8
627 653 -8
140 139 -13
140 800 8
139 114 28
800 774 19
806 780 8
321 657 -8
321 320 13
444 96 13
515 163 28
515 516 -19
988 986 28
988 316 28
988 990 28
986 314 -28
316 317 -28
990 653 -28
990 318 13
990 989 -13
780 781 8
114 777 28
657 658 8
657 2 -13
658 660 -8
319 317 -13
319 318 -8
731 757 -13
397 396 -28
320 660 -28
757 98 28
98 96 -8
458 797 -8
486 136 -13
797 799 8
553 554 -8
774 439 28
863 528 -28
554 556 13
554 197 19
890 556 -8
798 824 -8
798 799 -8
989 656 -19
655 656 28
529 530 -28
130 132 -8
530 528 -13
