982 981 -28
982 310 19
982 980 -28
982 984 -19
982 645 -8
981 313 28
981 955 -13
981 648 8
310 285 -19
310 311 -8
980 978 8
980 308 19
980 643 -13
980 979 13
984 312 -19
984 647 28
984 986 -19
984 983 8
645 619 -8
645 646 28
645 286 -19
137 801 -13
137 160 19
137 491 8
137 138 19
137 112 -19
801 462 -28
801 800 -13
801 803 28
801 799 -19
160 185 28
160 161 -28
160 516 8
160 827 -28
491 493 -28
491 490 -8
491 826 -19
491 489 -13
138 140 -28
138 488 -19
138 136 8
138 798 -19
112 113 -13
112 465 13
112 775 19
112 87 28
592 233 -19
592 590 13
592 591 -19
592 594 -13
592 925 19
233 234 -28
233 208 8
233 901 19
233 257 28
590 588 8
590 589 28
590 231 19
590 923 -19
591 565 8
591 617 -28
591 928 8
591 236 13
594 235 19
594 596 -19
594 927 -13
594 593 28
925 259 13
925 900 -28
925 951 -13
925 926 13
338 339 -13
338 364 -13
338 678 -28
339 675 -8
339 337 -28
339 341 -13
364 20 13
364 704 28
364 390 19
364 365 -28
678 676 8
678 19 8
678 680 28
678 677 -13
414 388 28
414 754 13
414 415 28
414 440 13
414 67 19
388 728 -13
388 362 -19
388 389 8
388 43 -19
754 91 -8
754 756 -13
754 752 -19
754 753 13
415 417 -8
415 751 -8
415 413 -13
415 64 -13
440 441 28
440 779 8
440 466 -13
440 92 -19
67 69 19
67 65 19
67 725 19
67 66 19
817 478 28
817 815 -28
817 816 13
817 819 -19
478 503 -13
478 452 -8
478 479 -8
478 128 13
815 150 -8
815 814 8
815 813 -13
815 476 28
816 154 28
816 481 28
816 790 8
816 841 -28
819 818 -8
819 153 -28
819 821 28
819 480 -28
149 124 13
149 502 -13
149 813 19
149 172 -28
124 787 -19
124 99 -8
124 477 -8
502 501 -28
502 837 -13
502 504 28
813 812 -28
172 197 -8
172 528 13
172 838 -19
417 66 -13
417 753 -19
417 416 28
417 419 13
66 728 8
66 42 19
753 727 28
753 778 13
753 94 -8
416 69 -19
416 756 28
416 390 -19
416 442 -13
419 755 -13
419 418 -13
419 68 -8
419 421 8
382 37 -28
382 722 28
382 408 -19
382 383 -8
382 356 -8
37 36 13
37 35 8
37 39 28
37 693 28
722 724 -28
722 60 -28
722 721 -28
722 720 -8
408 434 19
408 748 19
408 409 -19
408 61 -19
383 381 -13
383 719 28
383 34 28
383 385 -28
356 357 -13
356 12 -13
356 330 19
356 696 -8
765 763 -13
765 102 -19
765 764 -19
765 767 -13
765 426 -19
763 762 13
763 424 13
763 100 8
102 127 -13
102 77 8
102 103 28
102 455 -28
764 739 -13
764 429 8
764 790 -13
764 105 8
767 428 8
767 104 -8
767 766 -8
767 769 -13
426 427 -13
426 400 -8
426 452 8
426 78 -8
179 536 28
179 204 19
179 180 -13
179 846 8
179 155 8
536 871 28
536 534 13
536 535 19
536 538 -28
204 562 -8
204 229 19
204 872 8
204 205 -19
180 533 8
180 182 13
180 178 8
180 843 -28
846 507 8
846 848 -19
846 844 13
846 845 28
155 510 -8
155 131 13
155 821 -28
630 963 -8
630 629 -19
630 628 -8
630 268 -13
963 937 19
963 964 -13
963 989 -13
629 603 13
629 655 19
628 961 -13
628 626 -28
628 266 28
628 627 -28
268 269 8
268 293 -28
268 245 -8
268 938 13
269 267 -13
269 627 8
269 935 -28
293 318 -13
293 294 28
293 656 19
293 964 19
245 913 -8
245 220 19
245 246 8
245 604 -19
938 937 28
938 936 13
938 601 28
36 696 19
36 11 19
36 385 19
36 60 28
696 695 19
696 698 19
696 694 -28
11 12 19
11 670 -8
11 359 -28
385 387 -8
385 721 -8
385 384 19
60 85 -13
60 61 13
60 411 8
20 18 19
20 675 19
20 22 -8
20 19 19
18 16 28
18 362 8
18 673 8
18 17 8
675 701 -28
675 676 28
22 366 -8
22 21 -19
22 677 8
22 24 8
19 367 -13
19 44 -19
239 907 -8
239 598 -13
239 240 8
239 214 8
239 262 28
907 909 28
907 905 -19
907 569 -28
907 906 -28
598 600 19
598 931 -28
598 597 8
598 596 -19
240 238 -19
240 595 28
240 242 8
240 904 -28
214 882 28
214 572 -13
214 215 -28
214 189 13
262 263 13
262 932 -13
262 287 13
262 624 28
461 463 -28
461 460 28
461 459 19
461 108 -13
461 796 -13
463 110 13
463 462 8
463 465 -28
463 798 28
460 111 -8
460 434 19
460 486 -28
460 799 -8
459 794 -19
459 457 8
459 106 -8
459 458 19
108 771 -8
108 83 -13
108 133 -28
108 109 -8
796 797 -28
796 822 -19
796 770 19
796 136 28
771 769 19
771 773 8
771 770 -28
771 432 8
83 84 -8
83 58 19
83 746 19
83 435 13
133 487 19
133 797 13
133 134 -28
133 156 13
109 111 13
109 107 -19
109 458 28
109 768 13
701 365 -8
701 727 13
701 702 19
701 45 19
365 367 13
365 363 8
365 17 -19
727 728 28
727 69 8
727 391 19
702 42 -19
702 700 -8
702 362 -19
702 704 -13
45 43 -19
45 390 8
45 44 -13
45 47 13
910 935 -19
910 911 13
910 885 -13
910 246 28
910 576 19
935 961 13
935 936 -8
935 602 -19
911 909 -13
911 573 -19
911 913 8
911 243 19
885 550 -13
885 886 19
885 859 -19
885 221 19
246 244 13
246 601 -8
576 574 8
576 218 -19
576 575 8
576 578 8
428 80 19
428 454 -13
428 429 8
428 402 -28
80 739 -19
80 79 19
80 82 8
80 78 19
454 480 8
454 455 -28
454 793 -28
454 105 28
429 427 -19
429 77 28
429 431 8
402 403 13
402 55 13
402 376 -19
402 742 -8
111 110 -19
111 770 -13
111 113 28
110 85 8
110 135 -28
110 773 28
770 745 -19
770 435 13
113 462 19
113 772 -19
113 115 19
285 286 8
285 956 -13
285 260 28
285 648 -8
311 313 -19
311 309 28
311 979 -8
313 312 13
313 315 19
312 287 -19
315 314 13
315 983 -28
315 317 19
685 29 -8
685 686 -28
685 711 13
685 349 28
685 659 8
29 31 8
29 374 13
29 28 -28
29 27 19
686 26 28
686 684 -28
686 688 -19
686 346 -13
711 737 28
711 375 8
711 53 -13
711 712 28
349 351 -13
349 347 28
349 348 8
349 1 -13
659 323 -19
659 660 19
659 4 -28
63 61 13
63 65 -13
63 410 8
63 62 19
63 721 8
61 59 -19
61 719 13
65 64 8
65 412 19
65 723 13
410 411 -28
410 384 -28
410 750 13
410 436 19
62 413 -13
62 724 19
62 38 13
62 87 -28
721 695 -28
721 747 -19
745 86 19
745 719 19
745 746 13
745 409 -19
86 434 -28
86 85 -28
86 88 -8
86 84 -19
719 693 -8
719 720 8
746 406 -8
746 744 13
746 748 -13
409 58 19
409 407 -19
409 411 -28
506 504 -28
506 508 19
506 841 8
506 505 13
504 150 -28
504 503 13
504 839 19
508 507 -28
508 510 -28
508 843 28
508 153 -19
841 867 -28
841 842 19
841 178 13
505 154 19
505 480 13
505 844 8
505 531 28
600 933 19
600 602 8
600 241 8
600 599 -19
931 265 8
931 906 -8
931 957 -13
931 932 -28
597 571 8
597 623 -13
597 934 -19
597 242 -19
596 237 13
596 929 -13
596 595 -8
344 370 -13
344 345 8
370 396 -13
370 371 -13
345 343 8
345 681 -19
728 730 19
728 726 -8
730 390 -13
730 68 28
730 732 -19
730 729 19
726 724 -8
726 64 -28
726 725 19
726 386 13
955 288 19
955 956 -28
955 929 13
955 622 -13
288 290 -19
288 286 -19
288 647 -28
288 287 -8
956 619 -19
956 954 19
956 958 8
929 263 -19
929 930 -19
929 904 28
622 620 -19
622 260 -8
622 624 19
622 621 19
154 152 13
154 153 -19
152 814 -19
152 151 -13
152 503 19
153 177 8
153 129 -8
565 211 -19
565 903 19
565 566 -28
565 539 -8
211 210 -13
211 213 13
211 209 -28
211 875 28
903 235 -13
903 901 -8
903 905 8
903 902 28
566 568 -8
566 900 13
566 564 -8
566 208 8
539 540 -13
539 513 19
539 186 8
539 878 -8
507 482 -13
507 533 13
510 512 -8
510 845 13
510 509 -28
843 818 -13
843 869 -19
843 844 19
823 822 -8
823 484 19
823 821 28
823 825 -19
823 156 8
822 159 8
822 487 19
822 847 -8
484 485 19
484 134 8
484 458 -8
484 509 19
821 482 -19
821 820 -13
825 486 8
825 827 -13
825 158 -8
825 824 28
156 512 13
156 181 28
156 157 -13
788 814 13
788 453 13
788 762 -8
788 128 -13
788 789 -19
814 479 28
814 839 -8
453 451 13
453 100 13
453 452 28
453 455 -13
762 427 28
762 103 8
762 737 28
128 127 28
128 126 -28
128 130 28
789 450 28
789 791 13
789 787 19
789 125 28
210 878 28
210 185 -13
210 568 8
210 235 19
878 877 13
878 880 -19
878 876 -8
185 186 -13
185 542 -13
185 852 19
568 567 8
568 902 -19
568 570 -8
235 258 28
235 236 -28
423 759 13
423 421 -8
423 72 -13
423 422 19
759 784 8
759 760 -13
759 733 19
421 757 -19
421 70 -8
421 420 8
72 48 -28
72 97 8
72 73 19
72 734 13
422 396 -8
422 448 -19
362 363 19
362 336 -19
389 387 13
389 725 -13
389 391 -19
389 40 -8
43 42 19
43 41 19
43 699 -19
769 106 -28
769 768 -28
769 430 13
773 434 28
773 775 -8
773 772 8
432 406 -13
432 84 28
432 458 8
432 433 -13
881 906 19
881 546 -19
881 882 19
881 217 13
881 855 13
906 242 28
906 572 13
546 544 19
546 545 28
546 548 -8
546 189 -28
882 543 28
882 884 13
882 880 -13
217 571 19
217 216 13
217 219 -13
217 215 -28
855 856 -8
855 192 -8
855 830 -8
855 520 -8
644 643 13
644 977 -28
644 646 -28
644 281 -13
644 642 -13
643 284 19
643 617 -8
977 978 28
977 951 13
977 309 13
646 979 -13
646 283 -28
646 648 19
281 306 -28
281 952 8
281 282 -13
281 257 8
642 975 -28
642 640 -28
642 279 8
642 641 -8
42 391 28
42 17 -28
391 390 -28
391 393 13
17 676 -28
866 527 -13
866 864 13
866 868 -28
866 865 -28
866 198 -8
527 501 8
527 553 -28
527 528 -13
527 174 -8
864 197 13
864 863 8
868 867 19
868 529 -19
868 870 -13
868 200 -8
865 201 -28
865 530 -19
865 890 -28
865 839 13
198 223 -28
198 556 28
198 173 -28
198 199 8
284 283 -19
284 286 -13
284 282 13
284 951 28
283 258 -28
283 954 -13
283 308 -28
286 953 13
282 641 8
282 949 -8
282 280 28
951 952 8
951 618 -13
707 371 -19
707 708 13
707 681 13
707 733 -8
371 369 28
371 23 28
708 706 19
708 368 13
708 48 28
681 682 -13
733 734 8
733 397 -19
434 435 8
435 433 -28
435 437 -13
259 617 13
259 258 28
259 261 -8
900 875 19
900 236 13
900 901 -19
926 589 -19
926 924 -8
926 928 13
926 257 -28
117 466 19
117 116 19
117 119 -8
117 115 8
117 776 -13
466 805 19
466 492 -28
466 467 -13
116 91 -13
116 469 13
116 779 19
116 141 13
119 468 -28
119 778 8
119 121 28
119 118 -28
115 464 -8
115 774 -28
115 114 13
776 751 -13
776 777 -19
776 441 8
776 802 -19
85 437 19
85 748 -8
437 436 19
437 772 -19
437 439 19
748 750 8
748 747 13
69 68 13
69 71 19
68 44 -28
68 93 -13
71 73 -19
71 70 8
71 729 8
71 418 28
751 725 -8
751 752 -28
751 92 28
725 699 -13
752 750 -19
752 412 19
752 89 13
92 91 -19
92 90 -13
92 94 -13
512 514 -28
512 847 -8
512 511 19
514 513 28
514 849 13
514 158 8
514 516 -8
847 873 -13
847 848 13
847 184 -28
511 159 -8
511 537 13
511 486 -28
511 850 13
503 842 8
503 529 19
452 791 19
452 103 19
479 481 -28
479 477 -28
479 125 -28
969 943 13
969 301 -19
969 636 -8
969 970 -19
943 276 -8
943 944 -28
943 610 19
943 918 8
301 300 -28
301 303 -28
301 299 8
636 635 -8
636 634 -13
636 273 13
636 638 -19
970 633 28
970 972 13
970 968 28
970 298 19
961 294 13
961 987 28
961 962 -8
294 292 8
294 653 -19
987 988 8
987 319 -13
987 654 -19
962 960 8
962 625 -19
962 964 -8
962 291 13
159 157 19
159 161 8
159 158 28
157 820 8
157 509 -28
161 513 -13
161 824 13
161 163 13
158 135 -8
158 183 -13
571 909 -8
571 572 28
571 545 -13
909 241 19
909 908 8
572 574 13
572 570 -13
545 519 8
545 192 -19
545 884 -13
127 791 8
127 481 -8
791 790 -8
791 793 -19
481 480 -13
481 483 -13
829 490 28
829 831 -13
829 828 -28
829 162 -19
829 827 -8
490 464 28
490 140 -28
490 515 -28
831 164 19
831 492 28
831 830 -28
831 832 -8
828 165 -8
828 493 -19
828 802 19
828 853 13
162 518 19
162 139 8
162 187 -13
162 163 13
827 826 28
827 488 8
574 908 -13
574 216 13
574 573 19
908 883 13
908 244 -19
908 933 13
216 241 -19
216 884 28
216 191 -8
573 219 -19
573 599 28
573 547 -28
794 768 19
794 795 -28
794 820 -19
794 134 28
768 433 -19
768 743 -13
795 793 -8
795 456 19
795 797 -8
795 131 19
820 485 8
820 845 -8
134 136 13
134 132 19
241 264 8
241 242 -13
884 883 19
884 886 28
191 192 8
191 858 -13
191 166 -8
191 548 28
581 555 -8
581 607 19
581 226 -28
581 919 13
581 582 -13
555 201 -13
555 893 8
555 556 -19
555 529 -19
607 633 -8
607 608 8
607 944 8
607 250 -28
226 225 28
226 228 -19
226 224 28
226 890 13
919 917 -28
919 918 -13
919 920 8
582 580 13
582 584 -13
582 916 8
582 223 -28
404 57 28
404 744 19
404 405 28
404 378 -28
404 430 28
57 59 -19
57 55 -19
57 715 13
57 56 -28
744 81 -19
744 742 19
744 743 28
405 407 -8
405 741 28
405 403 28
405 54 -19
378 379 -19
378 352 -19
378 718 -19
378 33 19
430 431 -8
430 456 -13
430 82 -8
650 652 -19
650 648 8
650 983 19
650 649 28
650 287 19
652 289 -8
652 985 -28
652 654 -8
652 651 8
648 647 -8
983 957 19
649 290 -8
649 623 19
649 986 -13
287 958 8
201 199 8
201 203 13
201 200 13
199 863 -8
199 553 -8
203 867 28
203 557 19
203 202 -8
203 205 -19
200 175 13
200 225 13
200 558 -28
617 954 19
617 618 19
954 953 28
954 952 -13
618 620 13
618 616 -8
618 257 -8
290 292 8
290 289 -19
290 957 8
292 291 19
292 959 -8
292 651 19
289 264 8
289 960 -13
957 624 28
957 958 -13
406 407 8
406 59 -13
406 380 28
407 56 -19
407 743 13
59 58 -8
59 717 28
380 381 -19
380 35 8
380 354 -19
380 720 28
355 353 -13
355 691 28
355 357 -8
355 7 -19
355 354 -8
353 352 -28
353 351 28
353 689 -13
353 5 -28
691 35 8
691 665 -8
691 717 -19
691 692 8
357 359 -28
357 693 8
357 9 -8
7 32 28
7 8 8
7 666 8
354 328 -28
354 10 28
354 694 13
258 620 8
258 928 8
620 619 13
620 953 13
928 930 8
928 927 19
441 443 -28
441 439 -19
441 89 -28
779 778 -13
779 781 -28
779 777 -8
619 593 8
619 261 13
593 567 28
593 238 -13
593 930 8
261 263 13
261 927 -19
261 260 -19
265 623 -19
265 264 -8
265 267 28
265 263 8
932 934 -28
932 930 -13
932 595 28
91 443 8
443 778 8
443 445 -28
443 442 19
450 476 8
450 101 -13
450 451 28
450 424 28
476 501 13
476 126 -19
476 477 28
101 761 -8
101 103 13
101 100 8
451 99 -28
451 786 -8
424 425 13
424 398 -13
424 76 8
544 187 13
544 879 13
544 542 8
544 543 -8
187 212 19
187 188 13
187 854 -28
879 904 19
879 853 19
879 880 28
879 215 13
542 877 -28
542 540 28
542 541 -8
543 517 8
543 190 -28
543 569 19
917 248 -13
917 579 -28
917 915 8
917 916 8
248 608 8
248 271 -8
248 223 13
579 580 -8
579 224 -8
579 553 -19
579 605 13
915 247 -13
915 914 19
916 250 -19
916 941 -13
916 890 -8
300 275 28
300 972 28
275 638 -13
275 276 13
275 251 8
275 946 -8
972 635 -8
972 974 -19
972 971 -28
975 949 28
975 307 -28
975 976 28
949 616 8
949 950 -8
949 923 19
307 306 19
307 309 -28
307 305 -13
976 978 -19
976 974 -8
976 639 -28
976 304 -8
577 578 19
577 551 -19
577 603 -13
578 220 28
578 912 19
551 552 -8
551 525 -28
603 604 -28
978 641 -13
978 306 -13
641 615 -8
588 587 -13
588 921 -19
588 586 -19
588 229 -28
587 232 -28
587 613 28
587 924 -13
587 561 -13
921 922 -13
921 896 28
921 947 13
921 256 -8
586 227 28
586 585 28
586 584 -28
229 897 -19
229 253 -13
229 230 -19
790 130 -19
790 455 13
793 129 13
793 792 -19
411 413 8
411 747 -8
384 724 -19
384 358 8
384 39 28
750 87 -19
750 749 -8
436 88 19
436 462 8
436 775 -8
413 749 -8
413 412 -8
749 90 -28
749 723 -8
749 774 13
412 386 -8
412 438 -28
812 477 28
812 837 -8
812 151 -19
812 786 8
837 863 -28
837 838 28
837 174 -13
151 501 -19
151 150 19
786 787 8
786 126 19
786 761 -19
623 960 -8
623 624 -28
960 959 28
960 958 19
624 626 19
175 842 19
175 176 8
175 532 -28
842 840 -13
842 844 28
176 529 28
176 178 -13
176 174 28
176 839 -28
532 534 28
532 867 13
532 530 13
532 531 28
361 13 -13
361 359 -19
361 697 -13
361 363 28
361 360 -13
13 38 -19
13 672 28
13 14 -28
359 695 -28
359 358 19
697 41 19
697 671 13
697 723 -28
697 698 -8
363 699 -28
363 15 19
360 16 28
360 334 19
360 700 13
360 386 13
626 625 13
626 264 -13
626 959 -19
625 267 28
625 651 -13
625 599 -28
264 934 -13
959 933 8
959 985 -28
472 811 8
472 473 28
472 498 19
472 123 13
472 446 13
811 147 13
811 810 -13
811 809 28
473 808 13
473 120 -19
473 475 -19
473 471 -8
498 148 8
498 523 8
498 836 -8
123 121 -19
123 782 13
123 122 28
446 785 -8
446 447 -13
446 98 8
446 420 13
934 933 8
934 936 28
633 634 -13
633 274 28
634 271 -13
634 967 -19
634 632 -13
274 941 -28
274 276 28
274 273 -8
274 272 8
676 674 -13
676 336 -8
16 15 13
16 14 13
16 671 -28
15 674 -8
15 40 -8
14 358 28
14 12 -19
14 669 -8
671 335 -28
671 672 8
937 912 -8
937 604 -28
912 913 8
604 602 8
267 933 -8
267 266 28
266 243 -28
266 936 28
266 291 28
457 104 -8
457 455 -19
457 456 28
457 792 -19
104 79 13
104 105 19
104 129 19
456 107 -19
456 482 19
792 818 -28
792 132 -28
792 766 28
79 431 -19
79 742 28
79 54 -8
105 107 -13
105 103 13
129 130 -13
129 483 8
680 340 13
680 682 28
680 21 -8
680 679 28
677 703 8
677 341 13
550 193 -28
550 552 13
550 549 8
550 548 8
193 860 13
193 218 -8
193 194 -19
193 168 28
552 195 28
549 523 19
549 196 -13
549 887 -8
549 575 -28
548 883 -19
548 547 19
88 87 28
88 90 -8
88 747 13
87 439 13
90 438 -13
90 89 13
747 772 -28
106 131 -13
106 81 -8
106 107 19
131 485 -28
131 132 -19
81 433 8
81 82 13
81 56 13
107 766 -28
58 720 -13
58 34 -19
717 381 -19
717 718 -13
717 743 -19
148 146 13
148 147 -28
148 808 28
146 496 -8
146 145 13
146 144 -28
146 806 -8
147 500 8
147 170 -13
147 122 13
808 809 19
808 782 19
927 902 -13
927 953 -13
340 341 13
340 366 -8
341 343 -8
366 367 -8
366 706 28
366 392 19
724 723 -28
723 387 -8
501 840 -13
840 838 13
840 173 -13
840 839 -19
150 125 -28
150 173 -13
125 126 -8
125 100 -19
173 530 -28
173 174 19
755 756 8
755 729 8
755 780 -28
755 96 8
418 392 -28
418 444 8
418 758 13
818 483 -19
483 485 -19
483 482 -13
766 431 13
766 741 -28
640 973 28
640 277 13
640 639 -19
640 638 13
973 974 -19
973 305 -19
973 947 -28
277 948 -8
277 302 -8
277 278 8
277 253 8
639 280 19
639 613 13
638 637 19
638 971 -13
367 703 -13
367 369 8
703 729 -13
703 47 28
703 704 -19
369 21 19
369 705 -28
369 368 -13
44 704 -19
44 393 28
682 23 19
682 342 8
23 48 8
23 24 -19
342 343 19
342 368 -13
38 698 28
38 387 28
38 39 -28
698 358 13
698 700 28
387 386 28
39 41 -19
39 695 28
860 858 -19
860 521 8
860 862 -19
860 859 8
858 856 -13
858 519 -28
858 857 -8
521 547 19
521 496 28
521 522 8
521 169 -13
862 523 13
862 861 8
862 195 19
859 196 19
859 833 13
859 524 -28
21 46 -28
24 679 19
24 368 -28
135 489 8
135 136 -13
135 799 -28
279 304 19
279 280 -13
279 255 -19
279 950 13
304 305 -8
280 947 13
280 278 -28
255 231 -8
255 616 13
255 924 28
255 256 8
950 948 8
950 613 13
950 952 28
232 231 -28
232 234 13
232 230 -13
232 896 -13
231 899 -13
231 206 13
234 589 28
234 898 8
234 236 8
230 585 13
230 894 -28
230 228 28
896 562 -28
896 871 -8
896 897 -28
901 899 28
901 563 28
905 567 28
905 904 28
905 237 13
902 238 -13
902 877 13
523 171 13
523 524 13
171 833 -19
171 170 -8
171 169 -28
524 168 -28
524 526 13
524 522 8
64 89 19
64 40 28
602 601 8
602 243 28
599 244 -28
599 936 -8
732 70 -28
732 392 -8
732 731 28
732 734 28
729 393 28
337 336 28
337 335 8
337 673 -13
335 333 -13
335 334 -8
673 674 -8
673 699 13
482 132 13
533 534 8
533 559 -19
533 872 -19
567 213 19
567 541 8
213 877 -8
213 212 -19
213 215 -13
541 515 -19
541 188 28
541 880 8
948 611 -28
948 947 -13
948 946 -19
611 585 28
611 637 13
611 254 -28
611 612 -28
947 614 -19
946 945 -13
946 944 -13
946 609 19
775 774 -13
775 777 -8
772 798 19
196 195 -28
196 194 -19
195 220 -19
195 170 13
194 192 -8
194 547 28
194 857 28
883 857 28
883 219 -28
857 522 -13
219 218 28
219 221 -28
381 379 19
381 32 -8
379 377 -19
379 30 8
379 715 13
32 56 -19
32 33 13
32 692 -8
979 953 28
308 309 19
35 33 8
35 34 -13
33 31 -19
33 689 -28
34 9 28
34 694 -13
238 236 8
238 237 -8
237 212 28
237 260 13
350 324 -28
350 351 -28
350 690 -19
350 376 -28
350 6 8
324 325 -8
324 664 -19
351 3 -13
351 687 -13
690 30 -19
690 692 28
690 689 8
690 688 -8
376 377 8
376 31 -8
376 716 13
6 8 -8
6 5 -8
6 4 13
6 661 8
427 75 -13
427 425 -13
75 100 -19
75 51 28
75 76 -8
75 738 -19
425 761 28
425 74 8
73 420 -28
73 731 28
70 46 8
70 95 19
742 741 13
742 740 8
743 84 13
343 679 28
679 705 -8
547 886 -8
952 615 -28
218 243 -19
218 886 19
243 244 28
886 887 13
583 584 8
583 557 -19
583 228 28
583 609 -28
583 920 28
584 225 8
584 918 -13
557 895 -13
557 531 -19
557 558 13
228 227 -19
228 892 -8
609 635 13
609 610 -28
609 252 13
920 251 -8
920 922 -13
386 41 8
985 986 28
985 317 -8
654 653 -19
654 291 -19
654 656 -8
651 988 28
328 329 -8
328 668 -8
10 9 19
10 8 -13
10 665 -19
10 12 13
694 693 28
694 692 -13
41 40 -8
40 700 13
291 316 28
693 667 8
9 668 8
668 666 -19
668 670 -8
668 667 28
244 242 -28
706 705 19
706 46 -28
706 704 -28
705 49 -13
705 731 -28
46 395 19
46 47 28
672 674 -28
672 332 -19
672 670 13
517 856 28
517 165 -13
517 518 13
517 492 -8
190 192 19
190 188 -13
190 853 -8
190 189 -13
569 570 -13
569 215 28
569 595 -19
674 334 -8
84 82 19
82 741 19
519 494 -8
519 167 8
519 520 28
495 493 -8
495 830 -8
495 494 8
495 141 28
495 497 -13
493 492 19
493 139 28
830 804 28
830 167 28
494 468 13
494 832 -19
494 144 19
141 164 8
141 805 28
141 142 -19
497 496 19
497 143 28
613 614 -13
613 256 -28
924 923 8
924 922 19
561 899 -28
561 562 8
561 207 -8
561 535 13
958 621 -28
589 615 8
589 563 19
615 616 19
563 564 8
563 537 8
563 209 -19
438 464 28
438 777 28
438 439 19
761 735 28
735 736 -13
735 399 -8
735 709 -8
735 76 13
887 220 -13
699 700 28
737 401 13
737 78 -28
737 738 -28
856 189 28
856 854 -8
189 164 -8
854 852 19
854 515 19
854 853 -28
635 276 28
276 278 -8
575 601 -13
575 913 8
575 221 13
25 684 8
25 50 19
25 373 28
25 0 13
684 683 -8
50 74 -19
50 399 -8
50 710 -13
373 372 -19
373 709 8
373 375 28
0 347 13
0 658 28
251 227 8
251 252 19
251 612 19
89 114 -19
836 170 -8
836 835 19
836 834 8
899 898 28
899 897 8
898 923 19
898 873 13
898 564 -8
897 895 -19
897 559 8
227 895 -28
227 202 -19
895 894 28
895 893 -19
202 560 -28
202 177 28
202 870 19
756 758 8
756 93 28
758 757 -8
758 95 -19
758 760 -19
93 445 28
93 118 -13
93 94 28
720 718 28
500 835 -13
500 499 -13
835 810 -13
835 861 8
499 474 28
499 525 8
170 526 19
122 97 8
122 785 -19
122 475 19
595 621 28
333 332 8
333 669 -13
333 331 28
332 358 19
669 695 -13
669 670 -13
331 330 28
331 667 8
331 329 8
944 273 -13
944 942 19
610 608 13
610 249 -28
610 612 19
918 892 28
918 252 -8
833 834 13
377 28 8
377 375 -13
377 713 28
28 3 -13
28 688 13
375 26 -19
375 374 28
713 739 13
713 714 -8
713 55 -19
713 687 28
861 526 -19
263 621 -28
621 647 13
31 687 -19
31 30 -8
687 661 -8
687 688 19
30 5 -28
30 54 -19
206 564 -28
206 181 8
206 874 13
206 207 13
715 741 8
715 716 28
715 689 19
877 851 19
904 570 19
393 395 -13
393 392 -28
74 736 8
74 99 13
736 738 -8
739 403 13
739 740 13
403 401 8
740 400 13
740 77 -28
740 738 28
616 614 -19
220 221 8
562 564 -28
562 560 -8
560 894 28
560 559 28
560 558 13
352 8 28
352 692 -13
352 326 13
8 663 -19
326 666 13
326 327 -8
77 78 -8
431 433 -28
608 606 28
608 941 -19
606 247 -8
606 605 28
941 967 8
941 942 -13
26 1 8
26 51 13
26 27 -13
688 348 8
346 372 -19
346 347 -8
346 2 -28
346 320 -19
54 55 19
54 716 -13
804 469 28
804 778 -19
804 144 -28
804 805 -19
469 468 19
469 467 -19
469 471 8
144 143 8
144 142 19
805 803 -19
805 807 -28
208 183 8
208 876 8
208 209 -8
585 559 28
585 922 28
559 205 28
922 253 28
209 873 -8
209 207 28
875 540 -8
875 849 -13
875 876 -13
966 965 -28
966 295 8
966 968 -13
965 297 -19
965 939 -28
965 632 28
295 270 -13
968 296 -8
968 967 8
968 631 -19
322 323 8
322 348 -8
322 662 28
323 325 19
323 321 13
348 374 -28
348 4 -8
662 661 28
662 664 13
662 660 -19
662 3 -28
880 212 -13
12 667 13
330 670 -13
401 399 -8
401 51 -8
401 400 28
399 398 -13
51 712 -8
51 52 -28
400 53 19
400 374 28
368 394 -13
48 397 19
48 49 19
614 253 -28
614 612 -19
253 254 19
612 945 13
468 442 -8
468 807 19
832 166 19
832 834 8
496 470 -8
496 834 13
143 807 19
143 118 28
143 166 -19
930 260 -28
894 869 -19
869 534 -13
869 870 28
869 205 -19
807 809 -8
807 806 19
118 471 8
118 781 8
166 522 8
166 167 -19
298 299 19
298 273 -8
270 940 19
270 632 -28
270 247 -8
964 627 -28
810 475 28
810 784 19
475 474 -28
784 785 13
784 449 19
297 299 13
297 296 13
299 967 -19
296 271 13
974 637 28
974 302 28
971 303 19
971 945 -19
580 222 28
580 914 -28
223 224 -28
223 891 8
329 327 13
329 665 13
939 272 28
939 914 8
939 940 13
272 631 -19
272 271 -28
914 888 13
940 942 -28
520 164 -13
520 518 13
520 522 -13
56 718 19
372 27 -8
372 712 -8
372 398 8
27 683 28
712 714 -13
712 710 -28
398 738 19
398 52 13
637 278 -19
278 945 -28
492 142 -13
467 802 -28
467 465 -19
467 114 28
525 526 -28
1 2 -19
1 660 19
302 303 8
873 538 -8
873 874 -28
94 442 -8
94 96 -8
474 448 13
665 666 -19
303 305 -19
709 683 13
709 710 13
709 52 -8
76 78 -28
718 716 28
716 714 8
394 49 8
394 420 -19
394 734 28
394 395 -13
49 47 19
420 760 -13
395 731 -13
395 397 -8
5 664 13
168 145 -8
168 834 -19
168 169 19
120 145 -19
120 121 -8
120 783 19
120 95 13
471 470 8
471 806 -19
871 207 -13
871 845 -13
871 872 8
207 205 13
845 182 -19
872 870 -19
872 874 8
271 942 8
632 631 13
121 470 19
121 780 13
782 447 -13
782 757 -13
782 783 -19
273 249 28
165 164 28
165 163 13
165 167 19
518 853 -28
518 516 19
535 182 8
535 509 -13
535 874 8
480 130 13
181 182 8
181 848 28
181 538 -13
874 876 19
851 852 -8
851 188 -8
851 516 -19
851 826 19
250 249 28
250 252 -28
249 225 -19
225 893 -28
47 392 -8
256 254 13
534 177 -8
177 178 -28
177 844 28
142 140 -19
142 802 28
570 212 19
631 605 8
325 661 8
325 327 28
664 663 19
664 666 28
53 55 13
53 52 8
374 714 13
3 4 19
462 488 -19
488 513 19
488 489 19
4 2 8
470 809 -13
470 444 -28
893 892 -19
893 891 -8
145 809 -28
540 538 19
540 183 -13
538 537 13
183 184 13
183 850 -28
867 892 -8
892 558 -8
442 781 -8
891 889 -28
891 553 -28
891 890 -13
513 852 -19
852 850 -8
167 169 -8
531 178 19
531 870 19
558 556 8
186 188 8
186 184 -19
186 849 28
184 182 -13
184 537 -8
849 850 -8
849 824 -28
97 449 28
97 98 13
97 760 -28
785 783 -13
448 449 13
783 781 -8
783 444 8
537 876 -28
942 605 -28
252 254 -8
347 683 28
683 657 -8
663 327 8
663 689 13
485 487 -13
487 489 -8
487 486 -28
222 889 13
222 197 13
222 247 13
464 803 28
464 465 8
803 802 19
803 139 19
465 800 -19
848 509 28
848 850 28
447 445 -8
447 449 13
447 95 -19
445 780 8
445 444 -13
95 96 -13
889 888 -8
888 224 8
888 863 -8
888 554 -19
826 800 19
826 163 -8
489 824 -13
601 627 8
627 653 19
140 139 13
140 800 -19
139 114 -13
800 774 -13
806 780 -8
321 657 19
321 320 -28
444 96 28
515 163 -28
515 516 -19
988 986 -13
988 316 28
988 990 -8
986 314 8
316 317 -13
990 653 8
990 318 8
990 989 -19
780 781 -19
114 777 28
657 658 13
657 2 19
658 660 19
319 317 28
319 318 28
731 757 -19
397 396 8
320 660 -13
757 98 8
98 96 8
458 797 13
486 136 -28
797 799 -19
553 554 19
774 439 -8
863 528 8
554 556 28
554 197 -28
890 556 -28
798 824 -28
798 799 19
989 656 -13
655 656 28
529 530 -28
130 132 -28
530 528 -19
