982 981 19
982 310 -13
982 980 13
982 984 -19
982 645 8
981 313 13
981 955 13
981 648 28
310 285 -19
310 311 -13
980 978 8
980 308 8
980 643 -13
980 979 28
984 312 -28
984 647 -8
984 986 28
984 983 -28
645 619 19
645 646 -28
645 286 13
137 801 -28
137 160 19
137 491 -28
137 138 8
137 112 -28
801 462 19
801 800 13
801 803 19
801 799 -8
160 185 13
160 161 -28
160 516 -13
160 827 28
491 493 -19
491 490 13
491 826 -8
491 489 8
138 140 28
138 488 -8
138 136 19
138 798 13
112 113 -8
112 465 28
112 775 -13
112 87 -28
592 233 28
592 590 -19
592 591 -8
592 594 19
592 925 19
233 234 -19
233 208 -13
233 901 28
233 257 -8
590 588 -19
590 589 28
590 231 28
590 923 13
591 565 -28
591 617 19
591 928 -28
591 236 -8
594 235 13
594 596 -28
594 927 -19
594 593 -8
925 259 -13
925 900 -13
925 951 -8
925 926 28
338 339 -28
338 364 8
338 678 -8
339 675 13
339 337 -8
339 341 -19
364 20 8
364 704 8
364 390 -8
364 365 -8
678 676 8
678 19 8
678 680 8
678 677 -8
414 388 -13
414 754 -8
414 415 -8
414 440 -13
414 67 19
388 728 -19
388 362 -13
388 389 -19
388 43 19
754 91 8
754 756 -28
754 752 -19
754 753 13
415 417 28
415 751 -28
415 413 -8
415 64 -19
440 441 28
440 779 8
440 466 19
440 92 -8
67 69 -13
67 65 8
67 725 13
67 66 28
817 478 8
817 815 -8
817 816 -19
817 819 -8
478 503 28
478 452 13
478 479 13
478 128 8
815 150 19
815 814 -13
815 813 -8
815 476 -19
816 154 8
816 481 -8
816 790 -13
816 841 19
819 818 28
819 153 -13
819 821 -28
819 480 13
149 124 19
149 502 13
149 813 28
149 172 19
124 787 8
124 99 13
124 477 19
502 501 -19
502 837 19
502 504 -19
813 812 28
172 197 19
172 528 13
172 838 13
417 66 -8
417 753 8
417 416 8
417 419 -8
66 728 -28
66 42 19
753 727 19
753 778 -19
753 94 -13
416 69 28
416 756 -19
416 390 8
416 442 13
419 755 -19
419 418 19
419 68 -8
419 421 19
382 37 -13
382 722 -28
382 408 8
382 383 13
382 356 19
37 36 13
37 35 13
37 39 19
37 693 8
722 724 -28
722 60 28
722 721 -28
722 720 8
408 434 -19
408 748 8
408 409 -13
408 61 8
383 381 -13
383 719 -8
383 34 19
383 385 -8
356 357 8
356 12 -28
356 330 13
356 696 13
765 763 -28
765 102 -28
765 764 -13
765 767 13
765 426 19
763 762 -19
763 424 28
763 100 -8
102 127 -13
102 77 -13
102 103 -8
102 455 28
764 739 -13
764 429 -8
764 790 28
764 105 -13
767 428 -8
767 104 -13
767 766 -19
767 769 28
426 427 19
426 400 -28
426 452 -13
426 78 8
179 536 -13
179 204 -8
179 180 8
179 846 -13
179 155 -28
536 871 -8
536 534 -19
536 535 13
536 538 -8
204 562 -8
204 229 13
204 872 -8
204 205 -13
180 533 -8
180 182 13
180 178 -8
180 843 19
846 507 19
846 848 13
846 844 -8
846 845 -8
155 510 -8
155 131 19
155 821 28
630 963 8
630 629 28
630 628 19
630 268 -13
963 937 19
963 964 -13
963 989 8
629 603 -13
629 655 -19
628 961 19
628 626 -19
628 266 8
628 627 -13
268 269 13
268 293 13
268 245 19
268 938 -13
269 267 8
269 627 19
269 935 13
293 318 8
293 294 8
293 656 8
293 964 -8
245 913 19
245 220 8
245 246 -19
245 604 28
938 937 19
938 936 -13
938 601 -8
36 696 -19
36 11 13
36 385 -13
36 60 -19
696 695 8
696 698 19
696 694 -8
11 12 8
11 670 19
11 359 -8
385 387 28
385 721 8
385 384 8
60 85 -8
60 61 13
60 411 -28
20 18 19
20 675 19
20 22 -28
20 19 -13
18 16 13
18 362 -19
18 673 -28
18 17 -8
675 701 -19
675 676 -19
22 366 19
22 21 19
22 677 -28
22 24 19
19 367 -19
19 44 -13
239 907 19
239 598 28
239 240 28
239 214 19
239 262 -19
907 909 -19
907 905 13
907 569 8
907 906 -13
598 600 -28
598 931 28
598 597 -13
598 596 -19
240 238 19
240 595 -13
240 242 28
240 904 13
214 882 -8
214 572 -19
214 215 -8
214 189 -13
262 263 -8
262 932 -28
262 287 13
262 624 8
461 463 -8
461 460 -8
461 459 -28
461 108 -28
461 796 -19
463 110 -28
463 462 19
463 465 -28
463 798 8
460 111 -8
460 434 19
460 486 13
460 799 -8
459 794 -13
459 457 -28
459 106 -8
459 458 -13
108 771 -28
108 83 -8
108 133 -28
108 109 -19
796 797 -28
796 822 -28
796 770 19
796 136 8
771 769 13
771 773 -19
771 770 8
771 432 -13
83 84 -13
83 58 19
83 746 19
83 435 -8
133 487 19
133 797 -28
133 134 -28
133 156 -19
109 111 19
109 107 8
109 458 -13
109 768 -8
701 365 8
701 727 -8
701 702 -8
701 45 8
365 367 13
365 363 19
365 17 -28
727 728 8
727 69 13
727 391 -28
702 42 19
702 700 28
702 362 -13
702 704 28
45 43 -28
45 390 -28
45 44 -28
45 47 -8
910 935 -13
910 911 19
910 885 -28
910 246 -13
910 576 19
935 961 8
935 936 8
935 602 -13
911 909 -8
911 573 -13
911 913 -8
911 243 -13
885 550 -13
885 886 -28
885 859 -28
885 221 -19
246 244 28
246 601 13
576 574 -28
576 218 -28
576 575 13
576 578 -13
428 80 -13
428 454 13
428 429 8
428 402 28
80 739 -19
80 79 19
80 82 -19
80 78 28
454 480 -13
454 455 8
454 793 13
454 105 -19
429 427 28
429 77 -19
429 431 -28
402 403 19
402 55 8
402 376 19
402 742 -8
111 110 -8
111 770 -19
111 113 -19
110 85 -8
110 135 -28
110 773 19
770 745 -13
770 435 19
113 462 13
113 772 19
113 115 8
285 286 28
285 956 8
285 260 -28
285 648 13
311 313 -13
311 309 -19
311 979 13
313 312 28
313 315 8
312 287 -19
315 314 -28
315 983 -13
315 317 -8
685 29 -8
685 686 -19
685 711 -19
685 349 13
685 659 8
29 31 13
29 374 -13
29 28 -13
29 27 28
686 26 -28
686 684 28
686 688 -28
686 346 -8
711 737 -28
711 375 8
711 53 13
711 712 -28
349 351 -8
349 347 -13
349 348 -28
349 1 -13
659 323 -8
659 660 -28
659 4 -19
63 61 8
63 65 8
63 410 -8
63 62 -28
63 721 -8
61 59 -13
61 719 8
65 64 -13
65 412 -19
65 723 19
410 411 -19
410 384 28
410 750 19
410 436 -28
62 413 19
62 724 13
62 38 -28
62 87 19
721 695 -13
721 747 28
745 86 -8
745 719 -13
745 746 19
745 409 28
86 434 -13
86 85 28
86 88 19
86 84 -13
719 693 -8
719 720 19
746 406 19
746 744 -13
746 748 -19
409 58 -28
409 407 8
409 411 13
506 504 13
506 508 -13
506 841 8
506 505 -13
504 150 8
504 503 19
504 839 -19
508 507 -13
508 510 -19
508 843 28
508 153 28
841 867 -28
841 842 -19
841 178 -28
505 154 13
505 480 13
505 844 8
505 531 -28
600 933 -28
600 602 -28
600 241 13
600 599 -8
931 265 -19
931 906 19
931 957 13
931 932 -19
597 571 -19
597 623 -13
597 934 -8
597 242 -19
596 237 13
596 929 13
596 595 19
344 370 -19
344 345 28
370 396 -19
370 371 28
345 343 -28
345 681 8
728 730 -13
728 726 8
730 390 -19
730 68 -8
730 732 8
730 729 -8
726 724 13
726 64 -13
726 725 13
726 386 19
955 288 -28
955 956 -19
955 929 -28
955 622 28
288 290 8
288 286 -19
288 647 13
288 287 -8
956 619 28
956 954 -8
956 958 19
929 263 -19
929 930 -19
929 904 28
622 620 8
622 260 28
622 624 -13
622 621 -28
154 152 -13
154 153 8
152 814 19
152 151 -28
152 503 19
153 177 -28
153 129 -28
565 211 19
565 903 -13
565 566 -28
565 539 13
211 210 -13
211 213 -13
211 209 -8
211 875 -28
903 235 13
903 901 13
903 905 -13
903 902 13
566 568 -28
566 900 -13
566 564 28
566 208 -28
539 540 -13
539 513 -13
539 186 13
539 878 -8
507 482 13
507 533 -13
510 512 8
510 845 13
510 509 -13
843 818 28
843 869 19
843 844 -19
823 822 -8
823 484 -13
823 821 -13
823 825 -13
823 156 19
822 159 -28
822 487 13
822 847 -8
484 485 13
484 134 13
484 458 -28
484 509 19
821 482 -19
821 820 8
825 486 19
825 827 -19
825 158 28
825 824 28
156 512 8
156 181 -19
156 157 19
788 814 8
788 453 -13
788 762 -28
788 128 19
788 789 -28
814 479 -13
814 839 13
453 451 -8
453 100 19
453 452 28
453 455 -13
762 427 -19
762 103 8
762 737 8
128 127 -13
128 126 8
128 130 13
789 450 19
789 791 -8
789 787 -19
789 125 13
210 878 28
210 185 -13
210 568 -19
210 235 -13
878 877 -13
878 880 -13
878 876 -8
185 186 8
185 542 19
185 852 19
568 567 8
568 902 13
568 570 -19
235 258 19
235 236 13
423 759 8
423 421 28
423 72 28
423 422 -13
759 784 -13
759 760 19
759 733 -13
421 757 -28
421 70 28
421 420 -8
72 48 -19
72 97 19
72 73 13
72 734 -13
422 396 8
422 448 -28
362 363 19
362 336 -19
389 387 -13
389 725 -8
389 391 8
389 40 28
43 42 28
43 41 -28
43 699 19
769 106 19
769 768 8
769 430 13
773 434 8
773 775 13
773 772 28
432 406 -28
432 84 8
432 458 -28
432 433 -28
881 906 28
881 546 19
881 882 -28
881 217 -19
881 855 13
906 242 -8
906 572 19
546 544 -8
546 545 8
546 548 28
546 189 -13
882 543 -19
882 884 28
882 880 13
217 571 19
217 216 8
217 219 -28
217 215 -19
855 856 -13
855 192 -28
855 830 19
855 520 19
644 643 -28
644 977 -8
644 646 19
644 281 -19
644 642 28
643 284 28
643 617 -8
977 978 -8
977 951 -28
977 309 13
646 979 28
646 283 28
646 648 -13
281 306 -19
281 952 8
281 282 -28
281 257 -8
642 975 -19
642 640 8
642 279 8
642 641 28
42 391 28
42 17 -19
391 390 28
391 393 28
17 676 28
866 527 19
866 864 -13
866 868 8
866 865 13
866 198 28
527 501 -8
527 553 28
527 528 -13
527 174 28
864 197 -8
864 863 -19
868 867 -19
868 529 19
868 870 -13
868 200 8
865 201 -8
865 530 -8
865 890 -8
865 839 -19
198 223 13
198 556 -13
198 173 -8
198 199 -13
284 283 -28
284 286 8
284 282 13
284 951 -13
283 258 -8
283 954 -13
283 308 -13
286 953 -8
282 641 -28
282 949 8
282 280 13
951 952 19
951 618 -13
707 371 -13
707 708 -8
707 681 19
707 733 19
371 369 13
371 23 -8
708 706 13
708 368 -28
708 48 8
681 682 19
733 734 -13
733 397 28
434 435 28
435 433 -13
435 437 -13
259 617 -28
259 258 28
259 261 13
900 875 19
900 236 -13
900 901 -19
926 589 -19
926 924 19
926 928 8
926 257 -28
117 466 -19
117 116 8
117 119 -19
117 115 8
117 776 -19
466 805 13
466 492 -8
466 467 -19
116 91 19
116 469 28
116 779 -19
116 141 -8
119 468 8
119 778 28
119 121 28
119 118 13
115 464 -13
115 774 8
115 114 -13
776 751 8
776 777 28
776 441 -13
776 802 -19
85 437 8
85 748 13
437 436 13
437 772 8
437 439 19
748 750 19
748 747 -8
69 68 -13
69 71 -19
68 44 28
68 93 19
71 73 -28
71 70 13
71 729 19
71 418 28
751 725 13
751 752 8
751 92 28
725 699 19
752 750 8
752 412 13
752 89 13
92 91 19
92 90 -28
92 94 -28
512 514 -28
512 847 19
512 511 -8
514 513 8
514 849 8
514 158 19
514 516 -19
847 873 28
847 848 19
847 184 8
511 159 -19
511 537 -13
511 486 -28
511 850 13
503 842 -19
503 529 -19
452 791 13
452 103 13
479 481 28
479 477 -8
479 125 28
969 943 28
969 301 28
969 636 -28
969 970 8
943 276 19
943 944 8
943 610 13
943 918 -13
301 300 28
301 303 13
301 299 13
636 635 -28
636 634 8
636 273 -19
636 638 -13
970 633 8
970 972 13
970 968 8
970 298 28
961 294 13
961 987 -19
961 962 -8
294 292 -13
294 653 -13
987 988 8
987 319 -8
987 654 -28
962 960 8
962 625 -8
962 964 28
962 291 19
159 157 13
159 161 28
159 158 28
157 820 8
157 509 -8
161 513 -8
161 824 -8
161 163 -19
158 135 -13
158 183 13
571 909 13
571 572 28
571 545 19
909 241 19
909 908 19
572 574 8
572 570 -8
545 519 -19
545 192 13
545 884 -28
127 791 19
127 481 28
791 790 -19
791 793 28
481 480 -28
481 483 -28
829 490 -13
829 831 8
829 828 28
829 162 13
829 827 -19
490 464 -8
490 140 13
490 515 -13
831 164 28
831 492 13
831 830 8
831 832 13
828 165 8
828 493 28
828 802 -13
828 853 28
162 518 13
162 139 -8
162 187 13
162 163 19
827 826 -19
827 488 28
574 908 -13
574 216 13
574 573 -19
908 883 -19
908 244 28
908 933 -28
216 241 -19
216 884 13
216 191 -28
573 219 13
573 599 -19
573 547 -8
794 768 -28
794 795 8
794 820 -13
794 134 -28
768 433 -19
768 743 8
795 793 -8
795 456 28
795 797 -13
795 131 -8
820 485 -13
820 845 8
134 136 -19
134 132 19
241 264 -8
241 242 -8
884 883 28
884 886 -8
191 192 -13
191 858 8
191 166 28
191 548 -13
581 555 -13
581 607 8
581 226 19
581 919 13
581 582 -8
555 201 19
555 893 -8
555 556 -19
555 529 28
607 633 8
607 608 13
607 944 -8
607 250 -13
226 225 8
226 228 -19
226 224 -28
226 890 28
919 917 -8
919 918 -19
919 920 -28
582 580 19
582 584 28
582 916 19
582 223 8
404 57 13
404 744 13
404 405 -19
404 378 -8
404 430 19
57 59 -19
57 55 -13
57 715 -13
57 56 8
744 81 13
744 742 -8
744 743 -13
405 407 19
405 741 -28
405 403 -13
405 54 -28
378 379 -8
378 352 28
378 718 -19
378 33 -8
430 431 -28
430 456 8
430 82 13
650 652 8
650 648 19
650 983 -19
650 649 8
650 287 -13
652 289 -28
652 985 19
652 654 8
652 651 -8
648 647 8
983 957 13
649 290 19
649 623 19
649 986 19
287 958 19
201 199 13
201 203 -8
201 200 -19
199 863 -28
199 553 -13
203 867 -8
203 557 19
203 202 -13
203 205 28
200 175 28
200 225 -28
200 558 -28
617 954 19
617 618 28
954 953 -19
954 952 28
618 620 -28
618 616 -28
618 257 19
290 292 19
290 289 13
290 957 -8
292 291 13
292 959 -8
292 651 -19
289 264 13
289 960 8
957 624 -28
957 958 28
406 407 -8
406 59 28
406 380 -8
407 56 28
407 743 -19
59 58 8
59 717 13
380 381 13
380 35 -8
380 354 8
380 720 -8
355 353 -13
355 691 -19
355 357 -28
355 7 28
355 354 -8
353 352 -19
353 351 -13
353 689 -28
353 5 -19
691 35 -8
691 665 -19
691 717 -13
691 692 8
357 359 -28
357 693 -13
357 9 -8
7 32 -8
7 8 -28
7 666 -8
354 328 -8
354 10 8
354 694 19
258 620 28
258 928 28
620 619 -8
620 953 8
928 930 28
928 927 19
441 443 28
441 439 8
441 89 19
779 778 8
779 781 -8
779 777 -13
619 593 -8
619 261 13
593 567 -28
593 238 -19
593 930 13
261 263 8
261 927 -28
261 260 -13
265 623 8
265 264 -28
265 267 -8
265 263 -13
932 934 -8
932 930 13
932 595 8
91 443 -19
443 778 -8
443 445 -28
443 442 8
450 476 -28
450 101 8
450 451 28
450 424 28
476 501 13
476 126 -8
476 477 -19
101 761 -8
101 103 -8
101 100 13
451 99 -13
451 786 -19
424 425 -8
424 398 19
424 76 8
544 187 -28
544 879 28
544 542 -19
544 543 19
187 212 -19
187 188 -28
187 854 8
879 904 -8
879 853 -8
879 880 -28
879 215 -13
542 877 -28
542 540 28
542 541 8
543 517 -13
543 190 13
543 569 19
917 248 -28
917 579 19
917 915 19
917 916 -13
248 608 -13
248 271 -19
248 223 -19
579 580 -13
579 224 -13
579 553 28
579 605 -8
915 247 -8
915 914 -8
916 250 -19
916 941 -8
916 890 13
300 275 -8
300 972 13
275 638 -28
275 276 -28
275 251 -13
275 946 19
972 635 -13
972 974 -8
972 971 -8
975 949 -8
975 307 28
975 976 8
949 616 -19
949 950 -13
949 923 -19
307 306 8
307 309 -28
307 305 13
976 978 -13
976 974 19
976 639 8
976 304 13
577 578 -28
577 551 -28
577 603 13
578 220 28
578 912 -8
551 552 13
551 525 -13
603 604 8
978 641 -28
978 306 -28
641 615 8
588 587 19
588 921 -8
588 586 13
588 229 8
587 232 -28
587 613 13
587 924 -28
587 561 19
921 922 28
921 896 -8
921 947 -8
921 256 -8
586 227 8
586 585 -8
586 584 -13
229 897 -28
229 253 -8
229 230 -8
790 130 28
790 455 28
793 129 8
793 792 13
411 413 -19
411 747 -8
384 724 8
384 358 28
384 39 -19
750 87 8
750 749 19
436 88 -28
436 462 -19
436 775 -19
413 749 -8
413 412 28
749 90 13
749 723 -28
749 774 -8
412 386 13
412 438 -19
812 477 -8
812 837 -13
812 151 -19
812 786 28
837 863 -19
837 838 -28
837 174 28
151 501 19
151 150 19
786 787 8
786 126 8
786 761 -19
623 960 -8
623 624 -8
960 959 -19
960 958 -13
624 626 8
175 842 -28
175 176 -28
175 532 8
842 840 28
842 844 8
176 529 -28
176 178 -8
176 174 -28
176 839 8
532 534 28
532 867 -8
532 530 -28
532 531 28
361 13 -13
361 359 19
361 697 8
361 363 13
361 360 -28
13 38 13
13 672 8
13 14 -28
359 695 28
359 358 -28
697 41 -8
697 671 -13
697 723 -19
697 698 13
363 699 -13
363 15 -19
360 16 -8
360 334 19
360 700 28
360 386 8
626 625 19
626 264 13
626 959 13
625 267 13
625 651 13
625 599 -8
264 934 28
959 933 -13
959 985 13
472 811 19
472 473 19
472 498 13
472 123 -19
472 446 -19
811 147 -28
811 810 -19
811 809 28
473 808 -13
473 120 19
473 475 -8
473 471 -28
498 148 8
498 523 -28
498 836 -28
123 121 -28
123 782 13
123 122 8
446 785 8
446 447 -28
446 98 8
446 420 19
934 933 19
934 936 8
633 634 -19
633 274 8
634 271 -13
634 967 -8
634 632 13
274 941 8
274 276 8
274 273 -8
274 272 28
676 674 -8
676 336 -28
16 15 8
16 14 -28
16 671 13
15 674 19
15 40 13
14 358 13
14 12 -13
14 669 -8
671 335 -19
671 672 -28
937 912 -28
937 604 13
912 913 28
604 602 -8
267 933 -19
267 266 -8
266 243 -19
266 936 13
266 291 19
457 104 8
457 455 8
457 456 19
457 792 28
104 79 13
104 105 13
104 129 -8
456 107 28
456 482 28
792 818 -28
792 132 8
792 766 -13
79 431 28
79 742 -19
79 54 8
105 107 -28
105 103 -28
129 130 -13
129 483 -19
680 340 -19
680 682 -13
680 21 -19
680 679 28
677 703 19
677 341 13
550 193 -19
550 552 19
550 549 -19
550 548 -13
193 860 -13
193 218 13
193 194 13
193 168 8
552 195 28
549 523 13
549 196 8
549 887 -28
549 575 13
548 883 -28
548 547 8
88 87 8
88 90 28
88 747 -28
87 439 -13
90 438 -8
90 89 19
747 772 -8
106 131 -13
106 81 8
106 107 -19
131 485 -28
131 132 -8
81 433 -28
81 82 8
81 56 -13
107 766 -8
58 720 19
58 34 19
717 381 8
717 718 8
717 743 19
148 146 13
148 147 19
148 808 13
146 496 -13
146 145 -19
146 144 19
146 806 -8
147 500 19
147 170 19
147 122 -19
808 809 -28
808 782 19
927 902 -19
927 953 -28
340 341 -28
340 366 19
341 343 8
366 367 -8
366 706 8
366 392 28
724 723 -8
723 387 19
501 840 -19
840 838 8
840 173 8
840 839 19
150 125 8
150 173 8
125 126 19
125 100 -19
173 530 -19
173 174 19
755 756 28
755 729 19
755 780 28
755 96 8
418 392 13
418 444 -8
418 758 -28
818 483 -19
483 485 -13
483 482 19
766 431 19
766 741 -13
640 973 -13
640 277 -19
640 639 -13
640 638 8
973 974 -8
973 305 19
973 947 -28
277 948 -28
277 302 -28
277 278 -19
277 253 -8
639 280 -13
639 613 8
638 637 -28
638 971 8
367 703 -19
367 369 -19
703 729 -13
703 47 13
703 704 28
369 21 19
369 705 -28
369 368 -28
44 704 -8
44 393 -28
682 23 8
682 342 19
23 48 8
23 24 -8
342 343 13
342 368 28
38 698 19
38 387 19
38 39 28
698 358 13
698 700 -19
387 386 8
39 41 19
39 695 -8
860 858 28
860 521 -19
860 862 19
860 859 -19
858 856 -13
858 519 -28
858 857 -13
521 547 -28
521 496 13
521 522 28
521 169 -19
862 523 -8
862 861 -19
862 195 -8
859 196 -8
859 833 13
859 524 -28
21 46 8
24 679 19
24 368 8
135 489 8
135 136 -13
135 799 -28
279 304 -8
279 280 8
279 255 28
279 950 19
304 305 13
280 947 28
280 278 19
255 231 13
255 616 8
255 924 -8
255 256 8
950 948 -8
950 613 -13
950 952 -8
232 231 28
232 234 -8
232 230 13
232 896 19
231 899 -28
231 206 -13
234 589 -13
234 898 13
234 236 28
230 585 -8
230 894 -19
230 228 -28
896 562 19
896 871 8
896 897 28
901 899 -19
901 563 28
905 567 -13
905 904 -19
905 237 13
902 238 -28
902 877 28
523 171 -28
523 524 -13
171 833 -8
171 170 8
171 169 8
524 168 8
524 526 -28
524 522 13
64 89 -28
64 40 19
602 601 8
602 243 -19
599 244 -8
599 936 -28
732 70 -28
732 392 -28
732 731 -28
732 734 -28
729 393 -19
337 336 13
337 335 28
337 673 -28
335 333 19
335 334 -13
673 674 8
673 699 28
482 132 -28
533 534 13
533 559 -13
533 872 -28
567 213 -8
567 541 13
213 877 -19
213 212 19
213 215 -19
541 515 13
541 188 -13
541 880 -13
948 611 8
948 947 -28
948 946 19
611 585 28
611 637 8
611 254 -8
611 612 -28
947 614 8
946 945 -13
946 944 19
946 609 28
775 774 19
775 777 -19
772 798 13
196 195 -13
196 194 -13
195 220 8
195 170 -13
194 192 -13
194 547 -28
194 857 28
883 857 19
883 219 13
857 522 -13
219 218 -8
219 221 13
381 379 -19
381 32 13
379 377 -28
379 30 -28
379 715 -13
32 56 -28
32 33 -8
32 692 19
979 953 -13
308 309 8
35 33 19
35 34 28
33 31 8
33 689 -28
34 9 8
34 694 8
238 236 28
238 237 8
237 212 8
237 260 28
350 324 -13
350 351 -19
350 690 19
350 376 13
350 6 -28
324 325 -8
324 664 -28
351 3 13
351 687 19
690 30 28
690 692 -28
690 689 -8
690 688 28
376 377 28
376 31 8
376 716 13
6 8 8
6 5 -8
6 4 -19
6 661 -8
427 75 -13
427 425 -13
75 100 -19
75 51 19
75 76 13
75 738 -13
425 761 -13
425 74 13
73 420 -28
73 731 -8
70 46 19
70 95 -19
742 741 -19
742 740 13
743 84 -13
343 679 28
679 705 -28
547 886 -13
952 615 -8
218 243 -13
218 886 8
243 244 28
886 887 8
583 584 28
583 557 13
583 228 8
583 609 -28
583 920 -28
584 225 13
584 918 19
557 895 -8
557 531 13
557 558 -19
228 227 -8
228 892 8
609 635 -19
609 610 -13
609 252 28
920 251 -19
920 922 13
386 41 13
985 986 8
985 317 -8
654 653 28
654 291 -13
654 656 -28
651 988 -13
328 329 -19
328 668 13
10 9 19
10 8 28
10 665 -28
10 12 19
694 693 -13
694 692 19
41 40 28
40 700 -19
291 316 -28
693 667 -13
9 668 -19
668 666 -13
668 670 8
668 667 8
244 242 -19
706 705 28
706 46 13
706 704 -28
705 49 -8
705 731 8
46 395 19
46 47 13
672 674 -19
672 332 19
672 670 28
517 856 -28
517 165 13
517 518 13
517 492 13
190 192 28
190 188 19
190 853 8
190 189 -19
569 570 -13
569 215 -19
569 595 -19
674 334 -19
84 82 8
82 741 19
519 494 -13
519 167 8
519 520 19
495 493 8
495 830 -19
495 494 28
495 141 -8
495 497 8
493 492 -8
493 139 -8
830 804 -8
830 167 -28
494 468 28
494 832 13
494 144 -19
141 164 8
141 805 -13
141 142 13
497 496 -19
497 143 -13
613 614 28
613 256 -8
924 923 -19
924 922 8
561 899 -19
561 562 -28
561 207 8
561 535 -13
958 621 -8
589 615 -8
589 563 -8
615 616 28
563 564 13
563 537 8
563 209 -8
438 464 8
438 777 -19
438 439 8
761 735 8
735 736 -19
735 399 -28
735 709 -19
735 76 -28
887 220 -28
699 700 -13
737 401 -8
737 78 13
737 738 28
856 189 19
856 854 19
189 164 -28
854 852 -19
854 515 19
854 853 -19
635 276 -8
276 278 -19
575 601 -28
575 913 -28
575 221 -19
25 684 -28
25 50 8
25 373 -28
25 0 -28
684 683 8
50 74 8
50 399 -8
50 710 28
373 372 19
373 709 19
373 375 19
0 347 19
0 658 28
251 227 -13
251 252 8
251 612 13
89 114 8
836 170 28
836 835 13
836 834 13
899 898 8
899 897 -19
898 923 19
898 873 28
898 564 -28
897 895 28
897 559 28
227 895 19
227 202 -13
895 894 -19
895 893 -13
202 560 -28
202 177 -19
202 870 8
756 758 28
756 93 8
758 757 -19
758 95 -8
758 760 -28
93 445 -13
93 118 19
93 94 -28
720 718 19
500 835 -8
500 499 -28
835 810 19
835 861 13
499 474 28
499 525 -8
170 526 28
122 97 -8
122 785 -8
122 475 8
595 621 19
333 332 19
333 669 -28
333 331 -28
332 358 13
669 695 -8
669 670 8
331 330 8
331 667 -8
331 329 -13
944 273 -8
944 942 28
610 608 -13
610 249 -28
610 612 8
918 892 13
918 252 -19
833 834 -13
377 28 19
377 375 -28
377 713 19
28 3 13
28 688 -13
375 26 -8
375 374 13
713 739 28
713 714 8
713 55 -8
713 687 28
861 526 -13
263 621 8
621 647 13
31 687 13
31 30 13
687 661 19
687 688 8
30 5 13
30 54 -8
206 564 13
206 181 13
206 874 8
206 207 19
715 741 -19
715 716 -19
715 689 13
877 851 13
904 570 8
393 395 -19
393 392 -8
74 736 8
74 99 8
736 738 28
739 403 -19
739 740 13
403 401 8
740 400 -19
740 77 13
740 738 13
616 614 -19
220 221 19
562 564 -19
562 560 -19
560 894 19
560 559 -28
560 558 -13
352 8 -13
352 692 -8
352 326 8
8 663 19
326 666 19
326 327 28
77 78 -19
431 433 8
608 606 -8
608 941 28
606 247 -13
606 605 -19
941 967 -8
941 942 -8
26 1 19
26 51 8
26 27 8
688 348 -19
346 372 19
346 347 -13
346 2 28
346 320 19
54 55 -13
54 716 13
804 469 -28
804 778 -28
804 144 -8
804 805 28
469 468 -19
469 467 13
469 471 -19
144 143 8
144 142 8
805 803 -28
805 807 19
208 183 8
208 876 -8
208 209 8
585 559 28
585 922 13
559 205 -19
922 253 19
209 873 28
209 207 -8
875 540 -13
875 849 19
875 876 28
966 965 -8
966 295 -19
966 968 13
965 297 -8
965 939 -13
965 632 8
295 270 -8
968 296 13
968 967 -8
968 631 -13
322 323 19
322 348 -28
322 662 8
323 325 -19
323 321 -8
348 374 19
348 4 -19
662 661 -28
662 664 13
662 660 -8
662 3 -19
880 212 28
12 667 19
330 670 -19
401 399 19
401 51 13
401 400 -13
399 398 -13
51 712 -13
51 52 -13
400 53 -19
400 374 28
368 394 13
48 397 -13
48 49 -28
614 253 8
614 612 -28
253 254 8
612 945 -8
468 442 28
468 807 13
832 166 19
832 834 28
496 470 -19
496 834 13
143 807 13
143 118 -13
143 166 -19
930 260 -8
894 869 -28
869 534 -8
869 870 -8
869 205 8
807 809 13
807 806 -19
118 471 28
118 781 8
166 522 -13
166 167 28
298 299 -28
298 273 13
270 940 -19
270 632 13
270 247 13
964 627 19
810 475 13
810 784 28
475 474 19
784 785 28
784 449 28
297 299 13
297 296 28
299 967 8
296 271 19
974 637 -19
974 302 -19
971 303 8
971 945 13
580 222 -13
580 914 28
223 224 13
223 891 -8
329 327 -19
329 665 -8
939 272 -19
939 914 -28
939 940 -8
272 631 -8
272 271 -28
914 888 -19
940 942 -13
520 164 19
520 518 13
520 522 19
56 718 -28
372 27 13
372 712 8
372 398 -8
27 683 -8
712 714 -13
712 710 -13
398 738 -28
398 52 19
637 278 19
278 945 -19
492 142 -19
467 802 -28
467 465 8
467 114 -28
525 526 -28
1 2 28
1 660 28
302 303 -28
873 538 -28
873 874 19
94 442 28
94 96 -13
474 448 -8
665 666 13
303 305 19
709 683 8
709 710 8
709 52 28
76 78 -19
718 716 28
716 714 -19
394 49 13
394 420 28
394 734 8
394 395 13
49 47 28
420 760 -19
395 731 8
395 397 -19
5 664 -8
168 145 -13
168 834 -19
168 169 19
120 145 28
120 121 -28
120 783 13
120 95 -19
471 470 -8
471 806 19
871 207 8
871 845 8
871 872 19
207 205 -8
845 182 13
872 870 28
872 874 -8
271 942 -19
632 631 -13
121 470 19
121 780 -13
782 447 8
782 757 8
782 783 -28
273 249 19
165 164 28
165 163 8
165 167 8
518 853 -19
518 516 19
535 182 8
535 509 -13
535 874 -13
480 130 -8
181 182 -13
181 848 19
181 538 28
874 876 -13
851 852 8
851 188 -8
851 516 28
851 826 13
250 249 -28
250 252 -13
249 225 8
225 893 -28
47 392 -13
256 254 -19
534 177 19
177 178 -13
177 844 -19
142 140 -13
142 802 8
570 212 -19
631 605 -19
325 661 8
325 327 -8
664 663 8
664 666 -19
53 55 19
53 52 -28
374 714 8
3 4 -8
462 488 -8
488 513 -8
488 489 -8
4 2 -19
470 809 -19
470 444 8
893 892 -13
893 891 -19
145 809 -8
540 538 -28
540 183 -19
538 537 28
183 184 19
183 850 19
867 892 -8
892 558 8
442 781 19
891 889 8
891 553 13
891 890 8
513 852 13
852 850 13
167 169 -28
531 178 13
531 870 13
558 556 8
186 188 -19
186 184 -28
186 849 28
184 182 -8
184 537 -13
849 850 28
849 824 19
97 449 8
97 98 13
97 760 13
785 783 -13
448 449 -13
783 781 -19
783 444 -8
537 876 8
942 605 -28
252 254 28
347 683 -28
683 657 -19
663 327 -8
663 689 28
485 487 -13
487 489 -19
487 486 -19
222 889 28
222 197 -19
222 247 -19
464 803 -8
464 465 13
803 802 13
803 139 13
465 800 -19
848 509 -28
848 850 -28
447 445 -13
447 449 -28
447 95 19
445 780 -8
445 444 28
95 96 28
889 888 -13
888 224 8
888 863 -28
888 554 -28
826 800 -8
826 163 -8
489 824 8
601 627 -8
627 653 -13
140 139 19
140 800 8
139 114 28
800 774 -8
806 780 -28
321 657 19
321 320 13
444 96 13
515 163 8
515 516 -8
988 986 19
988 316 28
988 990 19
986 314 -8
316 317 28
990 653 13
990 318 -13
990 989 -13
780 781 8
114 777 28
657 658 13
657 2 -8
658 660 19
319 317 -8
319 318 13
731 757 13
397 396 8
320 660 -13
757 98 28
98 96 13
458 797 -13
486 136 -8
797 799 8
553 554 19
774 439 13
863 528 -28
554 556 28
554 197 -8
890 556 8
798 824 -28
798 799 -28
989 656 -28
655 656 -28
529 530 -8
130 132 19
530 528 28
