982 981 19
982 310 28
982 980 -19
982 984 -8
982 645 -8
981 313 -13
981 955 19
981 648 19
310 285 13
310 311 28
980 978 8
980 308 -19
980 643 -28
980 979 8
984 312 13
984 647 -13
984 986 19
984 983 -28
645 619 -19
645 646 8
645 286 8
137 801 -8
137 160 -13
137 491 -19
137 138 19
137 112 -8
801 462 8
801 800 -13
801 803 -19
801 799 28
160 185 19
160 161 -28
160 516 13
160 827 28
491 493 -13
491 490 -19
491 826 19
491 489 28
138 140 -28
138 488 13
138 136 -28
138 798 19
112 113 -28
112 465 13
112 775 -19
112 87 -28
592 233 8
592 590 19
592 591 -28
592 594 19
592 925 -28
233 234 -19
233 208 8
233 901 13
233 257 -19
590 588 13
590 589 -19
590 231 -8
590 923 19
591 565 13
591 617 -19
591 928 8
591 236 13
594 235 -13
594 596 8
594 927 13
594 593 -13
925 259 -8
925 900 -13
925 951 -28
925 926 -28
338 339 -28
338 364 -28
338 678 -13
339 675 19
339 337 -13
339 341 -13
364 20 13
364 704 -19
364 390 8
364 365 -8
678 676 -19
678 19 8
678 680 -19
678 677 -8
414 388 -19
414 754 -13
414 415 13
414 440 13
414 67 -13
388 728 28
388 362 -8
388 389 13
388 43 28
754 91 28
754 756 28
754 752 13
754 753 -28
415 417 28
415 751 28
415 413 -8
415 64 13
440 441 19
440 779 -8
440 466 -13
440 92 19
67 69 19
67 65 -19
67 725 -8
67 66 -13
817 478 19
817 815 28
817 816 -13
817 819 -28
478 503 19
478 452 13
478 479 -28
478 128 28
815 150 -8
815 814 -13
815 813 19
815 476 -28
816 154 -19
816 481 -8
816 790 -19
816 841 13
819 818 -13
819 153 19
819 821 13
819 480 8
149 124 -13
149 502 13
149 813 28
149 172 19
124 787 13
124 99 13
124 477 13
502 501 13
502 837 28
502 504 28
813 812 19
172 197 -8
172 528 -19
172 838 -19
417 66 28
417 753 28
417 416 -13
417 419 8
66 728 -8
66 42 19
753 727 -13
753 778 -13
753 94 28
416 69 -28
416 756 13
416 390 19
416 442 19
419 755 8
419 418 -19
419 68 8
419 421 -13
382 37 19
382 722 -8
382 408 -28
382 383 -19
382 356 -28
37 36 -8
37 35 8
37 39 19
37 693 13
722 724 8
722 60 13
722 721 -8
722 720 13
408 434 8
408 748 13
408 409 -8
408 61 -28
383 381 -8
383 719 -28
383 34 -19
383 385 28
356 357 28
356 12 -13
356 330 -19
356 696 -19
765 763 -8
765 102 -28
765 764 -28
765 767 19
765 426 -13
763 762 8
763 424 -8
763 100 -8
102 127 -19
102 77 -13
102 103 -8
102 455 19
764 739 13
764 429 -19
764 790 28
764 105 -8
767 428 -13
767 104 -13
767 766 8
767 769 -13
426 427 8
426 400 19
426 452 8
426 78 -19
179 536 -8
179 204 28
179 180 8
179 846 28
179 155 -19
536 871 8
536 534 -19
536 535 13
536 538 28
204 562 13
204 229 -8
204 872 -13
204 205 28
180 533 19
180 182 -8
180 178 13
180 843 13
846 507 -8
846 848 19
846 844 13
846 845 8
155 510 -8
155 131 -19
155 821 -13
630 963 13
630 629 28
630 628 -19
630 268 8
963 937 -28
963 964 -8
963 989 -13
629 603 -28
629 655 -28
628 961 28
628 626 -13
628 266 8
628 627 8
268 269 -8
268 293 -28
268 245 -19
268 938 8
269 267 -28
269 627 28
269 935 8
293 318 13
293 294 -8
293 656 28
293 964 -19
245 913 -19
245 220 -13
245 246 8
245 604 8
938 937 13
938 936 13
938 601 -13
36 696 -13
36 11 28
36 385 8
36 60 28
696 695 28
696 698 8
696 694 13
11 12 19
11 670 -28
11 359 -19
385 387 13
385 721 -28
385 384 -28
60 85 19
60 61 28
60 411 -8
20 18 -13
20 675 8
20 22 -13
20 19 8
18 16 -19
18 362 13
18 673 8
18 17 28
675 701 13
675 676 28
22 366 -13
22 21 28
22 677 -8
22 24 -8
19 367 -8
19 44 -8
239 907 -8
239 598 28
239 240 13
239 214 -19
239 262 -13
907 909 -8
907 905 -19
907 569 -19
907 906 8
598 600 13
598 931 -19
598 597 13
598 596 8
240 238 -19
240 595 -8
240 242 28
240 904 13
214 882 -19
214 572 -28
214 215 -19
214 189 28
262 263 -13
262 932 -28
262 287 28
262 624 -28
461 463 -13
461 460 -28
461 459 8
461 108 -28
461 796 8
463 110 8
463 462 -19
463 465 13
463 798 19
460 111 28
460 434 28
460 486 -28
460 799 -19
459 794 -19
459 457 -8
459 106 8
459 458 19
108 771 -13
108 83 19
108 133 -28
108 109 13
796 797 -13
796 822 -28
796 770 8
796 136 8
771 769 -8
771 773 -19
771 770 28
771 432 -28
83 84 13
83 58 -8
83 746 -13
83 435 -8
133 487 -8
133 797 19
133 134 19
133 156 -13
109 111 -28
109 107 28
109 458 13
109 768 -19
701 365 8
701 727 -28
701 702 -19
701 45 19
365 367 13
365 363 19
365 17 19
727 728 -8
727 69 13
727 391 28
702 42 -8
702 700 -8
702 362 -19
702 704 28
45 43 28
45 390 -19
45 44 28
45 47 -8
910 935 -13
910 911 19
910 885 -8
910 246 8
910 576 8
935 961 28
935 936 -8
935 602 8
911 909 13
911 573 13
911 913 -19
911 243 13
885 550 -8
885 886 28
885 859 28
885 221 -8
246 244 19
246 601 -8
576 574 13
576 218 19
576 575 8
576 578 -8
428 80 -8
428 454 28
428 429 8
428 402 8
80 739 13
80 79 -28
80 82 8
80 78 19
454 480 19
454 455 -28
454 793 28
454 105 28
429 427 -8
429 77 8
429 431 19
402 403 -28
402 55 13
402 376 19
402 742 -28
111 110 19
111 770 -19
111 113 8
110 85 -13
110 135 13
110 773 -28
770 745 13
770 435 8
113 462 28
113 772 8
113 115 13
285 286 -13
285 956 -8
285 260 -8
285 648 -19
311 313 28
311 309 -19
311 979 19
313 312 -8
313 315 28
312 287 -28
315 314 -19
315 983 19
315 317 -28
685 29 -28
685 686 28
685 711 -13
685 349 -19
685 659 -13
29 31 13
29 374 -28
29 28 13
29 27 8
686 26 28
686 684 -13
686 688 8
686 346 -19
711 737 -28
711 375 13
711 53 28
711 712 -19
349 351 8
349 347 -28
349 348 -19
349 1 -8
659 323 19
659 660 -8
659 4 28
63 61 28
63 65 13
63 410 28
63 62 -28
63 721 -19
61 59 28
61 719 -8
65 64 8
65 412 19
65 723 -8
410 411 -28
410 384 -13
410 750 28
410 436 -13
62 413 -28
62 724 -8
62 38 -28
62 87 -8
721 695 8
721 747 13
745 86 -28
745 719 -8
745 746 -19
745 409 -19
86 434 8
86 85 -8
86 88 28
86 84 8
719 693 8
719 720 8
746 406 -8
746 744 28
746 748 -19
409 58 8
409 407 -13
409 411 13
506 504 -28
506 508 -13
506 841 19
506 505 -8
504 150 -13
504 503 -28
504 839 19
508 507 -28
508 510 19
508 843 -13
508 153 13
841 867 8
841 842 28
841 178 19
505 154 -19
505 480 -8
505 844 -28
505 531 28
600 933 13
600 602 -28
600 241 13
600 599 19
931 265 19
931 906 -8
931 957 8
931 932 13
597 571 -13
597 623 -28
597 934 -19
597 242 -28
596 237 19
596 929 8
596 595 28
344 370 -8
344 345 28
370 396 8
370 371 19
345 343 8
345 681 28
728 730 -19
728 726 19
730 390 -8
730 68 -8
730 732 19
730 729 13
726 724 28
726 64 -19
726 725 19
726 386 -19
955 288 28
955 956 28
955 929 28
955 622 19
288 290 8
288 286 -19
288 647 19
288 287 -13
956 619 13
956 954 28
956 958 28
929 263 -8
929 930 -19
929 904 28
622 620 -28
622 260 -13
622 624 -8
622 621 -13
154 152 28
154 153 -19
152 814 -8
152 151 13
152 503 28
153 177 19
153 129 8
565 211 13
565 903 -19
565 566 19
565 539 -19
211 210 -8
211 213 8
211 209 19
211 875 -8
903 235 -8
903 901 -13
903 905 28
903 902 -19
566 568 19
566 900 -19
566 564 19
566 208 19
539 540 13
539 513 -28
539 186 -19
539 878 -8
507 482 28
507 533 8
510 512 -19
510 845 -13
510 509 -19
843 818 8
843 869 -13
843 844 28
823 822 8
823 484 -28
823 821 28
823 825 -28
823 156 13
822 159 8
822 487 19
822 847 8
484 485 28
484 134 -28
484 458 -13
484 509 28
821 482 8
821 820 -8
825 486 -19
825 827 13
825 158 8
825 824 13
156 512 -28
156 181 -19
156 157 13
788 814 13
788 453 13
788 762 -19
788 128 -19
788 789 13
814 479 -19
814 839 -8
453 451 -28
453 100 28
453 452 13
453 455 28
762 427 28
762 103 -8
762 737 19
128 127 -28
128 126 -28
128 130 13
789 450 28
789 791 -8
789 787 8
789 125 -13
210 878 8
210 185 13
210 568 13
210 235 8
878 877 -19
878 880 -19
878 876 28
185 186 -8
185 542 -28
185 852 19
568 567 -13
568 902 -19
568 570 -19
235 258 28
235 236 -19
423 759 13
423 421 -8
423 72 -8
423 422 -28
759 784 -8
759 760 28
759 733 -28
421 757 -28
421 70 -19
421 420 13
72 48 28
72 97 -28
72 73 13
72 734 13
422 396 -13
422 448 -13
362 363 -28
362 336 28
389 387 -28
389 725 28
389 391 13
389 40 28
43 42 13
43 41 8
43 699 28
769 106 8
769 768 -28
769 430 -13
773 434 -19
773 775 8
773 772 -13
432 406 -28
432 84 13
432 458 -28
432 433 28
881 906 13
881 546 13
881 882 28
881 217 28
881 855 -13
906 242 19
906 572 13
546 544 28
546 545 13
546 548 13
546 189 -8
882 543 -19
882 884 13
882 880 13
217 571 -19
217 216 -19
217 219 -19
217 215 13
855 856 -13
855 192 8
855 830 -8
855 520 -13
644 643 -13
644 977 -19
644 646 -28
644 281 28
644 642 -19
643 284 -8
643 617 -19
977 978 -13
977 951 19
977 309 8
646 979 -19
646 283 -28
646 648 -13
281 306 8
281 952 -19
281 282 -8
281 257 19
642 975 8
642 640 28
642 279 -8
642 641 28
42 391 19
42 17 -13
391 390 19
391 393 19
17 676 -13
866 527 19
866 864 28
866 868 13
866 865 -8
866 198 19
527 501 -8
527 553 -28
527 528 19
527 174 -13
864 197 -13
864 863 19
868 867 -13
868 529 19
868 870 -13
868 200 13
865 201 -13
865 530 -8
865 890 13
865 839 -13
198 223 8
198 556 -13
198 173 -28
198 199 -8
284 283 -13
284 286 19
284 282 -28
284 951 -19
283 258 -8
283 954 8
283 308 -8
286 953 -8
282 641 28
282 949 -28
282 280 -8
951 952 28
951 618 -13
707 371 13
707 708 19
707 681 -19
707 733 -13
371 369 8
371 23 -28
708 706 -28
708 368 -19
708 48 19
681 682 13
733 734 -8
733 397 -28
434 435 -13
435 433 13
435 437 -8
259 617 -19
259 258 -28
259 261 -8
900 875 -13
900 236 -8
900 901 8
926 589 -8
926 924 -8
926 928 19
926 257 -19
117 466 19
117 116 -19
117 119 -28
117 115 -28
117 776 -13
466 805 -8
466 492 -19
466 467 28
116 91 19
116 469 -28
116 779 -13
116 141 28
119 468 -8
119 778 19
119 121 8
119 118 -13
115 464 -8
115 774 13
115 114 -13
776 751 -19
776 777 -19
776 441 -28
776 802 8
85 437 -28
85 748 -13
437 436 -13
437 772 19
437 439 -13
748 750 -8
748 747 -19
69 68 19
69 71 13
68 44 -13
68 93 -28
71 73 -28
71 70 28
71 729 -8
71 418 8
751 725 -8
751 752 13
751 92 -13
725 699 8
752 750 8
752 412 -28
752 89 -19
92 91 19
92 90 19
92 94 -8
512 514 -8
512 847 13
512 511 -8
514 513 -8
514 849 -28
514 158 -8
514 516 -8
847 873 8
847 848 -28
847 184 -28
511 159 -28
511 537 13
511 486 -19
511 850 -8
503 842 19
503 529 -8
452 791 28
452 103 13
479 481 -19
479 477 -13
479 125 28
969 943 -19
969 301 28
969 636 19
969 970 -19
943 276 -13
943 944 -19
943 610 -28
943 918 -8
301 300 13
301 303 -19
301 299 13
636 635 -19
636 634 -19
636 273 19
636 638 28
970 633 -28
970 972 -19
970 968 8
970 298 13
961 294 -19
961 987 19
961 962 -19
294 292 8
294 653 8
987 988 -13
987 319 -28
987 654 -28
962 960 -13
962 625 13
962 964 -28
962 291 -13
159 157 -13
159 161 8
159 158 -28
157 820 -19
157 509 13
161 513 19
161 824 -8
161 163 -8
158 135 -19
158 183 -28
571 909 -8
571 572 -19
571 545 19
909 241 -28
909 908 -13
572 574 -13
572 570 -8
545 519 -8
545 192 13
545 884 13
127 791 13
127 481 -8
791 790 -19
791 793 -13
481 480 8
481 483 -28
829 490 28
829 831 13
829 828 28
829 162 -19
829 827 8
490 464 28
490 140 -28
490 515 -28
831 164 19
831 492 28
831 830 -28
831 832 8
828 165 -19
828 493 28
828 802 13
828 853 -19
162 518 -28
162 139 8
162 187 -28
162 163 13
827 826 -8
827 488 28
574 908 -13
574 216 -28
574 573 -8
908 883 -19
908 244 8
908 933 -13
216 241 -28
216 884 -28
216 191 28
573 219 -28
573 599 -8
573 547 -13
794 768 -13
794 795 8
794 820 19
794 134 -8
768 433 13
768 743 -19
795 793 13
795 456 28
795 797 -19
795 131 28
820 485 28
820 845 28
134 136 8
134 132 19
241 264 -13
241 242 -8
884 883 13
884 886 28
191 192 -13
191 858 -19
191 166 13
191 548 -13
581 555 19
581 607 19
581 226 19
581 919 -13
581 582 -8
555 201 -13
555 893 28
555 556 -19
555 529 19
607 633 13
607 608 13
607 944 -8
607 250 -8
226 225 -13
226 228 8
226 224 8
226 890 8
919 917 28
919 918 19
919 920 8
582 580 8
582 584 19
582 916 -13
582 223 8
404 57 28
404 744 -13
404 405 -13
404 378 8
404 430 19
57 59 -8
57 55 28
57 715 13
57 56 13
744 81 -8
744 742 13
744 743 -13
405 407 -28
405 741 -19
405 403 -28
405 54 -8
378 379 28
378 352 28
378 718 8
378 33 19
430 431 -8
430 456 -28
430 82 19
650 652 28
650 648 8
650 983 28
650 649 -8
650 287 19
652 289 28
652 985 19
652 654 -28
652 651 -19
648 647 13
983 957 -13
649 290 -28
649 623 13
649 986 8
287 958 -28
201 199 -13
201 203 8
201 200 -19
199 863 28
199 553 -8
203 867 -28
203 557 28
203 202 19
203 205 -8
200 175 28
200 225 19
200 558 8
617 954 -8
617 618 13
954 953 13
954 952 -8
618 620 28
618 616 19
618 257 -19
290 292 -8
290 289 -19
290 957 -28
292 291 -19
292 959 -8
292 651 -13
289 264 -8
289 960 -28
957 624 8
957 958 -13
406 407 8
406 59 28
406 380 -13
407 56 19
407 743 -19
59 58 -28
59 717 8
380 381 8
380 35 19
380 354 8
380 720 8
355 353 13
355 691 19
355 357 19
355 7 -19
355 354 8
353 352 8
353 351 28
353 689 -28
353 5 19
691 35 -8
691 665 -28
691 717 -19
691 692 -8
357 359 -8
357 693 13
357 9 19
7 32 -8
7 8 -13
7 666 -28
354 328 -19
354 10 19
354 694 8
258 620 19
258 928 28
620 619 8
620 953 13
928 930 -19
928 927 -19
441 443 -13
441 439 28
441 89 -8
779 778 -13
779 781 -13
779 777 19
619 593 19
619 261 28
593 567 8
593 238 -8
593 930 -13
261 263 13
261 927 -28
261 260 8
265 623 -13
265 264 19
265 267 28
265 263 13
932 934 28
932 930 -19
932 595 13
91 443 -28
443 778 19
443 445 -13
443 442 -13
450 476 13
450 101 -19
450 451 8
450 424 -13
476 501 -13
476 126 -28
476 477 -8
101 761 19
101 103 19
101 100 13
451 99 8
451 786 13
424 425 19
424 398 8
424 76 -8
544 187 8
544 879 -8
544 542 -8
544 543 28
187 212 28
187 188 13
187 854 19
879 904 19
879 853 -28
879 880 -19
879 215 -8
542 877 -19
542 540 -13
542 541 -8
543 517 13
543 190 -13
543 569 19
917 248 8
917 579 13
917 915 8
917 916 28
248 608 19
248 271 -19
248 223 8
579 580 -8
579 224 28
579 553 28
579 605 13
915 247 13
915 914 28
916 250 -13
916 941 -19
916 890 19
300 275 -8
300 972 8
275 638 -8
275 276 8
275 251 13
275 946 19
972 635 -19
972 974 -13
972 971 19
975 949 28
975 307 13
975 976 28
949 616 13
949 950 -13
949 923 28
307 306 -28
307 309 28
307 305 -8
976 978 -19
976 974 -8
976 639 -13
976 304 8
577 578 -28
577 551 28
577 603 -28
578 220 28
578 912 -13
551 552 8
551 525 -13
603 604 8
978 641 13
978 306 -28
641 615 8
588 587 8
588 921 8
588 586 -28
588 229 -8
587 232 19
587 613 -13
587 924 13
587 561 -8
921 922 -13
921 896 -8
921 947 8
921 256 28
586 227 -28
586 585 8
586 584 -8
229 897 28
229 253 8
229 230 28
790 130 -28
790 455 -19
793 129 -13
793 792 13
411 413 8
411 747 28
384 724 28
384 358 13
384 39 -28
750 87 28
750 749 28
436 88 8
436 462 -13
436 775 13
413 749 19
413 412 -28
749 90 -8
749 723 13
749 774 -28
412 386 -28
412 438 -19
812 477 -28
812 837 -13
812 151 19
812 786 19
837 863 8
837 838 -8
837 174 -8
151 501 -19
151 150 28
786 787 -28
786 126 -13
786 761 13
623 960 28
623 624 -8
960 959 8
960 958 28
624 626 -13
175 842 -8
175 176 13
175 532 -28
842 840 -19
842 844 -13
176 529 13
176 178 -19
176 174 19
176 839 13
532 534 -13
532 867 -28
532 530 -28
532 531 28
361 13 28
361 359 19
361 697 8
361 363 28
361 360 -19
13 38 8
13 672 19
13 14 -19
359 695 13
359 358 -13
697 41 13
697 671 -19
697 723 19
697 698 -28
363 699 -19
363 15 -28
360 16 13
360 334 -13
360 700 28
360 386 28
626 625 19
626 264 -19
626 959 28
625 267 8
625 651 -13
625 599 19
264 934 28
959 933 -8
959 985 28
472 811 13
472 473 13
472 498 -8
472 123 -19
472 446 13
811 147 -19
811 810 19
811 809 -19
473 808 28
473 120 19
473 475 -8
473 471 -28
498 148 -28
498 523 -28
498 836 13
123 121 28
123 782 -8
123 122 28
446 785 -28
446 447 -19
446 98 8
446 420 28
934 933 13
934 936 -13
633 634 19
633 274 -28
634 271 8
634 967 -19
634 632 19
274 941 -19
274 276 13
274 273 -13
274 272 -13
676 674 -8
676 336 19
16 15 -8
16 14 -13
16 671 -8
15 674 -13
15 40 -8
14 358 -13
14 12 -8
14 669 13
671 335 8
671 672 -28
937 912 19
937 604 28
912 913 28
604 602 19
267 933 -28
267 266 28
266 243 -28
266 936 19
266 291 -8
457 104 -19
457 455 -19
457 456 -19
457 792 8
104 79 -8
104 105 8
104 129 19
456 107 -19
456 482 -28
792 818 -19
792 132 -19
792 766 -28
79 431 19
79 742 8
79 54 13
105 107 13
105 103 19
129 130 13
129 483 8
680 340 -13
680 682 19
680 21 -8
680 679 8
677 703 -13
677 341 -28
550 193 13
550 552 28
550 549 -13
550 548 -8
193 860 28
193 218 28
193 194 8
193 168 13
552 195 19
549 523 -28
549 196 -8
549 887 -8
549 575 28
548 883 8
548 547 -13
88 87 8
88 90 19
88 747 -19
87 439 19
90 438 28
90 89 13
747 772 -13
106 131 -28
106 81 -28
106 107 28
131 485 28
131 132 -8
81 433 8
81 82 -19
81 56 -8
107 766 28
58 720 -8
58 34 -13
717 381 8
717 718 28
717 743 -8
148 146 -13
148 147 19
148 808 -28
146 496 28
146 145 19
146 144 19
146 806 -13
147 500 8
147 170 28
147 122 -13
808 809 13
808 782 28
927 902 28
927 953 19
340 341 -8
340 366 19
341 343 19
366 367 -19
366 706 -13
366 392 -28
724 723 13
723 387 28
501 840 -13
840 838 -8
840 173 -8
840 839 28
150 125 8
150 173 -8
125 126 8
125 100 28
173 530 -13
173 174 28
755 756 -13
755 729 -8
755 780 19
755 96 -28
418 392 -8
418 444 19
418 758 28
818 483 19
483 485 19
483 482 -28
766 431 8
766 741 -13
640 973 28
640 277 -28
640 639 -8
640 638 19
973 974 -28
973 305 -19
973 947 -8
277 948 28
277 302 -8
277 278 -28
277 253 28
639 280 -19
639 613 13
638 637 -8
638 971 -28
367 703 19
367 369 8
703 729 13
703 47 -28
703 704 13
369 21 -19
369 705 28
369 368 28
44 704 28
44 393 13
682 23 8
682 342 19
23 48 -28
23 24 8
342 343 19
342 368 -8
38 698 28
38 387 -13
38 39 -13
698 358 -13
698 700 19
387 386 19
39 41 -19
39 695 -8
860 858 -8
860 521 -13
860 862 28
860 859 -28
858 856 19
858 519 -19
858 857 -13
521 547 -13
521 496 -13
521 522 -8
521 169 -13
862 523 19
862 861 8
862 195 -28
859 196 -13
859 833 -28
859 524 -13
21 46 -13
24 679 -19
24 368 -13
135 489 28
135 136 28
135 799 -8
279 304 -28
279 280 -8
279 255 -19
279 950 19
304 305 13
280 947 19
280 278 19
255 231 -28
255 616 13
255 924 -8
255 256 28
950 948 8
950 613 -13
950 952 8
232 231 13
232 234 -28
232 230 -19
232 896 13
231 899 -28
231 206 -8
234 589 -28
234 898 28
234 236 13
230 585 -28
230 894 -13
230 228 19
896 562 -28
896 871 8
896 897 13
901 899 28
901 563 28
905 567 -13
905 904 19
905 237 -13
902 238 -28
902 877 19
523 171 28
523 524 28
171 833 28
171 170 -28
171 169 -8
524 168 13
524 526 -13
524 522 -13
64 89 -13
64 40 -28
602 601 -13
602 243 19
599 244 19
599 936 19
732 70 13
732 392 19
732 731 8
732 734 -13
729 393 -28
337 336 19
337 335 13
337 673 13
335 333 8
335 334 -28
673 674 19
673 699 19
482 132 -8
533 534 -8
533 559 -19
533 872 -28
567 213 8
567 541 -13
213 877 19
213 212 -8
213 215 -28
541 515 28
541 188 -13
541 880 13
948 611 19
948 947 -28
948 946 19
611 585 -28
611 637 19
611 254 -19
611 612 -19
947 614 -28
946 945 -8
946 944 19
946 609 -28
775 774 -13
775 777 -19
772 798 -28
196 195 28
196 194 -13
195 220 -28
195 170 -8
194 192 -19
194 547 -13
194 857 -19
883 857 13
883 219 8
857 522 13
219 218 19
219 221 -13
381 379 -8
381 32 19
379 377 -13
379 30 13
379 715 -8
32 56 13
32 33 -19
32 692 19
979 953 -19
308 309 -28
35 33 -28
35 34 13
33 31 8
33 689 -13
34 9 8
34 694 19
238 236 13
238 237 8
237 212 -28
237 260 -19
350 324 13
350 351 13
350 690 8
350 376 -19
350 6 -28
324 325 28
324 664 8
351 3 19
351 687 19
690 30 -13
690 692 8
690 689 -28
690 688 -19
376 377 -28
376 31 19
376 716 -28
6 8 19
6 5 13
6 4 19
6 661 -13
427 75 8
427 425 -19
75 100 28
75 51 13
75 76 8
75 738 -19
425 761 -8
425 74 -8
73 420 -19
73 731 13
70 46 -13
70 95 -13
742 741 -13
742 740 8
743 84 19
343 679 -8
679 705 28
547 886 8
952 615 -13
218 243 -28
218 886 19
243 244 -8
886 887 28
583 584 -19
583 557 -8
583 228 -28
583 609 13
583 920 -28
584 225 8
584 918 8
557 895 8
557 531 28
557 558 28
228 227 -13
228 892 -8
609 635 -13
609 610 8
609 252 -13
920 251 -28
920 922 28
386 41 -28
985 986 -13
985 317 13
654 653 -8
654 291 -28
654 656 13
651 988 13
328 329 28
328 668 13
10 9 13
10 8 8
10 665 8
10 12 -13
694 693 -13
694 692 -13
41 40 8
40 700 28
291 316 -8
693 667 -19
9 668 28
668 666 -28
668 670 -13
668 667 -28
244 242 -8
706 705 -13
706 46 -8
706 704 -19
705 49 8
705 731 -28
46 395 19
46 47 13
672 674 -8
672 332 -8
672 670 8
517 856 8
517 165 13
517 518 -13
517 492 19
190 192 8
190 188 -28
190 853 28
190 189 19
569 570 13
569 215 28
569 595 -8
674 334 28
84 82 -28
82 741 -19
519 494 -28
519 167 -13
519 520 -28
495 493 13
495 830 -28
495 494 28
495 141 8
495 497 -19
493 492 -19
493 139 19
830 804 -28
830 167 13
494 468 13
494 832 -28
494 144 -13
141 164 28
141 805 8
141 142 13
497 496 -19
497 143 -13
613 614 -13
613 256 -19
924 923 8
924 922 8
561 899 -13
561 562 13
561 207 19
561 535 -19
958 621 -19
589 615 8
589 563 13
615 616 -13
563 564 8
563 537 19
563 209 -19
438 464 -8
438 777 8
438 439 -13
761 735 -8
735 736 28
735 399 8
735 709 19
735 76 28
887 220 -28
699 700 -13
737 401 -19
737 78 8
737 738 19
856 189 8
856 854 -28
189 164 28
854 852 8
854 515 8
854 853 -19
635 276 -13
276 278 -13
575 601 8
575 913 -28
575 221 -19
25 684 -13
25 50 -13
25 373 -19
25 0 -13
684 683 8
50 74 -8
50 399 13
50 710 -8
373 372 -28
373 709 19
373 375 28
0 347 -8
0 658 19
251 227 -19
251 252 8
251 612 -19
89 114 -28
836 170 8
836 835 -19
836 834 8
899 898 13
899 897 19
898 923 19
898 873 -8
898 564 28
897 895 -8
897 559 13
227 895 -28
227 202 -13
895 894 -19
895 893 -28
202 560 -19
202 177 -28
202 870 -8
756 758 -28
756 93 -13
758 757 -13
758 95 -8
758 760 19
93 445 -8
93 118 -28
93 94 8
720 718 13
500 835 -13
500 499 -19
835 810 28
835 861 13
499 474 19
499 525 -8
170 526 13
122 97 -13
122 785 13
122 475 -28
595 621 -13
333 332 28
333 669 -8
333 331 19
332 358 28
669 695 19
669 670 -28
331 330 28
331 667 -28
331 329 19
944 273 13
944 942 19
610 608 -19
610 249 19
610 612 8
918 892 13
918 252 13
833 834 -19
377 28 -13
377 375 28
377 713 -19
28 3 28
28 688 -8
375 26 -8
375 374 -19
713 739 19
713 714 28
713 55 -13
713 687 28
861 526 -8
263 621 -28
621 647 -28
31 687 28
31 30 28
687 661 28
687 688 13
30 5 -8
30 54 28
206 564 -28
206 181 8
206 874 -8
206 207 8
715 741 8
715 716 -13
715 689 8
877 851 -19
904 570 -28
393 395 28
393 392 19
74 736 8
74 99 13
736 738 -8
739 403 13
739 740 28
403 401 -8
740 400 28
740 77 28
740 738 -13
616 614 -8
220 221 -13
562 564 28
562 560 -28
560 894 -8
560 559 -19
560 558 -28
352 8 19
352 692 13
352 326 -19
8 663 28
326 666 28
326 327 -13
77 78 -19
431 433 -8
608 606 -19
608 941 -13
606 247 -13
606 605 -8
941 967 -28
941 942 -13
26 1 -13
26 51 -8
26 27 -19
688 348 28
346 372 -28
346 347 28
346 2 8
346 320 -19
54 55 19
54 716 13
804 469 19
804 778 19
804 144 13
804 805 8
469 468 19
469 467 28
469 471 19
144 143 28
144 142 13
805 803 -19
805 807 28
208 183 -28
208 876 8
208 209 28
585 559 13
585 922 8
559 205 8
922 253 13
209 873 28
209 207 -19
875 540 8
875 849 -13
875 876 19
966 965 8
966 295 -19
966 968 8
965 297 28
965 939 -8
965 632 -13
295 270 19
968 296 28
968 967 -13
968 631 -8
322 323 -28
322 348 28
322 662 -8
323 325 -19
323 321 -8
348 374 -8
348 4 -8
662 661 28
662 664 13
662 660 -8
662 3 -8
880 212 -13
12 667 8
330 670 8
401 399 -19
401 51 28
401 400 -13
399 398 -28
51 712 13
51 52 13
400 53 -28
400 374 -28
368 394 28
48 397 28
48 49 -28
614 253 8
614 612 13
253 254 13
612 945 8
468 442 19
468 807 -8
832 166 -28
832 834 28
496 470 13
496 834 19
143 807 -28
143 118 13
143 166 19
930 260 28
894 869 -13
869 534 8
869 870 13
869 205 -8
807 809 -8
807 806 -19
118 471 8
118 781 -28
166 522 19
166 167 -13
298 299 -28
298 273 13
270 940 19
270 632 8
270 247 19
964 627 19
810 475 -13
810 784 -19
475 474 -8
784 785 -19
784 449 -19
297 299 -19
297 296 -13
299 967 -13
296 271 -13
974 637 19
974 302 -19
971 303 8
971 945 28
580 222 -28
580 914 -13
223 224 -28
223 891 19
329 327 -19
329 665 -28
939 272 -19
939 914 19
939 940 13
272 631 28
272 271 -13
914 888 19
940 942 19
520 164 8
520 518 19
520 522 8
56 718 -13
372 27 -13
372 712 19
372 398 19
27 683 -28
712 714 -19
712 710 19
398 738 -19
398 52 13
637 278 -19
278 945 28
492 142 -8
467 802 13
467 465 13
467 114 -13
525 526 -13
1 2 28
1 660 13
302 303 8
873 538 -28
873 874 8
94 442 28
94 96 -8
474 448 13
665 666 19
303 305 -13
709 683 -19
709 710 8
709 52 -13
76 78 8
718 716 13
716 714 -8
394 49 8
394 420 8
394 734 -8
394 395 -19
49 47 19
420 760 13
395 731 -28
395 397 13
5 664 -28
168 145 28
168 834 13
168 169 -19
120 145 -8
120 121 19
120 783 -13
120 95 13
471 470 19
471 806 -13
871 207 8
871 845 19
871 872 -8
207 205 28
845 182 -28
872 870 13
872 874 -8
271 942 -13
632 631 -8
121 470 -13
121 780 -28
782 447 13
782 757 -13
782 783 -28
273 249 8
165 164 13
165 163 19
165 167 8
518 853 -28
518 516 19
535 182 -8
535 509 -8
535 874 28
480 130 -13
181 182 -13
181 848 -8
181 538 -8
874 876 -13
851 852 -28
851 188 -13
851 516 -28
851 826 19
250 249 19
250 252 -13
249 225 8
225 893 -13
47 392 -28
256 254 -19
534 177 28
177 178 -8
177 844 19
142 140 13
142 802 -19
570 212 -19
631 605 8
325 661 -28
325 327 -8
664 663 -19
664 666 -28
53 55 8
53 52 19
374 714 19
3 4 19
462 488 -8
488 513 8
488 489 -8
4 2 8
470 809 -8
470 444 28
893 892 8
893 891 19
145 809 -8
540 538 -28
540 183 19
538 537 8
183 184 28
183 850 -8
867 892 -19
892 558 19
442 781 -28
891 889 19
891 553 19
891 890 -8
513 852 -28
852 850 19
167 169 -13
531 178 -8
531 870 -19
558 556 -8
186 188 -13
186 184 -19
186 849 -8
184 182 19
184 537 -28
849 850 19
849 824 8
97 449 13
97 98 19
97 760 28
785 783 -28
448 449 -13
783 781 -8
783 444 13
537 876 8
942 605 13
252 254 13
347 683 8
683 657 -19
663 327 -13
663 689 13
485 487 8
487 489 13
487 486 -8
222 889 -13
222 197 -28
222 247 13
464 803 28
464 465 8
803 802 -28
803 139 -13
465 800 28
848 509 8
848 850 -13
447 445 -8
447 449 19
447 95 19
445 780 13
445 444 -19
95 96 -13
889 888 8
888 224 -8
888 863 13
888 554 -13
826 800 -13
826 163 8
489 824 28
601 627 -13
627 653 13
140 139 28
140 800 19
139 114 -8
800 774 -19
806 780 19
321 657 -28
321 320 -19
444 96 -8
515 163 13
515 516 13
988 986 8
988 316 -8
988 990 19
986 314 -28
316 317 8
990 653 -8
990 318 28
990 989 -28
780 781 8
114 777 13
657 658 -19
657 2 -8
658 660 -19
319 317 -8
319 318 13
731 757 -28
397 396 -13
320 660 28
757 98 8
98 96 8
458 797 -19
486 136 -28
797 799 28
553 554 -8
774 439 19
863 528 -28
554 556 -13
554 197 -19
890 556 -8
798 824 13
798 799 -28
989 656 28
655 656 -8
529 530 -8
130 132 28
530 528 28
