982 981 8
982 310 8
982 980 13
982 984 28
982 645 -19
981 313 28
981 955 -8
981 648 8
310 285 -28
310 311 -28
980 978 13
980 308 -28
980 643 -8
980 979 13
984 312 13
984 647 -19
984 986 13
984 983 8
645 619 28
645 646 19
645 286 28
137 801 19
137 160 -19
137 491 -8
137 138 -28
137 112 19
801 462 -28
801 800 -13
801 803 28
801 799 13
160 185 19
160 161 28
160 516 19
160 827 19
491 493 19
491 490 19
491 826 -28
491 489 13
138 140 28
138 488 -28
138 136 -8
138 798 8
112 113 -8
112 465 19
112 775 28
112 87 -19
592 233 -8
592 590 -19
592 591 -28
592 594 -8
592 925 19
233 234 8
233 208 -28
233 901 28
233 257 -13
590 588 -8
590 589 -19
590 231 -13
590 923 8
591 565 -8
591 617 13
591 928 -28
591 236 8
594 235 19
594 596 19
594 927 19
594 593 8
925 259 28
925 900 -28
925 951 -28
925 926 -19
338 339 -13
338 364 -8
338 678 -8
339 675 -8
339 337 -8
339 341 28
364 20 28
364 704 -28
364 390 13
364 365 28
678 676 19
678 19 13
678 680 -8
678 677 -8
414 388 -8
414 754 -13
414 415 8
414 440 -28
414 67 -28
388 728 28
388 362 -8
388 389 -8
388 43 -28
754 91 28
754 756 13
754 752 19
754 753 -13
415 417 8
415 751 13
415 413 8
415 64 8
440 441 -28
440 779 8
440 466 19
440 92 28
67 69 8
67 65 -28
67 725 -28
67 66 19
817 478 13
817 815 19
817 816 -8
817 819 -28
478 503 13
478 452 13
478 479 28
478 128 -13
815 150 8
815 814 8
815 813 13
815 476 19
816 154 13
816 481 -19
816 790 -8
816 841 28
819 818 28
819 153 8
819 821 -8
819 480 19
149 124 8
149 502 19
149 813 13
149 172 8
124 787 19
124 99 19
124 477 -13
502 501 28
502 837 28
502 504 -13
813 812 28
172 197 -13
172 528 13
172 838 28
417 66 8
417 753 -13
417 416 28
417 419 13
66 728 28
66 42 -8
753 727 28
753 778 13
753 94 -13
416 69 8
416 756 -8
416 390 19
416 442 -8
419 755 -28
419 418 -13
419 68 13
419 421 28
382 37 8
382 722 8
382 408 -8
382 383 -8
382 356 -19
37 36 13
37 35 -28
37 39 8
37 693 28
722 724 19
722 60 28
722 721 -8
722 720 -13
408 434 28
408 748 8
408 409 -28
408 61 -19
383 381 -8
383 719 -19
383 34 19
383 385 -13
356 357 28
356 12 13
356 330 -28
356 696 13
765 763 -28
765 102 -28
765 764 19
765 767 8
765 426 13
763 762 -28
763 424 -28
763 100 -28
102 127 28
102 77 13
102 103 28
102 455 -8
764 739 19
764 429 19
764 790 8
764 105 -28
767 428 13
767 104 -28
767 766 8
767 769 -8
426 427 -28
426 400 13
426 452 13
426 78 -8
179 536 -8
179 204 19
179 180 13
179 846 -19
179 155 -8
536 871 8
536 534 -28
536 535 -13
536 538 28
204 562 13
204 229 -28
204 872 -28
204 205 -28
180 533 -13
180 182 -13
180 178 28
180 843 28
846 507 19
846 848 13
846 844 28
846 845 -19
155 510 28
155 131 -13
155 821 19
630 963 -13
630 629 -8
630 628 -19
630 268 -8
963 937 -8
963 964 -13
963 989 -19
629 603 13
629 655 8
628 961 -8
628 626 28
628 266 8
628 627 -19
268 269 -13
268 293 -28
268 245 -8
268 938 -19
269 267 13
269 627 -13
269 935 8
293 318 13
293 294 -8
293 656 19
293 964 8
245 913 -28
245 220 13
245 246 28
245 604 28
938 937 -13
938 936 13
938 601 -19
36 696 13
36 11 28
36 385 28
36 60 -13
696 695 28
696 698 19
696 694 -19
11 12 -8
11 670 8
11 359 -13
385 387 -19
385 721 -8
385 384 8
60 85 -28
60 61 8
60 411 -19
20 18 13
20 675 -8
20 22 8
20 19 -13
18 16 13
18 362 -8
18 673 -19
18 17 -13
675 701 28
675 676 8
22 366 13
22 21 -8
22 677 -19
22 24 -13
19 367 -8
19 44 -13
239 907 28
239 598 -8
239 240 13
239 214 19
239 262 28
907 909 13
907 905 19
907 569 13
907 906 -19
598 600 19
598 931 -28
598 597 19
598 596 19
240 238 19
240 595 19
240 242 -28
240 904 -19
214 882 8
214 572 13
214 215 19
214 189 19
262 263 -13
262 932 13
262 287 -19
262 624 19
461 463 19
461 460 19
461 459 13
461 108 19
461 796 -28
463 110 -13
463 462 -13
463 465 -8
463 798 -28
460 111 -13
460 434 8
460 486 8
460 799 -19
459 794 8
459 457 13
459 106 19
459 458 -8
108 771 13
108 83 -28
108 133 8
108 109 -28
796 797 -8
796 822 -13
796 770 -19
796 136 -8
771 769 -28
771 773 19
771 770 8
771 432 -19
83 84 28
83 58 19
83 746 -19
83 435 28
133 487 19
133 797 -19
133 134 8
133 156 8
109 111 19
109 107 -13
109 458 19
109 768 -19
701 365 -8
701 727 19
701 702 8
701 45 -8
365 367 -8
365 363 13
365 17 28
727 728 -28
727 69 13
727 391 8
702 42 -19
702 700 -13
702 362 -13
702 704 -8
45 43 28
45 390 28
45 44 19
45 47 8
910 935 13
910 911 28
910 885 28
910 246 8
910 576 -8
935 961 8
935 936 -28
935 602 13
911 909 -28
911 573 -28
911 913 19
911 243 28
885 550 -13
885 886 -13
885 859 -19
885 221 19
246 244 -13
246 601 -19
576 574 -13
576 218 19
576 575 13
576 578 28
428 80 8
428 454 8
428 429 -19
428 402 28
80 739 13
80 79 19
80 82 -13
80 78 -19
454 480 8
454 455 -19
454 793 28
454 105 -13
429 427 -28
429 77 -28
429 431 8
402 403 -13
402 55 13
402 376 -8
402 742 19
111 110 -13
111 770 -28
111 113 28
110 85 19
110 135 -13
110 773 -8
770 745 -13
770 435 28
113 462 -28
113 772 -13
113 115 -19
285 286 -13
285 956 -8
285 260 -13
285 648 -19
311 313 28
311 309 -28
311 979 -13
313 312 -19
313 315 28
312 287 28
315 314 28
315 983 13
315 317 -8
685 29 28
685 686 19
685 711 13
685 349 13
685 659 -28
29 31 -28
29 374 -13
29 28 28
29 27 19
686 26 28
686 684 -8
686 688 13
686 346 -8
711 737 8
711 375 -28
711 53 -28
711 712 -19
349 351 28
349 347 -19
349 348 28
349 1 19
659 323 -28
659 660 -28
659 4 28
63 61 -13
63 65 19
63 410 -8
63 62 13
63 721 -28
61 59 19
61 719 19
65 64 13
65 412 13
65 723 -8
410 411 28
410 384 8
410 750 -8
410 436 -13
62 413 -13
62 724 -19
62 38 -28
62 87 19
721 695 -13
721 747 -28
745 86 8
745 719 13
745 746 -8
745 409 28
86 434 13
86 85 8
86 88 8
86 84 13
719 693 19
719 720 19
746 406 19
746 744 13
746 748 19
409 58 8
409 407 -13
409 411 -19
506 504 -13
506 508 8
506 841 19
506 505 8
504 150 -13
504 503 -8
504 839 -28
508 507 -13
508 510 -19
508 843 -8
508 153 -28
841 867 -8
841 842 28
841 178 -28
505 154 8
505 480 -19
505 844 19
505 531 28
600 933 -8
600 602 19
600 241 -8
600 599 13
931 265 28
931 906 -8
931 957 19
931 932 28
597 571 -13
597 623 28
597 934 -19
597 242 13
596 237 13
596 929 -8
596 595 -13
344 370 28
344 345 -13
370 396 -13
370 371 13
345 343 28
345 681 19
728 730 13
728 726 28
730 390 19
730 68 -28
730 732 19
730 729 13
726 724 -13
726 64 28
726 725 -13
726 386 -13
955 288 28
955 956 -28
955 929 28
955 622 -19
288 290 8
288 286 -8
288 647 19
288 287 -8
956 619 -19
956 954 -19
956 958 -19
929 263 -28
929 930 -8
929 904 -28
622 620 -28
622 260 -8
622 624 -8
622 621 -13
154 152 28
154 153 13
152 814 8
152 151 -8
152 503 28
153 177 19
153 129 28
565 211 -19
565 903 8
565 566 -8
565 539 -8
211 210 28
211 213 19
211 209 28
211 875 -28
903 235 -13
903 901 19
903 905 -19
903 902 28
566 568 -28
566 900 -8
566 564 19
566 208 8
539 540 28
539 513 -13
539 186 -19
539 878 19
507 482 -13
507 533 28
510 512 8
510 845 -19
510 509 8
843 818 13
843 869 -28
843 844 -28
823 822 -28
823 484 8
823 821 13
823 825 -8
823 156 8
822 159 -8
822 487 -8
822 847 -8
484 485 -28
484 134 19
484 458 -13
484 509 -28
821 482 13
821 820 -28
825 486 -19
825 827 -8
825 158 -19
825 824 -8
156 512 8
156 181 -8
156 157 -8
788 814 8
788 453 -8
788 762 -13
788 128 8
788 789 -19
814 479 -28
814 839 -19
453 451 19
453 100 -19
453 452 -8
453 455 -13
762 427 8
762 103 -13
762 737 28
128 127 13
128 126 8
128 130 28
789 450 -8
789 791 13
789 787 8
789 125 -8
210 878 -8
210 185 13
210 568 13
210 235 13
878 877 -13
878 880 19
878 876 -13
185 186 -28
185 542 -19
185 852 -28
568 567 -13
568 902 13
568 570 13
235 258 28
235 236 -8
423 759 28
423 421 -28
423 72 -28
423 422 -19
759 784 28
759 760 -19
759 733 19
421 757 28
421 70 19
421 420 19
72 48 13
72 97 8
72 73 28
72 734 13
422 396 -19
422 448 19
362 363 -28
362 336 19
389 387 8
389 725 13
389 391 -28
389 40 13
43 42 -8
43 41 -28
43 699 28
769 106 19
769 768 -8
769 430 19
773 434 8
773 775 13
773 772 19
432 406 13
432 84 19
432 458 -28
432 433 -13
881 906 8
881 546 -19
881 882 8
881 217 -28
881 855 19
906 242 8
906 572 -8
546 544 -28
546 545 8
546 548 13
546 189 -8
882 543 -19
882 884 -28
882 880 -19
217 571 -19
217 216 -19
217 219 13
217 215 -19
855 856 -19
855 192 -8
855 830 -19
855 520 -19
644 643 28
644 977 28
644 646 19
644 281 13
644 642 -13
643 284 -8
643 617 13
977 978 13
977 951 28
977 309 -8
646 979 8
646 283 -13
646 648 13
281 306 8
281 952 13
281 282 -8
281 257 -19
642 975 -28
642 640 8
642 279 -19
642 641 -28
42 391 -13
42 17 -8
391 390 8
391 393 -8
17 676 -19
866 527 13
866 864 28
866 868 28
866 865 19
866 198 8
527 501 -8
527 553 -8
527 528 -8
527 174 -28
864 197 -28
864 863 28
868 867 -19
868 529 13
868 870 8
868 200 19
865 201 8
865 530 28
865 890 -28
865 839 -8
198 223 8
198 556 8
198 173 -8
198 199 -19
284 283 -19
284 286 8
284 282 19
284 951 13
283 258 8
283 954 -28
283 308 -28
286 953 -13
282 641 13
282 949 28
282 280 -8
951 952 8
951 618 -8
707 371 -8
707 708 8
707 681 13
707 733 8
371 369 8
371 23 -13
708 706 -28
708 368 19
708 48 -19
681 682 -28
733 734 -13
733 397 -13
434 435 -13
435 433 28
435 437 -8
259 617 -13
259 258 -28
259 261 28
900 875 13
900 236 -8
900 901 28
926 589 8
926 924 -8
926 928 19
926 257 -28
117 466 -19
117 116 -28
117 119 28
117 115 28
117 776 -28
466 805 -13
466 492 -19
466 467 -8
116 91 13
116 469 19
116 779 -19
116 141 -13
119 468 -13
119 778 19
119 121 -8
119 118 -8
115 464 13
115 774 8
115 114 -8
776 751 8
776 777 -13
776 441 13
776 802 8
85 437 -28
85 748 -13
437 436 -8
437 772 8
437 439 -13
748 750 28
748 747 13
69 68 -8
69 71 19
68 44 19
68 93 -19
71 73 13
71 70 13
71 729 8
71 418 -8
751 725 -8
751 752 -19
751 92 28
725 699 8
752 750 -19
752 412 19
752 89 -19
92 91 13
92 90 19
92 94 13
512 514 -28
512 847 -8
512 511 -13
514 513 -13
514 849 8
514 158 -19
514 516 -13
847 873 13
847 848 -8
847 184 -8
511 159 -8
511 537 13
511 486 13
511 850 19
503 842 19
503 529 28
452 791 -28
452 103 13
479 481 -13
479 477 19
479 125 -8
969 943 28
969 301 -19
969 636 -8
969 970 -28
943 276 -8
943 944 13
943 610 19
943 918 -28
301 300 -13
301 303 13
301 299 13
636 635 28
636 634 28
636 273 28
636 638 8
970 633 19
970 972 -19
970 968 -28
970 298 8
961 294 8
961 987 19
961 962 8
294 292 -19
294 653 13
987 988 -13
987 319 -19
987 654 -19
962 960 8
962 625 -19
962 964 -8
962 291 19
159 157 -28
159 161 -28
159 158 13
157 820 -28
157 509 -28
161 513 -13
161 824 -13
161 163 -13
158 135 13
158 183 13
571 909 8
571 572 -28
571 545 -8
909 241 28
909 908 -13
572 574 -8
572 570 -8
545 519 -8
545 192 19
545 884 8
127 791 -8
127 481 -19
791 790 -13
791 793 13
481 480 -13
481 483 13
829 490 19
829 831 28
829 828 -13
829 162 -19
829 827 -8
490 464 -13
490 140 -19
490 515 19
831 164 -8
831 492 -8
831 830 -19
831 832 13
828 165 -28
828 493 13
828 802 28
828 853 13
162 518 -13
162 139 13
162 187 -13
162 163 -13
827 826 -8
827 488 13
574 908 19
574 216 -8
574 573 28
908 883 19
908 244 19
908 933 -13
216 241 28
216 884 19
216 191 8
573 219 8
573 599 19
573 547 -28
794 768 8
794 795 28
794 820 28
794 134 -8
768 433 -13
768 743 -28
795 793 -19
795 456 13
795 797 -19
795 131 13
820 485 8
820 845 -13
134 136 8
134 132 -13
241 264 -13
241 242 13
884 883 8
884 886 13
191 192 13
191 858 -19
191 166 -28
191 548 28
581 555 28
581 607 8
581 226 28
581 919 -8
581 582 -13
555 201 13
555 893 -8
555 556 13
555 529 13
607 633 19
607 608 19
607 944 -28
607 250 -19
226 225 8
226 228 -19
226 224 -8
226 890 -19
919 917 -19
919 918 8
919 920 -8
582 580 -28
582 584 -8
582 916 28
582 223 28
404 57 -8
404 744 -8
404 405 13
404 378 -28
404 430 -8
57 59 19
57 55 13
57 715 13
57 56 19
744 81 -28
744 742 -8
744 743 -8
405 407 -8
405 741 -8
405 403 19
405 54 -13
378 379 19
378 352 19
378 718 -8
378 33 -28
430 431 -28
430 456 19
430 82 28
650 652 -8
650 648 -28
650 983 -13
650 649 8
650 287 8
652 289 -28
652 985 -28
652 654 -28
652 651 -19
648 647 8
983 957 13
649 290 8
649 623 -13
649 986 -8
287 958 28
201 199 19
201 203 -8
201 200 -13
199 863 19
199 553 -13
203 867 -8
203 557 8
203 202 -8
203 205 19
200 175 -8
200 225 -19
200 558 -8
617 954 19
617 618 13
954 953 -19
954 952 -8
618 620 -28
618 616 -19
618 257 -19
290 292 -28
290 289 19
290 957 -28
292 291 -8
292 959 -8
292 651 -8
289 264 19
289 960 19
957 624 -8
957 958 -28
406 407 -13
406 59 13
406 380 13
407 56 -13
407 743 28
59 58 -19
59 717 -13
380 381 28
380 35 -8
380 354 -28
380 720 -28
355 353 -19
355 691 19
355 357 28
355 7 28
355 354 13
353 352 -19
353 351 19
353 689 -28
353 5 -8
691 35 -19
691 665 19
691 717 8
691 692 13
357 359 8
357 693 8
357 9 13
7 32 8
7 8 13
7 666 13
354 328 -19
354 10 19
354 694 -28
258 620 -13
258 928 13
620 619 -28
620 953 -8
928 930 -19
928 927 13
441 443 -8
441 439 -8
441 89 8
779 778 28
779 781 19
779 777 19
619 593 13
619 261 -19
593 567 -13
593 238 28
593 930 -8
261 263 -8
261 927 28
261 260 13
265 623 -28
265 264 -13
265 267 -28
265 263 8
932 934 8
932 930 8
932 595 13
91 443 -13
443 778 8
443 445 28
443 442 19
450 476 19
450 101 8
450 451 28
450 424 28
476 501 -13
476 126 28
476 477 -28
101 761 19
101 103 13
101 100 28
451 99 -13
451 786 28
424 425 -28
424 398 13
424 76 8
544 187 19
544 879 13
544 542 8
544 543 -13
187 212 19
187 188 -13
187 854 -13
879 904 -13
879 853 19
879 880 28
879 215 -19
542 877 -28
542 540 -8
542 541 8
543 517 -19
543 190 13
543 569 -28
917 248 -19
917 579 28
917 915 -28
917 916 -8
248 608 19
248 271 13
248 223 -28
579 580 28
579 224 28
579 553 -19
579 605 -13
915 247 -28
915 914 -8
916 250 28
916 941 -13
916 890 13
300 275 -28
300 972 28
275 638 28
275 276 -19
275 251 8
275 946 28
972 635 -19
972 974 -8
972 971 -8
975 949 8
975 307 -28
975 976 28
949 616 13
949 950 19
949 923 -8
307 306 -19
307 309 -19
307 305 8
976 978 8
976 974 -13
976 639 -8
976 304 13
577 578 -19
577 551 19
577 603 8
578 220 28
578 912 8
551 552 -28
551 525 13
603 604 -13
978 641 28
978 306 8
641 615 -28
588 587 13
588 921 -28
588 586 -8
588 229 -13
587 232 19
587 613 28
587 924 -28
587 561 -19
921 922 28
921 896 -19
921 947 -19
921 256 -28
586 227 -8
586 585 -13
586 584 -13
229 897 -28
229 253 8
229 230 -8
790 130 28
790 455 -28
793 129 -8
793 792 13
411 413 -13
411 747 19
384 724 13
384 358 -28
384 39 -28
750 87 19
750 749 19
436 88 -19
436 462 13
436 775 19
413 749 -8
413 412 19
749 90 -13
749 723 19
749 774 8
412 386 -28
412 438 8
812 477 -28
812 837 -28
812 151 8
812 786 28
837 863 19
837 838 -19
837 174 8
151 501 19
151 150 19
786 787 13
786 126 28
786 761 19
623 960 28
623 624 8
960 959 -28
960 958 8
624 626 -28
175 842 -13
175 176 -8
175 532 8
842 840 -13
842 844 -28
176 529 -28
176 178 -13
176 174 13
176 839 28
532 534 28
532 867 -28
532 530 19
532 531 -19
361 13 8
361 359 -19
361 697 -8
361 363 -13
361 360 -13
13 38 -13
13 672 8
13 14 -19
359 695 -8
359 358 13
697 41 -13
697 671 -13
697 723 13
697 698 -8
363 699 -28
363 15 13
360 16 13
360 334 13
360 700 -13
360 386 13
626 625 -13
626 264 -19
626 959 -13
625 267 8
625 651 13
625 599 19
264 934 -19
959 933 28
959 985 -13
472 811 13
472 473 28
472 498 -28
472 123 8
472 446 19
811 147 -13
811 810 -13
811 809 -13
473 808 8
473 120 -19
473 475 13
473 471 28
498 148 19
498 523 28
498 836 13
123 121 28
123 782 -28
123 122 8
446 785 28
446 447 -8
446 98 19
446 420 -28
934 933 19
934 936 -28
633 634 13
633 274 -13
634 271 -13
634 967 19
634 632 8
274 941 19
274 276 28
274 273 19
274 272 28
676 674 -8
676 336 8
16 15 -13
16 14 19
16 671 8
15 674 8
15 40 13
14 358 13
14 12 13
14 669 13
671 335 8
671 672 -28
937 912 -28
937 604 -8
912 913 28
604 602 28
267 933 -13
267 266 28
266 243 -19
266 936 -13
266 291 28
457 104 -13
457 455 -19
457 456 -8
457 792 -8
104 79 28
104 105 -13
104 129 8
456 107 28
456 482 -8
792 818 28
792 132 -28
792 766 -19
79 431 -19
79 742 -8
79 54 -8
105 107 13
105 103 13
129 130 8
129 483 -13
680 340 19
680 682 -19
680 21 -28
680 679 -13
677 703 19
677 341 13
550 193 -8
550 552 -28
550 549 28
550 548 -13
193 860 -8
193 218 -19
193 194 8
193 168 19
552 195 13
549 523 -8
549 196 -19
549 887 -19
549 575 19
548 883 -28
548 547 28
88 87 -8
88 90 -19
88 747 8
87 439 -8
90 438 -28
90 89 -8
747 772 -13
106 131 28
106 81 13
106 107 28
131 485 19
131 132 -8
81 433 8
81 82 -19
81 56 -19
107 766 13
58 720 19
58 34 8
717 381 -8
717 718 8
717 743 8
148 146 19
148 147 13
148 808 8
146 496 -19
146 145 19
146 144 19
146 806 -13
147 500 8
147 170 19
147 122 8
808 809 19
808 782 28
927 902 13
927 953 -13
340 341 -8
340 366 -8
341 343 -19
366 367 -19
366 706 19
366 392 -8
724 723 28
723 387 19
501 840 8
840 838 -19
840 173 -13
840 839 28
150 125 -13
150 173 8
125 126 8
125 100 8
173 530 -28
173 174 13
755 756 13
755 729 -28
755 780 8
755 96 28
418 392 8
418 444 -28
418 758 8
818 483 28
483 485 8
483 482 -19
766 431 8
766 741 -28
640 973 -28
640 277 13
640 639 -28
640 638 -19
973 974 19
973 305 13
973 947 8
277 948 -19
277 302 8
277 278 -8
277 253 19
639 280 -8
639 613 -28
638 637 -19
638 971 -8
367 703 28
367 369 19
703 729 -28
703 47 8
703 704 -19
369 21 13
369 705 -8
369 368 8
44 704 -19
44 393 -19
682 23 28
682 342 -19
23 48 8
23 24 -8
342 343 28
342 368 -19
38 698 19
38 387 -19
38 39 28
698 358 -13
698 700 13
387 386 28
39 41 -8
39 695 28
860 858 -8
860 521 19
860 862 -19
860 859 -19
858 856 28
858 519 8
858 857 -8
521 547 19
521 496 -13
521 522 13
521 169 -13
862 523 -28
862 861 -28
862 195 8
859 196 28
859 833 13
859 524 28
21 46 -8
24 679 -28
24 368 -13
135 489 8
135 136 -19
135 799 -19
279 304 13
279 280 28
279 255 13
279 950 -19
304 305 28
280 947 -19
280 278 -8
255 231 -8
255 616 28
255 924 19
255 256 -8
950 948 -13
950 613 -28
950 952 8
232 231 -19
232 234 -8
232 230 -28
232 896 -13
231 899 28
231 206 19
234 589 -28
234 898 -13
234 236 28
230 585 -13
230 894 28
230 228 28
896 562 19
896 871 28
896 897 19
901 899 -19
901 563 13
905 567 -28
905 904 28
905 237 8
902 238 8
902 877 -28
523 171 -13
523 524 28
171 833 -8
171 170 19
171 169 13
524 168 19
524 526 -28
524 522 19
64 89 -28
64 40 19
602 601 -19
602 243 8
599 244 8
599 936 19
732 70 -8
732 392 28
732 731 -19
732 734 -8
729 393 19
337 336 19
337 335 -8
337 673 28
335 333 -19
335 334 -13
673 674 8
673 699 19
482 132 8
533 534 13
533 559 -8
533 872 -13
567 213 28
567 541 8
213 877 -8
213 212 13
213 215 13
541 515 13
541 188 19
541 880 19
948 611 -8
948 947 -19
948 946 -8
611 585 13
611 637 -19
611 254 -19
611 612 -8
947 614 -28
946 945 -13
946 944 -28
946 609 -28
775 774 -19
775 777 -8
772 798 13
196 195 13
196 194 8
195 220 -28
195 170 -8
194 192 -28
194 547 -19
194 857 28
883 857 19
883 219 -8
857 522 13
219 218 19
219 221 13
381 379 -8
381 32 13
379 377 -28
379 30 28
379 715 -13
32 56 -19
32 33 -19
32 692 -13
979 953 28
308 309 -13
35 33 28
35 34 19
33 31 19
33 689 -8
34 9 -8
34 694 -8
238 236 -8
238 237 -13
237 212 -19
237 260 -19
350 324 -8
350 351 28
350 690 8
350 376 -19
350 6 8
324 325 8
324 664 -28
351 3 -28
351 687 -13
690 30 -8
690 692 -28
690 689 -13
690 688 8
376 377 -19
376 31 -13
376 716 19
6 8 13
6 5 -13
6 4 -8
6 661 -13
427 75 -19
427 425 -8
75 100 -8
75 51 28
75 76 -13
75 738 -19
425 761 13
425 74 -19
73 420 -13
73 731 -28
70 46 28
70 95 -8
742 741 13
742 740 -13
743 84 -13
343 679 8
679 705 8
547 886 13
952 615 -28
218 243 -28
218 886 -19
243 244 -28
886 887 19
583 584 -13
583 557 19
583 228 -8
583 609 -8
583 920 13
584 225 13
584 918 -13
557 895 19
557 531 28
557 558 -13
228 227 -19
228 892 -8
609 635 -8
609 610 28
609 252 28
920 251 -8
920 922 -13
386 41 -8
985 986 -13
985 317 -28
654 653 -19
654 291 13
654 656 8
651 988 28
328 329 28
328 668 8
10 9 13
10 8 28
10 665 -13
10 12 13
694 693 8
694 692 28
41 40 -8
40 700 8
291 316 -28
693 667 8
9 668 -28
668 666 13
668 670 8
668 667 19
244 242 8
706 705 -28
706 46 -8
706 704 -19
705 49 13
705 731 28
46 395 8
46 47 -28
672 674 -19
672 332 13
672 670 -8
517 856 -19
517 165 -8
517 518 19
517 492 -19
190 192 19
190 188 -19
190 853 -19
190 189 -13
569 570 19
569 215 13
569 595 13
674 334 8
84 82 28
82 741 -28
519 494 -19
519 167 -28
519 520 -19
495 493 -8
495 830 -28
495 494 -13
495 141 13
495 497 -13
493 492 8
493 139 -28
830 804 -8
830 167 -8
494 468 -13
494 832 28
494 144 -8
141 164 8
141 805 8
141 142 13
497 496 28
497 143 -28
613 614 -8
613 256 -13
924 923 -13
924 922 -13
561 899 -19
561 562 8
561 207 -28
561 535 -28
958 621 28
589 615 28
589 563 28
615 616 -8
563 564 -8
563 537 -13
563 209 13
438 464 -28
438 777 13
438 439 19
761 735 8
735 736 8
735 399 8
735 709 -28
735 76 -13
887 220 13
699 700 28
737 401 8
737 78 -28
737 738 13
856 189 19
856 854 13
189 164 8
854 852 -8
854 515 -8
854 853 -13
635 276 -13
276 278 19
575 601 -19
575 913 28
575 221 -19
25 684 28
25 50 8
25 373 8
25 0 -19
684 683 -19
50 74 -28
50 399 19
50 710 -8
373 372 -19
373 709 -13
373 375 28
0 347 19
0 658 -13
251 227 -13
251 252 13
251 612 -19
89 114 28
836 170 -19
836 835 13
836 834 19
899 898 28
899 897 -19
898 923 19
898 873 -19
898 564 -13
897 895 -8
897 559 -28
227 895 13
227 202 28
895 894 19
895 893 8
202 560 8
202 177 28
202 870 -13
756 758 28
756 93 28
758 757 13
758 95 -28
758 760 8
93 445 13
93 118 -13
93 94 13
720 718 -28
500 835 -8
500 499 13
835 810 -13
835 861 -28
499 474 13
499 525 13
170 526 -8
122 97 -8
122 785 -8
122 475 -28
595 621 -19
333 332 -28
333 669 -19
333 331 28
332 358 13
669 695 8
669 670 8
331 330 -13
331 667 -8
331 329 -8
944 273 8
944 942 8
610 608 -19
610 249 -8
610 612 28
918 892 28
918 252 19
833 834 19
377 28 8
377 375 8
377 713 19
28 3 -28
28 688 -28
375 26 -28
375 374 8
713 739 -28
713 714 -13
713 55 19
713 687 -28
861 526 28
263 621 13
621 647 8
31 687 8
31 30 -8
687 661 28
687 688 8
30 5 -13
30 54 -19
206 564 -8
206 181 -13
206 874 -19
206 207 13
715 741 13
715 716 8
715 689 -28
877 851 -28
904 570 -13
393 395 8
393 392 -13
74 736 -19
74 99 13
736 738 13
739 403 -19
739 740 -13
403 401 -13
740 400 19
740 77 -13
740 738 -8
616 614 -28
220 221 -19
562 564 13
562 560 19
560 894 8
560 559 -8
560 558 13
352 8 -13
352 692 -28
352 326 -19
8 663 19
326 666 28
326 327 28
77 78 -28
431 433 13
608 606 -13
608 941 -13
606 247 -13
606 605 -28
941 967 -8
941 942 -28
26 1 8
26 51 -19
26 27 -19
688 348 -13
346 372 -8
346 347 -13
346 2 -13
346 320 13
54 55 8
54 716 13
804 469 -28
804 778 -28
804 144 8
804 805 13
469 468 -28
469 467 -19
469 471 -28
144 143 -13
144 142 19
805 803 -8
805 807 -19
208 183 -28
208 876 13
208 209 28
585 559 -8
585 922 -19
559 205 13
922 253 28
209 873 -19
209 207 -13
875 540 13
875 849 13
875 876 28
966 965 -28
966 295 -19
966 968 13
965 297 -28
965 939 13
965 632 -19
295 270 19
968 296 13
968 967 19
968 631 -19
322 323 -19
322 348 28
322 662 8
323 325 -8
323 321 13
348 374 -19
348 4 -28
662 661 -19
662 664 -28
662 660 8
662 3 8
880 212 -28
12 667 8
330 670 -8
401 399 -13
401 51 -28
401 400 19
399 398 -28
51 712 -28
51 52 -19
400 53 -28
400 374 19
368 394 28
48 397 -19
48 49 13
614 253 -28
614 612 -19
253 254 -8
612 945 13
468 442 -8
468 807 -28
832 166 -13
832 834 -28
496 470 28
496 834 -28
143 807 19
143 118 28
143 166 -28
930 260 28
894 869 28
869 534 -13
869 870 -19
869 205 19
807 809 8
807 806 19
118 471 28
118 781 28
166 522 13
166 167 -13
298 299 13
298 273 8
270 940 -19
270 632 19
270 247 28
964 627 19
810 475 -13
810 784 -19
475 474 28
784 785 19
784 449 -28
297 299 19
297 296 8
299 967 -13
296 271 13
974 637 28
974 302 28
971 303 -8
971 945 19
580 222 28
580 914 -8
223 224 13
223 891 -8
329 327 -28
329 665 -28
939 272 -13
939 914 19
939 940 19
272 631 13
272 271 -19
914 888 13
940 942 -19
520 164 -8
520 518 8
520 522 -28
56 718 13
372 27 -19
372 712 28
372 398 8
27 683 -13
712 714 -19
712 710 -8
398 738 -19
398 52 8
637 278 -8
278 945 -19
492 142 19
467 802 19
467 465 -8
467 114 -8
525 526 13
1 2 -13
1 660 28
302 303 19
873 538 -8
873 874 -8
94 442 -8
94 96 -28
474 448 -19
665 666 -28
303 305 -13
709 683 -8
709 710 -13
709 52 8
76 78 -13
718 716 13
716 714 28
394 49 -28
394 420 -28
394 734 -28
394 395 -8
49 47 13
420 760 28
395 731 19
395 397 -19
5 664 -19
168 145 8
168 834 -8
168 169 -28
120 145 13
120 121 -13
120 783 -13
120 95 19
471 470 8
471 806 28
871 207 -28
871 845 8
871 872 8
207 205 -19
845 182 8
872 870 -8
872 874 19
271 942 19
632 631 8
121 470 13
121 780 13
782 447 28
782 757 -13
782 783 -19
273 249 8
165 164 19
165 163 19
165 167 -19
518 853 19
518 516 19
535 182 -19
535 509 -19
535 874 -28
480 130 -28
181 182 8
181 848 -13
181 538 -19
874 876 28
851 852 8
851 188 -8
851 516 -28
851 826 19
250 249 -8
250 252 28
249 225 -19
225 893 -28
47 392 19
256 254 -19
534 177 19
177 178 28
177 844 -19
142 140 19
142 802 8
570 212 13
631 605 -19
325 661 -8
325 327 -19
664 663 -8
664 666 -8
53 55 13
53 52 -13
374 714 19
3 4 -8
462 488 -8
488 513 -8
488 489 19
4 2 13
470 809 -13
470 444 8
893 892 28
893 891 13
145 809 28
540 538 28
540 183 8
538 537 8
183 184 -8
183 850 8
867 892 13
892 558 19
442 781 13
891 889 19
891 553 28
891 890 19
513 852 19
852 850 13
167 169 28
531 178 8
531 870 8
558 556 19
186 188 28
186 184 8
186 849 -8
184 182 -28
184 537 -13
849 850 8
849 824 -19
97 449 -13
97 98 19
97 760 -19
785 783 13
448 449 -28
783 781 -19
783 444 8
537 876 -13
942 605 28
252 254 -28
347 683 13
683 657 -8
663 327 -19
663 689 8
485 487 -8
487 489 28
487 486 -19
222 889 13
222 197 19
222 247 28
464 803 8
464 465 28
803 802 28
803 139 19
465 800 -19
848 509 -19
848 850 -19
447 445 19
447 449 -28
447 95 -28
445 780 -8
445 444 -19
95 96 -8
889 888 8
888 224 -19
888 863 19
888 554 28
826 800 -8
826 163 8
489 824 -28
601 627 13
627 653 -13
140 139 8
140 800 19
139 114 19
800 774 28
806 780 -13
321 657 28
321 320 28
444 96 19
515 163 -19
515 516 -8
988 986 19
988 316 -13
988 990 19
986 314 8
316 317 19
990 653 -28
990 318 13
990 989 8
780 781 -13
114 777 -8
657 658 -28
657 2 -19
658 660 28
319 317 -13
319 318 -8
731 757 -8
397 396 8
320 660 19
757 98 -13
98 96 19
458 797 -13
486 136 -13
797 799 8
553 554 -13
774 439 -8
863 528 -28
554 556 -19
554 197 8
890 556 -19
798 824 -13
798 799 -28
989 656 13
655 656 -13
529 530 28
130 132 8
530 528 -28
