982 981 28
982 310 19
982 980 28
982 984 13
982 645 -28
981 313 -28
981 955 19
981 648 -13
310 285 8
310 311 13
980 978 28
980 308 -19
980 643 -19
980 979 -19
984 312 -28
984 647 8
984 986 -19
984 983 -13
645 619 -13
645 646 13
645 286 13
137 801 8
137 160 8
137 491 8
137 138 -8
137 112 28
801 462 19
801 800 -19
801 803 13
801 799 -28
160 185 13
160 161 -28
160 516 13
160 827 -8
491 493 -8
491 490 -28
491 826 8
491 489 8
138 140 -13
138 488 19
138 136 8
138 798 -28
112 113 -28
112 465 28
112 775 -8
112 87 19
592 233 13
592 590 -19
592 591 13
592 594 8
592 925 13
233 234 -8
233 208 -13
233 901 -19
233 257 -19
590 588 -8
590 589 13
590 231 13
590 923 -13
591 565 -19
591 617 19
591 928 -19
591 236 -19
594 235 19
594 596 -13
594 927 8
594 593 -28
925 259 -13
925 900 -28
925 951 -28
925 926 28
338 339 -28
338 364 -8
338 678 19
339 675 -13
339 337 -8
339 341 28
364 20 -13
364 704 8
364 390 19
364 365 -28
678 676 28
678 19 13
678 680 8
678 677 13
414 388 -8
414 754 28
414 415 19
414 440 -28
414 67 28
388 728 28
388 362 13
388 389 -8
388 43 -28
754 91 -28
754 756 13
754 752 -8
754 753 -13
415 417 -28
415 751 -13
415 413 -8
415 64 -28
440 441 28
440 779 -28
440 466 28
440 92 -28
67 69 8
67 65 -8
67 725 13
67 66 28
817 478 19
817 815 -8
817 816 -28
817 819 -8
478 503 -8
478 452 28
478 479 13
478 128 28
815 150 -13
815 814 19
815 813 -13
815 476 19
816 154 -19
816 481 28
816 790 13
816 841 19
819 818 -8
819 153 -8
819 821 -8
819 480 -28
149 124 19
149 502 19
149 813 -13
149 172 -13
124 787 -19
124 99 -19
124 477 28
502 501 28
502 837 -19
502 504 -28
813 812 19
172 197 -19
172 528 13
172 838 -19
417 66 19
417 753 -8
417 416 8
417 419 -8
66 728 8
66 42 19
753 727 19
753 778 8
753 94 -28
416 69 -13
416 756 8
416 390 -19
416 442 8
419 755 -8
419 418 19
419 68 8
419 421 13
382 37 -13
382 722 -28
382 408 -8
382 383 8
382 356 -28
37 36 -19
37 35 28
37 39 8
37 693 13
722 724 28
722 60 -13
722 721 8
722 720 13
408 434 28
408 748 -8
408 409 -28
408 61 28
383 381 28
383 719 -13
383 34 -19
383 385 8
356 357 8
356 12 19
356 330 -13
356 696 -13
765 763 13
765 102 13
765 764 -28
765 767 -28
765 426 -28
763 762 -19
763 424 28
763 100 8
102 127 8
102 77 28
102 103 13
102 455 8
764 739 -8
764 429 -8
764 790 28
764 105 -8
767 428 8
767 104 13
767 766 -28
767 769 13
426 427 -8
426 400 8
426 452 -13
426 78 -8
179 536 -8
179 204 28
179 180 28
179 846 -13
179 155 -28
536 871 -13
536 534 -8
536 535 8
536 538 28
204 562 -8
204 229 13
204 872 19
204 205 28
180 533 13
180 182 19
180 178 28
180 843 8
846 507 -8
846 848 13
846 844 -28
846 845 13
155 510 -8
155 131 19
155 821 -28
630 963 8
630 629 28
630 628 19
630 268 -13
963 937 -28
963 964 8
963 989 -28
629 603 8
629 655 8
628 961 13
628 626 19
628 266 -28
628 627 28
268 269 8
268 293 -8
268 245 8
268 938 28
269 267 13
269 627 19
269 935 8
293 318 -28
293 294 -13
293 656 -19
293 964 -8
245 913 -19
245 220 28
245 246 -19
245 604 13
938 937 13
938 936 28
938 601 28
36 696 -19
36 11 -19
36 385 -28
36 60 -8
696 695 -13
696 698 8
696 694 -28
11 12 -19
11 670 28
11 359 8
385 387 19
385 721 13
385 384 28
60 85 -13
60 61 8
60 411 -28
20 18 13
20 675 13
20 22 -19
20 19 28
18 16 8
18 362 -8
18 673 -13
18 17 8
675 701 8
675 676 28
22 366 19
22 21 19
22 677 28
22 24 8
19 367 -13
19 44 -19
239 907 8
239 598 28
239 240 -8
239 214 -8
239 262 8
907 909 -8
907 905 -19
907 569 -19
907 906 -19
598 600 -8
598 931 8
598 597 -13
598 596 -28
240 238 -28
240 595 -28
240 242 8
240 904 -19
214 882 -13
214 572 -8
214 215 28
214 189 19
262 263 -19
262 932 -19
262 287 8
262 624 28
461 463 13
461 460 19
461 459 19
461 108 28
461 796 -28
463 110 -19
463 462 -28
463 465 -8
463 798 -19
460 111 -19
460 434 28
460 486 -13
460 799 -28
459 794 -19
459 457 28
459 106 19
459 458 8
108 771 8
108 83 19
108 133 -19
108 109 13
796 797 -13
796 822 -8
796 770 13
796 136 -8
771 769 19
771 773 -8
771 770 28
771 432 19
83 84 -28
83 58 28
83 746 13
83 435 -19
133 487 -8
133 797 8
133 134 13
133 156 19
109 111 8
109 107 19
109 458 28
109 768 -19
701 365 -19
701 727 -19
701 702 -8
701 45 8
365 367 19
365 363 8
365 17 28
727 728 -28
727 69 -8
727 391 -13
702 42 -19
702 700 8
702 362 19
702 704 -19
45 43 -8
45 390 28
45 44 13
45 47 -8
910 935 13
910 911 13
910 885 -28
910 246 28
910 576 28
935 961 28
935 936 -13
935 602 -13
911 909 8
911 573 13
911 913 19
911 243 -28
885 550 19
885 886 -13
885 859 -19
885 221 8
246 244 -8
246 601 -8
576 574 28
576 218 -19
576 575 -19
576 578 -19
428 80 19
428 454 -28
428 429 -13
428 402 -13
80 739 19
80 79 13
80 82 8
80 78 -28
454 480 -28
454 455 28
454 793 -28
454 105 -19
429 427 -13
429 77 -8
429 431 8
402 403 -28
402 55 -8
402 376 -13
402 742 28
111 110 28
111 770 8
111 113 19
110 85 13
110 135 13
110 773 -19
770 745 13
770 435 -13
113 462 28
113 772 -28
113 115 -8
285 286 28
285 956 13
285 260 13
285 648 -19
311 313 -8
311 309 19
311 979 -13
313 312 8
313 315 -28
312 287 -13
315 314 8
315 983 19
315 317 13
685 29 13
685 686 13
685 711 -13
685 349 -19
685 659 -8
29 31 -28
29 374 13
29 28 19
29 27 -28
686 26 13
686 684 -28
686 688 19
686 346 -19
711 737 -8
711 375 28
711 53 -28
711 712 28
349 351 -8
349 347 13
349 348 -8
349 1 -19
659 323 -19
659 660 19
659 4 19
63 61 -8
63 65 19
63 410 -8
63 62 13
63 721 13
61 59 -28
61 719 -19
65 64 -19
65 412 28
65 723 13
410 411 -28
410 384 -13
410 750 -28
410 436 13
62 413 8
62 724 -13
62 38 19
62 87 13
721 695 19
721 747 13
745 86 -8
745 719 -28
745 746 19
745 409 -8
86 434 19
86 85 -8
86 88 -19
86 84 -8
719 693 -19
719 720 -13
746 406 -13
746 744 19
746 748 13
409 58 -13
409 407 -8
409 411 19
506 504 -19
506 508 8
506 841 19
506 505 -13
504 150 -28
504 503 28
504 839 19
508 507 -13
508 510 -19
508 843 -13
508 153 13
841 867 -13
841 842 -28
841 178 19
505 154 19
505 480 13
505 844 13
505 531 19
600 933 -19
600 602 -13
600 241 13
600 599 19
931 265 28
931 906 -13
931 957 -28
931 932 19
597 571 13
597 623 28
597 934 -8
597 242 -19
596 237 -13
596 929 -19
596 595 -28
344 370 19
344 345 28
370 396 19
370 371 13
345 343 -13
345 681 -28
728 730 -28
728 726 -19
730 390 8
730 68 -19
730 732 8
730 729 -13
726 724 13
726 64 8
726 725 -28
726 386 -28
955 288 13
955 956 19
955 929 28
955 622 -13
288 290 13
288 286 -8
288 647 -28
288 287 -8
956 619 -13
956 954 19
956 958 -28
929 263 28
929 930 -8
929 904 -13
622 620 8
622 260 -8
622 624 -28
622 621 -19
154 152 -8
154 153 -8
152 814 8
152 151 13
152 503 -19
153 177 -13
153 129 8
565 211 -13
565 903 -8
565 566 8
565 539 28
211 210 13
211 213 19
211 209 8
211 875 8
903 235 28
903 901 13
903 905 -28
903 902 19
566 568 8
566 900 -13
566 564 -8
566 208 -28
539 540 28
539 513 -19
539 186 -28
539 878 -28
507 482 -8
507 533 -13
510 512 8
510 845 8
510 509 13
843 818 28
843 869 19
843 844 13
823 822 8
823 484 19
823 821 8
823 825 19
823 156 8
822 159 -19
822 487 -8
822 847 13
484 485 -13
484 134 8
484 458 -28
484 509 13
821 482 -13
821 820 28
825 486 28
825 827 28
825 158 -8
825 824 -8
156 512 -13
156 181 -13
156 157 8
788 814 13
788 453 -19
788 762 -28
788 128 -28
788 789 28
814 479 19
814 839 -28
453 451 -8
453 100 28
453 452 -13
453 455 -13
762 427 13
762 103 -13
762 737 8
128 127 8
128 126 -28
128 130 13
789 450 -28
789 791 -13
789 787 28
789 125 -8
210 878 -13
210 185 -28
210 568 8
210 235 -28
878 877 -19
878 880 -13
878 876 13
185 186 -8
185 542 8
185 852 28
568 567 -8
568 902 -28
568 570 13
235 258 19
235 236 -19
423 759 28
423 421 8
423 72 -13
423 422 -13
759 784 -8
759 760 8
759 733 -28
421 757 8
421 70 -28
421 420 -13
72 48 28
72 97 -19
72 73 8
72 734 -13
422 396 13
422 448 -13
362 363 28
362 336 -8
389 387 -8
389 725 -19
389 391 -13
389 40 19
43 42 -28
43 41 19
43 699 -8
769 106 13
769 768 -19
769 430 28
773 434 28
773 775 13
773 772 -19
432 406 19
432 84 28
432 458 -19
432 433 13
881 906 8
881 546 13
881 882 -19
881 217 -13
881 855 8
906 242 -19
906 572 28
546 544 28
546 545 -28
546 548 19
546 189 19
882 543 -28
882 884 13
882 880 28
217 571 19
217 216 19
217 219 13
217 215 8
855 856 8
855 192 -13
855 830 19
855 520 8
644 643 28
644 977 -13
644 646 28
644 281 -19
644 642 -19
643 284 28
643 617 -13
977 978 -13
977 951 8
977 309 8
646 979 -28
646 283 8
646 648 -8
281 306 13
281 952 -13
281 282 -13
281 257 28
642 975 8
642 640 -8
642 279 8
642 641 8
42 391 19
42 17 -8
391 390 19
391 393 19
17 676 28
866 527 -13
866 864 13
866 868 -19
866 865 19
866 198 -13
527 501 -8
527 553 19
527 528 -13
527 174 13
864 197 -13
864 863 19
868 867 -28
868 529 19
868 870 8
868 200 13
865 201 13
865 530 -28
865 890 -8
865 839 19
198 223 -13
198 556 -28
198 173 -13
198 199 13
284 283 -8
284 286 -28
284 282 13
284 951 13
283 258 19
283 954 -28
283 308 8
286 953 -13
282 641 19
282 949 -13
282 280 -8
951 952 28
951 618 13
707 371 19
707 708 8
707 681 -28
707 733 -28
371 369 8
371 23 28
708 706 28
708 368 8
708 48 -8
681 682 28
733 734 -28
733 397 8
434 435 28
435 433 -19
435 437 -8
259 617 28
259 258 8
259 261 19
900 875 -8
900 236 -28
900 901 8
926 589 8
926 924 -8
926 928 13
926 257 28
117 466 13
117 116 8
117 119 -28
117 115 -19
117 776 13
466 805 13
466 492 -8
466 467 -13
116 91 -13
116 469 8
116 779 -8
116 141 8
119 468 28
119 778 -8
119 121 -13
119 118 -19
115 464 19
115 774 -8
115 114 28
776 751 13
776 777 -19
776 441 13
776 802 -13
85 437 -28
85 748 28
437 436 -13
437 772 -28
437 439 28
748 750 -19
748 747 -19
69 68 -19
69 71 13
68 44 -19
68 93 13
71 73 13
71 70 -13
71 729 8
71 418 13
751 725 -8
751 752 8
751 92 28
725 699 -13
752 750 -13
752 412 28
752 89 28
92 91 -19
92 90 8
92 94 -13
512 514 8
512 847 8
512 511 -8
514 513 -8
514 849 -28
514 158 28
514 516 -8
847 873 28
847 848 -19
847 184 -13
511 159 13
511 537 -28
511 486 19
511 850 -13
503 842 -13
503 529 19
452 791 13
452 103 -28
479 481 -28
479 477 13
479 125 19
969 943 28
969 301 -8
969 636 -13
969 970 19
943 276 13
943 944 19
943 610 28
943 918 19
301 300 -28
301 303 19
301 299 13
636 635 19
636 634 -13
636 273 -8
636 638 19
970 633 19
970 972 -13
970 968 -28
970 298 8
961 294 -19
961 987 -19
961 962 13
294 292 28
294 653 8
987 988 8
987 319 -13
987 654 19
962 960 19
962 625 28
962 964 -28
962 291 -28
159 157 28
159 161 28
159 158 -13
157 820 -19
157 509 -19
161 513 19
161 824 8
161 163 -19
158 135 -28
158 183 -19
571 909 -8
571 572 13
571 545 -28
909 241 28
909 908 -28
572 574 -28
572 570 -13
545 519 -13
545 192 8
545 884 13
127 791 19
127 481 13
791 790 13
791 793 -19
481 480 -13
481 483 -19
829 490 -13
829 831 19
829 828 28
829 162 8
829 827 8
490 464 19
490 140 -19
490 515 -19
831 164 13
831 492 13
831 830 28
831 832 8
828 165 -19
828 493 -8
828 802 13
828 853 -8
162 518 -8
162 139 -28
162 187 28
162 163 -19
827 826 -19
827 488 -19
574 908 -28
574 216 13
574 573 8
908 883 -13
908 244 8
908 933 8
216 241 -28
216 884 28
216 191 -13
573 219 -8
573 599 -28
573 547 -8
794 768 -13
794 795 -19
794 820 -28
794 134 -19
768 433 -8
768 743 8
795 793 -8
795 456 19
795 797 -8
795 131 28
820 485 -8
820 845 -13
134 136 8
134 132 19
241 264 28
241 242 -28
884 883 28
884 886 8
191 192 13
191 858 28
191 166 -13
191 548 28
581 555 -28
581 607 -19
581 226 -8
581 919 28
581 582 28
555 201 -8
555 893 -8
555 556 8
555 529 28
607 633 -28
607 608 13
607 944 -8
607 250 -13
226 225 -8
226 228 -28
226 224 8
226 890 19
919 917 -19
919 918 13
919 920 13
582 580 -8
582 584 28
582 916 19
582 223 13
404 57 19
404 744 8
404 405 8
404 378 13
404 430 -13
57 59 13
57 55 8
57 715 -13
57 56 8
744 81 8
744 742 -19
744 743 13
405 407 13
405 741 13
405 403 19
405 54 -8
378 379 -19
378 352 -28
378 718 -28
378 33 -28
430 431 19
430 456 -13
430 82 19
650 652 -13
650 648 -19
650 983 -19
650 649 -19
650 287 -19
652 289 8
652 985 13
652 654 28
652 651 -28
648 647 13
983 957 -28
649 290 28
649 623 19
649 986 13
287 958 13
201 199 -8
201 203 28
201 200 13
199 863 -8
199 553 -19
203 867 19
203 557 19
203 202 8
203 205 -8
200 175 -8
200 225 -28
200 558 19
617 954 -8
617 618 -8
954 953 -19
954 952 28
618 620 19
618 616 -28
618 257 19
290 292 -8
290 289 -28
290 957 -8
292 291 -19
292 959 8
292 651 19
289 264 -13
289 960 -8
957 624 13
957 958 -8
406 407 28
406 59 13
406 380 -13
407 56 19
407 743 -13
59 58 -8
59 717 -8
380 381 13
380 35 -13
380 354 -28
380 720 13
355 353 19
355 691 -13
355 357 28
355 7 8
355 354 -28
353 352 19
353 351 19
353 689 -13
353 5 13
691 35 13
691 665 13
691 717 -8
691 692 8
357 359 8
357 693 -28
357 9 -28
7 32 28
7 8 -8
7 666 -19
354 328 13
354 10 -8
354 694 -19
258 620 -19
258 928 8
620 619 28
620 953 19
928 930 -13
928 927 28
441 443 28
441 439 28
441 89 13
779 778 -19
779 781 -13
779 777 -13
619 593 13
619 261 28
593 567 -19
593 238 -8
593 930 -13
261 263 -19
261 927 19
261 260 -19
265 623 -19
265 264 19
265 267 -13
265 263 -8
932 934 -13
932 930 28
932 595 28
91 443 -8
443 778 19
443 445 -8
443 442 -8
450 476 8
450 101 19
450 451 8
450 424 -13
476 501 13
476 126 -28
476 477 -8
101 761 28
101 103 -13
101 100 28
451 99 8
451 786 19
424 425 -13
424 398 -13
424 76 28
544 187 -13
544 879 13
544 542 19
544 543 -28
187 212 -13
187 188 19
187 854 -8
879 904 19
879 853 13
879 880 -8
879 215 -13
542 877 -8
542 540 -13
542 541 8
543 517 19
543 190 8
543 569 -19
917 248 13
917 579 -28
917 915 -28
917 916 13
248 608 19
248 271 19
248 223 19
579 580 -19
579 224 28
579 553 -19
579 605 -19
915 247 -8
915 914 -13
916 250 13
916 941 19
916 890 -28
300 275 -28
300 972 13
275 638 28
275 276 -13
275 251 13
275 946 19
972 635 19
972 974 -28
972 971 19
975 949 -13
975 307 -13
975 976 -8
949 616 13
949 950 -13
949 923 -28
307 306 28
307 309 -13
307 305 8
976 978 -13
976 974 8
976 639 -8
976 304 -8
577 578 -13
577 551 -28
577 603 -28
578 220 13
578 912 -28
551 552 19
551 525 13
603 604 28
978 641 -8
978 306 13
641 615 13
588 587 -13
588 921 28
588 586 8
588 229 -13
587 232 -13
587 613 -13
587 924 -8
587 561 -28
921 922 -19
921 896 -8
921 947 8
921 256 -19
586 227 -19
586 585 28
586 584 28
229 897 -28
229 253 -28
229 230 -8
790 130 -19
790 455 28
793 129 -19
793 792 -8
411 413 -28
411 747 -13
384 724 28
384 358 -8
384 39 8
750 87 -28
750 749 19
436 88 -8
436 462 -8
436 775 -19
413 749 -8
413 412 13
749 90 -13
749 723 28
749 774 8
412 386 -8
412 438 -28
812 477 -28
812 837 -8
812 151 8
812 786 8
837 863 13
837 838 -28
837 174 -28
151 501 -28
151 150 -8
786 787 8
786 126 -8
786 761 -19
623 960 19
623 624 13
960 959 -8
960 958 -28
624 626 19
175 842 19
175 176 13
175 532 8
842 840 28
842 844 28
176 529 -19
176 178 -8
176 174 28
176 839 -28
532 534 -19
532 867 -19
532 530 28
532 531 8
361 13 -8
361 359 -8
361 697 13
361 363 28
361 360 19
13 38 8
13 672 -28
13 14 28
359 695 13
359 358 28
697 41 -13
697 671 -19
697 723 -28
697 698 -8
363 699 13
363 15 -8
360 16 -28
360 334 -28
360 700 28
360 386 -8
626 625 -19
626 264 28
626 959 -13
625 267 -13
625 651 19
625 599 -13
264 934 -13
959 933 13
959 985 8
472 811 -28
472 473 19
472 498 13
472 123 -28
472 446 -8
811 147 19
811 810 8
811 809 -13
473 808 19
473 120 13
473 475 8
473 471 28
498 148 -8
498 523 -19
498 836 -19
123 121 -19
123 782 -13
123 122 -19
446 785 -28
446 447 -19
446 98 28
446 420 -28
934 933 -28
934 936 28
633 634 -28
633 274 -19
634 271 8
634 967 8
634 632 13
274 941 28
274 276 28
274 273 -13
274 272 8
676 674 8
676 336 -8
16 15 13
16 14 19
16 671 -19
15 674 -13
15 40 -19
14 358 -19
14 12 -28
14 669 -8
671 335 19
671 672 -28
937 912 13
937 604 -13
912 913 13
604 602 28
267 933 8
267 266 -28
266 243 28
266 936 -8
266 291 -19
457 104 -28
457 455 -8
457 456 -8
457 792 13
104 79 -13
104 105 28
104 129 -19
456 107 -8
456 482 -8
792 818 -19
792 132 -28
792 766 -19
79 431 -13
79 742 8
79 54 13
105 107 13
105 103 19
129 130 -8
129 483 -8
680 340 -13
680 682 13
680 21 -19
680 679 13
677 703 -19
677 341 -19
550 193 -8
550 552 -13
550 549 -8
550 548 13
193 860 -8
193 218 28
193 194 28
193 168 19
552 195 -28
549 523 -19
549 196 -19
549 887 -19
549 575 -28
548 883 13
548 547 13
88 87 28
88 90 19
88 747 28
87 439 13
90 438 13
90 89 -19
747 772 -8
106 131 13
106 81 -28
106 107 -19
131 485 -19
131 132 28
81 433 -19
81 82 -13
81 56 8
107 766 -28
58 720 -19
58 34 13
717 381 -28
717 718 -28
717 743 -13
148 146 8
148 147 -13
148 808 -13
146 496 28
146 145 8
146 144 19
146 806 8
147 500 -13
147 170 13
147 122 -28
808 809 19
808 782 -13
927 902 8
927 953 13
340 341 -19
340 366 19
341 343 -13
366 367 28
366 706 13
366 392 28
724 723 -28
723 387 -28
501 840 -19
840 838 13
840 173 -19
840 839 28
150 125 8
150 173 -19
125 126 8
125 100 13
173 530 -28
173 174 -19
755 756 -8
755 729 -13
755 780 8
755 96 -13
418 392 -8
418 444 13
418 758 8
818 483 -28
483 485 19
483 482 -13
766 431 -8
766 741 -28
640 973 13
640 277 28
640 639 -28
640 638 13
973 974 -8
973 305 13
973 947 8
277 948 -13
277 302 -13
277 278 8
277 253 19
639 280 -8
639 613 19
638 637 13
638 971 -13
367 703 28
367 369 -8
703 729 -13
703 47 19
703 704 13
369 21 -19
369 705 28
369 368 28
44 704 28
44 393 -8
682 23 -8
682 342 19
23 48 -28
23 24 -28
342 343 -13
342 368 -13
38 698 19
38 387 28
38 39 -13
698 358 19
698 700 28
387 386 -8
39 41 -28
39 695 -8
860 858 19
860 521 8
860 862 -8
860 859 8
858 856 -13
858 519 8
858 857 -28
521 547 28
521 496 19
521 522 13
521 169 13
862 523 13
862 861 -19
862 195 8
859 196 8
859 833 8
859 524 13
21 46 28
24 679 -8
24 368 -13
135 489 8
135 136 -8
135 799 -8
279 304 -19
279 280 -28
279 255 -28
279 950 8
304 305 -8
280 947 -8
280 278 13
255 231 19
255 616 28
255 924 13
255 256 28
950 948 -13
950 613 28
950 952 -8
232 231 -8
232 234 -8
232 230 -13
232 896 13
231 899 -13
231 206 13
234 589 8
234 898 -19
234 236 -28
230 585 13
230 894 8
230 228 -19
896 562 8
896 871 -19
896 897 -8
901 899 -28
901 563 -28
905 567 28
905 904 -19
905 237 19
902 238 28
902 877 19
523 171 -13
523 524 28
171 833 28
171 170 28
171 169 -8
524 168 13
524 526 8
524 522 -8
64 89 13
64 40 -19
602 601 13
602 243 -19
599 244 -8
599 936 19
732 70 -8
732 392 28
732 731 -28
732 734 8
729 393 28
337 336 28
337 335 -13
337 673 13
335 333 28
335 334 8
673 674 -19
673 699 -13
482 132 -19
533 534 19
533 559 -13
533 872 -19
567 213 -8
567 541 -19
213 877 8
213 212 13
213 215 8
541 515 13
541 188 -28
541 880 8
948 611 -8
948 947 28
948 946 13
611 585 19
611 637 -8
611 254 -19
611 612 19
947 614 -28
946 945 -8
946 944 13
946 609 -8
775 774 -8
775 777 19
772 798 -13
196 195 -28
196 194 8
195 220 13
195 170 19
194 192 -8
194 547 19
194 857 -13
883 857 8
883 219 -8
857 522 8
219 218 8
219 221 -28
381 379 19
381 32 13
379 377 8
379 30 -28
379 715 -19
32 56 28
32 33 -8
32 692 28
979 953 -28
308 309 -8
35 33 -19
35 34 -19
33 31 -13
33 689 -19
34 9 19
34 694 28
238 236 13
238 237 -19
237 212 28
237 260 -8
350 324 -28
350 351 -13
350 690 8
350 376 28
350 6 19
324 325 -13
324 664 13
351 3 13
351 687 13
690 30 -13
690 692 28
690 689 13
690 688 -28
376 377 -13
376 31 8
376 716 19
6 8 8
6 5 13
6 4 13
6 661 -28
427 75 8
427 425 -28
75 100 -13
75 51 -19
75 76 13
75 738 28
425 761 28
425 74 8
73 420 28
73 731 -28
70 46 -13
70 95 -8
742 741 -28
742 740 19
743 84 -8
343 679 28
679 705 8
547 886 -19
952 615 28
218 243 -19
218 886 -13
243 244 -19
886 887 -28
583 584 8
583 557 8
583 228 13
583 609 -19
583 920 8
584 225 19
584 918 -8
557 895 8
557 531 -8
557 558 -13
228 227 -19
228 892 -28
609 635 -13
609 610 8
609 252 8
920 251 28
920 922 -28
386 41 -13
985 986 13
985 317 19
654 653 13
654 291 -19
654 656 13
651 988 -8
328 329 -28
328 668 -13
10 9 -13
10 8 -13
10 665 -19
10 12 13
694 693 -13
694 692 13
41 40 -13
40 700 -19
291 316 8
693 667 8
9 668 13
668 666 8
668 670 -13
668 667 8
244 242 19
706 705 13
706 46 8
706 704 -28
705 49 -28
705 731 -13
46 395 -28
46 47 -28
672 674 -8
672 332 -19
672 670 -8
517 856 -8
517 165 -8
517 518 -13
517 492 -19
190 192 19
190 188 19
190 853 28
190 189 19
569 570 19
569 215 -19
569 595 28
674 334 -28
84 82 19
82 741 -13
519 494 -19
519 167 19
519 520 13
495 493 -19
495 830 13
495 494 -8
495 141 -13
495 497 8
493 492 -13
493 139 -28
830 804 -13
830 167 -13
494 468 -13
494 832 -19
494 144 28
141 164 -8
141 805 -28
141 142 -19
497 496 -13
497 143 19
613 614 19
613 256 -13
924 923 19
924 922 -28
561 899 -19
561 562 -13
561 207 -28
561 535 -13
958 621 -8
589 615 8
589 563 -28
615 616 13
563 564 -28
563 537 -8
563 209 13
438 464 19
438 777 19
438 439 -28
761 735 13
735 736 8
735 399 28
735 709 -28
735 76 28
887 220 -8
699 700 -13
737 401 13
737 78 -8
737 738 -8
856 189 19
856 854 -8
189 164 8
854 852 13
854 515 28
854 853 -28
635 276 -8
276 278 -13
575 601 8
575 913 -19
575 221 -13
25 684 8
25 50 19
25 373 19
25 0 -28
684 683 28
50 74 -13
50 399 8
50 710 -8
373 372 -28
373 709 -13
373 375 -13
0 347 8
0 658 -19
251 227 19
251 252 -19
251 612 -19
89 114 -19
836 170 -13
836 835 13
836 834 -19
899 898 28
899 897 -19
898 923 8
898 873 -19
898 564 -19
897 895 -19
897 559 13
227 895 28
227 202 28
895 894 -13
895 893 28
202 560 19
202 177 -13
202 870 -8
756 758 13
756 93 19
758 757 -19
758 95 -28
758 760 28
93 445 13
93 118 8
93 94 -8
720 718 19
500 835 -19
500 499 -8
835 810 -8
835 861 13
499 474 -28
499 525 -8
170 526 -13
122 97 -19
122 785 19
122 475 13
595 621 -28
333 332 -28
333 669 -8
333 331 28
332 358 28
669 695 -28
669 670 -19
331 330 19
331 667 -28
331 329 8
944 273 13
944 942 -8
610 608 13
610 249 19
610 612 -8
918 892 13
918 252 -13
833 834 -8
377 28 19
377 375 -8
377 713 -28
28 3 8
28 688 -19
375 26 28
375 374 13
713 739 19
713 714 -19
713 55 8
713 687 13
861 526 -13
263 621 28
621 647 19
31 687 -19
31 30 -8
687 661 13
687 688 28
30 5 8
30 54 -8
206 564 -28
206 181 28
206 874 28
206 207 -8
715 741 8
715 716 -19
715 689 -28
877 851 -8
904 570 13
393 395 -19
393 392 19
74 736 -19
74 99 -28
736 738 -8
739 403 -28
739 740 -8
403 401 -28
740 400 -28
740 77 -13
740 738 -8
616 614 -13
220 221 -8
562 564 19
562 560 -8
560 894 -8
560 559 28
560 558 28
352 8 8
352 692 28
352 326 28
8 663 -28
326 666 -13
326 327 28
77 78 13
431 433 28
608 606 28
608 941 -8
606 247 8
606 605 -28
941 967 -13
941 942 -8
26 1 -28
26 51 -19
26 27 13
688 348 19
346 372 -8
346 347 19
346 2 -8
346 320 13
54 55 -19
54 716 -13
804 469 13
804 778 -28
804 144 -28
804 805 -13
469 468 8
469 467 -8
469 471 28
144 143 -13
144 142 19
805 803 13
805 807 -8
208 183 19
208 876 28
208 209 -13
585 559 -28
585 922 28
559 205 -13
922 253 8
209 873 -13
209 207 -28
875 540 28
875 849 -19
875 876 8
966 965 -13
966 295 -13
966 968 13
965 297 13
965 939 -28
965 632 19
295 270 -19
968 296 -8
968 967 13
968 631 28
322 323 19
322 348 19
322 662 13
323 325 -28
323 321 28
348 374 28
348 4 28
662 661 -19
662 664 -28
662 660 -28
662 3 13
880 212 -8
12 667 -19
330 670 -28
401 399 28
401 51 -28
401 400 28
399 398 28
51 712 8
51 52 19
400 53 28
400 374 19
368 394 19
48 397 -19
48 49 8
614 253 -8
614 612 -28
253 254 8
612 945 28
468 442 28
468 807 28
832 166 8
832 834 13
496 470 8
496 834 -13
143 807 -8
143 118 -19
143 166 -8
930 260 8
894 869 -8
869 534 19
869 870 13
869 205 -28
807 809 -13
807 806 -8
118 471 8
118 781 8
166 522 -8
166 167 -13
298 299 -8
298 273 8
270 940 19
270 632 13
270 247 19
964 627 19
810 475 -28
810 784 -19
475 474 8
784 785 -28
784 449 28
297 299 28
297 296 -13
299 967 -28
296 271 28
974 637 -19
974 302 -28
971 303 13
971 945 19
580 222 19
580 914 13
223 224 -8
223 891 13
329 327 -28
329 665 -28
939 272 8
939 914 8
939 940 -19
272 631 -8
272 271 -13
914 888 19
940 942 13
520 164 -13
520 518 -19
520 522 8
56 718 -28
372 27 -28
372 712 -28
372 398 -8
27 683 28
712 714 28
712 710 -28
398 738 -19
398 52 28
637 278 28
278 945 -19
492 142 -8
467 802 13
467 465 8
467 114 -19
525 526 -13
1 2 -8
1 660 -28
302 303 -13
873 538 19
873 874 8
94 442 28
94 96 19
474 448 28
665 666 -28
303 305 -28
709 683 -19
709 710 28
709 52 28
76 78 8
718 716 -28
716 714 13
394 49 13
394 420 -28
394 734 19
394 395 -19
49 47 8
420 760 13
395 731 19
395 397 -8
5 664 19
168 145 13
168 834 -8
168 169 8
120 145 13
120 121 -28
120 783 19
120 95 -28
471 470 19
471 806 -19
871 207 8
871 845 19
871 872 28
207 205 8
845 182 -19
872 870 8
872 874 8
271 942 19
632 631 13
121 470 -28
121 780 8
782 447 8
782 757 -28
782 783 -19
273 249 -13
165 164 28
165 163 -13
165 167 -8
518 853 8
518 516 -13
535 182 -19
535 509 8
535 874 -28
480 130 -28
181 182 -28
181 848 8
181 538 -28
874 876 8
851 852 28
851 188 28
851 516 -19
851 826 -28
250 249 -19
250 252 13
249 225 -8
225 893 -13
47 392 8
256 254 -13
534 177 13
177 178 13
177 844 -8
142 140 -28
142 802 13
570 212 -19
631 605 -28
325 661 -13
325 327 13
664 663 -13
664 666 19
53 55 -13
53 52 -13
374 714 8
3 4 -19
462 488 28
488 513 19
488 489 -28
4 2 13
470 809 -28
470 444 13
893 892 8
893 891 8
145 809 28
540 538 -8
540 183 8
538 537 -13
183 184 -13
183 850 28
867 892 -28
892 558 28
442 781 19
891 889 28
891 553 8
891 890 8
513 852 -28
852 850 19
167 169 -19
531 178 8
531 870 -28
558 556 28
186 188 8
186 184 -28
186 849 28
184 182 8
184 537 8
849 850 -13
849 824 -19
97 449 13
97 98 -8
97 760 19
785 783 13
448 449 -8
783 781 28
783 444 -13
537 876 -13
942 605 28
252 254 19
347 683 -28
683 657 28
663 327 19
663 689 19
485 487 19
487 489 19
487 486 19
222 889 -19
222 197 -13
222 247 -19
464 803 -19
464 465 19
803 802 28
803 139 -8
465 800 -13
848 509 28
848 850 -28
447 445 -19
447 449 8
447 95 -8
445 780 -8
445 444 8
95 96 28
889 888 28
888 224 13
888 863 28
888 554 13
826 800 -8
826 163 19
489 824 13
601 627 8
627 653 13
140 139 8
140 800 19
139 114 -28
800 774 -13
806 780 -28
321 657 8
321 320 -8
444 96 -13
515 163 13
515 516 13
988 986 13
988 316 -19
988 990 8
986 314 -28
316 317 -13
990 653 -19
990 318 13
990 989 19
780 781 13
114 777 -13
657 658 19
657 2 -19
658 660 -19
319 317 19
319 318 8
731 757 -8
397 396 19
320 660 28
757 98 28
98 96 -28
458 797 28
486 136 19
797 799 8
553 554 13
774 439 8
863 528 -28
554 556 -19
554 197 13
890 556 -8
798 824 19
798 799 -19
989 656 -19
655 656 13
529 530 13
130 132 19
530 528 -8
