982 981 28
982 310 13
982 980 -8
982 984 8
982 645 13
981 313 8
981 955 -19
981 648 -13
310 285 19
310 311 -13
980 978 19
980 308 19
980 643 -8
980 979 -28
984 312 -13
984 647 8
984 986 -19
984 983 28
645 619 -28
645 646 -28
645 286 19
137 801 -13
137 160 -19
137 491 13
137 138 28
137 112 -13
801 462 -8
801 800 -28
801 803 -8
801 799 -19
160 185 -8
160 161 19
160 516 -19
160 827 -19
491 493 13
491 490 13
491 826 -13
491 489 -8
138 140 -19
138 488 -19
138 136 28
138 798 -8
112 113 -28
112 465 19
112 775 19
112 87 13
592 233 13
592 590 -28
592 591 28
592 594 28
592 925 -19
233 234 19
233 208 13
233 901 -19
233 257 13
590 588 -13
590 589 8
590 231 13
590 923 28
591 565 -28
591 617 13
591 928 13
591 236 8
594 235 19
594 596 28
594 927 -8
594 593 -8
925 259 -13
925 900 -19
925 951 13
925 926 28
338 339 -28
338 364 -28
338 678 -28
339 675 8
339 337 -19
339 341 -19
364 20 -19
364 704 -19
364 390 -8
364 365 28
678 676 28
678 19 13
678 680 8
678 677 -19
414 388 -19
414 754 28
414 415 -28
414 440 13
414 67 13
388 728 28
388 362 -19
388 389 19
388 43 -13
754 91 -13
754 756 28
754 752 -8
754 753 -19
415 417 -28
415 751 -13
415 413 -8
415 64 19
440 441 -28
440 779 19
440 466 -13
440 92 19
67 69 28
67 65 28
67 725 13
67 66 19
817 478 -13
817 815 -8
817 816 28
817 819 19
478 503 -8
478 452 -13
478 479 -28
478 128 13
815 150 -28
815 814 19
815 813 8
815 476 28
816 154 28
816 481 19
816 790 13
816 841 -13
819 818 -13
819 153 19
819 821 -28
819 480 13
149 124 -8
149 502 -28
149 813 -8
149 172 -28
124 787 8
124 99 -8
124 477 -8
502 501 -13
502 837 -13
502 504 -13
813 812 19
172 197 19
172 528 -13
172 838 19
417 66 -8
417 753 -19
417 416 -19
417 419 19
66 728 13
66 42 -19
753 727 19
753 778 -8
753 94 -13
416 69 -8
416 756 -19
416 390 13
416 442 19
419 755 -8
419 418 28
419 68 -8
419 421 -13
382 37 13
382 722 19
382 408 -19
382 383 13
382 356 13
37 36 8
37 35 28
37 39 13
37 693 28
722 724 -28
722 60 -8
722 721 8
722 720 -13
408 434 28
408 748 13
408 409 19
408 61 13
383 381 -19
383 719 13
383 34 19
383 385 8
356 357 13
356 12 19
356 330 19
356 696 -8
765 763 28
765 102 28
765 764 -19
765 767 19
765 426 19
763 762 28
763 424 8
763 100 28
102 127 13
102 77 13
102 103 -19
102 455 8
764 739 8
764 429 19
764 790 8
764 105 19
767 428 13
767 104 28
767 766 -19
767 769 28
426 427 19
426 400 -19
426 452 -13
426 78 8
179 536 -19
179 204 13
179 180 13
179 846 28
179 155 13
536 871 -19
536 534 -13
536 535 13
536 538 -19
204 562 -28
204 229 28
204 872 -28
204 205 19
180 533 -19
180 182 -28
180 178 -8
180 843 -28
846 507 8
846 848 19
846 844 -28
846 845 -13
155 510 13
155 131 -19
155 821 -8
630 963 -19
630 629 8
630 628 28
630 268 8
963 937 -19
963 964 -28
963 989 8
629 603 8
629 655 8
628 961 -8
628 626 8
628 266 -19
628 627 -28
268 269 -13
268 293 8
268 245 -13
268 938 -8
269 267 8
269 627 -8
269 935 8
293 318 8
293 294 -19
293 656 8
293 964 -28
245 913 13
245 220 -28
245 246 13
245 604 -13
938 937 -13
938 936 -28
938 601 -8
36 696 13
36 11 -19
36 385 28
36 60 -13
696 695 -19
696 698 13
696 694 -28
11 12 -8
11 670 19
11 359 8
385 387 -8
385 721 19
385 384 8
60 85 8
60 61 19
60 411 13
20 18 -28
20 675 13
20 22 -8
20 19 -8
18 16 8
18 362 19
18 673 8
18 17 8
675 701 -8
675 676 -13
22 366 19
22 21 13
22 677 -8
22 24 -28
19 367 -19
19 44 13
239 907 -8
239 598 28
239 240 8
239 214 -28
239 262 -28
907 909 8
907 905 28
907 569 8
907 906 -8
598 600 8
598 931 28
598 597 -19
598 596 -13
240 238 -19
240 595 -19
240 242 -8
240 904 13
214 882 8
214 572 13
214 215 -8
214 189 -19
262 263 13
262 932 13
262 287 -19
262 624 13
461 463 -19
461 460 13
461 459 8
461 108 -28
461 796 -13
463 110 -8
463 462 19
463 465 8
463 798 28
460 111 19
460 434 8
460 486 19
460 799 13
459 794 -19
459 457 -19
459 106 -28
459 458 -19
108 771 28
108 83 -28
108 133 -13
108 109 -8
796 797 -8
796 822 -13
796 770 -8
796 136 8
771 769 -19
771 773 -28
771 770 -13
771 432 19
83 84 13
83 58 -28
83 746 -8
83 435 19
133 487 -8
133 797 -19
133 134 28
133 156 28
109 111 28
109 107 19
109 458 28
109 768 -13
701 365 13
701 727 8
701 702 13
701 45 -28
365 367 19
365 363 28
365 17 -19
727 728 8
727 69 -13
727 391 -13
702 42 -8
702 700 19
702 362 -28
702 704 13
45 43 -8
45 390 28
45 44 -13
45 47 -28
910 935 -19
910 911 8
910 885 19
910 246 -19
910 576 -28
935 961 19
935 936 -28
935 602 -13
911 909 28
911 573 19
911 913 8
911 243 8
885 550 19
885 886 28
885 859 -8
885 221 8
246 244 -19
246 601 -13
576 574 -8
576 218 -8
576 575 28
576 578 13
428 80 13
428 454 19
428 429 -19
428 402 13
80 739 -28
80 79 19
80 82 19
80 78 -28
454 480 8
454 455 19
454 793 -19
454 105 -19
429 427 19
429 77 -19
429 431 8
402 403 19
402 55 28
402 376 28
402 742 13
111 110 -28
111 770 19
111 113 -19
110 85 -19
110 135 -19
110 773 -28
770 745 19
770 435 19
113 462 8
113 772 13
113 115 8
285 286 -8
285 956 -8
285 260 19
285 648 -19
311 313 -19
311 309 19
311 979 13
313 312 -19
313 315 -19
312 287 -19
315 314 19
315 983 -19
315 317 8
685 29 8
685 686 -8
685 711 -8
685 349 19
685 659 -28
29 31 28
29 374 -8
29 28 19
29 27 -19
686 26 -28
686 684 19
686 688 -13
686 346 -19
711 737 -19
711 375 13
711 53 19
711 712 -28
349 351 -28
349 347 -28
349 348 28
349 1 -8
659 323 19
659 660 -28
659 4 8
63 61 28
63 65 -13
63 410 19
63 62 -19
63 721 19
61 59 -28
61 719 -19
65 64 19
65 412 -13
65 723 -19
410 411 13
410 384 19
410 750 -28
410 436 -28
62 413 -19
62 724 -19
62 38 19
62 87 28
721 695 -28
721 747 -28
745 86 8
745 719 8
745 746 13
745 409 -19
86 434 19
86 85 -28
86 88 -19
86 84 19
719 693 19
719 720 8
746 406 -28
746 744 8
746 748 -8
409 58 -13
409 407 8
409 411 -19
506 504 28
506 508 19
506 841 13
506 505 28
504 150 8
504 503 8
504 839 13
508 507 -28
508 510 -8
508 843 19
508 153 -19
841 867 19
841 842 -19
841 178 -8
505 154 8
505 480 28
505 844 8
505 531 13
600 933 28
600 602 -8
600 241 28
600 599 28
931 265 -13
931 906 -19
931 957 19
931 932 -13
597 571 -13
597 623 13
597 934 -28
597 242 -8
596 237 -13
596 929 -19
596 595 -19
344 370 13
344 345 8
370 396 -13
370 371 13
345 343 -13
345 681 -19
728 730 19
728 726 19
730 390 -28
730 68 19
730 732 -8
730 729 -8
726 724 19
726 64 19
726 725 -13
726 386 -28
955 288 -8
955 956 28
955 929 -19
955 622 -13
288 290 -8
288 286 13
288 647 19
288 287 -13
956 619 13
956 954 13
956 958 -8
929 263 19
929 930 -13
929 904 -28
622 620 -19
622 260 -19
622 624 -28
622 621 8
154 152 28
154 153 8
152 814 -8
152 151 8
152 503 19
153 177 -8
153 129 -19
565 211 -13
565 903 -13
565 566 13
565 539 -28
211 210 -13
211 213 8
211 209 8
211 875 28
903 235 -28
903 901 8
903 905 8
903 902 28
566 568 19
566 900 8
566 564 8
566 208 -28
539 540 -13
539 513 8
539 186 -13
539 878 -19
507 482 -8
507 533 -13
510 512 28
510 845 13
510 509 8
843 818 28
843 869 -19
843 844 8
823 822 28
823 484 19
823 821 28
823 825 13
823 156 -28
822 159 -8
822 487 -13
822 847 28
484 485 -28
484 134 -19
484 458 19
484 509 -19
821 482 13
821 820 19
825 486 -13
825 827 19
825 158 19
825 824 -19
156 512 -13
156 181 -28
156 157 13
788 814 -19
788 453 13
788 762 8
788 128 -19
788 789 -19
814 479 8
814 839 8
453 451 28
453 100 13
453 452 -19
453 455 19
762 427 -28
762 103 -28
762 737 -28
128 127 -8
128 126 -8
128 130 19
789 450 13
789 791 -19
789 787 28
789 125 -8
210 878 -13
210 185 28
210 568 13
210 235 19
878 877 13
878 880 28
878 876 -8
185 186 -19
185 542 -28
185 852 -13
568 567 19
568 902 8
568 570 19
235 258 -8
235 236 -19
423 759 -28
423 421 -19
423 72 -19
423 422 28
759 784 -19
759 760 19
759 733 13
421 757 19
421 70 -8
421 420 -19
72 48 19
72 97 28
72 73 8
72 734 13
422 396 -19
422 448 -19
362 363 8
362 336 28
389 387 19
389 725 -8
389 391 28
389 40 19
43 42 28
43 41 -28
43 699 28
769 106 19
769 768 19
769 430 19
773 434 -28
773 775 -28
773 772 19
432 406 28
432 84 -8
432 458 19
432 433 28
881 906 28
881 546 13
881 882 28
881 217 8
881 855 8
906 242 28
906 572 13
546 544 13
546 545 -28
546 548 8
546 189 -8
882 543 -19
882 884 -28
882 880 28
217 571 19
217 216 8
217 219 28
217 215 19
855 856 -28
855 192 -8
855 830 -8
855 520 -13
644 643 -8
644 977 -13
644 646 -8
644 281 8
644 642 -19
643 284 19
643 617 28
977 978 -8
977 951 8
977 309 19
646 979 -13
646 283 19
646 648 19
281 306 -19
281 952 13
281 282 -8
281 257 28
642 975 28
642 640 28
642 279 28
642 641 28
42 391 -19
42 17 -13
391 390 -8
391 393 -28
17 676 13
866 527 -8
866 864 8
866 868 8
866 865 19
866 198 8
527 501 -13
527 553 -13
527 528 -8
527 174 -13
864 197 28
864 863 19
868 867 19
868 529 -13
868 870 -8
868 200 -13
865 201 19
865 530 -8
865 890 -8
865 839 13
198 223 19
198 556 8
198 173 -8
198 199 -19
284 283 19
284 286 19
284 282 28
284 951 28
283 258 -19
283 954 -13
283 308 -8
286 953 -13
282 641 -8
282 949 -8
282 280 8
951 952 -28
951 618 13
707 371 -8
707 708 28
707 681 28
707 733 -19
371 369 19
371 23 19
708 706 -28
708 368 13
708 48 -28
681 682 28
733 734 19
733 397 28
434 435 8
435 433 -13
435 437 19
259 617 -19
259 258 -28
259 261 28
900 875 13
900 236 8
900 901 -8
926 589 -19
926 924 19
926 928 8
926 257 -8
117 466 19
117 116 19
117 119 13
117 115 -13
117 776 8
466 805 -13
466 492 8
466 467 8
116 91 19
116 469 -19
116 779 28
116 141 8
119 468 13
119 778 8
119 121 19
119 118 -13
115 464 -8
115 774 -19
115 114 13
776 751 8
776 777 19
776 441 28
776 802 -8
85 437 8
85 748 19
437 436 8
437 772 -28
437 439 13
748 750 -19
748 747 13
69 68 28
69 71 13
68 44 -8
68 93 -19
71 73 -19
71 70 -19
71 729 -19
71 418 -8
751 725 -8
751 752 19
751 92 -8
725 699 28
752 750 19
752 412 -13
752 89 -13
92 91 8
92 90 -13
92 94 -8
512 514 19
512 847 -13
512 511 19
514 513 -28
514 849 19
514 158 -19
514 516 28
847 873 28
847 848 -13
847 184 19
511 159 -19
511 537 -13
511 486 -13
511 850 -19
503 842 -13
503 529 28
452 791 -19
452 103 28
479 481 -28
479 477 8
479 125 8
969 943 28
969 301 -13
969 636 -8
969 970 -28
943 276 13
943 944 -8
943 610 -28
943 918 -8
301 300 -8
301 303 8
301 299 13
636 635 13
636 634 -19
636 273 13
636 638 28
970 633 13
970 972 -13
970 968 -28
970 298 8
961 294 28
961 987 -28
961 962 -19
294 292 8
294 653 8
987 988 -13
987 319 19
987 654 -13
962 960 28
962 625 28
962 964 8
962 291 28
159 157 -8
159 161 13
159 158 -19
157 820 -19
157 509 -19
161 513 -19
161 824 -8
161 163 28
158 135 -8
158 183 -19
571 909 13
571 572 8
571 545 -19
909 241 19
909 908 28
572 574 28
572 570 -13
545 519 28
545 192 19
545 884 -19
127 791 8
127 481 28
791 790 13
791 793 28
481 480 -19
481 483 -28
829 490 -8
829 831 13
829 828 19
829 162 -19
829 827 19
490 464 -28
490 140 28
490 515 13
831 164 8
831 492 -19
831 830 28
831 832 8
828 165 13
828 493 -8
828 802 19
828 853 -19
162 518 -19
162 139 8
162 187 -8
162 163 -19
827 826 -8
827 488 -13
574 908 -13
574 216 8
574 573 -8
908 883 28
908 244 -19
908 933 19
216 241 -19
216 884 -19
216 191 -19
573 219 -8
573 599 -8
573 547 19
794 768 19
794 795 13
794 820 -13
794 134 13
768 433 13
768 743 -8
795 793 8
795 456 28
795 797 -19
795 131 13
820 485 -19
820 845 13
134 136 8
134 132 -13
241 264 -8
241 242 28
884 883 -28
884 886 8
191 192 -13
191 858 13
191 166 -13
191 548 -28
581 555 -13
581 607 13
581 226 19
581 919 -13
581 582 8
555 201 28
555 893 19
555 556 8
555 529 -8
607 633 -28
607 608 28
607 944 -13
607 250 19
226 225 -28
226 228 -28
226 224 -8
226 890 -13
919 917 -28
919 918 8
919 920 -19
582 580 13
582 584 13
582 916 13
582 223 13
404 57 -13
404 744 28
404 405 28
404 378 13
404 430 -8
57 59 -19
57 55 -8
57 715 28
57 56 28
744 81 -19
744 742 -13
744 743 -13
405 407 13
405 741 8
405 403 8
405 54 13
378 379 -13
378 352 -8
378 718 -8
378 33 28
430 431 -28
430 456 -13
430 82 13
650 652 13
650 648 8
650 983 -13
650 649 -28
650 287 -19
652 289 8
652 985 -13
652 654 -28
652 651 13
648 647 -28
983 957 28
649 290 -28
649 623 19
649 986 -19
287 958 -13
201 199 13
201 203 13
201 200 -19
199 863 13
199 553 8
203 867 8
203 557 -8
203 202 13
203 205 13
200 175 19
200 225 28
200 558 19
617 954 19
617 618 28
954 953 28
954 952 8
618 620 -13
618 616 -8
618 257 19
290 292 19
290 289 19
290 957 13
292 291 -19
292 959 -13
292 651 -8
289 264 -13
289 960 -8
957 624 -8
957 958 -13
406 407 19
406 59 -13
406 380 -13
407 56 -13
407 743 28
59 58 -8
59 717 -19
380 381 -8
380 35 -19
380 354 -13
380 720 -13
355 353 13
355 691 -28
355 357 -13
355 7 -19
355 354 -28
353 352 28
353 351 13
353 689 -13
353 5 -19
691 35 19
691 665 19
691 717 8
691 692 -28
357 359 -8
357 693 -13
357 9 8
7 32 -19
7 8 -8
7 666 -28
354 328 28
354 10 13
354 694 28
258 620 -13
258 928 19
620 619 28
620 953 19
928 930 -28
928 927 13
441 443 19
441 439 19
441 89 13
779 778 -8
779 781 8
779 777 8
619 593 19
619 261 -8
593 567 8
593 238 8
593 930 -13
261 263 19
261 927 -19
261 260 8
265 623 19
265 264 28
265 267 13
265 263 -28
932 934 -19
932 930 -28
932 595 19
91 443 28
443 778 -8
443 445 8
443 442 13
450 476 -13
450 101 8
450 451 19
450 424 -8
476 501 19
476 126 -8
476 477 -19
101 761 -8
101 103 -13
101 100 -19
451 99 13
451 786 -28
424 425 13
424 398 19
424 76 19
544 187 13
544 879 13
544 542 -28
544 543 -19
187 212 -13
187 188 8
187 854 -13
879 904 19
879 853 28
879 880 28
879 215 -19
542 877 19
542 540 -13
542 541 -28
543 517 -19
543 190 13
543 569 13
917 248 19
917 579 -13
917 915 28
917 916 8
248 608 -28
248 271 28
248 223 -8
579 580 8
579 224 -8
579 553 8
579 605 28
915 247 28
915 914 -8
916 250 19
916 941 28
916 890 -28
300 275 28
300 972 -28
275 638 28
275 276 -19
275 251 -19
275 946 19
972 635 -28
972 974 13
972 971 -19
975 949 -8
975 307 -19
975 976 -13
949 616 -19
949 950 -28
949 923 -13
307 306 -19
307 309 -19
307 305 -8
976 978 -28
976 974 -13
976 639 -28
976 304 28
577 578 8
577 551 -19
577 603 -13
578 220 -28
578 912 -8
551 552 -13
551 525 19
603 604 13
978 641 -19
978 306 8
641 615 19
588 587 13
588 921 -8
588 586 8
588 229 28
587 232 13
587 613 19
587 924 8
587 561 -28
921 922 -19
921 896 -8
921 947 -19
921 256 19
586 227 19
586 585 19
586 584 -8
229 897 28
229 253 -13
229 230 28
790 130 -28
790 455 19
793 129 19
793 792 28
411 413 13
411 747 8
384 724 13
384 358 19
384 39 13
750 87 -19
750 749 28
436 88 13
436 462 -13
436 775 19
413 749 -28
413 412 28
749 90 28
749 723 -13
749 774 -8
412 386 19
412 438 8
812 477 13
812 837 8
812 151 13
812 786 -13
837 863 28
837 838 -13
837 174 -28
151 501 28
151 150 28
786 787 -8
786 126 -19
786 761 8
623 960 -13
623 624 13
960 959 13
960 958 13
624 626 -8
175 842 -8
175 176 -19
175 532 13
842 840 13
842 844 13
176 529 -8
176 178 28
176 174 13
176 839 -19
532 534 -19
532 867 19
532 530 -28
532 531 -19
361 13 -28
361 359 19
361 697 19
361 363 13
361 360 -28
13 38 19
13 672 8
13 14 -8
359 695 -28
359 358 13
697 41 28
697 671 -19
697 723 28
697 698 -8
363 699 -28
363 15 -19
360 16 28
360 334 -28
360 700 -8
360 386 28
626 625 -28
626 264 8
626 959 8
625 267 28
625 651 13
625 599 19
264 934 8
959 933 -8
959 985 28
472 811 -19
472 473 13
472 498 -13
472 123 8
472 446 -8
811 147 19
811 810 -19
811 809 -19
473 808 13
473 120 -8
473 475 -13
473 471 8
498 148 8
498 523 -13
498 836 -19
123 121 -13
123 782 -19
123 122 13
446 785 -8
446 447 -8
446 98 28
446 420 -28
934 933 8
934 936 -8
633 634 -13
633 274 -13
634 271 -13
634 967 -19
634 632 19
274 941 28
274 276 -13
274 273 -13
274 272 19
676 674 -13
676 336 -8
16 15 -19
16 14 19
16 671 28
15 674 -19
15 40 -13
14 358 13
14 12 -8
14 669 -8
671 335 8
671 672 -19
937 912 8
937 604 13
912 913 -28
604 602 -19
267 933 -8
267 266 -8
266 243 -19
266 936 8
266 291 13
457 104 -13
457 455 -13
457 456 8
457 792 -19
104 79 -13
104 105 13
104 129 19
456 107 19
456 482 -19
792 818 -8
792 132 28
792 766 19
79 431 19
79 742 8
79 54 -28
105 107 19
105 103 19
129 130 19
129 483 -13
680 340 -19
680 682 28
680 21 -19
680 679 8
677 703 8
677 341 8
550 193 -13
550 552 13
550 549 -28
550 548 28
193 860 -19
193 218 -13
193 194 -19
193 168 8
552 195 8
549 523 -19
549 196 8
549 887 13
549 575 -8
548 883 -19
548 547 19
88 87 -28
88 90 19
88 747 19
87 439 28
90 438 -8
90 89 28
747 772 13
106 131 8
106 81 -8
106 107 19
131 485 -8
131 132 19
81 433 -19
81 82 8
81 56 8
107 766 -8
58 720 28
58 34 -28
717 381 8
717 718 28
717 743 19
148 146 -28
148 147 19
148 808 -28
146 496 28
146 145 8
146 144 28
146 806 8
147 500 8
147 170 19
147 122 13
808 809 8
808 782 -13
927 902 -28
927 953 -8
340 341 -28
340 366 19
341 343 -19
366 367 28
366 706 -28
366 392 -28
724 723 19
723 387 19
501 840 8
840 838 -19
840 173 -8
840 839 8
150 125 13
150 173 -13
125 126 -13
125 100 19
173 530 13
173 174 28
755 756 -28
755 729 -28
755 780 -28
755 96 -8
418 392 -8
418 444 -13
418 758 8
818 483 -28
483 485 -13
483 482 -19
766 431 -8
766 741 28
640 973 -28
640 277 13
640 639 -19
640 638 13
973 974 8
973 305 -28
973 947 28
277 948 28
277 302 8
277 278 8
277 253 -8
639 280 -19
639 613 19
638 637 13
638 971 8
367 703 -8
367 369 -8
703 729 13
703 47 13
703 704 -8
369 21 8
369 705 -19
369 368 13
44 704 19
44 393 13
682 23 8
682 342 -13
23 48 -8
23 24 13
342 343 28
342 368 -13
38 698 -8
38 387 28
38 39 -8
698 358 -19
698 700 28
387 386 -19
39 41 -28
39 695 8
860 858 -13
860 521 13
860 862 -19
860 859 -28
858 856 8
858 519 28
858 857 -28
521 547 13
521 496 -19
521 522 28
521 169 13
862 523 -28
862 861 -19
862 195 -19
859 196 19
859 833 19
859 524 28
21 46 -13
24 679 -28
24 368 -8
135 489 -28
135 136 -28
135 799 19
279 304 -8
279 280 -8
279 255 -19
279 950 -28
304 305 13
280 947 -28
280 278 19
255 231 -19
255 616 -28
255 924 -13
255 256 8
950 948 -13
950 613 13
950 952 19
232 231 -13
232 234 19
232 230 28
232 896 -19
231 899 8
231 206 13
234 589 19
234 898 -19
234 236 -19
230 585 -13
230 894 -13
230 228 -28
896 562 28
896 871 28
896 897 19
901 899 -28
901 563 -28
905 567 -28
905 904 -8
905 237 -19
902 238 -28
902 877 -8
523 171 -8
523 524 -28
171 833 8
171 170 -13
171 169 -8
524 168 -19
524 526 13
524 522 19
64 89 13
64 40 28
602 601 -28
602 243 28
599 244 -8
599 936 28
732 70 -19
732 392 28
732 731 -8
732 734 -13
729 393 19
337 336 19
337 335 19
337 673 -13
335 333 8
335 334 -8
673 674 -28
673 699 -19
482 132 8
533 534 19
533 559 -8
533 872 -13
567 213 28
567 541 8
213 877 13
213 212 -8
213 215 -8
541 515 -28
541 188 -13
541 880 -19
948 611 28
948 947 -8
948 946 -28
611 585 28
611 637 -19
611 254 13
611 612 8
947 614 28
946 945 -13
946 944 19
946 609 -8
775 774 -19
775 777 8
772 798 -19
196 195 13
196 194 19
195 220 19
195 170 28
194 192 -28
194 547 13
194 857 8
883 857 8
883 219 -8
857 522 -13
219 218 -8
219 221 19
381 379 13
381 32 -19
379 377 -13
379 30 -28
379 715 -13
32 56 8
32 33 -13
32 692 19
979 953 28
308 309 -28
35 33 19
35 34 19
33 31 28
33 689 -28
34 9 -13
34 694 -19
238 236 -8
238 237 -19
237 212 -19
237 260 -13
350 324 13
350 351 13
350 690 13
350 376 -28
350 6 19
324 325 -19
324 664 -13
351 3 19
351 687 13
690 30 13
690 692 -28
690 689 19
690 688 -8
376 377 -28
376 31 13
376 716 28
6 8 -13
6 5 -8
6 4 -8
6 661 -19
427 75 -8
427 425 19
75 100 13
75 51 -28
75 76 -28
75 738 8
425 761 19
425 74 13
73 420 8
73 731 8
70 46 -19
70 95 28
742 741 8
742 740 -19
743 84 -13
343 679 13
679 705 19
547 886 -8
952 615 -13
218 243 8
218 886 13
243 244 19
886 887 28
583 584 -19
583 557 28
583 228 -13
583 609 13
583 920 19
584 225 8
584 918 -13
557 895 -19
557 531 28
557 558 8
228 227 -28
228 892 -8
609 635 -28
609 610 28
609 252 -28
920 251 -28
920 922 -13
386 41 8
985 986 28
985 317 -8
654 653 -28
654 291 28
654 656 28
651 988 8
328 329 -8
328 668 28
10 9 28
10 8 -28
10 665 13
10 12 19
694 693 28
694 692 -8
41 40 19
40 700 13
291 316 8
693 667 13
9 668 -19
668 666 19
668 670 8
668 667 -13
244 242 -13
706 705 28
706 46 13
706 704 19
705 49 19
705 731 28
46 395 19
46 47 19
672 674 -28
672 332 -28
672 670 -28
517 856 -28
517 165 -13
517 518 -13
517 492 8
190 192 -13
190 188 28
190 853 19
190 189 28
569 570 8
569 215 28
569 595 -8
674 334 19
84 82 -19
82 741 -28
519 494 28
519 167 8
519 520 -19
495 493 -19
495 830 -8
495 494 13
495 141 19
495 497 -19
493 492 19
493 139 8
830 804 -28
830 167 19
494 468 19
494 832 -28
494 144 19
141 164 -8
141 805 -13
141 142 19
497 496 -8
497 143 -28
613 614 -28
613 256 -19
924 923 -28
924 922 13
561 899 -8
561 562 -28
561 207 -19
561 535 13
958 621 -19
589 615 -28
589 563 -28
615 616 19
563 564 -13
563 537 13
563 209 19
438 464 13
438 777 13
438 439 8
761 735 8
735 736 19
735 399 -28
735 709 -13
735 76 -13
887 220 -8
699 700 -13
737 401 8
737 78 -8
737 738 -28
856 189 13
856 854 13
189 164 19
854 852 28
854 515 -13
854 853 13
635 276 -13
276 278 -13
575 601 -8
575 913 -13
575 221 -19
25 684 -13
25 50 -28
25 373 8
25 0 8
684 683 8
50 74 -13
50 399 28
50 710 13
373 372 19
373 709 -8
373 375 -19
0 347 19
0 658 28
251 227 -13
251 252 -8
251 612 28
89 114 -13
836 170 -13
836 835 19
836 834 -28
899 898 -8
899 897 -28
898 923 13
898 873 8
898 564 -13
897 895 13
897 559 13
227 895 28
227 202 13
895 894 -8
895 893 -28
202 560 -28
202 177 19
202 870 13
756 758 8
756 93 -28
758 757 -13
758 95 -8
758 760 8
93 445 -13
93 118 8
93 94 -8
720 718 -13
500 835 -8
500 499 8
835 810 -13
835 861 13
499 474 -8
499 525 13
170 526 19
122 97 19
122 785 19
122 475 19
595 621 -13
333 332 8
333 669 -28
333 331 28
332 358 13
669 695 8
669 670 -19
331 330 28
331 667 28
331 329 -8
944 273 -28
944 942 13
610 608 -19
610 249 -28
610 612 -8
918 892 13
918 252 8
833 834 -19
377 28 -28
377 375 -8
377 713 13
28 3 -13
28 688 19
375 26 28
375 374 28
713 739 -28
713 714 28
713 55 8
713 687 -19
861 526 19
263 621 13
621 647 19
31 687 -28
31 30 -13
687 661 19
687 688 -28
30 5 8
30 54 -19
206 564 19
206 181 19
206 874 -8
206 207 13
715 741 -13
715 716 -13
715 689 -28
877 851 28
904 570 -19
393 395 -19
393 392 -28
74 736 13
74 99 8
736 738 8
739 403 8
739 740 8
403 401 13
740 400 -19
740 77 -28
740 738 19
616 614 -13
220 221 28
562 564 28
562 560 8
560 894 8
560 559 28
560 558 -13
352 8 13
352 692 -13
352 326 8
8 663 13
326 666 28
326 327 -28
77 78 13
431 433 -28
608 606 -28
608 941 -19
606 247 28
606 605 -28
941 967 8
941 942 -8
26 1 -8
26 51 -28
26 27 8
688 348 13
346 372 13
346 347 -8
346 2 -28
346 320 13
54 55 13
54 716 19
804 469 19
804 778 -13
804 144 13
804 805 28
469 468 -28
469 467 -28
469 471 -13
144 143 8
144 142 28
805 803 -19
805 807 -28
208 183 -19
208 876 -13
208 209 -13
585 559 19
585 922 13
559 205 -8
922 253 -13
209 873 19
209 207 13
875 540 28
875 849 -13
875 876 13
966 965 8
966 295 -8
966 968 -28
965 297 -13
965 939 28
965 632 -13
295 270 -8
968 296 -28
968 967 28
968 631 -8
322 323 -19
322 348 28
322 662 8
323 325 13
323 321 -13
348 374 -28
348 4 13
662 661 -13
662 664 28
662 660 19
662 3 -8
880 212 28
12 667 -19
330 670 -19
401 399 13
401 51 -19
401 400 -28
399 398 -13
51 712 -13
51 52 -19
400 53 8
400 374 13
368 394 -13
48 397 -28
48 49 -28
614 253 -28
614 612 13
253 254 -8
612 945 -8
468 442 13
468 807 28
832 166 -13
832 834 -19
496 470 13
496 834 8
143 807 28
143 118 13
143 166 -19
930 260 -28
894 869 -19
869 534 -8
869 870 -8
869 205 13
807 809 19
807 806 8
118 471 13
118 781 8
166 522 19
166 167 19
298 299 -19
298 273 -8
270 940 13
270 632 13
270 247 8
964 627 -19
810 475 8
810 784 -8
475 474 -19
784 785 -8
784 449 -19
297 299 8
297 296 8
299 967 -13
296 271 28
974 637 -8
974 302 -19
971 303 8
971 945 -28
580 222 28
580 914 8
223 224 -13
223 891 13
329 327 28
329 665 -19
939 272 -19
939 914 28
939 940 19
272 631 -13
272 271 8
914 888 -8
940 942 19
520 164 13
520 518 -19
520 522 -8
56 718 8
372 27 -28
372 712 19
372 398 8
27 683 28
712 714 13
712 710 8
398 738 13
398 52 -19
637 278 28
278 945 8
492 142 13
467 802 -19
467 465 -19
467 114 -28
525 526 8
1 2 -13
1 660 -13
302 303 28
873 538 -8
873 874 -28
94 442 19
94 96 19
474 448 13
665 666 28
303 305 13
709 683 -8
709 710 19
709 52 -13
76 78 -28
718 716 -13
716 714 19
394 49 8
394 420 13
394 734 8
394 395 -8
49 47 -8
420 760 8
395 731 13
395 397 13
5 664 -8
168 145 28
168 834 8
168 169 8
120 145 28
120 121 -13
120 783 8
120 95 -13
471 470 -13
471 806 -19
871 207 -28
871 845 19
871 872 -19
207 205 -13
845 182 13
872 870 19
872 874 -19
271 942 -8
632 631 19
121 470 -8
121 780 13
782 447 13
782 757 19
782 783 8
273 249 -8
165 164 -13
165 163 19
165 167 28
518 853 8
518 516 -13
535 182 -28
535 509 28
535 874 -28
480 130 28
181 182 19
181 848 -8
181 538 19
874 876 28
851 852 -13
851 188 19
851 516 28
851 826 28
250 249 -13
250 252 28
249 225 19
225 893 -19
47 392 -13
256 254 8
534 177 -8
177 178 -13
177 844 19
142 140 28
142 802 -28
570 212 8
631 605 -8
325 661 28
325 327 -13
664 663 -8
664 666 28
53 55 8
53 52 -19
374 714 19
3 4 28
462 488 -19
488 513 -19
488 489 28
4 2 -8
470 809 28
470 444 -19
893 892 13
893 891 -8
145 809 -28
540 538 28
540 183 19
538 537 -19
183 184 19
183 850 28
867 892 -19
892 558 -28
442 781 -19
891 889 -13
891 553 -28
891 890 8
513 852 19
852 850 28
167 169 13
531 178 13
531 870 28
558 556 19
186 188 8
186 184 8
186 849 13
184 182 28
184 537 19
849 850 8
849 824 -8
97 449 -13
97 98 13
97 760 -28
785 783 -19
448 449 -8
783 781 19
783 444 19
537 876 -19
942 605 28
252 254 -19
347 683 -13
683 657 19
663 327 -28
663 689 -28
485 487 -19
487 489 19
487 486 -8
222 889 19
222 197 -8
222 247 13
464 803 8
464 465 -19
803 802 -8
803 139 13
465 800 28
848 509 28
848 850 28
447 445 -28
447 449 -13
447 95 -19
445 780 -8
445 444 28
95 96 8
889 888 19
888 224 19
888 863 19
888 554 -8
826 800 -19
826 163 -8
489 824 8
601 627 -8
627 653 -13
140 139 8
140 800 28
139 114 13
800 774 -19
806 780 -13
321 657 13
321 320 28
444 96 19
515 163 -13
515 516 -13
988 986 -28
988 316 -8
988 990 -28
986 314 -28
316 317 13
990 653 19
990 318 19
990 989 19
780 781 8
114 777 28
657 658 -8
657 2 -19
658 660 13
319 317 -19
319 318 13
731 757 13
397 396 19
320 660 -8
757 98 8
98 96 13
458 797 -13
486 136 -13
797 799 -19
553 554 -28
774 439 -19
863 528 19
554 556 -19
554 197 19
890 556 28
798 824 -8
798 799 19
989 656 -19
655 656 28
529 530 13
130 132 -13
530 528 8
