982 981 8
982 310 -13
982 980 -28
982 984 -13
982 645 19
981 313 19
981 955 -13
981 648 -8
310 285 -13
310 311 -19
980 978 -19
980 308 8
980 643 8
980 979 -8
984 312 19
984 647 19
984 986 -8
984 983 13
645 619 -13
645 646 -28
645 286 28
137 801 -28
137 160 28
137 491 -8
137 138 19
137 112 8
801 462 13
801 800 -13
801 803 13
801 799 19
160 185 13
160 161 -8
160 516 13
160 827 -28
491 493 -19
491 490 28
491 826 28
491 489 -13
138 140 -19
138 488 -13
138 136 19
138 798 -19
112 113 -19
112 465 19
112 775 -28
112 87 -19
592 233 -13
592 590 19
592 591 -8
592 594 28
592 925 8
233 234 28
233 208 -13
233 901 -19
233 257 -28
590 588 8
590 589 -19
590 231 -13
590 923 -13
591 565 19
591 617 28
591 928 -13
591 236 13
594 235 -8
594 596 8
594 927 28
594 593 19
925 259 -8
925 900 28
925 951 28
925 926 8
338 339 13
338 364 -28
338 678 -19
339 675 -28
339 337 -8
339 341 28
364 20 8
364 704 8
364 390 28
364 365 28
678 676 -28
678 19 28
678 680 -28
678 677 -8
414 388 -28
414 754 19
414 415 -19
414 440 19
414 67 -13
388 728 -8
388 362 28
388 389 13
388 43 13
754 91 19
754 756 -28
754 752 -13
754 753 19
415 417 8
415 751 -28
415 413 28
415 64 -19
440 441 -13
440 779 28
440 466 28
440 92 19
67 69 -19
67 65 8
67 725 8
67 66 -13
817 478 -8
817 815 13
817 816 19
817 819 -8
478 503 -19
478 452 -8
478 479 28
478 128 -8
815 150 -13
815 814 28
815 813 8
815 476 -13
816 154 -8
816 481 19
816 790 8
816 841 -28
819 818 19
819 153 28
819 821 8
819 480 28
149 124 13
149 502 -28
149 813 13
149 172 8
124 787 -13
124 99 -28
124 477 8
502 501 -8
502 837 -19
502 504 28
813 812 8
172 197 -13
172 528 -8
172 838 13
417 66 8
417 753 -13
417 416 -13
417 419 -19
66 728 13
66 42 -28
753 727 8
753 778 -28
753 94 -28
416 69 -19
416 756 28
416 390 -8
416 442 28
419 755 -13
419 418 19
419 68 13
419 421 28
382 37 19
382 722 -8
382 408 -13
382 383 -19
382 356 -8
37 36 28
37 35 -28
37 39 -28
37 693 19
722 724 -13
722 60 28
722 721 8
722 720 28
408 434 -8
408 748 28
408 409 8
408 61 -8
383 381 -28
383 719 8
383 34 -13
383 385 -19
356 357 13
356 12 8
356 330 -19
356 696 13
765 763 13
765 102 -13
765 764 -19
765 767 -28
765 426 -13
763 762 -13
763 424 13
763 100 -8
102 127 8
102 77 8
102 103 13
102 455 -13
764 739 8
764 429 -8
764 790 8
764 105 -19
767 428 -19
767 104 13
767 766 28
767 769 8
426 427 8
426 400 -28
426 452 28
426 78 -13
179 536 -28
179 204 -8
179 180 28
179 846 28
179 155 19
536 871 -19
536 534 19
536 535 8
536 538 -8
204 562 -13
204 229 -28
204 872 -19
204 205 28
180 533 19
180 182 -13
180 178 8
180 843 -19
846 507 -19
846 848 28
846 844 8
846 845 13
155 510 -8
155 131 -13
155 821 -19
630 963 -28
630 629 -13
630 628 -19
630 268 28
963 937 -13
963 964 19
963 989 8
629 603 -19
629 655 19
628 961 -28
628 626 -13
628 266 19
628 627 13
268 269 13
268 293 28
268 245 -8
268 938 -13
269 267 -28
269 627 13
269 935 -13
293 318 -13
293 294 8
293 656 13
293 964 13
245 913 -13
245 220 -28
245 246 -28
245 604 13
938 937 -19
938 936 19
938 601 28
36 696 19
36 11 8
36 385 13
36 60 -8
696 695 13
696 698 -8
696 694 8
11 12 -19
11 670 -13
11 359 -13
385 387 -8
385 721 -28
385 384 -13
60 85 -8
60 61 8
60 411 -8
20 18 13
20 675 13
20 22 -28
20 19 13
18 16 -28
18 362 28
18 673 -19
18 17 -8
675 701 8
675 676 -28
22 366 28
22 21 -13
22 677 -19
22 24 -28
19 367 13
19 44 28
239 907 -13
239 598 13
239 240 -19
239 214 13
239 262 -28
907 909 -8
907 905 -28
907 569 19
907 906 -8
598 600 13
598 931 13
598 597 8
598 596 -8
240 238 -19
240 595 -8
240 242 -19
240 904 -13
214 882 -19
214 572 -19
214 215 -28
214 189 19
262 263 -28
262 932 8
262 287 8
262 624 -19
461 463 -8
461 460 13
461 459 19
461 108 19
461 796 -28
463 110 -8
463 462 -28
463 465 -8
463 798 -8
460 111 19
460 434 28
460 486 -8
460 799 28
459 794 8
459 457 -13
459 106 13
459 458 28
108 771 -28
108 83 -8
108 133 -28
108 109 13
796 797 -28
796 822 28
796 770 13
796 136 -13
771 769 28
771 773 -13
771 770 8
771 432 -28
83 84 13
83 58 8
83 746 19
83 435 -19
133 487 28
133 797 -8
133 134 8
133 156 -8
109 111 -28
109 107 -8
109 458 -13
109 768 19
701 365 -19
701 727 19
701 702 -28
701 45 8
365 367 19
365 363 -19
365 17 13
727 728 -19
727 69 -19
727 391 8
702 42 -28
702 700 -13
702 362 -19
702 704 -13
45 43 28
45 390 -13
45 44 -19
45 47 13
910 935 -8
910 911 -8
910 885 -28
910 246 -13
910 576 19
935 961 -13
935 936 19
935 602 19
911 909 -28
911 573 13
911 913 -8
911 243 -28
885 550 13
885 886 19
885 859 8
885 221 19
246 244 -13
246 601 13
576 574 19
576 218 19
576 575 19
576 578 13
428 80 -28
428 454 28
428 429 -13
428 402 19
80 739 -28
80 79 -8
80 82 -8
80 78 -8
454 480 19
454 455 13
454 793 19
454 105 28
429 427 -8
429 77 -8
429 431 -13
402 403 28
402 55 19
402 376 -13
402 742 8
111 110 13
111 770 -19
111 113 28
110 85 28
110 135 28
110 773 -28
770 745 -19
770 435 -8
113 462 19
113 772 28
113 115 28
285 286 28
285 956 -8
285 260 13
285 648 -28
311 313 -19
311 309 28
311 979 28
313 312 -19
313 315 -19
312 287 19
315 314 19
315 983 8
315 317 13
685 29 8
685 686 -13
685 711 -19
685 349 8
685 659 -8
29 31 -28
29 374 -19
29 28 13
29 27 -28
686 26 -28
686 684 28
686 688 -28
686 346 28
711 737 19
711 375 -8
711 53 -8
711 712 19
349 351 -8
349 347 19
349 348 28
349 1 13
659 323 19
659 660 -28
659 4 -8
63 61 8
63 65 19
63 410 13
63 62 28
63 721 -8
61 59 -13
61 719 -8
65 64 -28
65 412 -8
65 723 -19
410 411 -13
410 384 -8
410 750 13
410 436 -8
62 413 -13
62 724 19
62 38 -8
62 87 19
721 695 19
721 747 -19
745 86 28
745 719 -13
745 746 19
745 409 -19
86 434 -8
86 85 13
86 88 13
86 84 -28
719 693 19
719 720 -19
746 406 8
746 744 -8
746 748 -8
409 58 -8
409 407 -13
409 411 19
506 504 19
506 508 -13
506 841 8
506 505 19
504 150 -19
504 503 -8
504 839 -13
508 507 -8
508 510 8
508 843 28
508 153 19
841 867 19
841 842 13
841 178 13
505 154 8
505 480 -8
505 844 -28
505 531 28
600 933 -8
600 602 28
600 241 -8
600 599 -28
931 265 13
931 906 28
931 957 -19
931 932 19
597 571 28
597 623 -8
597 934 -28
597 242 -28
596 237 28
596 929 28
596 595 -28
344 370 19
344 345 28
370 396 13
370 371 -19
345 343 -28
345 681 -8
728 730 -28
728 726 -13
730 390 -28
730 68 -28
730 732 8
730 729 -19
726 724 19
726 64 8
726 725 -13
726 386 13
955 288 -13
955 956 28
955 929 -8
955 622 8
288 290 -28
288 286 19
288 647 13
288 287 -13
956 619 8
956 954 28
956 958 8
929 263 8
929 930 8
929 904 28
622 620 8
622 260 28
622 624 -13
622 621 28
154 152 13
154 153 19
152 814 8
152 151 -8
152 503 -19
153 177 13
153 129 -19
565 211 28
565 903 -19
565 566 8
565 539 -28
211 210 -8
211 213 13
211 209 8
211 875 -28
903 235 13
903 901 -28
903 905 13
903 902 28
566 568 8
566 900 28
566 564 -8
566 208 -28
539 540 -19
539 513 -19
539 186 28
539 878 -19
507 482 -28
507 533 -13
510 512 28
510 845 -8
510 509 28
843 818 28
843 869 -28
843 844 8
823 822 28
823 484 -19
823 821 19
823 825 13
823 156 -28
822 159 -19
822 487 -28
822 847 -8
484 485 -8
484 134 -28
484 458 8
484 509 -19
821 482 -8
821 820 -19
825 486 -13
825 827 -13
825 158 8
825 824 -19
156 512 8
156 181 -19
156 157 -13
788 814 -13
788 453 -28
788 762 -19
788 128 -19
788 789 -13
814 479 13
814 839 19
453 451 -13
453 100 -13
453 452 8
453 455 -19
762 427 13
762 103 28
762 737 -28
128 127 -28
128 126 8
128 130 19
789 450 -28
789 791 8
789 787 -28
789 125 -28
210 878 28
210 185 28
210 568 19
210 235 -13
878 877 8
878 880 8
878 876 8
185 186 -19
185 542 -19
185 852 28
568 567 19
568 902 -19
568 570 28
235 258 -8
235 236 28
423 759 19
423 421 19
423 72 -19
423 422 -8
759 784 28
759 760 -28
759 733 -19
421 757 19
421 70 28
421 420 -19
72 48 8
72 97 -19
72 73 28
72 734 28
422 396 -19
422 448 -8
362 363 8
362 336 -19
389 387 -8
389 725 -8
389 391 -8
389 40 -13
43 42 -8
43 41 -19
43 699 8
769 106 8
769 768 8
769 430 -8
773 434 8
773 775 19
773 772 -13
432 406 -8
432 84 28
432 458 -13
432 433 13
881 906 28
881 546 -13
881 882 13
881 217 8
881 855 -19
906 242 28
906 572 13
546 544 19
546 545 13
546 548 8
546 189 -13
882 543 -28
882 884 8
882 880 -19
217 571 13
217 216 28
217 219 -28
217 215 -13
855 856 -8
855 192 8
855 830 28
855 520 -13
644 643 -19
644 977 19
644 646 -19
644 281 -8
644 642 -8
643 284 -8
643 617 28
977 978 8
977 951 -8
977 309 -28
646 979 28
646 283 -13
646 648 -8
281 306 -8
281 952 -13
281 282 -8
281 257 19
642 975 8
642 640 -28
642 279 8
642 641 13
42 391 28
42 17 -8
391 390 8
391 393 8
17 676 -8
866 527 -19
866 864 -28
866 868 -13
866 865 -13
866 198 13
527 501 -8
527 553 13
527 528 8
527 174 -13
864 197 8
864 863 19
868 867 -13
868 529 8
868 870 13
868 200 19
865 201 -28
865 530 13
865 890 -19
865 839 8
198 223 28
198 556 8
198 173 8
198 199 -13
284 283 8
284 286 19
284 282 -13
284 951 8
283 258 -13
283 954 -19
283 308 -8
286 953 -13
282 641 -8
282 949 8
282 280 19
951 952 19
951 618 -28
707 371 8
707 708 8
707 681 13
707 733 8
371 369 28
371 23 8
708 706 19
708 368 13
708 48 -28
681 682 -13
733 734 13
733 397 19
434 435 -19
435 433 -13
435 437 19
259 617 -13
259 258 -8
259 261 -8
900 875 8
900 236 -13
900 901 -19
926 589 -8
926 924 -8
926 928 -13
926 257 -28
117 466 -28
117 116 -8
117 119 -8
117 115 -19
117 776 8
466 805 19
466 492 -28
466 467 13
116 91 -8
116 469 -19
116 779 8
116 141 -13
119 468 28
119 778 28
119 121 28
119 118 13
115 464 -19
115 774 8
115 114 -19
776 751 -8
776 777 -13
776 441 8
776 802 13
85 437 19
85 748 -8
437 436 -13
437 772 -28
437 439 -8
748 750 28
748 747 19
69 68 -28
69 71 -28
68 44 8
68 93 -28
71 73 19
71 70 -8
71 729 28
71 418 28
751 725 -13
751 752 -19
751 92 -13
725 699 19
752 750 -8
752 412 13
752 89 -8
92 91 8
92 90 -28
92 94 -28
512 514 8
512 847 19
512 511 -13
514 513 8
514 849 13
514 158 13
514 516 13
847 873 19
847 848 13
847 184 8
511 159 19
511 537 28
511 486 8
511 850 -13
503 842 13
503 529 19
452 791 19
452 103 28
479 481 28
479 477 13
479 125 -13
969 943 -19
969 301 19
969 636 -8
969 970 8
943 276 28
943 944 19
943 610 8
943 918 8
301 300 -8
301 303 -13
301 299 28
636 635 8
636 634 13
636 273 -19
636 638 19
970 633 28
970 972 19
970 968 28
970 298 8
961 294 -19
961 987 8
961 962 28
294 292 -28
294 653 13
987 988 -28
987 319 8
987 654 -28
962 960 8
962 625 8
962 964 13
962 291 -8
159 157 8
159 161 19
159 158 8
157 820 19
157 509 -13
161 513 28
161 824 -28
161 163 13
158 135 -28
158 183 -28
571 909 -8
571 572 13
571 545 19
909 241 -19
909 908 -13
572 574 13
572 570 -13
545 519 -8
545 192 -19
545 884 -8
127 791 28
127 481 28
791 790 28
791 793 -19
481 480 28
481 483 -19
829 490 -28
829 831 -13
829 828 -28
829 162 28
829 827 -19
490 464 8
490 140 -13
490 515 19
831 164 13
831 492 -19
831 830 28
831 832 -8
828 165 19
828 493 -8
828 802 -19
828 853 8
162 518 19
162 139 28
162 187 -28
162 163 -8
827 826 8
827 488 28
574 908 28
574 216 -28
574 573 13
908 883 19
908 244 8
908 933 28
216 241 8
216 884 -28
216 191 -13
573 219 -13
573 599 -8
573 547 -8
794 768 -19
794 795 -8
794 820 -13
794 134 28
768 433 8
768 743 -19
795 793 8
795 456 -19
795 797 -19
795 131 -19
820 485 28
820 845 13
134 136 19
134 132 19
241 264 -13
241 242 28
884 883 13
884 886 -13
191 192 13
191 858 28
191 166 28
191 548 -28
581 555 13
581 607 19
581 226 8
581 919 13
581 582 13
555 201 -13
555 893 8
555 556 19
555 529 28
607 633 19
607 608 8
607 944 -28
607 250 13
226 225 28
226 228 19
226 224 -8
226 890 -13
919 917 28
919 918 13
919 920 -13
582 580 -19
582 584 -28
582 916 28
582 223 -19
404 57 -28
404 744 -13
404 405 28
404 378 -8
404 430 -28
57 59 -28
57 55 -13
57 715 13
57 56 -19
744 81 -8
744 742 -19
744 743 8
405 407 -13
405 741 -19
405 403 -28
405 54 -19
378 379 8
378 352 13
378 718 -28
378 33 -13
430 431 -8
430 456 28
430 82 8
650 652 -28
650 648 8
650 983 -8
650 649 -8
650 287 8
652 289 -8
652 985 -19
652 654 13
652 651 13
648 647 13
983 957 8
649 290 8
649 623 -19
649 986 -8
287 958 -8
201 199 -13
201 203 13
201 200 8
199 863 8
199 553 -13
203 867 -13
203 557 -8
203 202 -8
203 205 -28
200 175 -19
200 225 13
200 558 13
617 954 -19
617 618 8
954 953 -13
954 952 28
618 620 28
618 616 8
618 257 -19
290 292 13
290 289 13
290 957 19
292 291 -19
292 959 28
292 651 -8
289 264 28
289 960 19
957 624 13
957 958 8
406 407 -19
406 59 -13
406 380 8
407 56 -19
407 743 -19
59 58 13
59 717 -28
380 381 -8
380 35 -19
380 354 28
380 720 -28
355 353 -8
355 691 -8
355 357 8
355 7 -8
355 354 13
353 352 28
353 351 28
353 689 -19
353 5 8
691 35 19
691 665 8
691 717 -13
691 692 -28
357 359 28
357 693 13
357 9 28
7 32 -28
7 8 13
7 666 13
354 328 -8
354 10 -19
354 694 -19
258 620 -28
258 928 -28
620 619 28
620 953 -19
928 930 -28
928 927 19
441 443 -19
441 439 8
441 89 13
779 778 -28
779 781 8
779 777 -8
619 593 19
619 261 -19
593 567 -28
593 238 -19
593 930 13
261 263 8
261 927 8
261 260 19
265 623 -13
265 264 -8
265 267 -13
265 263 -19
932 934 13
932 930 13
932 595 -19
91 443 -13
443 778 -8
443 445 -13
443 442 8
450 476 13
450 101 -28
450 451 13
450 424 19
476 501 -19
476 126 28
476 477 -13
101 761 -13
101 103 8
101 100 13
451 99 28
451 786 19
424 425 -19
424 398 28
424 76 -19
544 187 19
544 879 13
544 542 -28
544 543 19
187 212 -13
187 188 -28
187 854 8
879 904 8
879 853 13
879 880 -8
879 215 -8
542 877 13
542 540 28
542 541 -28
543 517 -13
543 190 -19
543 569 8
917 248 -8
917 579 19
917 915 -13
917 916 -19
248 608 -28
248 271 -8
248 223 -19
579 580 -28
579 224 19
579 553 28
579 605 28
915 247 -19
915 914 -19
916 250 8
916 941 28
916 890 19
300 275 13
300 972 28
275 638 13
275 276 -19
275 251 -28
275 946 -19
972 635 -19
972 974 -19
972 971 28
975 949 -19
975 307 8
975 976 8
949 616 -28
949 950 13
949 923 -8
307 306 -13
307 309 -19
307 305 19
976 978 -8
976 974 28
976 639 -8
976 304 8
577 578 8
577 551 28
577 603 -19
578 220 28
578 912 28
551 552 -8
551 525 -13
603 604 -19
978 641 -13
978 306 -13
641 615 -13
588 587 -8
588 921 13
588 586 28
588 229 -8
587 232 8
587 613 -8
587 924 8
587 561 8
921 922 28
921 896 28
921 947 8
921 256 19
586 227 -8
586 585 8
586 584 8
229 897 8
229 253 -19
229 230 -8
790 130 8
790 455 -13
793 129 -13
793 792 -19
411 413 8
411 747 -28
384 724 19
384 358 -8
384 39 -19
750 87 8
750 749 -8
436 88 -19
436 462 -28
436 775 -13
413 749 13
413 412 -8
749 90 8
749 723 28
749 774 19
412 386 19
412 438 -28
812 477 13
812 837 28
812 151 28
812 786 13
837 863 -13
837 838 28
837 174 -8
151 501 28
151 150 8
786 787 13
786 126 -8
786 761 13
623 960 -28
623 624 -8
960 959 8
960 958 -8
624 626 -28
175 842 13
175 176 13
175 532 8
842 840 -8
842 844 13
176 529 -28
176 178 -8
176 174 -13
176 839 -8
532 534 19
532 867 -13
532 530 19
532 531 28
361 13 -28
361 359 -28
361 697 -28
361 363 19
361 360 19
13 38 -28
13 672 -28
13 14 19
359 695 -19
359 358 -13
697 41 8
697 671 28
697 723 28
697 698 -19
363 699 19
363 15 -19
360 16 13
360 334 28
360 700 13
360 386 13
626 625 19
626 264 13
626 959 8
625 267 13
625 651 -13
625 599 -19
264 934 28
959 933 8
959 985 13
472 811 28
472 473 -8
472 498 -28
472 123 8
472 446 28
811 147 28
811 810 19
811 809 -8
473 808 28
473 120 19
473 475 -19
473 471 19
498 148 -28
498 523 -19
498 836 -13
123 121 -13
123 782 -8
123 122 -13
446 785 -19
446 447 8
446 98 19
446 420 -8
934 933 -13
934 936 -8
633 634 8
633 274 19
634 271 28
634 967 -13
634 632 28
274 941 -13
274 276 19
274 273 19
274 272 -19
676 674 -8
676 336 19
16 15 -19
16 14 -28
16 671 -28
15 674 19
15 40 28
14 358 8
14 12 8
14 669 -19
671 335 -13
671 672 -13
937 912 19
937 604 -19
912 913 -19
604 602 19
267 933 13
267 266 13
266 243 28
266 936 -13
266 291 8
457 104 -13
457 455 8
457 456 13
457 792 8
104 79 8
104 105 -13
104 129 19
456 107 19
456 482 -13
792 818 -13
792 132 13
792 766 28
79 431 -8
79 742 28
79 54 19
105 107 19
105 103 -8
129 130 -13
129 483 -13
680 340 -13
680 682 -13
680 21 8
680 679 28
677 703 -8
677 341 13
550 193 -8
550 552 28
550 549 28
550 548 -8
193 860 19
193 218 -19
193 194 13
193 168 -8
552 195 -19
549 523 -28
549 196 13
549 887 28
549 575 -19
548 883 -13
548 547 8
88 87 -28
88 90 19
88 747 -28
87 439 13
90 438 13
90 89 -19
747 772 -19
106 131 8
106 81 -28
106 107 -13
131 485 13
131 132 19
81 433 13
81 82 13
81 56 -19
107 766 -28
58 720 8
58 34 -19
717 381 -28
717 718 -19
717 743 -8
148 146 -28
148 147 28
148 808 8
146 496 8
146 145 -13
146 144 -8
146 806 28
147 500 8
147 170 -19
147 122 28
808 809 19
808 782 -19
927 902 -28
927 953 -13
340 341 -13
340 366 -28
341 343 -8
366 367 -13
366 706 28
366 392 -13
724 723 13
723 387 -13
501 840 13
840 838 19
840 173 -8
840 839 -8
150 125 19
150 173 -19
125 126 -13
125 100 -28
173 530 19
173 174 8
755 756 8
755 729 -28
755 780 -19
755 96 -13
418 392 28
418 444 13
418 758 13
818 483 19
483 485 -19
483 482 28
766 431 -8
766 741 8
640 973 -28
640 277 8
640 639 -13
640 638 -28
973 974 8
973 305 -28
973 947 19
277 948 28
277 302 8
277 278 13
277 253 -19
639 280 19
639 613 -28
638 637 -28
638 971 8
367 703 -19
367 369 -8
703 729 28
703 47 -13
703 704 13
369 21 -13
369 705 13
369 368 -8
44 704 -13
44 393 13
682 23 13
682 342 -28
23 48 -19
23 24 -8
342 343 -19
342 368 -19
38 698 -13
38 387 8
38 39 28
698 358 -28
698 700 13
387 386 -8
39 41 28
39 695 28
860 858 8
860 521 -8
860 862 -13
860 859 13
858 856 28
858 519 19
858 857 8
521 547 19
521 496 -28
521 522 13
521 169 8
862 523 19
862 861 8
862 195 -8
859 196 28
859 833 13
859 524 -8
21 46 19
24 679 -19
24 368 13
135 489 -28
135 136 -8
135 799 -13
279 304 28
279 280 13
279 255 13
279 950 -19
304 305 8
280 947 -19
280 278 -28
255 231 -13
255 616 -13
255 924 19
255 256 -19
950 948 8
950 613 -13
950 952 28
232 231 19
232 234 13
232 230 -13
232 896 28
231 899 13
231 206 8
234 589 8
234 898 19
234 236 -19
230 585 -19
230 894 13
230 228 19
896 562 -13
896 871 13
896 897 -13
901 899 -13
901 563 8
905 567 -28
905 904 -28
905 237 -28
902 238 8
902 877 28
523 171 -13
523 524 8
171 833 13
171 170 19
171 169 -13
524 168 -8
524 526 -28
524 522 19
64 89 -13
64 40 -8
602 601 28
602 243 -19
599 244 28
599 936 -8
732 70 19
732 392 -19
732 731 8
732 734 -8
729 393 -19
337 336 -19
337 335 13
337 673 8
335 333 13
335 334 -28
673 674 8
673 699 8
482 132 -13
533 534 -8
533 559 8
533 872 19
567 213 13
567 541 -8
213 877 -28
213 212 -28
213 215 13
541 515 -19
541 188 19
541 880 -13
948 611 -19
948 947 8
948 946 -8
611 585 -8
611 637 -19
611 254 -28
611 612 19
947 614 28
946 945 -19
946 944 -28
946 609 28
775 774 -13
775 777 19
772 798 8
196 195 19
196 194 -8
195 220 -28
195 170 -13
194 192 -19
194 547 8
194 857 -19
883 857 28
883 219 -8
857 522 19
219 218 -28
219 221 19
381 379 8
381 32 13
379 377 19
379 30 19
379 715 13
32 56 -28
32 33 -28
32 692 19
979 953 -13
308 309 13
35 33 -8
35 34 8
33 31 -13
33 689 -19
34 9 -28
34 694 -28
238 236 -8
238 237 8
237 212 -19
237 260 13
350 324 -19
350 351 19
350 690 -8
350 376 -13
350 6 28
324 325 8
324 664 8
351 3 -19
351 687 -19
690 30 -19
690 692 -19
690 689 28
690 688 8
376 377 -13
376 31 -19
376 716 -28
6 8 13
6 5 13
6 4 8
6 661 19
427 75 28
427 425 13
75 100 -8
75 51 13
75 76 -19
75 738 28
425 761 -8
425 74 19
73 420 28
73 731 -28
70 46 8
70 95 19
742 741 28
742 740 19
743 84 -13
343 679 28
679 705 19
547 886 19
952 615 13
218 243 -28
218 886 -13
243 244 28
886 887 19
583 584 28
583 557 8
583 228 -13
583 609 -13
583 920 13
584 225 28
584 918 13
557 895 -8
557 531 28
557 558 -8
228 227 13
228 892 -28
609 635 -28
609 610 13
609 252 19
920 251 28
920 922 8
386 41 -19
985 986 8
985 317 -13
654 653 -13
654 291 28
654 656 19
651 988 -13
328 329 -19
328 668 -8
10 9 28
10 8 19
10 665 -28
10 12 19
694 693 13
694 692 -28
41 40 8
40 700 8
291 316 -8
693 667 -13
9 668 13
668 666 -19
668 670 -13
668 667 8
244 242 -13
706 705 -28
706 46 -28
706 704 -19
705 49 13
705 731 19
46 395 8
46 47 13
672 674 19
672 332 -13
672 670 8
517 856 13
517 165 8
517 518 -28
517 492 19
190 192 8
190 188 -28
190 853 28
190 189 13
569 570 28
569 215 -8
569 595 28
674 334 -19
84 82 -8
82 741 13
519 494 -28
519 167 -28
519 520 13
495 493 8
495 830 -8
495 494 -28
495 141 -13
495 497 19
493 492 13
493 139 -8
830 804 -28
830 167 -13
494 468 8
494 832 13
494 144 28
141 164 19
141 805 -28
141 142 -28
497 496 19
497 143 28
613 614 13
613 256 -13
924 923 -28
924 922 -13
561 899 28
561 562 -13
561 207 13
561 535 13
958 621 13
589 615 -13
589 563 13
615 616 28
563 564 13
563 537 -19
563 209 -28
438 464 -8
438 777 28
438 439 13
761 735 -8
735 736 28
735 399 19
735 709 28
735 76 -19
887 220 19
699 700 8
737 401 -8
737 78 13
737 738 28
856 189 13
856 854 -13
189 164 -19
854 852 -13
854 515 -28
854 853 -8
635 276 -8
276 278 28
575 601 -28
575 913 -8
575 221 19
25 684 -28
25 50 8
25 373 -19
25 0 28
684 683 -13
50 74 13
50 399 -8
50 710 19
373 372 -19
373 709 -19
373 375 -13
0 347 -28
0 658 -8
251 227 -28
251 252 28
251 612 13
89 114 8
836 170 -19
836 835 -28
836 834 -28
899 898 -8
899 897 28
898 923 -8
898 873 28
898 564 -19
897 895 -13
897 559 28
227 895 -8
227 202 28
895 894 -28
895 893 -19
202 560 -8
202 177 -8
202 870 -19
756 758 -13
756 93 -28
758 757 28
758 95 -28
758 760 8
93 445 19
93 118 19
93 94 19
720 718 8
500 835 13
500 499 28
835 810 8
835 861 8
499 474 -19
499 525 19
170 526 -8
122 97 -28
122 785 -13
122 475 -13
595 621 -8
333 332 -8
333 669 -19
333 331 13
332 358 -13
669 695 -19
669 670 8
331 330 -28
331 667 28
331 329 28
944 273 28
944 942 19
610 608 -8
610 249 -28
610 612 19
918 892 -28
918 252 8
833 834 13
377 28 19
377 375 -19
377 713 -8
28 3 -13
28 688 -8
375 26 13
375 374 -19
713 739 8
713 714 28
713 55 19
713 687 8
861 526 -13
263 621 -19
621 647 19
31 687 -8
31 30 -13
687 661 13
687 688 -19
30 5 -28
30 54 -8
206 564 13
206 181 13
206 874 -28
206 207 28
715 741 8
715 716 -28
715 689 -19
877 851 -28
904 570 28
393 395 -28
393 392 13
74 736 -19
74 99 19
736 738 28
739 403 28
739 740 28
403 401 8
740 400 -8
740 77 28
740 738 -13
616 614 -19
220 221 8
562 564 28
562 560 -19
560 894 -13
560 559 -8
560 558 -19
352 8 -13
352 692 -8
352 326 -19
8 663 -19
326 666 13
326 327 -8
77 78 13
431 433 13
608 606 13
608 941 -28
606 247 -19
606 605 -13
941 967 -28
941 942 8
26 1 -13
26 51 28
26 27 -28
688 348 13
346 372 -28
346 347 -28
346 2 -19
346 320 -28
54 55 -19
54 716 8
804 469 28
804 778 19
804 144 -19
804 805 19
469 468 28
469 467 8
469 471 13
144 143 8
144 142 19
805 803 -8
805 807 13
208 183 -8
208 876 -28
208 209 -13
585 559 19
585 922 -28
559 205 8
922 253 13
209 873 -13
209 207 -8
875 540 -19
875 849 19
875 876 19
966 965 28
966 295 8
966 968 8
965 297 -28
965 939 -8
965 632 -8
295 270 13
968 296 -8
968 967 -19
968 631 -8
322 323 -8
322 348 -28
322 662 28
323 325 13
323 321 -28
348 374 -19
348 4 -19
662 661 -19
662 664 19
662 660 -8
662 3 28
880 212 19
12 667 -28
330 670 8
401 399 13
401 51 -8
401 400 13
399 398 -19
51 712 8
51 52 28
400 53 -8
400 374 -8
368 394 8
48 397 -13
48 49 8
614 253 19
614 612 28
253 254 19
612 945 13
468 442 -8
468 807 -28
832 166 -28
832 834 28
496 470 13
496 834 13
143 807 -13
143 118 28
143 166 -13
930 260 -28
894 869 -19
869 534 13
869 870 -8
869 205 13
807 809 -8
807 806 28
118 471 -13
118 781 19
166 522 19
166 167 28
298 299 -13
298 273 -8
270 940 -13
270 632 13
270 247 13
964 627 -28
810 475 -13
810 784 -13
475 474 -8
784 785 13
784 449 -13
297 299 19
297 296 13
299 967 19
296 271 19
974 637 8
974 302 13
971 303 19
971 945 -13
580 222 -28
580 914 -19
223 224 28
223 891 -8
329 327 13
329 665 19
939 272 8
939 914 -8
939 940 -19
272 631 -8
272 271 -8
914 888 -13
940 942 -19
520 164 -8
520 518 8
520 522 13
56 718 28
372 27 19
372 712 8
372 398 -13
27 683 8
712 714 -13
712 710 19
398 738 8
398 52 -8
637 278 -19
278 945 13
492 142 -8
467 802 13
467 465 -28
467 114 13
525 526 -28
1 2 -28
1 660 -19
302 303 19
873 538 28
873 874 13
94 442 -19
94 96 28
474 448 8
665 666 19
303 305 -13
709 683 13
709 710 -8
709 52 19
76 78 -28
718 716 13
716 714 19
394 49 13
394 420 -13
394 734 -19
394 395 -19
49 47 8
420 760 -8
395 731 13
395 397 13
5 664 -28
168 145 -13
168 834 13
168 169 19
120 145 28
120 121 19
120 783 8
120 95 -19
471 470 8
471 806 19
871 207 13
871 845 28
871 872 -19
207 205 -19
845 182 19
872 870 19
872 874 8
271 942 8
632 631 8
121 470 -13
121 780 8
782 447 8
782 757 8
782 783 -13
273 249 8
165 164 19
165 163 19
165 167 13
518 853 -19
518 516 8
535 182 28
535 509 13
535 874 8
480 130 -13
181 182 19
181 848 8
181 538 19
874 876 -8
851 852 -28
851 188 28
851 516 -8
851 826 -19
250 249 8
250 252 -19
249 225 -28
225 893 28
47 392 -8
256 254 19
534 177 8
177 178 8
177 844 8
142 140 8
142 802 -13
570 212 -13
631 605 13
325 661 -8
325 327 19
664 663 -13
664 666 -19
53 55 -28
53 52 19
374 714 -13
3 4 19
462 488 19
488 513 -19
488 489 -28
4 2 8
470 809 -13
470 444 28
893 892 28
893 891 -8
145 809 -28
540 538 -8
540 183 13
538 537 19
183 184 8
183 850 13
867 892 8
892 558 -8
442 781 19
891 889 -28
891 553 -8
891 890 8
513 852 28
852 850 8
167 169 19
531 178 19
531 870 -28
558 556 13
186 188 13
186 184 -8
186 849 8
184 182 19
184 537 -13
849 850 8
849 824 -13
97 449 -28
97 98 -28
97 760 19
785 783 13
448 449 -13
783 781 -8
783 444 -8
537 876 -19
942 605 28
252 254 -8
347 683 -13
683 657 -8
663 327 -8
663 689 13
485 487 -8
487 489 19
487 486 -13
222 889 19
222 197 -28
222 247 -19
464 803 -19
464 465 -28
803 802 13
803 139 -19
465 800 -8
848 509 8
848 850 13
447 445 13
447 449 -8
447 95 19
445 780 28
445 444 19
95 96 -13
889 888 -8
888 224 -28
888 863 19
888 554 -13
826 800 -8
826 163 19
489 824 28
601 627 -19
627 653 -19
140 139 8
140 800 -8
139 114 -13
800 774 28
806 780 28
321 657 19
321 320 -28
444 96 -19
515 163 19
515 516 -13
988 986 -19
988 316 -19
988 990 13
986 314 -8
316 317 28
990 653 -19
990 318 -28
990 989 -19
780 781 8
114 777 13
657 658 19
657 2 8
658 660 -13
319 317 -13
319 318 -28
731 757 8
397 396 -28
320 660 13
757 98 -8
98 96 28
458 797 -8
486 136 -19
797 799 -28
553 554 8
774 439 -8
863 528 8
554 556 13
554 197 19
890 556 8
798 824 8
798 799 28
989 656 -8
655 656 -13
529 530 -28
130 132 -13
530 528 8
