982 981 13
982 310 28
982 980 -8
982 984 8
982 645 -19
981 313 -19
981 955 -28
981 648 -8
310 285 19
310 311 13
980 978 19
980 308 -13
980 643 -13
980 979 -19
984 312 19
984 647 8
984 986 -28
984 983 -13
645 619 13
645 646 19
645 286 19
137 801 28
137 160 8
137 491 -8
137 138 8
137 112 -8
801 462 -13
801 800 -13
801 803 -19
801 799 8
160 185 28
160 161 19
160 516 -28
160 827 -8
491 493 -28
491 490 -8
491 826 8
491 489 -13
138 140 13
138 488 19
138 136 8
138 798 28
112 113 8
112 465 8
112 775 8
112 87 -28
592 233 8
592 590 -13
592 591 19
592 594 13
592 925 13
233 234 8
233 208 -8
233 901 13
233 257 28
590 588 13
590 589 28
590 231 -19
590 923 -8
591 565 19
591 617 13
591 928 -19
591 236 19
594 235 13
594 596 13
594 927 -8
594 593 28
925 259 -19
925 900 28
925 951 -8
925 926 -19
338 339 8
338 364 19
338 678 -8
339 675 28
339 337 8
339 341 13
364 20 13
364 704 -13
364 390 -8
364 365 19
678 676 -8
678 19 8
678 680 -19
678 677 -13
414 388 28
414 754 8
414 415 -19
414 440 8
414 67 19
388 728 28
388 362 -19
388 389 -19
388 43 -19
754 91 8
754 756 -13
754 752 -19
754 753 19
415 417 19
415 751 -13
415 413 -19
415 64 8
440 441 -28
440 779 8
440 466 -28
440 92 -19
67 69 8
67 65 -13
67 725 19
67 66 -19
817 478 -28
817 815 -28
817 816 13
817 819 -28
478 503 13
478 452 -8
478 479 8
478 128 8
815 150 -28
815 814 -13
815 813 -13
815 476 8
816 154 13
816 481 -19
816 790 19
816 841 -19
819 818 13
819 153 -13
819 821 19
819 480 19
149 124 19
149 502 28
149 813 -19
149 172 -13
124 787 8
124 99 13
124 477 -28
502 501 -8
502 837 8
502 504 -19
813 812 19
172 197 19
172 528 28
172 838 -13
417 66 -8
417 753 13
417 416 -8
417 419 -8
66 728 28
66 42 -19
753 727 19
753 778 19
753 94 -19
416 69 13
416 756 -8
416 390 28
416 442 -8
419 755 19
419 418 8
419 68 -13
419 421 8
382 37 -8
382 722 -8
382 408 28
382 383 19
382 356 -8
37 36 -8
37 35 -28
37 39 8
37 693 -13
722 724 13
722 60 -28
722 721 -19
722 720 -8
408 434 19
408 748 8
408 409 -8
408 61 -13
383 381 -28
383 719 28
383 34 8
383 385 13
356 357 -19
356 12 -19
356 330 8
356 696 19
765 763 -13
765 102 19
765 764 8
765 767 19
765 426 -19
763 762 -28
763 424 -28
763 100 19
102 127 13
102 77 -19
102 103 -28
102 455 8
764 739 -13
764 429 13
764 790 28
764 105 -8
767 428 8
767 104 28
767 766 -8
767 769 8
426 427 13
426 400 -8
426 452 -28
426 78 -19
179 536 19
179 204 13
179 180 8
179 846 -28
179 155 28
536 871 19
536 534 -13
536 535 -13
536 538 -19
204 562 -19
204 229 -8
204 872 -19
204 205 13
180 533 19
180 182 -19
180 178 28
180 843 -8
846 507 13
846 848 19
846 844 -28
846 845 8
155 510 19
155 131 -8
155 821 13
630 963 -13
630 629 19
630 628 -28
630 268 -28
963 937 13
963 964 13
963 989 13
629 603 -13
629 655 28
628 961 -8
628 626 19
628 266 -8
628 627 19
268 269 -13
268 293 -28
268 245 19
268 938 -8
269 267 13
269 627 19
269 935 28
293 318 -13
293 294 19
293 656 -28
293 964 13
245 913 28
245 220 28
245 246 8
245 604 -19
938 937 19
938 936 13
938 601 -8
36 696 -8
36 11 13
36 385 28
36 60 -13
696 695 -8
696 698 -8
696 694 8
11 12 8
11 670 -28
11 359 -13
385 387 13
385 721 13
385 384 19
60 85 -28
60 61 -28
60 411 -28
20 18 8
20 675 -8
20 22 -8
20 19 19
18 16 8
18 362 19
18 673 -8
18 17 13
675 701 -28
675 676 28
22 366 8
22 21 8
22 677 8
22 24 -13
19 367 -8
19 44 -28
239 907 -13
239 598 19
239 240 -13
239 214 13
239 262 13
907 909 -19
907 905 19
907 569 -13
907 906 -28
598 600 19
598 931 -28
598 597 8
598 596 19
240 238 -19
240 595 19
240 242 19
240 904 -13
214 882 8
214 572 13
214 215 -19
214 189 13
262 263 13
262 932 28
262 287 -13
262 624 -8
461 463 19
461 460 19
461 459 -28
461 108 -8
461 796 -8
463 110 -19
463 462 8
463 465 13
463 798 -28
460 111 19
460 434 -8
460 486 -8
460 799 -13
459 794 19
459 457 -28
459 106 -8
459 458 28
108 771 19
108 83 13
108 133 8
108 109 28
796 797 -19
796 822 28
796 770 -28
796 136 -8
771 769 19
771 773 -28
771 770 -13
771 432 28
83 84 8
83 58 13
83 746 13
83 435 -28
133 487 8
133 797 -28
133 134 19
133 156 8
109 111 13
109 107 -19
109 458 19
109 768 -19
701 365 -19
701 727 -8
701 702 19
701 45 -13
365 367 -19
365 363 13
365 17 -19
727 728 8
727 69 8
727 391 -28
702 42 -13
702 700 -13
702 362 -8
702 704 13
45 43 -13
45 390 8
45 44 -28
45 47 8
910 935 -8
910 911 -8
910 885 28
910 246 -13
910 576 -13
935 961 -19
935 936 -8
935 602 -28
911 909 -13
911 573 19
911 913 -13
911 243 8
885 550 19
885 886 -8
885 859 8
885 221 -13
246 244 -13
246 601 28
576 574 -13
576 218 -13
576 575 -8
576 578 -19
428 80 -19
428 454 19
428 429 -28
428 402 13
80 739 19
80 79 -28
80 82 -8
80 78 19
454 480 19
454 455 -28
454 793 13
454 105 -19
429 427 19
429 77 8
429 431 -28
402 403 -13
402 55 -13
402 376 8
402 742 -13
111 110 -13
111 770 19
111 113 -13
110 85 8
110 135 -28
110 773 8
770 745 -19
770 435 13
113 462 28
113 772 8
113 115 8
285 286 -28
285 956 19
285 260 28
285 648 19
311 313 -19
311 309 -13
311 979 -28
313 312 -8
313 315 28
312 287 -13
315 314 -28
315 983 19
315 317 -28
685 29 13
685 686 -28
685 711 8
685 349 -13
685 659 8
29 31 13
29 374 19
29 28 -28
29 27 -28
686 26 13
686 684 8
686 688 -28
686 346 8
711 737 13
711 375 8
711 53 -28
711 712 -8
349 351 -19
349 347 -28
349 348 -28
349 1 8
659 323 8
659 660 -13
659 4 -28
63 61 -8
63 65 -28
63 410 13
63 62 -28
63 721 13
61 59 -28
61 719 13
65 64 -8
65 412 -8
65 723 13
410 411 -19
410 384 -13
410 750 -8
410 436 -8
62 413 -19
62 724 13
62 38 -19
62 87 -8
721 695 -28
721 747 -28
745 86 19
745 719 13
745 746 13
745 409 8
86 434 -28
86 85 -28
86 88 -13
86 84 -19
719 693 -8
719 720 -8
746 406 -19
746 744 -8
746 748 -8
409 58 -8
409 407 8
409 411 8
506 504 -28
506 508 28
506 841 -19
506 505 8
504 150 -19
504 503 -19
504 839 13
508 507 -8
508 510 -13
508 843 -13
508 153 13
841 867 -28
841 842 -13
841 178 13
505 154 28
505 480 19
505 844 8
505 531 13
600 933 28
600 602 -8
600 241 13
600 599 19
931 265 19
931 906 -8
931 957 -8
931 932 8
597 571 13
597 623 -13
597 934 -28
597 242 -8
596 237 8
596 929 13
596 595 8
344 370 13
344 345 -8
370 396 28
370 371 19
345 343 -8
345 681 -19
728 730 8
728 726 19
730 390 13
730 68 8
730 732 13
730 729 13
726 724 -28
726 64 -13
726 725 28
726 386 -8
955 288 -8
955 956 -8
955 929 -28
955 622 28
288 290 28
288 286 19
288 647 13
288 287 -28
956 619 8
956 954 -13
956 958 19
929 263 8
929 930 8
929 904 28
622 620 -28
622 260 -13
622 624 -8
622 621 -19
154 152 -28
154 153 -28
152 814 -19
152 151 28
152 503 -28
153 177 -13
153 129 19
565 211 13
565 903 19
565 566 8
565 539 8
211 210 13
211 213 -28
211 209 8
211 875 -13
903 235 -19
903 901 -28
903 905 -13
903 902 13
566 568 13
566 900 -13
566 564 -13
566 208 8
539 540 -19
539 513 28
539 186 -8
539 878 28
507 482 -13
507 533 -13
510 512 19
510 845 -13
510 509 8
843 818 -19
843 869 13
843 844 13
823 822 13
823 484 19
823 821 -28
823 825 -28
823 156 28
822 159 28
822 487 28
822 847 -19
484 485 -19
484 134 -19
484 458 -28
484 509 -19
821 482 -19
821 820 -8
825 486 28
825 827 -19
825 158 28
825 824 28
156 512 -13
156 181 -28
156 157 -19
788 814 8
788 453 28
788 762 19
788 128 8
788 789 28
814 479 -8
814 839 -8
453 451 -8
453 100 13
453 452 19
453 455 28
762 427 -8
762 103 13
762 737 8
128 127 28
128 126 -19
128 130 8
789 450 -13
789 791 28
789 787 -28
789 125 -8
210 878 28
210 185 -28
210 568 -28
210 235 -19
878 877 28
878 880 -8
878 876 13
185 186 -19
185 542 -19
185 852 -19
568 567 -13
568 902 8
568 570 13
235 258 -13
235 236 28
423 759 -28
423 421 19
423 72 -19
423 422 28
759 784 -8
759 760 -19
759 733 28
421 757 19
421 70 -8
421 420 8
72 48 -13
72 97 19
72 73 -28
72 734 8
422 396 13
422 448 -8
362 363 -8
362 336 8
389 387 28
389 725 -28
389 391 13
389 40 -19
43 42 -13
43 41 -8
43 699 -19
769 106 19
769 768 -28
769 430 -13
773 434 -8
773 775 19
773 772 28
432 406 -8
432 84 19
432 458 -8
432 433 -19
881 906 8
881 546 19
881 882 13
881 217 19
881 855 19
906 242 13
906 572 -28
546 544 -13
546 545 -13
546 548 13
546 189 28
882 543 19
882 884 19
882 880 -28
217 571 -28
217 216 28
217 219 8
217 215 13
855 856 13
855 192 -28
855 830 -19
855 520 -19
644 643 -13
644 977 28
644 646 -8
644 281 -19
644 642 -8
643 284 -8
643 617 -8
977 978 28
977 951 28
977 309 -28
646 979 -8
646 283 -13
646 648 8
281 306 19
281 952 -28
281 282 -13
281 257 28
642 975 -28
642 640 28
642 279 -8
642 641 28
42 391 13
42 17 -13
391 390 -28
391 393 -8
17 676 13
866 527 -13
866 864 28
866 868 -28
866 865 -19
866 198 -28
527 501 -19
527 553 -19
527 528 -8
527 174 -8
864 197 8
864 863 -13
868 867 28
868 529 8
868 870 -19
868 200 -8
865 201 13
865 530 -19
865 890 -8
865 839 13
198 223 -13
198 556 -28
198 173 13
198 199 -28
284 283 13
284 286 13
284 282 -19
284 951 8
283 258 -28
283 954 8
283 308 28
286 953 19
282 641 19
282 949 13
282 280 8
951 952 -8
951 618 8
707 371 -13
707 708 -8
707 681 19
707 733 -28
371 369 -28
371 23 -13
708 706 -19
708 368 28
708 48 8
681 682 13
733 734 -19
733 397 -8
434 435 -13
435 433 -28
435 437 -19
259 617 -28
259 258 -13
259 261 -13
900 875 19
900 236 28
900 901 -28
926 589 -8
926 924 28
926 928 8
926 257 -28
117 466 13
117 116 28
117 119 28
117 115 13
117 776 8
466 805 13
466 492 13
466 467 13
116 91 -13
116 469 -19
116 779 8
116 141 19
119 468 -13
119 778 19
119 121 8
119 118 -19
115 464 13
115 774 13
115 114 8
776 751 -13
776 777 19
776 441 -8
776 802 -8
85 437 13
85 748 28
437 436 28
437 772 13
437 439 13
748 750 -19
748 747 -19
69 68 -13
69 71 13
68 44 -8
68 93 -19
71 73 13
71 70 -8
71 729 -8
71 418 -8
751 725 28
751 752 -19
751 92 28
725 699 -13
752 750 -13
752 412 13
752 89 19
92 91 -8
92 90 28
92 94 -28
512 514 13
512 847 28
512 511 8
514 513 -8
514 849 28
514 158 -19
514 516 -19
847 873 -8
847 848 -19
847 184 -8
511 159 -19
511 537 8
511 486 -13
511 850 -13
503 842 -19
503 529 13
452 791 19
452 103 28
479 481 -28
479 477 -19
479 125 -19
969 943 -8
969 301 28
969 636 -19
969 970 19
943 276 28
943 944 28
943 610 -28
943 918 -28
301 300 -19
301 303 8
301 299 8
636 635 -8
636 634 -13
636 273 13
636 638 -13
970 633 -13
970 972 28
970 968 -28
970 298 19
961 294 28
961 987 28
961 962 8
294 292 8
294 653 -28
987 988 -13
987 319 28
987 654 8
962 960 13
962 625 -19
962 964 -8
962 291 -8
159 157 28
159 161 -8
159 158 19
157 820 13
157 509 -13
161 513 28
161 824 28
161 163 -13
158 135 -19
158 183 -8
571 909 -8
571 572 -19
571 545 19
909 241 28
909 908 -8
572 574 -8
572 570 13
545 519 -13
545 192 -28
545 884 13
127 791 -19
127 481 28
791 790 28
791 793 13
481 480 19
481 483 28
829 490 -28
829 831 8
829 828 13
829 162 -13
829 827 19
490 464 28
490 140 -19
490 515 -28
831 164 -8
831 492 -19
831 830 -19
831 832 -28
828 165 13
828 493 -8
828 802 13
828 853 13
162 518 -8
162 139 28
162 187 -28
162 163 -13
827 826 -13
827 488 13
574 908 19
574 216 -13
574 573 -13
908 883 -8
908 244 -8
908 933 19
216 241 -8
216 884 -28
216 191 -19
573 219 19
573 599 -19
573 547 -19
794 768 -13
794 795 28
794 820 8
794 134 19
768 433 19
768 743 8
795 793 -13
795 456 -8
795 797 -8
795 131 8
820 485 -8
820 845 -28
134 136 28
134 132 19
241 264 -28
241 242 19
884 883 8
884 886 19
191 192 28
191 858 13
191 166 19
191 548 19
581 555 19
581 607 19
581 226 -28
581 919 -8
581 582 -19
555 201 19
555 893 8
555 556 -8
555 529 -13
607 633 -28
607 608 -13
607 944 -19
607 250 8
226 225 13
226 228 28
226 224 -13
226 890 -13
919 917 13
919 918 13
919 920 -28
582 580 28
582 584 -19
582 916 13
582 223 28
404 57 -19
404 744 -8
404 405 -19
404 378 19
404 430 8
57 59 -19
57 55 -19
57 715 -8
57 56 -8
744 81 13
744 742 19
744 743 19
405 407 -19
405 741 28
405 403 28
405 54 -28
378 379 28
378 352 -8
378 718 -28
378 33 -8
430 431 8
430 456 13
430 82 -8
650 652 -19
650 648 -19
650 983 -13
650 649 13
650 287 -19
652 289 -28
652 985 -13
652 654 8
652 651 -13
648 647 19
983 957 19
649 290 8
649 623 13
649 986 19
287 958 -8
201 199 -28
201 203 -8
201 200 -13
199 863 -19
199 553 8
203 867 -13
203 557 -28
203 202 13
203 205 13
200 175 -19
200 225 -28
200 558 -13
617 954 13
617 618 28
954 953 28
954 952 13
618 620 -8
618 616 -8
618 257 8
290 292 13
290 289 -8
290 957 8
292 291 8
292 959 -13
292 651 13
289 264 -8
289 960 -19
957 624 -28
957 958 13
406 407 19
406 59 -28
406 380 -19
407 56 -8
407 743 -19
59 58 -28
59 717 -8
380 381 13
380 35 -8
380 354 -19
380 720 8
355 353 -28
355 691 28
355 357 -13
355 7 19
355 354 13
353 352 -8
353 351 -28
353 689 -8
353 5 -13
691 35 -13
691 665 -13
691 717 -8
691 692 13
357 359 8
357 693 -13
357 9 -19
7 32 19
7 8 8
7 666 -19
354 328 -28
354 10 -13
354 694 -28
258 620 -13
258 928 13
620 619 -13
620 953 28
928 930 28
928 927 28
441 443 8
441 439 -28
441 89 13
779 778 -28
779 781 19
779 777 8
619 593 19
619 261 13
593 567 13
593 238 -13
593 930 -13
261 263 28
261 927 -13
261 260 -13
265 623 -13
265 264 -28
265 267 19
265 263 -28
932 934 28
932 930 -19
932 595 13
91 443 -13
443 778 -19
443 445 13
443 442 13
450 476 -28
450 101 -8
450 451 -19
450 424 -13
476 501 -8
476 126 28
476 477 8
101 761 -8
101 103 19
101 100 28
451 99 -8
451 786 -28
424 425 -28
424 398 -28
424 76 19
544 187 8
544 879 -13
544 542 -8
544 543 -19
187 212 28
187 188 -13
187 854 -13
879 904 -19
879 853 -19
879 880 8
879 215 8
542 877 28
542 540 19
542 541 8
543 517 8
543 190 -19
543 569 -8
917 248 13
917 579 13
917 915 19
917 916 19
248 608 28
248 271 8
248 223 -13
579 580 -19
579 224 -13
579 553 -8
579 605 28
915 247 8
915 914 -19
916 250 8
916 941 -19
916 890 -8
300 275 -13
300 972 19
275 638 19
275 276 19
275 251 -19
275 946 -13
972 635 -8
972 974 28
972 971 19
975 949 8
975 307 -13
975 976 -13
949 616 -19
949 950 13
949 923 -19
307 306 19
307 309 8
307 305 -28
976 978 19
976 974 8
976 639 28
976 304 -28
577 578 28
577 551 -28
577 603 -13
578 220 -19
578 912 -28
551 552 -19
551 525 -28
603 604 -19
978 641 19
978 306 -28
641 615 -28
588 587 28
588 921 8
588 586 -13
588 229 19
587 232 -13
587 613 13
587 924 8
587 561 -13
921 922 -19
921 896 8
921 947 -19
921 256 -8
586 227 -28
586 585 -8
586 584 -8
229 897 28
229 253 8
229 230 -28
790 130 -19
790 455 -19
793 129 19
793 792 -8
411 413 19
411 747 8
384 724 19
384 358 28
384 39 19
750 87 13
750 749 13
436 88 -13
436 462 -8
436 775 28
413 749 28
413 412 -19
749 90 13
749 723 19
749 774 -13
412 386 -8
412 438 13
812 477 28
812 837 28
812 151 -28
812 786 8
837 863 -28
837 838 8
837 174 -28
151 501 19
151 150 -13
786 787 8
786 126 -19
786 761 19
623 960 -8
623 624 -8
960 959 -19
960 958 -8
624 626 -13
175 842 -19
175 176 -28
175 532 28
842 840 -13
842 844 28
176 529 19
176 178 -8
176 174 -28
176 839 -28
532 534 13
532 867 28
532 530 -19
532 531 -28
361 13 -13
361 359 -8
361 697 -8
361 363 -19
361 360 8
13 38 8
13 672 13
13 14 -28
359 695 28
359 358 28
697 41 -13
697 671 -8
697 723 -19
697 698 -28
363 699 -28
363 15 -19
360 16 28
360 334 13
360 700 -19
360 386 -8
626 625 -8
626 264 -8
626 959 8
625 267 -8
625 651 8
625 599 -13
264 934 8
959 933 -13
959 985 28
472 811 8
472 473 28
472 498 -19
472 123 8
472 446 28
811 147 19
811 810 -28
811 809 28
473 808 -8
473 120 -28
473 475 -28
473 471 -19
498 148 -8
498 523 -13
498 836 8
123 121 19
123 782 13
123 122 -28
446 785 -28
446 447 13
446 98 8
446 420 -28
934 933 28
934 936 28
633 634 13
633 274 -8
634 271 13
634 967 8
634 632 -28
274 941 -13
274 276 28
274 273 19
274 272 19
676 674 19
676 336 8
16 15 -8
16 14 13
16 671 19
15 674 13
15 40 -13
14 358 8
14 12 8
14 669 -28
671 335 -19
671 672 -28
937 912 8
937 604 13
912 913 -8
604 602 13
267 933 -13
267 266 19
266 243 8
266 936 19
266 291 13
457 104 19
457 455 -8
457 456 28
457 792 19
104 79 -8
104 105 -8
104 129 -19
456 107 -19
456 482 -8
792 818 19
792 132 8
792 766 19
79 431 -8
79 742 13
79 54 13
105 107 -8
105 103 19
129 130 19
129 483 -8
680 340 -19
680 682 19
680 21 13
680 679 -13
677 703 28
677 341 -28
550 193 19
550 552 -19
550 549 28
550 548 28
193 860 8
193 218 8
193 194 8
193 168 28
552 195 19
549 523 8
549 196 8
549 887 -13
549 575 -13
548 883 8
548 547 -19
88 87 19
88 90 -13
88 747 28
87 439 -13
90 438 28
90 89 -19
747 772 -8
106 131 -19
106 81 8
106 107 -13
131 485 8
131 132 19
81 433 28
81 82 -28
81 56 28
107 766 -8
58 720 28
58 34 19
717 381 -19
717 718 28
717 743 -8
148 146 13
148 147 13
148 808 -28
146 496 -19
146 145 -28
146 144 -19
146 806 -8
147 500 28
147 170 -28
147 122 -28
808 809 -28
808 782 28
927 902 28
927 953 -19
340 341 28
340 366 8
341 343 -28
366 367 19
366 706 -13
366 392 -8
724 723 -8
723 387 -28
501 840 -8
840 838 13
840 173 -8
840 839 -28
150 125 -19
150 173 13
125 126 -19
125 100 -19
173 530 -8
173 174 -13
755 756 -13
755 729 19
755 780 13
755 96 13
418 392 8
418 444 -8
418 758 28
818 483 -19
483 485 8
483 482 28
766 431 -13
766 741 8
640 973 8
640 277 19
640 639 19
640 638 -19
973 974 -8
973 305 28
973 947 -8
277 948 13
277 302 19
277 278 -13
277 253 8
639 280 19
639 613 -8
638 637 -13
638 971 28
367 703 -19
367 369 -28
703 729 8
703 47 -8
703 704 19
369 21 8
369 705 8
369 368 8
44 704 -13
44 393 -19
682 23 -8
682 342 -28
23 48 -28
23 24 19
342 343 -13
342 368 8
38 698 -13
38 387 28
38 39 -19
698 358 28
698 700 -13
387 386 -28
39 41 13
39 695 -8
860 858 8
860 521 13
860 862 -8
860 859 -28
858 856 19
858 519 28
858 857 -13
521 547 -13
521 496 28
521 522 -28
521 169 8
862 523 13
862 861 -28
862 195 -19
859 196 28
859 833 19
859 524 -13
21 46 19
24 679 13
24 368 -8
135 489 -8
135 136 -13
135 799 -19
279 304 -28
279 280 8
279 255 -28
279 950 8
304 305 28
280 947 -28
280 278 19
255 231 -13
255 616 8
255 924 -28
255 256 13
950 948 -19
950 613 -19
950 952 -28
232 231 8
232 234 -19
232 230 -19
232 896 -8
231 899 13
231 206 28
234 589 -13
234 898 -13
234 236 13
230 585 -28
230 894 -8
230 228 8
896 562 -8
896 871 -13
896 897 -28
901 899 19
901 563 -13
905 567 -19
905 904 -13
905 237 13
902 238 -13
902 877 -13
523 171 28
523 524 8
171 833 -19
171 170 -19
171 169 19
524 168 -13
524 526 -8
524 522 -8
64 89 28
64 40 -13
602 601 -19
602 243 28
599 244 28
599 936 -19
732 70 13
732 392 28
732 731 -28
732 734 28
729 393 19
337 336 19
337 335 -8
337 673 -28
335 333 -13
335 334 8
673 674 -19
673 699 8
482 132 -28
533 534 -19
533 559 -19
533 872 -8
567 213 -28
567 541 8
213 877 -19
213 212 -13
213 215 -13
541 515 -8
541 188 -28
541 880 -28
948 611 19
948 947 19
948 946 8
611 585 19
611 637 8
611 254 13
611 612 -8
947 614 13
946 945 8
946 944 28
946 609 -28
775 774 28
775 777 8
772 798 8
196 195 -13
196 194 19
195 220 -8
195 170 -13
194 192 13
194 547 -19
194 857 -8
883 857 13
883 219 -13
857 522 -28
219 218 -8
219 221 -8
381 379 -19
381 32 13
379 377 28
379 30 28
379 715 -19
32 56 8
32 33 19
32 692 -13
979 953 -19
308 309 -28
35 33 28
35 34 28
33 31 8
33 689 -13
34 9 13
34 694 8
238 236 -28
238 237 -28
237 212 -19
237 260 -13
350 324 -28
350 351 -13
350 690 28
350 376 8
350 6 8
324 325 28
324 664 -19
351 3 -13
351 687 19
690 30 -8
690 692 -28
690 689 -8
690 688 19
376 377 19
376 31 13
376 716 -28
6 8 19
6 5 -28
6 4 19
6 661 8
427 75 -28
427 425 -8
75 100 19
75 51 -13
75 76 28
75 738 -28
425 761 8
425 74 -28
73 420 28
73 731 13
70 46 -13
70 95 13
742 741 -19
742 740 8
743 84 -19
343 679 28
679 705 -8
547 886 19
952 615 13
218 243 -13
218 886 -19
243 244 13
886 887 13
583 584 -19
583 557 28
583 228 8
583 609 -13
583 920 -19
584 225 8
584 918 13
557 895 19
557 531 13
557 558 19
228 227 -8
228 892 -8
609 635 -19
609 610 8
609 252 -19
920 251 28
920 922 19
386 41 13
985 986 19
985 317 28
654 653 28
654 291 -13
654 656 28
651 988 -13
328 329 -8
328 668 13
10 9 -19
10 8 -13
10 665 28
10 12 8
694 693 -28
694 692 -28
41 40 8
40 700 -8
291 316 8
693 667 19
9 668 -28
668 666 -19
668 670 -13
668 667 28
244 242 -19
706 705 -19
706 46 -28
706 704 -13
705 49 19
705 731 28
46 395 19
46 47 28
672 674 -28
672 332 13
672 670 -8
517 856 19
517 165 8
517 518 -13
517 492 8
190 192 19
190 188 -8
190 853 19
190 189 13
569 570 -28
569 215 8
569 595 19
674 334 -19
84 82 -28
82 741 -19
519 494 19
519 167 28
519 520 -19
495 493 28
495 830 -13
495 494 19
495 141 -28
495 497 -28
493 492 13
493 139 8
830 804 -19
830 167 -13
494 468 28
494 832 8
494 144 -8
141 164 19
141 805 13
141 142 -13
497 496 -28
497 143 13
613 614 -28
613 256 -19
924 923 -28
924 922 -13
561 899 -13
561 562 13
561 207 8
561 535 -28
958 621 -28
589 615 13
589 563 -19
615 616 -28
563 564 -28
563 537 -28
563 209 -19
438 464 -19
438 777 8
438 439 19
761 735 -8
735 736 -19
735 399 19
735 709 13
735 76 28
887 220 -28
699 700 -19
737 401 8
737 78 8
737 738 -13
856 189 -13
856 854 8
189 164 -8
854 852 -13
854 515 19
854 853 8
635 276 28
276 278 -8
575 601 19
575 913 8
575 221 19
25 684 -8
25 50 -28
25 373 -8
25 0 13
684 683 -8
50 74 13
50 399 -8
50 710 -8
373 372 -19
373 709 19
373 375 8
0 347 13
0 658 -19
251 227 19
251 252 19
251 612 -13
89 114 -8
836 170 -8
836 835 28
836 834 19
899 898 13
899 897 13
898 923 -8
898 873 19
898 564 13
897 895 -28
897 559 28
227 895 8
227 202 13
895 894 19
895 893 -28
202 560 -19
202 177 -13
202 870 19
756 758 -13
756 93 -13
758 757 8
758 95 8
758 760 28
93 445 19
93 118 -19
93 94 -19
720 718 28
500 835 -13
500 499 -28
835 810 13
835 861 -19
499 474 -8
499 525 28
170 526 13
122 97 -8
122 785 -13
122 475 -28
595 621 8
333 332 -28
333 669 -28
333 331 8
332 358 -13
669 695 -28
669 670 8
331 330 -28
331 667 19
331 329 -19
944 273 -19
944 942 19
610 608 28
610 249 13
610 612 8
918 892 -28
918 252 28
833 834 13
377 28 28
377 375 8
377 713 -8
28 3 13
28 688 28
375 26 8
375 374 -13
713 739 13
713 714 -19
713 55 -13
713 687 -28
861 526 28
263 621 -28
621 647 -28
31 687 19
31 30 -19
687 661 13
687 688 19
30 5 28
30 54 8
206 564 13
206 181 -8
206 874 8
206 207 -19
715 741 13
715 716 13
715 689 -13
877 851 -19
904 570 -8
393 395 -28
393 392 -13
74 736 -13
74 99 8
736 738 13
739 403 8
739 740 13
403 401 13
740 400 19
740 77 -13
740 738 -13
616 614 13
220 221 13
562 564 -28
562 560 -13
560 894 28
560 559 -13
560 558 19
352 8 8
352 692 19
352 326 8
8 663 13
326 666 -28
326 327 13
77 78 -8
431 433 28
608 606 19
608 941 -13
606 247 -28
606 605 -19
941 967 13
941 942 8
26 1 -19
26 51 -8
26 27 8
688 348 13
346 372 13
346 347 -19
346 2 -13
346 320 8
54 55 19
54 716 19
804 469 13
804 778 -28
804 144 8
804 805 19
469 468 8
469 467 13
469 471 13
144 143 28
144 142 19
805 803 -19
805 807 28
208 183 8
208 876 -13
208 209 -8
585 559 13
585 922 -19
559 205 8
922 253 -13
209 873 8
209 207 -19
875 540 19
875 849 19
875 876 8
966 965 28
966 295 -13
966 968 -8
965 297 19
965 939 -8
965 632 28
295 270 13
968 296 -8
968 967 19
968 631 28
322 323 19
322 348 13
322 662 -19
323 325 -8
323 321 28
348 374 -13
348 4 -8
662 661 28
662 664 8
662 660 -8
662 3 8
880 212 -8
12 667 28
330 670 28
401 399 28
401 51 13
401 400 8
399 398 -19
51 712 13
51 52 28
400 53 13
400 374 -19
368 394 8
48 397 19
48 49 13
614 253 -28
614 612 8
253 254 -13
612 945 -28
468 442 -8
468 807 19
832 166 28
832 834 -19
496 470 28
496 834 19
143 807 -19
143 118 -8
143 166 -19
930 260 8
894 869 19
869 534 28
869 870 19
869 205 8
807 809 19
807 806 -28
118 471 13
118 781 -8
166 522 8
166 167 8
298 299 13
298 273 -13
270 940 13
270 632 13
270 247 13
964 627 19
810 475 13
810 784 19
475 474 -8
784 785 13
784 449 13
297 299 19
297 296 8
299 967 -13
296 271 -13
974 637 -28
974 302 28
971 303 -19
971 945 28
580 222 8
580 914 -28
223 224 -19
223 891 -19
329 327 19
329 665 13
939 272 -8
939 914 19
939 940 -19
272 631 -19
272 271 8
914 888 13
940 942 -19
520 164 -19
520 518 28
520 522 -8
56 718 -28
372 27 28
372 712 -19
372 398 -8
27 683 28
712 714 13
712 710 19
398 738 19
398 52 -13
637 278 13
278 945 -19
492 142 -19
467 802 -28
467 465 19
467 114 19
525 526 -19
1 2 -13
1 660 -8
302 303 13
873 538 19
873 874 -28
94 442 19
94 96 -13
474 448 -8
665 666 -28
303 305 -19
709 683 -19
709 710 -13
709 52 -13
76 78 -8
718 716 -8
716 714 -13
394 49 28
394 420 -8
394 734 -19
394 395 -28
49 47 8
420 760 28
395 731 -19
395 397 8
5 664 -28
168 145 19
168 834 13
168 169 -19
120 145 -19
120 121 -8
120 783 -28
120 95 -19
471 470 -28
471 806 -13
871 207 -8
871 845 -28
871 872 -28
207 205 -8
845 182 28
872 870 28
872 874 28
271 942 -19
632 631 13
121 470 19
121 780 8
782 447 -19
782 757 -8
782 783 -13
273 249 -13
165 164 -19
165 163 13
165 167 13
518 853 28
518 516 -13
535 182 -8
535 509 13
535 874 -13
480 130 -19
181 182 28
181 848 -13
181 538 13
874 876 13
851 852 19
851 188 -8
851 516 -19
851 826 -13
250 249 19
250 252 -19
249 225 28
225 893 -19
47 392 19
256 254 8
534 177 13
177 178 13
177 844 -28
142 140 13
142 802 -28
570 212 8
631 605 -28
325 661 -8
325 327 -28
664 663 -28
664 666 -8
53 55 28
53 52 13
374 714 -13
3 4 -19
462 488 -19
488 513 19
488 489 -28
4 2 19
470 809 28
470 444 -19
893 892 -8
893 891 28
145 809 13
540 538 19
540 183 8
538 537 13
183 184 -19
183 850 -8
867 892 19
892 558 8
442 781 -19
891 889 -8
891 553 -19
891 890 19
513 852 -13
852 850 8
167 169 8
531 178 8
531 870 -8
558 556 8
186 188 28
186 184 -13
186 849 8
184 182 -19
184 537 -8
849 850 19
849 824 -8
97 449 -19
97 98 -13
97 760 28
785 783 -8
448 449 8
783 781 8
783 444 -8
537 876 -28
942 605 13
252 254 -19
347 683 28
683 657 8
663 327 -19
663 689 -19
485 487 28
487 489 13
487 486 19
222 889 19
222 197 13
222 247 -28
464 803 -8
464 465 8
803 802 -8
803 139 -13
465 800 8
848 509 28
848 850 8
447 445 -28
447 449 8
447 95 19
445 780 19
445 444 -13
95 96 -28
889 888 28
888 224 -8
888 863 28
888 554 -13
826 800 19
826 163 19
489 824 28
601 627 -8
627 653 -19
140 139 -8
140 800 -13
139 114 -8
800 774 -13
806 780 -13
321 657 19
321 320 -13
444 96 -19
515 163 13
515 516 13
988 986 -8
988 316 19
988 990 -28
986 314 8
316 317 -19
990 653 -8
990 318 8
990 989 19
780 781 -8
114 777 13
657 658 -13
657 2 8
658 660 -28
319 317 -28
319 318 28
731 757 -13
397 396 13
320 660 19
757 98 -19
98 96 -13
458 797 -8
486 136 28
797 799 28
553 554 8
774 439 -8
863 528 13
554 556 -28
554 197 8
890 556 8
798 824 -19
798 799 -8
989 656 8
655 656 -28
529 530 -28
130 132 -28
530 528 -13
