180 37 8
180 182 8
180 178 19
180 179 -13
180 105 13
37 120 -8
37 38 -28
37 26 -19
37 48 28
182 184 8
182 39 -19
182 181 -13
182 107 -13
178 176 -8
178 103 28
178 177 -28
178 35 8
179 190 8
179 167 19
179 108 -19
179 40 -19
105 117 -8
105 93 -28
105 27 -13
105 106 13
92 94 -19
92 163 28
92 91 8
92 12 28
92 90 -28
94 14 8
94 93 -13
94 165 -13
94 96 13
163 175 13
163 25 28
163 151 28
163 164 28
91 15 -28
91 166 28
91 103 -19
91 79 28
12 152 28
12 13 -13
12 1 -28
12 23 -28
90 11 -8
90 161 -13
90 89 -8
62 202 -8
62 60 -19
62 61 8
62 64 28
202 190 13
202 132 13
202 203 13
60 58 28
60 200 -19
60 59 -13
61 205 8
61 50 28
64 63 -8
64 204 28
109 184 19
109 110 8
109 31 19
109 97 19
109 121 -13
184 41 19
184 183 19
110 112 19
110 108 -28
110 28 8
110 181 -19
31 29 -28
31 30 -13
31 169 13
97 98 8
97 21 8
97 85 13
97 172 -8
121 42 -8
121 122 -19
121 195 -28
121 133 13
63 207 -8
63 52 13
207 205 28
207 206 13
207 133 -19
52 41 -28
52 136 8
52 195 -19
52 53 -13
86 84 28
86 157 -8
86 88 -13
86 7 -13
86 85 19
84 155 28
84 83 -19
84 5 13
84 82 -28
157 21 -13
157 158 -28
157 145 -28
157 169 -13
88 87 -19
88 159 28
88 9 19
7 18 19
7 146 -19
7 8 -19
85 160 19
85 10 28
85 73 -13
149 137 -28
149 13 -8
149 78 8
149 161 13
149 150 -19
137 138 -8
137 66 -8
137 2 13
13 15 -8
13 89 19
78 77 -19
78 80 8
78 0 -13
161 162 8
161 24 -28
161 173 -13
150 152 -28
150 11 -19
6 8 13
6 5 28
6 81 13
6 4 28
6 141 28
8 10 8
8 83 13
8 143 8
5 16 -8
5 144 -28
81 156 -13
81 69 -28
81 82 13
81 93 8
4 3 -19
4 79 -8
4 2 -13
4 139 13
141 70 13
141 142 -8
141 153 8
152 151 8
152 154 13
152 77 -19
151 15 -28
151 80 -13
151 139 28
154 156 28
154 14 28
154 79 -8
154 153 8
77 2 13
77 89 -19
77 65 -8
120 190 -19
120 119 19
120 122 -28
120 118 -28
190 191 -28
190 51 -19
119 40 -28
119 193 13
119 131 19
119 107 13
122 124 -28
122 39 8
122 192 28
118 117 8
118 116 -19
118 188 -28
118 35 -19
42 41 13
42 40 -13
42 181 -28
195 193 19
195 194 8
133 134 -8
133 53 19
186 47 -19
186 175 -8
186 187 13
186 116 13
186 198 -19
47 45 -28
47 49 -19
47 46 -19
47 127 19
175 176 8
175 104 -8
175 36 13
187 189 28
187 113 -28
187 44 8
116 33 8
116 115 8
116 114 -8
198 199 -13
198 128 -19
198 58 28
41 124 13
41 30 28
183 171 -13
183 112 -19
183 194 28
38 117 8
38 40 28
38 36 -13
38 177 -19
26 16 -19
26 108 -19
26 168 -19
26 27 19
48 132 19
48 49 -19
48 191 -8
48 59 13
15 17 -13
15 14 8
17 16 8
17 19 13
17 153 19
17 93 -19
14 3 8
16 96 28
16 156 -13
96 95 19
96 98 -13
96 167 -8
156 155 19
156 158 -8
148 146 -28
148 9 -8
148 73 -13
148 147 8
146 71 -13
146 144 8
146 145 8
9 10 19
9 20 8
73 74 13
147 159 -8
147 76 19
155 19 -19
155 143 -13
155 167 13
158 160 28
158 18 28
158 83 -13
124 194 -19
124 123 -19
194 206 -13
123 135 -28
123 111 19
95 83 -8
95 170 13
95 19 -19
95 107 -19
83 71 -19
170 169 8
170 172 8
170 28 -28
170 168 -19
19 18 19
19 21 19
107 29 13
107 108 8
191 189 -8
191 117 13
191 193 8
51 131 28
51 53 -19
51 50 8
51 49 -19
30 112 28
30 172 8
30 20 13
11 22 13
11 0 13
22 162 -13
22 32 -13
22 102 19
0 138 13
25 27 8
25 103 28
25 24 19
164 162 -19
164 166 -8
164 89 -8
164 23 -19
160 159 28
160 20 -13
159 171 8
20 21 -13
20 100 13
125 45 13
125 126 -28
125 113 28
125 199 -8
45 44 -8
45 185 28
126 128 19
126 43 -28
126 196 -13
113 101 -19
113 34 8
113 114 -13
199 201 19
199 197 -28
199 55 -13
189 46 -19
189 188 -19
189 115 8
46 57 13
46 130 -19
46 35 -8
188 200 28
188 177 -19
188 49 -19
115 127 -19
115 36 -13
115 103 28
99 111 -28
99 100 8
99 87 -13
111 112 19
100 98 -8
100 171 -13
87 75 19
18 28 -28
18 98 -8
28 29 13
28 39 -13
98 169 19
27 29 13
27 165 -13
103 104 8
24 101 13
24 23 -8
108 106 28
168 166 13
168 167 28
168 93 -13
201 57 -28
201 200 28
201 203 19
201 127 28
197 196 -28
197 54 8
55 56 -19
55 44 19
71 72 -28
72 74 28
72 70 19
72 143 28
169 181 -13
129 130 -28
129 117 8
129 203 28
129 49 28
130 128 19
130 132 -28
130 200 8
203 205 -19
203 59 -19
138 140 -28
140 139 28
140 142 8
140 65 -8
140 1 -19
67 68 13
67 79 13
67 142 8
68 66 -19
68 70 28
68 139 28
79 80 13
142 3 8
142 144 13
171 172 -13
29 167 28
3 82 -19
82 153 -8
82 80 -13
101 89 -8
101 102 19
101 176 19
102 104 -28
102 173 28
176 174 8
176 33 -13
75 76 8
76 74 -19
166 165 19
165 177 -28
165 153 8
80 1 -8
56 58 19
56 196 28
44 128 28
44 33 -8
128 127 28
34 33 28
34 36 13
34 173 28
114 185 8
114 32 13
136 135 19
136 134 19
136 206 -19
134 132 -19
134 50 -19
134 204 28
174 173 13
174 32 -13
33 23 -8
131 205 8
131 132 19
53 192 -13
50 193 -13
50 39 -13
58 57 19
74 145 -13
145 10 -13
65 66 8
1 2 28
70 69 -19
23 104 -8
205 204 -8
204 192 28
104 106 -19
106 177 8
69 144 -28
144 143 -19
40 39 -8
35 36 -19
193 192 -8
192 181 -19
196 185 -19
54 43 -8
173 185 19
32 43 19
