180 37 -13
180 182 19
180 178 -13
180 179 -28
180 105 -19
37 120 8
37 38 28
37 26 -19
37 48 13
182 184 8
182 39 -19
182 181 -28
182 107 19
178 176 -8
178 103 -28
178 177 -8
178 35 -28
179 190 28
179 167 13
179 108 19
179 40 28
105 117 -19
105 93 8
105 27 13
105 106 28
92 94 8
92 163 -8
92 91 13
92 12 13
92 90 -28
94 14 8
94 93 8
94 165 -28
94 96 8
163 175 -28
163 25 -13
163 151 -13
163 164 13
91 15 -19
91 166 -28
91 103 -13
91 79 8
12 152 -8
12 13 13
12 1 -8
12 23 8
90 11 13
90 161 -28
90 89 -13
62 202 -8
62 60 -13
62 61 13
62 64 19
202 190 -13
202 132 8
202 203 13
60 58 28
60 200 8
60 59 -28
61 205 -13
61 50 19
64 63 -19
64 204 19
109 184 19
109 110 -28
109 31 -13
109 97 -8
109 121 13
184 41 -19
184 183 13
110 112 -28
110 108 -13
110 28 8
110 181 -13
31 29 -19
31 30 -8
31 169 19
97 98 -8
97 21 19
97 85 13
97 172 8
121 42 -28
121 122 -19
121 195 8
121 133 -8
63 207 28
63 52 28
207 205 8
207 206 -19
207 133 -8
52 41 8
52 136 19
52 195 13
52 53 13
86 84 -13
86 157 -8
86 88 13
86 7 8
86 85 13
84 155 -8
84 83 8
84 5 -28
84 82 -8
157 21 -8
157 158 8
157 145 28
157 169 -28
88 87 8
88 159 -8
88 9 19
7 18 8
7 146 -13
7 8 -8
85 160 28
85 10 -19
85 73 -19
149 137 -19
149 13 19
149 78 -28
149 161 -13
149 150 -28
137 138 -8
137 66 -8
137 2 -28
13 15 -8
13 89 28
78 77 19
78 80 8
78 0 13
161 162 -19
161 24 -13
161 173 13
150 152 -13
150 11 -8
6 8 -19
6 5 -13
6 81 19
6 4 13
6 141 13
8 10 -8
8 83 13
8 143 19
5 16 -13
5 144 -19
81 156 -8
81 69 8
81 82 -19
81 93 8
4 3 -28
4 79 -13
4 2 28
4 139 13
141 70 28
141 142 -19
141 153 -13
152 151 13
152 154 -13
152 77 13
151 15 13
151 80 -8
151 139 -8
154 156 28
154 14 -28
154 79 -28
154 153 13
77 2 -8
77 89 28
77 65 -13
120 190 8
120 119 19
120 122 8
120 118 28
190 191 28
190 51 13
119 40 13
119 193 -28
119 131 -13
119 107 -8
122 124 -8
122 39 8
122 192 28
118 117 13
118 116 8
118 188 13
118 35 -8
42 41 -19
42 40 -19
42 181 -13
195 193 8
195 194 19
133 134 28
133 53 13
186 47 8
186 175 -28
186 187 -13
186 116 28
186 198 -28
47 45 13
47 49 8
47 46 8
47 127 -13
175 176 -28
175 104 13
175 36 28
187 189 -13
187 113 -13
187 44 13
116 33 28
116 115 13
116 114 19
198 199 13
198 128 -8
198 58 -8
41 124 13
41 30 19
183 171 13
183 112 13
183 194 -13
38 117 -13
38 40 28
38 36 -8
38 177 -8
26 16 -19
26 108 -28
26 168 -19
26 27 8
48 132 13
48 49 -28
48 191 -19
48 59 -28
15 17 -28
15 14 8
17 16 28
17 19 -28
17 153 13
17 93 -28
14 3 19
16 96 -28
16 156 8
96 95 -28
96 98 -19
96 167 -28
156 155 19
156 158 -8
148 146 -13
148 9 -8
148 73 13
148 147 -19
146 71 -8
146 144 -8
146 145 19
9 10 -19
9 20 8
73 74 28
147 159 -8
147 76 19
155 19 28
155 143 28
155 167 -13
158 160 -28
158 18 -8
158 83 28
124 194 19
124 123 13
194 206 -28
123 135 -19
123 111 -19
95 83 -13
95 170 -13
95 19 8
95 107 -19
83 71 28
170 169 13
170 172 -28
170 28 28
170 168 8
19 18 19
19 21 13
107 29 -19
107 108 -28
191 189 -28
191 117 8
191 193 -13
51 131 28
51 53 13
51 50 13
51 49 -28
30 112 -8
30 172 28
30 20 28
11 22 -19
11 0 -13
22 162 13
22 32 8
22 102 -8
0 138 -28
25 27 -8
25 103 -8
25 24 8
164 162 -13
164 166 -8
164 89 -13
164 23 8
160 159 -13
160 20 -13
159 171 -28
20 21 8
20 100 -19
125 45 -28
125 126 -8
125 113 28
125 199 13
45 44 19
45 185 -8
126 128 28
126 43 28
126 196 -19
113 101 28
113 34 19
113 114 8
199 201 -13
199 197 13
199 55 -13
189 46 8
189 188 8
189 115 -19
46 57 8
46 130 -13
46 35 8
188 200 -13
188 177 19
188 49 8
115 127 -28
115 36 -8
115 103 28
99 111 -19
99 100 -8
99 87 28
111 112 -28
100 98 13
100 171 -8
87 75 8
18 28 -13
18 98 13
28 29 8
28 39 -13
98 169 28
27 29 -28
27 165 28
103 104 13
24 101 19
24 23 -8
108 106 -8
168 166 19
168 167 -8
168 93 13
201 57 28
201 200 19
201 203 19
201 127 28
197 196 -8
197 54 8
55 56 19
55 44 -8
71 72 13
72 74 -19
72 70 -19
72 143 -8
169 181 13
129 130 19
129 117 13
129 203 28
129 49 -19
130 128 -13
130 132 -28
130 200 28
203 205 -28
203 59 -8
138 140 28
140 139 -19
140 142 -13
140 65 19
140 1 19
67 68 -8
67 79 -19
67 142 8
68 66 8
68 70 -13
68 139 28
79 80 13
142 3 8
142 144 28
171 172 -13
29 167 -19
3 82 19
82 153 -19
82 80 -28
101 89 19
101 102 13
101 176 19
102 104 8
102 173 8
176 174 8
176 33 28
75 76 -28
76 74 8
166 165 8
165 177 -28
165 153 -28
80 1 8
56 58 13
56 196 13
44 128 -28
44 33 -8
128 127 -28
34 33 -8
34 36 28
34 173 -13
114 185 8
114 32 -13
136 135 28
136 134 28
136 206 -19
134 132 28
134 50 28
134 204 13
174 173 -28
174 32 13
33 23 13
131 205 -13
131 132 13
53 192 28
50 193 -28
50 39 28
58 57 -19
74 145 8
145 10 28
65 66 -19
1 2 13
70 69 -8
23 104 19
205 204 -19
204 192 -13
104 106 -28
106 177 -28
69 144 19
144 143 19
40 39 28
35 36 -28
193 192 -13
192 181 19
196 185 -8
54 43 -13
173 185 -13
32 43 19
