180 37 13
180 182 8
180 178 19
180 179 -19
180 105 13
37 120 19
37 38 -13
37 26 -28
37 48 13
182 184 28
182 39 13
182 181 -19
182 107 28
178 176 28
178 103 13
178 177 19
178 35 19
179 190 -13
179 167 -19
179 108 -13
179 40 -13
105 117 -28
105 93 19
105 27 -13
105 106 13
92 94 28
92 163 -19
92 91 -28
92 12 -8
92 90 28
94 14 -28
94 93 19
94 165 28
94 96 19
163 175 -19
163 25 28
163 151 -8
163 164 19
91 15 19
91 166 -13
91 103 13
91 79 -8
12 152 -28
12 13 -13
12 1 -19
12 23 -13
90 11 -28
90 161 -13
90 89 -19
62 202 13
62 60 8
62 61 13
62 64 19
202 190 -28
202 132 28
202 203 -13
60 58 8
60 200 8
60 59 -13
61 205 -19
61 50 13
64 63 -19
64 204 13
109 184 28
109 110 8
109 31 13
109 97 -8
109 121 -13
184 41 13
184 183 19
110 112 28
110 108 -13
110 28 -13
110 181 8
31 29 28
31 30 19
31 169 13
97 98 -8
97 21 8
97 85 -19
97 172 -13
121 42 -19
121 122 19
121 195 -28
121 133 28
63 207 -19
63 52 -19
207 205 -19
207 206 28
207 133 13
52 41 -13
52 136 -8
52 195 -8
52 53 -28
86 84 8
86 157 -8
86 88 -13
86 7 19
86 85 19
84 155 -19
84 83 8
84 5 13
84 82 -13
157 21 19
157 158 -13
157 145 19
157 169 13
88 87 28
88 159 13
88 9 19
7 18 19
7 146 -19
7 8 -19
85 160 13
85 10 -19
85 73 -13
149 137 -28
149 13 28
149 78 -19
149 161 13
149 150 -8
137 138 -28
137 66 -28
137 2 28
13 15 8
13 89 8
78 77 -8
78 80 -19
78 0 -28
161 162 19
161 24 13
161 173 -19
150 152 -8
150 11 -28
6 8 -13
6 5 -19
6 81 28
6 4 -8
6 141 28
8 10 -28
8 83 28
8 143 -13
5 16 -19
5 144 -13
81 156 19
81 69 -8
81 82 -19
81 93 28
4 3 13
4 79 13
4 2 28
4 139 -8
141 70 -8
141 142 13
141 153 -19
152 151 13
152 154 19
152 77 13
151 15 -13
151 80 13
151 139 8
154 156 -13
154 14 28
154 79 28
154 153 13
77 2 8
77 89 -19
77 65 19
120 190 8
120 119 -8
120 122 19
120 118 -13
190 191 8
190 51 19
119 40 8
119 193 28
119 131 8
119 107 13
122 124 13
122 39 -8
122 192 8
118 117 19
118 116 -8
118 188 -13
118 35 -19
42 41 28
42 40 13
42 181 -13
195 193 -13
195 194 -19
133 134 -8
133 53 -13
186 47 19
186 175 13
186 187 -13
186 116 -19
186 198 19
47 45 19
47 49 13
47 46 -19
47 127 -28
175 176 -19
175 104 8
175 36 19
187 189 -28
187 113 -8
187 44 19
116 33 13
116 115 28
116 114 -28
198 199 28
198 128 19
198 58 -13
41 124 8
41 30 -8
183 171 -28
183 112 28
183 194 8
38 117 -19
38 40 13
38 36 -28
38 177 -19
26 16 8
26 108 -19
26 168 8
26 27 -13
48 132 -28
48 49 -28
48 191 -13
48 59 8
15 17 -8
15 14 28
17 16 -19
17 19 -13
17 153 -8
17 93 8
14 3 28
16 96 8
16 156 -28
96 95 -19
96 98 -28
96 167 8
156 155 -13
156 158 13
148 146 8
148 9 13
148 73 -13
148 147 -13
146 71 -13
146 144 -13
146 145 19
9 10 8
9 20 -8
73 74 13
147 159 -19
147 76 -28
155 19 -13
155 143 -13
155 167 -8
158 160 13
158 18 -19
158 83 19
124 194 28
124 123 28
194 206 19
123 135 -8
123 111 8
95 83 -19
95 170 -19
95 19 28
95 107 -13
83 71 19
170 169 -28
170 172 -19
170 28 19
170 168 8
19 18 8
19 21 28
107 29 -19
107 108 -8
191 189 -13
191 117 -13
191 193 8
51 131 -28
51 53 -8
51 50 8
51 49 -8
30 112 -8
30 172 -28
30 20 -13
11 22 28
11 0 13
22 162 13
22 32 19
22 102 28
0 138 -19
25 27 -19
25 103 8
25 24 -28
164 162 28
164 166 8
164 89 8
164 23 -8
160 159 -19
160 20 -13
159 171 28
20 21 28
20 100 -13
125 45 19
125 126 28
125 113 8
125 199 13
45 44 -19
45 185 -28
126 128 19
126 43 -8
126 196 -8
113 101 -19
113 34 28
113 114 13
199 201 19
199 197 28
199 55 13
189 46 8
189 188 28
189 115 28
46 57 19
46 130 8
46 35 -28
188 200 -8
188 177 -28
188 49 19
115 127 13
115 36 19
115 103 19
99 111 -28
99 100 -13
99 87 -19
111 112 19
100 98 8
100 171 19
87 75 -19
18 28 -8
18 98 -28
28 29 -28
28 39 8
98 169 -13
27 29 -28
27 165 -8
103 104 -13
24 101 19
24 23 -8
108 106 8
168 166 -8
168 167 -13
168 93 8
201 57 8
201 200 -8
201 203 13
201 127 -19
197 196 -8
197 54 8
55 56 -19
55 44 -19
71 72 -13
72 74 13
72 70 8
72 143 -28
169 181 -28
129 130 -13
129 117 19
129 203 -28
129 49 8
130 128 -8
130 132 19
130 200 -28
203 205 13
203 59 8
138 140 13
140 139 8
140 142 -8
140 65 -8
140 1 8
67 68 13
67 79 -13
67 142 19
68 66 28
68 70 19
68 139 28
79 80 8
142 3 -8
142 144 -19
171 172 8
29 167 13
3 82 -13
82 153 -13
82 80 -28
101 89 -28
101 102 -28
101 176 -28
102 104 8
102 173 -13
176 174 -13
176 33 -8
75 76 13
76 74 8
166 165 19
165 177 19
165 153 -19
80 1 8
56 58 28
56 196 -8
44 128 28
44 33 8
128 127 -8
34 33 -13
34 36 8
34 173 8
114 185 8
114 32 8
136 135 -28
136 134 13
136 206 19
134 132 -13
134 50 -19
134 204 -19
174 173 -8
174 32 13
33 23 19
131 205 13
131 132 13
53 192 13
50 193 8
50 39 -8
58 57 -13
74 145 8
145 10 -13
65 66 13
1 2 28
70 69 28
23 104 8
205 204 -19
204 192 19
104 106 -8
106 177 -28
69 144 -19
144 143 19
40 39 8
35 36 8
193 192 8
192 181 28
196 185 -13
54 43 13
173 185 -28
32 43 13
