180 37 28
180 182 28
180 178 28
180 179 13
180 105 28
37 120 8
37 38 8
37 26 28
37 48 -13
182 184 -8
182 39 28
182 181 19
182 107 13
178 176 -28
178 103 19
178 177 -8
178 35 8
179 190 -28
179 167 -13
179 108 8
179 40 8
105 117 8
105 93 13
105 27 13
105 106 28
92 94 -19
92 163 28
92 91 28
92 12 28
92 90 -8
94 14 -28
94 93 -28
94 165 28
94 96 -19
163 175 8
163 25 28
163 151 -13
163 164 -28
91 15 -19
91 166 8
91 103 -13
91 79 19
12 152 19
12 13 -13
12 1 13
12 23 13
90 11 -8
90 161 13
90 89 -28
62 202 -19
62 60 19
62 61 13
62 64 -28
202 190 -8
202 132 8
202 203 -8
60 58 -28
60 200 -19
60 59 -19
61 205 -28
61 50 -8
64 63 19
64 204 -13
109 184 -19
109 110 -19
109 31 -13
109 97 8
109 121 -19
184 41 8
184 183 -8
110 112 -13
110 108 -19
110 28 28
110 181 19
31 29 19
31 30 -13
31 169 19
97 98 -13
97 21 19
97 85 -28
97 172 28
121 42 -28
121 122 13
121 195 13
121 133 -13
63 207 8
63 52 13
207 205 13
207 206 19
207 133 19
52 41 13
52 136 28
52 195 8
52 53 -28
86 84 -8
86 157 -13
86 88 13
86 7 8
86 85 13
84 155 13
84 83 8
84 5 28
84 82 -13
157 21 -28
157 158 -28
157 145 -19
157 169 13
88 87 -28
88 159 13
88 9 -28
7 18 13
7 146 -28
7 8 28
85 160 13
85 10 8
85 73 -8
149 137 -19
149 13 -13
149 78 13
149 161 28
149 150 -8
137 138 -28
137 66 -13
137 2 -19
13 15 -28
13 89 -28
78 77 -13
78 80 19
78 0 8
161 162 8
161 24 28
161 173 -13
150 152 -13
150 11 28
6 8 -8
6 5 -28
6 81 8
6 4 -19
6 141 13
8 10 28
8 83 19
8 143 -28
5 16 -8
5 144 19
81 156 -13
81 69 -19
81 82 -13
81 93 -19
4 3 -13
4 79 19
4 2 -8
4 139 -19
141 70 -19
141 142 13
141 153 -8
152 151 13
152 154 13
152 77 -28
151 15 8
151 80 -13
151 139 -13
154 156 8
154 14 -13
154 79 -13
154 153 19
77 2 -28
77 89 19
77 65 19
120 190 19
120 119 -28
120 122 -13
120 118 -8
190 191 -19
190 51 8
119 40 19
119 193 28
119 131 19
119 107 8
122 124 -28
122 39 8
122 192 13
118 117 13
118 116 -13
118 188 13
118 35 -19
42 41 28
42 40 19
42 181 19
195 193 8
195 194 -8
133 134 8
133 53 -13
186 47 13
186 175 8
186 187 8
186 116 19
186 198 -8
47 45 -8
47 49 28
47 46 -28
47 127 19
175 176 -8
175 104 -13
175 36 28
187 189 -8
187 113 -28
187 44 -8
116 33 28
116 115 28
116 114 -19
198 199 13
198 128 -8
198 58 -13
41 124 -19
41 30 13
183 171 -19
183 112 19
183 194 28
38 117 13
38 40 -28
38 36 -28
38 177 8
26 16 -28
26 108 -8
26 168 13
26 27 -19
48 132 -8
48 49 -13
48 191 28
48 59 -19
15 17 28
15 14 13
17 16 8
17 19 -8
17 153 13
17 93 -19
14 3 8
16 96 13
16 156 28
96 95 13
96 98 -19
96 167 19
156 155 13
156 158 13
148 146 13
148 9 -28
148 73 -19
148 147 -13
146 71 19
146 144 -8
146 145 19
9 10 13
9 20 28
73 74 8
147 159 -8
147 76 28
155 19 -8
155 143 -19
155 167 -13
158 160 8
158 18 -19
158 83 13
124 194 19
124 123 -28
194 206 -8
123 135 28
123 111 19
95 83 -19
95 170 -19
95 19 -8
95 107 19
83 71 -13
170 169 -28
170 172 28
170 28 13
170 168 -13
19 18 -8
19 21 28
107 29 -13
107 108 13
191 189 19
191 117 19
191 193 -13
51 131 8
51 53 13
51 50 28
51 49 8
30 112 -8
30 172 -8
30 20 19
11 22 8
11 0 -8
22 162 8
22 32 -8
22 102 19
0 138 -28
25 27 -19
25 103 8
25 24 -19
164 162 28
164 166 -28
164 89 -28
164 23 -8
160 159 -28
160 20 -13
159 171 -19
20 21 -19
20 100 8
125 45 -19
125 126 13
125 113 -19
125 199 -19
45 44 8
45 185 28
126 128 -19
126 43 -13
126 196 8
113 101 19
113 34 -19
113 114 13
199 201 -28
199 197 19
199 55 -19
189 46 -19
189 188 28
189 115 -8
46 57 -19
46 130 -28
46 35 -13
188 200 -19
188 177 -19
188 49 -28
115 127 28
115 36 -19
115 103 -19
99 111 -19
99 100 -8
99 87 13
111 112 19
100 98 -13
100 171 28
87 75 -19
18 28 -8
18 98 8
28 29 -13
28 39 -13
98 169 -28
27 29 19
27 165 -28
103 104 -28
24 101 8
24 23 8
108 106 8
168 166 8
168 167 19
168 93 19
201 57 -19
201 200 -19
201 203 19
201 127 -28
197 196 -19
197 54 28
55 56 8
55 44 -13
71 72 -28
72 74 19
72 70 13
72 143 8
169 181 -8
129 130 -28
129 117 -13
129 203 28
129 49 -13
130 128 19
130 132 13
130 200 28
203 205 -28
203 59 19
138 140 -19
140 139 19
140 142 28
140 65 8
140 1 -28
67 68 19
67 79 13
67 142 19
68 66 8
68 70 -8
68 139 -28
79 80 -28
142 3 28
142 144 -13
171 172 -8
29 167 -13
3 82 -8
82 153 28
82 80 28
101 89 -19
101 102 8
101 176 -19
102 104 -28
102 173 13
176 174 13
176 33 13
75 76 13
76 74 19
166 165 13
165 177 8
165 153 28
80 1 -19
56 58 -28
56 196 -8
44 128 -19
44 33 8
128 127 -28
34 33 -8
34 36 8
34 173 -19
114 185 -19
114 32 -13
136 135 19
136 134 -8
136 206 -28
134 132 -28
134 50 -13
134 204 -28
174 173 13
174 32 -28
33 23 -13
131 205 28
131 132 13
53 192 -19
50 193 -19
50 39 -19
58 57 8
74 145 13
145 10 -19
65 66 -8
1 2 19
70 69 8
23 104 28
205 204 -28
204 192 -13
104 106 19
106 177 -28
69 144 -19
144 143 -19
40 39 19
35 36 -28
193 192 13
192 181 -8
196 185 19
54 43 -13
173 185 -8
32 43 -19
