180 37 -8
180 182 8
180 178 8
180 179 19
180 105 -8
37 120 -28
37 38 19
37 26 -28
37 48 13
182 184 28
182 39 -28
182 181 -28
182 107 -28
178 176 19
178 103 8
178 177 -13
178 35 8
179 190 -28
179 167 8
179 108 28
179 40 13
105 117 13
105 93 8
105 27 -28
105 106 13
92 94 28
92 163 -28
92 91 -19
92 12 -28
92 90 -28
94 14 -13
94 93 19
94 165 28
94 96 19
163 175 13
163 25 -13
163 151 28
163 164 13
91 15 -8
91 166 -8
91 103 -19
91 79 19
12 152 -28
12 13 -28
12 1 -8
12 23 -8
90 11 -13
90 161 13
90 89 -19
62 202 19
62 60 8
62 61 8
62 64 8
202 190 28
202 132 -19
202 203 28
60 58 28
60 200 8
60 59 13
61 205 19
61 50 8
64 63 8
64 204 28
109 184 19
109 110 -19
109 31 28
109 97 8
109 121 28
184 41 28
184 183 19
110 112 -19
110 108 28
110 28 13
110 181 -19
31 29 28
31 30 8
31 169 -19
97 98 -19
97 21 13
97 85 13
97 172 28
121 42 19
121 122 -13
121 195 -8
121 133 28
63 207 -19
63 52 8
207 205 -8
207 206 19
207 133 19
52 41 -28
52 136 -13
52 195 -8
52 53 19
86 84 -19
86 157 28
86 88 -8
86 7 8
86 85 -19
84 155 -28
84 83 -8
84 5 -28
84 82 -8
157 21 -8
157 158 -13
157 145 -8
157 169 -8
88 87 8
88 159 -8
88 9 13
7 18 13
7 146 13
7 8 -19
85 160 28
85 10 8
85 73 13
149 137 -28
149 13 28
149 78 8
149 161 8
149 150 8
137 138 8
137 66 -8
137 2 19
13 15 -8
13 89 -8
78 77 -19
78 80 8
78 0 -8
161 162 13
161 24 -19
161 173 13
150 152 28
150 11 8
6 8 8
6 5 -13
6 81 8
6 4 -19
6 141 -13
8 10 -19
8 83 -13
8 143 -28
5 16 -13
5 144 8
81 156 13
81 69 -13
81 82 19
81 93 -13
4 3 13
4 79 28
4 2 -13
4 139 13
141 70 8
141 142 -8
141 153 19
152 151 -13
152 154 -13
152 77 -19
151 15 -28
151 80 -19
151 139 -28
154 156 -19
154 14 -8
154 79 28
154 153 -8
77 2 8
77 89 19
77 65 13
120 190 19
120 119 28
120 122 8
120 118 -8
190 191 -28
190 51 -8
119 40 19
119 193 13
119 131 -19
119 107 -28
122 124 8
122 39 8
122 192 -28
118 117 8
118 116 -19
118 188 -13
118 35 -13
42 41 28
42 40 -13
42 181 19
195 193 13
195 194 28
133 134 19
133 53 8
186 47 -28
186 175 8
186 187 -8
186 116 8
186 198 -28
47 45 -19
47 49 19
47 46 -28
47 127 13
175 176 -19
175 104 -19
175 36 -13
187 189 13
187 113 19
187 44 -28
116 33 -28
116 115 -28
116 114 -28
198 199 -19
198 128 8
198 58 -19
41 124 -28
41 30 -13
183 171 13
183 112 19
183 194 -28
38 117 -13
38 40 28
38 36 13
38 177 19
26 16 13
26 108 -13
26 168 28
26 27 13
48 132 28
48 49 19
48 191 13
48 59 19
15 17 -28
15 14 -13
17 16 19
17 19 28
17 153 -19
17 93 28
14 3 13
16 96 -19
16 156 -28
96 95 13
96 98 -28
96 167 8
156 155 -19
156 158 -8
148 146 13
148 9 -8
148 73 -13
148 147 28
146 71 19
146 144 19
146 145 19
9 10 8
9 20 -19
73 74 28
147 159 8
147 76 8
155 19 -19
155 143 -28
155 167 -13
158 160 28
158 18 19
158 83 -8
124 194 13
124 123 -8
194 206 8
123 135 19
123 111 28
95 83 28
95 170 19
95 19 19
95 107 -13
83 71 -19
170 169 13
170 172 -13
170 28 19
170 168 -13
19 18 13
19 21 13
107 29 13
107 108 13
191 189 13
191 117 13
191 193 28
51 131 -13
51 53 -28
51 50 -19
51 49 19
30 112 19
30 172 8
30 20 -28
11 22 -8
11 0 28
22 162 8
22 32 8
22 102 13
0 138 -28
25 27 -19
25 103 13
25 24 -28
164 162 13
164 166 19
164 89 28
164 23 19
160 159 -8
160 20 -8
159 171 -19
20 21 -13
20 100 -13
125 45 -28
125 126 -28
125 113 8
125 199 -8
45 44 -13
45 185 28
126 128 -19
126 43 13
126 196 8
113 101 8
113 34 28
113 114 13
199 201 -13
199 197 19
199 55 28
189 46 13
189 188 -19
189 115 -28
46 57 28
46 130 13
46 35 19
188 200 13
188 177 -19
188 49 13
115 127 -19
115 36 13
115 103 -13
99 111 -28
99 100 8
99 87 8
111 112 -8
100 98 -28
100 171 -19
87 75 -19
18 28 -13
18 98 -28
28 29 -19
28 39 19
98 169 -13
27 29 19
27 165 28
103 104 8
24 101 28
24 23 -8
108 106 8
168 166 19
168 167 -28
168 93 8
201 57 -19
201 200 8
201 203 8
201 127 -13
197 196 8
197 54 -19
55 56 28
55 44 -19
71 72 8
72 74 28
72 70 -8
72 143 13
169 181 -19
129 130 13
129 117 -19
129 203 13
129 49 -8
130 128 28
130 132 8
130 200 -8
203 205 19
203 59 8
138 140 28
140 139 -28
140 142 8
140 65 -8
140 1 8
67 68 -8
67 79 8
67 142 -28
68 66 8
68 70 28
68 139 19
79 80 -8
142 3 19
142 144 -8
171 172 13
29 167 19
3 82 28
82 153 -28
82 80 19
101 89 13
101 102 28
101 176 -28
102 104 -19
102 173 19
176 174 8
176 33 19
75 76 13
76 74 28
166 165 13
165 177 28
165 153 13
80 1 -28
56 58 28
56 196 -13
44 128 -8
44 33 19
128 127 19
34 33 -8
34 36 13
34 173 -8
114 185 -8
114 32 -28
136 135 19
136 134 13
136 206 19
134 132 -13
134 50 28
134 204 -13
174 173 8
174 32 8
33 23 28
131 205 8
131 132 -8
53 192 -28
50 193 -8
50 39 -8
58 57 19
74 145 28
145 10 -8
65 66 -13
1 2 -19
70 69 19
23 104 -8
205 204 8
204 192 -19
104 106 13
106 177 13
69 144 -28
144 143 8
40 39 13
35 36 -8
193 192 -8
192 181 -19
196 185 13
54 43 -8
173 185 13
32 43 8
