180 37 -19
180 182 13
180 178 8
180 179 -28
180 105 -19
37 120 13
37 38 -13
37 26 28
37 48 28
182 184 -13
182 39 13
182 181 -8
182 107 19
178 176 13
178 103 28
178 177 8
178 35 8
179 190 -28
179 167 28
179 108 13
179 40 -28
105 117 -13
105 93 -13
105 27 -28
105 106 -8
92 94 19
92 163 -8
92 91 19
92 12 8
92 90 -8
94 14 -8
94 93 -8
94 165 -8
94 96 -28
163 175 13
163 25 -8
163 151 -13
163 164 -19
91 15 28
91 166 19
91 103 -8
91 79 19
12 152 8
12 13 -19
12 1 -19
12 23 19
90 11 28
90 161 19
90 89 13
62 202 -13
62 60 13
62 61 -19
62 64 19
202 190 -13
202 132 -8
202 203 -8
60 58 -8
60 200 19
60 59 19
61 205 19
61 50 28
64 63 -19
64 204 -19
109 184 -8
109 110 13
109 31 -13
109 97 -28
109 121 -8
184 41 -8
184 183 8
110 112 19
110 108 28
110 28 13
110 181 8
31 29 -28
31 30 -19
31 169 -28
97 98 -28
97 21 -28
97 85 8
97 172 13
121 42 -8
121 122 8
121 195 -28
121 133 8
63 207 19
63 52 -19
207 205 28
207 206 13
207 133 8
52 41 28
52 136 13
52 195 13
52 53 8
86 84 19
86 157 8
86 88 -8
86 7 19
86 85 8
84 155 -19
84 83 28
84 5 8
84 82 28
157 21 -28
157 158 -28
157 145 -28
157 169 8
88 87 28
88 159 -19
88 9 28
7 18 19
7 146 -8
7 8 28
85 160 19
85 10 -28
85 73 28
149 137 -28
149 13 13
149 78 -19
149 161 28
149 150 -13
137 138 -13
137 66 13
137 2 8
13 15 -8
13 89 8
78 77 -13
78 80 28
78 0 28
161 162 19
161 24 28
161 173 19
150 152 -28
150 11 -13
6 8 -8
6 5 13
6 81 -19
6 4 -28
6 141 -8
8 10 13
8 83 8
8 143 19
5 16 -13
5 144 -8
81 156 -19
81 69 19
81 82 8
81 93 -13
4 3 -28
4 79 13
4 2 8
4 139 -13
141 70 8
141 142 19
141 153 19
152 151 19
152 154 19
152 77 13
151 15 13
151 80 -8
151 139 -19
154 156 -28
154 14 -8
154 79 -8
154 153 -19
77 2 -28
77 89 -19
77 65 28
120 190 8
120 119 -8
120 122 19
120 118 -8
190 191 -13
190 51 13
119 40 8
119 193 8
119 131 19
119 107 19
122 124 8
122 39 -19
122 192 28
118 117 -8
118 116 13
118 188 8
118 35 28
42 41 -28
42 40 8
42 181 -28
195 193 -8
195 194 28
133 134 28
133 53 -28
186 47 -13
186 175 28
186 187 28
186 116 19
186 198 13
47 45 -13
47 49 -19
47 46 19
47 127 28
175 176 13
175 104 28
175 36 -13
187 189 -28
187 113 8
187 44 -13
116 33 13
116 115 19
116 114 -19
198 199 13
198 128 13
198 58 -13
41 124 28
41 30 -28
183 171 13
183 112 8
183 194 -19
38 117 -8
38 40 19
38 36 -28
38 177 28
26 16 -28
26 108 -13
26 168 -13
26 27 -19
48 132 -13
48 49 -13
48 191 -13
48 59 13
15 17 -28
15 14 -28
17 16 13
17 19 -28
17 153 -19
17 93 -28
14 3 -28
16 96 -8
16 156 19
96 95 8
96 98 -28
96 167 13
156 155 -28
156 158 8
148 146 13
148 9 -28
148 73 -13
148 147 8
146 71 19
146 144 8
146 145 8
9 10 8
9 20 13
73 74 -8
147 159 8
147 76 -13
155 19 -19
155 143 28
155 167 -13
158 160 -8
158 18 -8
158 83 -13
124 194 19
124 123 -13
194 206 19
123 135 28
123 111 13
95 83 -28
95 170 -19
95 19 28
95 107 19
83 71 -13
170 169 -8
170 172 -19
170 28 28
170 168 -28
19 18 -19
19 21 -8
107 29 -13
107 108 -28
191 189 13
191 117 -28
191 193 19
51 131 -19
51 53 13
51 50 13
51 49 -13
30 112 28
30 172 -13
30 20 -19
11 22 28
11 0 -19
22 162 8
22 32 19
22 102 -28
0 138 28
25 27 8
25 103 -13
25 24 -19
164 162 -28
164 166 -19
164 89 -13
164 23 8
160 159 -28
160 20 -8
159 171 8
20 21 19
20 100 13
125 45 -8
125 126 -8
125 113 28
125 199 -19
45 44 -19
45 185 19
126 128 28
126 43 13
126 196 19
113 101 -13
113 34 -13
113 114 -28
199 201 -13
199 197 -8
199 55 19
189 46 -28
189 188 19
189 115 28
46 57 8
46 130 -8
46 35 -19
188 200 -19
188 177 -19
188 49 19
115 127 13
115 36 8
115 103 19
99 111 -19
99 100 13
99 87 -13
111 112 19
100 98 13
100 171 19
87 75 13
18 28 28
18 98 -19
28 29 -28
28 39 -13
98 169 28
27 29 -8
27 165 -19
103 104 -28
24 101 -13
24 23 -8
108 106 13
168 166 13
168 167 19
168 93 -8
201 57 28
201 200 28
201 203 -8
201 127 -19
197 196 8
197 54 28
55 56 8
55 44 13
71 72 8
72 74 8
72 70 8
72 143 -28
169 181 -8
129 130 -28
129 117 -8
129 203 -8
129 49 28
130 128 -13
130 132 19
130 200 19
203 205 8
203 59 -13
138 140 -28
140 139 -13
140 142 -28
140 65 28
140 1 -13
67 68 -13
67 79 13
67 142 -28
68 66 -13
68 70 -13
68 139 19
79 80 -13
142 3 -8
142 144 -8
171 172 8
29 167 19
3 82 -28
82 153 -19
82 80 19
101 89 13
101 102 8
101 176 -8
102 104 -13
102 173 13
176 174 -19
176 33 8
75 76 19
76 74 -19
166 165 13
165 177 -28
165 153 -19
80 1 28
56 58 8
56 196 19
44 128 -19
44 33 13
128 127 -19
34 33 -13
34 36 -8
34 173 13
114 185 -28
114 32 8
136 135 -8
136 134 19
136 206 -28
134 132 -28
134 50 19
134 204 8
174 173 28
174 32 -13
33 23 -19
131 205 19
131 132 13
53 192 8
50 193 -28
50 39 19
58 57 8
74 145 -19
145 10 -13
65 66 13
1 2 19
70 69 -19
23 104 19
205 204 -8
204 192 8
104 106 -13
106 177 -19
69 144 8
144 143 28
40 39 -13
35 36 -28
193 192 28
192 181 -28
196 185 13
54 43 -28
173 185 -19
32 43 -8
