180 37 13
180 182 19
180 178 8
180 179 28
180 105 -13
37 120 19
37 38 -8
37 26 -19
37 48 -19
182 184 28
182 39 28
182 181 19
182 107 -28
178 176 13
178 103 13
178 177 13
178 35 13
179 190 8
179 167 13
179 108 8
179 40 -28
105 117 -28
105 93 13
105 27 -19
105 106 28
92 94 -28
92 163 -13
92 91 -28
92 12 -13
92 90 -28
94 14 -28
94 93 28
94 165 -19
94 96 8
163 175 28
163 25 -19
163 151 19
163 164 -19
91 15 13
91 166 -8
91 103 28
91 79 19
12 152 -8
12 13 -13
12 1 8
12 23 19
90 11 -28
90 161 19
90 89 13
62 202 19
62 60 28
62 61 19
62 64 -28
202 190 -13
202 132 19
202 203 -19
60 58 -8
60 200 8
60 59 13
61 205 -19
61 50 -28
64 63 28
64 204 -28
109 184 -13
109 110 13
109 31 -8
109 97 8
109 121 -28
184 41 13
184 183 -28
110 112 13
110 108 28
110 28 13
110 181 -19
31 29 -28
31 30 19
31 169 -8
97 98 -13
97 21 8
97 85 13
97 172 28
121 42 -13
121 122 13
121 195 8
121 133 -8
63 207 28
63 52 19
207 205 19
207 206 -28
207 133 13
52 41 -28
52 136 8
52 195 -28
52 53 -28
86 84 28
86 157 -19
86 88 13
86 7 13
86 85 -13
84 155 -19
84 83 28
84 5 19
84 82 19
157 21 -13
157 158 19
157 145 8
157 169 -8
88 87 -13
88 159 -19
88 9 -28
7 18 -19
7 146 -28
7 8 -19
85 160 8
85 10 28
85 73 28
149 137 13
149 13 -19
149 78 28
149 161 -28
149 150 8
137 138 -19
137 66 -28
137 2 28
13 15 -13
13 89 28
78 77 -8
78 80 28
78 0 13
161 162 -8
161 24 13
161 173 -19
150 152 28
150 11 13
6 8 28
6 5 -28
6 81 28
6 4 -13
6 141 13
8 10 8
8 83 -8
8 143 28
5 16 8
5 144 -19
81 156 -8
81 69 28
81 82 28
81 93 13
4 3 13
4 79 28
4 2 -28
4 139 -13
141 70 8
141 142 -19
141 153 8
152 151 13
152 154 13
152 77 -8
151 15 -28
151 80 28
151 139 -19
154 156 19
154 14 -13
154 79 19
154 153 -28
77 2 -13
77 89 -28
77 65 28
120 190 -28
120 119 -8
120 122 -13
120 118 -19
190 191 28
190 51 -13
119 40 -28
119 193 13
119 131 -8
119 107 19
122 124 19
122 39 -8
122 192 -13
118 117 28
118 116 13
118 188 8
118 35 19
42 41 -28
42 40 28
42 181 28
195 193 8
195 194 19
133 134 8
133 53 -13
186 47 28
186 175 8
186 187 -8
186 116 8
186 198 28
47 45 -28
47 49 -13
47 46 28
47 127 -19
175 176 28
175 104 -28
175 36 8
187 189 28
187 113 -28
187 44 13
116 33 -13
116 115 19
116 114 28
198 199 8
198 128 -28
198 58 19
41 124 -19
41 30 -13
183 171 28
183 112 8
183 194 -13
38 117 -8
38 40 8
38 36 8
38 177 8
26 16 13
26 108 -19
26 168 8
26 27 -13
48 132 28
48 49 8
48 191 13
48 59 8
15 17 19
15 14 19
17 16 -28
17 19 -13
17 153 -28
17 93 19
14 3 -13
16 96 -19
16 156 8
96 95 -8
96 98 -28
96 167 28
156 155 8
156 158 28
148 146 28
148 9 13
148 73 -19
148 147 -13
146 71 -13
146 144 -28
146 145 28
9 10 13
9 20 -19
73 74 13
147 159 -28
147 76 -28
155 19 13
155 143 -13
155 167 -19
158 160 -19
158 18 -13
158 83 28
124 194 8
124 123 28
194 206 28
123 135 28
123 111 -13
95 83 19
95 170 28
95 19 8
95 107 19
83 71 8
170 169 -13
170 172 19
170 28 -8
170 168 19
19 18 -8
19 21 28
107 29 28
107 108 -8
191 189 -19
191 117 19
191 193 8
51 131 28
51 53 8
51 50 8
51 49 -19
30 112 28
30 172 -8
30 20 -8
11 22 13
11 0 28
22 162 -13
22 32 -28
22 102 -28
0 138 8
25 27 8
25 103 -13
25 24 -28
164 162 -28
164 166 -28
164 89 8
164 23 8
160 159 8
160 20 -8
159 171 13
20 21 -28
20 100 28
125 45 8
125 126 19
125 113 28
125 199 -19
45 44 28
45 185 28
126 128 -13
126 43 -19
126 196 -8
113 101 8
113 34 8
113 114 19
199 201 28
199 197 8
199 55 -19
189 46 -8
189 188 -28
189 115 -28
46 57 -28
46 130 -13
46 35 -8
188 200 19
188 177 -8
188 49 13
115 127 -19
115 36 8
115 103 13
99 111 19
99 100 -28
99 87 -13
111 112 -8
100 98 8
100 171 -8
87 75 28
18 28 -28
18 98 -8
28 29 8
28 39 -28
98 169 13
27 29 19
27 165 8
103 104 28
24 101 8
24 23 13
108 106 8
168 166 13
168 167 -8
168 93 -13
201 57 8
201 200 19
201 203 13
201 127 13
197 196 8
197 54 8
55 56 -8
55 44 -19
71 72 28
72 74 -28
72 70 28
72 143 19
169 181 -8
129 130 -8
129 117 -28
129 203 -8
129 49 -28
130 128 8
130 132 19
130 200 -28
203 205 8
203 59 13
138 140 -19
140 139 19
140 142 8
140 65 -28
140 1 28
67 68 -28
67 79 19
67 142 8
68 66 -8
68 70 -8
68 139 -19
79 80 28
142 3 8
142 144 8
171 172 -28
29 167 -19
3 82 -19
82 153 -13
82 80 -28
101 89 -8
101 102 -8
101 176 -19
102 104 -13
102 173 -13
176 174 28
176 33 8
75 76 28
76 74 -13
166 165 13
165 177 13
165 153 -13
80 1 -28
56 58 19
56 196 -8
44 128 -19
44 33 -28
128 127 -28
34 33 8
34 36 -28
34 173 13
114 185 19
114 32 8
136 135 8
136 134 19
136 206 -13
134 132 -19
134 50 13
134 204 19
174 173 28
174 32 -28
33 23 28
131 205 -13
131 132 8
53 192 -19
50 193 13
50 39 -28
58 57 28
74 145 19
145 10 28
65 66 -19
1 2 28
70 69 -8
23 104 -8
205 204 13
204 192 -28
104 106 8
106 177 19
69 144 -19
144 143 8
40 39 8
35 36 -8
193 192 8
192 181 28
196 185 -28
54 43 -8
173 185 19
32 43 -19
