180 37 -28
180 182 19
180 178 -19
180 179 13
180 105 19
37 120 -8
37 38 -19
37 26 -13
37 48 8
182 184 -8
182 39 -13
182 181 -13
182 107 19
178 176 19
178 103 -8
178 177 8
178 35 19
179 190 -28
179 167 8
179 108 13
179 40 13
105 117 19
105 93 -28
105 27 19
105 106 8
92 94 -28
92 163 19
92 91 19
92 12 8
92 90 -13
94 14 13
94 93 8
94 165 -28
94 96 -28
163 175 -19
163 25 8
163 151 -19
163 164 -13
91 15 -28
91 166 8
91 103 13
91 79 -8
12 152 28
12 13 28
12 1 19
12 23 -19
90 11 19
90 161 -28
90 89 13
62 202 -28
62 60 8
62 61 8
62 64 -8
202 190 -8
202 132 8
202 203 -28
60 58 28
60 200 28
60 59 -19
61 205 -19
61 50 19
64 63 19
64 204 -28
109 184 -8
109 110 8
109 31 -28
109 97 -8
109 121 -8
184 41 13
184 183 28
110 112 8
110 108 -8
110 28 8
110 181 28
31 29 -28
31 30 19
31 169 -8
97 98 8
97 21 -28
97 85 28
97 172 8
121 42 -28
121 122 -8
121 195 -13
121 133 -28
63 207 28
63 52 8
207 205 -8
207 206 28
207 133 -28
52 41 -8
52 136 8
52 195 19
52 53 28
86 84 -8
86 157 -19
86 88 -19
86 7 -19
86 85 -8
84 155 8
84 83 -28
84 5 13
84 82 -28
157 21 13
157 158 19
157 145 8
157 169 28
88 87 -19
88 159 8
88 9 -19
7 18 19
7 146 8
7 8 13
85 160 -8
85 10 -28
85 73 8
149 137 28
149 13 -8
149 78 -13
149 161 -8
149 150 -28
137 138 19
137 66 -19
137 2 -8
13 15 -19
13 89 28
78 77 -13
78 80 -13
78 0 -28
161 162 -19
161 24 -28
161 173 -13
150 152 8
150 11 -28
6 8 -13
6 5 -8
6 81 28
6 4 8
6 141 -19
8 10 28
8 83 -8
8 143 -28
5 16 28
5 144 -28
81 156 28
81 69 -8
81 82 -8
81 93 -13
4 3 -19
4 79 -13
4 2 -28
4 139 -19
141 70 8
141 142 28
141 153 -19
152 151 -13
152 154 -19
152 77 -8
151 15 8
151 80 13
151 139 13
154 156 13
154 14 28
154 79 13
154 153 -28
77 2 28
77 89 -8
77 65 28
120 190 -13
120 119 -13
120 122 -13
120 118 -13
190 191 -28
190 51 -8
119 40 19
119 193 -8
119 131 13
119 107 -19
122 124 -28
122 39 19
122 192 -28
118 117 -13
118 116 8
118 188 -8
118 35 28
42 41 -28
42 40 -8
42 181 -19
195 193 -28
195 194 13
133 134 28
133 53 8
186 47 -19
186 175 19
186 187 28
186 116 28
186 198 -8
47 45 -8
47 49 -19
47 46 -13
47 127 -13
175 176 -28
175 104 -13
175 36 28
187 189 -13
187 113 13
187 44 -13
116 33 -19
116 115 -28
116 114 -28
198 199 -8
198 128 13
198 58 -8
41 124 28
41 30 -19
183 171 -8
183 112 -13
183 194 28
38 117 19
38 40 8
38 36 13
38 177 8
26 16 -28
26 108 19
26 168 -19
26 27 8
48 132 19
48 49 8
48 191 13
48 59 28
15 17 -19
15 14 19
17 16 -13
17 19 -13
17 153 28
17 93 -8
14 3 8
16 96 28
16 156 -13
96 95 -8
96 98 8
96 167 8
156 155 28
156 158 13
148 146 -13
148 9 8
148 73 -13
148 147 13
146 71 28
146 144 8
146 145 -28
9 10 19
9 20 19
73 74 28
147 159 13
147 76 -8
155 19 -13
155 143 -8
155 167 -28
158 160 28
158 18 8
158 83 8
124 194 -28
124 123 28
194 206 -28
123 135 28
123 111 19
95 83 -28
95 170 8
95 19 -13
95 107 8
83 71 8
170 169 28
170 172 8
170 28 -8
170 168 19
19 18 13
19 21 28
107 29 -19
107 108 8
191 189 -19
191 117 -19
191 193 -8
51 131 -13
51 53 13
51 50 -19
51 49 -28
30 112 -19
30 172 8
30 20 19
11 22 28
11 0 8
22 162 8
22 32 -8
22 102 -19
0 138 -8
25 27 -28
25 103 19
25 24 -8
164 162 8
164 166 8
164 89 -28
164 23 -19
160 159 -8
160 20 19
159 171 8
20 21 -28
20 100 -8
125 45 28
125 126 8
125 113 19
125 199 8
45 44 8
45 185 -28
126 128 -8
126 43 8
126 196 -8
113 101 19
113 34 13
113 114 -19
199 201 28
199 197 13
199 55 -13
189 46 13
189 188 -28
189 115 -8
46 57 8
46 130 -28
46 35 -8
188 200 -28
188 177 -19
188 49 -19
115 127 -13
115 36 -28
115 103 -13
99 111 19
99 100 19
99 87 -28
111 112 8
100 98 -19
100 171 13
87 75 -8
18 28 28
18 98 -28
28 29 -19
28 39 -28
98 169 -19
27 29 -13
27 165 28
103 104 -28
24 101 -28
24 23 -13
108 106 28
168 166 -8
168 167 -13
168 93 -13
201 57 -13
201 200 28
201 203 8
201 127 28
197 196 28
197 54 -28
55 56 8
55 44 -19
71 72 -8
72 74 28
72 70 -13
72 143 -13
169 181 -19
129 130 13
129 117 8
129 203 -28
129 49 13
130 128 13
130 132 8
130 200 13
203 205 19
203 59 28
138 140 13
140 139 8
140 142 -28
140 65 13
140 1 28
67 68 8
67 79 -28
67 142 13
68 66 19
68 70 28
68 139 13
79 80 -8
142 3 19
142 144 -13
171 172 19
29 167 -8
3 82 13
82 153 -28
82 80 13
101 89 -19
101 102 13
101 176 -19
102 104 -13
102 173 19
176 174 8
176 33 -13
75 76 13
76 74 -13
166 165 -28
165 177 13
165 153 8
80 1 8
56 58 8
56 196 8
44 128 -8
44 33 19
128 127 -13
34 33 28
34 36 -28
34 173 19
114 185 -28
114 32 19
136 135 -8
136 134 19
136 206 8
134 132 -13
134 50 -28
134 204 -8
174 173 -13
174 32 8
33 23 -8
131 205 -19
131 132 28
53 192 8
50 193 28
50 39 8
58 57 13
74 145 13
145 10 -8
65 66 -19
1 2 -8
70 69 19
23 104 -13
205 204 -28
204 192 -13
104 106 -13
106 177 -8
69 144 -13
144 143 -8
40 39 8
35 36 -8
193 192 13
192 181 -8
196 185 28
54 43 -13
173 185 -8
32 43 19
