180 37 -19
180 182 19
180 178 13
180 179 -8
180 105 -28
37 120 28
37 38 -13
37 26 19
37 48 -13
182 184 -13
182 39 28
182 181 8
182 107 -8
178 176 28
178 103 -13
178 177 8
178 35 19
179 190 8
179 167 -19
179 108 -28
179 40 -28
105 117 8
105 93 28
105 27 -13
105 106 28
92 94 8
92 163 -19
92 91 -13
92 12 28
92 90 -19
94 14 -19
94 93 -13
94 165 -28
94 96 28
163 175 -8
163 25 19
163 151 -8
163 164 -28
91 15 19
91 166 13
91 103 -28
91 79 -19
12 152 -19
12 13 -28
12 1 -13
12 23 19
90 11 28
90 161 -8
90 89 13
62 202 28
62 60 -19
62 61 -19
62 64 28
202 190 -8
202 132 19
202 203 8
60 58 -19
60 200 13
60 59 -28
61 205 19
61 50 13
64 63 28
64 204 28
109 184 -13
109 110 28
109 31 13
109 97 13
109 121 28
184 41 19
184 183 -28
110 112 -13
110 108 -28
110 28 -28
110 181 -19
31 29 -8
31 30 -8
31 169 19
97 98 -13
97 21 -8
97 85 -28
97 172 -13
121 42 -8
121 122 -8
121 195 13
121 133 13
63 207 13
63 52 19
207 205 8
207 206 -13
207 133 -8
52 41 -8
52 136 13
52 195 8
52 53 8
86 84 8
86 157 8
86 88 -8
86 7 13
86 85 28
84 155 -8
84 83 -28
84 5 -13
84 82 -8
157 21 -19
157 158 28
157 145 13
157 169 13
88 87 13
88 159 28
88 9 28
7 18 28
7 146 -8
7 8 -28
85 160 8
85 10 28
85 73 13
149 137 -8
149 13 19
149 78 13
149 161 -19
149 150 -13
137 138 -19
137 66 13
137 2 -28
13 15 -13
13 89 -8
78 77 -8
78 80 -28
78 0 13
161 162 -8
161 24 8
161 173 19
150 152 -19
150 11 -8
6 8 -13
6 5 28
6 81 8
6 4 8
6 141 -19
8 10 -8
8 83 -8
8 143 -8
5 16 -8
5 144 -28
81 156 28
81 69 -13
81 82 19
81 93 8
4 3 28
4 79 -8
4 2 -28
4 139 -19
141 70 19
141 142 28
141 153 -19
152 151 -8
152 154 8
152 77 8
151 15 -19
151 80 28
151 139 -28
154 156 13
154 14 -13
154 79 28
154 153 -8
77 2 19
77 89 13
77 65 13
120 190 -28
120 119 13
120 122 28
120 118 -28
190 191 -8
190 51 -28
119 40 -13
119 193 13
119 131 -19
119 107 -28
122 124 28
122 39 -13
122 192 -13
118 117 -28
118 116 19
118 188 28
118 35 -19
42 41 8
42 40 -19
42 181 13
195 193 -8
195 194 13
133 134 -8
133 53 28
186 47 -28
186 175 -28
186 187 -19
186 116 28
186 198 -28
47 45 -28
47 49 19
47 46 19
47 127 -8
175 176 -13
175 104 19
175 36 8
187 189 19
187 113 8
187 44 -19
116 33 -19
116 115 -19
116 114 -19
198 199 28
198 128 8
198 58 -8
41 124 8
41 30 8
183 171 8
183 112 -8
183 194 8
38 117 28
38 40 -8
38 36 -28
38 177 -28
26 16 8
26 108 -8
26 168 19
26 27 -13
48 132 19
48 49 28
48 191 8
48 59 -19
15 17 -13
15 14 -13
17 16 -19
17 19 13
17 153 28
17 93 -28
14 3 -13
16 96 -28
16 156 -19
96 95 -8
96 98 -19
96 167 19
156 155 -19
156 158 19
148 146 -19
148 9 13
148 73 -8
148 147 13
146 71 -28
146 144 -13
146 145 -19
9 10 -13
9 20 -13
73 74 8
147 159 8
147 76 -19
155 19 -28
155 143 8
155 167 28
158 160 8
158 18 8
158 83 8
124 194 28
124 123 -13
194 206 8
123 135 28
123 111 -8
95 83 28
95 170 19
95 19 19
95 107 28
83 71 -8
170 169 13
170 172 -28
170 28 -13
170 168 -19
19 18 -13
19 21 28
107 29 28
107 108 28
191 189 -8
191 117 13
191 193 -13
51 131 8
51 53 -8
51 50 28
51 49 -13
30 112 28
30 172 28
30 20 -28
11 22 -13
11 0 -19
22 162 -13
22 32 19
22 102 -19
0 138 8
25 27 -13
25 103 -8
25 24 -28
164 162 -13
164 166 -13
164 89 -19
164 23 -13
160 159 28
160 20 -8
159 171 -8
20 21 -28
20 100 8
125 45 8
125 126 -8
125 113 8
125 199 -13
45 44 19
45 185 13
126 128 -8
126 43 -8
126 196 28
113 101 -8
113 34 13
113 114 -19
199 201 -19
199 197 28
199 55 -13
189 46 28
189 188 8
189 115 -19
46 57 -13
46 130 13
46 35 -13
188 200 13
188 177 13
188 49 28
115 127 -13
115 36 19
115 103 28
99 111 8
99 100 8
99 87 -13
111 112 -8
100 98 -28
100 171 8
87 75 -13
18 28 -8
18 98 28
28 29 -8
28 39 28
98 169 -13
27 29 28
27 165 19
103 104 28
24 101 -28
24 23 28
108 106 19
168 166 19
168 167 13
168 93 13
201 57 -13
201 200 28
201 203 -8
201 127 -19
197 196 28
197 54 8
55 56 28
55 44 8
71 72 19
72 74 -13
72 70 19
72 143 8
169 181 -28
129 130 28
129 117 28
129 203 28
129 49 -8
130 128 -8
130 132 28
130 200 -28
203 205 19
203 59 -13
138 140 -28
140 139 13
140 142 -19
140 65 19
140 1 13
67 68 19
67 79 19
67 142 28
68 66 -13
68 70 28
68 139 28
79 80 19
142 3 -19
142 144 8
171 172 19
29 167 19
3 82 8
82 153 -8
82 80 -19
101 89 -19
101 102 19
101 176 28
102 104 19
102 173 8
176 174 -28
176 33 19
75 76 19
76 74 -28
166 165 28
165 177 28
165 153 -13
80 1 8
56 58 -19
56 196 -8
44 128 8
44 33 8
128 127 -13
34 33 -19
34 36 28
34 173 19
114 185 -13
114 32 28
136 135 -8
136 134 13
136 206 -13
134 132 8
134 50 -8
134 204 28
174 173 13
174 32 -19
33 23 13
131 205 28
131 132 -28
53 192 -28
50 193 19
50 39 -19
58 57 -8
74 145 28
145 10 13
65 66 8
1 2 8
70 69 -13
23 104 19
205 204 13
204 192 19
104 106 28
106 177 28
69 144 19
144 143 19
40 39 -13
35 36 28
193 192 13
192 181 19
196 185 -19
54 43 8
173 185 -8
32 43 -19
