180 37 28
180 182 28
180 178 -28
180 179 -28
180 105 -13
37 120 -8
37 38 13
37 26 13
37 48 -8
182 184 -28
182 39 13
182 181 8
182 107 -8
178 176 19
178 103 -19
178 177 -28
178 35 28
179 190 -8
179 167 13
179 108 28
179 40 -19
105 117 -13
105 93 -13
105 27 28
105 106 -13
92 94 28
92 163 -13
92 91 -19
92 12 -13
92 90 -28
94 14 -28
94 93 -8
94 165 -8
94 96 13
163 175 -13
163 25 8
163 151 13
163 164 19
91 15 -28
91 166 -28
91 103 -19
91 79 13
12 152 -8
12 13 -28
12 1 -8
12 23 -19
90 11 28
90 161 -13
90 89 -28
62 202 -19
62 60 -28
62 61 -8
62 64 -28
202 190 -8
202 132 -28
202 203 19
60 58 28
60 200 19
60 59 19
61 205 -28
61 50 -13
64 63 -8
64 204 -28
109 184 -8
109 110 -8
109 31 8
109 97 13
109 121 -13
184 41 28
184 183 -28
110 112 -8
110 108 -8
110 28 -19
110 181 19
31 29 -13
31 30 8
31 169 -19
97 98 -28
97 21 -28
97 85 -28
97 172 13
121 42 19
121 122 8
121 195 -19
121 133 8
63 207 28
63 52 -13
207 205 -13
207 206 8
207 133 13
52 41 8
52 136 -8
52 195 13
52 53 13
86 84 -28
86 157 13
86 88 8
86 7 28
86 85 19
84 155 -8
84 83 -28
84 5 -13
84 82 -19
157 21 8
157 158 19
157 145 19
157 169 28
88 87 8
88 159 -8
88 9 28
7 18 28
7 146 8
7 8 -8
85 160 -19
85 10 -8
85 73 -8
149 137 13
149 13 -8
149 78 -28
149 161 19
149 150 13
137 138 -28
137 66 19
137 2 8
13 15 -8
13 89 -8
78 77 -19
78 80 -28
78 0 -8
161 162 -28
161 24 8
161 173 -13
150 152 19
150 11 -28
6 8 13
6 5 -28
6 81 -28
6 4 8
6 141 -8
8 10 19
8 83 28
8 143 19
5 16 -13
5 144 -28
81 156 -28
81 69 -28
81 82 28
81 93 -19
4 3 19
4 79 -8
4 2 28
4 139 -28
141 70 -8
141 142 -8
141 153 28
152 151 28
152 154 -13
152 77 19
151 15 -28
151 80 -8
151 139 8
154 156 -28
154 14 -13
154 79 13
154 153 8
77 2 -8
77 89 -13
77 65 28
120 190 28
120 119 -13
120 122 28
120 118 28
190 191 28
190 51 -28
119 40 13
119 193 8
119 131 -8
119 107 -28
122 124 -28
122 39 13
122 192 -19
118 117 -28
118 116 -8
118 188 -8
118 35 8
42 41 13
42 40 13
42 181 -8
195 193 13
195 194 -13
133 134 19
133 53 -13
186 47 -13
186 175 -28
186 187 8
186 116 19
186 198 -13
47 45 13
47 49 19
47 46 -19
47 127 8
175 176 28
175 104 -8
175 36 -28
187 189 28
187 113 -13
187 44 -13
116 33 -8
116 115 -13
116 114 13
198 199 8
198 128 -19
198 58 -13
41 124 13
41 30 8
183 171 -13
183 112 19
183 194 19
38 117 13
38 40 -19
38 36 19
38 177 -13
26 16 -13
26 108 28
26 168 -28
26 27 -8
48 132 13
48 49 8
48 191 -19
48 59 28
15 17 -19
15 14 19
17 16 13
17 19 -13
17 153 -19
17 93 28
14 3 -28
16 96 8
16 156 -13
96 95 28
96 98 -19
96 167 28
156 155 -13
156 158 -13
148 146 19
148 9 8
148 73 19
148 147 -19
146 71 13
146 144 19
146 145 -8
9 10 -28
9 20 -19
73 74 19
147 159 -28
147 76 28
155 19 8
155 143 19
155 167 -28
158 160 -8
158 18 28
158 83 -28
124 194 8
124 123 13
194 206 19
123 135 8
123 111 19
95 83 8
95 170 -19
95 19 -28
95 107 -8
83 71 28
170 169 8
170 172 13
170 28 -8
170 168 -19
19 18 -8
19 21 28
107 29 -28
107 108 -19
191 189 -13
191 117 19
191 193 -19
51 131 -8
51 53 8
51 50 -8
51 49 8
30 112 19
30 172 -8
30 20 -8
11 22 13
11 0 8
22 162 -28
22 32 28
22 102 -8
0 138 -28
25 27 28
25 103 8
25 24 -8
164 162 8
164 166 28
164 89 13
164 23 19
160 159 -13
160 20 -28
159 171 -13
20 21 19
20 100 28
125 45 -13
125 126 -13
125 113 19
125 199 -13
45 44 -28
45 185 -28
126 128 13
126 43 -13
126 196 -8
113 101 19
113 34 -28
113 114 -19
199 201 -19
199 197 -8
199 55 28
189 46 -19
189 188 -19
189 115 19
46 57 13
46 130 8
46 35 19
188 200 13
188 177 -19
188 49 13
115 127 28
115 36 19
115 103 19
99 111 13
99 100 19
99 87 -28
111 112 -13
100 98 28
100 171 -8
87 75 -8
18 28 -8
18 98 -28
28 29 13
28 39 13
98 169 28
27 29 28
27 165 19
103 104 28
24 101 28
24 23 19
108 106 13
168 166 19
168 167 -28
168 93 -28
201 57 -8
201 200 -8
201 203 28
201 127 19
197 196 8
197 54 -13
55 56 28
55 44 -13
71 72 19
72 74 -19
72 70 -8
72 143 8
169 181 -19
129 130 -13
129 117 19
129 203 19
129 49 13
130 128 28
130 132 8
130 200 28
203 205 -19
203 59 -19
138 140 8
140 139 28
140 142 -28
140 65 -8
140 1 19
67 68 -8
67 79 -8
67 142 28
68 66 19
68 70 19
68 139 -8
79 80 -8
142 3 19
142 144 -28
171 172 28
29 167 28
3 82 28
82 153 28
82 80 8
101 89 19
101 102 -13
101 176 -28
102 104 13
102 173 -28
176 174 28
176 33 -28
75 76 13
76 74 13
166 165 19
165 177 19
165 153 -19
80 1 8
56 58 13
56 196 -13
44 128 -19
44 33 19
128 127 28
34 33 -28
34 36 -8
34 173 -28
114 185 28
114 32 28
136 135 13
136 134 -28
136 206 13
134 132 -19
134 50 -19
134 204 19
174 173 19
174 32 -8
33 23 -13
131 205 19
131 132 -13
53 192 -13
50 193 8
50 39 8
58 57 -28
74 145 -28
145 10 8
65 66 -19
1 2 13
70 69 8
23 104 -28
205 204 -8
204 192 28
104 106 28
106 177 -28
69 144 13
144 143 -19
40 39 13
35 36 13
193 192 -28
192 181 -19
196 185 -28
54 43 8
173 185 19
32 43 28
