180 37 -13
180 182 -19
180 178 -19
180 179 -8
180 105 28
37 120 -13
37 38 -13
37 26 19
37 48 8
182 184 13
182 39 -13
182 181 -19
182 107 -13
178 176 -19
178 103 -19
178 177 13
178 35 -19
179 190 -19
179 167 -19
179 108 8
179 40 28
105 117 -28
105 93 19
105 27 -8
105 106 -28
92 94 28
92 163 -13
92 91 28
92 12 -28
92 90 -19
94 14 -28
94 93 -28
94 165 13
94 96 19
163 175 8
163 25 28
163 151 -19
163 164 8
91 15 13
91 166 -19
91 103 -19
91 79 19
12 152 -19
12 13 8
12 1 13
12 23 -19
90 11 13
90 161 -19
90 89 19
62 202 -28
62 60 -13
62 61 28
62 64 -8
202 190 8
202 132 -8
202 203 -19
60 58 19
60 200 -19
60 59 -19
61 205 -13
61 50 -28
64 63 8
64 204 8
109 184 19
109 110 -13
109 31 8
109 97 19
109 121 -28
184 41 19
184 183 13
110 112 8
110 108 13
110 28 8
110 181 8
31 29 -28
31 30 -8
31 169 -28
97 98 -19
97 21 -28
97 85 -13
97 172 28
121 42 -19
121 122 -19
121 195 -13
121 133 28
63 207 8
63 52 28
207 205 -28
207 206 -13
207 133 -13
52 41 8
52 136 -28
52 195 8
52 53 -19
86 84 28
86 157 -8
86 88 -28
86 7 19
86 85 28
84 155 8
84 83 8
84 5 13
84 82 8
157 21 13
157 158 13
157 145 19
157 169 -13
88 87 28
88 159 13
88 9 -13
7 18 -8
7 146 13
7 8 -28
85 160 -8
85 10 8
85 73 13
149 137 -13
149 13 19
149 78 28
149 161 28
149 150 8
137 138 13
137 66 8
137 2 28
13 15 -28
13 89 13
78 77 13
78 80 -19
78 0 13
161 162 -8
161 24 -8
161 173 -13
150 152 -13
150 11 28
6 8 8
6 5 13
6 81 -8
6 4 -19
6 141 19
8 10 8
8 83 8
8 143 8
5 16 -13
5 144 -28
81 156 -19
81 69 8
81 82 28
81 93 8
4 3 -28
4 79 -8
4 2 -13
4 139 -13
141 70 19
141 142 19
141 153 19
152 151 -8
152 154 -8
152 77 -28
151 15 -19
151 80 19
151 139 -8
154 156 -8
154 14 -13
154 79 28
154 153 -13
77 2 -8
77 89 8
77 65 8
120 190 8
120 119 28
120 122 -28
120 118 19
190 191 13
190 51 28
119 40 28
119 193 -19
119 131 -13
119 107 -28
122 124 -13
122 39 -19
122 192 13
118 117 8
118 116 13
118 188 -28
118 35 -28
42 41 -19
42 40 -8
42 181 19
195 193 8
195 194 -28
133 134 -8
133 53 8
186 47 28
186 175 19
186 187 -28
186 116 13
186 198 -13
47 45 19
47 49 -13
47 46 28
47 127 -28
175 176 13
175 104 -8
175 36 8
187 189 -8
187 113 -28
187 44 -8
116 33 19
116 115 -19
116 114 8
198 199 8
198 128 -8
198 58 13
41 124 13
41 30 -13
183 171 -13
183 112 -19
183 194 28
38 117 8
38 40 8
38 36 8
38 177 -28
26 16 13
26 108 -28
26 168 28
26 27 8
48 132 -8
48 49 19
48 191 -8
48 59 -19
15 17 28
15 14 19
17 16 13
17 19 -8
17 153 28
17 93 -13
14 3 28
16 96 13
16 156 19
96 95 -28
96 98 -8
96 167 8
156 155 13
156 158 -19
148 146 -28
148 9 28
148 73 -13
148 147 -8
146 71 19
146 144 -19
146 145 -28
9 10 -28
9 20 13
73 74 8
147 159 -13
147 76 -19
155 19 28
155 143 19
155 167 -28
158 160 -13
158 18 13
158 83 -8
124 194 -8
124 123 -19
194 206 -19
123 135 19
123 111 -13
95 83 -19
95 170 -19
95 19 -28
95 107 -19
83 71 28
170 169 28
170 172 28
170 28 8
170 168 -13
19 18 13
19 21 -13
107 29 19
107 108 19
191 189 8
191 117 13
191 193 13
51 131 13
51 53 13
51 50 13
51 49 8
30 112 -8
30 172 -8
30 20 -8
11 22 -28
11 0 13
22 162 -19
22 32 13
22 102 19
0 138 -8
25 27 -28
25 103 -8
25 24 13
164 162 -19
164 166 -28
164 89 -28
164 23 -19
160 159 -8
160 20 19
159 171 28
20 21 -19
20 100 13
125 45 -19
125 126 13
125 113 13
125 199 -8
45 44 -13
45 185 -28
126 128 28
126 43 -19
126 196 13
113 101 19
113 34 -19
113 114 -28
199 201 19
199 197 8
199 55 8
189 46 -13
189 188 13
189 115 13
46 57 28
46 130 -8
46 35 28
188 200 28
188 177 8
188 49 -13
115 127 -8
115 36 28
115 103 13
99 111 28
99 100 -13
99 87 -13
111 112 13
100 98 -28
100 171 -28
87 75 -13
18 28 -19
18 98 13
28 29 8
28 39 19
98 169 -28
27 29 8
27 165 13
103 104 28
24 101 19
24 23 28
108 106 13
168 166 19
168 167 28
168 93 -19
201 57 -19
201 200 -8
201 203 -8
201 127 -8
197 196 13
197 54 -19
55 56 13
55 44 19
71 72 19
72 74 -8
72 70 8
72 143 -13
169 181 8
129 130 8
129 117 19
129 203 -19
129 49 -13
130 128 -13
130 132 -8
130 200 13
203 205 8
203 59 -8
138 140 -8
140 139 28
140 142 -13
140 65 28
140 1 -28
67 68 -19
67 79 13
67 142 -8
68 66 28
68 70 19
68 139 -28
79 80 19
142 3 -13
142 144 19
171 172 13
29 167 28
3 82 -13
82 153 19
82 80 -13
101 89 13
101 102 13
101 176 -19
102 104 8
102 173 28
176 174 28
176 33 -13
75 76 8
76 74 13
166 165 28
165 177 -19
165 153 28
80 1 8
56 58 13
56 196 -19
44 128 13
44 33 -28
128 127 13
34 33 28
34 36 -8
34 173 19
114 185 8
114 32 8
136 135 -28
136 134 -13
136 206 -28
134 132 -13
134 50 -28
134 204 -19
174 173 19
174 32 8
33 23 -13
131 205 -19
131 132 13
53 192 8
50 193 19
50 39 13
58 57 -19
74 145 28
145 10 -28
65 66 19
1 2 13
70 69 -8
23 104 -13
205 204 -28
204 192 8
104 106 -8
106 177 -13
69 144 -19
144 143 19
40 39 28
35 36 8
193 192 -8
192 181 8
196 185 -8
54 43 28
173 185 13
32 43 28
