180 37 19
180 182 19
180 178 8
180 179 -19
180 105 -8
37 120 -8
37 38 -19
37 26 8
37 48 28
182 184 -8
182 39 -28
182 181 -8
182 107 28
178 176 -13
178 103 28
178 177 13
178 35 -28
179 190 -28
179 167 -19
179 108 28
179 40 19
105 117 13
105 93 -19
105 27 -19
105 106 -8
92 94 -13
92 163 28
92 91 28
92 12 -8
92 90 19
94 14 13
94 93 28
94 165 -19
94 96 -13
163 175 13
163 25 -19
163 151 19
163 164 28
91 15 8
91 166 8
91 103 -13
91 79 19
12 152 8
12 13 28
12 1 13
12 23 13
90 11 -8
90 161 -13
90 89 19
62 202 -8
62 60 -8
62 61 -19
62 64 -13
202 190 -13
202 132 -28
202 203 19
60 58 -19
60 200 -19
60 59 -8
61 205 28
61 50 28
64 63 13
64 204 -19
109 184 13
109 110 8
109 31 8
109 97 -8
109 121 8
184 41 28
184 183 19
110 112 -28
110 108 -19
110 28 19
110 181 8
31 29 -28
31 30 -13
31 169 -8
97 98 13
97 21 -8
97 85 13
97 172 -28
121 42 -8
121 122 28
121 195 -13
121 133 28
63 207 -19
63 52 -8
207 205 8
207 206 -19
207 133 13
52 41 13
52 136 13
52 195 -8
52 53 8
86 84 -19
86 157 -28
86 88 13
86 7 -13
86 85 -13
84 155 19
84 83 13
84 5 13
84 82 -13
157 21 -19
157 158 -19
157 145 -19
157 169 13
88 87 28
88 159 -19
88 9 8
7 18 -8
7 146 -13
7 8 -28
85 160 28
85 10 8
85 73 8
149 137 -19
149 13 13
149 78 28
149 161 -19
149 150 -28
137 138 -8
137 66 19
137 2 28
13 15 -13
13 89 -13
78 77 -8
78 80 -8
78 0 -13
161 162 28
161 24 19
161 173 -19
150 152 -8
150 11 -8
6 8 19
6 5 -19
6 81 -8
6 4 -19
6 141 -19
8 10 -8
8 83 -19
8 143 -28
5 16 -28
5 144 19
81 156 8
81 69 13
81 82 -19
81 93 28
4 3 -8
4 79 -28
4 2 19
4 139 13
141 70 -19
141 142 19
141 153 -8
152 151 19
152 154 19
152 77 19
151 15 8
151 80 13
151 139 -28
154 156 -19
154 14 -8
154 79 -8
154 153 8
77 2 19
77 89 8
77 65 13
120 190 8
120 119 8
120 122 8
120 118 19
190 191 -13
190 51 19
119 40 -13
119 193 -8
119 131 28
119 107 28
122 124 -28
122 39 -19
122 192 13
118 117 -28
118 116 -13
118 188 -8
118 35 -13
42 41 -28
42 40 13
42 181 -19
195 193 28
195 194 -8
133 134 19
133 53 13
186 47 -28
186 175 -13
186 187 28
186 116 -19
186 198 13
47 45 8
47 49 -8
47 46 28
47 127 -8
175 176 -8
175 104 -13
175 36 -8
187 189 -8
187 113 13
187 44 13
116 33 19
116 115 -13
116 114 -19
198 199 -19
198 128 19
198 58 28
41 124 -19
41 30 8
183 171 19
183 112 -8
183 194 -8
38 117 -13
38 40 -19
38 36 -28
38 177 -19
26 16 -28
26 108 -8
26 168 -28
26 27 28
48 132 -13
48 49 13
48 191 13
48 59 -8
15 17 28
15 14 8
17 16 -13
17 19 -19
17 153 -8
17 93 8
14 3 8
16 96 19
16 156 -28
96 95 -13
96 98 -8
96 167 -13
156 155 -13
156 158 -13
148 146 28
148 9 28
148 73 -19
148 147 13
146 71 13
146 144 -28
146 145 -13
9 10 8
9 20 -19
73 74 28
147 159 13
147 76 13
155 19 -28
155 143 19
155 167 -28
158 160 -13
158 18 28
158 83 -19
124 194 -13
124 123 19
194 206 8
123 135 -28
123 111 -19
95 83 19
95 170 -13
95 19 28
95 107 -28
83 71 -19
170 169 -19
170 172 -28
170 28 28
170 168 8
19 18 8
19 21 28
107 29 19
107 108 19
191 189 -13
191 117 -19
191 193 -8
51 131 28
51 53 -28
51 50 28
51 49 13
30 112 13
30 172 -28
30 20 8
11 22 19
11 0 8
22 162 8
22 32 19
22 102 -13
0 138 -28
25 27 13
25 103 13
25 24 -19
164 162 -8
164 166 -13
164 89 19
164 23 8
160 159 -19
160 20 28
159 171 19
20 21 -28
20 100 8
125 45 -19
125 126 28
125 113 13
125 199 -19
45 44 -13
45 185 13
126 128 -8
126 43 -8
126 196 19
113 101 8
113 34 19
113 114 13
199 201 -19
199 197 19
199 55 8
189 46 28
189 188 19
189 115 13
46 57 -8
46 130 28
46 35 13
188 200 -28
188 177 -19
188 49 19
115 127 28
115 36 -13
115 103 13
99 111 8
99 100 -8
99 87 19
111 112 -19
100 98 -8
100 171 13
87 75 -13
18 28 8
18 98 -28
28 29 8
28 39 28
98 169 19
27 29 -8
27 165 8
103 104 13
24 101 -13
24 23 19
108 106 -28
168 166 -8
168 167 8
168 93 13
201 57 -8
201 200 28
201 203 -19
201 127 8
197 196 28
197 54 -28
55 56 19
55 44 -19
71 72 -13
72 74 19
72 70 13
72 143 28
169 181 -28
129 130 -8
129 117 19
129 203 19
129 49 19
130 128 13
130 132 28
130 200 -13
203 205 19
203 59 13
138 140 -13
140 139 -19
140 142 -28
140 65 13
140 1 13
67 68 -28
67 79 8
67 142 8
68 66 -19
68 70 -28
68 139 -8
79 80 -8
142 3 19
142 144 -19
171 172 8
29 167 8
3 82 19
82 153 -8
82 80 -13
101 89 13
101 102 19
101 176 13
102 104 13
102 173 19
176 174 8
176 33 28
75 76 -28
76 74 -19
166 165 8
165 177 13
165 153 -28
80 1 -8
56 58 19
56 196 -19
44 128 -13
44 33 8
128 127 19
34 33 -8
34 36 -19
34 173 19
114 185 -28
114 32 -13
136 135 -19
136 134 8
136 206 13
134 132 8
134 50 19
134 204 -8
174 173 19
174 32 28
33 23 -13
131 205 19
131 132 13
53 192 -19
50 193 8
50 39 -19
58 57 19
74 145 8
145 10 8
65 66 -8
1 2 13
70 69 8
23 104 19
205 204 19
204 192 -8
104 106 -28
106 177 28
69 144 28
144 143 -13
40 39 13
35 36 -8
193 192 13
192 181 8
196 185 -13
54 43 13
173 185 8
32 43 8
