180 37 8
180 182 -13
180 178 -8
180 179 28
180 105 -28
37 120 19
37 38 -28
37 26 8
37 48 -8
182 184 -13
182 39 -13
182 181 -19
182 107 -19
178 176 13
178 103 19
178 177 28
178 35 -13
179 190 19
179 167 13
179 108 -28
179 40 -8
105 117 8
105 93 -19
105 27 19
105 106 -28
92 94 -8
92 163 -13
92 91 -13
92 12 28
92 90 -28
94 14 19
94 93 13
94 165 28
94 96 28
163 175 28
163 25 -19
163 151 -28
163 164 13
91 15 19
91 166 -28
91 103 -19
91 79 8
12 152 8
12 13 -19
12 1 -19
12 23 -13
90 11 -28
90 161 -8
90 89 8
62 202 -28
62 60 19
62 61 8
62 64 -8
202 190 -13
202 132 13
202 203 -13
60 58 -13
60 200 8
60 59 -8
61 205 -13
61 50 -19
64 63 -28
64 204 13
109 184 -19
109 110 -28
109 31 -8
109 97 8
109 121 -8
184 41 -8
184 183 13
110 112 -19
110 108 28
110 28 19
110 181 -8
31 29 -8
31 30 -28
31 169 19
97 98 -28
97 21 -19
97 85 28
97 172 13
121 42 8
121 122 -19
121 195 13
121 133 -8
63 207 13
63 52 -13
207 205 -8
207 206 -28
207 133 28
52 41 13
52 136 -8
52 195 28
52 53 13
86 84 -28
86 157 -8
86 88 -19
86 7 -8
86 85 -13
84 155 8
84 83 8
84 5 19
84 82 13
157 21 19
157 158 -13
157 145 -28
157 169 8
88 87 13
88 159 -13
88 9 19
7 18 28
7 146 -13
7 8 28
85 160 19
85 10 13
85 73 -13
149 137 19
149 13 8
149 78 -8
149 161 8
149 150 8
137 138 -28
137 66 19
137 2 -19
13 15 8
13 89 -28
78 77 28
78 80 8
78 0 13
161 162 8
161 24 -13
161 173 13
150 152 19
150 11 -28
6 8 -13
6 5 8
6 81 13
6 4 -19
6 141 19
8 10 19
8 83 -8
8 143 -19
5 16 28
5 144 -13
81 156 13
81 69 -8
81 82 13
81 93 -8
4 3 -13
4 79 -8
4 2 8
4 139 -19
141 70 -8
141 142 -13
141 153 28
152 151 13
152 154 -19
152 77 19
151 15 8
151 80 -28
151 139 -8
154 156 -13
154 14 8
154 79 -19
154 153 -8
77 2 8
77 89 -19
77 65 -19
120 190 8
120 119 8
120 122 13
120 118 28
190 191 -19
190 51 -19
119 40 13
119 193 -19
119 131 19
119 107 -28
122 124 28
122 39 -19
122 192 -19
118 117 28
118 116 -19
118 188 28
118 35 19
42 41 -8
42 40 -8
42 181 19
195 193 28
195 194 -13
133 134 -8
133 53 -28
186 47 -28
186 175 -28
186 187 28
186 116 28
186 198 -13
47 45 -8
47 49 28
47 46 -19
47 127 28
175 176 19
175 104 8
175 36 -19
187 189 8
187 113 13
187 44 -19
116 33 28
116 115 19
116 114 -13
198 199 19
198 128 8
198 58 -28
41 124 -28
41 30 -28
183 171 13
183 112 -19
183 194 -8
38 117 -13
38 40 13
38 36 28
38 177 -13
26 16 -13
26 108 -28
26 168 -19
26 27 -8
48 132 28
48 49 -13
48 191 -8
48 59 13
15 17 -28
15 14 28
17 16 -28
17 19 19
17 153 28
17 93 -8
14 3 13
16 96 -19
16 156 -19
96 95 -8
96 98 13
96 167 -8
156 155 19
156 158 8
148 146 19
148 9 -19
148 73 -8
148 147 -28
146 71 28
146 144 -19
146 145 8
9 10 -19
9 20 8
73 74 28
147 159 -8
147 76 19
155 19 -13
155 143 -28
155 167 8
158 160 19
158 18 -19
158 83 -28
124 194 28
124 123 19
194 206 19
123 135 28
123 111 -19
95 83 28
95 170 -28
95 19 8
95 107 -28
83 71 19
170 169 28
170 172 -13
170 28 -8
170 168 -8
19 18 28
19 21 19
107 29 28
107 108 13
191 189 -19
191 117 -28
191 193 8
51 131 -28
51 53 8
51 50 -28
51 49 -8
30 112 13
30 172 28
30 20 -28
11 22 13
11 0 19
22 162 28
22 32 -28
22 102 -28
0 138 28
25 27 -8
25 103 28
25 24 -13
164 162 8
164 166 8
164 89 28
164 23 -19
160 159 -8
160 20 13
159 171 13
20 21 28
20 100 13
125 45 -8
125 126 -19
125 113 -19
125 199 -8
45 44 8
45 185 -13
126 128 19
126 43 8
126 196 -28
113 101 -13
113 34 -13
113 114 8
199 201 13
199 197 28
199 55 -28
189 46 -8
189 188 8
189 115 -13
46 57 -13
46 130 -28
46 35 -13
188 200 13
188 177 -19
188 49 -19
115 127 -28
115 36 -13
115 103 -8
99 111 19
99 100 13
99 87 19
111 112 -19
100 98 -8
100 171 19
87 75 19
18 28 -19
18 98 13
28 29 -28
28 39 8
98 169 28
27 29 19
27 165 -28
103 104 -13
24 101 -13
24 23 -13
108 106 -13
168 166 -19
168 167 -19
168 93 -28
201 57 -28
201 200 19
201 203 -19
201 127 19
197 196 -13
197 54 8
55 56 28
55 44 -8
71 72 13
72 74 19
72 70 -8
72 143 -28
169 181 13
129 130 -13
129 117 8
129 203 13
129 49 28
130 128 -19
130 132 13
130 200 13
203 205 -28
203 59 -28
138 140 8
140 139 -19
140 142 13
140 65 -8
140 1 -8
67 68 13
67 79 -19
67 142 -28
68 66 -19
68 70 -28
68 139 13
79 80 28
142 3 -13
142 144 19
171 172 28
29 167 -28
3 82 -8
82 153 -19
82 80 19
101 89 8
101 102 -19
101 176 -19
102 104 13
102 173 -13
176 174 -8
176 33 13
75 76 -19
76 74 8
166 165 8
165 177 -8
165 153 -28
80 1 -19
56 58 -19
56 196 -19
44 128 28
44 33 28
128 127 -13
34 33 28
34 36 -19
34 173 19
114 185 -13
114 32 19
136 135 28
136 134 -28
136 206 -19
134 132 28
134 50 28
134 204 -28
174 173 28
174 32 13
33 23 -13
131 205 28
131 132 19
53 192 -8
50 193 -8
50 39 13
58 57 19
74 145 -13
145 10 -28
65 66 28
1 2 28
70 69 13
23 104 -13
205 204 -19
204 192 -28
104 106 -8
106 177 13
69 144 19
144 143 -13
40 39 -13
35 36 -19
193 192 28
192 181 28
196 185 -19
54 43 -8
173 185 -28
32 43 28
