180 37 -8
180 182 13
180 178 13
180 179 28
180 105 13
37 120 8
37 38 28
37 26 28
37 48 8
182 184 -13
182 39 -13
182 181 -8
182 107 19
178 176 -13
178 103 -28
178 177 -13
178 35 -8
179 190 -19
179 167 8
179 108 8
179 40 -28
105 117 13
105 93 -8
105 27 8
105 106 19
92 94 28
92 163 28
92 91 -8
92 12 -8
92 90 28
94 14 8
94 93 -19
94 165 13
94 96 -13
163 175 8
163 25 -13
163 151 -13
163 164 -8
91 15 13
91 166 28
91 103 -13
91 79 13
12 152 13
12 13 -8
12 1 8
12 23 13
90 11 19
90 161 -13
90 89 -8
62 202 -28
62 60 13
62 61 8
62 64 28
202 190 -8
202 132 28
202 203 13
60 58 28
60 200 8
60 59 -8
61 205 19
61 50 13
64 63 13
64 204 -8
109 184 -19
109 110 13
109 31 -19
109 97 -28
109 121 19
184 41 19
184 183 -19
110 112 19
110 108 19
110 28 8
110 181 19
31 29 -19
31 30 8
31 169 13
97 98 -8
97 21 -28
97 85 13
97 172 -19
121 42 13
121 122 -8
121 195 -28
121 133 -13
63 207 -28
63 52 -19
207 205 19
207 206 13
207 133 -8
52 41 -19
52 136 13
52 195 -8
52 53 19
86 84 8
86 157 -8
86 88 -28
86 7 8
86 85 -28
84 155 -19
84 83 -28
84 5 8
84 82 -28
157 21 28
157 158 -13
157 145 19
157 169 -19
88 87 -19
88 159 19
88 9 13
7 18 -28
7 146 13
7 8 19
85 160 -8
85 10 8
85 73 -13
149 137 28
149 13 13
149 78 -13
149 161 -19
149 150 28
137 138 -19
137 66 8
137 2 -19
13 15 -8
13 89 19
78 77 8
78 80 -8
78 0 -8
161 162 -19
161 24 28
161 173 -28
150 152 13
150 11 -8
6 8 -19
6 5 -8
6 81 28
6 4 -13
6 141 8
8 10 13
8 83 13
8 143 13
5 16 -13
5 144 19
81 156 13
81 69 -28
81 82 13
81 93 -8
4 3 -13
4 79 8
4 2 28
4 139 -28
141 70 8
141 142 -13
141 153 13
152 151 -8
152 154 -28
152 77 -28
151 15 -8
151 80 -19
151 139 28
154 156 -28
154 14 -13
154 79 8
154 153 -8
77 2 -8
77 89 -19
77 65 -28
120 190 -19
120 119 -19
120 122 28
120 118 -13
190 191 19
190 51 -8
119 40 13
119 193 8
119 131 -28
119 107 19
122 124 -13
122 39 -8
122 192 -28
118 117 8
118 116 -19
118 188 -13
118 35 -19
42 41 -19
42 40 -8
42 181 8
195 193 -28
195 194 8
133 134 -19
133 53 13
186 47 13
186 175 -19
186 187 -19
186 116 -8
186 198 -8
47 45 8
47 49 -13
47 46 -13
47 127 8
175 176 8
175 104 19
175 36 28
187 189 13
187 113 19
187 44 -19
116 33 28
116 115 8
116 114 -19
198 199 8
198 128 28
198 58 -28
41 124 -19
41 30 -19
183 171 -8
183 112 28
183 194 -28
38 117 -28
38 40 19
38 36 19
38 177 -13
26 16 -8
26 108 -19
26 168 28
26 27 19
48 132 -8
48 49 -19
48 191 -13
48 59 -19
15 17 19
15 14 19
17 16 -13
17 19 13
17 153 19
17 93 -13
14 3 -8
16 96 -13
16 156 8
96 95 -28
96 98 13
96 167 19
156 155 8
156 158 13
148 146 -28
148 9 13
148 73 -28
148 147 19
146 71 19
146 144 8
146 145 28
9 10 -8
9 20 -19
73 74 8
147 159 13
147 76 -13
155 19 28
155 143 -19
155 167 -28
158 160 28
158 18 -8
158 83 8
124 194 -13
124 123 28
194 206 -19
123 135 -8
123 111 -13
95 83 28
95 170 -19
95 19 8
95 107 -28
83 71 8
170 169 -19
170 172 -8
170 28 19
170 168 13
19 18 13
19 21 -19
107 29 13
107 108 13
191 189 -19
191 117 -19
191 193 8
51 131 28
51 53 28
51 50 -8
51 49 -13
30 112 8
30 172 19
30 20 8
11 22 13
11 0 -28
22 162 -28
22 32 13
22 102 -19
0 138 28
25 27 13
25 103 -28
25 24 8
164 162 -28
164 166 13
164 89 8
164 23 -19
160 159 -13
160 20 -28
159 171 -13
20 21 28
20 100 19
125 45 -13
125 126 -13
125 113 -13
125 199 13
45 44 -28
45 185 -13
126 128 -19
126 43 8
126 196 8
113 101 28
113 34 28
113 114 13
199 201 28
199 197 -28
199 55 13
189 46 13
189 188 -8
189 115 13
46 57 19
46 130 -13
46 35 -8
188 200 -13
188 177 28
188 49 -19
115 127 -8
115 36 13
115 103 13
99 111 -8
99 100 -28
99 87 28
111 112 28
100 98 -8
100 171 -13
87 75 -8
18 28 -13
18 98 13
28 29 -19
28 39 -28
98 169 19
27 29 19
27 165 19
103 104 28
24 101 -28
24 23 28
108 106 19
168 166 8
168 167 -13
168 93 -13
201 57 -8
201 200 19
201 203 -28
201 127 19
197 196 19
197 54 -13
55 56 -13
55 44 -19
71 72 -28
72 74 -8
72 70 28
72 143 13
169 181 -13
129 130 -8
129 117 13
129 203 8
129 49 13
130 128 -28
130 132 8
130 200 -13
203 205 28
203 59 13
138 140 8
140 139 8
140 142 8
140 65 -19
140 1 -28
67 68 -13
67 79 -8
67 142 -8
68 66 13
68 70 8
68 139 19
79 80 8
142 3 19
142 144 -28
171 172 13
29 167 -28
3 82 28
82 153 -28
82 80 -13
101 89 -19
101 102 19
101 176 19
102 104 -19
102 173 13
176 174 -28
176 33 -28
75 76 13
76 74 -28
166 165 19
165 177 19
165 153 28
80 1 19
56 58 -8
56 196 28
44 128 -13
44 33 -28
128 127 19
34 33 8
34 36 -28
34 173 -8
114 185 -28
114 32 -8
136 135 13
136 134 8
136 206 -13
134 132 28
134 50 -8
134 204 13
174 173 28
174 32 8
33 23 -28
131 205 13
131 132 28
53 192 -13
50 193 19
50 39 13
58 57 -19
74 145 -28
145 10 19
65 66 8
1 2 -19
70 69 -19
23 104 -8
205 204 8
204 192 -19
104 106 -13
106 177 -19
69 144 -28
144 143 -28
40 39 8
35 36 28
193 192 8
192 181 -19
196 185 -13
54 43 13
173 185 -8
32 43 -19
