180 37 -13
180 182 28
180 178 -28
180 179 -19
180 105 -13
37 120 8
37 38 13
37 26 -13
37 48 -8
182 184 13
182 39 13
182 181 -19
182 107 -8
178 176 19
178 103 -13
178 177 -8
178 35 -8
179 190 19
179 167 8
179 108 -28
179 40 -13
105 117 8
105 93 -28
105 27 28
105 106 19
92 94 -19
92 163 -28
92 91 -8
92 12 -13
92 90 -28
94 14 8
94 93 19
94 165 -28
94 96 -19
163 175 -13
163 25 -13
163 151 -19
163 164 13
91 15 -28
91 166 -13
91 103 28
91 79 13
12 152 28
12 13 -19
12 1 -28
12 23 -19
90 11 -28
90 161 -13
90 89 8
62 202 -28
62 60 19
62 61 28
62 64 -19
202 190 8
202 132 8
202 203 -13
60 58 13
60 200 -8
60 59 -8
61 205 19
61 50 -28
64 63 -28
64 204 8
109 184 8
109 110 8
109 31 8
109 97 28
109 121 -8
184 41 -13
184 183 19
110 112 -8
110 108 19
110 28 -13
110 181 8
31 29 -13
31 30 28
31 169 13
97 98 8
97 21 -8
97 85 13
97 172 -13
121 42 -8
121 122 -19
121 195 28
121 133 28
63 207 -8
63 52 -13
207 205 13
207 206 -28
207 133 13
52 41 8
52 136 19
52 195 -28
52 53 13
86 84 -13
86 157 -28
86 88 8
86 7 8
86 85 19
84 155 13
84 83 28
84 5 -8
84 82 -28
157 21 8
157 158 -28
157 145 -28
157 169 13
88 87 28
88 159 -13
88 9 -13
7 18 28
7 146 8
7 8 -8
85 160 8
85 10 19
85 73 -13
149 137 -8
149 13 13
149 78 -19
149 161 8
149 150 19
137 138 -28
137 66 13
137 2 28
13 15 13
13 89 -19
78 77 8
78 80 28
78 0 13
161 162 28
161 24 28
161 173 -13
150 152 19
150 11 -19
6 8 -8
6 5 -28
6 81 -28
6 4 13
6 141 8
8 10 13
8 83 28
8 143 -8
5 16 -13
5 144 -28
81 156 19
81 69 28
81 82 -28
81 93 19
4 3 13
4 79 -8
4 2 -19
4 139 -8
141 70 -8
141 142 -28
141 153 19
152 151 19
152 154 -28
152 77 19
151 15 -8
151 80 -19
151 139 -13
154 156 8
154 14 28
154 79 28
154 153 19
77 2 13
77 89 -28
77 65 -13
120 190 8
120 119 -8
120 122 -19
120 118 28
190 191 -19
190 51 -28
119 40 8
119 193 19
119 131 -8
119 107 28
122 124 8
122 39 -28
122 192 13
118 117 -19
118 116 -28
118 188 13
118 35 19
42 41 -13
42 40 8
42 181 -19
195 193 -19
195 194 -13
133 134 -8
133 53 -13
186 47 13
186 175 19
186 187 -13
186 116 13
186 198 -13
47 45 19
47 49 -8
47 46 -8
47 127 -28
175 176 28
175 104 -28
175 36 -28
187 189 -28
187 113 8
187 44 13
116 33 8
116 115 8
116 114 -28
198 199 -8
198 128 13
198 58 -28
41 124 19
41 30 28
183 171 28
183 112 13
183 194 -28
38 117 19
38 40 19
38 36 -19
38 177 -8
26 16 8
26 108 -8
26 168 -19
26 27 19
48 132 -19
48 49 28
48 191 13
48 59 -19
15 17 19
15 14 28
17 16 28
17 19 -13
17 153 13
17 93 -19
14 3 13
16 96 19
16 156 -19
96 95 -13
96 98 28
96 167 19
156 155 -13
156 158 28
148 146 -13
148 9 8
148 73 -28
148 147 13
146 71 13
146 144 13
146 145 -19
9 10 -19
9 20 8
73 74 13
147 159 13
147 76 -13
155 19 19
155 143 13
155 167 -28
158 160 -28
158 18 -13
158 83 8
124 194 13
124 123 13
194 206 -13
123 135 8
123 111 19
95 83 28
95 170 -19
95 19 8
95 107 -13
83 71 -13
170 169 28
170 172 13
170 28 13
170 168 -13
19 18 28
19 21 -28
107 29 -28
107 108 -28
191 189 -28
191 117 -28
191 193 -8
51 131 -19
51 53 19
51 50 -13
51 49 -28
30 112 -13
30 172 13
30 20 -8
11 22 -19
11 0 -8
22 162 13
22 32 -19
22 102 -8
0 138 -13
25 27 8
25 103 28
25 24 -13
164 162 -19
164 166 13
164 89 -28
164 23 -28
160 159 28
160 20 8
159 171 19
20 21 28
20 100 -19
125 45 -13
125 126 8
125 113 13
125 199 19
45 44 -28
45 185 19
126 128 19
126 43 28
126 196 -19
113 101 -13
113 34 -19
113 114 28
199 201 -8
199 197 -8
199 55 -13
189 46 -8
189 188 -13
189 115 13
46 57 13
46 130 -13
46 35 -8
188 200 13
188 177 13
188 49 28
115 127 -19
115 36 -19
115 103 -13
99 111 -13
99 100 13
99 87 13
111 112 19
100 98 -28
100 171 13
87 75 19
18 28 -19
18 98 13
28 29 28
28 39 13
98 169 19
27 29 19
27 165 19
103 104 -28
24 101 28
24 23 -19
108 106 -19
168 166 -19
168 167 28
168 93 -8
201 57 13
201 200 13
201 203 -19
201 127 8
197 196 13
197 54 -8
55 56 -19
55 44 -28
71 72 13
72 74 19
72 70 -13
72 143 -19
169 181 13
129 130 28
129 117 -8
129 203 28
129 49 -13
130 128 28
130 132 19
130 200 -19
203 205 -13
203 59 13
138 140 28
140 139 -8
140 142 13
140 65 -13
140 1 28
67 68 8
67 79 8
67 142 19
68 66 8
68 70 -19
68 139 -13
79 80 19
142 3 -19
142 144 -19
171 172 8
29 167 8
3 82 -19
82 153 -8
82 80 -13
101 89 -28
101 102 13
101 176 13
102 104 -19
102 173 -28
176 174 -13
176 33 -8
75 76 8
76 74 19
166 165 -8
165 177 -13
165 153 19
80 1 -8
56 58 -13
56 196 -19
44 128 -8
44 33 -13
128 127 -19
34 33 -19
34 36 13
34 173 -13
114 185 8
114 32 -8
136 135 28
136 134 -28
136 206 -13
134 132 8
134 50 -8
134 204 -19
174 173 -28
174 32 28
33 23 8
131 205 -19
131 132 -8
53 192 -19
50 193 19
50 39 -13
58 57 19
74 145 28
145 10 -28
65 66 -28
1 2 19
70 69 -13
23 104 -28
205 204 28
204 192 28
104 106 -8
106 177 -28
69 144 -19
144 143 19
40 39 19
35 36 19
193 192 13
192 181 28
196 185 13
54 43 -8
173 185 -28
32 43 -19
