180 37 13
180 182 28
180 178 -13
180 179 -13
180 105 13
37 120 -19
37 38 -13
37 26 28
37 48 13
182 184 -13
182 39 -19
182 181 28
182 107 19
178 176 -19
178 103 8
178 177 -13
178 35 -19
179 190 -19
179 167 13
179 108 -8
179 40 -8
105 117 28
105 93 28
105 27 -19
105 106 19
92 94 19
92 163 -19
92 91 19
92 12 28
92 90 8
94 14 -13
94 93 19
94 165 19
94 96 -28
163 175 -28
163 25 -8
163 151 19
163 164 8
91 15 19
91 166 -19
91 103 28
91 79 -8
12 152 -19
12 13 28
12 1 19
12 23 8
90 11 13
90 161 13
90 89 19
62 202 19
62 60 -8
62 61 8
62 64 19
202 190 -19
202 132 28
202 203 -19
60 58 -13
60 200 -13
60 59 13
61 205 -19
61 50 8
64 63 13
64 204 -19
109 184 28
109 110 -13
109 31 -19
109 97 28
109 121 8
184 41 8
184 183 28
110 112 13
110 108 8
110 28 -13
110 181 28
31 29 28
31 30 28
31 169 8
97 98 -13
97 21 13
97 85 -19
97 172 8
121 42 -8
121 122 -28
121 195 -13
121 133 -19
63 207 -28
63 52 -13
207 205 19
207 206 -8
207 133 -28
52 41 28
52 136 -19
52 195 28
52 53 13
86 84 -13
86 157 -8
86 88 28
86 7 28
86 85 8
84 155 13
84 83 -19
84 5 28
84 82 8
157 21 -13
157 158 8
157 145 -8
157 169 8
88 87 8
88 159 19
88 9 19
7 18 -13
7 146 -13
7 8 -8
85 160 28
85 10 -8
85 73 -28
149 137 -19
149 13 28
149 78 -13
149 161 -19
149 150 -13
137 138 13
137 66 -19
137 2 -19
13 15 -19
13 89 -13
78 77 -28
78 80 13
78 0 -28
161 162 -8
161 24 -13
161 173 -19
150 152 -19
150 11 28
6 8 8
6 5 19
6 81 8
6 4 -8
6 141 19
8 10 -28
8 83 -8
8 143 28
5 16 -13
5 144 -8
81 156 13
81 69 -28
81 82 -8
81 93 13
4 3 -13
4 79 8
4 2 -8
4 139 28
141 70 -8
141 142 13
141 153 28
152 151 13
152 154 19
152 77 -19
151 15 13
151 80 13
151 139 13
154 156 -8
154 14 13
154 79 19
154 153 -28
77 2 19
77 89 19
77 65 19
120 190 8
120 119 -13
120 122 13
120 118 -13
190 191 8
190 51 -28
119 40 13
119 193 28
119 131 -8
119 107 28
122 124 19
122 39 8
122 192 28
118 117 8
118 116 19
118 188 8
118 35 8
42 41 8
42 40 19
42 181 28
195 193 -19
195 194 19
133 134 -8
133 53 -19
186 47 13
186 175 -13
186 187 13
186 116 8
186 198 -13
47 45 -19
47 49 -8
47 46 13
47 127 8
175 176 8
175 104 -8
175 36 8
187 189 -19
187 113 8
187 44 8
116 33 -28
116 115 -19
116 114 19
198 199 -19
198 128 8
198 58 -8
41 124 -28
41 30 -13
183 171 -19
183 112 -13
183 194 -28
38 117 -13
38 40 -28
38 36 -13
38 177 13
26 16 13
26 108 19
26 168 13
26 27 13
48 132 -28
48 49 13
48 191 -28
48 59 -28
15 17 -19
15 14 8
17 16 28
17 19 19
17 153 8
17 93 8
14 3 13
16 96 28
16 156 -28
96 95 -13
96 98 19
96 167 -8
156 155 13
156 158 19
148 146 -19
148 9 13
148 73 8
148 147 8
146 71 28
146 144 8
146 145 -19
9 10 -19
9 20 13
73 74 -19
147 159 8
147 76 19
155 19 28
155 143 28
155 167 13
158 160 28
158 18 19
158 83 -28
124 194 19
124 123 19
194 206 -19
123 135 28
123 111 8
95 83 -28
95 170 13
95 19 13
95 107 13
83 71 13
170 169 -13
170 172 -13
170 28 19
170 168 28
19 18 28
19 21 -19
107 29 -28
107 108 8
191 189 8
191 117 28
191 193 -13
51 131 -8
51 53 -13
51 50 28
51 49 13
30 112 8
30 172 -28
30 20 13
11 22 -19
11 0 -8
22 162 8
22 32 -13
22 102 -19
0 138 -19
25 27 -8
25 103 13
25 24 13
164 162 13
164 166 13
164 89 -28
164 23 -28
160 159 19
160 20 13
159 171 19
20 21 -19
20 100 -19
125 45 19
125 126 28
125 113 -19
125 199 28
45 44 28
45 185 -13
126 128 28
126 43 19
126 196 8
113 101 19
113 34 -19
113 114 -8
199 201 13
199 197 -8
199 55 -28
189 46 -28
189 188 28
189 115 13
46 57 -8
46 130 -8
46 35 -8
188 200 -8
188 177 -8
188 49 -8
115 127 8
115 36 19
115 103 13
99 111 19
99 100 8
99 87 -28
111 112 19
100 98 -28
100 171 28
87 75 28
18 28 -8
18 98 -13
28 29 -19
28 39 -19
98 169 28
27 29 28
27 165 19
103 104 28
24 101 8
24 23 -28
108 106 13
168 166 19
168 167 13
168 93 19
201 57 13
201 200 8
201 203 28
201 127 19
197 196 8
197 54 19
55 56 13
55 44 -13
71 72 -19
72 74 -28
72 70 8
72 143 -8
169 181 28
129 130 -8
129 117 -28
129 203 -28
129 49 8
130 128 19
130 132 13
130 200 19
203 205 8
203 59 13
138 140 28
140 139 28
140 142 -13
140 65 19
140 1 28
67 68 13
67 79 -28
67 142 -28
68 66 19
68 70 13
68 139 8
79 80 -8
142 3 13
142 144 -28
171 172 8
29 167 -28
3 82 -8
82 153 13
82 80 -8
101 89 -28
101 102 28
101 176 28
102 104 28
102 173 8
176 174 28
176 33 -28
75 76 19
76 74 13
166 165 13
165 177 -8
165 153 -8
80 1 -8
56 58 -28
56 196 28
44 128 19
44 33 8
128 127 -28
34 33 -28
34 36 -19
34 173 19
114 185 13
114 32 28
136 135 -8
136 134 13
136 206 13
134 132 19
134 50 -19
134 204 -28
174 173 -19
174 32 -28
33 23 -13
131 205 8
131 132 13
53 192 -8
50 193 -13
50 39 28
58 57 13
74 145 28
145 10 8
65 66 -13
1 2 28
70 69 -19
23 104 -8
205 204 28
204 192 -13
104 106 -13
106 177 13
69 144 8
144 143 8
40 39 -19
35 36 -13
193 192 8
192 181 8
196 185 -13
54 43 13
173 185 28
32 43 19
