180 37 8
180 182 -19
180 178 -19
180 179 13
180 105 -28
37 120 -8
37 38 19
37 26 28
37 48 28
182 184 8
182 39 -19
182 181 -28
182 107 13
178 176 -28
178 103 13
178 177 -13
178 35 19
179 190 -28
179 167 -19
179 108 19
179 40 -13
105 117 8
105 93 -8
105 27 -19
105 106 28
92 94 13
92 163 19
92 91 -28
92 12 8
92 90 13
94 14 -28
94 93 -13
94 165 -19
94 96 -8
163 175 -28
163 25 -13
163 151 -28
163 164 13
91 15 13
91 166 13
91 103 8
91 79 13
12 152 -8
12 13 -8
12 1 -19
12 23 19
90 11 -19
90 161 8
90 89 13
62 202 -19
62 60 8
62 61 28
62 64 -28
202 190 8
202 132 -8
202 203 -19
60 58 8
60 200 8
60 59 13
61 205 -13
61 50 -13
64 63 28
64 204 19
109 184 -8
109 110 19
109 31 -13
109 97 -13
109 121 28
184 41 13
184 183 -19
110 112 28
110 108 28
110 28 28
110 181 28
31 29 13
31 30 -8
31 169 -8
97 98 19
97 21 -8
97 85 13
97 172 19
121 42 28
121 122 -28
121 195 -13
121 133 -19
63 207 -13
63 52 19
207 205 8
207 206 28
207 133 19
52 41 28
52 136 8
52 195 -19
52 53 8
86 84 -28
86 157 -8
86 88 28
86 7 -28
86 85 -8
84 155 -13
84 83 -19
84 5 28
84 82 -19
157 21 19
157 158 8
157 145 -13
157 169 -28
88 87 13
88 159 19
88 9 -19
7 18 8
7 146 28
7 8 8
85 160 -8
85 10 19
85 73 -19
149 137 -19
149 13 13
149 78 -28
149 161 -8
149 150 -19
137 138 19
137 66 13
137 2 13
13 15 28
13 89 -28
78 77 19
78 80 19
78 0 -8
161 162 -28
161 24 8
161 173 -28
150 152 8
150 11 -28
6 8 8
6 5 -28
6 81 8
6 4 -13
6 141 -8
8 10 13
8 83 -8
8 143 8
5 16 13
5 144 -8
81 156 28
81 69 -28
81 82 28
81 93 -19
4 3 8
4 79 -8
4 2 19
4 139 28
141 70 28
141 142 13
141 153 13
152 151 8
152 154 -28
152 77 -19
151 15 13
151 80 -13
151 139 19
154 156 28
154 14 13
154 79 28
154 153 8
77 2 13
77 89 -28
77 65 -28
120 190 -13
120 119 -28
120 122 28
120 118 -19
190 191 8
190 51 13
119 40 8
119 193 28
119 131 -13
119 107 8
122 124 19
122 39 19
122 192 8
118 117 -8
118 116 19
118 188 13
118 35 13
42 41 -28
42 40 28
42 181 -19
195 193 -28
195 194 13
133 134 -13
133 53 8
186 47 -13
186 175 19
186 187 -28
186 116 -28
186 198 -19
47 45 13
47 49 28
47 46 -13
47 127 -8
175 176 -28
175 104 19
175 36 -13
187 189 -13
187 113 -28
187 44 -28
116 33 28
116 115 -8
116 114 8
198 199 13
198 128 -8
198 58 8
41 124 13
41 30 -8
183 171 13
183 112 8
183 194 -19
38 117 13
38 40 13
38 36 13
38 177 -13
26 16 -19
26 108 -19
26 168 13
26 27 13
48 132 -19
48 49 13
48 191 28
48 59 28
15 17 -28
15 14 19
17 16 19
17 19 8
17 153 8
17 93 28
14 3 28
16 96 8
16 156 -28
96 95 13
96 98 8
96 167 -13
156 155 -13
156 158 13
148 146 -28
148 9 -28
148 73 -13
148 147 19
146 71 -28
146 144 -8
146 145 -28
9 10 -8
9 20 -19
73 74 -13
147 159 13
147 76 28
155 19 8
155 143 19
155 167 -13
158 160 -8
158 18 8
158 83 28
124 194 28
124 123 28
194 206 8
123 135 -28
123 111 13
95 83 19
95 170 -28
95 19 -19
95 107 19
83 71 -13
170 169 -19
170 172 19
170 28 13
170 168 13
19 18 -8
19 21 8
107 29 -8
107 108 8
191 189 19
191 117 13
191 193 -19
51 131 -8
51 53 -13
51 50 13
51 49 28
30 112 13
30 172 28
30 20 8
11 22 19
11 0 -13
22 162 -8
22 32 8
22 102 8
0 138 -13
25 27 -19
25 103 8
25 24 13
164 162 19
164 166 19
164 89 28
164 23 -13
160 159 28
160 20 -28
159 171 -8
20 21 -28
20 100 28
125 45 -13
125 126 -19
125 113 -28
125 199 28
45 44 8
45 185 13
126 128 -28
126 43 13
126 196 -8
113 101 -13
113 34 -28
113 114 19
199 201 -8
199 197 -28
199 55 -13
189 46 19
189 188 13
189 115 -28
46 57 -13
46 130 8
46 35 -19
188 200 13
188 177 28
188 49 13
115 127 13
115 36 13
115 103 -19
99 111 8
99 100 13
99 87 19
111 112 19
100 98 -19
100 171 13
87 75 19
18 28 -28
18 98 -28
28 29 -19
28 39 28
98 169 -13
27 29 28
27 165 13
103 104 8
24 101 19
24 23 13
108 106 19
168 166 13
168 167 19
168 93 -19
201 57 19
201 200 8
201 203 19
201 127 -28
197 196 8
197 54 28
55 56 -8
55 44 -28
71 72 28
72 74 -8
72 70 -28
72 143 13
169 181 28
129 130 19
129 117 13
129 203 -8
129 49 -28
130 128 -28
130 132 -8
130 200 19
203 205 8
203 59 -13
138 140 -19
140 139 28
140 142 13
140 65 -13
140 1 -19
67 68 8
67 79 28
67 142 19
68 66 19
68 70 19
68 139 28
79 80 -8
142 3 13
142 144 19
171 172 -19
29 167 -28
3 82 8
82 153 -19
82 80 -13
101 89 -28
101 102 -13
101 176 19
102 104 -19
102 173 13
176 174 19
176 33 19
75 76 -28
76 74 13
166 165 8
165 177 -28
165 153 -19
80 1 -28
56 58 8
56 196 28
44 128 13
44 33 -28
128 127 -13
34 33 -19
34 36 8
34 173 8
114 185 -13
114 32 28
136 135 -28
136 134 28
136 206 8
134 132 28
134 50 -19
134 204 -13
174 173 -28
174 32 13
33 23 -19
131 205 -8
131 132 -13
53 192 8
50 193 13
50 39 8
58 57 19
74 145 28
145 10 19
65 66 28
1 2 -13
70 69 19
23 104 -8
205 204 28
204 192 -8
104 106 -28
106 177 19
69 144 19
144 143 -28
40 39 -13
35 36 -13
193 192 -8
192 181 -8
196 185 13
54 43 -28
173 185 -28
32 43 -8
