180 37 28
180 182 13
180 178 -13
180 179 -8
180 105 -13
37 120 -8
37 38 -8
37 26 28
37 48 19
182 184 19
182 39 -8
182 181 -28
182 107 -13
178 176 8
178 103 -19
178 177 -19
178 35 13
179 190 -19
179 167 28
179 108 -8
179 40 -28
105 117 -8
105 93 28
105 27 -19
105 106 -19
92 94 28
92 163 28
92 91 -8
92 12 -13
92 90 -13
94 14 8
94 93 -28
94 165 -13
94 96 -28
163 175 -28
163 25 19
163 151 -28
163 164 -19
91 15 13
91 166 8
91 103 28
91 79 19
12 152 13
12 13 8
12 1 19
12 23 8
90 11 19
90 161 8
90 89 -8
62 202 -28
62 60 13
62 61 -19
62 64 13
202 190 -19
202 132 8
202 203 19
60 58 -19
60 200 -13
60 59 -8
61 205 28
61 50 13
64 63 13
64 204 13
109 184 -19
109 110 19
109 31 -28
109 97 8
109 121 -13
184 41 28
184 183 8
110 112 -8
110 108 -19
110 28 28
110 181 -8
31 29 28
31 30 -8
31 169 19
97 98 -8
97 21 8
97 85 -13
97 172 -19
121 42 -8
121 122 -19
121 195 -13
121 133 -13
63 207 -8
63 52 -13
207 205 28
207 206 -28
207 133 -28
52 41 19
52 136 -13
52 195 -28
52 53 28
86 84 28
86 157 -8
86 88 19
86 7 8
86 85 8
84 155 19
84 83 13
84 5 -28
84 82 19
157 21 19
157 158 19
157 145 -19
157 169 19
88 87 28
88 159 -19
88 9 13
7 18 -13
7 146 -13
7 8 8
85 160 -28
85 10 -28
85 73 -13
149 137 13
149 13 8
149 78 -19
149 161 13
149 150 19
137 138 13
137 66 -13
137 2 -19
13 15 19
13 89 -8
78 77 19
78 80 -8
78 0 -19
161 162 8
161 24 19
161 173 13
150 152 28
150 11 19
6 8 19
6 5 28
6 81 8
6 4 28
6 141 -8
8 10 19
8 83 13
8 143 -19
5 16 -13
5 144 -13
81 156 -28
81 69 28
81 82 -19
81 93 13
4 3 -28
4 79 28
4 2 28
4 139 28
141 70 -8
141 142 -8
141 153 -13
152 151 -13
152 154 -13
152 77 -19
151 15 13
151 80 28
151 139 28
154 156 -8
154 14 -8
154 79 -13
154 153 8
77 2 13
77 89 19
77 65 -19
120 190 19
120 119 -13
120 122 19
120 118 -8
190 191 -8
190 51 -28
119 40 -19
119 193 -28
119 131 -28
119 107 -8
122 124 -19
122 39 28
122 192 -28
118 117 -8
118 116 19
118 188 -28
118 35 -19
42 41 -28
42 40 19
42 181 -28
195 193 -13
195 194 -19
133 134 -13
133 53 -28
186 47 13
186 175 19
186 187 -13
186 116 8
186 198 13
47 45 28
47 49 -28
47 46 8
47 127 -19
175 176 8
175 104 28
175 36 13
187 189 -8
187 113 28
187 44 8
116 33 13
116 115 8
116 114 19
198 199 -28
198 128 -19
198 58 -13
41 124 19
41 30 -19
183 171 8
183 112 -8
183 194 -8
38 117 28
38 40 19
38 36 19
38 177 -28
26 16 -8
26 108 -13
26 168 8
26 27 -19
48 132 -8
48 49 8
48 191 -13
48 59 8
15 17 -19
15 14 -13
17 16 28
17 19 -13
17 153 -28
17 93 19
14 3 13
16 96 8
16 156 8
96 95 8
96 98 19
96 167 28
156 155 13
156 158 13
148 146 13
148 9 -28
148 73 -8
148 147 13
146 71 8
146 144 8
146 145 -19
9 10 -28
9 20 -19
73 74 -28
147 159 -28
147 76 13
155 19 -13
155 143 -28
155 167 13
158 160 -8
158 18 -28
158 83 13
124 194 -28
124 123 19
194 206 13
123 135 -8
123 111 19
95 83 -13
95 170 -19
95 19 13
95 107 -13
83 71 13
170 169 -13
170 172 -13
170 28 28
170 168 -28
19 18 13
19 21 19
107 29 8
107 108 -28
191 189 28
191 117 8
191 193 19
51 131 19
51 53 19
51 50 28
51 49 -8
30 112 -13
30 172 -8
30 20 -13
11 22 -8
11 0 -28
22 162 28
22 32 8
22 102 -13
0 138 -8
25 27 -13
25 103 13
25 24 13
164 162 -28
164 166 19
164 89 -8
164 23 -19
160 159 -19
160 20 -13
159 171 -28
20 21 -28
20 100 8
125 45 13
125 126 -19
125 113 8
125 199 19
45 44 8
45 185 13
126 128 -19
126 43 19
126 196 -19
113 101 -28
113 34 8
113 114 19
199 201 -28
199 197 8
199 55 -8
189 46 -13
189 188 -19
189 115 13
46 57 -19
46 130 -8
46 35 -8
188 200 8
188 177 28
188 49 8
115 127 -28
115 36 -13
115 103 13
99 111 -13
99 100 -8
99 87 19
111 112 19
100 98 28
100 171 -8
87 75 13
18 28 28
18 98 -13
28 29 -13
28 39 13
98 169 19
27 29 19
27 165 -28
103 104 -19
24 101 28
24 23 8
108 106 13
168 166 28
168 167 28
168 93 13
201 57 -28
201 200 8
201 203 19
201 127 13
197 196 -13
197 54 -19
55 56 -13
55 44 -8
71 72 -19
72 74 -13
72 70 19
72 143 -13
169 181 -28
129 130 19
129 117 -13
129 203 8
129 49 -8
130 128 -19
130 132 19
130 200 -19
203 205 -13
203 59 28
138 140 8
140 139 -13
140 142 8
140 65 -28
140 1 -28
67 68 19
67 79 -19
67 142 19
68 66 13
68 70 -13
68 139 28
79 80 8
142 3 -8
142 144 13
171 172 13
29 167 -28
3 82 13
82 153 19
82 80 13
101 89 8
101 102 -28
101 176 19
102 104 -19
102 173 -13
176 174 -13
176 33 13
75 76 -28
76 74 -28
166 165 8
165 177 19
165 153 13
80 1 -28
56 58 -28
56 196 -28
44 128 -28
44 33 8
128 127 -8
34 33 13
34 36 19
34 173 19
114 185 13
114 32 -28
136 135 19
136 134 -19
136 206 19
134 132 13
134 50 19
134 204 -28
174 173 19
174 32 19
33 23 28
131 205 -19
131 132 -28
53 192 -8
50 193 19
50 39 19
58 57 -8
74 145 -8
145 10 8
65 66 28
1 2 19
70 69 -8
23 104 19
205 204 -19
204 192 8
104 106 28
106 177 13
69 144 13
144 143 -19
40 39 -8
35 36 -13
193 192 13
192 181 8
196 185 -19
54 43 -8
173 185 19
32 43 -28
