180 37 -8
180 182 -13
180 178 28
180 179 -28
180 105 -13
37 120 -13
37 38 8
37 26 19
37 48 -28
182 184 8
182 39 19
182 181 28
182 107 -13
178 176 -28
178 103 13
178 177 13
178 35 19
179 190 -28
179 167 -28
179 108 19
179 40 8
105 117 8
105 93 8
105 27 -8
105 106 -19
92 94 -19
92 163 -13
92 91 28
92 12 -19
92 90 8
94 14 -13
94 93 -13
94 165 28
94 96 -8
163 175 19
163 25 19
163 151 -13
163 164 -13
91 15 -8
91 166 -19
91 103 -28
91 79 8
12 152 19
12 13 -19
12 1 -8
12 23 -13
90 11 28
90 161 8
90 89 8
62 202 13
62 60 28
62 61 19
62 64 19
202 190 -8
202 132 8
202 203 -28
60 58 28
60 200 8
60 59 19
61 205 8
61 50 -19
64 63 -19
64 204 19
109 184 19
109 110 8
109 31 -13
109 97 28
109 121 -13
184 41 13
184 183 -19
110 112 -13
110 108 19
110 28 -8
110 181 -19
31 29 13
31 30 -8
31 169 -19
97 98 -19
97 21 8
97 85 19
97 172 8
121 42 8
121 122 19
121 195 -8
121 133 13
63 207 13
63 52 -19
207 205 8
207 206 -13
207 133 13
52 41 13
52 136 13
52 195 19
52 53 -19
86 84 13
86 157 28
86 88 -13
86 7 -8
86 85 8
84 155 -28
84 83 28
84 5 -8
84 82 -19
157 21 -28
157 158 8
157 145 -19
157 169 -19
88 87 -28
88 159 -28
88 9 28
7 18 8
7 146 8
7 8 28
85 160 19
85 10 19
85 73 -28
149 137 -13
149 13 -28
149 78 8
149 161 -13
149 150 -19
137 138 19
137 66 -8
137 2 13
13 15 -13
13 89 28
78 77 -8
78 80 28
78 0 -8
161 162 -13
161 24 13
161 173 28
150 152 28
150 11 -28
6 8 -28
6 5 19
6 81 -8
6 4 13
6 141 -19
8 10 -13
8 83 -28
8 143 28
5 16 28
5 144 -13
81 156 13
81 69 -8
81 82 28
81 93 19
4 3 -28
4 79 8
4 2 -19
4 139 28
141 70 -8
141 142 -13
141 153 -19
152 151 -28
152 154 -28
152 77 19
151 15 -19
151 80 -8
151 139 28
154 156 -13
154 14 13
154 79 -28
154 153 13
77 2 -13
77 89 -19
77 65 -19
120 190 8
120 119 13
120 122 19
120 118 -13
190 191 -28
190 51 -8
119 40 -13
119 193 -8
119 131 -19
119 107 -28
122 124 -19
122 39 19
122 192 -28
118 117 19
118 116 -19
118 188 -8
118 35 -19
42 41 19
42 40 -19
42 181 -13
195 193 -8
195 194 8
133 134 13
133 53 28
186 47 13
186 175 28
186 187 8
186 116 -28
186 198 19
47 45 -19
47 49 28
47 46 28
47 127 -19
175 176 28
175 104 28
175 36 19
187 189 -28
187 113 8
187 44 19
116 33 13
116 115 28
116 114 -19
198 199 28
198 128 -13
198 58 28
41 124 19
41 30 13
183 171 -13
183 112 8
183 194 -8
38 117 -13
38 40 8
38 36 13
38 177 -13
26 16 -19
26 108 8
26 168 -19
26 27 13
48 132 13
48 49 13
48 191 -13
48 59 8
15 17 -13
15 14 19
17 16 -19
17 19 19
17 153 -19
17 93 -28
14 3 -13
16 96 -13
16 156 28
96 95 28
96 98 -28
96 167 -19
156 155 8
156 158 -28
148 146 8
148 9 -13
148 73 -8
148 147 -8
146 71 19
146 144 19
146 145 -8
9 10 28
9 20 -28
73 74 19
147 159 19
147 76 13
155 19 -19
155 143 13
155 167 13
158 160 13
158 18 -28
158 83 19
124 194 19
124 123 19
194 206 -19
123 135 28
123 111 8
95 83 13
95 170 13
95 19 8
95 107 19
83 71 -28
170 169 -28
170 172 -13
170 28 28
170 168 8
19 18 13
19 21 -8
107 29 -28
107 108 -8
191 189 28
191 117 28
191 193 -13
51 131 19
51 53 28
51 50 -8
51 49 19
30 112 -28
30 172 13
30 20 -19
11 22 28
11 0 19
22 162 28
22 32 13
22 102 13
0 138 -13
25 27 -8
25 103 28
25 24 -28
164 162 -19
164 166 28
164 89 -19
164 23 13
160 159 8
160 20 8
159 171 19
20 21 19
20 100 28
125 45 13
125 126 13
125 113 13
125 199 28
45 44 13
45 185 -13
126 128 19
126 43 8
126 196 28
113 101 19
113 34 -13
113 114 13
199 201 19
199 197 19
199 55 19
189 46 -13
189 188 8
189 115 -13
46 57 13
46 130 -8
46 35 8
188 200 13
188 177 -19
188 49 -13
115 127 8
115 36 19
115 103 -19
99 111 -19
99 100 13
99 87 -8
111 112 28
100 98 28
100 171 19
87 75 -8
18 28 -28
18 98 19
28 29 8
28 39 19
98 169 13
27 29 -19
27 165 -28
103 104 -13
24 101 -8
24 23 -19
108 106 8
168 166 -28
168 167 13
168 93 28
201 57 -13
201 200 -28
201 203 -28
201 127 19
197 196 8
197 54 19
55 56 8
55 44 -28
71 72 13
72 74 13
72 70 8
72 143 13
169 181 -19
129 130 13
129 117 28
129 203 19
129 49 8
130 128 19
130 132 -28
130 200 -28
203 205 -13
203 59 19
138 140 8
140 139 19
140 142 -28
140 65 19
140 1 28
67 68 -8
67 79 28
67 142 8
68 66 8
68 70 -19
68 139 13
79 80 -8
142 3 19
142 144 -28
171 172 13
29 167 13
3 82 -13
82 153 19
82 80 -8
101 89 13
101 102 13
101 176 13
102 104 -8
102 173 -28
176 174 13
176 33 19
75 76 8
76 74 19
166 165 19
165 177 -28
165 153 -8
80 1 8
56 58 8
56 196 -13
44 128 -28
44 33 -8
128 127 28
34 33 -28
34 36 -13
34 173 13
114 185 -19
114 32 -8
136 135 -19
136 134 19
136 206 -13
134 132 -13
134 50 -13
134 204 -19
174 173 28
174 32 -19
33 23 -8
131 205 -13
131 132 8
53 192 8
50 193 28
50 39 28
58 57 -19
74 145 -13
145 10 -19
65 66 19
1 2 19
70 69 -19
23 104 28
205 204 -8
204 192 -8
104 106 13
106 177 -28
69 144 -13
144 143 13
40 39 28
35 36 -28
193 192 13
192 181 13
196 185 19
54 43 28
173 185 19
32 43 28
