180 37 -28
180 182 19
180 178 19
180 179 13
180 105 13
37 120 28
37 38 8
37 26 8
37 48 -28
182 184 -8
182 39 8
182 181 -13
182 107 8
178 176 8
178 103 19
178 177 -19
178 35 28
179 190 28
179 167 28
179 108 -8
179 40 -28
105 117 28
105 93 -28
105 27 8
105 106 8
92 94 8
92 163 -8
92 91 28
92 12 -13
92 90 8
94 14 -19
94 93 -28
94 165 -28
94 96 -8
163 175 13
163 25 -13
163 151 -13
163 164 13
91 15 19
91 166 8
91 103 -28
91 79 19
12 152 -13
12 13 -8
12 1 -8
12 23 13
90 11 8
90 161 -13
90 89 -8
62 202 -8
62 60 19
62 61 -8
62 64 19
202 190 -19
202 132 -19
202 203 -19
60 58 -13
60 200 28
60 59 -8
61 205 -13
61 50 8
64 63 19
64 204 -8
109 184 8
109 110 -13
109 31 -28
109 97 -13
109 121 8
184 41 13
184 183 -13
110 112 8
110 108 -28
110 28 -13
110 181 8
31 29 -19
31 30 28
31 169 -28
97 98 28
97 21 19
97 85 19
97 172 28
121 42 19
121 122 8
121 195 8
121 133 8
63 207 -13
63 52 -28
207 205 -8
207 206 8
207 133 -28
52 41 19
52 136 28
52 195 -13
52 53 28
86 84 13
86 157 -13
86 88 -28
86 7 8
86 85 -8
84 155 -19
84 83 8
84 5 -8
84 82 -19
157 21 13
157 158 28
157 145 13
157 169 19
88 87 8
88 159 -19
88 9 -19
7 18 -28
7 146 -8
7 8 -13
85 160 28
85 10 19
85 73 19
149 137 19
149 13 -8
149 78 -28
149 161 -19
149 150 13
137 138 -28
137 66 8
137 2 -13
13 15 -19
13 89 -8
78 77 19
78 80 -13
78 0 -28
161 162 8
161 24 28
161 173 -28
150 152 13
150 11 8
6 8 -8
6 5 28
6 81 8
6 4 8
6 141 -8
8 10 13
8 83 -28
8 143 -13
5 16 -13
5 144 -8
81 156 13
81 69 -19
81 82 13
81 93 19
4 3 13
4 79 13
4 2 19
4 139 19
141 70 -8
141 142 -8
141 153 19
152 151 -8
152 154 19
152 77 8
151 15 -8
151 80 -28
151 139 -19
154 156 -8
154 14 13
154 79 -28
154 153 19
77 2 -28
77 89 28
77 65 13
120 190 19
120 119 13
120 122 19
120 118 -8
190 191 28
190 51 -8
119 40 28
119 193 19
119 131 28
119 107 19
122 124 -19
122 39 -19
122 192 -8
118 117 -19
118 116 -13
118 188 28
118 35 -19
42 41 -28
42 40 8
42 181 -28
195 193 19
195 194 -19
133 134 19
133 53 28
186 47 28
186 175 19
186 187 13
186 116 8
186 198 13
47 45 8
47 49 -28
47 46 8
47 127 28
175 176 -28
175 104 13
175 36 -8
187 189 -13
187 113 8
187 44 -13
116 33 13
116 115 28
116 114 19
198 199 19
198 128 -8
198 58 8
41 124 28
41 30 19
183 171 -28
183 112 13
183 194 8
38 117 8
38 40 -8
38 36 -19
38 177 8
26 16 13
26 108 -19
26 168 -19
26 27 19
48 132 -28
48 49 8
48 191 13
48 59 -28
15 17 19
15 14 19
17 16 8
17 19 8
17 153 -8
17 93 19
14 3 -8
16 96 -8
16 156 8
96 95 -28
96 98 28
96 167 -28
156 155 -28
156 158 -28
148 146 -28
148 9 19
148 73 8
148 147 13
146 71 28
146 144 8
146 145 13
9 10 -19
9 20 -13
73 74 -28
147 159 28
147 76 8
155 19 13
155 143 28
155 167 -13
158 160 19
158 18 -19
158 83 -19
124 194 -8
124 123 13
194 206 -13
123 135 -28
123 111 -8
95 83 8
95 170 -28
95 19 -13
95 107 19
83 71 28
170 169 -19
170 172 28
170 28 -8
170 168 28
19 18 -13
19 21 19
107 29 -19
107 108 8
191 189 8
191 117 13
191 193 -8
51 131 13
51 53 28
51 50 -19
51 49 28
30 112 28
30 172 -8
30 20 -28
11 22 -19
11 0 -28
22 162 -28
22 32 13
22 102 8
0 138 -19
25 27 13
25 103 -8
25 24 8
164 162 8
164 166 13
164 89 13
164 23 8
160 159 13
160 20 -8
159 171 -8
20 21 28
20 100 8
125 45 8
125 126 28
125 113 13
125 199 28
45 44 -19
45 185 -8
126 128 -8
126 43 19
126 196 -28
113 101 -28
113 34 13
113 114 13
199 201 -13
199 197 28
199 55 8
189 46 -19
189 188 -13
189 115 -28
46 57 13
46 130 8
46 35 19
188 200 8
188 177 13
188 49 28
115 127 -13
115 36 8
115 103 -8
99 111 -13
99 100 -19
99 87 13
111 112 -8
100 98 -8
100 171 -19
87 75 -19
18 28 -13
18 98 -28
28 29 19
28 39 -13
98 169 -19
27 29 8
27 165 -13
103 104 -8
24 101 8
24 23 13
108 106 13
168 166 13
168 167 -28
168 93 13
201 57 28
201 200 -19
201 203 28
201 127 -28
197 196 28
197 54 -19
55 56 -19
55 44 13
71 72 8
72 74 -19
72 70 -19
72 143 8
169 181 28
129 130 8
129 117 13
129 203 19
129 49 -8
130 128 -13
130 132 13
130 200 13
203 205 28
203 59 -28
138 140 19
140 139 8
140 142 8
140 65 19
140 1 19
67 68 -13
67 79 -28
67 142 19
68 66 -19
68 70 19
68 139 -19
79 80 28
142 3 19
142 144 -19
171 172 -13
29 167 -13
3 82 -19
82 153 13
82 80 13
101 89 -19
101 102 19
101 176 28
102 104 -28
102 173 13
176 174 -28
176 33 -19
75 76 13
76 74 -28
166 165 -8
165 177 -8
165 153 13
80 1 13
56 58 -19
56 196 -28
44 128 19
44 33 -13
128 127 8
34 33 -28
34 36 13
34 173 13
114 185 13
114 32 -13
136 135 -28
136 134 -13
136 206 -8
134 132 -8
134 50 -8
134 204 13
174 173 19
174 32 28
33 23 8
131 205 -28
131 132 28
53 192 -28
50 193 -28
50 39 19
58 57 13
74 145 -13
145 10 -19
65 66 8
1 2 -13
70 69 28
23 104 -8
205 204 -19
204 192 -19
104 106 28
106 177 13
69 144 8
144 143 28
40 39 19
35 36 19
193 192 -28
192 181 -8
196 185 -28
54 43 13
173 185 -13
32 43 -8
