180 37 -28
180 182 28
180 178 19
180 179 -19
180 105 -28
37 120 -13
37 38 8
37 26 13
37 48 8
182 184 8
182 39 -13
182 181 -28
182 107 -13
178 176 -19
178 103 19
178 177 -8
178 35 19
179 190 -19
179 167 13
179 108 -19
179 40 28
105 117 8
105 93 -28
105 27 -13
105 106 28
92 94 -19
92 163 -8
92 91 19
92 12 -8
92 90 -19
94 14 -13
94 93 8
94 165 -8
94 96 28
163 175 -28
163 25 -13
163 151 8
163 164 28
91 15 -13
91 166 8
91 103 -8
91 79 13
12 152 19
12 13 28
12 1 -13
12 23 8
90 11 28
90 161 -13
90 89 28
62 202 13
62 60 28
62 61 13
62 64 -8
202 190 -8
202 132 28
202 203 13
60 58 -28
60 200 -13
60 59 -13
61 205 19
61 50 -28
64 63 -13
64 204 19
109 184 -13
109 110 19
109 31 -13
109 97 -8
109 121 13
184 41 -28
184 183 -28
110 112 28
110 108 8
110 28 8
110 181 -13
31 29 13
31 30 19
31 169 13
97 98 -13
97 21 19
97 85 28
97 172 19
121 42 -13
121 122 28
121 195 -28
121 133 28
63 207 -13
63 52 28
207 205 8
207 206 19
207 133 -8
52 41 -28
52 136 19
52 195 -28
52 53 28
86 84 -8
86 157 13
86 88 8
86 7 13
86 85 -28
84 155 -13
84 83 -8
84 5 8
84 82 -13
157 21 8
157 158 13
157 145 -13
157 169 -13
88 87 28
88 159 13
88 9 28
7 18 8
7 146 -8
7 8 -8
85 160 -8
85 10 13
85 73 28
149 137 8
149 13 13
149 78 8
149 161 13
149 150 -19
137 138 13
137 66 19
137 2 19
13 15 -13
13 89 13
78 77 -13
78 80 8
78 0 -13
161 162 28
161 24 8
161 173 19
150 152 -13
150 11 19
6 8 -8
6 5 8
6 81 28
6 4 8
6 141 28
8 10 8
8 83 -28
8 143 8
5 16 -19
5 144 28
81 156 -28
81 69 8
81 82 -8
81 93 -13
4 3 -8
4 79 -8
4 2 -28
4 139 -8
141 70 19
141 142 13
141 153 13
152 151 -28
152 154 8
152 77 -19
151 15 -28
151 80 28
151 139 -13
154 156 28
154 14 13
154 79 -13
154 153 28
77 2 13
77 89 8
77 65 13
120 190 -19
120 119 13
120 122 -19
120 118 -8
190 191 13
190 51 28
119 40 13
119 193 19
119 131 13
119 107 -19
122 124 8
122 39 -8
122 192 19
118 117 8
118 116 19
118 188 28
118 35 -13
42 41 28
42 40 13
42 181 28
195 193 -13
195 194 19
133 134 -28
133 53 -28
186 47 19
186 175 19
186 187 28
186 116 13
186 198 -13
47 45 -8
47 49 -28
47 46 13
47 127 -28
175 176 -28
175 104 -28
175 36 13
187 189 13
187 113 28
187 44 28
116 33 19
116 115 -13
116 114 -28
198 199 13
198 128 -19
198 58 -19
41 124 -8
41 30 13
183 171 13
183 112 13
183 194 13
38 117 -13
38 40 -19
38 36 -19
38 177 13
26 16 19
26 108 19
26 168 8
26 27 19
48 132 -28
48 49 -13
48 191 28
48 59 -8
15 17 -19
15 14 28
17 16 -19
17 19 -28
17 153 8
17 93 8
14 3 28
16 96 -13
16 156 -8
96 95 8
96 98 -19
96 167 28
156 155 -28
156 158 -19
148 146 -28
148 9 -19
148 73 -19
148 147 19
146 71 13
146 144 19
146 145 -19
9 10 -19
9 20 -8
73 74 -19
147 159 -28
147 76 13
155 19 -19
155 143 -13
155 167 19
158 160 8
158 18 -13
158 83 13
124 194 19
124 123 13
194 206 28
123 135 -8
123 111 13
95 83 19
95 170 13
95 19 -13
95 107 8
83 71 -19
170 169 19
170 172 -13
170 28 -13
170 168 -28
19 18 28
19 21 -28
107 29 28
107 108 -28
191 189 28
191 117 -8
191 193 19
51 131 -19
51 53 -8
51 50 13
51 49 28
30 112 28
30 172 13
30 20 13
11 22 8
11 0 19
22 162 -28
22 32 28
22 102 -28
0 138 -8
25 27 -13
25 103 -8
25 24 -13
164 162 19
164 166 -28
164 89 -19
164 23 -8
160 159 28
160 20 19
159 171 8
20 21 -13
20 100 8
125 45 28
125 126 -8
125 113 13
125 199 -28
45 44 13
45 185 13
126 128 13
126 43 -28
126 196 -19
113 101 -28
113 34 -8
113 114 28
199 201 -28
199 197 -13
199 55 8
189 46 -8
189 188 13
189 115 -28
46 57 -19
46 130 8
46 35 -19
188 200 13
188 177 -19
188 49 13
115 127 19
115 36 -19
115 103 -19
99 111 19
99 100 -13
99 87 28
111 112 8
100 98 8
100 171 28
87 75 -19
18 28 19
18 98 28
28 29 -19
28 39 -19
98 169 8
27 29 8
27 165 19
103 104 19
24 101 -13
24 23 -13
108 106 -8
168 166 19
168 167 13
168 93 -28
201 57 -28
201 200 -8
201 203 28
201 127 8
197 196 -19
197 54 -19
55 56 -28
55 44 19
71 72 -28
72 74 -8
72 70 -8
72 143 -8
169 181 19
129 130 19
129 117 -13
129 203 -28
129 49 13
130 128 -13
130 132 19
130 200 -13
203 205 -19
203 59 8
138 140 13
140 139 13
140 142 -19
140 65 13
140 1 28
67 68 -13
67 79 19
67 142 28
68 66 -8
68 70 28
68 139 -28
79 80 28
142 3 -19
142 144 28
171 172 19
29 167 13
3 82 13
82 153 28
82 80 28
101 89 8
101 102 -8
101 176 -19
102 104 -8
102 173 19
176 174 19
176 33 -19
75 76 -8
76 74 -28
166 165 13
165 177 28
165 153 28
80 1 -13
56 58 19
56 196 -8
44 128 -28
44 33 19
128 127 19
34 33 19
34 36 -13
34 173 -28
114 185 28
114 32 -28
136 135 -28
136 134 28
136 206 -28
134 132 8
134 50 19
134 204 19
174 173 -8
174 32 28
33 23 28
131 205 13
131 132 -28
53 192 28
50 193 28
50 39 -13
58 57 13
74 145 -13
145 10 13
65 66 -8
1 2 -19
70 69 -13
23 104 13
205 204 -19
204 192 -13
104 106 -19
106 177 -19
69 144 8
144 143 -28
40 39 -8
35 36 -13
193 192 -8
192 181 8
196 185 19
54 43 8
173 185 -28
32 43 -19
