180 37 13
180 182 19
180 178 -28
180 179 -13
180 105 -8
37 120 19
37 38 19
37 26 -8
37 48 -13
182 184 28
182 39 -28
182 181 19
182 107 -8
178 176 28
178 103 19
178 177 -28
178 35 -13
179 190 -13
179 167 28
179 108 8
179 40 13
105 117 -13
105 93 -19
105 27 19
105 106 -19
92 94 -8
92 163 13
92 91 -13
92 12 -19
92 90 -28
94 14 -28
94 93 -19
94 165 8
94 96 28
163 175 -19
163 25 -8
163 151 19
163 164 28
91 15 8
91 166 19
91 103 19
91 79 13
12 152 19
12 13 19
12 1 19
12 23 -13
90 11 8
90 161 -13
90 89 -19
62 202 13
62 60 13
62 61 -28
62 64 -13
202 190 8
202 132 -8
202 203 -8
60 58 19
60 200 28
60 59 -28
61 205 28
61 50 19
64 63 -28
64 204 -19
109 184 8
109 110 13
109 31 19
109 97 -28
109 121 -28
184 41 -8
184 183 8
110 112 8
110 108 -28
110 28 28
110 181 -19
31 29 -8
31 30 28
31 169 28
97 98 28
97 21 -28
97 85 19
97 172 -13
121 42 -13
121 122 28
121 195 -28
121 133 -13
63 207 19
63 52 -28
207 205 19
207 206 -13
207 133 8
52 41 -19
52 136 28
52 195 28
52 53 -13
86 84 8
86 157 -8
86 88 -28
86 7 -8
86 85 -8
84 155 8
84 83 28
84 5 13
84 82 28
157 21 28
157 158 -19
157 145 13
157 169 -13
88 87 -28
88 159 -19
88 9 19
7 18 13
7 146 19
7 8 -8
85 160 13
85 10 8
85 73 -8
149 137 19
149 13 -28
149 78 -28
149 161 -28
149 150 19
137 138 -19
137 66 -8
137 2 19
13 15 13
13 89 19
78 77 -19
78 80 -19
78 0 19
161 162 -28
161 24 -8
161 173 -13
150 152 -28
150 11 19
6 8 -19
6 5 8
6 81 -8
6 4 -8
6 141 28
8 10 13
8 83 8
8 143 -19
5 16 19
5 144 -19
81 156 -28
81 69 -8
81 82 8
81 93 -28
4 3 -13
4 79 -28
4 2 -19
4 139 -13
141 70 19
141 142 13
141 153 8
152 151 19
152 154 -8
152 77 -8
151 15 -19
151 80 -13
151 139 19
154 156 -28
154 14 19
154 79 13
154 153 28
77 2 28
77 89 -13
77 65 -28
120 190 -28
120 119 13
120 122 13
120 118 -8
190 191 19
190 51 13
119 40 13
119 193 -19
119 131 -19
119 107 8
122 124 13
122 39 19
122 192 8
118 117 -19
118 116 -28
118 188 -8
118 35 -28
42 41 -19
42 40 13
42 181 -13
195 193 -28
195 194 19
133 134 8
133 53 -19
186 47 -28
186 175 -13
186 187 -19
186 116 13
186 198 -19
47 45 -28
47 49 19
47 46 -13
47 127 28
175 176 8
175 104 8
175 36 -13
187 189 -8
187 113 8
187 44 13
116 33 28
116 115 8
116 114 -8
198 199 -19
198 128 19
198 58 -19
41 124 -8
41 30 28
183 171 -19
183 112 -19
183 194 -19
38 117 -13
38 40 19
38 36 8
38 177 8
26 16 -13
26 108 13
26 168 13
26 27 13
48 132 8
48 49 19
48 191 19
48 59 8
15 17 -19
15 14 13
17 16 13
17 19 13
17 153 28
17 93 8
14 3 19
16 96 8
16 156 -8
96 95 8
96 98 28
96 167 -8
156 155 -13
156 158 19
148 146 19
148 9 13
148 73 28
148 147 -8
146 71 -13
146 144 -8
146 145 -19
9 10 -19
9 20 -8
73 74 -28
147 159 8
147 76 -19
155 19 28
155 143 19
155 167 -13
158 160 -8
158 18 -13
158 83 8
124 194 13
124 123 13
194 206 8
123 135 -8
123 111 -28
95 83 8
95 170 19
95 19 13
95 107 13
83 71 -8
170 169 -28
170 172 13
170 28 -28
170 168 19
19 18 8
19 21 19
107 29 -28
107 108 13
191 189 -8
191 117 -13
191 193 -28
51 131 -8
51 53 -13
51 50 8
51 49 13
30 112 19
30 172 8
30 20 8
11 22 19
11 0 -13
22 162 -8
22 32 -19
22 102 28
0 138 19
25 27 8
25 103 -28
25 24 -19
164 162 13
164 166 28
164 89 -19
164 23 8
160 159 13
160 20 13
159 171 -13
20 21 8
20 100 19
125 45 8
125 126 -8
125 113 -19
125 199 28
45 44 -13
45 185 -8
126 128 19
126 43 -13
126 196 -13
113 101 28
113 34 13
113 114 -28
199 201 -8
199 197 8
199 55 -13
189 46 -28
189 188 -8
189 115 -13
46 57 -13
46 130 19
46 35 -13
188 200 19
188 177 -13
188 49 -8
115 127 8
115 36 -13
115 103 19
99 111 -28
99 100 28
99 87 28
111 112 28
100 98 19
100 171 8
87 75 28
18 28 28
18 98 -13
28 29 -28
28 39 13
98 169 19
27 29 19
27 165 28
103 104 8
24 101 -8
24 23 -19
108 106 -13
168 166 -19
168 167 19
168 93 -8
201 57 -8
201 200 -28
201 203 28
201 127 8
197 196 -28
197 54 -19
55 56 -28
55 44 28
71 72 8
72 74 -8
72 70 -19
72 143 -19
169 181 28
129 130 -13
129 117 -8
129 203 8
129 49 28
130 128 19
130 132 -19
130 200 8
203 205 -8
203 59 28
138 140 -8
140 139 -8
140 142 13
140 65 19
140 1 8
67 68 -13
67 79 19
67 142 13
68 66 -19
68 70 8
68 139 -19
79 80 -28
142 3 8
142 144 -19
171 172 8
29 167 -13
3 82 -19
82 153 -13
82 80 13
101 89 -19
101 102 -19
101 176 8
102 104 -8
102 173 -13
176 174 13
176 33 28
75 76 8
76 74 -8
166 165 -13
165 177 19
165 153 -8
80 1 8
56 58 28
56 196 -13
44 128 28
44 33 13
128 127 -19
34 33 28
34 36 13
34 173 28
114 185 -8
114 32 28
136 135 19
136 134 -28
136 206 13
134 132 -28
134 50 -8
134 204 19
174 173 -13
174 32 -19
33 23 -19
131 205 -28
131 132 -13
53 192 -8
50 193 28
50 39 8
58 57 -13
74 145 19
145 10 -19
65 66 13
1 2 28
70 69 13
23 104 8
205 204 13
204 192 -28
104 106 -13
106 177 -8
69 144 19
144 143 28
40 39 28
35 36 -8
193 192 -28
192 181 -19
196 185 28
54 43 -28
173 185 28
32 43 -13
