180 37 -8
180 182 19
180 178 -8
180 179 8
180 105 8
37 120 -8
37 38 -8
37 26 13
37 48 8
182 184 -13
182 39 28
182 181 -28
182 107 -19
178 176 19
178 103 -19
178 177 -8
178 35 -28
179 190 19
179 167 -19
179 108 -28
179 40 28
105 117 -19
105 93 28
105 27 -19
105 106 -13
92 94 19
92 163 -13
92 91 -13
92 12 -19
92 90 -19
94 14 -13
94 93 13
94 165 -19
94 96 -8
163 175 -28
163 25 -13
163 151 28
163 164 -13
91 15 13
91 166 -28
91 103 8
91 79 -19
12 152 13
12 13 -28
12 1 -8
12 23 -19
90 11 -19
90 161 -13
90 89 28
62 202 -13
62 60 28
62 61 28
62 64 19
202 190 -19
202 132 -13
202 203 19
60 58 -13
60 200 -8
60 59 -8
61 205 -13
61 50 -19
64 63 19
64 204 -19
109 184 13
109 110 -8
109 31 -13
109 97 8
109 121 -19
184 41 28
184 183 8
110 112 13
110 108 -28
110 28 -19
110 181 8
31 29 -19
31 30 -28
31 169 -8
97 98 -13
97 21 -28
97 85 8
97 172 -28
121 42 -19
121 122 28
121 195 -19
121 133 13
63 207 -28
63 52 -8
207 205 -13
207 206 -19
207 133 -8
52 41 -19
52 136 -8
52 195 28
52 53 28
86 84 -13
86 157 8
86 88 28
86 7 19
86 85 19
84 155 28
84 83 -8
84 5 13
84 82 -28
157 21 19
157 158 8
157 145 -28
157 169 13
88 87 -8
88 159 13
88 9 28
7 18 -28
7 146 -13
7 8 19
85 160 -13
85 10 13
85 73 19
149 137 -19
149 13 13
149 78 -19
149 161 -13
149 150 13
137 138 -19
137 66 -8
137 2 13
13 15 13
13 89 8
78 77 19
78 80 28
78 0 13
161 162 28
161 24 -13
161 173 13
150 152 -19
150 11 28
6 8 13
6 5 -8
6 81 -19
6 4 -13
6 141 8
8 10 -8
8 83 13
8 143 -19
5 16 -13
5 144 -8
81 156 19
81 69 -8
81 82 -28
81 93 -19
4 3 19
4 79 8
4 2 28
4 139 8
141 70 -28
141 142 8
141 153 -28
152 151 -8
152 154 -8
152 77 -28
151 15 28
151 80 -28
151 139 8
154 156 -19
154 14 -13
154 79 28
154 153 8
77 2 13
77 89 -19
77 65 13
120 190 28
120 119 19
120 122 28
120 118 13
190 191 28
190 51 -8
119 40 28
119 193 -19
119 131 -13
119 107 -13
122 124 -19
122 39 13
122 192 13
118 117 19
118 116 13
118 188 -19
118 35 8
42 41 13
42 40 8
42 181 8
195 193 19
195 194 8
133 134 -13
133 53 -13
186 47 8
186 175 8
186 187 -8
186 116 -13
186 198 28
47 45 19
47 49 8
47 46 13
47 127 -19
175 176 8
175 104 8
175 36 19
187 189 -28
187 113 -8
187 44 -19
116 33 -8
116 115 -19
116 114 -8
198 199 8
198 128 -19
198 58 -13
41 124 19
41 30 13
183 171 -8
183 112 19
183 194 -19
38 117 19
38 40 8
38 36 -19
38 177 19
26 16 -8
26 108 -13
26 168 -19
26 27 8
48 132 19
48 49 -28
48 191 -8
48 59 -8
15 17 28
15 14 8
17 16 28
17 19 -28
17 153 13
17 93 -8
14 3 28
16 96 -28
16 156 -8
96 95 19
96 98 -28
96 167 -28
156 155 -19
156 158 -19
148 146 -19
148 9 -13
148 73 -28
148 147 13
146 71 -13
146 144 8
146 145 28
9 10 -28
9 20 28
73 74 8
147 159 -28
147 76 19
155 19 -28
155 143 19
155 167 28
158 160 19
158 18 -19
158 83 13
124 194 -8
124 123 -13
194 206 -28
123 135 -28
123 111 19
95 83 -28
95 170 13
95 19 -8
95 107 -8
83 71 28
170 169 -13
170 172 13
170 28 -13
170 168 8
19 18 -8
19 21 -13
107 29 -28
107 108 13
191 189 -19
191 117 -8
191 193 19
51 131 8
51 53 -19
51 50 -13
51 49 -19
30 112 -28
30 172 -28
30 20 28
11 22 -8
11 0 8
22 162 -13
22 32 -19
22 102 8
0 138 19
25 27 -13
25 103 13
25 24 -28
164 162 8
164 166 19
164 89 -8
164 23 -19
160 159 28
160 20 -28
159 171 -8
20 21 -13
20 100 13
125 45 -28
125 126 -28
125 113 13
125 199 19
45 44 -8
45 185 -19
126 128 19
126 43 19
126 196 -8
113 101 8
113 34 13
113 114 19
199 201 8
199 197 -13
199 55 -8
189 46 28
189 188 28
189 115 -8
46 57 -19
46 130 -8
46 35 19
188 200 -8
188 177 28
188 49 19
115 127 13
115 36 -8
115 103 -13
99 111 -13
99 100 28
99 87 -8
111 112 13
100 98 -19
100 171 -19
87 75 -13
18 28 -28
18 98 -28
28 29 -13
28 39 -13
98 169 13
27 29 28
27 165 13
103 104 13
24 101 -8
24 23 13
108 106 -28
168 166 -19
168 167 19
168 93 13
201 57 -13
201 200 -8
201 203 13
201 127 13
197 196 -19
197 54 8
55 56 13
55 44 -19
71 72 28
72 74 -8
72 70 19
72 143 -13
169 181 -19
129 130 19
129 117 28
129 203 -13
129 49 -19
130 128 8
130 132 -8
130 200 -19
203 205 28
203 59 -28
138 140 -13
140 139 -13
140 142 13
140 65 -28
140 1 -8
67 68 -19
67 79 -13
67 142 13
68 66 13
68 70 -28
68 139 28
79 80 13
142 3 13
142 144 -13
171 172 13
29 167 -28
3 82 8
82 153 -13
82 80 -28
101 89 -13
101 102 -13
101 176 -19
102 104 28
102 173 19
176 174 -13
176 33 19
75 76 -28
76 74 -13
166 165 -13
165 177 -8
165 153 -8
80 1 -8
56 58 19
56 196 -8
44 128 -8
44 33 28
128 127 13
34 33 -28
34 36 -28
34 173 13
114 185 28
114 32 13
136 135 -13
136 134 -19
136 206 -8
134 132 13
134 50 28
134 204 19
174 173 -19
174 32 -28
33 23 -28
131 205 -8
131 132 -28
53 192 8
50 193 -13
50 39 19
58 57 19
74 145 13
145 10 19
65 66 -8
1 2 8
70 69 13
23 104 8
205 204 13
204 192 19
104 106 19
106 177 -19
69 144 19
144 143 28
40 39 28
35 36 -28
193 192 28
192 181 8
196 185 8
54 43 -19
173 185 8
32 43 13
