180 37 8
180 182 -13
180 178 19
180 179 13
180 105 -8
37 120 13
37 38 13
37 26 13
37 48 -19
182 184 -28
182 39 8
182 181 -19
182 107 28
178 176 -8
178 103 -19
178 177 8
178 35 -8
179 190 -19
179 167 28
179 108 -13
179 40 19
105 117 -13
105 93 -28
105 27 28
105 106 -13
92 94 13
92 163 13
92 91 8
92 12 13
92 90 19
94 14 -8
94 93 -13
94 165 13
94 96 -8
163 175 13
163 25 -13
163 151 -8
163 164 -8
91 15 19
91 166 -19
91 103 28
91 79 28
12 152 -13
12 13 13
12 1 28
12 23 -13
90 11 -19
90 161 19
90 89 -28
62 202 -13
62 60 -19
62 61 28
62 64 -28
202 190 8
202 132 -19
202 203 28
60 58 -28
60 200 19
60 59 13
61 205 -8
61 50 -28
64 63 -28
64 204 19
109 184 -19
109 110 8
109 31 -8
109 97 -19
109 121 -13
184 41 -13
184 183 28
110 112 -13
110 108 -19
110 28 -13
110 181 -13
31 29 19
31 30 -8
31 169 -13
97 98 -8
97 21 28
97 85 28
97 172 28
121 42 8
121 122 -8
121 195 8
121 133 -28
63 207 -13
63 52 13
207 205 28
207 206 -19
207 133 8
52 41 8
52 136 -19
52 195 -28
52 53 8
86 84 -19
86 157 19
86 88 -13
86 7 -13
86 85 -8
84 155 -28
84 83 19
84 5 8
84 82 -8
157 21 -13
157 158 -28
157 145 13
157 169 -13
88 87 -28
88 159 13
88 9 -19
7 18 19
7 146 19
7 8 -13
85 160 28
85 10 -13
85 73 8
149 137 -8
149 13 -13
149 78 13
149 161 13
149 150 13
137 138 19
137 66 -28
137 2 -28
13 15 -28
13 89 13
78 77 -19
78 80 -19
78 0 -28
161 162 -13
161 24 28
161 173 13
150 152 -8
150 11 13
6 8 -19
6 5 -19
6 81 28
6 4 -28
6 141 13
8 10 13
8 83 13
8 143 -19
5 16 -13
5 144 19
81 156 8
81 69 28
81 82 -19
81 93 -19
4 3 -8
4 79 -8
4 2 -19
4 139 28
141 70 19
141 142 -13
141 153 -13
152 151 -8
152 154 -19
152 77 -19
151 15 28
151 80 28
151 139 8
154 156 28
154 14 8
154 79 -19
154 153 8
77 2 -28
77 89 -8
77 65 13
120 190 19
120 119 -19
120 122 -13
120 118 -13
190 191 -8
190 51 -28
119 40 19
119 193 19
119 131 -13
119 107 13
122 124 -28
122 39 8
122 192 19
118 117 -13
118 116 -19
118 188 -19
118 35 8
42 41 19
42 40 -19
42 181 28
195 193 28
195 194 13
133 134 -28
133 53 8
186 47 13
186 175 -19
186 187 -8
186 116 28
186 198 19
47 45 -13
47 49 -13
47 46 -28
47 127 -19
175 176 13
175 104 13
175 36 19
187 189 28
187 113 -19
187 44 -13
116 33 13
116 115 -28
116 114 -19
198 199 19
198 128 19
198 58 -8
41 124 19
41 30 8
183 171 -19
183 112 19
183 194 13
38 117 -13
38 40 28
38 36 -19
38 177 -28
26 16 -19
26 108 19
26 168 8
26 27 28
48 132 28
48 49 -19
48 191 8
48 59 -13
15 17 -28
15 14 13
17 16 -28
17 19 -13
17 153 -28
17 93 19
14 3 8
16 96 13
16 156 -19
96 95 8
96 98 -8
96 167 28
156 155 8
156 158 8
148 146 8
148 9 8
148 73 -19
148 147 -8
146 71 19
146 144 -8
146 145 28
9 10 28
9 20 -13
73 74 -8
147 159 19
147 76 28
155 19 -8
155 143 28
155 167 -19
158 160 -19
158 18 13
158 83 -13
124 194 19
124 123 -8
194 206 28
123 135 -28
123 111 -28
95 83 28
95 170 -8
95 19 -19
95 107 -13
83 71 -19
170 169 -19
170 172 13
170 28 -13
170 168 -13
19 18 -19
19 21 13
107 29 13
107 108 -13
191 189 -28
191 117 -13
191 193 -19
51 131 13
51 53 -8
51 50 -28
51 49 -28
30 112 -19
30 172 19
30 20 28
11 22 13
11 0 13
22 162 -8
22 32 -19
22 102 8
0 138 28
25 27 19
25 103 28
25 24 -28
164 162 -28
164 166 -28
164 89 13
164 23 28
160 159 13
160 20 -13
159 171 19
20 21 -28
20 100 8
125 45 -13
125 126 19
125 113 19
125 199 -8
45 44 -13
45 185 -19
126 128 -28
126 43 28
126 196 28
113 101 -13
113 34 -19
113 114 -8
199 201 13
199 197 -28
199 55 -19
189 46 -28
189 188 19
189 115 -8
46 57 -19
46 130 19
46 35 13
188 200 28
188 177 -13
188 49 -13
115 127 -8
115 36 -13
115 103 -19
99 111 19
99 100 19
99 87 13
111 112 -13
100 98 8
100 171 13
87 75 -13
18 28 19
18 98 13
28 29 -8
28 39 28
98 169 -28
27 29 13
27 165 -8
103 104 -8
24 101 -13
24 23 13
108 106 28
168 166 -28
168 167 -28
168 93 28
201 57 19
201 200 -8
201 203 13
201 127 -13
197 196 -19
197 54 19
55 56 13
55 44 13
71 72 -13
72 74 13
72 70 19
72 143 -8
169 181 -13
129 130 -28
129 117 -28
129 203 -8
129 49 8
130 128 -8
130 132 19
130 200 -28
203 205 8
203 59 -8
138 140 13
140 139 13
140 142 -19
140 65 19
140 1 -19
67 68 -13
67 79 13
67 142 -28
68 66 19
68 70 -28
68 139 8
79 80 -13
142 3 8
142 144 28
171 172 19
29 167 28
3 82 -13
82 153 19
82 80 19
101 89 -28
101 102 -13
101 176 8
102 104 -19
102 173 13
176 174 19
176 33 -28
75 76 8
76 74 28
166 165 8
165 177 -13
165 153 -8
80 1 8
56 58 -8
56 196 -19
44 128 13
44 33 8
128 127 13
34 33 -8
34 36 -8
34 173 8
114 185 28
114 32 13
136 135 -19
136 134 -19
136 206 -28
134 132 8
134 50 -13
134 204 -13
174 173 28
174 32 13
33 23 28
131 205 -28
131 132 -8
53 192 28
50 193 -19
50 39 8
58 57 8
74 145 -28
145 10 -28
65 66 28
1 2 -19
70 69 13
23 104 19
205 204 8
204 192 -19
104 106 28
106 177 -8
69 144 -28
144 143 8
40 39 28
35 36 19
193 192 -19
192 181 28
196 185 -19
54 43 -28
173 185 -13
32 43 13
