180 37 -28
180 182 -28
180 178 -8
180 179 -8
180 105 -28
37 120 -19
37 38 13
37 26 -28
37 48 -28
182 184 -19
182 39 19
182 181 19
182 107 28
178 176 -8
178 103 19
178 177 -13
178 35 -19
179 190 -19
179 167 13
179 108 -13
179 40 -28
105 117 -8
105 93 28
105 27 -19
105 106 -13
92 94 -8
92 163 19
92 91 -28
92 12 -19
92 90 19
94 14 -13
94 93 -8
94 165 -13
94 96 -19
163 175 -28
163 25 -28
163 151 19
163 164 19
91 15 -19
91 166 13
91 103 19
91 79 -19
12 152 -19
12 13 -8
12 1 -28
12 23 13
90 11 -13
90 161 -28
90 89 -13
62 202 -8
62 60 -19
62 61 19
62 64 -28
202 190 -28
202 132 -19
202 203 19
60 58 28
60 200 -13
60 59 28
61 205 -13
61 50 19
64 63 13
64 204 -13
109 184 -8
109 110 -19
109 31 -8
109 97 -8
109 121 13
184 41 -8
184 183 -8
110 112 -28
110 108 -8
110 28 13
110 181 13
31 29 19
31 30 -8
31 169 28
97 98 13
97 21 -8
97 85 -13
97 172 -13
121 42 19
121 122 28
121 195 13
121 133 -13
63 207 19
63 52 -19
207 205 13
207 206 19
207 133 8
52 41 8
52 136 -13
52 195 13
52 53 -8
86 84 19
86 157 28
86 88 -28
86 7 -28
86 85 -13
84 155 -19
84 83 8
84 5 8
84 82 -13
157 21 8
157 158 -19
157 145 -28
157 169 19
88 87 -13
88 159 28
88 9 -28
7 18 13
7 146 -28
7 8 19
85 160 -8
85 10 -28
85 73 19
149 137 -13
149 13 -19
149 78 -8
149 161 19
149 150 28
137 138 -8
137 66 -28
137 2 -13
13 15 -13
13 89 8
78 77 28
78 80 8
78 0 -8
161 162 19
161 24 13
161 173 -13
150 152 -28
150 11 -19
6 8 19
6 5 13
6 81 8
6 4 28
6 141 28
8 10 19
8 83 13
8 143 -13
5 16 -8
5 144 28
81 156 19
81 69 -19
81 82 -13
81 93 -19
4 3 8
4 79 28
4 2 -28
4 139 8
141 70 -13
141 142 -19
141 153 -8
152 151 13
152 154 -19
152 77 -13
151 15 8
151 80 13
151 139 -13
154 156 19
154 14 28
154 79 19
154 153 13
77 2 -28
77 89 13
77 65 -8
120 190 28
120 119 19
120 122 -8
120 118 8
190 191 -19
190 51 8
119 40 -28
119 193 -28
119 131 -28
119 107 -28
122 124 -13
122 39 -13
122 192 -28
118 117 -8
118 116 28
118 188 13
118 35 -13
42 41 13
42 40 -13
42 181 -8
195 193 28
195 194 28
133 134 13
133 53 19
186 47 -13
186 175 -19
186 187 28
186 116 -28
186 198 -8
47 45 8
47 49 -19
47 46 8
47 127 28
175 176 -19
175 104 8
175 36 -19
187 189 13
187 113 -13
187 44 -13
116 33 -19
116 115 19
116 114 -28
198 199 -13
198 128 19
198 58 28
41 124 8
41 30 19
183 171 13
183 112 -19
183 194 -19
38 117 8
38 40 -8
38 36 13
38 177 -28
26 16 -13
26 108 28
26 168 -8
26 27 28
48 132 28
48 49 -8
48 191 -8
48 59 -19
15 17 -13
15 14 -8
17 16 8
17 19 13
17 153 19
17 93 -28
14 3 -13
16 96 19
16 156 -13
96 95 8
96 98 19
96 167 8
156 155 19
156 158 -8
148 146 -8
148 9 13
148 73 13
148 147 19
146 71 28
146 144 8
146 145 -8
9 10 28
9 20 -28
73 74 -13
147 159 19
147 76 -28
155 19 28
155 143 19
155 167 8
158 160 -28
158 18 19
158 83 -8
124 194 -19
124 123 28
194 206 -19
123 135 -19
123 111 13
95 83 -28
95 170 19
95 19 -28
95 107 19
83 71 28
170 169 -13
170 172 28
170 28 -19
170 168 28
19 18 -8
19 21 28
107 29 -8
107 108 13
191 189 -28
191 117 -13
191 193 -13
51 131 -19
51 53 8
51 50 -13
51 49 -28
30 112 13
30 172 -19
30 20 8
11 22 -8
11 0 8
22 162 28
22 32 8
22 102 28
0 138 19
25 27 -13
25 103 -28
25 24 19
164 162 28
164 166 -28
164 89 -13
164 23 19
160 159 -28
160 20 13
159 171 8
20 21 8
20 100 13
125 45 -13
125 126 -13
125 113 28
125 199 8
45 44 19
45 185 -13
126 128 28
126 43 -28
126 196 -8
113 101 8
113 34 13
113 114 8
199 201 8
199 197 -13
199 55 -8
189 46 -19
189 188 -28
189 115 -13
46 57 19
46 130 28
46 35 -8
188 200 8
188 177 -13
188 49 -28
115 127 19
115 36 28
115 103 -8
99 111 19
99 100 13
99 87 -28
111 112 -19
100 98 13
100 171 13
87 75 -8
18 28 19
18 98 -28
28 29 -13
28 39 -8
98 169 8
27 29 19
27 165 -28
103 104 -13
24 101 -13
24 23 28
108 106 8
168 166 13
168 167 13
168 93 28
201 57 28
201 200 13
201 203 13
201 127 13
197 196 -8
197 54 19
55 56 13
55 44 -19
71 72 -28
72 74 19
72 70 19
72 143 -8
169 181 19
129 130 8
129 117 -8
129 203 -8
129 49 13
130 128 28
130 132 13
130 200 19
203 205 -8
203 59 -8
138 140 -28
140 139 -13
140 142 -13
140 65 19
140 1 13
67 68 19
67 79 19
67 142 19
68 66 19
68 70 -28
68 139 28
79 80 19
142 3 -28
142 144 -8
171 172 19
29 167 19
3 82 13
82 153 -19
82 80 -13
101 89 -13
101 102 19
101 176 -13
102 104 -28
102 173 -19
176 174 -28
176 33 -19
75 76 8
76 74 -13
166 165 8
165 177 19
165 153 -28
80 1 -28
56 58 8
56 196 -28
44 128 -8
44 33 13
128 127 -13
34 33 19
34 36 -19
34 173 19
114 185 19
114 32 19
136 135 -8
136 134 -28
136 206 13
134 132 19
134 50 -28
134 204 -28
174 173 8
174 32 -19
33 23 -28
131 205 8
131 132 13
53 192 -13
50 193 -13
50 39 -13
58 57 8
74 145 13
145 10 -19
65 66 -13
1 2 -8
70 69 -28
23 104 19
205 204 -19
204 192 -8
104 106 -8
106 177 8
69 144 28
144 143 -19
40 39 28
35 36 8
193 192 -8
192 181 19
196 185 28
54 43 13
173 185 -19
32 43 -28
