180 37 28
180 182 -19
180 178 -13
180 179 28
180 105 -28
37 120 -28
37 38 8
37 26 8
37 48 -13
182 184 -8
182 39 -8
182 181 8
182 107 -8
178 176 -28
178 103 -19
178 177 -13
178 35 -8
179 190 8
179 167 -13
179 108 19
179 40 19
105 117 -8
105 93 -8
105 27 -13
105 106 8
92 94 -19
92 163 -19
92 91 8
92 12 -8
92 90 19
94 14 -19
94 93 19
94 165 13
94 96 -19
163 175 13
163 25 -13
163 151 28
163 164 13
91 15 13
91 166 -8
91 103 8
91 79 -28
12 152 -28
12 13 -8
12 1 -13
12 23 -19
90 11 -13
90 161 -28
90 89 -13
62 202 -28
62 60 -19
62 61 -8
62 64 28
202 190 -19
202 132 -13
202 203 -13
60 58 -28
60 200 28
60 59 -13
61 205 28
61 50 -28
64 63 13
64 204 -28
109 184 13
109 110 -19
109 31 -19
109 97 13
109 121 19
184 41 28
184 183 -8
110 112 28
110 108 -19
110 28 8
110 181 -28
31 29 -19
31 30 19
31 169 19
97 98 19
97 21 8
97 85 -13
97 172 -28
121 42 28
121 122 19
121 195 -28
121 133 -19
63 207 28
63 52 28
207 205 -28
207 206 -19
207 133 -28
52 41 8
52 136 -28
52 195 28
52 53 13
86 84 28
86 157 -28
86 88 13
86 7 -13
86 85 -8
84 155 28
84 83 28
84 5 8
84 82 -8
157 21 28
157 158 -19
157 145 28
157 169 -13
88 87 -13
88 159 -13
88 9 8
7 18 -28
7 146 -8
7 8 -8
85 160 13
85 10 -28
85 73 -13
149 137 -8
149 13 -13
149 78 -8
149 161 19
149 150 13
137 138 19
137 66 -28
137 2 -19
13 15 -19
13 89 -19
78 77 13
78 80 13
78 0 28
161 162 -8
161 24 -13
161 173 8
150 152 13
150 11 28
6 8 13
6 5 -28
6 81 13
6 4 -19
6 141 8
8 10 28
8 83 -19
8 143 19
5 16 28
5 144 -8
81 156 -13
81 69 13
81 82 -8
81 93 -13
4 3 -13
4 79 -8
4 2 13
4 139 19
141 70 8
141 142 19
141 153 -28
152 151 19
152 154 -13
152 77 19
151 15 -28
151 80 -28
151 139 -28
154 156 -8
154 14 -13
154 79 28
154 153 28
77 2 -13
77 89 19
77 65 -28
120 190 -8
120 119 -28
120 122 28
120 118 -19
190 191 -13
190 51 -28
119 40 19
119 193 -19
119 131 -8
119 107 8
122 124 28
122 39 -8
122 192 19
118 117 -8
118 116 28
118 188 28
118 35 28
42 41 -19
42 40 8
42 181 -28
195 193 8
195 194 19
133 134 28
133 53 13
186 47 -8
186 175 13
186 187 19
186 116 8
186 198 13
47 45 13
47 49 -13
47 46 28
47 127 13
175 176 13
175 104 -28
175 36 19
187 189 -13
187 113 -28
187 44 28
116 33 -28
116 115 19
116 114 -8
198 199 13
198 128 -8
198 58 8
41 124 19
41 30 -28
183 171 -8
183 112 -13
183 194 -8
38 117 -13
38 40 -28
38 36 -28
38 177 28
26 16 -13
26 108 -28
26 168 8
26 27 -13
48 132 -8
48 49 13
48 191 -28
48 59 19
15 17 -8
15 14 -8
17 16 13
17 19 -28
17 153 13
17 93 -8
14 3 8
16 96 -8
16 156 -13
96 95 -13
96 98 13
96 167 -28
156 155 8
156 158 -8
148 146 19
148 9 -19
148 73 -28
148 147 8
146 71 13
146 144 -19
146 145 -13
9 10 -28
9 20 -13
73 74 19
147 159 -19
147 76 -19
155 19 8
155 143 8
155 167 -8
158 160 -13
158 18 -28
158 83 -19
124 194 -28
124 123 -28
194 206 -8
123 135 28
123 111 8
95 83 28
95 170 13
95 19 -8
95 107 13
83 71 -19
170 169 8
170 172 19
170 28 -8
170 168 -8
19 18 19
19 21 19
107 29 13
107 108 19
191 189 -8
191 117 28
191 193 -19
51 131 -8
51 53 -19
51 50 8
51 49 8
30 112 -8
30 172 -8
30 20 -28
11 22 -28
11 0 -13
22 162 13
22 32 28
22 102 -13
0 138 -8
25 27 13
25 103 8
25 24 13
164 162 13
164 166 -19
164 89 28
164 23 -19
160 159 -8
160 20 13
159 171 -28
20 21 28
20 100 -13
125 45 -8
125 126 -8
125 113 -28
125 199 -19
45 44 19
45 185 -28
126 128 8
126 43 13
126 196 -19
113 101 8
113 34 28
113 114 13
199 201 -28
199 197 28
199 55 28
189 46 13
189 188 13
189 115 19
46 57 19
46 130 -8
46 35 -19
188 200 19
188 177 13
188 49 19
115 127 19
115 36 -13
115 103 -19
99 111 -13
99 100 -13
99 87 -8
111 112 8
100 98 8
100 171 19
87 75 -8
18 28 -13
18 98 8
28 29 -28
28 39 28
98 169 28
27 29 28
27 165 8
103 104 13
24 101 -8
24 23 8
108 106 19
168 166 -28
168 167 -19
168 93 19
201 57 8
201 200 28
201 203 -13
201 127 19
197 196 -13
197 54 -19
55 56 19
55 44 28
71 72 -28
72 74 -19
72 70 -13
72 143 -8
169 181 -13
129 130 28
129 117 28
129 203 -8
129 49 13
130 128 28
130 132 -28
130 200 -19
203 205 19
203 59 19
138 140 -8
140 139 -8
140 142 8
140 65 28
140 1 -13
67 68 13
67 79 -28
67 142 28
68 66 8
68 70 8
68 139 8
79 80 13
142 3 -13
142 144 8
171 172 8
29 167 -19
3 82 -8
82 153 13
82 80 19
101 89 -28
101 102 -28
101 176 28
102 104 8
102 173 -28
176 174 -13
176 33 -28
75 76 -8
76 74 19
166 165 8
165 177 -13
165 153 28
80 1 -28
56 58 -13
56 196 28
44 128 8
44 33 -8
128 127 8
34 33 19
34 36 -13
34 173 28
114 185 -28
114 32 28
136 135 -28
136 134 -8
136 206 -28
134 132 13
134 50 8
134 204 19
174 173 19
174 32 -28
33 23 19
131 205 -28
131 132 28
53 192 13
50 193 13
50 39 28
58 57 19
74 145 -19
145 10 13
65 66 -8
1 2 -19
70 69 28
23 104 19
205 204 -8
204 192 13
104 106 -8
106 177 19
69 144 -19
144 143 -13
40 39 8
35 36 8
193 192 8
192 181 19
196 185 -19
54 43 -8
173 185 -8
32 43 19
