180 37 -28
180 182 13
180 178 -13
180 179 28
180 105 28
37 120 13
37 38 -13
37 26 -8
37 48 -28
182 184 -13
182 39 -8
182 181 8
182 107 -13
178 176 -13
178 103 -19
178 177 -19
178 35 -8
179 190 -13
179 167 8
179 108 -8
179 40 -8
105 117 -28
105 93 28
105 27 -13
105 106 28
92 94 -8
92 163 -28
92 91 28
92 12 19
92 90 8
94 14 19
94 93 -13
94 165 8
94 96 8
163 175 -13
163 25 19
163 151 28
163 164 -8
91 15 28
91 166 -8
91 103 -19
91 79 8
12 152 -8
12 13 -8
12 1 8
12 23 28
90 11 -28
90 161 -13
90 89 -8
62 202 -19
62 60 -13
62 61 -28
62 64 13
202 190 -8
202 132 8
202 203 28
60 58 -8
60 200 -28
60 59 28
61 205 13
61 50 -19
64 63 19
64 204 -8
109 184 13
109 110 13
109 31 -13
109 97 8
109 121 13
184 41 -28
184 183 19
110 112 -28
110 108 -28
110 28 -13
110 181 19
31 29 8
31 30 -19
31 169 -28
97 98 -8
97 21 -13
97 85 -28
97 172 28
121 42 -13
121 122 -28
121 195 28
121 133 19
63 207 13
63 52 -19
207 205 -28
207 206 19
207 133 13
52 41 -8
52 136 19
52 195 8
52 53 19
86 84 8
86 157 19
86 88 -19
86 7 -8
86 85 -8
84 155 13
84 83 13
84 5 -28
84 82 19
157 21 19
157 158 19
157 145 -28
157 169 28
88 87 13
88 159 19
88 9 28
7 18 -19
7 146 -13
7 8 19
85 160 28
85 10 13
85 73 -8
149 137 28
149 13 -13
149 78 -19
149 161 -8
149 150 8
137 138 8
137 66 28
137 2 19
13 15 28
13 89 8
78 77 -8
78 80 28
78 0 13
161 162 8
161 24 8
161 173 -8
150 152 13
150 11 8
6 8 13
6 5 -8
6 81 8
6 4 -13
6 141 19
8 10 -8
8 83 13
8 143 13
5 16 8
5 144 -19
81 156 13
81 69 8
81 82 -19
81 93 -8
4 3 -13
4 79 19
4 2 13
4 139 13
141 70 -28
141 142 19
141 153 -28
152 151 -13
152 154 19
152 77 -19
151 15 28
151 80 -19
151 139 -28
154 156 -13
154 14 -28
154 79 -13
154 153 -13
77 2 8
77 89 -8
77 65 28
120 190 -8
120 119 -28
120 122 13
120 118 28
190 191 -28
190 51 -28
119 40 19
119 193 -8
119 131 -13
119 107 13
122 124 -13
122 39 28
122 192 8
118 117 -8
118 116 -13
118 188 28
118 35 -8
42 41 -13
42 40 -8
42 181 13
195 193 8
195 194 8
133 134 8
133 53 8
186 47 28
186 175 -19
186 187 28
186 116 -28
186 198 13
47 45 19
47 49 28
47 46 -8
47 127 -28
175 176 8
175 104 -28
175 36 -13
187 189 -13
187 113 -19
187 44 19
116 33 8
116 115 19
116 114 28
198 199 -13
198 128 -28
198 58 8
41 124 -13
41 30 19
183 171 -28
183 112 13
183 194 28
38 117 28
38 40 19
38 36 -13
38 177 19
26 16 -13
26 108 -28
26 168 -8
26 27 -13
48 132 28
48 49 -13
48 191 -13
48 59 28
15 17 8
15 14 -13
17 16 -8
17 19 -28
17 153 13
17 93 -13
14 3 8
16 96 -19
16 156 28
96 95 19
96 98 -13
96 167 -28
156 155 -19
156 158 19
148 146 8
148 9 -19
148 73 28
148 147 8
146 71 19
146 144 28
146 145 8
9 10 28
9 20 28
73 74 -28
147 159 8
147 76 -19
155 19 19
155 143 -28
155 167 28
158 160 -13
158 18 19
158 83 28
124 194 -28
124 123 28
194 206 -28
123 135 -19
123 111 13
95 83 13
95 170 -28
95 19 13
95 107 13
83 71 19
170 169 28
170 172 19
170 28 -19
170 168 19
19 18 -28
19 21 13
107 29 8
107 108 -19
191 189 -13
191 117 28
191 193 28
51 131 -8
51 53 -28
51 50 28
51 49 19
30 112 -28
30 172 -19
30 20 -28
11 22 -8
11 0 13
22 162 8
22 32 28
22 102 28
0 138 -28
25 27 -28
25 103 28
25 24 19
164 162 -8
164 166 19
164 89 13
164 23 13
160 159 13
160 20 19
159 171 -13
20 21 28
20 100 13
125 45 -8
125 126 -19
125 113 19
125 199 13
45 44 -8
45 185 -13
126 128 -13
126 43 -28
126 196 19
113 101 8
113 34 13
113 114 -28
199 201 -8
199 197 -13
199 55 -19
189 46 8
189 188 -19
189 115 -19
46 57 13
46 130 -8
46 35 8
188 200 -13
188 177 13
188 49 13
115 127 -13
115 36 -28
115 103 -13
99 111 8
99 100 -8
99 87 13
111 112 -8
100 98 13
100 171 -8
87 75 -19
18 28 -28
18 98 13
28 29 28
28 39 13
98 169 8
27 29 -19
27 165 13
103 104 13
24 101 8
24 23 -13
108 106 -13
168 166 -19
168 167 13
168 93 -13
201 57 8
201 200 28
201 203 19
201 127 -19
197 196 -13
197 54 -19
55 56 8
55 44 -19
71 72 19
72 74 -8
72 70 13
72 143 -8
169 181 -13
129 130 -19
129 117 -28
129 203 -8
129 49 -19
130 128 -28
130 132 8
130 200 -8
203 205 28
203 59 -19
138 140 8
140 139 8
140 142 -19
140 65 -19
140 1 -8
67 68 8
67 79 -19
67 142 -28
68 66 -8
68 70 19
68 139 19
79 80 19
142 3 -19
142 144 13
171 172 -8
29 167 -8
3 82 -19
82 153 -8
82 80 -28
101 89 -28
101 102 13
101 176 -13
102 104 -19
102 173 -28
176 174 -19
176 33 -8
75 76 -19
76 74 28
166 165 8
165 177 28
165 153 28
80 1 19
56 58 -8
56 196 -28
44 128 -8
44 33 -8
128 127 -19
34 33 -8
34 36 -28
34 173 -19
114 185 8
114 32 -28
136 135 -8
136 134 -28
136 206 28
134 132 -19
134 50 13
134 204 28
174 173 -19
174 32 -13
33 23 -13
131 205 -19
131 132 -19
53 192 13
50 193 -19
50 39 19
58 57 28
74 145 -8
145 10 -19
65 66 -8
1 2 -28
70 69 8
23 104 19
205 204 -19
204 192 -8
104 106 8
106 177 8
69 144 -13
144 143 19
40 39 19
35 36 -19
193 192 19
192 181 -8
196 185 -28
54 43 -13
173 185 -19
32 43 19
