170 171 13
170 156 28
170 184 -13
171 169 28
171 267 13
171 62 8
156 157 -19
156 142 19
184 185 8
115 113 19
115 212 28
115 11 8
115 114 -8
113 111 28
113 112 -13
113 210 13
113 9 -19
212 213 -28
212 198 28
212 226 13
11 12 -13
11 24 8
11 199 13
114 100 8
114 128 13
271 257 8
271 175 -13
271 80 13
271 272 -28
257 243 -28
257 258 19
257 161 -13
257 68 -28
175 173 -13
175 65 -13
175 174 8
175 177 8
80 79 28
80 82 28
272 270 -13
272 274 -8
272 172 -8
272 78 8
235 43 28
235 237 -19
235 233 8
235 234 8
235 134 -19
43 151 -28
43 44 19
43 30 -13
43 56 28
237 239 -19
237 45 8
237 236 -8
237 136 19
233 231 8
233 132 -8
233 232 28
233 41 -19
234 247 8
234 220 19
234 137 28
234 46 13
134 148 -13
134 120 28
134 31 -8
134 135 28
12 112 -19
12 10 13
12 196 13
24 213 13
24 25 8
24 129 8
24 36 -8
199 197 -8
199 98 28
199 198 13
183 181 13
183 185 28
183 182 8
183 73 -13
183 279 19
181 277 -28
181 180 8
181 179 -19
181 71 -28
185 281 -8
185 75 8
182 76 19
182 168 13
182 282 8
73 266 28
73 74 -13
73 84 8
73 60 -19
279 265 -19
279 280 -28
279 87 -8
119 121 -13
119 216 13
119 118 -19
119 14 -8
119 117 -28
121 16 28
121 120 -13
121 218 28
121 123 -8
216 230 28
216 29 -8
216 202 -19
216 217 19
118 17 -13
118 219 -19
118 132 28
118 104 -19
14 203 -28
14 15 -13
14 1 13
14 27 13
117 13 19
117 214 -28
117 116 13
72 178 -8
72 261 28
72 70 -8
72 71 28
72 74 28
178 164 19
178 179 -13
178 278 19
261 247 -19
261 275 -8
261 165 -13
261 262 -8
70 176 -8
70 68 19
70 259 -19
70 69 13
71 83 13
71 264 -28
71 58 -13
74 180 -8
74 76 -28
74 263 13
138 239 19
138 139 -28
138 35 -8
138 124 19
138 152 -28
239 47 -8
239 241 8
239 238 8
139 141 -19
139 137 -8
139 32 28
139 236 -8
35 33 19
35 34 -19
35 222 -8
35 37 19
124 125 8
124 23 -28
124 110 -13
124 225 -8
152 48 -8
152 153 -19
152 252 -19
152 166 -28
266 268 19
266 264 -19
266 265 -13
266 166 13
84 85 -28
84 280 8
60 47 -13
60 169 -28
60 252 19
60 61 8
111 109 -28
111 208 -28
111 7 -28
111 110 -28
109 206 8
109 108 -13
109 5 19
109 107 -13
208 23 -28
208 209 -13
208 194 -28
208 222 -28
7 20 19
7 195 -19
7 8 -8
110 211 -28
110 10 -19
110 96 19
200 186 -28
200 15 19
200 103 13
200 214 -28
200 201 -28
186 187 -13
186 89 -8
186 2 -8
15 17 28
15 116 28
103 102 -13
103 105 13
103 0 -28
214 215 -13
214 28 13
214 228 8
201 203 -13
201 13 19
6 8 -19
6 5 13
6 106 8
6 4 -13
6 190 -8
8 10 -8
8 108 28
8 192 19
5 18 -28
5 193 8
106 207 19
106 92 8
106 107 -19
106 120 28
4 3 -19
4 104 19
4 2 19
4 188 -19
190 93 -28
190 191 19
190 204 -19
203 202 -8
203 205 13
203 102 -28
202 17 -28
202 105 19
202 188 -19
205 207 -8
205 16 -13
205 104 19
205 204 -13
102 2 28
102 116 -28
102 88 -8
151 247 19
151 150 13
151 153 19
151 149 -19
247 248 28
247 59 13
150 46 -19
150 250 28
150 164 13
150 136 -28
153 155 8
153 45 8
153 249 13
149 148 13
149 147 -8
149 245 8
149 41 13
48 47 8
48 46 -28
48 50 13
48 236 19
252 254 8
252 250 19
252 251 -19
166 180 8
166 167 -19
166 61 8
270 77 8
270 269 28
77 64 -13
269 173 19
269 79 8
269 255 28
243 55 8
243 230 28
243 244 -19
243 147 -19
55 53 -13
55 57 -13
55 54 -28
55 160 8
230 231 -28
230 133 19
230 42 -8
244 246 13
244 144 28
244 52 -19
147 39 -13
147 146 13
147 145 19
47 155 28
47 34 -28
241 49 19
241 140 13
241 240 28
238 224 19
238 141 19
238 50 13
238 251 -13
44 148 -13
44 46 8
44 42 13
44 232 -19
30 18 -28
30 137 28
30 221 8
30 31 8
56 165 -13
56 57 13
56 248 -19
56 69 28
268 75 8
268 267 -28
268 168 19
75 86 -28
75 76 -13
75 62 19
267 281 -13
267 253 -8
168 169 13
168 63 13
168 154 -19
17 19 -13
17 16 28
19 18 8
19 21 -19
19 204 -8
19 120 -13
16 3 -28
18 123 13
18 207 28
123 122 8
123 125 13
123 220 13
207 206 8
207 209 -28
197 195 13
197 9 -13
197 96 28
197 196 -8
195 94 13
195 193 -28
195 194 -8
9 10 8
9 22 8
96 97 28
196 210 -13
196 99 -28
206 21 -8
206 192 8
206 220 13
209 211 19
209 20 -8
209 108 -13
155 251 -28
155 154 19
155 157 19
251 63 -19
251 265 8
154 254 -19
154 50 -28
154 140 28
157 253 19
157 49 -8
142 143 -8
142 128 19
274 174 19
274 273 -19
274 276 -19
174 68 28
174 160 -19
273 82 13
273 177 13
273 259 19
276 176 -19
276 81 13
276 275 28
276 278 8
64 256 28
64 173 -8
64 51 19
122 108 -13
122 223 -19
122 21 8
122 136 -13
108 94 19
223 222 8
223 225 -13
223 32 -28
223 221 13
21 20 -19
21 23 8
136 33 13
136 137 19
248 246 -28
248 148 13
248 250 -19
59 164 19
59 61 -13
59 58 19
59 57 -19
34 141 19
34 225 28
34 22 -28
83 278 -13
278 277 8
278 280 -19
13 26 -8
13 0 28
26 215 -13
26 38 -8
26 131 13
0 187 8
29 31 -8
29 132 28
29 28 19
217 215 28
217 219 28
217 116 -8
217 27 13
211 210 19
211 213 -19
211 22 19
210 224 8
210 25 -19
213 112 8
22 23 8
22 127 -28
158 172 19
158 53 -28
158 159 -8
158 144 -19
158 258 13
172 173 8
172 66 8
53 52 13
53 242 -13
159 161 28
159 51 -13
159 255 28
144 130 19
144 40 13
144 145 28
258 260 13
258 256 -8
258 65 -28
246 54 8
246 245 -28
246 146 13
54 67 -19
54 163 8
54 41 28
245 259 28
245 232 -19
245 57 13
146 160 19
146 42 -19
146 132 19
126 25 8
126 227 -13
126 140 13
126 127 19
126 112 13
25 23 -8
227 36 19
227 226 -13
227 225 13
140 141 28
140 37 13
127 125 -19
127 224 28
127 129 -8
112 98 13
20 32 -8
20 125 -8
32 33 8
32 45 28
125 222 -8
31 33 -19
31 218 19
132 133 -19
28 130 -13
28 27 19
137 135 13
221 219 19
221 220 -13
221 120 8
254 253 19
254 62 -19
253 240 -13
62 63 -8
62 49 -13
86 282 19
86 87 -13
282 280 -19
282 281 13
87 85 8
66 65 -19
66 68 -19
66 255 28
260 67 -19
260 259 -8
260 262 -28
260 160 13
256 255 19
65 52 28
65 78 -28
94 95 8
95 97 19
95 93 -19
95 192 -13
277 263 8
277 85 -19
263 264 19
263 167 -28
263 249 -19
222 236 19
162 163 13
162 148 28
162 262 28
162 176 8
162 57 19
163 161 8
163 165 -19
163 259 -28
262 264 28
262 69 -28
176 177 -8
187 189 8
189 188 -19
189 191 -13
189 88 28
189 1 8
129 226 -19
129 128 -19
36 37 -28
36 49 -28
36 143 28
90 91 -28
90 104 -8
90 191 8
91 89 8
91 93 -19
91 188 -28
104 105 -8
191 3 -19
191 193 8
224 225 28
224 37 13
33 220 28
141 143 8
180 280 8
3 107 8
107 204 -28
107 105 28
177 179 -8
177 67 -28
130 116 8
130 131 -19
130 231 -13
131 133 -28
131 228 -19
231 229 19
231 39 -13
98 99 13
99 97 19
99 101 8
219 218 28
218 232 28
218 204 -8
105 1 19
52 161 -8
52 39 -19
78 79 -13
161 160 13
226 240 28
40 39 -8
40 42 8
40 228 -8
145 242 -13
145 38 28
169 167 -13
169 265 8
167 165 -8
167 58 19
265 76 19
229 228 19
229 38 19
39 27 13
164 264 19
164 165 -8
61 63 -28
61 249 13
58 250 8
58 45 -8
275 179 28
97 194 -19
194 10 -28
68 67 -28
88 89 28
1 2 28
93 92 -19
49 50 13
143 240 19
198 101 13
101 100 -8
179 69 28
27 133 28
133 135 8
135 232 -8
92 193 8
193 192 -13
46 45 -13
255 242 -13
41 42 -13
69 81 -28
250 249 -19
249 236 19
81 82 -19
228 242 13
38 51 -28
