170 171 -13
170 156 28
170 184 13
171 169 -8
171 267 28
171 62 28
156 157 8
156 142 13
184 185 -19
115 113 -28
115 212 28
115 11 -28
115 114 28
113 111 8
113 112 -13
113 210 19
113 9 -8
212 213 19
212 198 -8
212 226 -13
11 12 8
11 24 8
11 199 -28
114 100 -19
114 128 8
271 257 28
271 175 -13
271 80 -28
271 272 19
257 243 28
257 258 -13
257 161 19
257 68 28
175 173 8
175 65 13
175 174 -13
175 177 -8
80 79 -19
80 82 19
272 270 28
272 274 19
272 172 -8
272 78 -8
235 43 13
235 237 -13
235 233 -28
235 234 19
235 134 28
43 151 -13
43 44 -19
43 30 -28
43 56 -8
237 239 -28
237 45 -8
237 236 -19
237 136 -19
233 231 8
233 132 -28
233 232 -8
233 41 19
234 247 8
234 220 -28
234 137 8
234 46 19
134 148 -13
134 120 -19
134 31 13
134 135 -28
12 112 13
12 10 -19
12 196 -8
24 213 -13
24 25 -28
24 129 13
24 36 -13
199 197 -8
199 98 19
199 198 28
183 181 -28
183 185 -28
183 182 19
183 73 13
183 279 -28
181 277 19
181 180 -28
181 179 -13
181 71 -28
185 281 -19
185 75 -13
182 76 8
182 168 -13
182 282 8
73 266 -28
73 74 -8
73 84 13
73 60 19
279 265 28
279 280 8
279 87 13
119 121 13
119 216 8
119 118 13
119 14 13
119 117 -19
121 16 8
121 120 -28
121 218 28
121 123 13
216 230 -13
216 29 8
216 202 8
216 217 19
118 17 -19
118 219 -19
118 132 -8
118 104 -19
14 203 8
14 15 -28
14 1 19
14 27 -19
117 13 -28
117 214 19
117 116 13
72 178 -8
72 261 13
72 70 -28
72 71 -28
72 74 8
178 164 -28
178 179 -28
178 278 -28
261 247 8
261 275 -28
261 165 -13
261 262 8
70 176 -8
70 68 19
70 259 13
70 69 -19
71 83 -13
71 264 -8
71 58 -19
74 180 -8
74 76 8
74 263 -28
138 239 -19
138 139 28
138 35 -28
138 124 28
138 152 -19
239 47 28
239 241 8
239 238 -19
139 141 28
139 137 28
139 32 13
139 236 -8
35 33 19
35 34 -28
35 222 19
35 37 -13
124 125 13
124 23 -28
124 110 8
124 225 28
152 48 28
152 153 -13
152 252 28
152 166 -8
266 268 -8
266 264 -8
266 265 28
266 166 -8
84 85 8
84 280 8
60 47 8
60 169 8
60 252 -13
60 61 13
111 109 19
111 208 13
111 7 13
111 110 19
109 206 -28
109 108 19
109 5 -13
109 107 28
208 23 -19
208 209 -19
208 194 -28
208 222 13
7 20 8
7 195 -13
7 8 19
110 211 -8
110 10 -8
110 96 28
200 186 -28
200 15 8
200 103 28
200 214 28
200 201 -28
186 187 -13
186 89 13
186 2 8
15 17 -8
15 116 28
103 102 8
103 105 -13
103 0 -19
214 215 28
214 28 19
214 228 -8
201 203 19
201 13 -13
6 8 -28
6 5 19
6 106 19
6 4 -8
6 190 -28
8 10 13
8 108 -8
8 192 -19
5 18 -13
5 193 -13
106 207 28
106 92 -8
106 107 -13
106 120 19
4 3 13
4 104 19
4 2 19
4 188 28
190 93 13
190 191 -13
190 204 13
203 202 -13
203 205 -19
203 102 13
202 17 -8
202 105 -8
202 188 8
205 207 8
205 16 13
205 104 13
205 204 -19
102 2 13
102 116 -8
102 88 -19
151 247 19
151 150 13
151 153 8
151 149 -8
247 248 -8
247 59 28
150 46 19
150 250 -8
150 164 13
150 136 -8
153 155 -28
153 45 19
153 249 8
149 148 13
149 147 -19
149 245 -8
149 41 -19
48 47 -19
48 46 13
48 50 -19
48 236 28
252 254 8
252 250 -13
252 251 -13
166 180 28
166 167 -28
166 61 19
270 77 28
270 269 28
77 64 19
269 173 19
269 79 19
269 255 28
243 55 28
243 230 8
243 244 8
243 147 19
55 53 28
55 57 -13
55 54 28
55 160 13
230 231 28
230 133 -13
230 42 -13
244 246 28
244 144 -8
244 52 -13
147 39 -28
147 146 13
147 145 -13
47 155 13
47 34 -8
241 49 28
241 140 -13
241 240 28
238 224 28
238 141 -28
238 50 -8
238 251 -28
44 148 -28
44 46 28
44 42 8
44 232 13
30 18 8
30 137 -28
30 221 -8
30 31 8
56 165 -13
56 57 -8
56 248 -13
56 69 -13
268 75 -28
268 267 -28
268 168 19
75 86 19
75 76 28
75 62 -8
267 281 -19
267 253 28
168 169 -19
168 63 13
168 154 28
17 19 8
17 16 -13
19 18 28
19 21 13
19 204 -13
19 120 19
16 3 -8
18 123 -19
18 207 19
123 122 -19
123 125 13
123 220 -13
207 206 -19
207 209 -8
197 195 -19
197 9 28
197 96 -28
197 196 28
195 94 -13
195 193 8
195 194 -19
9 10 -28
9 22 13
96 97 -13
196 210 -19
196 99 -19
206 21 8
206 192 28
206 220 -13
209 211 13
209 20 13
209 108 28
155 251 -19
155 154 -8
155 157 28
251 63 -8
251 265 19
154 254 13
154 50 -28
154 140 13
157 253 -28
157 49 -28
142 143 -28
142 128 -19
274 174 28
274 273 -28
274 276 19
174 68 8
174 160 13
273 82 -28
273 177 -13
273 259 -19
276 176 -19
276 81 -8
276 275 -8
276 278 28
64 256 -19
64 173 -19
64 51 28
122 108 19
122 223 -8
122 21 -28
122 136 -19
108 94 19
223 222 8
223 225 8
223 32 8
223 221 -19
21 20 19
21 23 -19
136 33 8
136 137 -28
248 246 13
248 148 -13
248 250 -28
59 164 -8
59 61 -28
59 58 -8
59 57 13
34 141 13
34 225 -13
34 22 -28
83 278 19
278 277 8
278 280 -19
13 26 -28
13 0 13
26 215 -13
26 38 28
26 131 -28
0 187 -8
29 31 -13
29 132 13
29 28 -28
217 215 28
217 219 13
217 116 -19
217 27 -13
211 210 -8
211 213 28
211 22 19
210 224 28
210 25 -28
213 112 13
22 23 -13
22 127 13
158 172 -19
158 53 28
158 159 19
158 144 -8
158 258 28
172 173 -28
172 66 -19
53 52 -8
53 242 -13
159 161 -28
159 51 8
159 255 -13
144 130 -28
144 40 13
144 145 13
258 260 28
258 256 -28
258 65 -13
246 54 13
246 245 -13
246 146 -13
54 67 -19
54 163 -19
54 41 28
245 259 -13
245 232 19
245 57 13
146 160 13
146 42 -13
146 132 8
126 25 -19
126 227 -8
126 140 -8
126 127 -8
126 112 13
25 23 8
227 36 -13
227 226 8
227 225 28
140 141 8
140 37 8
127 125 -8
127 224 -28
127 129 -19
112 98 -8
20 32 13
20 125 -19
32 33 -8
32 45 8
125 222 -13
31 33 19
31 218 -8
132 133 19
28 130 -28
28 27 -13
137 135 8
221 219 13
221 220 8
221 120 8
254 253 8
254 62 -8
253 240 -19
62 63 8
62 49 -8
86 282 -28
86 87 -28
282 280 13
282 281 -19
87 85 -13
66 65 -19
66 68 -28
66 255 19
260 67 -13
260 259 13
260 262 -19
260 160 28
256 255 28
65 52 13
65 78 -13
94 95 -19
95 97 -8
95 93 -13
95 192 -19
277 263 -13
277 85 13
263 264 13
263 167 19
263 249 19
222 236 -28
162 163 28
162 148 -28
162 262 -28
162 176 19
162 57 13
163 161 19
163 165 8
163 259 -13
262 264 -8
262 69 19
176 177 13
187 189 13
189 188 28
189 191 -13
189 88 -19
189 1 8
129 226 28
129 128 28
36 37 -13
36 49 -13
36 143 28
90 91 13
90 104 -19
90 191 28
91 89 -19
91 93 8
91 188 13
104 105 -13
191 3 13
191 193 -13
224 225 13
224 37 8
33 220 13
141 143 -28
180 280 -13
3 107 28
107 204 -28
107 105 19
177 179 19
177 67 -13
130 116 13
130 131 8
130 231 8
131 133 28
131 228 8
231 229 -28
231 39 -19
98 99 -28
99 97 -19
99 101 19
219 218 8
218 232 8
218 204 13
105 1 -19
52 161 -19
52 39 13
78 79 -19
161 160 -19
226 240 19
40 39 28
40 42 8
40 228 -28
145 242 8
145 38 -28
169 167 19
169 265 28
167 165 -13
167 58 -8
265 76 28
229 228 -19
229 38 8
39 27 19
164 264 28
164 165 -13
61 63 8
61 249 19
58 250 8
58 45 -13
275 179 -8
97 194 8
194 10 28
68 67 13
88 89 13
1 2 8
93 92 -8
49 50 -8
143 240 -19
198 101 13
101 100 -13
179 69 8
27 133 8
133 135 8
135 232 -8
92 193 8
193 192 -28
46 45 8
255 242 -13
41 42 28
69 81 -8
250 249 -13
249 236 -8
81 82 -13
228 242 19
38 51 -19
