170 171 19
170 156 -8
170 184 13
171 169 -19
171 267 19
171 62 -8
156 157 19
156 142 -8
184 185 8
115 113 -8
115 212 -19
115 11 -8
115 114 13
113 111 -19
113 112 -28
113 210 -8
113 9 -8
212 213 -8
212 198 19
212 226 8
11 12 -28
11 24 28
11 199 -19
114 100 19
114 128 28
271 257 13
271 175 8
271 80 8
271 272 28
257 243 13
257 258 -13
257 161 28
257 68 -13
175 173 -13
175 65 28
175 174 19
175 177 28
80 79 19
80 82 8
272 270 28
272 274 -8
272 172 -8
272 78 -13
235 43 13
235 237 -28
235 233 28
235 234 8
235 134 -19
43 151 19
43 44 -13
43 30 28
43 56 8
237 239 19
237 45 8
237 236 19
237 136 -13
233 231 -13
233 132 28
233 232 13
233 41 -13
234 247 28
234 220 -28
234 137 8
234 46 28
134 148 -8
134 120 -13
134 31 -8
134 135 13
12 112 -13
12 10 -19
12 196 -8
24 213 -8
24 25 -19
24 129 13
24 36 19
199 197 -28
199 98 -19
199 198 -28
183 181 19
183 185 19
183 182 -28
183 73 13
183 279 13
181 277 8
181 180 8
181 179 -8
181 71 -8
185 281 -13
185 75 28
182 76 8
182 168 13
182 282 28
73 266 8
73 74 -8
73 84 13
73 60 -8
279 265 -28
279 280 -28
279 87 -13
119 121 -28
119 216 8
119 118 13
119 14 8
119 117 -19
121 16 13
121 120 8
121 218 28
121 123 13
216 230 19
216 29 28
216 202 -28
216 217 28
118 17 28
118 219 -19
118 132 -8
118 104 13
14 203 13
14 15 19
14 1 28
14 27 28
117 13 13
117 214 13
117 116 8
72 178 -19
72 261 -19
72 70 8
72 71 19
72 74 -8
178 164 13
178 179 19
178 278 13
261 247 -28
261 275 -28
261 165 28
261 262 -8
70 176 28
70 68 13
70 259 -8
70 69 13
71 83 28
71 264 -13
71 58 13
74 180 -28
74 76 -13
74 263 8
138 239 8
138 139 19
138 35 19
138 124 19
138 152 28
239 47 -13
239 241 19
239 238 -28
139 141 28
139 137 -8
139 32 -19
139 236 -28
35 33 -8
35 34 -13
35 222 28
35 37 -8
124 125 -19
124 23 8
124 110 19
124 225 19
152 48 -19
152 153 28
152 252 8
152 166 13
266 268 -8
266 264 8
266 265 28
266 166 19
84 85 -8
84 280 13
60 47 13
60 169 13
60 252 -19
60 61 28
111 109 28
111 208 19
111 7 -19
111 110 -19
109 206 8
109 108 -28
109 5 -13
109 107 13
208 23 -28
208 209 -8
208 194 8
208 222 -8
7 20 -19
7 195 -19
7 8 19
110 211 -8
110 10 8
110 96 8
200 186 8
200 15 -19
200 103 8
200 214 -8
200 201 19
186 187 -8
186 89 19
186 2 -13
15 17 -19
15 116 28
103 102 19
103 105 19
103 0 8
214 215 13
214 28 13
214 228 28
201 203 -19
201 13 28
6 8 13
6 5 -19
6 106 13
6 4 19
6 190 -19
8 10 -13
8 108 8
8 192 28
5 18 13
5 193 -13
106 207 -13
106 92 13
106 107 13
106 120 13
4 3 -28
4 104 19
4 2 -28
4 188 -13
190 93 19
190 191 -19
190 204 -8
203 202 -8
203 205 -13
203 102 8
202 17 13
202 105 19
202 188 -13
205 207 -8
205 16 13
205 104 -8
205 204 28
102 2 -28
102 116 13
102 88 28
151 247 13
151 150 -19
151 153 13
151 149 -28
247 248 -13
247 59 -19
150 46 -13
150 250 -28
150 164 -28
150 136 28
153 155 -8
153 45 28
153 249 -28
149 148 -8
149 147 -28
149 245 -13
149 41 8
48 47 -28
48 46 13
48 50 28
48 236 -28
252 254 -13
252 250 -8
252 251 -8
166 180 19
166 167 8
166 61 28
270 77 -19
270 269 -19
77 64 28
269 173 -19
269 79 8
269 255 -28
243 55 28
243 230 -28
243 244 -28
243 147 19
55 53 8
55 57 -13
55 54 13
55 160 -13
230 231 -13
230 133 -28
230 42 19
244 246 -19
244 144 28
244 52 -13
147 39 28
147 146 28
147 145 8
47 155 8
47 34 19
241 49 -19
241 140 28
241 240 28
238 224 -13
238 141 -8
238 50 8
238 251 19
44 148 -8
44 46 8
44 42 -8
44 232 8
30 18 -28
30 137 13
30 221 -8
30 31 8
56 165 -19
56 57 13
56 248 -13
56 69 8
268 75 8
268 267 19
268 168 8
75 86 -8
75 76 -13
75 62 19
267 281 -8
267 253 19
168 169 -28
168 63 28
168 154 28
17 19 8
17 16 28
19 18 -13
19 21 -28
19 204 -19
19 120 19
16 3 13
18 123 -8
18 207 -28
123 122 8
123 125 28
123 220 8
207 206 13
207 209 -28
197 195 -13
197 9 19
197 96 -8
197 196 -13
195 94 19
195 193 -13
195 194 -8
9 10 13
9 22 -28
96 97 13
196 210 13
196 99 13
206 21 19
206 192 -8
206 220 -28
209 211 -13
209 20 -28
209 108 28
155 251 13
155 154 19
155 157 -13
251 63 -8
251 265 13
154 254 -19
154 50 8
154 140 -28
157 253 19
157 49 13
142 143 -19
142 128 -19
274 174 13
274 273 -19
274 276 8
174 68 19
174 160 19
273 82 -19
273 177 8
273 259 19
276 176 -28
276 81 19
276 275 -13
276 278 19
64 256 -28
64 173 28
64 51 -19
122 108 -8
122 223 28
122 21 -19
122 136 -28
108 94 -13
223 222 -28
223 225 -13
223 32 28
223 221 28
21 20 8
21 23 -8
136 33 8
136 137 -13
248 246 -28
248 148 13
248 250 -19
59 164 -19
59 61 -19
59 58 -28
59 57 -28
34 141 -19
34 225 -28
34 22 28
83 278 28
278 277 19
278 280 -8
13 26 -13
13 0 19
26 215 19
26 38 -19
26 131 19
0 187 13
29 31 -8
29 132 -13
29 28 19
217 215 13
217 219 -8
217 116 13
217 27 28
211 210 -28
211 213 13
211 22 -8
210 224 8
210 25 28
213 112 8
22 23 19
22 127 -13
158 172 -13
158 53 13
158 159 -13
158 144 13
158 258 -13
172 173 13
172 66 28
53 52 -19
53 242 8
159 161 8
159 51 -19
159 255 13
144 130 -13
144 40 -13
144 145 -28
258 260 13
258 256 13
258 65 -13
246 54 -8
246 245 -8
246 146 -28
54 67 -28
54 163 -28
54 41 19
245 259 28
245 232 28
245 57 28
146 160 8
146 42 19
146 132 -28
126 25 -28
126 227 -19
126 140 -13
126 127 -8
126 112 13
25 23 -13
227 36 -8
227 226 -19
227 225 -13
140 141 8
140 37 -19
127 125 -28
127 224 19
127 129 -19
112 98 28
20 32 -13
20 125 -13
32 33 -28
32 45 -19
125 222 28
31 33 28
31 218 8
132 133 -8
28 130 19
28 27 28
137 135 -19
221 219 19
221 220 -13
221 120 28
254 253 8
254 62 28
253 240 -13
62 63 28
62 49 -13
86 282 -8
86 87 -28
282 280 -19
282 281 -8
87 85 13
66 65 19
66 68 -8
66 255 13
260 67 -19
260 259 -28
260 262 -28
260 160 28
256 255 -8
65 52 28
65 78 -8
94 95 -28
95 97 8
95 93 8
95 192 8
277 263 -8
277 85 -28
263 264 -8
263 167 8
263 249 -28
222 236 13
162 163 -8
162 148 8
162 262 -19
162 176 -8
162 57 -28
163 161 19
163 165 -28
163 259 -13
262 264 8
262 69 19
176 177 8
187 189 13
189 188 19
189 191 19
189 88 19
189 1 -8
129 226 19
129 128 19
36 37 -13
36 49 -19
36 143 13
90 91 -28
90 104 8
90 191 -8
91 89 19
91 93 -8
91 188 -28
104 105 19
191 3 19
191 193 19
224 225 -8
224 37 28
33 220 -19
141 143 -19
180 280 19
3 107 -13
107 204 13
107 105 -19
177 179 -13
177 67 8
130 116 8
130 131 19
130 231 28
131 133 13
131 228 13
231 229 28
231 39 28
98 99 19
99 97 28
99 101 -19
219 218 -13
218 232 -19
218 204 8
105 1 -19
52 161 28
52 39 19
78 79 13
161 160 -19
226 240 28
40 39 -13
40 42 -19
40 228 13
145 242 13
145 38 19
169 167 -13
169 265 -13
167 165 19
167 58 -8
265 76 -28
229 228 13
229 38 -28
39 27 19
164 264 13
164 165 -28
61 63 -19
61 249 8
58 250 28
58 45 19
275 179 -19
97 194 -28
194 10 13
68 67 -13
88 89 28
1 2 -8
93 92 19
49 50 13
143 240 -28
198 101 19
101 100 -28
179 69 -8
27 133 -13
133 135 -8
135 232 -28
92 193 -28
193 192 13
46 45 -19
255 242 28
41 42 28
69 81 -13
250 249 8
249 236 -8
81 82 19
228 242 19
38 51 13
