170 171 13
170 156 19
170 184 28
171 169 -13
171 267 -19
171 62 19
156 157 -13
156 142 -28
184 185 8
115 113 28
115 212 -28
115 11 -28
115 114 19
113 111 -28
113 112 -13
113 210 8
113 9 13
212 213 8
212 198 -13
212 226 -13
11 12 -8
11 24 19
11 199 -28
114 100 -13
114 128 -13
271 257 13
271 175 8
271 80 28
271 272 13
257 243 -19
257 258 19
257 161 -28
257 68 -13
175 173 -13
175 65 8
175 174 8
175 177 8
80 79 -13
80 82 -28
272 270 8
272 274 8
272 172 19
272 78 28
235 43 -13
235 237 13
235 233 -8
235 234 -13
235 134 13
43 151 13
43 44 19
43 30 28
43 56 -19
237 239 -28
237 45 -8
237 236 -19
237 136 19
233 231 19
233 132 8
233 232 -19
233 41 -19
234 247 -19
234 220 13
234 137 13
234 46 8
134 148 13
134 120 8
134 31 -28
134 135 -13
12 112 13
12 10 -28
12 196 13
24 213 -13
24 25 -19
24 129 19
24 36 -19
199 197 28
199 98 28
199 198 8
183 181 -13
183 185 -19
183 182 28
183 73 -8
183 279 -8
181 277 28
181 180 -13
181 179 -19
181 71 28
185 281 28
185 75 28
182 76 -19
182 168 28
182 282 19
73 266 -28
73 74 -28
73 84 19
73 60 -19
279 265 -13
279 280 19
279 87 13
119 121 -28
119 216 -19
119 118 -8
119 14 -19
119 117 -19
121 16 -28
121 120 19
121 218 -8
121 123 -13
216 230 19
216 29 -8
216 202 8
216 217 13
118 17 -8
118 219 28
118 132 -19
118 104 13
14 203 19
14 15 19
14 1 28
14 27 -13
117 13 -28
117 214 8
117 116 28
72 178 28
72 261 -28
72 70 19
72 71 19
72 74 -19
178 164 -13
178 179 19
178 278 -13
261 247 -28
261 275 13
261 165 28
261 262 8
70 176 13
70 68 -13
70 259 -13
70 69 13
71 83 -8
71 264 -13
71 58 13
74 180 28
74 76 8
74 263 -19
138 239 -28
138 139 -13
138 35 -13
138 124 8
138 152 19
239 47 28
239 241 19
239 238 19
139 141 8
139 137 19
139 32 19
139 236 -8
35 33 19
35 34 -19
35 222 28
35 37 -19
124 125 -19
124 23 -13
124 110 28
124 225 19
152 48 19
152 153 -13
152 252 8
152 166 -13
266 268 28
266 264 13
266 265 28
266 166 -28
84 85 -8
84 280 -13
60 47 13
60 169 -19
60 252 -8
60 61 28
111 109 -8
111 208 -8
111 7 28
111 110 -28
109 206 19
109 108 13
109 5 28
109 107 19
208 23 28
208 209 -8
208 194 13
208 222 -28
7 20 28
7 195 -8
7 8 13
110 211 -8
110 10 -13
110 96 19
200 186 -8
200 15 -19
200 103 19
200 214 13
200 201 8
186 187 -13
186 89 13
186 2 -13
15 17 -8
15 116 -28
103 102 -19
103 105 19
103 0 -8
214 215 -19
214 28 -19
214 228 8
201 203 -19
201 13 19
6 8 19
6 5 13
6 106 -19
6 4 28
6 190 19
8 10 13
8 108 -28
8 192 -13
5 18 -13
5 193 13
106 207 -28
106 92 -28
106 107 19
106 120 -28
4 3 13
4 104 28
4 2 -19
4 188 13
190 93 -13
190 191 19
190 204 13
203 202 -19
203 205 8
203 102 -13
202 17 28
202 105 -28
202 188 13
205 207 8
205 16 13
205 104 -19
205 204 19
102 2 13
102 116 28
102 88 28
151 247 -28
151 150 -19
151 153 -13
151 149 -28
247 248 13
247 59 -19
150 46 -28
150 250 13
150 164 8
150 136 -13
153 155 8
153 45 -8
153 249 -8
149 148 -28
149 147 28
149 245 28
149 41 -28
48 47 8
48 46 13
48 50 -8
48 236 13
252 254 19
252 250 28
252 251 28
166 180 13
166 167 28
166 61 13
270 77 -28
270 269 8
77 64 28
269 173 28
269 79 -28
269 255 -8
243 55 13
243 230 -19
243 244 13
243 147 -8
55 53 -19
55 57 19
55 54 8
55 160 -19
230 231 19
230 133 13
230 42 -8
244 246 8
244 144 19
244 52 -19
147 39 28
147 146 19
147 145 -13
47 155 19
47 34 13
241 49 -13
241 140 28
241 240 8
238 224 13
238 141 8
238 50 -13
238 251 28
44 148 13
44 46 -13
44 42 -28
44 232 8
30 18 -28
30 137 -8
30 221 8
30 31 -13
56 165 -19
56 57 13
56 248 19
56 69 8
268 75 19
268 267 28
268 168 13
75 86 28
75 76 28
75 62 19
267 281 13
267 253 -8
168 169 -8
168 63 28
168 154 13
17 19 28
17 16 8
19 18 -28
19 21 -19
19 204 -28
19 120 -28
16 3 28
18 123 -13
18 207 8
123 122 8
123 125 -8
123 220 8
207 206 19
207 209 -19
197 195 19
197 9 -8
197 96 13
197 196 13
195 94 13
195 193 -8
195 194 8
9 10 -8
9 22 19
96 97 13
196 210 8
196 99 -19
206 21 -19
206 192 -13
206 220 -28
209 211 -19
209 20 13
209 108 -8
155 251 13
155 154 -28
155 157 -13
251 63 19
251 265 -28
154 254 -28
154 50 -8
154 140 19
157 253 -8
157 49 -8
142 143 -28
142 128 13
274 174 -19
274 273 -13
274 276 8
174 68 -28
174 160 19
273 82 -13
273 177 13
273 259 28
276 176 13
276 81 19
276 275 8
276 278 8
64 256 -8
64 173 19
64 51 -13
122 108 -28
122 223 -28
122 21 19
122 136 -28
108 94 -19
223 222 8
223 225 28
223 32 13
223 221 -19
21 20 -28
21 23 -28
136 33 -8
136 137 -19
248 246 -19
248 148 -8
248 250 -19
59 164 19
59 61 -8
59 58 -13
59 57 19
34 141 19
34 225 -28
34 22 28
83 278 -13
278 277 13
278 280 19
13 26 13
13 0 -8
26 215 -19
26 38 -8
26 131 19
0 187 8
29 31 -28
29 132 -13
29 28 -19
217 215 -13
217 219 8
217 116 -13
217 27 -19
211 210 -28
211 213 13
211 22 -8
210 224 -8
210 25 13
213 112 13
22 23 19
22 127 -13
158 172 -13
158 53 -28
158 159 -28
158 144 -8
158 258 -8
172 173 -13
172 66 -19
53 52 -8
53 242 8
159 161 8
159 51 -8
159 255 19
144 130 28
144 40 -19
144 145 13
258 260 -8
258 256 -8
258 65 -13
246 54 -19
246 245 28
246 146 8
54 67 19
54 163 -13
54 41 8
245 259 8
245 232 -8
245 57 13
146 160 -13
146 42 13
146 132 -28
126 25 -13
126 227 8
126 140 -8
126 127 -19
126 112 28
25 23 19
227 36 -8
227 226 19
227 225 28
140 141 8
140 37 -19
127 125 -28
127 224 -28
127 129 -13
112 98 13
20 32 8
20 125 8
32 33 19
32 45 -19
125 222 -13
31 33 -13
31 218 19
132 133 19
28 130 -8
28 27 -13
137 135 -19
221 219 -28
221 220 -19
221 120 19
254 253 13
254 62 -19
253 240 -28
62 63 19
62 49 -8
86 282 28
86 87 -19
282 280 -28
282 281 -13
87 85 -8
66 65 13
66 68 19
66 255 8
260 67 13
260 259 -13
260 262 13
260 160 13
256 255 19
65 52 13
65 78 -19
94 95 -8
95 97 -28
95 93 13
95 192 -19
277 263 13
277 85 8
263 264 -28
263 167 8
263 249 8
222 236 28
162 163 8
162 148 -28
162 262 -13
162 176 28
162 57 -8
163 161 28
163 165 13
163 259 -8
262 264 28
262 69 -13
176 177 -19
187 189 -13
189 188 19
189 191 28
189 88 19
189 1 -8
129 226 -8
129 128 -19
36 37 19
36 49 -13
36 143 8
90 91 13
90 104 8
90 191 -19
91 89 -19
91 93 8
91 188 -19
104 105 -8
191 3 19
191 193 19
224 225 -8
224 37 -19
33 220 19
141 143 28
180 280 -13
3 107 -19
107 204 13
107 105 -19
177 179 -19
177 67 8
130 116 28
130 131 19
130 231 19
131 133 -19
131 228 8
231 229 19
231 39 13
98 99 -28
99 97 13
99 101 19
219 218 19
218 232 -13
218 204 -13
105 1 19
52 161 -28
52 39 -19
78 79 19
161 160 -28
226 240 -28
40 39 13
40 42 -19
40 228 28
145 242 -13
145 38 -28
169 167 -19
169 265 8
167 165 28
167 58 28
265 76 28
229 228 -8
229 38 13
39 27 8
164 264 19
164 165 -28
61 63 -13
61 249 19
58 250 28
58 45 13
275 179 28
97 194 8
194 10 -28
68 67 8
88 89 -13
1 2 -13
93 92 19
49 50 -19
143 240 8
198 101 28
101 100 8
179 69 28
27 133 19
133 135 -13
135 232 -28
92 193 -13
193 192 -13
46 45 28
255 242 28
41 42 -28
69 81 8
250 249 8
249 236 8
81 82 8
228 242 -19
38 51 -13
