170 171 -19
170 156 28
170 184 -13
171 169 28
171 267 28
171 62 28
156 157 13
156 142 -28
184 185 8
115 113 13
115 212 -8
115 11 28
115 114 28
113 111 13
113 112 28
113 210 19
113 9 28
212 213 -13
212 198 28
212 226 -13
11 12 13
11 24 28
11 199 19
114 100 -13
114 128 13
271 257 8
271 175 -19
271 80 -8
271 272 8
257 243 13
257 258 -13
257 161 -13
257 68 19
175 173 -28
175 65 19
175 174 -19
175 177 13
80 79 8
80 82 19
272 270 8
272 274 8
272 172 13
272 78 28
235 43 -28
235 237 -13
235 233 -13
235 234 28
235 134 13
43 151 -19
43 44 8
43 30 19
43 56 -28
237 239 19
237 45 -8
237 236 19
237 136 19
233 231 -19
233 132 -8
233 232 19
233 41 13
234 247 -8
234 220 8
234 137 -13
234 46 -8
134 148 13
134 120 -13
134 31 -19
134 135 -8
12 112 28
12 10 -8
12 196 -19
24 213 -28
24 25 -13
24 129 13
24 36 -8
199 197 -8
199 98 8
199 198 8
183 181 28
183 185 -28
183 182 28
183 73 8
183 279 -8
181 277 -13
181 180 13
181 179 13
181 71 8
185 281 -28
185 75 -8
182 76 -8
182 168 -8
182 282 28
73 266 13
73 74 -28
73 84 -13
73 60 19
279 265 -13
279 280 28
279 87 -13
119 121 13
119 216 13
119 118 28
119 14 13
119 117 8
121 16 19
121 120 -13
121 218 13
121 123 13
216 230 13
216 29 -19
216 202 -19
216 217 28
118 17 28
118 219 13
118 132 8
118 104 -13
14 203 13
14 15 -28
14 1 -28
14 27 8
117 13 -28
117 214 -13
117 116 13
72 178 -13
72 261 19
72 70 -19
72 71 -28
72 74 13
178 164 -28
178 179 28
178 278 19
261 247 13
261 275 28
261 165 -28
261 262 13
70 176 -28
70 68 19
70 259 -28
70 69 -8
71 83 28
71 264 13
71 58 -28
74 180 -28
74 76 -28
74 263 8
138 239 13
138 139 -13
138 35 -8
138 124 -13
138 152 -8
239 47 -19
239 241 -19
239 238 13
139 141 -13
139 137 19
139 32 -19
139 236 13
35 33 19
35 34 13
35 222 -19
35 37 -8
124 125 -8
124 23 28
124 110 13
124 225 -8
152 48 -28
152 153 -28
152 252 -13
152 166 -8
266 268 -28
266 264 28
266 265 28
266 166 8
84 85 -13
84 280 13
60 47 -8
60 169 13
60 252 8
60 61 -8
111 109 -28
111 208 -19
111 7 28
111 110 -19
109 206 -19
109 108 13
109 5 28
109 107 -13
208 23 -28
208 209 -28
208 194 19
208 222 28
7 20 19
7 195 8
7 8 28
110 211 -13
110 10 -28
110 96 28
200 186 19
200 15 -19
200 103 -28
200 214 -8
200 201 8
186 187 19
186 89 13
186 2 -13
15 17 -13
15 116 -28
103 102 -13
103 105 -19
103 0 -28
214 215 8
214 28 -13
214 228 -8
201 203 13
201 13 -8
6 8 19
6 5 28
6 106 8
6 4 8
6 190 -13
8 10 -28
8 108 8
8 192 -28
5 18 -28
5 193 19
106 207 -8
106 92 -28
106 107 -8
106 120 8
4 3 -19
4 104 28
4 2 28
4 188 -28
190 93 19
190 191 -28
190 204 -13
203 202 -19
203 205 -28
203 102 -8
202 17 -8
202 105 -13
202 188 -13
205 207 19
205 16 -19
205 104 -28
205 204 -8
102 2 19
102 116 -28
102 88 -8
151 247 28
151 150 8
151 153 13
151 149 19
247 248 -8
247 59 8
150 46 8
150 250 -19
150 164 8
150 136 28
153 155 -8
153 45 -13
153 249 28
149 148 -19
149 147 8
149 245 28
149 41 -8
48 47 8
48 46 -13
48 50 -8
48 236 8
252 254 -28
252 250 13
252 251 13
166 180 -13
166 167 8
166 61 -28
270 77 19
270 269 28
77 64 -13
269 173 -8
269 79 19
269 255 -28
243 55 8
243 230 19
243 244 8
243 147 -19
55 53 8
55 57 -19
55 54 -13
55 160 8
230 231 8
230 133 -28
230 42 28
244 246 -8
244 144 19
244 52 8
147 39 -8
147 146 13
147 145 28
47 155 -13
47 34 28
241 49 13
241 140 28
241 240 28
238 224 -8
238 141 -28
238 50 -28
238 251 28
44 148 8
44 46 8
44 42 19
44 232 -28
30 18 13
30 137 -8
30 221 28
30 31 8
56 165 -13
56 57 28
56 248 -8
56 69 -13
268 75 8
268 267 28
268 168 28
75 86 13
75 76 13
75 62 -8
267 281 -19
267 253 -8
168 169 19
168 63 13
168 154 -13
17 19 -13
17 16 28
19 18 19
19 21 -28
19 204 13
19 120 28
16 3 19
18 123 -13
18 207 -28
123 122 8
123 125 28
123 220 28
207 206 -19
207 209 8
197 195 8
197 9 -19
197 96 -19
197 196 -13
195 94 8
195 193 28
195 194 -28
9 10 28
9 22 -8
96 97 19
196 210 -19
196 99 -13
206 21 -19
206 192 19
206 220 -8
209 211 -19
209 20 8
209 108 13
155 251 -28
155 154 -8
155 157 -8
251 63 19
251 265 19
154 254 19
154 50 -28
154 140 -8
157 253 -28
157 49 -19
142 143 -13
142 128 28
274 174 13
274 273 28
274 276 -28
174 68 8
174 160 -28
273 82 -19
273 177 28
273 259 28
276 176 8
276 81 -28
276 275 13
276 278 8
64 256 -8
64 173 -8
64 51 8
122 108 8
122 223 8
122 21 -8
122 136 -8
108 94 -28
223 222 -28
223 225 19
223 32 -28
223 221 -19
21 20 13
21 23 -28
136 33 28
136 137 19
248 246 8
248 148 28
248 250 19
59 164 28
59 61 -8
59 58 8
59 57 -8
34 141 -19
34 225 -28
34 22 -19
83 278 19
278 277 -8
278 280 -13
13 26 -13
13 0 -13
26 215 -8
26 38 13
26 131 -19
0 187 -19
29 31 28
29 132 -8
29 28 8
217 215 8
217 219 28
217 116 -28
217 27 -19
211 210 -19
211 213 -19
211 22 -19
210 224 28
210 25 -13
213 112 13
22 23 13
22 127 -8
158 172 19
158 53 -19
158 159 19
158 144 19
158 258 13
172 173 13
172 66 -28
53 52 -13
53 242 8
159 161 -19
159 51 -8
159 255 -19
144 130 28
144 40 28
144 145 19
258 260 -19
258 256 -19
258 65 19
246 54 8
246 245 -28
246 146 28
54 67 8
54 163 -28
54 41 28
245 259 -19
245 232 13
245 57 8
146 160 -13
146 42 -8
146 132 13
126 25 28
126 227 -8
126 140 -19
126 127 -13
126 112 -19
25 23 13
227 36 -19
227 226 -13
227 225 28
140 141 -8
140 37 -13
127 125 -8
127 224 -19
127 129 28
112 98 28
20 32 13
20 125 8
32 33 -13
32 45 8
125 222 -8
31 33 8
31 218 -8
132 133 -19
28 130 -28
28 27 -13
137 135 28
221 219 -13
221 220 -28
221 120 13
254 253 -8
254 62 8
253 240 19
62 63 -8
62 49 -28
86 282 -8
86 87 19
282 280 -13
282 281 28
87 85 19
66 65 28
66 68 8
66 255 8
260 67 28
260 259 -13
260 262 8
260 160 28
256 255 28
65 52 28
65 78 -19
94 95 -13
95 97 -28
95 93 19
95 192 19
277 263 -13
277 85 -8
263 264 13
263 167 28
263 249 -13
222 236 8
162 163 13
162 148 13
162 262 13
162 176 19
162 57 28
163 161 -19
163 165 8
163 259 -13
262 264 13
262 69 -8
176 177 -8
187 189 19
189 188 -8
189 191 19
189 88 28
189 1 -8
129 226 13
129 128 -28
36 37 8
36 49 8
36 143 -8
90 91 19
90 104 28
90 191 19
91 89 -28
91 93 13
91 188 13
104 105 8
191 3 28
191 193 13
224 225 -28
224 37 -19
33 220 19
141 143 -13
180 280 -13
3 107 -28
107 204 -8
107 105 28
177 179 -19
177 67 -8
130 116 13
130 131 -8
130 231 -19
131 133 -19
131 228 19
231 229 13
231 39 19
98 99 8
99 97 -8
99 101 -19
219 218 -28
218 232 19
218 204 -28
105 1 28
52 161 8
52 39 8
78 79 -13
161 160 19
226 240 -8
40 39 28
40 42 -28
40 228 -8
145 242 -8
145 38 28
169 167 19
169 265 -8
167 165 19
167 58 -8
265 76 -19
229 228 8
229 38 -8
39 27 13
164 264 28
164 165 13
61 63 13
61 249 -19
58 250 8
58 45 -8
275 179 8
97 194 19
194 10 -28
68 67 13
88 89 -28
1 2 -13
93 92 28
49 50 -13
143 240 -19
198 101 13
101 100 -28
179 69 19
27 133 -19
133 135 -13
135 232 8
92 193 -19
193 192 8
46 45 8
255 242 28
41 42 -19
69 81 -28
250 249 -28
249 236 -8
81 82 -19
228 242 -13
38 51 -28
