170 171 -8
170 156 13
170 184 8
171 169 19
171 267 19
171 62 13
156 157 -19
156 142 13
184 185 13
115 113 13
115 212 -8
115 11 8
115 114 28
113 111 28
113 112 19
113 210 -13
113 9 -28
212 213 -8
212 198 8
212 226 -28
11 12 8
11 24 28
11 199 -8
114 100 -19
114 128 -19
271 257 13
271 175 13
271 80 -8
271 272 13
257 243 8
257 258 -13
257 161 -28
257 68 -28
175 173 -28
175 65 8
175 174 -28
175 177 19
80 79 -8
80 82 -8
272 270 -28
272 274 -8
272 172 -19
272 78 -13
235 43 19
235 237 -28
235 233 -8
235 234 28
235 134 13
43 151 28
43 44 -19
43 30 -28
43 56 -13
237 239 28
237 45 19
237 236 -19
237 136 -19
233 231 -28
233 132 8
233 232 8
233 41 -13
234 247 13
234 220 -28
234 137 -28
234 46 -13
134 148 -19
134 120 28
134 31 19
134 135 -8
12 112 28
12 10 19
12 196 -8
24 213 28
24 25 -28
24 129 -8
24 36 28
199 197 8
199 98 28
199 198 13
183 181 -19
183 185 -13
183 182 8
183 73 -28
183 279 -28
181 277 -13
181 180 13
181 179 -13
181 71 -8
185 281 8
185 75 -13
182 76 -19
182 168 28
182 282 -19
73 266 19
73 74 28
73 84 8
73 60 19
279 265 -8
279 280 28
279 87 28
119 121 -19
119 216 -28
119 118 13
119 14 -28
119 117 -28
121 16 8
121 120 8
121 218 -13
121 123 8
216 230 8
216 29 -8
216 202 -19
216 217 -13
118 17 -13
118 219 -8
118 132 -28
118 104 -19
14 203 28
14 15 13
14 1 8
14 27 13
117 13 13
117 214 -8
117 116 -19
72 178 -13
72 261 -28
72 70 28
72 71 19
72 74 -19
178 164 -8
178 179 8
178 278 19
261 247 19
261 275 -8
261 165 19
261 262 -13
70 176 19
70 68 -8
70 259 8
70 69 13
71 83 19
71 264 -8
71 58 -19
74 180 -19
74 76 8
74 263 -13
138 239 13
138 139 -28
138 35 28
138 124 -28
138 152 -28
239 47 8
239 241 -13
239 238 -13
139 141 13
139 137 13
139 32 19
139 236 13
35 33 -19
35 34 -19
35 222 -19
35 37 -28
124 125 -19
124 23 8
124 110 13
124 225 28
152 48 28
152 153 -13
152 252 -19
152 166 -8
266 268 -19
266 264 19
266 265 28
266 166 -19
84 85 28
84 280 -28
60 47 -8
60 169 -8
60 252 -8
60 61 19
111 109 -13
111 208 -28
111 7 -28
111 110 8
109 206 -19
109 108 13
109 5 19
109 107 -19
208 23 -13
208 209 -28
208 194 8
208 222 -28
7 20 -8
7 195 -8
7 8 -13
110 211 -19
110 10 -19
110 96 8
200 186 -28
200 15 19
200 103 8
200 214 -8
200 201 -19
186 187 -19
186 89 -8
186 2 28
15 17 8
15 116 8
103 102 -28
103 105 -13
103 0 19
214 215 -8
214 28 28
214 228 -13
201 203 -28
201 13 -8
6 8 28
6 5 8
6 106 13
6 4 -19
6 190 -8
8 10 13
8 108 13
8 192 -19
5 18 13
5 193 8
106 207 -19
106 92 -8
106 107 -19
106 120 -8
4 3 13
4 104 -28
4 2 -19
4 188 -8
190 93 19
190 191 -28
190 204 13
203 202 28
203 205 8
203 102 -8
202 17 -28
202 105 13
202 188 19
205 207 -19
205 16 19
205 104 -28
205 204 -8
102 2 8
102 116 -8
102 88 -13
151 247 13
151 150 -28
151 153 -13
151 149 -13
247 248 28
247 59 -13
150 46 8
150 250 19
150 164 -8
150 136 -28
153 155 8
153 45 -8
153 249 -13
149 148 -13
149 147 -28
149 245 -8
149 41 13
48 47 -13
48 46 -19
48 50 -13
48 236 19
252 254 -19
252 250 -13
252 251 -19
166 180 28
166 167 -19
166 61 -8
270 77 8
270 269 -28
77 64 -13
269 173 28
269 79 -13
269 255 -19
243 55 13
243 230 8
243 244 13
243 147 -28
55 53 -13
55 57 8
55 54 -28
55 160 8
230 231 -19
230 133 -13
230 42 28
244 246 -19
244 144 -28
244 52 13
147 39 -8
147 146 -13
147 145 8
47 155 -28
47 34 -13
241 49 8
241 140 -28
241 240 -13
238 224 8
238 141 -19
238 50 13
238 251 -19
44 148 13
44 46 -28
44 42 8
44 232 -19
30 18 19
30 137 28
30 221 28
30 31 -8
56 165 -19
56 57 -28
56 248 -13
56 69 -8
268 75 -8
268 267 28
268 168 -28
75 86 -19
75 76 8
75 62 28
267 281 -28
267 253 28
168 169 -8
168 63 13
168 154 8
17 19 -13
17 16 19
19 18 13
19 21 -8
19 204 28
19 120 -13
16 3 -13
18 123 13
18 207 28
123 122 28
123 125 -28
123 220 -13
207 206 -28
207 209 28
197 195 -28
197 9 28
197 96 -19
197 196 13
195 94 28
195 193 -13
195 194 8
9 10 8
9 22 13
96 97 -8
196 210 -28
196 99 -8
206 21 -13
206 192 28
206 220 13
209 211 13
209 20 19
209 108 19
155 251 -19
155 154 -19
155 157 19
251 63 -28
251 265 -13
154 254 -28
154 50 -8
154 140 -28
157 253 -13
157 49 8
142 143 -13
142 128 -28
274 174 -8
274 273 13
274 276 28
174 68 8
174 160 19
273 82 19
273 177 -8
273 259 13
276 176 28
276 81 -28
276 275 8
276 278 -13
64 256 28
64 173 -13
64 51 8
122 108 28
122 223 -19
122 21 -13
122 136 -8
108 94 -13
223 222 19
223 225 8
223 32 8
223 221 19
21 20 28
21 23 19
136 33 28
136 137 8
248 246 -19
248 148 -13
248 250 8
59 164 13
59 61 13
59 58 8
59 57 -8
34 141 -19
34 225 -19
34 22 28
83 278 -19
278 277 -8
278 280 13
13 26 -13
13 0 -28
26 215 -19
26 38 -19
26 131 28
0 187 -13
29 31 28
29 132 -19
29 28 -19
217 215 -8
217 219 -19
217 116 19
217 27 8
211 210 -28
211 213 19
211 22 8
210 224 -8
210 25 13
213 112 -13
22 23 -13
22 127 28
158 172 -8
158 53 -13
158 159 -8
158 144 28
158 258 -19
172 173 -19
172 66 19
53 52 -8
53 242 -28
159 161 8
159 51 8
159 255 13
144 130 8
144 40 13
144 145 -28
258 260 -28
258 256 19
258 65 -13
246 54 28
246 245 -8
246 146 8
54 67 8
54 163 -28
54 41 -28
245 259 8
245 232 -19
245 57 -19
146 160 -28
146 42 -19
146 132 -13
126 25 -19
126 227 -13
126 140 -19
126 127 -19
126 112 -28
25 23 -28
227 36 28
227 226 -28
227 225 -8
140 141 8
140 37 -28
127 125 -19
127 224 13
127 129 28
112 98 -28
20 32 19
20 125 -19
32 33 28
32 45 19
125 222 -8
31 33 -13
31 218 -19
132 133 19
28 130 -8
28 27 13
137 135 -28
221 219 -13
221 220 -19
221 120 8
254 253 8
254 62 -28
253 240 8
62 63 -13
62 49 -28
86 282 28
86 87 -8
282 280 19
282 281 -8
87 85 -8
66 65 -28
66 68 19
66 255 8
260 67 13
260 259 28
260 262 28
260 160 8
256 255 -8
65 52 -19
65 78 -28
94 95 13
95 97 19
95 93 8
95 192 -13
277 263 19
277 85 -28
263 264 8
263 167 13
263 249 28
222 236 -8
162 163 -13
162 148 8
162 262 13
162 176 -8
162 57 -8
163 161 19
163 165 19
163 259 28
262 264 -8
262 69 19
176 177 13
187 189 19
189 188 19
189 191 -19
189 88 28
189 1 8
129 226 -28
129 128 13
36 37 -8
36 49 19
36 143 -28
90 91 -13
90 104 -28
90 191 -28
91 89 28
91 93 13
91 188 28
104 105 28
191 3 19
191 193 -8
224 225 19
224 37 -28
33 220 -19
141 143 28
180 280 -8
3 107 -19
107 204 -13
107 105 -13
177 179 8
177 67 -8
130 116 -8
130 131 -28
130 231 19
131 133 -13
131 228 -28
231 229 19
231 39 28
98 99 19
99 97 -13
99 101 28
219 218 13
218 232 19
218 204 19
105 1 13
52 161 -13
52 39 -28
78 79 8
161 160 -8
226 240 -19
40 39 13
40 42 -8
40 228 -28
145 242 -13
145 38 -19
169 167 19
169 265 19
167 165 28
167 58 8
265 76 -28
229 228 -19
229 38 -19
39 27 13
164 264 8
164 165 28
61 63 28
61 249 8
58 250 -19
58 45 -28
275 179 13
97 194 28
194 10 19
68 67 19
88 89 -8
1 2 19
93 92 8
49 50 -8
143 240 28
198 101 19
101 100 -28
179 69 -8
27 133 8
133 135 -19
135 232 8
92 193 28
193 192 28
46 45 13
255 242 -19
41 42 -19
69 81 28
250 249 8
249 236 -19
81 82 -8
228 242 8
38 51 -13
