170 171 13
170 156 -28
170 184 -19
171 169 8
171 267 19
171 62 -19
156 157 -13
156 142 -13
184 185 -13
115 113 -19
115 212 -8
115 11 -13
115 114 -8
113 111 -13
113 112 8
113 210 -8
113 9 8
212 213 -8
212 198 13
212 226 19
11 12 -13
11 24 -28
11 199 -8
114 100 -19
114 128 -8
271 257 13
271 175 28
271 80 -19
271 272 -19
257 243 -13
257 258 -28
257 161 19
257 68 -28
175 173 28
175 65 -8
175 174 -13
175 177 19
80 79 -13
80 82 -13
272 270 -28
272 274 -19
272 172 8
272 78 -8
235 43 -8
235 237 8
235 233 19
235 234 13
235 134 19
43 151 28
43 44 -13
43 30 -13
43 56 19
237 239 -8
237 45 8
237 236 19
237 136 28
233 231 -13
233 132 13
233 232 28
233 41 13
234 247 19
234 220 -8
234 137 -8
234 46 -19
134 148 28
134 120 -8
134 31 13
134 135 -13
12 112 13
12 10 19
12 196 13
24 213 28
24 25 -19
24 129 13
24 36 -13
199 197 -19
199 98 28
199 198 8
183 181 8
183 185 8
183 182 -28
183 73 -8
183 279 28
181 277 -19
181 180 13
181 179 -8
181 71 -13
185 281 13
185 75 -19
182 76 -28
182 168 13
182 282 13
73 266 13
73 74 13
73 84 8
73 60 -28
279 265 19
279 280 -8
279 87 -13
119 121 -8
119 216 -8
119 118 28
119 14 8
119 117 -19
121 16 13
121 120 28
121 218 19
121 123 -13
216 230 13
216 29 19
216 202 13
216 217 -8
118 17 -13
118 219 -8
118 132 -19
118 104 19
14 203 -19
14 15 -8
14 1 13
14 27 8
117 13 -13
117 214 8
117 116 19
72 178 8
72 261 -19
72 70 8
72 71 -28
72 74 -8
178 164 -13
178 179 -19
178 278 13
261 247 8
261 275 -28
261 165 -28
261 262 -28
70 176 13
70 68 -28
70 259 -13
70 69 -19
71 83 13
71 264 -13
71 58 28
74 180 13
74 76 -13
74 263 -13
138 239 -8
138 139 19
138 35 -8
138 124 8
138 152 13
239 47 13
239 241 8
239 238 8
139 141 -28
139 137 13
139 32 -28
139 236 13
35 33 8
35 34 -13
35 222 -8
35 37 8
124 125 -28
124 23 28
124 110 -8
124 225 28
152 48 -8
152 153 -8
152 252 28
152 166 -19
266 268 -19
266 264 19
266 265 19
266 166 -13
84 85 -13
84 280 -13
60 47 8
60 169 -19
60 252 -8
60 61 19
111 109 -19
111 208 8
111 7 -28
111 110 8
109 206 19
109 108 13
109 5 -8
109 107 13
208 23 28
208 209 13
208 194 -8
208 222 -19
7 20 19
7 195 28
7 8 -8
110 211 -8
110 10 -28
110 96 -19
200 186 19
200 15 19
200 103 8
200 214 13
200 201 -28
186 187 -28
186 89 -28
186 2 28
15 17 -19
15 116 13
103 102 -13
103 105 28
103 0 -13
214 215 -8
214 28 -19
214 228 -28
201 203 13
201 13 8
6 8 -28
6 5 -19
6 106 -19
6 4 -13
6 190 -13
8 10 13
8 108 -13
8 192 19
5 18 -19
5 193 -8
106 207 -8
106 92 19
106 107 28
106 120 19
4 3 8
4 104 -8
4 2 28
4 188 -19
190 93 8
190 191 -19
190 204 28
203 202 28
203 205 -19
203 102 -19
202 17 28
202 105 -8
202 188 -19
205 207 28
205 16 -28
205 104 -13
205 204 -13
102 2 28
102 116 -19
102 88 8
151 247 -13
151 150 28
151 153 28
151 149 -13
247 248 13
247 59 28
150 46 -8
150 250 19
150 164 -13
150 136 -19
153 155 -28
153 45 -19
153 249 -28
149 148 -13
149 147 -8
149 245 -13
149 41 -8
48 47 8
48 46 -19
48 50 8
48 236 -19
252 254 -28
252 250 -8
252 251 28
166 180 -13
166 167 8
166 61 28
270 77 -13
270 269 -8
77 64 -28
269 173 13
269 79 -28
269 255 19
243 55 8
243 230 -13
243 244 28
243 147 8
55 53 28
55 57 -28
55 54 -13
55 160 8
230 231 13
230 133 8
230 42 19
244 246 19
244 144 -19
244 52 -28
147 39 -8
147 146 19
147 145 28
47 155 8
47 34 -28
241 49 28
241 140 -8
241 240 -13
238 224 -28
238 141 28
238 50 -13
238 251 -13
44 148 -8
44 46 13
44 42 28
44 232 28
30 18 13
30 137 -28
30 221 13
30 31 -13
56 165 -28
56 57 -28
56 248 13
56 69 19
268 75 -28
268 267 19
268 168 8
75 86 -28
75 76 19
75 62 19
267 281 8
267 253 -8
168 169 -8
168 63 28
168 154 -13
17 19 -13
17 16 -13
19 18 13
19 21 19
19 204 -19
19 120 -28
16 3 13
18 123 8
18 207 -8
123 122 -13
123 125 -28
123 220 -8
207 206 -28
207 209 28
197 195 19
197 9 -28
197 96 -28
197 196 28
195 94 -8
195 193 8
195 194 -19
9 10 8
9 22 8
96 97 13
196 210 8
196 99 19
206 21 19
206 192 -8
206 220 28
209 211 19
209 20 -28
209 108 -8
155 251 -8
155 154 8
155 157 -28
251 63 -28
251 265 28
154 254 -19
154 50 8
154 140 13
157 253 19
157 49 -19
142 143 -8
142 128 -19
274 174 8
274 273 -28
274 276 -8
174 68 -13
174 160 19
273 82 -13
273 177 13
273 259 28
276 176 13
276 81 8
276 275 13
276 278 13
64 256 28
64 173 28
64 51 -19
122 108 -19
122 223 19
122 21 28
122 136 -28
108 94 -13
223 222 -28
223 225 28
223 32 -28
223 221 19
21 20 -28
21 23 -13
136 33 13
136 137 28
248 246 -8
248 148 -28
248 250 -19
59 164 13
59 61 13
59 58 -8
59 57 28
34 141 -8
34 225 -13
34 22 13
83 278 8
278 277 -8
278 280 -28
13 26 19
13 0 8
26 215 -8
26 38 -8
26 131 -8
0 187 28
29 31 28
29 132 -19
29 28 13
217 215 -19
217 219 -28
217 116 19
217 27 13
211 210 28
211 213 -19
211 22 -8
210 224 -13
210 25 -8
213 112 19
22 23 13
22 127 -19
158 172 -8
158 53 28
158 159 13
158 144 -28
158 258 -13
172 173 -19
172 66 13
53 52 -28
53 242 28
159 161 -28
159 51 28
159 255 -28
144 130 -13
144 40 -8
144 145 -8
258 260 28
258 256 8
258 65 13
246 54 13
246 245 -28
246 146 -13
54 67 -13
54 163 28
54 41 -19
245 259 8
245 232 -19
245 57 28
146 160 13
146 42 19
146 132 13
126 25 8
126 227 -13
126 140 -8
126 127 19
126 112 -19
25 23 -13
227 36 19
227 226 13
227 225 -13
140 141 -13
140 37 -19
127 125 19
127 224 19
127 129 -13
112 98 -19
20 32 28
20 125 -13
32 33 8
32 45 8
125 222 19
31 33 28
31 218 -28
132 133 -28
28 130 19
28 27 8
137 135 -19
221 219 -28
221 220 -13
221 120 19
254 253 19
254 62 -28
253 240 -28
62 63 -13
62 49 -28
86 282 19
86 87 28
282 280 -19
282 281 -28
87 85 28
66 65 19
66 68 13
66 255 8
260 67 -28
260 259 13
260 262 13
260 160 -19
256 255 28
65 52 19
65 78 -8
94 95 -8
95 97 19
95 93 -8
95 192 -28
277 263 8
277 85 19
263 264 -19
263 167 -19
263 249 8
222 236 -28
162 163 19
162 148 28
162 262 19
162 176 8
162 57 8
163 161 8
163 165 -19
163 259 -8
262 264 -13
262 69 -8
176 177 -13
187 189 19
189 188 -19
189 191 -19
189 88 28
189 1 -13
129 226 19
129 128 -19
36 37 19
36 49 19
36 143 -28
90 91 -28
90 104 -28
90 191 28
91 89 28
91 93 -13
91 188 19
104 105 -28
191 3 13
191 193 -19
224 225 8
224 37 13
33 220 28
141 143 -28
180 280 -28
3 107 8
107 204 28
107 105 -19
177 179 -13
177 67 -19
130 116 -13
130 131 -28
130 231 -8
131 133 -13
131 228 28
231 229 -8
231 39 19
98 99 28
99 97 8
99 101 -8
219 218 -13
218 232 8
218 204 -28
105 1 -19
52 161 -19
52 39 -8
78 79 -19
161 160 19
226 240 -19
40 39 13
40 42 -8
40 228 19
145 242 19
145 38 13
169 167 13
169 265 8
167 165 13
167 58 -8
265 76 19
229 228 -19
229 38 -13
39 27 28
164 264 19
164 165 8
61 63 28
61 249 13
58 250 28
58 45 28
275 179 -13
97 194 -28
194 10 -13
68 67 -8
88 89 19
1 2 13
93 92 28
49 50 19
143 240 13
198 101 13
101 100 -19
179 69 -13
27 133 -8
133 135 -13
135 232 28
92 193 -19
193 192 19
46 45 -28
255 242 28
41 42 -8
69 81 8
250 249 -8
249 236 13
81 82 19
228 242 28
38 51 28
