170 171 -13
170 156 -19
170 184 8
171 169 -13
171 267 -19
171 62 13
156 157 -13
156 142 -8
184 185 28
115 113 -19
115 212 8
115 11 8
115 114 -8
113 111 -28
113 112 -19
113 210 28
113 9 -19
212 213 -13
212 198 13
212 226 -19
11 12 -13
11 24 13
11 199 28
114 100 13
114 128 19
271 257 -28
271 175 -19
271 80 19
271 272 -19
257 243 19
257 258 19
257 161 28
257 68 -13
175 173 -8
175 65 8
175 174 -8
175 177 -19
80 79 8
80 82 8
272 270 28
272 274 -28
272 172 19
272 78 -8
235 43 13
235 237 19
235 233 -19
235 234 19
235 134 -19
43 151 8
43 44 -19
43 30 13
43 56 -8
237 239 19
237 45 -28
237 236 -19
237 136 19
233 231 -8
233 132 28
233 232 8
233 41 8
234 247 13
234 220 -8
234 137 8
234 46 13
134 148 -19
134 120 -13
134 31 -28
134 135 13
12 112 -28
12 10 8
12 196 -28
24 213 28
24 25 -13
24 129 28
24 36 -8
199 197 13
199 98 13
199 198 -28
183 181 28
183 185 19
183 182 -19
183 73 13
183 279 -13
181 277 8
181 180 13
181 179 8
181 71 -28
185 281 -13
185 75 -19
182 76 28
182 168 -28
182 282 13
73 266 -8
73 74 -8
73 84 28
73 60 8
279 265 -8
279 280 -19
279 87 -19
119 121 -19
119 216 19
119 118 19
119 14 13
119 117 13
121 16 -13
121 120 8
121 218 -19
121 123 -19
216 230 -28
216 29 13
216 202 8
216 217 8
118 17 13
118 219 -8
118 132 -13
118 104 13
14 203 -13
14 15 19
14 1 -28
14 27 -8
117 13 -28
117 214 -8
117 116 -28
72 178 -19
72 261 -13
72 70 19
72 71 -8
72 74 28
178 164 -19
178 179 13
178 278 28
261 247 28
261 275 13
261 165 -28
261 262 19
70 176 -28
70 68 -8
70 259 -28
70 69 28
71 83 13
71 264 13
71 58 -13
74 180 19
74 76 -28
74 263 28
138 239 19
138 139 -19
138 35 -28
138 124 8
138 152 -13
239 47 13
239 241 -13
239 238 28
139 141 13
139 137 28
139 32 8
139 236 -13
35 33 19
35 34 -8
35 222 -13
35 37 8
124 125 19
124 23 -28
124 110 -28
124 225 8
152 48 -8
152 153 28
152 252 19
152 166 8
266 268 -28
266 264 -13
266 265 19
266 166 -19
84 85 8
84 280 8
60 47 -28
60 169 -28
60 252 8
60 61 -28
111 109 19
111 208 13
111 7 -28
111 110 -8
109 206 13
109 108 -19
109 5 28
109 107 8
208 23 28
208 209 13
208 194 28
208 222 13
7 20 -8
7 195 -13
7 8 -8
110 211 28
110 10 -28
110 96 28
200 186 13
200 15 -8
200 103 -8
200 214 28
200 201 -13
186 187 -13
186 89 28
186 2 -8
15 17 28
15 116 19
103 102 -28
103 105 13
103 0 13
214 215 28
214 28 13
214 228 -13
201 203 -19
201 13 -28
6 8 -8
6 5 -19
6 106 13
6 4 -28
6 190 8
8 10 -19
8 108 -13
8 192 13
5 18 -13
5 193 19
106 207 -28
106 92 -8
106 107 -28
106 120 -19
4 3 -13
4 104 19
4 2 -13
4 188 13
190 93 -19
190 191 28
190 204 13
203 202 13
203 205 28
203 102 8
202 17 -28
202 105 -13
202 188 -19
205 207 -8
205 16 -19
205 104 -28
205 204 -28
102 2 -28
102 116 8
102 88 -28
151 247 28
151 150 8
151 153 19
151 149 -28
247 248 8
247 59 -13
150 46 28
150 250 -19
150 164 19
150 136 -8
153 155 8
153 45 19
153 249 8
149 148 19
149 147 28
149 245 -8
149 41 28
48 47 -8
48 46 19
48 50 28
48 236 -28
252 254 8
252 250 -19
252 251 19
166 180 -28
166 167 -28
166 61 -19
270 77 -19
270 269 -8
77 64 -8
269 173 -13
269 79 8
269 255 13
243 55 19
243 230 -28
243 244 28
243 147 -19
55 53 -19
55 57 19
55 54 19
55 160 28
230 231 13
230 133 28
230 42 28
244 246 13
244 144 -8
244 52 8
147 39 -19
147 146 8
147 145 19
47 155 -19
47 34 13
241 49 19
241 140 -13
241 240 -13
238 224 -8
238 141 -19
238 50 -28
238 251 8
44 148 28
44 46 -19
44 42 19
44 232 8
30 18 28
30 137 28
30 221 -28
30 31 19
56 165 -8
56 57 8
56 248 -13
56 69 28
268 75 19
268 267 8
268 168 13
75 86 13
75 76 28
75 62 -19
267 281 -8
267 253 -19
168 169 -8
168 63 13
168 154 19
17 19 28
17 16 -8
19 18 -28
19 21 13
19 204 -19
19 120 8
16 3 -13
18 123 19
18 207 -19
123 122 -28
123 125 -8
123 220 19
207 206 -28
207 209 8
197 195 -19
197 9 -8
197 96 28
197 196 8
195 94 13
195 193 19
195 194 8
9 10 19
9 22 28
96 97 -28
196 210 -19
196 99 8
206 21 28
206 192 19
206 220 -28
209 211 8
209 20 19
209 108 19
155 251 28
155 154 -19
155 157 -19
251 63 19
251 265 -8
154 254 -8
154 50 8
154 140 19
157 253 19
157 49 28
142 143 -28
142 128 28
274 174 8
274 273 -28
274 276 19
174 68 8
174 160 13
273 82 -13
273 177 -28
273 259 8
276 176 8
276 81 -28
276 275 8
276 278 13
64 256 19
64 173 -28
64 51 13
122 108 -13
122 223 8
122 21 -13
122 136 13
108 94 13
223 222 -28
223 225 -8
223 32 28
223 221 19
21 20 8
21 23 19
136 33 -19
136 137 -13
248 246 -8
248 148 28
248 250 -19
59 164 -8
59 61 -13
59 58 -13
59 57 -13
34 141 13
34 225 -13
34 22 -13
83 278 -28
278 277 -13
278 280 -28
13 26 -8
13 0 -13
26 215 8
26 38 -19
26 131 -8
0 187 8
29 31 -19
29 132 -19
29 28 8
217 215 -13
217 219 -19
217 116 19
217 27 13
211 210 28
211 213 13
211 22 -8
210 224 -28
210 25 -8
213 112 -19
22 23 -19
22 127 13
158 172 28
158 53 13
158 159 -19
158 144 8
158 258 19
172 173 19
172 66 -19
53 52 -28
53 242 8
159 161 -8
159 51 -28
159 255 -19
144 130 -13
144 40 -19
144 145 13
258 260 13
258 256 -19
258 65 28
246 54 13
246 245 -28
246 146 -8
54 67 8
54 163 13
54 41 -8
245 259 -8
245 232 -8
245 57 28
146 160 -8
146 42 -13
146 132 -19
126 25 -8
126 227 8
126 140 19
126 127 13
126 112 -8
25 23 28
227 36 -8
227 226 -13
227 225 -28
140 141 -28
140 37 8
127 125 -13
127 224 -13
127 129 -8
112 98 8
20 32 28
20 125 -19
32 33 -28
32 45 -13
125 222 -8
31 33 -8
31 218 8
132 133 8
28 130 -13
28 27 -19
137 135 -28
221 219 28
221 220 -8
221 120 28
254 253 13
254 62 -8
253 240 -28
62 63 -28
62 49 -19
86 282 28
86 87 -19
282 280 13
282 281 13
87 85 13
66 65 -8
66 68 28
66 255 -19
260 67 -13
260 259 8
260 262 -8
260 160 28
256 255 -13
65 52 8
65 78 -8
94 95 13
95 97 -19
95 93 28
95 192 -8
277 263 28
277 85 -19
263 264 -28
263 167 -8
263 249 -28
222 236 -13
162 163 -13
162 148 13
162 262 13
162 176 -13
162 57 -19
163 161 -13
163 165 19
163 259 -28
262 264 -28
262 69 13
176 177 8
187 189 -19
189 188 28
189 191 -8
189 88 28
189 1 -8
129 226 -8
129 128 28
36 37 19
36 49 -8
36 143 -13
90 91 19
90 104 8
90 191 19
91 89 19
91 93 -13
91 188 -13
104 105 13
191 3 13
191 193 -28
224 225 19
224 37 -19
33 220 -8
141 143 -28
180 280 8
3 107 13
107 204 -28
107 105 28
177 179 13
177 67 8
130 116 -13
130 131 28
130 231 -8
131 133 19
131 228 28
231 229 13
231 39 28
98 99 13
99 97 13
99 101 -28
219 218 -13
218 232 8
218 204 13
105 1 8
52 161 8
52 39 8
78 79 -13
161 160 13
226 240 -8
40 39 -28
40 42 28
40 228 28
145 242 28
145 38 19
169 167 -19
169 265 -8
167 165 8
167 58 8
265 76 19
229 228 -13
229 38 13
39 27 -28
164 264 13
164 165 8
61 63 19
61 249 -28
58 250 19
58 45 -19
275 179 -19
97 194 -28
194 10 -19
68 67 28
88 89 28
1 2 -19
93 92 -28
49 50 19
143 240 -13
198 101 -8
101 100 8
179 69 -28
27 133 -19
133 135 -13
135 232 28
92 193 -28
193 192 -19
46 45 8
255 242 -8
41 42 -28
69 81 -19
250 249 -19
249 236 -19
81 82 13
228 242 -13
38 51 8
