170 171 -8
170 156 13
170 184 19
171 169 -19
171 267 19
171 62 -28
156 157 -28
156 142 -28
184 185 -19
115 113 -28
115 212 -19
115 11 -19
115 114 -8
113 111 13
113 112 -8
113 210 -8
113 9 19
212 213 28
212 198 8
212 226 8
11 12 13
11 24 -19
11 199 -28
114 100 -8
114 128 -13
271 257 -28
271 175 19
271 80 28
271 272 28
257 243 13
257 258 -13
257 161 -28
257 68 -19
175 173 -13
175 65 -19
175 174 8
175 177 28
80 79 -28
80 82 -13
272 270 13
272 274 -13
272 172 -19
272 78 -8
235 43 -28
235 237 13
235 233 19
235 234 -8
235 134 -19
43 151 -8
43 44 -13
43 30 -19
43 56 -13
237 239 -8
237 45 -8
237 236 13
237 136 -19
233 231 8
233 132 -13
233 232 28
233 41 -13
234 247 -19
234 220 -19
234 137 -28
234 46 -28
134 148 -8
134 120 28
134 31 8
134 135 -19
12 112 8
12 10 19
12 196 28
24 213 8
24 25 28
24 129 -28
24 36 -8
199 197 19
199 98 -19
199 198 28
183 181 28
183 185 -28
183 182 -13
183 73 8
183 279 13
181 277 8
181 180 19
181 179 8
181 71 -28
185 281 -19
185 75 -19
182 76 -13
182 168 -19
182 282 -8
73 266 28
73 74 -13
73 84 -8
73 60 19
279 265 -8
279 280 -28
279 87 8
119 121 28
119 216 19
119 118 -19
119 14 28
119 117 -13
121 16 19
121 120 19
121 218 28
121 123 -13
216 230 28
216 29 -8
216 202 8
216 217 13
118 17 -28
118 219 -19
118 132 8
118 104 19
14 203 -19
14 15 19
14 1 13
14 27 -8
117 13 -13
117 214 13
117 116 28
72 178 -8
72 261 28
72 70 -13
72 71 -28
72 74 19
178 164 28
178 179 -19
178 278 -28
261 247 19
261 275 -13
261 165 8
261 262 28
70 176 28
70 68 -8
70 259 8
70 69 28
71 83 19
71 264 19
71 58 -19
74 180 28
74 76 19
74 263 -8
138 239 13
138 139 28
138 35 19
138 124 -13
138 152 -8
239 47 8
239 241 8
239 238 19
139 141 -19
139 137 -28
139 32 13
139 236 -28
35 33 -28
35 34 -13
35 222 -8
35 37 28
124 125 -28
124 23 -13
124 110 -13
124 225 8
152 48 -19
152 153 -13
152 252 28
152 166 28
266 268 13
266 264 28
266 265 8
266 166 -13
84 85 -13
84 280 28
60 47 19
60 169 8
60 252 28
60 61 13
111 109 19
111 208 -28
111 7 8
111 110 19
109 206 -28
109 108 -19
109 5 8
109 107 -28
208 23 -28
208 209 -28
208 194 8
208 222 19
7 20 -8
7 195 19
7 8 -13
110 211 28
110 10 -19
110 96 28
200 186 -28
200 15 13
200 103 8
200 214 28
200 201 -28
186 187 -28
186 89 8
186 2 -19
15 17 28
15 116 28
103 102 13
103 105 -13
103 0 19
214 215 19
214 28 28
214 228 -8
201 203 -13
201 13 -8
6 8 19
6 5 13
6 106 -19
6 4 -13
6 190 -28
8 10 -28
8 108 -28
8 192 19
5 18 8
5 193 -28
106 207 13
106 92 -19
106 107 28
106 120 -19
4 3 -8
4 104 28
4 2 28
4 188 13
190 93 8
190 191 -28
190 204 -8
203 202 -13
203 205 -19
203 102 13
202 17 -8
202 105 13
202 188 13
205 207 8
205 16 13
205 104 28
205 204 -28
102 2 13
102 116 -13
102 88 -13
151 247 8
151 150 8
151 153 -8
151 149 -8
247 248 8
247 59 -8
150 46 -8
150 250 -8
150 164 19
150 136 -19
153 155 -28
153 45 13
153 249 13
149 148 -13
149 147 -8
149 245 8
149 41 -8
48 47 13
48 46 -19
48 50 19
48 236 8
252 254 -19
252 250 -8
252 251 -13
166 180 -13
166 167 -19
166 61 19
270 77 -13
270 269 -13
77 64 28
269 173 13
269 79 28
269 255 -28
243 55 13
243 230 -8
243 244 -28
243 147 8
55 53 28
55 57 13
55 54 13
55 160 -13
230 231 -28
230 133 13
230 42 -8
244 246 28
244 144 -13
244 52 -13
147 39 -8
147 146 28
147 145 -8
47 155 -28
47 34 19
241 49 -19
241 140 -19
241 240 19
238 224 13
238 141 -13
238 50 -19
238 251 -8
44 148 -8
44 46 -19
44 42 8
44 232 19
30 18 28
30 137 28
30 221 -8
30 31 -13
56 165 -28
56 57 19
56 248 -13
56 69 8
268 75 28
268 267 -8
268 168 19
75 86 -8
75 76 19
75 62 -13
267 281 -8
267 253 8
168 169 28
168 63 -28
168 154 -19
17 19 8
17 16 19
19 18 8
19 21 -8
19 204 -19
19 120 28
16 3 -13
18 123 -28
18 207 13
123 122 -13
123 125 -8
123 220 -19
207 206 -28
207 209 -13
197 195 19
197 9 -8
197 96 19
197 196 13
195 94 19
195 193 -8
195 194 19
9 10 28
9 22 -19
96 97 -19
196 210 -19
196 99 -28
206 21 -8
206 192 -8
206 220 8
209 211 28
209 20 8
209 108 19
155 251 13
155 154 -8
155 157 28
251 63 19
251 265 8
154 254 13
154 50 -8
154 140 -19
157 253 28
157 49 28
142 143 -28
142 128 -8
274 174 -19
274 273 -28
274 276 13
174 68 -28
174 160 -19
273 82 -28
273 177 28
273 259 28
276 176 13
276 81 28
276 275 -28
276 278 -13
64 256 -8
64 173 -13
64 51 19
122 108 -13
122 223 19
122 21 28
122 136 28
108 94 28
223 222 -13
223 225 8
223 32 -28
223 221 -19
21 20 -28
21 23 13
136 33 19
136 137 -8
248 246 -8
248 148 -8
248 250 13
59 164 13
59 61 -13
59 58 13
59 57 -13
34 141 13
34 225 -13
34 22 8
83 278 8
278 277 -28
278 280 8
13 26 -13
13 0 -8
26 215 8
26 38 -19
26 131 28
0 187 -8
29 31 13
29 132 8
29 28 8
217 215 13
217 219 -28
217 116 -28
217 27 8
211 210 28
211 213 -28
211 22 -8
210 224 -28
210 25 8
213 112 19
22 23 -19
22 127 19
158 172 13
158 53 -13
158 159 -8
158 144 19
158 258 -28
172 173 28
172 66 -13
53 52 13
53 242 13
159 161 28
159 51 -19
159 255 13
144 130 28
144 40 28
144 145 13
258 260 8
258 256 -8
258 65 8
246 54 -28
246 245 8
246 146 -13
54 67 19
54 163 -19
54 41 -8
245 259 8
245 232 -19
245 57 19
146 160 19
146 42 -13
146 132 -28
126 25 13
126 227 8
126 140 -19
126 127 -8
126 112 19
25 23 8
227 36 28
227 226 8
227 225 28
140 141 13
140 37 19
127 125 -13
127 224 19
127 129 -13
112 98 -28
20 32 -28
20 125 8
32 33 13
32 45 13
125 222 28
31 33 19
31 218 -8
132 133 -8
28 130 -13
28 27 8
137 135 19
221 219 8
221 220 -8
221 120 13
254 253 8
254 62 -13
253 240 -8
62 63 28
62 49 13
86 282 -19
86 87 -8
282 280 19
282 281 8
87 85 13
66 65 -8
66 68 19
66 255 -8
260 67 -8
260 259 -28
260 262 28
260 160 -8
256 255 13
65 52 -28
65 78 -28
94 95 8
95 97 -8
95 93 19
95 192 8
277 263 13
277 85 28
263 264 28
263 167 8
263 249 19
222 236 13
162 163 13
162 148 -28
162 262 13
162 176 -13
162 57 -28
163 161 13
163 165 28
163 259 -28
262 264 28
262 69 -8
176 177 -8
187 189 19
189 188 -28
189 191 -13
189 88 -19
189 1 28
129 226 -19
129 128 19
36 37 -28
36 49 13
36 143 13
90 91 -28
90 104 -19
90 191 -28
91 89 -19
91 93 -8
91 188 -28
104 105 28
191 3 19
191 193 -19
224 225 28
224 37 -19
33 220 -8
141 143 -13
180 280 28
3 107 13
107 204 13
107 105 -28
177 179 -8
177 67 -28
130 116 8
130 131 -13
130 231 13
131 133 -8
131 228 28
231 229 -19
231 39 -8
98 99 8
99 97 -13
99 101 -28
219 218 -13
218 232 13
218 204 -13
105 1 8
52 161 -8
52 39 -19
78 79 19
161 160 -28
226 240 -13
40 39 -28
40 42 8
40 228 28
145 242 -19
145 38 -28
169 167 13
169 265 -8
167 165 19
167 58 28
265 76 19
229 228 8
229 38 -13
39 27 -13
164 264 19
164 165 -28
61 63 -13
61 249 -8
58 250 8
58 45 -13
275 179 -19
97 194 28
194 10 -28
68 67 28
88 89 -19
1 2 28
93 92 8
49 50 -13
143 240 -19
198 101 -19
101 100 8
179 69 28
27 133 -28
133 135 -28
135 232 -8
92 193 13
193 192 19
46 45 -13
255 242 -28
41 42 -19
69 81 -13
250 249 19
249 236 13
81 82 8
228 242 -28
38 51 28
