170 171 -19
170 156 13
170 184 -13
171 169 -19
171 267 -8
171 62 -19
156 157 -13
156 142 -8
184 185 -19
115 113 -8
115 212 19
115 11 28
115 114 28
113 111 -19
113 112 8
113 210 8
113 9 28
212 213 -28
212 198 8
212 226 -8
11 12 28
11 24 28
11 199 -8
114 100 -19
114 128 8
271 257 19
271 175 19
271 80 -8
271 272 28
257 243 -28
257 258 13
257 161 28
257 68 13
175 173 -13
175 65 13
175 174 28
175 177 28
80 79 8
80 82 -13
272 270 8
272 274 8
272 172 -28
272 78 19
235 43 -19
235 237 -28
235 233 -19
235 234 -13
235 134 28
43 151 28
43 44 -19
43 30 28
43 56 -28
237 239 13
237 45 13
237 236 -13
237 136 13
233 231 -19
233 132 8
233 232 -13
233 41 28
234 247 -13
234 220 -8
234 137 28
234 46 13
134 148 -8
134 120 -28
134 31 -19
134 135 -8
12 112 28
12 10 13
12 196 -28
24 213 28
24 25 28
24 129 -8
24 36 -28
199 197 -19
199 98 8
199 198 28
183 181 -19
183 185 8
183 182 -13
183 73 13
183 279 19
181 277 -28
181 180 -28
181 179 -19
181 71 -13
185 281 -28
185 75 8
182 76 -28
182 168 13
182 282 28
73 266 13
73 74 8
73 84 19
73 60 28
279 265 -19
279 280 -19
279 87 -28
119 121 -19
119 216 8
119 118 -13
119 14 -28
119 117 -28
121 16 -8
121 120 -13
121 218 -28
121 123 -8
216 230 13
216 29 13
216 202 28
216 217 28
118 17 -28
118 219 13
118 132 -8
118 104 8
14 203 8
14 15 13
14 1 -13
14 27 -13
117 13 -28
117 214 13
117 116 -19
72 178 -13
72 261 -13
72 70 28
72 71 8
72 74 28
178 164 28
178 179 19
178 278 -19
261 247 19
261 275 8
261 165 8
261 262 -28
70 176 8
70 68 8
70 259 -28
70 69 -28
71 83 -8
71 264 -8
71 58 13
74 180 -19
74 76 -13
74 263 8
138 239 13
138 139 19
138 35 -19
138 124 -19
138 152 -13
239 47 8
239 241 -13
239 238 -19
139 141 8
139 137 13
139 32 -13
139 236 -13
35 33 19
35 34 13
35 222 -28
35 37 28
124 125 8
124 23 -19
124 110 8
124 225 -13
152 48 -28
152 153 -8
152 252 8
152 166 28
266 268 28
266 264 19
266 265 13
266 166 -8
84 85 -28
84 280 8
60 47 -8
60 169 -8
60 252 -19
60 61 13
111 109 -13
111 208 -13
111 7 -19
111 110 -13
109 206 13
109 108 -13
109 5 -19
109 107 -19
208 23 13
208 209 28
208 194 -28
208 222 28
7 20 -28
7 195 8
7 8 -28
110 211 -8
110 10 13
110 96 -28
200 186 28
200 15 13
200 103 -13
200 214 13
200 201 -19
186 187 -28
186 89 28
186 2 -28
15 17 13
15 116 28
103 102 -8
103 105 -13
103 0 8
214 215 19
214 28 -28
214 228 -28
201 203 -13
201 13 28
6 8 -19
6 5 -8
6 106 13
6 4 -19
6 190 19
8 10 -28
8 108 8
8 192 28
5 18 28
5 193 -19
106 207 -8
106 92 13
106 107 13
106 120 19
4 3 8
4 104 -13
4 2 -13
4 188 -28
190 93 -28
190 191 13
190 204 13
203 202 -19
203 205 -13
203 102 -19
202 17 19
202 105 19
202 188 28
205 207 -13
205 16 -28
205 104 -28
205 204 -19
102 2 -28
102 116 8
102 88 -13
151 247 28
151 150 13
151 153 28
151 149 -8
247 248 13
247 59 -13
150 46 8
150 250 13
150 164 19
150 136 28
153 155 8
153 45 8
153 249 13
149 148 19
149 147 -28
149 245 -13
149 41 -8
48 47 8
48 46 -28
48 50 28
48 236 -28
252 254 13
252 250 13
252 251 -28
166 180 -28
166 167 13
166 61 19
270 77 8
270 269 19
77 64 13
269 173 -19
269 79 -8
269 255 -13
243 55 13
243 230 8
243 244 -8
243 147 28
55 53 -8
55 57 19
55 54 13
55 160 -19
230 231 -13
230 133 19
230 42 28
244 246 -19
244 144 -28
244 52 -28
147 39 -13
147 146 -28
147 145 -13
47 155 28
47 34 -19
241 49 8
241 140 -28
241 240 -28
238 224 -13
238 141 19
238 50 -28
238 251 -19
44 148 -28
44 46 -13
44 42 -13
44 232 -28
30 18 28
30 137 -28
30 221 19
30 31 -28
56 165 -19
56 57 28
56 248 -28
56 69 8
268 75 -13
268 267 -13
268 168 28
75 86 13
75 76 28
75 62 8
267 281 19
267 253 -8
168 169 -8
168 63 -19
168 154 8
17 19 -19
17 16 -28
19 18 8
19 21 13
19 204 -28
19 120 28
16 3 19
18 123 -8
18 207 8
123 122 -8
123 125 8
123 220 8
207 206 -19
207 209 -13
197 195 28
197 9 13
197 96 -8
197 196 28
195 94 -28
195 193 13
195 194 -28
9 10 19
9 22 8
96 97 -13
196 210 -13
196 99 8
206 21 8
206 192 8
206 220 -8
209 211 -13
209 20 13
209 108 19
155 251 28
155 154 8
155 157 28
251 63 28
251 265 -19
154 254 -28
154 50 -28
154 140 28
157 253 13
157 49 13
142 143 -19
142 128 -28
274 174 13
274 273 8
274 276 13
174 68 28
174 160 28
273 82 -13
273 177 13
273 259 -8
276 176 -13
276 81 13
276 275 19
276 278 -8
64 256 -8
64 173 8
64 51 -28
122 108 19
122 223 19
122 21 28
122 136 19
108 94 -13
223 222 19
223 225 -13
223 32 -19
223 221 -28
21 20 -8
21 23 -28
136 33 28
136 137 28
248 246 -28
248 148 -13
248 250 8
59 164 -19
59 61 8
59 58 -13
59 57 -13
34 141 -19
34 225 -8
34 22 8
83 278 28
278 277 -8
278 280 -28
13 26 -28
13 0 -8
26 215 -19
26 38 8
26 131 -8
0 187 13
29 31 19
29 132 -28
29 28 -19
217 215 -28
217 219 28
217 116 28
217 27 13
211 210 28
211 213 -13
211 22 28
210 224 -8
210 25 -13
213 112 13
22 23 13
22 127 -19
158 172 28
158 53 28
158 159 -8
158 144 -19
158 258 -19
172 173 -28
172 66 8
53 52 19
53 242 19
159 161 -13
159 51 8
159 255 8
144 130 19
144 40 19
144 145 28
258 260 -28
258 256 -19
258 65 8
246 54 -13
246 245 -28
246 146 -28
54 67 19
54 163 13
54 41 28
245 259 -8
245 232 -28
245 57 8
146 160 28
146 42 19
146 132 -28
126 25 19
126 227 28
126 140 -19
126 127 28
126 112 -28
25 23 -13
227 36 28
227 226 -13
227 225 -8
140 141 -8
140 37 -13
127 125 -13
127 224 -19
127 129 -13
112 98 28
20 32 8
20 125 -28
32 33 -28
32 45 13
125 222 28
31 33 -13
31 218 -19
132 133 -28
28 130 19
28 27 8
137 135 28
221 219 28
221 220 8
221 120 -28
254 253 -19
254 62 -8
253 240 8
62 63 -19
62 49 28
86 282 -13
86 87 -8
282 280 19
282 281 19
87 85 -28
66 65 -8
66 68 19
66 255 -28
260 67 -19
260 259 19
260 262 28
260 160 -13
256 255 19
65 52 8
65 78 28
94 95 -19
95 97 -8
95 93 -28
95 192 -19
277 263 28
277 85 13
263 264 28
263 167 -19
263 249 19
222 236 13
162 163 19
162 148 -19
162 262 13
162 176 -28
162 57 -28
163 161 -19
163 165 -13
163 259 28
262 264 13
262 69 -8
176 177 19
187 189 -28
189 188 8
189 191 8
189 88 -28
189 1 19
129 226 -13
129 128 -19
36 37 8
36 49 13
36 143 -8
90 91 13
90 104 -19
90 191 28
91 89 19
91 93 -13
91 188 13
104 105 8
191 3 19
191 193 19
224 225 -13
224 37 -28
33 220 19
141 143 13
180 280 -19
3 107 8
107 204 -28
107 105 -28
177 179 -8
177 67 -8
130 116 -13
130 131 28
130 231 8
131 133 13
131 228 -19
231 229 -28
231 39 -19
98 99 -19
99 97 -19
99 101 13
219 218 -28
218 232 -28
218 204 -13
105 1 13
52 161 -8
52 39 -19
78 79 -8
161 160 28
226 240 19
40 39 -13
40 42 -8
40 228 -13
145 242 -19
145 38 13
169 167 8
169 265 28
167 165 -13
167 58 -28
265 76 8
229 228 8
229 38 13
39 27 13
164 264 -28
164 165 19
61 63 -8
61 249 13
58 250 -19
58 45 -8
275 179 8
97 194 8
194 10 -8
68 67 -28
88 89 13
1 2 19
93 92 -19
49 50 -28
143 240 13
198 101 19
101 100 28
179 69 -13
27 133 28
133 135 19
135 232 28
92 193 -8
193 192 -19
46 45 28
255 242 -8
41 42 19
69 81 -13
250 249 8
249 236 8
81 82 -19
228 242 28
38 51 -8
