170 171 28
170 156 19
170 184 -13
171 169 -28
171 267 -28
171 62 13
156 157 28
156 142 -19
184 185 -13
115 113 28
115 212 -19
115 11 8
115 114 -8
113 111 -8
113 112 19
113 210 -13
113 9 19
212 213 -19
212 198 8
212 226 -8
11 12 28
11 24 -13
11 199 -13
114 100 8
114 128 -13
271 257 -19
271 175 13
271 80 8
271 272 28
257 243 19
257 258 8
257 161 -19
257 68 28
175 173 13
175 65 -13
175 174 -28
175 177 19
80 79 -19
80 82 19
272 270 8
272 274 -8
272 172 13
272 78 -19
235 43 -28
235 237 -19
235 233 -19
235 234 19
235 134 -13
43 151 13
43 44 13
43 30 28
43 56 8
237 239 19
237 45 19
237 236 28
237 136 28
233 231 8
233 132 -13
233 232 19
233 41 19
234 247 19
234 220 28
234 137 -19
234 46 19
134 148 13
134 120 8
134 31 19
134 135 28
12 112 -19
12 10 -8
12 196 -13
24 213 -13
24 25 28
24 129 19
24 36 28
199 197 -19
199 98 28
199 198 -8
183 181 -13
183 185 -13
183 182 -13
183 73 -8
183 279 -13
181 277 13
181 180 28
181 179 13
181 71 -28
185 281 -8
185 75 -8
182 76 19
182 168 19
182 282 28
73 266 -19
73 74 8
73 84 8
73 60 28
279 265 -28
279 280 -13
279 87 28
119 121 -19
119 216 -13
119 118 19
119 14 -19
119 117 -8
121 16 8
121 120 -8
121 218 -19
121 123 19
216 230 -28
216 29 -13
216 202 8
216 217 13
118 17 -28
118 219 8
118 132 28
118 104 28
14 203 -13
14 15 -28
14 1 13
14 27 -19
117 13 -19
117 214 19
117 116 19
72 178 -13
72 261 -19
72 70 -19
72 71 19
72 74 -8
178 164 -19
178 179 13
178 278 -13
261 247 19
261 275 8
261 165 8
261 262 13
70 176 28
70 68 8
70 259 -8
70 69 -13
71 83 -28
71 264 -28
71 58 19
74 180 -19
74 76 28
74 263 -19
138 239 28
138 139 -19
138 35 -8
138 124 13
138 152 -19
239 47 8
239 241 -19
239 238 8
139 141 -8
139 137 -19
139 32 8
139 236 -8
35 33 8
35 34 8
35 222 -19
35 37 -19
124 125 28
124 23 -13
124 110 19
124 225 8
152 48 -8
152 153 -19
152 252 28
152 166 13
266 268 13
266 264 19
266 265 -13
266 166 -8
84 85 -8
84 280 -19
60 47 -28
60 169 -13
60 252 28
60 61 -13
111 109 -19
111 208 -19
111 7 -13
111 110 -28
109 206 -28
109 108 13
109 5 -8
109 107 19
208 23 -8
208 209 19
208 194 -19
208 222 19
7 20 8
7 195 -8
7 8 13
110 211 -8
110 10 28
110 96 13
200 186 -8
200 15 13
200 103 -28
200 214 8
200 201 -8
186 187 -8
186 89 13
186 2 -13
15 17 -19
15 116 -13
103 102 28
103 105 8
103 0 8
214 215 -19
214 28 13
214 228 -13
201 203 28
201 13 28
6 8 19
6 5 28
6 106 -13
6 4 -19
6 190 -8
8 10 -13
8 108 13
8 192 13
5 18 -8
5 193 19
106 207 -13
106 92 8
106 107 -13
106 120 -8
4 3 8
4 104 -13
4 2 -13
4 188 -19
190 93 28
190 191 13
190 204 19
203 202 -28
203 205 -28
203 102 19
202 17 13
202 105 8
202 188 13
205 207 -8
205 16 -19
205 104 28
205 204 -19
102 2 -28
102 116 -28
102 88 13
151 247 8
151 150 -13
151 153 -19
151 149 -28
247 248 13
247 59 28
150 46 -19
150 250 -13
150 164 -8
150 136 -19
153 155 8
153 45 -8
153 249 -28
149 148 -8
149 147 -8
149 245 -13
149 41 28
48 47 19
48 46 -28
48 50 8
48 236 -19
252 254 -8
252 250 -19
252 251 13
166 180 8
166 167 28
166 61 8
270 77 -13
270 269 8
77 64 19
269 173 8
269 79 -19
269 255 19
243 55 13
243 230 19
243 244 -28
243 147 -13
55 53 8
55 57 -13
55 54 8
55 160 -19
230 231 -28
230 133 -19
230 42 8
244 246 -13
244 144 28
244 52 19
147 39 28
147 146 -28
147 145 -8
47 155 19
47 34 19
241 49 -19
241 140 8
241 240 -19
238 224 -8
238 141 19
238 50 8
238 251 28
44 148 -28
44 46 13
44 42 13
44 232 -13
30 18 -8
30 137 28
30 221 8
30 31 28
56 165 28
56 57 13
56 248 -8
56 69 8
268 75 8
268 267 -13
268 168 -19
75 86 19
75 76 -19
75 62 8
267 281 19
267 253 -8
168 169 28
168 63 -13
168 154 19
17 19 -19
17 16 28
19 18 -28
19 21 8
19 204 28
19 120 -28
16 3 8
18 123 19
18 207 -8
123 122 8
123 125 -8
123 220 -8
207 206 -8
207 209 19
197 195 8
197 9 -13
197 96 -28
197 196 8
195 94 28
195 193 13
195 194 -19
9 10 -8
9 22 8
96 97 -13
196 210 19
196 99 19
206 21 13
206 192 -8
206 220 19
209 211 8
209 20 13
209 108 19
155 251 28
155 154 8
155 157 -19
251 63 -19
251 265 -8
154 254 13
154 50 13
154 140 -28
157 253 -28
157 49 -8
142 143 28
142 128 13
274 174 -28
274 273 28
274 276 13
174 68 -8
174 160 -13
273 82 -8
273 177 -28
273 259 -19
276 176 13
276 81 -13
276 275 -19
276 278 -19
64 256 -19
64 173 -13
64 51 -8
122 108 -13
122 223 -28
122 21 -8
122 136 13
108 94 -19
223 222 13
223 225 -13
223 32 28
223 221 -8
21 20 28
21 23 -13
136 33 -13
136 137 -28
248 246 28
248 148 28
248 250 -13
59 164 28
59 61 8
59 58 19
59 57 -28
34 141 -19
34 225 -13
34 22 8
83 278 -13
278 277 8
278 280 8
13 26 -8
13 0 28
26 215 -13
26 38 -28
26 131 -19
0 187 19
29 31 -8
29 132 13
29 28 -8
217 215 -8
217 219 -13
217 116 -13
217 27 -19
211 210 8
211 213 -19
211 22 -19
210 224 -8
210 25 19
213 112 -13
22 23 -19
22 127 19
158 172 -8
158 53 -13
158 159 13
158 144 -28
158 258 8
172 173 -19
172 66 19
53 52 13
53 242 -13
159 161 8
159 51 -8
159 255 -13
144 130 -28
144 40 13
144 145 -13
258 260 -28
258 256 -28
258 65 28
246 54 8
246 245 8
246 146 13
54 67 -8
54 163 -13
54 41 13
245 259 -28
245 232 -8
245 57 -19
146 160 -19
146 42 -28
146 132 -19
126 25 28
126 227 13
126 140 -13
126 127 8
126 112 -13
25 23 -13
227 36 19
227 226 19
227 225 -19
140 141 28
140 37 13
127 125 8
127 224 -28
127 129 19
112 98 8
20 32 -28
20 125 8
32 33 -8
32 45 8
125 222 -19
31 33 -13
31 218 -19
132 133 -13
28 130 28
28 27 -13
137 135 -13
221 219 13
221 220 -19
221 120 19
254 253 -13
254 62 -19
253 240 -13
62 63 28
62 49 28
86 282 -28
86 87 -13
282 280 -13
282 281 -19
87 85 13
66 65 28
66 68 28
66 255 -8
260 67 8
260 259 -8
260 262 -28
260 160 19
256 255 13
65 52 19
65 78 -8
94 95 28
95 97 -8
95 93 -13
95 192 8
277 263 8
277 85 -13
263 264 -8
263 167 28
263 249 -13
222 236 8
162 163 13
162 148 -8
162 262 -28
162 176 19
162 57 -28
163 161 8
163 165 13
163 259 8
262 264 8
262 69 28
176 177 8
187 189 -8
189 188 -28
189 191 13
189 88 -8
189 1 8
129 226 -19
129 128 28
36 37 13
36 49 13
36 143 -8
90 91 8
90 104 -19
90 191 -8
91 89 -8
91 93 -8
91 188 8
104 105 -13
191 3 -13
191 193 8
224 225 -13
224 37 -28
33 220 -8
141 143 -19
180 280 -8
3 107 -13
107 204 19
107 105 8
177 179 -19
177 67 13
130 116 -28
130 131 -13
130 231 19
131 133 -19
131 228 -28
231 229 -13
231 39 -13
98 99 28
99 97 -28
99 101 -13
219 218 -19
218 232 28
218 204 -28
105 1 28
52 161 28
52 39 19
78 79 28
161 160 28
226 240 -13
40 39 -28
40 42 8
40 228 19
145 242 13
145 38 -13
169 167 13
169 265 -13
167 165 -8
167 58 -28
265 76 -8
229 228 -28
229 38 -8
39 27 13
164 264 8
164 165 -28
61 63 8
61 249 19
58 250 -13
58 45 28
275 179 -13
97 194 -19
194 10 -28
68 67 -8
88 89 13
1 2 8
93 92 -13
49 50 -28
143 240 8
198 101 28
101 100 19
179 69 28
27 133 13
133 135 -8
135 232 -28
92 193 -13
193 192 -8
46 45 -19
255 242 19
41 42 28
69 81 28
250 249 8
249 236 -28
81 82 8
228 242 28
38 51 -19
