170 171 28
170 156 28
170 184 28
171 169 13
171 267 -19
171 62 -8
156 157 -19
156 142 28
184 185 -19
115 113 -8
115 212 19
115 11 -19
115 114 -8
113 111 -13
113 112 -28
113 210 8
113 9 -8
212 213 19
212 198 -28
212 226 -19
11 12 -13
11 24 -13
11 199 13
114 100 -8
114 128 -8
271 257 -8
271 175 -8
271 80 -28
271 272 8
257 243 -13
257 258 -8
257 161 -13
257 68 19
175 173 13
175 65 28
175 174 -19
175 177 -13
80 79 -19
80 82 8
272 270 19
272 274 -28
272 172 19
272 78 8
235 43 -19
235 237 13
235 233 19
235 234 19
235 134 8
43 151 19
43 44 -28
43 30 -8
43 56 -13
237 239 28
237 45 13
237 236 -19
237 136 8
233 231 19
233 132 8
233 232 8
233 41 8
234 247 -13
234 220 8
234 137 8
234 46 19
134 148 -13
134 120 -19
134 31 19
134 135 -19
12 112 -13
12 10 8
12 196 -28
24 213 13
24 25 13
24 129 13
24 36 13
199 197 19
199 98 28
199 198 28
183 181 28
183 185 -19
183 182 19
183 73 8
183 279 13
181 277 -28
181 180 -28
181 179 13
181 71 -8
185 281 -19
185 75 13
182 76 13
182 168 19
182 282 -8
73 266 19
73 74 -8
73 84 8
73 60 -19
279 265 8
279 280 -28
279 87 8
119 121 13
119 216 -13
119 118 13
119 14 28
119 117 -13
121 16 19
121 120 19
121 218 28
121 123 8
216 230 -28
216 29 -19
216 202 -13
216 217 -28
118 17 19
118 219 -8
118 132 -13
118 104 28
14 203 -19
14 15 13
14 1 -13
14 27 19
117 13 19
117 214 13
117 116 8
72 178 8
72 261 -28
72 70 -28
72 71 -8
72 74 -19
178 164 8
178 179 -19
178 278 -13
261 247 13
261 275 28
261 165 28
261 262 -13
70 176 13
70 68 8
70 259 19
70 69 28
71 83 8
71 264 28
71 58 28
74 180 28
74 76 8
74 263 -8
138 239 -13
138 139 13
138 35 -28
138 124 -28
138 152 -28
239 47 -19
239 241 -8
239 238 -19
139 141 -28
139 137 19
139 32 28
139 236 -13
35 33 13
35 34 -8
35 222 -19
35 37 -13
124 125 28
124 23 8
124 110 8
124 225 -8
152 48 -28
152 153 -28
152 252 8
152 166 -8
266 268 19
266 264 8
266 265 28
266 166 -28
84 85 13
84 280 -8
60 47 8
60 169 28
60 252 -13
60 61 -28
111 109 28
111 208 -13
111 7 28
111 110 -28
109 206 19
109 108 13
109 5 13
109 107 8
208 23 -13
208 209 -19
208 194 -8
208 222 8
7 20 8
7 195 28
7 8 19
110 211 -8
110 10 13
110 96 13
200 186 -8
200 15 -28
200 103 19
200 214 19
200 201 13
186 187 -28
186 89 8
186 2 28
15 17 13
15 116 -8
103 102 19
103 105 -8
103 0 -8
214 215 -28
214 28 -8
214 228 -13
201 203 19
201 13 -13
6 8 8
6 5 -28
6 106 -28
6 4 8
6 190 28
8 10 -19
8 108 19
8 192 -28
5 18 28
5 193 13
106 207 13
106 92 -13
106 107 -8
106 120 8
4 3 -8
4 104 -8
4 2 -19
4 188 -13
190 93 -19
190 191 28
190 204 -8
203 202 -19
203 205 -8
203 102 -19
202 17 19
202 105 8
202 188 -28
205 207 28
205 16 -28
205 104 28
205 204 -28
102 2 8
102 116 -19
102 88 19
151 247 -8
151 150 -19
151 153 -19
151 149 19
247 248 -28
247 59 -28
150 46 -13
150 250 -19
150 164 -13
150 136 8
153 155 28
153 45 -8
153 249 13
149 148 8
149 147 -28
149 245 28
149 41 28
48 47 13
48 46 19
48 50 -8
48 236 19
252 254 19
252 250 8
252 251 -28
166 180 8
166 167 28
166 61 -13
270 77 -28
270 269 8
77 64 -8
269 173 -19
269 79 -19
269 255 -13
243 55 -28
243 230 -13
243 244 8
243 147 -28
55 53 8
55 57 8
55 54 -28
55 160 13
230 231 -28
230 133 19
230 42 28
244 246 19
244 144 -8
244 52 -13
147 39 -8
147 146 -28
147 145 -13
47 155 -8
47 34 -13
241 49 -13
241 140 28
241 240 -19
238 224 28
238 141 -8
238 50 -8
238 251 -8
44 148 -8
44 46 13
44 42 -28
44 232 -8
30 18 28
30 137 8
30 221 28
30 31 28
56 165 13
56 57 8
56 248 13
56 69 13
268 75 28
268 267 -8
268 168 -19
75 86 -19
75 76 28
75 62 -28
267 281 28
267 253 28
168 169 28
168 63 -13
168 154 -19
17 19 8
17 16 -28
19 18 -28
19 21 -13
19 204 -28
19 120 -19
16 3 -28
18 123 -8
18 207 -28
123 122 19
123 125 -19
123 220 13
207 206 19
207 209 -19
197 195 13
197 9 -13
197 96 -19
197 196 19
195 94 19
195 193 28
195 194 -28
9 10 13
9 22 -28
96 97 -19
196 210 -28
196 99 8
206 21 -28
206 192 -8
206 220 8
209 211 19
209 20 -28
209 108 -13
155 251 -19
155 154 -19
155 157 -13
251 63 -28
251 265 -28
154 254 -28
154 50 -13
154 140 28
157 253 19
157 49 -28
142 143 -19
142 128 13
274 174 28
274 273 -13
274 276 -13
174 68 19
174 160 13
273 82 13
273 177 8
273 259 -28
276 176 13
276 81 28
276 275 28
276 278 -13
64 256 -13
64 173 -19
64 51 19
122 108 -13
122 223 13
122 21 13
122 136 8
108 94 -13
223 222 13
223 225 8
223 32 19
223 221 19
21 20 -13
21 23 8
136 33 19
136 137 13
248 246 -28
248 148 8
248 250 8
59 164 8
59 61 -19
59 58 19
59 57 19
34 141 -13
34 225 19
34 22 -28
83 278 8
278 277 -28
278 280 -28
13 26 -19
13 0 8
26 215 -19
26 38 -8
26 131 -13
0 187 19
29 31 -8
29 132 19
29 28 -19
217 215 28
217 219 -19
217 116 -8
217 27 -8
211 210 -19
211 213 8
211 22 -28
210 224 19
210 25 -8
213 112 -8
22 23 -19
22 127 8
158 172 -28
158 53 19
158 159 13
158 144 8
158 258 -19
172 173 13
172 66 -8
53 52 19
53 242 8
159 161 13
159 51 28
159 255 8
144 130 13
144 40 -19
144 145 19
258 260 -28
258 256 -28
258 65 8
246 54 -13
246 245 -8
246 146 28
54 67 -28
54 163 28
54 41 -8
245 259 -19
245 232 19
245 57 13
146 160 -19
146 42 -8
146 132 19
126 25 8
126 227 -28
126 140 -13
126 127 13
126 112 28
25 23 28
227 36 8
227 226 -19
227 225 13
140 141 28
140 37 8
127 125 28
127 224 19
127 129 8
112 98 8
20 32 -28
20 125 -19
32 33 19
32 45 8
125 222 13
31 33 -28
31 218 -28
132 133 -28
28 130 -8
28 27 -13
137 135 -28
221 219 -19
221 220 28
221 120 28
254 253 19
254 62 -19
253 240 19
62 63 19
62 49 -8
86 282 19
86 87 28
282 280 -8
282 281 8
87 85 28
66 65 -19
66 68 -28
66 255 13
260 67 -28
260 259 -13
260 262 -19
260 160 8
256 255 13
65 52 -28
65 78 -19
94 95 -28
95 97 8
95 93 19
95 192 -8
277 263 -19
277 85 28
263 264 -19
263 167 -8
263 249 -28
222 236 19
162 163 -13
162 148 28
162 262 -13
162 176 19
162 57 -8
163 161 -28
163 165 13
163 259 13
262 264 -13
262 69 8
176 177 -19
187 189 19
189 188 -8
189 191 28
189 88 -8
189 1 -28
129 226 -28
129 128 8
36 37 -19
36 49 -19
36 143 -13
90 91 13
90 104 13
90 191 -19
91 89 19
91 93 19
91 188 28
104 105 -19
191 3 -13
191 193 -8
224 225 19
224 37 -13
33 220 -13
141 143 -8
180 280 19
3 107 19
107 204 -19
107 105 -28
177 179 -8
177 67 -28
130 116 -13
130 131 -13
130 231 -19
131 133 -13
131 228 19
231 229 -13
231 39 28
98 99 -8
99 97 19
99 101 8
219 218 28
218 232 28
218 204 19
105 1 -19
52 161 28
52 39 19
78 79 -13
161 160 28
226 240 -13
40 39 -28
40 42 -19
40 228 -19
145 242 -13
145 38 8
169 167 -13
169 265 28
167 165 8
167 58 28
265 76 19
229 228 28
229 38 -19
39 27 -28
164 264 -8
164 165 -19
61 63 -8
61 249 -19
58 250 13
58 45 -8
275 179 -28
97 194 19
194 10 -8
68 67 -8
88 89 19
1 2 -13
93 92 28
49 50 -8
143 240 19
198 101 28
101 100 28
179 69 -13
27 133 19
133 135 -8
135 232 -8
92 193 -8
193 192 13
46 45 13
255 242 -8
41 42 19
69 81 8
250 249 19
249 236 19
81 82 28
228 242 8
38 51 -13
