170 171 8
170 156 -13
170 184 8
171 169 -28
171 267 13
171 62 -19
156 157 19
156 142 -8
184 185 13
115 113 -13
115 212 13
115 11 -28
115 114 -28
113 111 -13
113 112 -8
113 210 8
113 9 -8
212 213 -8
212 198 19
212 226 13
11 12 -8
11 24 -28
11 199 19
114 100 -13
114 128 19
271 257 13
271 175 28
271 80 -8
271 272 -13
257 243 -8
257 258 -19
257 161 19
257 68 19
175 173 13
175 65 13
175 174 -13
175 177 -19
80 79 -13
80 82 13
272 270 28
272 274 -13
272 172 13
272 78 19
235 43 13
235 237 -13
235 233 -13
235 234 13
235 134 28
43 151 8
43 44 -19
43 30 -8
43 56 28
237 239 -8
237 45 -28
237 236 -8
237 136 8
233 231 19
233 132 19
233 232 8
233 41 19
234 247 -13
234 220 8
234 137 13
234 46 13
134 148 -8
134 120 -13
134 31 -13
134 135 8
12 112 -28
12 10 19
12 196 13
24 213 19
24 25 28
24 129 -28
24 36 8
199 197 -13
199 98 -19
199 198 19
183 181 -28
183 185 13
183 182 28
183 73 -28
183 279 28
181 277 -28
181 180 -28
181 179 -8
181 71 -19
185 281 28
185 75 19
182 76 19
182 168 13
182 282 -8
73 266 28
73 74 13
73 84 -8
73 60 -28
279 265 -13
279 280 19
279 87 -19
119 121 -19
119 216 8
119 118 -13
119 14 8
119 117 8
121 16 -13
121 120 -13
121 218 -28
121 123 8
216 230 8
216 29 -19
216 202 -28
216 217 13
118 17 -19
118 219 -28
118 132 28
118 104 13
14 203 -13
14 15 13
14 1 8
14 27 -8
117 13 -8
117 214 -8
117 116 13
72 178 13
72 261 -19
72 70 13
72 71 28
72 74 13
178 164 28
178 179 28
178 278 -13
261 247 28
261 275 19
261 165 28
261 262 -8
70 176 -19
70 68 -13
70 259 -13
70 69 -8
71 83 19
71 264 13
71 58 -28
74 180 19
74 76 8
74 263 19
138 239 28
138 139 28
138 35 -13
138 124 13
138 152 13
239 47 -8
239 241 -19
239 238 28
139 141 -19
139 137 13
139 32 -8
139 236 19
35 33 -28
35 34 28
35 222 13
35 37 -13
124 125 -13
124 23 -13
124 110 19
124 225 8
152 48 -8
152 153 19
152 252 19
152 166 -8
266 268 -13
266 264 -19
266 265 -13
266 166 8
84 85 8
84 280 -28
60 47 -8
60 169 -8
60 252 19
60 61 19
111 109 -8
111 208 13
111 7 13
111 110 -8
109 206 -28
109 108 -19
109 5 -13
109 107 13
208 23 -13
208 209 28
208 194 -13
208 222 -8
7 20 13
7 195 -8
7 8 -8
110 211 -13
110 10 -8
110 96 13
200 186 -19
200 15 19
200 103 8
200 214 -13
200 201 -19
186 187 28
186 89 13
186 2 -13
15 17 -8
15 116 -8
103 102 28
103 105 8
103 0 13
214 215 28
214 28 19
214 228 -13
201 203 -28
201 13 13
6 8 13
6 5 -13
6 106 -13
6 4 19
6 190 28
8 10 -19
8 108 19
8 192 -28
5 18 28
5 193 -8
106 207 19
106 92 -19
106 107 13
106 120 13
4 3 -28
4 104 -28
4 2 19
4 188 -28
190 93 -13
190 191 -13
190 204 13
203 202 28
203 205 8
203 102 -8
202 17 -19
202 105 13
202 188 -28
205 207 -19
205 16 8
205 104 -8
205 204 19
102 2 -19
102 116 -19
102 88 -13
151 247 28
151 150 8
151 153 -28
151 149 13
247 248 -8
247 59 -28
150 46 -13
150 250 13
150 164 8
150 136 -8
153 155 28
153 45 -8
153 249 -28
149 148 -28
149 147 28
149 245 -19
149 41 -13
48 47 8
48 46 -19
48 50 19
48 236 -13
252 254 8
252 250 28
252 251 -8
166 180 19
166 167 -13
166 61 8
270 77 28
270 269 28
77 64 -13
269 173 8
269 79 -28
269 255 8
243 55 -28
243 230 13
243 244 19
243 147 13
55 53 -19
55 57 19
55 54 -8
55 160 -19
230 231 19
230 133 -28
230 42 -8
244 246 28
244 144 19
244 52 28
147 39 13
147 146 13
147 145 -28
47 155 -19
47 34 -13
241 49 -8
241 140 -8
241 240 13
238 224 8
238 141 -8
238 50 -28
238 251 8
44 148 -13
44 46 19
44 42 -13
44 232 8
30 18 8
30 137 8
30 221 -19
30 31 -8
56 165 -13
56 57 19
56 248 -28
56 69 28
268 75 -13
268 267 -19
268 168 -28
75 86 -28
75 76 -19
75 62 -13
267 281 28
267 253 19
168 169 -8
168 63 28
168 154 -8
17 19 -8
17 16 8
19 18 8
19 21 -28
19 204 -13
19 120 28
16 3 8
18 123 -8
18 207 -8
123 122 -28
123 125 -19
123 220 -19
207 206 -19
207 209 13
197 195 -19
197 9 -28
197 96 13
197 196 8
195 94 8
195 193 8
195 194 28
9 10 8
9 22 -28
96 97 -28
196 210 -13
196 99 19
206 21 -28
206 192 8
206 220 -19
209 211 28
209 20 -8
209 108 -8
155 251 19
155 154 28
155 157 13
251 63 28
251 265 -13
154 254 28
154 50 -28
154 140 -19
157 253 8
157 49 13
142 143 -13
142 128 -13
274 174 -19
274 273 13
274 276 -28
174 68 28
174 160 -19
273 82 -19
273 177 28
273 259 28
276 176 -13
276 81 -8
276 275 -19
276 278 28
64 256 -19
64 173 13
64 51 -19
122 108 -19
122 223 28
122 21 -28
122 136 -28
108 94 8
223 222 28
223 225 -28
223 32 19
223 221 -8
21 20 -8
21 23 28
136 33 -13
136 137 -28
248 246 8
248 148 -19
248 250 -28
59 164 8
59 61 19
59 58 -19
59 57 -13
34 141 -8
34 225 13
34 22 13
83 278 -13
278 277 -13
278 280 -8
13 26 -8
13 0 -19
26 215 28
26 38 -8
26 131 -13
0 187 13
29 31 13
29 132 19
29 28 -19
217 215 28
217 219 -13
217 116 -28
217 27 13
211 210 -13
211 213 -13
211 22 8
210 224 -8
210 25 -13
213 112 13
22 23 -8
22 127 13
158 172 -13
158 53 -13
158 159 -8
158 144 13
158 258 19
172 173 -19
172 66 -13
53 52 -19
53 242 -8
159 161 -8
159 51 -13
159 255 8
144 130 -8
144 40 8
144 145 -19
258 260 28
258 256 -13
258 65 13
246 54 13
246 245 -19
246 146 -28
54 67 -28
54 163 -13
54 41 -8
245 259 13
245 232 8
245 57 -8
146 160 -13
146 42 13
146 132 19
126 25 -8
126 227 13
126 140 -28
126 127 -19
126 112 -19
25 23 -28
227 36 -13
227 226 19
227 225 28
140 141 -28
140 37 -8
127 125 -8
127 224 -13
127 129 -28
112 98 -19
20 32 -13
20 125 19
32 33 -8
32 45 -19
125 222 19
31 33 28
31 218 8
132 133 -8
28 130 8
28 27 28
137 135 -28
221 219 19
221 220 19
221 120 -19
254 253 19
254 62 -19
253 240 -28
62 63 -28
62 49 13
86 282 -19
86 87 -19
282 280 -8
282 281 -28
87 85 19
66 65 -13
66 68 -19
66 255 19
260 67 19
260 259 13
260 262 -19
260 160 28
256 255 8
65 52 19
65 78 -13
94 95 8
95 97 8
95 93 -8
95 192 -28
277 263 -28
277 85 -8
263 264 13
263 167 -28
263 249 8
222 236 19
162 163 -13
162 148 -8
162 262 28
162 176 19
162 57 -13
163 161 -8
163 165 -8
163 259 -28
262 264 -13
262 69 19
176 177 8
187 189 -28
189 188 28
189 191 28
189 88 -28
189 1 -13
129 226 13
129 128 -13
36 37 -28
36 49 -8
36 143 13
90 91 13
90 104 -8
90 191 13
91 89 -28
91 93 -28
91 188 28
104 105 28
191 3 8
191 193 28
224 225 -13
224 37 -28
33 220 28
141 143 -28
180 280 8
3 107 -8
107 204 -19
107 105 -13
177 179 -28
177 67 13
130 116 19
130 131 13
130 231 -8
131 133 -28
131 228 -28
231 229 -28
231 39 -19
98 99 28
99 97 -13
99 101 -8
219 218 -13
218 232 8
218 204 -8
105 1 13
52 161 -8
52 39 28
78 79 28
161 160 -19
226 240 8
40 39 -19
40 42 19
40 228 -8
145 242 13
145 38 8
169 167 28
169 265 -19
167 165 -13
167 58 28
265 76 13
229 228 -13
229 38 -19
39 27 19
164 264 13
164 165 -8
61 63 -8
61 249 28
58 250 -13
58 45 -28
275 179 13
97 194 -28
194 10 -13
68 67 28
88 89 -13
1 2 -19
93 92 -13
49 50 -28
143 240 -13
198 101 19
101 100 -28
179 69 13
27 133 -8
133 135 -13
135 232 -8
92 193 -28
193 192 19
46 45 -19
255 242 -13
41 42 -8
69 81 -8
250 249 19
249 236 -8
81 82 -19
228 242 8
38 51 -19
