170 171 13
170 156 -28
170 184 -13
171 169 -8
171 267 19
171 62 -28
156 157 -19
156 142 -28
184 185 -13
115 113 -13
115 212 -19
115 11 19
115 114 8
113 111 -28
113 112 -19
113 210 8
113 9 19
212 213 -28
212 198 8
212 226 -8
11 12 -13
11 24 -19
11 199 13
114 100 -19
114 128 -8
271 257 -19
271 175 13
271 80 8
271 272 13
257 243 28
257 258 19
257 161 -19
257 68 8
175 173 -28
175 65 13
175 174 19
175 177 8
80 79 13
80 82 8
272 270 -19
272 274 8
272 172 13
272 78 -8
235 43 19
235 237 28
235 233 -8
235 234 13
235 134 8
43 151 -8
43 44 -13
43 30 -8
43 56 19
237 239 -19
237 45 -8
237 236 28
237 136 -13
233 231 -8
233 132 -13
233 232 -28
233 41 8
234 247 -28
234 220 13
234 137 8
234 46 -8
134 148 -28
134 120 -19
134 31 8
134 135 -13
12 112 -8
12 10 -8
12 196 28
24 213 19
24 25 8
24 129 13
24 36 8
199 197 -19
199 98 13
199 198 8
183 181 -8
183 185 8
183 182 8
183 73 28
183 279 -8
181 277 28
181 180 -13
181 179 28
181 71 -19
185 281 -13
185 75 13
182 76 -19
182 168 19
182 282 8
73 266 -13
73 74 19
73 84 13
73 60 -28
279 265 -19
279 280 -19
279 87 -8
119 121 8
119 216 13
119 118 28
119 14 -28
119 117 -19
121 16 8
121 120 -13
121 218 19
121 123 -13
216 230 -19
216 29 19
216 202 28
216 217 -19
118 17 -28
118 219 8
118 132 28
118 104 -13
14 203 28
14 15 -28
14 1 28
14 27 -13
117 13 -19
117 214 -28
117 116 -13
72 178 -8
72 261 19
72 70 -28
72 71 -28
72 74 13
178 164 -28
178 179 -28
178 278 8
261 247 -13
261 275 19
261 165 19
261 262 -13
70 176 -13
70 68 -8
70 259 -19
70 69 8
71 83 -13
71 264 -13
71 58 8
74 180 -28
74 76 -13
74 263 28
138 239 19
138 139 -8
138 35 8
138 124 -19
138 152 -28
239 47 -8
239 241 -8
239 238 28
139 141 -19
139 137 8
139 32 -13
139 236 13
35 33 8
35 34 19
35 222 28
35 37 -19
124 125 28
124 23 -19
124 110 28
124 225 8
152 48 8
152 153 13
152 252 19
152 166 8
266 268 8
266 264 -13
266 265 28
266 166 19
84 85 28
84 280 8
60 47 28
60 169 28
60 252 28
60 61 -19
111 109 -28
111 208 -13
111 7 19
111 110 13
109 206 13
109 108 -13
109 5 8
109 107 19
208 23 8
208 209 -13
208 194 -13
208 222 -8
7 20 -13
7 195 8
7 8 -19
110 211 -28
110 10 13
110 96 -28
200 186 8
200 15 19
200 103 13
200 214 8
200 201 -28
186 187 28
186 89 28
186 2 8
15 17 -13
15 116 -19
103 102 -13
103 105 -19
103 0 8
214 215 13
214 28 -13
214 228 13
201 203 19
201 13 28
6 8 -19
6 5 -28
6 106 13
6 4 19
6 190 8
8 10 -8
8 108 -13
8 192 28
5 18 -13
5 193 13
106 207 -13
106 92 -13
106 107 13
106 120 19
4 3 19
4 104 -13
4 2 -19
4 188 13
190 93 13
190 191 28
190 204 -19
203 202 8
203 205 8
203 102 8
202 17 8
202 105 28
202 188 -8
205 207 13
205 16 -19
205 104 -13
205 204 8
102 2 13
102 116 28
102 88 -28
151 247 13
151 150 28
151 153 13
151 149 -13
247 248 8
247 59 -8
150 46 -19
150 250 13
150 164 28
150 136 13
153 155 -13
153 45 28
153 249 19
149 148 8
149 147 -19
149 245 8
149 41 -19
48 47 -19
48 46 -28
48 50 8
48 236 -13
252 254 -8
252 250 19
252 251 8
166 180 -19
166 167 28
166 61 19
270 77 8
270 269 -28
77 64 19
269 173 8
269 79 8
269 255 19
243 55 13
243 230 19
243 244 19
243 147 19
55 53 28
55 57 13
55 54 -19
55 160 -13
230 231 -13
230 133 19
230 42 28
244 246 13
244 144 28
244 52 28
147 39 -19
147 146 13
147 145 8
47 155 19
47 34 -8
241 49 8
241 140 -19
241 240 8
238 224 19
238 141 -19
238 50 28
238 251 -19
44 148 -13
44 46 -19
44 42 -8
44 232 -28
30 18 13
30 137 8
30 221 19
30 31 -8
56 165 -13
56 57 19
56 248 13
56 69 8
268 75 13
268 267 -8
268 168 28
75 86 -8
75 76 -8
75 62 -13
267 281 28
267 253 8
168 169 -19
168 63 13
168 154 -28
17 19 -28
17 16 -19
19 18 13
19 21 -28
19 204 -19
19 120 13
16 3 19
18 123 28
18 207 -19
123 122 13
123 125 13
123 220 13
207 206 19
207 209 13
197 195 -28
197 9 19
197 96 -8
197 196 -28
195 94 8
195 193 -19
195 194 8
9 10 8
9 22 -13
96 97 28
196 210 -28
196 99 28
206 21 28
206 192 -28
206 220 -8
209 211 13
209 20 28
209 108 -8
155 251 28
155 154 -28
155 157 8
251 63 28
251 265 -13
154 254 -8
154 50 -8
154 140 8
157 253 28
157 49 -8
142 143 -28
142 128 -28
274 174 -28
274 273 -8
274 276 -28
174 68 -8
174 160 8
273 82 8
273 177 -28
273 259 -8
276 176 28
276 81 -13
276 275 -28
276 278 19
64 256 -8
64 173 -8
64 51 13
122 108 -19
122 223 28
122 21 19
122 136 19
108 94 -19
223 222 28
223 225 -19
223 32 -28
223 221 8
21 20 -8
21 23 -8
136 33 -19
136 137 19
248 246 -19
248 148 28
248 250 -28
59 164 8
59 61 -28
59 58 -8
59 57 -8
34 141 -19
34 225 19
34 22 8
83 278 -28
278 277 28
278 280 -13
13 26 -8
13 0 -13
26 215 -8
26 38 28
26 131 19
0 187 -13
29 31 -8
29 132 -19
29 28 28
217 215 8
217 219 -8
217 116 -8
217 27 -8
211 210 -8
211 213 19
211 22 13
210 224 -19
210 25 8
213 112 -28
22 23 13
22 127 28
158 172 -28
158 53 -28
158 159 19
158 144 13
158 258 13
172 173 8
172 66 -19
53 52 8
53 242 13
159 161 28
159 51 -28
159 255 19
144 130 -19
144 40 -28
144 145 28
258 260 13
258 256 -19
258 65 28
246 54 8
246 245 -19
246 146 -19
54 67 -28
54 163 -13
54 41 -28
245 259 13
245 232 13
245 57 8
146 160 -13
146 42 -13
146 132 19
126 25 28
126 227 8
126 140 -13
126 127 28
126 112 8
25 23 -13
227 36 19
227 226 -28
227 225 13
140 141 19
140 37 19
127 125 13
127 224 -8
127 129 -19
112 98 -28
20 32 8
20 125 -13
32 33 13
32 45 -28
125 222 28
31 33 -8
31 218 8
132 133 -13
28 130 8
28 27 -19
137 135 -28
221 219 -13
221 220 13
221 120 8
254 253 8
254 62 13
253 240 -28
62 63 13
62 49 -28
86 282 -8
86 87 19
282 280 8
282 281 -28
87 85 28
66 65 19
66 68 -8
66 255 8
260 67 -28
260 259 -28
260 262 8
260 160 -13
256 255 8
65 52 13
65 78 -13
94 95 -8
95 97 8
95 93 -8
95 192 28
277 263 -8
277 85 -28
263 264 -8
263 167 8
263 249 28
222 236 -28
162 163 28
162 148 -28
162 262 19
162 176 28
162 57 13
163 161 -8
163 165 -13
163 259 19
262 264 8
262 69 -28
176 177 28
187 189 19
189 188 19
189 191 19
189 88 -8
189 1 19
129 226 -8
129 128 -28
36 37 8
36 49 -19
36 143 28
90 91 -28
90 104 8
90 191 -8
91 89 -8
91 93 -13
91 188 -28
104 105 13
191 3 13
191 193 -13
224 225 28
224 37 -8
33 220 -28
141 143 28
180 280 -19
3 107 -8
107 204 13
107 105 -28
177 179 13
177 67 8
130 116 -13
130 131 28
130 231 13
131 133 19
131 228 -13
231 229 8
231 39 13
98 99 28
99 97 28
99 101 19
219 218 28
218 232 -13
218 204 8
105 1 -13
52 161 -19
52 39 28
78 79 28
161 160 13
226 240 -8
40 39 19
40 42 19
40 228 -28
145 242 19
145 38 28
169 167 -13
169 265 -8
167 165 -19
167 58 -19
265 76 -13
229 228 -28
229 38 19
39 27 13
164 264 -19
164 165 19
61 63 13
61 249 -28
58 250 -28
58 45 19
275 179 19
97 194 -28
194 10 -28
68 67 -19
88 89 -13
1 2 8
93 92 -8
49 50 -8
143 240 13
198 101 -8
101 100 19
179 69 -8
27 133 -8
133 135 19
135 232 13
92 193 8
193 192 -8
46 45 -28
255 242 -28
41 42 13
69 81 13
250 249 -8
249 236 28
81 82 19
228 242 19
38 51 -19
