170 171 28
170 156 -28
170 184 -13
171 169 13
171 267 -8
171 62 28
156 157 19
156 142 28
184 185 -13
115 113 -19
115 212 8
115 11 8
115 114 13
113 111 28
113 112 -28
113 210 -8
113 9 8
212 213 8
212 198 -13
212 226 -28
11 12 28
11 24 -13
11 199 -28
114 100 -13
114 128 -8
271 257 -28
271 175 28
271 80 -13
271 272 -13
257 243 -19
257 258 28
257 161 8
257 68 -19
175 173 -19
175 65 -28
175 174 -28
175 177 8
80 79 -13
80 82 13
272 270 -8
272 274 28
272 172 -19
272 78 19
235 43 -8
235 237 -13
235 233 28
235 234 8
235 134 8
43 151 -8
43 44 19
43 30 28
43 56 19
237 239 28
237 45 -28
237 236 -28
237 136 13
233 231 -13
233 132 -8
233 232 28
233 41 8
234 247 -8
234 220 28
234 137 8
234 46 -13
134 148 -13
134 120 13
134 31 -8
134 135 28
12 112 19
12 10 -19
12 196 -13
24 213 -28
24 25 -8
24 129 8
24 36 -8
199 197 28
199 98 -13
199 198 28
183 181 13
183 185 -19
183 182 28
183 73 -19
183 279 13
181 277 13
181 180 -19
181 179 8
181 71 28
185 281 13
185 75 -19
182 76 13
182 168 13
182 282 8
73 266 13
73 74 13
73 84 13
73 60 13
279 265 -8
279 280 -13
279 87 28
119 121 19
119 216 8
119 118 19
119 14 13
119 117 -13
121 16 19
121 120 -13
121 218 -28
121 123 8
216 230 19
216 29 8
216 202 -13
216 217 19
118 17 28
118 219 -28
118 132 -19
118 104 -8
14 203 -28
14 15 8
14 1 28
14 27 28
117 13 -13
117 214 -8
117 116 -13
72 178 13
72 261 -13
72 70 -13
72 71 28
72 74 -8
178 164 -19
178 179 -28
178 278 28
261 247 28
261 275 8
261 165 -28
261 262 -13
70 176 13
70 68 -28
70 259 19
70 69 19
71 83 19
71 264 19
71 58 28
74 180 -13
74 76 19
74 263 -28
138 239 13
138 139 -19
138 35 28
138 124 19
138 152 -8
239 47 -13
239 241 19
239 238 19
139 141 13
139 137 -13
139 32 -13
139 236 13
35 33 13
35 34 -28
35 222 -28
35 37 19
124 125 28
124 23 8
124 110 19
124 225 19
152 48 -19
152 153 8
152 252 -19
152 166 28
266 268 28
266 264 28
266 265 19
266 166 13
84 85 -13
84 280 28
60 47 -19
60 169 -13
60 252 -28
60 61 -8
111 109 -8
111 208 -13
111 7 -28
111 110 28
109 206 28
109 108 13
109 5 13
109 107 8
208 23 -8
208 209 -19
208 194 -19
208 222 28
7 20 -13
7 195 -28
7 8 19
110 211 -8
110 10 19
110 96 -8
200 186 13
200 15 -13
200 103 8
200 214 13
200 201 -19
186 187 -19
186 89 19
186 2 -28
15 17 -8
15 116 28
103 102 13
103 105 -13
103 0 19
214 215 -28
214 28 -28
214 228 13
201 203 28
201 13 28
6 8 19
6 5 -28
6 106 -8
6 4 19
6 190 13
8 10 8
8 108 -8
8 192 13
5 18 13
5 193 8
106 207 19
106 92 13
106 107 19
106 120 -8
4 3 13
4 104 8
4 2 13
4 188 19
190 93 8
190 191 -8
190 204 28
203 202 -28
203 205 13
203 102 19
202 17 8
202 105 -19
202 188 28
205 207 28
205 16 -8
205 104 -19
205 204 13
102 2 -8
102 116 13
102 88 -8
151 247 8
151 150 -28
151 153 13
151 149 -13
247 248 -19
247 59 28
150 46 28
150 250 13
150 164 8
150 136 19
153 155 -8
153 45 8
153 249 13
149 148 13
149 147 19
149 245 13
149 41 -19
48 47 19
48 46 -28
48 50 -28
48 236 -8
252 254 -19
252 250 -28
252 251 -28
166 180 28
166 167 13
166 61 -19
270 77 -13
270 269 -8
77 64 28
269 173 -13
269 79 -28
269 255 -19
243 55 -19
243 230 -28
243 244 -8
243 147 19
55 53 28
55 57 8
55 54 13
55 160 -8
230 231 -13
230 133 13
230 42 -19
244 246 -8
244 144 8
244 52 -8
147 39 -19
147 146 13
147 145 13
47 155 -28
47 34 19
241 49 -8
241 140 -8
241 240 13
238 224 -19
238 141 8
238 50 19
238 251 19
44 148 8
44 46 19
44 42 8
44 232 -19
30 18 -8
30 137 28
30 221 28
30 31 -13
56 165 -19
56 57 8
56 248 -8
56 69 -13
268 75 8
268 267 28
268 168 -28
75 86 8
75 76 28
75 62 8
267 281 28
267 253 8
168 169 -19
168 63 -13
168 154 -28
17 19 8
17 16 28
19 18 -13
19 21 -13
19 204 19
19 120 -13
16 3 28
18 123 -8
18 207 28
123 122 -13
123 125 8
123 220 -8
207 206 8
207 209 -8
197 195 19
197 9 8
197 96 13
197 196 28
195 94 -19
195 193 -13
195 194 8
9 10 19
9 22 28
96 97 19
196 210 -28
196 99 -19
206 21 -19
206 192 -13
206 220 19
209 211 -19
209 20 28
209 108 13
155 251 8
155 154 28
155 157 -8
251 63 19
251 265 19
154 254 28
154 50 19
154 140 8
157 253 28
157 49 -19
142 143 13
142 128 13
274 174 -8
274 273 28
274 276 -8
174 68 -8
174 160 -28
273 82 -8
273 177 8
273 259 8
276 176 28
276 81 28
276 275 -8
276 278 -28
64 256 -8
64 173 19
64 51 28
122 108 -28
122 223 -19
122 21 13
122 136 -8
108 94 -8
223 222 13
223 225 -28
223 32 -13
223 221 13
21 20 13
21 23 -13
136 33 -19
136 137 -28
248 246 -13
248 148 8
248 250 -28
59 164 19
59 61 19
59 58 -28
59 57 19
34 141 -13
34 225 28
34 22 19
83 278 -19
278 277 -8
278 280 -28
13 26 28
13 0 -19
26 215 8
26 38 28
26 131 28
0 187 28
29 31 8
29 132 -13
29 28 -13
217 215 13
217 219 -19
217 116 -28
217 27 8
211 210 -28
211 213 -19
211 22 -13
210 224 -28
210 25 -28
213 112 -13
22 23 -13
22 127 13
158 172 -13
158 53 -28
158 159 -28
158 144 -19
158 258 8
172 173 -19
172 66 8
53 52 -19
53 242 28
159 161 -19
159 51 -28
159 255 13
144 130 -19
144 40 8
144 145 19
258 260 28
258 256 -13
258 65 13
246 54 -13
246 245 28
246 146 -8
54 67 8
54 163 28
54 41 -28
245 259 19
245 232 13
245 57 19
146 160 28
146 42 -13
146 132 -28
126 25 19
126 227 -19
126 140 28
126 127 -19
126 112 -8
25 23 28
227 36 -8
227 226 -8
227 225 28
140 141 -19
140 37 -19
127 125 13
127 224 13
127 129 -8
112 98 -13
20 32 -13
20 125 28
32 33 -8
32 45 13
125 222 13
31 33 8
31 218 -8
132 133 -8
28 130 19
28 27 19
137 135 -8
221 219 28
221 220 8
221 120 -8
254 253 -19
254 62 28
253 240 13
62 63 8
62 49 -19
86 282 28
86 87 19
282 280 -13
282 281 -13
87 85 19
66 65 -8
66 68 19
66 255 -13
260 67 19
260 259 13
260 262 13
260 160 19
256 255 8
65 52 28
65 78 -13
94 95 -19
95 97 -19
95 93 -28
95 192 -8
277 263 28
277 85 -13
263 264 -28
263 167 -28
263 249 -8
222 236 28
162 163 -8
162 148 13
162 262 -13
162 176 13
162 57 -28
163 161 -8
163 165 19
163 259 19
262 264 28
262 69 -8
176 177 28
187 189 -13
189 188 -28
189 191 -13
189 88 19
189 1 -19
129 226 -8
129 128 28
36 37 -28
36 49 13
36 143 -8
90 91 13
90 104 28
90 191 28
91 89 -28
91 93 13
91 188 -13
104 105 28
191 3 -28
191 193 19
224 225 -13
224 37 8
33 220 13
141 143 -19
180 280 28
3 107 -28
107 204 8
107 105 -19
177 179 -13
177 67 28
130 116 -13
130 131 -8
130 231 8
131 133 13
131 228 8
231 229 13
231 39 13
98 99 -8
99 97 -28
99 101 -8
219 218 8
218 232 -19
218 204 19
105 1 -13
52 161 8
52 39 -8
78 79 19
161 160 8
226 240 -8
40 39 -19
40 42 8
40 228 28
145 242 -13
145 38 -8
169 167 8
169 265 13
167 165 -19
167 58 8
265 76 -8
229 228 -13
229 38 -19
39 27 -19
164 264 -8
164 165 28
61 63 -19
61 249 -13
58 250 -8
58 45 -28
275 179 13
97 194 13
194 10 -13
68 67 -19
88 89 28
1 2 8
93 92 -19
49 50 -28
143 240 28
198 101 28
101 100 -28
179 69 8
27 133 -13
133 135 28
135 232 -19
92 193 13
193 192 19
46 45 -19
255 242 -8
41 42 8
69 81 -28
250 249 -8
249 236 8
81 82 13
228 242 19
38 51 -28
