170 171 -28
170 156 -8
170 184 -13
171 169 13
171 267 19
171 62 -8
156 157 13
156 142 -28
184 185 28
115 113 28
115 212 -19
115 11 13
115 114 19
113 111 -28
113 112 19
113 210 19
113 9 -8
212 213 8
212 198 -28
212 226 19
11 12 -13
11 24 -8
11 199 -13
114 100 -19
114 128 19
271 257 8
271 175 28
271 80 19
271 272 -19
257 243 8
257 258 8
257 161 19
257 68 19
175 173 -8
175 65 8
175 174 -19
175 177 -13
80 79 -19
80 82 19
272 270 -8
272 274 -19
272 172 13
272 78 19
235 43 -8
235 237 19
235 233 -13
235 234 28
235 134 -19
43 151 -13
43 44 19
43 30 -28
43 56 13
237 239 19
237 45 19
237 236 -13
237 136 -13
233 231 28
233 132 28
233 232 19
233 41 -13
234 247 13
234 220 -8
234 137 8
234 46 13
134 148 -19
134 120 -13
134 31 28
134 135 -28
12 112 19
12 10 -13
12 196 -13
24 213 -19
24 25 28
24 129 8
24 36 -13
199 197 13
199 98 -8
199 198 -13
183 181 8
183 185 8
183 182 -8
183 73 28
183 279 -13
181 277 19
181 180 13
181 179 19
181 71 19
185 281 13
185 75 -28
182 76 8
182 168 -8
182 282 13
73 266 13
73 74 19
73 84 19
73 60 -19
279 265 -19
279 280 13
279 87 19
119 121 8
119 216 19
119 118 8
119 14 -28
119 117 -19
121 16 13
121 120 13
121 218 -28
121 123 8
216 230 -19
216 29 8
216 202 28
216 217 8
118 17 -19
118 219 19
118 132 -19
118 104 -19
14 203 28
14 15 -28
14 1 -19
14 27 13
117 13 19
117 214 19
117 116 19
72 178 28
72 261 -13
72 70 -28
72 71 19
72 74 19
178 164 -8
178 179 -13
178 278 -8
261 247 -13
261 275 13
261 165 -13
261 262 -8
70 176 -8
70 68 -28
70 259 28
70 69 28
71 83 19
71 264 -19
71 58 13
74 180 -28
74 76 -28
74 263 19
138 239 -19
138 139 -28
138 35 -19
138 124 -19
138 152 -19
239 47 8
239 241 28
239 238 -19
139 141 -28
139 137 -19
139 32 13
139 236 -19
35 33 -8
35 34 19
35 222 13
35 37 -13
124 125 8
124 23 -19
124 110 -8
124 225 -28
152 48 -8
152 153 19
152 252 -19
152 166 8
266 268 -8
266 264 -28
266 265 19
266 166 -13
84 85 -19
84 280 -13
60 47 8
60 169 -8
60 252 -13
60 61 13
111 109 -8
111 208 8
111 7 19
111 110 -13
109 206 -19
109 108 8
109 5 -13
109 107 19
208 23 -13
208 209 13
208 194 28
208 222 28
7 20 8
7 195 8
7 8 -8
110 211 -13
110 10 13
110 96 -28
200 186 -28
200 15 8
200 103 -8
200 214 28
200 201 -19
186 187 -13
186 89 -28
186 2 -19
15 17 28
15 116 28
103 102 13
103 105 -28
103 0 -8
214 215 19
214 28 -28
214 228 19
201 203 -19
201 13 -19
6 8 -13
6 5 8
6 106 19
6 4 13
6 190 -19
8 10 -28
8 108 8
8 192 -28
5 18 19
5 193 -19
106 207 8
106 92 -28
106 107 -8
106 120 -8
4 3 -28
4 104 -19
4 2 8
4 188 -13
190 93 -13
190 191 -13
190 204 8
203 202 -19
203 205 -28
203 102 -28
202 17 8
202 105 8
202 188 -19
205 207 28
205 16 13
205 104 -28
205 204 -8
102 2 28
102 116 13
102 88 19
151 247 -8
151 150 -8
151 153 13
151 149 19
247 248 -28
247 59 -19
150 46 19
150 250 -8
150 164 28
150 136 -8
153 155 13
153 45 8
153 249 8
149 148 -19
149 147 -28
149 245 -13
149 41 -13
48 47 8
48 46 28
48 50 28
48 236 28
252 254 8
252 250 28
252 251 -8
166 180 13
166 167 28
166 61 19
270 77 28
270 269 -19
77 64 28
269 173 -13
269 79 -8
269 255 13
243 55 8
243 230 8
243 244 28
243 147 -8
55 53 -8
55 57 -28
55 54 8
55 160 -19
230 231 -13
230 133 8
230 42 -8
244 246 28
244 144 28
244 52 13
147 39 -13
147 146 -13
147 145 -13
47 155 -28
47 34 -8
241 49 28
241 140 -13
241 240 8
238 224 28
238 141 -19
238 50 -28
238 251 8
44 148 8
44 46 13
44 42 -19
44 232 13
30 18 -13
30 137 -13
30 221 -13
30 31 -28
56 165 -19
56 57 -13
56 248 -19
56 69 -13
268 75 19
268 267 13
268 168 19
75 86 -28
75 76 28
75 62 28
267 281 -8
267 253 -28
168 169 19
168 63 8
168 154 -28
17 19 19
17 16 8
19 18 -28
19 21 8
19 204 -8
19 120 13
16 3 28
18 123 -8
18 207 8
123 122 13
123 125 28
123 220 -28
207 206 -8
207 209 -13
197 195 -13
197 9 -28
197 96 -8
197 196 -19
195 94 -19
195 193 -13
195 194 -13
9 10 -13
9 22 -19
96 97 28
196 210 19
196 99 13
206 21 13
206 192 -28
206 220 28
209 211 -28
209 20 8
209 108 -19
155 251 -28
155 154 19
155 157 -19
251 63 -13
251 265 -13
154 254 28
154 50 13
154 140 13
157 253 13
157 49 19
142 143 28
142 128 13
274 174 13
274 273 -19
274 276 8
174 68 8
174 160 -28
273 82 28
273 177 8
273 259 -8
276 176 8
276 81 13
276 275 13
276 278 19
64 256 -19
64 173 28
64 51 -28
122 108 -28
122 223 8
122 21 -13
122 136 -28
108 94 13
223 222 8
223 225 28
223 32 28
223 221 28
21 20 -19
21 23 8
136 33 19
136 137 -28
248 246 -19
248 148 -8
248 250 -13
59 164 8
59 61 -28
59 58 -8
59 57 -8
34 141 8
34 225 28
34 22 19
83 278 8
278 277 -28
278 280 8
13 26 -28
13 0 19
26 215 -19
26 38 13
26 131 -13
0 187 -8
29 31 19
29 132 13
29 28 -8
217 215 13
217 219 28
217 116 28
217 27 -13
211 210 -28
211 213 13
211 22 28
210 224 -19
210 25 -28
213 112 -8
22 23 -28
22 127 13
158 172 13
158 53 28
158 159 -28
158 144 28
158 258 -8
172 173 8
172 66 -19
53 52 -13
53 242 28
159 161 19
159 51 -8
159 255 -8
144 130 8
144 40 13
144 145 28
258 260 -8
258 256 19
258 65 28
246 54 19
246 245 8
246 146 -19
54 67 -8
54 163 -13
54 41 19
245 259 13
245 232 -19
245 57 28
146 160 -13
146 42 -13
146 132 -19
126 25 28
126 227 13
126 140 -8
126 127 -28
126 112 19
25 23 28
227 36 -28
227 226 8
227 225 -8
140 141 13
140 37 19
127 125 13
127 224 -8
127 129 8
112 98 13
20 32 13
20 125 28
32 33 28
32 45 -19
125 222 -8
31 33 19
31 218 8
132 133 8
28 130 13
28 27 -13
137 135 -8
221 219 -28
221 220 19
221 120 13
254 253 8
254 62 -8
253 240 28
62 63 13
62 49 -13
86 282 -8
86 87 8
282 280 13
282 281 19
87 85 -19
66 65 19
66 68 19
66 255 -13
260 67 -19
260 259 13
260 262 -8
260 160 -13
256 255 -13
65 52 -19
65 78 -28
94 95 28
95 97 8
95 93 -28
95 192 19
277 263 19
277 85 -28
263 264 13
263 167 19
263 249 -13
222 236 -13
162 163 -28
162 148 -8
162 262 19
162 176 13
162 57 -8
163 161 13
163 165 13
163 259 19
262 264 -19
262 69 13
176 177 -19
187 189 8
189 188 -13
189 191 19
189 88 -28
189 1 -19
129 226 8
129 128 -13
36 37 -19
36 49 -19
36 143 13
90 91 -13
90 104 -8
90 191 19
91 89 -19
91 93 8
91 188 19
104 105 -28
191 3 -13
191 193 -13
224 225 -28
224 37 28
33 220 -28
141 143 8
180 280 -8
3 107 19
107 204 -8
107 105 19
177 179 -13
177 67 13
130 116 -13
130 131 8
130 231 -28
131 133 13
131 228 8
231 229 -13
231 39 19
98 99 28
99 97 8
99 101 8
219 218 -13
218 232 28
218 204 -28
105 1 -8
52 161 19
52 39 19
78 79 -13
161 160 -28
226 240 28
40 39 8
40 42 -13
40 228 13
145 242 -8
145 38 -8
169 167 8
169 265 13
167 165 8
167 58 19
265 76 19
229 228 -28
229 38 -19
39 27 -19
164 264 -19
164 165 28
61 63 -8
61 249 28
58 250 28
58 45 -13
275 179 13
97 194 -28
194 10 -28
68 67 19
88 89 8
1 2 19
93 92 28
49 50 19
143 240 -8
198 101 -28
101 100 13
179 69 19
27 133 -13
133 135 19
135 232 -8
92 193 28
193 192 -19
46 45 -19
255 242 13
41 42 19
69 81 19
250 249 -19
249 236 -28
81 82 -8
228 242 19
38 51 8
