170 171 -28
170 156 -8
170 184 -13
171 169 28
171 267 -28
171 62 8
156 157 -13
156 142 28
184 185 -8
115 113 13
115 212 -19
115 11 19
115 114 13
113 111 -8
113 112 19
113 210 -19
113 9 -19
212 213 -8
212 198 -13
212 226 8
11 12 -19
11 24 -19
11 199 -13
114 100 -8
114 128 -8
271 257 8
271 175 -19
271 80 -19
271 272 -13
257 243 -8
257 258 8
257 161 -19
257 68 -13
175 173 -28
175 65 19
175 174 13
175 177 -19
80 79 -8
80 82 8
272 270 13
272 274 28
272 172 8
272 78 -13
235 43 8
235 237 13
235 233 -19
235 234 -8
235 134 8
43 151 -19
43 44 -8
43 30 8
43 56 13
237 239 -13
237 45 8
237 236 19
237 136 -19
233 231 -8
233 132 19
233 232 8
233 41 -28
234 247 19
234 220 -8
234 137 -13
234 46 -13
134 148 -19
134 120 28
134 31 -8
134 135 -19
12 112 28
12 10 -13
12 196 -8
24 213 8
24 25 -8
24 129 -8
24 36 -19
199 197 19
199 98 -28
199 198 -8
183 181 28
183 185 -28
183 182 -28
183 73 -13
183 279 -19
181 277 -28
181 180 -13
181 179 28
181 71 28
185 281 28
185 75 -19
182 76 -19
182 168 -28
182 282 -28
73 266 28
73 74 -13
73 84 28
73 60 8
279 265 28
279 280 8
279 87 8
119 121 28
119 216 28
119 118 19
119 14 28
119 117 13
121 16 -8
121 120 -13
121 218 -19
121 123 19
216 230 -8
216 29 8
216 202 19
216 217 -19
118 17 -28
118 219 28
118 132 8
118 104 19
14 203 -8
14 15 -8
14 1 -13
14 27 19
117 13 19
117 214 -8
117 116 13
72 178 -19
72 261 28
72 70 13
72 71 -28
72 74 8
178 164 -28
178 179 -8
178 278 8
261 247 -13
261 275 13
261 165 -28
261 262 -28
70 176 19
70 68 28
70 259 8
70 69 -8
71 83 -8
71 264 -28
71 58 13
74 180 -28
74 76 -8
74 263 -13
138 239 -19
138 139 -13
138 35 19
138 124 28
138 152 8
239 47 28
239 241 -28
239 238 -28
139 141 28
139 137 -19
139 32 -19
139 236 -8
35 33 28
35 34 28
35 222 -13
35 37 -13
124 125 8
124 23 -28
124 110 28
124 225 -8
152 48 -28
152 153 28
152 252 -13
152 166 -8
266 268 13
266 264 28
266 265 13
266 166 8
84 85 -19
84 280 8
60 47 -8
60 169 19
60 252 -19
60 61 -28
111 109 -19
111 208 8
111 7 -19
111 110 8
109 206 -19
109 108 13
109 5 19
109 107 13
208 23 -28
208 209 8
208 194 -28
208 222 28
7 20 -19
7 195 -19
7 8 8
110 211 -13
110 10 -28
110 96 -13
200 186 13
200 15 8
200 103 -28
200 214 -8
200 201 19
186 187 19
186 89 -28
186 2 13
15 17 -8
15 116 28
103 102 19
103 105 28
103 0 13
214 215 13
214 28 13
214 228 19
201 203 -13
201 13 -13
6 8 13
6 5 -28
6 106 28
6 4 8
6 190 -13
8 10 8
8 108 13
8 192 8
5 18 13
5 193 -28
106 207 28
106 92 -13
106 107 -28
106 120 28
4 3 19
4 104 -19
4 2 -8
4 188 -19
190 93 -28
190 191 -28
190 204 -28
203 202 -8
203 205 -19
203 102 -28
202 17 8
202 105 -28
202 188 28
205 207 -19
205 16 19
205 104 19
205 204 -19
102 2 8
102 116 -19
102 88 -8
151 247 -28
151 150 13
151 153 19
151 149 -8
247 248 -28
247 59 -28
150 46 -13
150 250 13
150 164 19
150 136 8
153 155 19
153 45 -19
153 249 8
149 148 28
149 147 28
149 245 -19
149 41 8
48 47 19
48 46 -19
48 50 -13
48 236 -13
252 254 13
252 250 -19
252 251 -13
166 180 -19
166 167 -13
166 61 -19
270 77 -13
270 269 -8
77 64 -19
269 173 13
269 79 19
269 255 8
243 55 -13
243 230 -19
243 244 28
243 147 -19
55 53 -19
55 57 -19
55 54 -13
55 160 -8
230 231 13
230 133 8
230 42 13
244 246 28
244 144 -13
244 52 -19
147 39 8
147 146 19
147 145 -19
47 155 8
47 34 -19
241 49 28
241 140 19
241 240 -19
238 224 -8
238 141 28
238 50 28
238 251 28
44 148 19
44 46 -28
44 42 8
44 232 -13
30 18 -13
30 137 -28
30 221 -19
30 31 28
56 165 -28
56 57 -13
56 248 -8
56 69 -19
268 75 -8
268 267 8
268 168 28
75 86 19
75 76 -19
75 62 -28
267 281 -13
267 253 13
168 169 13
168 63 13
168 154 8
17 19 -8
17 16 19
19 18 19
19 21 -19
19 204 28
19 120 -13
16 3 -28
18 123 -19
18 207 -19
123 122 -13
123 125 19
123 220 28
207 206 -28
207 209 28
197 195 13
197 9 13
197 96 28
197 196 19
195 94 19
195 193 -28
195 194 28
9 10 -19
9 22 -28
96 97 -8
196 210 28
196 99 8
206 21 28
206 192 -28
206 220 19
209 211 -19
209 20 13
209 108 19
155 251 28
155 154 19
155 157 8
251 63 8
251 265 -28
154 254 28
154 50 -8
154 140 28
157 253 19
157 49 -8
142 143 8
142 128 19
274 174 13
274 273 -8
274 276 -19
174 68 -13
174 160 19
273 82 -8
273 177 -8
273 259 -19
276 176 -19
276 81 8
276 275 19
276 278 28
64 256 13
64 173 -28
64 51 19
122 108 -13
122 223 28
122 21 8
122 136 8
108 94 8
223 222 -13
223 225 19
223 32 -13
223 221 8
21 20 13
21 23 19
136 33 -13
136 137 28
248 246 8
248 148 -8
248 250 -13
59 164 -13
59 61 -28
59 58 13
59 57 -13
34 141 8
34 225 -13
34 22 -19
83 278 -13
278 277 -13
278 280 19
13 26 -13
13 0 8
26 215 19
26 38 28
26 131 -19
0 187 8
29 31 -28
29 132 -13
29 28 -28
217 215 8
217 219 13
217 116 -28
217 27 19
211 210 -19
211 213 28
211 22 -13
210 224 8
210 25 -19
213 112 -19
22 23 -8
22 127 -19
158 172 -8
158 53 13
158 159 -28
158 144 8
158 258 -19
172 173 -28
172 66 19
53 52 13
53 242 28
159 161 -13
159 51 -8
159 255 13
144 130 -8
144 40 13
144 145 28
258 260 -19
258 256 -8
258 65 13
246 54 8
246 245 19
246 146 -8
54 67 -28
54 163 28
54 41 19
245 259 -19
245 232 -13
245 57 -13
146 160 13
146 42 28
146 132 -8
126 25 28
126 227 -19
126 140 -8
126 127 19
126 112 19
25 23 -8
227 36 13
227 226 -13
227 225 19
140 141 28
140 37 -13
127 125 19
127 224 13
127 129 -8
112 98 -8
20 32 19
20 125 19
32 33 8
32 45 8
125 222 28
31 33 -13
31 218 13
132 133 -19
28 130 13
28 27 28
137 135 8
221 219 13
221 220 28
221 120 -28
254 253 8
254 62 19
253 240 -19
62 63 -13
62 49 -8
86 282 8
86 87 -8
282 280 13
282 281 -13
87 85 13
66 65 -8
66 68 -28
66 255 13
260 67 -13
260 259 19
260 262 -28
260 160 19
256 255 -19
65 52 8
65 78 13
94 95 19
95 97 13
95 93 -8
95 192 8
277 263 -13
277 85 -8
263 264 19
263 167 28
263 249 -19
222 236 -28
162 163 -28
162 148 -8
162 262 -19
162 176 8
162 57 28
163 161 13
163 165 28
163 259 28
262 264 8
262 69 -8
176 177 8
187 189 8
189 188 13
189 191 28
189 88 8
189 1 13
129 226 -28
129 128 -8
36 37 -19
36 49 13
36 143 13
90 91 -13
90 104 28
90 191 -13
91 89 -28
91 93 28
91 188 13
104 105 19
191 3 13
191 193 8
224 225 -13
224 37 28
33 220 -19
141 143 19
180 280 13
3 107 -19
107 204 -8
107 105 19
177 179 -28
177 67 -28
130 116 -13
130 131 8
130 231 28
131 133 28
131 228 19
231 229 -13
231 39 13
98 99 -28
99 97 -28
99 101 19
219 218 13
218 232 -19
218 204 13
105 1 -13
52 161 13
52 39 19
78 79 -13
161 160 -8
226 240 13
40 39 -19
40 42 -28
40 228 28
145 242 28
145 38 13
169 167 -8
169 265 -8
167 165 8
167 58 -19
265 76 13
229 228 -8
229 38 19
39 27 -19
164 264 8
164 165 19
61 63 -19
61 249 19
58 250 19
58 45 19
275 179 28
97 194 -28
194 10 -8
68 67 -13
88 89 -13
1 2 13
93 92 8
49 50 -19
143 240 -19
198 101 13
101 100 19
179 69 -28
27 133 19
133 135 -13
135 232 28
92 193 -19
193 192 19
46 45 -8
255 242 -8
41 42 19
69 81 28
250 249 -19
249 236 -8
81 82 19
228 242 -13
38 51 -28
