#/home/hmb/miniconda3/envs/qml/bin/pgt-qac-top -L 11 --labels ./pqac_L11_labels.json --plot ./pqac_L11_plot.png --graphml ./pqac_L11.graphml ./pqac_L11.txt
# GMT Mon Oct 11 11:47:04 2021
# 
117 592 136 373 118 96
459 197 457 458 461 697
244 245 266 489
308 286 553 309 330 59
604 360 602 603 606
125 104 381 600 144
311 309 58 552 310 313
280 33 525 302 281 258
560 558 86 559 562 316
151 411 172 152 629 131
32 503 11 33 283 52
20 18 486 19 266
203 683 465 204 182 222
347 349 346 345 92 587
92 566 71 113 93
508 267 486 530 509 41
318 68 562 340 319 296
95 94 565 97 346 93
492 25 493 514 251 470
55 53 57 304 54 524
544 74 522 545 303 565
385 383 387 624 384
465 467 703 464 463
531 286 533 529 530 58
130 603 128 129 384
436 179 679 458 437 414
387 386 389 626 129
610 609 366 608 612 132
579 601 339 557 108 580
178 179 657 157 439 199
286 264 287 39
566 564 568 565 322
660 682 421 661 185 638
38 289 17 58 39 509
645 402 643 647 644 166
324 346 74 568 325 302
697 219 676 698
101 352 100 103 99 571
73 327 547 52 94 74
61 310 530 60 59
550 528 309 551 80 571
391 393 389 630 132 390
360 382 338 361 108
135 133 137 609 390 134
442 685 464 443 420 185
107 582 108 86 363
616 372 618 615 138 614
445 684 184 443 444
585 563 345 586 607 114
184 205 663 185 163
448 426 190 691 449
298 49 543 299 276 320
169 167 171 426 168 644
300 545 301 51 278 322
257 255 498 259 7 256
218 199 219 700
330 331 574 352 80
703 225 682 704
79 100 80 553 333
336 358 85 337 314 580
419 159 421 658 417 418
689 208 446 687 688 691
455 454 693 457 453 193
582 580 581 584 338
304 305 282 549 326
307 548 309 306 305 54
599 359 620 127 577 600
147 625 168 148 407
263 13 261 504 265 262
224 225 706 205
486 487 245
16 15 14 262 482 18
343 88 341 342 583 345
88 67 89 562 109
489 487 19 488
76 74 75 78 326 546
90 111 564 69 345 91
51 53 49 50 520
461 199 463 699 460
246 247 268
527 529 525 54 282 526
380 381 402 127 358 623
603 363 581 624
126 602 105 145 127 383
313 554 312 60
605 583 626 606 365
562 561 564
269 268 510 267 19
19 40
34 505 13 54 285 35
94 115 349 568
196 195 454 198 194 672
679 199 677 681 678
54 75
530 552 289
57 59 56 306 526
467 705 205 466
533 288 60 532
243 242 245 241 484
386 364 408 629
438 681 460 439 181 416
131 389 111 608
568 570 567
662 640 663 423 684
279 281 278 520 277 28
31 278 29 30 33 498
202 678 204 460 200 201
252 230 253 497 274 6
685 683 205 684
317 63 316 319 557 315
543 69 541 542 545
444 466 422
450 451 428 192 692
578 577 104 580
285 284 287 283 526
256 234 10 278 501
37 39 35 36 504 284
302 547 303 53
259 261 500 258 9
9 10 479 30
482 241 504 483
705 706 684
418 661 396 162 440
485 487 483 240 15 484
72 542 322 70 71 74
420 398 164 421 663
549 75 551 548 547
377 375 617 376 121 379
454 696 432
106 105 358 577 108
456 698 434 198 457
306 284 551 328
556 577 85 315 534
601 361 128 602 622
265 506 264 267 15
557 87 536 558
639 396 161 641 637 638
15 36
488 510 247
18 264 484 17
21 491 42 271 0
623 621 625 145 622
78 548 328 77 80
675 674 677 432 673 195
191 671 170 192 211 453
555 310 81 553 554
50 303 71 523 30
526 504 548
463 201 701 462
529 56 528 284
52 525 53 305
239 238 480 237 241
564 563 320
164 163 638 162
275 24 273 274 516 277
223 221 225 701 222
27 29 25 494 26 274
195 215 174 457
277 26 518 276
678 656 439 699
198 674 197 200
681 680 683 201
502 261 503 35 524 480
56 77 36 309
532 554 510 291
59 528 58
315 62 314
62 42 535 83
245 247
538 559 297 68 539 516
281 522 30 283
433 672 435 172 432 431
33 35 500
204 462 206 680
509 507 264 511
254 276 8 255 499 232
319 559 65 321
493 22 491 495 248
321 561 320 67 323
545 71 547
67 541 68 46
595 355 617 573 124 596
437 439 676 435 176
452 453 194 430 694
580 105
179 181 177 654
228 229 250 473
661 182 663 659
258 12 236 503
39 506 41
295 293 297 536 43 294
260 238 14 505 282 261
484 506
698 696 700 217
74
376 354 398 619 124
422 400 423
551 77 553
379 378 123
700 458 702 699
670 671 431 648 194
123 124 598 102 142
185 183
524 283 546 525
449 447 451 688 187
234 235 479
638 617 399
17 267 487
301 48 299 303 542
270 23 515 292 271 248
219 221
352 596 374 353
704 706 702 222 462
22 1 43 273 23
674 695 652 435
80 82
221 699 220
193 673 213 172 194
337 83 339 577
83 104
498 476 520 499
676 654 200 677
85 87 84
528 506 287
534 535 293 512 64
240 241 262
521 520 48 276 519 523
163 641 142 423
600 602
26 497 5 46
276 29
225
650 175 628 651 411 672
197 176 677 217
28 48 7 29 499
199 200
504 505
58
314 292 558 64
91 342 93 89 561
396 141 397 374
63 84 43 64 537
247
540 518 299 561 541 70
140 399 161 618 121 141
381 620 383
127 128
432 175 410
606 129 608 362
435 174 434
174 153 653 175
656 634 181 657 417
35 282
209 210 189
510 511
320 342 70
693 694 672 216
69 323 70 48
409 408 648 149 407 411
546 305 567 547
374 618 375 122
439 441
104 359
230 231 475
441 180 680 440 443
663
180 181 201 159 659
294 539 316 45 272
297 299 296
253 3 251 494 255
348 592 97 349 326 370
215 696 216
6 8 5 4 472
699
378 400 356
189 168 190 451 669
479 477 481 478
702 460 220 701
672 673
415 413 417 654 155 414
451 690 453
236 481 237
517 519 516 272 515
303 305
272 273 25 250
10 8 476 12
646 407 668 647 624 171
354 355 332 103 598
483 238 481 13
706 464
220 201
24 3 495 25
12 11 478 14
84 105 339 558
500 478 501 522
421 423 161
669 668 671 667 426
392 635 370 414 393 137
520 542
47 45 49 296 46 516
536 66 514 537
457 695
523 522 525 278
617 143 618
428 671 406 429 171
573 333 552 103 574
602 358
431 430 170 429
170 149 649 171
558
158 157 160 414 156 632
652 630 413 653 177
192 190 668 194
506 507
398 641 143 399
65 86 66 539
53 522
142 619 401 143
434 412 177 677
176 155 655 177
658 680 636 659 183
292 293 537 44
249 248 490 251 0
211 212 692
503 505 501
472 231 473 494
695 696
408 152 430 651
475 5 473 474 477
411 410 413
539 537 541
367 607 369 365 366 111
440 683 183 462
447 186 446 686
182 443 183 161
296 274 541
255 496 5
350 594 328 99 351 372
5
629 631 627 628
217
478 237
8 474 7
701 680
414 657
481 480 11
417 416 157
68 70 66
665 664 186 667
42 293 513
373 375 372 613 371
596 121 594 598
516 494
120 122 372 118 119 591
453
519 274 518 46
43 515 44
598 597
229 231 470 227
154 156 153 410 628 152
261 11
356 357 334
11
635 634 637 633 157
14 480 13
668 429 690
188 190 664 446 187
423
671 673
124 122
394 372 139 416 637 395
46 299
522
49 518 48
525
235 233 476 237
430 173 673
575 597 576 335 554
157 136
160 634 162 416 159
654 632 655
271 512 273
641 640
353 593 351 98 355
23 490 25
194
499 497 501
468 490 469 2 227
677
400 401
535 537
363 362 365 361
241
651 649 172 653
248 2 226
29 496
251 250 1
1 2 471
200 458
505 507
333 331 335 332
474 233 496
410 388 653
477 7 476 232
397 138 399 636 395
64 66
366 114 344 388
412 156 413 655 390
541
141 139 143 615
369 371 368 113 609
691 690 692
113 588 114 132
446 424
591 592 351 613 569
594 592 593 119
175 173 177
514 273 45 515
657 659 655
628 607 389
631 630 153 388 633
7
210 212 688
511 40 266
480
416 659
694 692 696 213
664 642 425 686
70
372
667 424 187 666
547
375 119 615
119 138 98
518 496
597 357
122 593 121
231 233
181 183
571 572 331 593
282 283
153 413 132
634 395 613
156 630 155
637 636 159
13
349 351 589
216 214
187 208 166
97 96 567 99
190 666
673
494 495
48
237
612 368 614 134 611
288 266 310 289 41
159 138
640 401
162 636 161
40 60 291 41
273
425 427 165 424
647 404 649 168
165 144 643 186
355 100 357
25
326 327 570
103 102
501 30
552 82 553
393 632 134 395
362 384 110 340
537
137 611 136 139
618 619
364 112 342 365 608
587 588 609 565 116
429 427 168
574 576 572 100
171 173
653 655
250 4 495
332 82 310 576
507 36 262
335 334 81
476
81 102 60 82
338 339 87 316
207 687 186
399 401
690 212
66 316
368 346 390 116
692
143
371 115 370 611
115 116 590 134
405 145 644 404 403 407
593 615
177
226 227 471
659
630 609
293
212 214
632 633 611
344 93 345 588 322
473 471 3
696
666 688 644 427
214 213
186
490 512 491
121 100
382 128 625 404 383
183
232 233
513 512 515
607 608 133
155 633 134
636 615
351 96
642 403 643 620 167
96 570 75
99 569 98
496 497
388 389 133
611 589
44 512 45
132 133
613 139 614
290 312 268 291
570 569 572
161
424 402 167
427 426 166
166 145 167
357 102
648 649 173 626
102 576
395 136
686 687
136 614
619
138 139
576
655
172 173
334 312
340 341 584 89
469 471 0
208
401
370 614 118
404 426 148
471 470
407 406
458
110 581 112 109 108
310
267 266
559 581 89
2 4
346 590
625 627 624
213
4 470 3
413
114 116 112
384 627 406
464 206
592 590
512
129 149 109
515
609
565 325
150 149 624 152 406 148
644 622
98 77 572
683 682
100
60
390 633
45
134
569 548 329
615
572 328
283
426
168
206 682 205
495 497
323 322 563 325
688
403 402 144
359 361 358
289 291 287
581 341
584 109 586 583
41
262 284
327 567 325 329
342 586
621 144 620
329 331 328 75
470
553
75
406 649
365 109
460
109
588 586 590
112 583 111
266
590 589
312
561 583
144
268
624
146 145 402 620 148
627 626 149
3
82
339 341
87 89 86
116 118
466
242 264 487
118 589
227
567 589
309
278
149
152 626
30
682 443
633
201
345
684
316
93 563
491
542 563
383 622
128
233
608
577
284
205
287 36
36
643
322
497
325 71
71
402
548
389
358
133
361 105
105
614
291
443
583
108
586 111
167
299
649
264
620
328
0
331 77
622 148
77
687
554
139
462
111
238
589
173
563
305
274
145
626
148
222
341 86
86
487
680
89
