#/home/hmb/miniconda3/envs/qml/bin/pgt-qac-top -L 14 --labels ./pqac_L14_labels.json --plot ./pqac_L14_plot.png --graphml ./pqac_L14.graphml ./pqac_L14.txt
# GMT Mon Oct 11 11:47:10 2021
# 
1112 1111 334 1110 1114 722
147 918 172 556 148 120
665 251 663 664 667 1051
391 392 419 785
473 445 867 474 501 71
936 543 934 935 938
161 134 569 932 186
476 474 70 866 475 478
439 39 833 467 440 411
880 878 110 879 882 487
193 605 220 194 967 167
705 1091 707 704 703 288
539 566 511 540
288 289 315 263 1064
38 805 11 39 442 64
20 18 782 22 19 419
291 289 290 1063 704
257 1032 671 258 230 282
524 526 523 522 116 913
116 886 89 143 117
810 420 782 838 811 47
1035 1061 1036 1008 264 647
489 86 882 517 490 461
623 621 622 211 1011
753 334 752 1139 751 755
119 118 885 121 523 117
334 361 307 335
337 336 335 339 752 1111
794 31 795 822 404 766
1128 349 1127 1130 738 1126
67 65 69 469 66 832
858 92 830 859 468 885
573 571 575 962 572
671 673 1057 670 669
397 425 791 398
839 445 841 837 838 70
1083 310 1084 1111 1055 697
166 935 164 165 572
636 227 1028 664 637 608
575 574 577 964 165
942 941 549 940 944 168
905 933 516 877 138 906
226 227 1001 199 639 253
482 872 480 76 484 481
445 417 446 45
886 884 888 885 493
1004 1031 615 1005 233 976
721 720 1107 723 303 719
44 448 17 70 45 811
989 596 987 991 988 214
306 305 308 720 304 1079
816 426 817 53 788 844
495 523 92 888 496 467
1051 279 1025 1079 1052
125 529 124 127 123 891
594 566 622 595
352 350 1127 351 354
91 498 861 64 118 92
1134 1133 1136 1132 744 355
73 475 838 72 75 71
864 836 474 865 98 891
579 581 577 968 168 578
543 570 515 544 138
736 737 708 321 1126
1099 1071 325 713 1127 1100
1089 1061 316 703 1117 1090
171 169 173 941 578 170
642 1034 670 643 614 233
137 908 138 110 546
948 555 950 947 174 946
645 1033 232 643 644 647
911 883 522 912 939 144
232 259 1007 233 205
654 626 682 244 1045 655
463 61 857 464 435 491
727 729 725 1113 726 309
217 215 219 626 216 988
692 664 1082 720 693 279
312 726 314 311 310 1085
465 859 466 63 437 493
410 408 800 412 7 409
278 305 253 695 279 1054
501 502 894 529 98
694 666 281 695 1084 722
1057 285 1031 1085 1058
358 356 357 1133 360
97 124 98 867 504
513 541 109 514 485 906
613 201 615 1002 611 612
1043 268 652 1041 1042 1045
743 741 742 324 745 1129
1140 361 1142 1138 1139 750
324 297 1102 351 325
566 567
1105 719 1133 1077 331 1106
648 239 649 620 1039 676
1108 718 1107 330 1106 1110
661 660 1047 663 659 247
238 265 1012 651 239 211
908 906 907 910 515
469 470 441 863 497
472 862 474 471 470 66
931 542 958 163 903 932
698 285 1088 726 699 670
189 963 216 190 601
318 317 1091 316 732
416 13 414 806 418 415
701 700 699 703 284 1087
535 928 536 563 131 507
284 285 1060 259 311
710 711 1100 738 682 296
782 783 392
16 15 14 415 778 18
1063 1037 1091 1064 677
287 700 289 1059 285 286
520 112 518 519 909 522
112 85 113 882 139
785 783 19 787 784
1066 676 1064 1065 290
619 207 621 618 617 1008
94 92 93 96 497 860
330 303 357 749 331
114 141 884 87 522 115
1111 1139 725
63 65 61 62 828
158 563 156 160 157 925
667 253 669 1053 666
393 394 421 787
835 837 833 66 441 834
1123 1095 348 1124 737
568 569 596 163 541 961
935 546 907 962
162 934 135 187 163 571
478 868 477 72 480
937 909 964 938 548
882 881 884
717 1103 299 716 715 719
422 421 812 420 424 19
19 46
789 787 791 788 23 395
290 265 317 707
40 807 13 66 444 41
981 207 979 588 983 980
22 421 21 784 24
622 650
118 145 526 888
301 719 328 302 275 1078
250 249 660 252 248 1021
791 25 790
1028 253 1026 1030 1027
336 363 755 309 1114
1145 370 1117 1146 759
590 183 591 563 618 983
66 93
838 866 448
69 71 68 471 834
347 320 1126 348
1130 351 1132 1129 740
673 1059 675 259 672
841 447 72 843 840
390 389 392 388 780
574 547 602 967
638 1030 666 639 229 610
1076 1078 686 299 1075 1074
167 577 141 940
888 890 887
210 209 980 208 212 618
1006 978 235 1007 617 1033
438 440 437 828 436 34
723 722 1109 305 725
305 1082 332
37 437 35 36 39 800
308 307 1081 722 310
256 1027 258 666 254 255
369 1148 342 370
405 377 406 799 433 6
1034 1032 1036 259 1033
488 81 487 490 877 486
354 1129 356 353
1136 1135 357 1138 746
75 77 74 840 477
857 87 855 856 859
738 739 323
847 453 78 846 845
396 395 398 394 786
644 235 1036 672 616
1082 1081 1084 1080
234 261 207 1009 647 235
656 657 628 246 684 1046
904 903 134 906
1011 1012 984
444 443 446 442 834
729 311 1115 731 728
409 381 10 437 803
43 45 41 42 806 443
314 316 313 1087 728
467 861 468 65
412 414 802 411 9
9 10 775 36
262 264 1033 261 260 672
815 814 421 817 48 813
512 105 510 901 511
778 388 806 779
1059 1087 1060 1033
612 1005 584 204 640
781 783 779 387 15 780
90 856 493 88 89 92
614 586 206 615 1007
863 93 865 862 861
560 558 949 559 151 562
1107 1135 1079 333
660 688 1050 632
1088 1087 311 1090 1086
136 135 541 903 138
662 1052 690 634 252 663
471 443 865 499
876 903 109 486 848
1009 616 1008 1010 1007
933 544 164 934 960
700 1090 728 672
418 808 417 420 15
877 111 850 878
977 584 203 979 975 976
15 42
286 261 1062 313 703
712 1102 740 713 298 684
784 812 394
18 417 780 17
1065 1093 679
618 1010 646
27 793 54 430 0
297 715 298 271 1074
787 21 786
961 959 963 187 960
621 209 620
96 862 499 95 98
563 955
1024 1023 1026 632 1022 249
245 1020 218 246 271 659
869 475 871 99 867 868
62 468 89 831 36
565 157 567 954 564
157 182 928 130
834 806 862
160 927 564 159
669 255 1055 668
837 68 836 443
64 833 65 470
1125 739 1097 1126 350
386 385 776 384 388
1071 298 1072 685 1044
884 883 491
980 952 1008 591
206 205 208 976 204
434 30 432 433 824 436
983 985 982 209
21 424 48
718 719 304 690 746
283 281 285 1055 696 282
33 35 31 796 32 433
249 275 222 663
790 818 400
436 32 826 435
1062 1064 1060 1061 672
763 761 344 1149 762
303 1080 304 277
1027 1000 639 1053
252 1023 251 254
1030 1029 1032 255
1147 761 372 1148 1119
804 414 805 41 832 776
68 95 42 474
840 868 812 450
71 836 70
349 322 350
486 80 485
80 54 849 107
392 394
852 879 462 86 853 824
1077 691 1078 1049 304
209 236 182
212 620 211 982
440 830 36 442
633 1021 635 220 632 631
540 132 929 538
39 41 802
258 668 260 1029
371 344 1150 372
811 809 417 813
407 435 8 408 801 379
1036 1038 261
490 879 83 492
683 681 268 685 682 1069
795 28 793 797 401
492 881 491 85 494
859 89 861
85 855 86 58
398 788 400
957 564 955 956 184
1084 1086 307
921 532 949 893 154 922
637 639 1025 635 224
658 659 686 248 630 1048
906 135
227 229 225 998
1096 1095 319 1098
375 376 403 769
1005 230 1007 1003
411 12 383 805
45 808 47
511 483
460 458 462 850 55 459
817 423 50 819
413 385 14 807 441 414
780 808
689 691 273 687 688 1075
1052 1050 1054 277
595 593 984 184
92
559 531 586 951 154
616 588 617 208
865 95 867
562 561 153
1054 664 1056 1053
1019 1020 631 992 248
153 154 924 126 178
737 739 319
1100 1102 1098 322
319 346 292
1090 1092 313
927 928 954 538 899
321 1095 323 320
1102 1104 1101
233 235 231
832 442 860 833
655 653 657 1042 241
381 382 775
1067 294 1040 1095 1068
1010 1012 236
976 949 587
17 420 783
466 60 464 468 856
429 29 823 457 430 401
714 686 715 1104 300 742
279 281
786 24 814
695 693 697 1081
529 922 557 530
620 1012 592
1058 1060 1056 282 668
28 1 55 432 29
759 758 761 340 757
299 326 300 273
1023 1049 996 635
98 100
281 1053 280
564 537 592
247 1022 273 220 248
514 107 516 903
107 134
800 772 828 801
567 956 159
1025 998 254 1026
159 132 184 930
109 111 108
836 808 446
327 325 326 329 742 1101
848 849 458 820 82
239 237
387 388 415
829 828 60 435 827 831
451 51 479 845 452 423
1073 687 300 1101 1074
205 979 178 617
982 954 593
932 934
32 799 5 58
985 592 211 984
207 208 180
435 35
536 925 128 538 534
285
994 223 966 995 605 1021
251 224 1026 277
711 293 713 1097 709
34 60 7 35 801
131 129 897 130 133
296 1069 298 295 294
253 254
806 807
70
485 457 878 82
115 519 117 113 881
584 177 585 557
81 108 55 82 851
394
1124 346 1126
854 826 464 881 855 88
176 587 203 950 151 177
569 958 571
952 183 953
1079 1080 693
211 184
163 164
632 223 604
938 165 940 545
635 222 634
222 195 997 223
1000 972 229 1001 611
41 441
682 1072 270
302 1075 304 300 716
685 269 687 684
269 270 243 295
812 49 813
1146 367 756 1148 1144
491 519 88
591 180 593 589
1047 1048 1021 1075 276
348 350
87 494 88 60
956 984 929
603 602 992 191 601 605
593 592 182
860 470 887 861
182 955 183
557 950 558 152
639 641
1095 709
1098 320 1097 708
134 542
377 378 771
641 228 1029 640 643
1007
228 229 255 201 1003
459 853 487 57 431
462 464 461
688 716 1078 276
370 368 372
406 3 404 796 408
691 275 693 690
525 918 121 526 497 553
275 1050 276
6 8 5 4 768
1053 1081
561 588 533 953 156
754 726 755 1144 339
243 216 244 657 1018
775 773 777 774
1056 666 280 1055
1021 1022
155 926 156 180 128
609 607 611 998 197 608
739 320 741
320 293
929 930 901
1101 715 1129
323 322 325 1097
235 237
657 1044 659
383 777 384
825 827 824 431 823
1012
468 470
431 432 31 403
10 8 772 12
990 601 1017 991 962 219
758 730 1148 343
531 532 503 127 924
779 385 777 13
1060 670
280 307 255 697
30 3 797 31
12 11 774 14
760 732 761 1150 345
108 135 516 878
802 774 803 830
615 617 203
1018 1017 1020 1016 626
679 678 677 265
326 353 1104 745
580 973 553 608 581 173
828 856
59 57 61 461 58 824
850 84 822 851
663 1049
831 830 833 437
949 179 950
628 1020 600 629 219
893 504 866 127 894
984
934 541
631 630 218 629
218 191 993 219
878
200 199 202 608 198 970
996 968 607 997 225
130 103 900 538
713 295 715
295 322 1072
537 509 538 930 133
298 300
246 244 1017 248
808 809
359 360 332 1138
1141 366 1113 755 1142
586 979 179 587
83 110 84 853
1126
65 830
178 951 589 179
954 185 955
900 899 898 902 507
634 606 225 1026
1072 1070 1074
734 762 735 706
224 197 999 225
1002 1029 974 1003 231
719
684 1074 272
304
457 458 851 56
402 401 792 404 0
271 272 1046 687
1148 1150
365 338 366 1144
805 807 803
686 274 687
768 378 769 796
1049 1050
750 335 751 722
602 194 630 995
592 185
350
771 5 769 770 773
605 604 607
184 185
853 851 855
550 939 552 548 549 141
1097 1069
640 1032 231 668
1078 1080
653 240 652 1040
230 643 231 203
461 433 855
690 1080
372
408 798 5
527 920 499 123 528 555
5
967 969 965 966
277 693
508 506 510 101 507 897
774 384
8 770 7
1055 1029
756 728 341 757
608 1001
777 776 11
611 610 199
86 88 84
1014 1013 240 1016
322 741
54 458 821
556 558 555 945 554
674 646 675 264 702 1064
922 151 920 924
824 796
150 152 555 148 149 917
659
827 433 826 58
55 823 56
924 926 923
376 378 766 374
724 310 752 696 725 1114
196 198 195 604 966 194
292 1068 709 267
414 11
533 129 534 926 505
11
973 972 975 971 199
708 294 680 709
14 776 13
293 294 1070 268
1017 629 1044
242 244 1013 652 241
678 706 650
617
1020 1022
154 156 152
1137 751 1109 1138 362
582 555 175 610 975 583
58 464
928 926 930
1118 1116 1117 728 340 1120
830
61 826 60
833
382 380 772 384
630 221 1022
1068 1070
895 129 923 896 506 868
730 702 731 316 1120
199 172
202 972 204 610 201
998 970 999
430 820 432
715
979 978
263 1038 236 264 677
530 919 528 122 532
29 792 31
300
248
361 362
801 799 803
764 792 765 2 374
1026
343 1117 345 341 342
1143 1144 1115 757 368
588 589 181
180 953 181
899 133 872 510
849 851
546 545 548 544
388
452 842 48 450 454
1074
901 874 902
208 978
50 23 76 454 51
995 993 220 997
401 2 373
35 798
404 403 1
1 2 767
254 664
367 340 368
807 809
504 502 506 503
770 380 798
1149 1150 1121
604 576 997
773 7 772 379
870 480 897 104 842 871
585 174 587 974 583
82 84
549 144 521 576
606 198 607 999 578
855
177 175 179 947
552 554 551 143 941
1045 1044 1046
143 914 144 168
652 624 680
953 955 951
651 649 650
1080
917 918 528 945 889
920 918 919 149
223 221 225
822 432 57 823
1001 1003 999
966 939 577
507 104 479
969 968 195 576 971
7
270 272 1042
813 46 419
510 509 103
776
103 104 76 873
610 1003
1048 1046 1050 273
749 747 751 1135 748
1013 986 625 1040
88
555
1016 624 241 1015
333 748 331 332 335
861
183 181 185
558 149 947
676 266 677 704
149 174 122
1114 1116 1113
826 798
923 534 156
152 919 151
926 925
378 380
229 231
891 892 502 919
441 442
195 607 168
707 1093 706
972 583 945
198 968 197
975 974 201
13
526 528 915
276 274
241 268 214
755 757
121 120 887 123
244 1015
1022
1117 731
156
339 338 1113 341
796 797
60
930
1120 342 1119 1122
399 427 400
1085 699 1113 1086
384
944 551 946 170 943
897 925 898
484 78 483 874
447 419 475 448 47
1069 1070 1042
732 1122 704 733
201 174
978 589
204 974 203
46 72 450 47
432
625 627 213 624
991 598 993 216
213 186 987 240
265 266 1039
532 124 534
31
497 498 890
761 342
127 129 126
342 315
363 364 1142
803 36
345 344 1119
866 100 867
581 970 170 583
545 572 140 517
1091 1092 1119
851
173 943 172 175
950 951
547 142 519 548 940
913 914 941 885 146
629 627 216
453 425 481 454 53
894 896 892 124
219 221
456 846 454 455 52
52 25 78 53 819
997 999
403 4 797
538
503 100 475 896
133 132
809 42 415
506 505 99
360 1135 362
772
99 126 72 100
681 267 680
515 516 111 487
267 1041 240
1142 1144 752
872 873 106 844
587 589
1044 272
84 487
551 523 578 146
744 716 329 745
1046
179 181
554 145 553 943
650
145 146 916 170
599 187 988 598 597 601
955
919 947
735 317 733 1121
225
373 374 767
1003
427 428 455
703 702
968 941
509 902 481 106
458
272 274
748 1138 720
366 364 368
970 971 943
105 106 132 78 875
687
521 117 522 914 493
769 767 3
1050
751 332
1015 1042 988 627
332 1110
274 273
240
1113
792 820 793
185
1116 338 726 1115
151 124
925
570 164 963 598 571
231
379 380
480 74 479
821 820 823
939 940 169
706
197 971 170
424 814 426 423
974 947
24 26 23 423
528 120
986 597 987 958 215
120 890 93
757 338
123 889 122
338
1119 733
341 340 1115
798 799
1122 344 1121
675 261 677 1061
843 74 449 842 845
1131 1103 745 1132 356
576 577 169
943 915
56 820 57
483 455
168 169
945 175 946
449 477 421 450 49
890 889 892
203
624 596 215
725 307
48 49 74
627 626 214
214 187 215
534 126
992 993 221 964
126 896
309 310 282 1086
709
129 128
344 317
294
1138
77 79 76 479 842
355 356 328
583 172
1040 1041
172 946
740 325 741
1093 1121 1094
646 1038 647 237
951
174 175
236 649 237
896 898
455
731 313 733
999
220 221
316 315
132 902
264 266
505 477 102 898
680 1070
362 364
517 518 910 113
765 767 0
268
1144
874 846 875
589
553 946 148
746 331 747
598 626 190
767 766
181
601 600
664
902
140 907 142 139 138
702 1092 289
51 53 814 49
475
420 419
879 907 113
704 1094
2 4
368
523 916
963 965 962
273
1150
4 766 3
871 477 101 873
752
1115 1087
346
607
144 146 142
1127 741
572 965 600
670 260
918 916
820
479 873
165 191 139
823
423 395
941
481 79 875
426 428 23 425
885 496
23
720 1110
26 25 788 425
192 191 962 194 600 190
988 960
122 95 892
104 106 102
1032 1031
340 313
124
1121
842 814
351
677
845 76 844
72
1133 747
578 971
57
170
889 862 500
947
892 499
442
626
726
216
128 898 101
311
260 1031 259
1038 1039 1037
76
79 844 78
357
797 799
494 493 883 496
1042
742 1132
1139 364
400
1086 696
597 596 186
542 544 541
898
448 450 446
1070
733 315
907 518
315 1092
910 139 912 909
47 49
317 1094
266 1037
819 818 425
415 443
498 887 496 500
364
519 912
959 186 958
500 502 499 93
766
867
93
600 993
1092 1094
548 139
666
139
914 912 916
1104 1106 1103
454 844
142 909 141
419
916 915
53
477
881 909
716 1106
186
421
788
697 699 696
962
188 187 596 958 190
965 964 191
3
100 102
516 518
873 875
745 747
111 113 110
102 868 101
146 148
329 328 1103 331
1129
672
1110 1109
389 417 783
1075 1103
148 915
425
374
428 818 25
887 915
25
474
437
722
191
194 964
36
307
1031 643
971
106
289 1061
255
522
1033
487
117 883
844
353 1132
793
335 1109
1135
74 101
856 883
846 818
571 960
395
1081 1109
164
380
940
903
443
728
259
446 42
42
313
1037 649
987
1039
261
814
78
493
799
496 89
89
596
1132
862
577
541
1087
169
544 135
135
946
450
643
909
138
912 141
1008 237
49
215
818
464
993
310
417
693
958
499
0
502 95
356
960 190
95
1041
741
868
1094
647 649
1103
325
175
668 696
141
237
1106 328
385
649
915
221
883
470
696
433
187
699 282
964
190
282
1061
762
518 110
110
783
875
101
1064
1029
747 328
113
328
1109
331
