#/home/hmb/miniconda3/envs/qml/bin/pgt-qac-top -L 12 --labels ./pqac_L12_labels.json --plot ./pqac_L12_plot.png --graphml ./pqac_L12.graphml ./pqac_L12.txt
# GMT Mon Oct 11 11:47:06 2021
# 
127 692 148 430 128 104
523 215 521 522 525 807
289 290 313 579
359 335 649 360 383 63
706 417 704 705 708
137 114 439 702 158
362 360 62 648 361 364
329 35 619 353 330 305
658 656 94 657 660 369
165 471 188 166 733 143
34 595 11 35 332 56
20 18 576 22 19 313
221 791 529 222 198 242
402 404 401 400 100 687
100 664 77 123 101
600 314 576 624 601 43
794 817 795 770 509
371 74 660 395 372 347
103 102 663 105 401 101
584 27 585 608 298 560
59 57 61 355 58 618
640 80 616 641 354 663
443 441 445 728 442
529 531 813 528 527
625 335 627 623 624 62
835 266 836 811 551
142 705 140 141 442
498 195 787 522 499 474
445 444 447 730 141
712 711 423 710 714 144
679 703 394 655 118 680
194 195 763 171 501 217
335 311 336 41
664 662 666 663 375
766 790 481 767 201 742
40 338 17 62 41 601
751 462 749 753 750 182
262 261 264 260 831
377 401 80 666 378 353
807 239 784 831 808
109 407 108 111 107 669
79 380 643 56 102 80
65 361 624 64 67 63
646 622 360 647 86 669
449 451 447 734 144 448
417 440 393 418 118
841 817 557 842
147 145 149 711 448 146
504 793 528 505 480 201
117 682 118 94 420
718 429 720 717 150 716
507 792 200 505 506 509
685 661 400 686 709 124
200 223 769 201 177
512 488 536 208 801 513
349 53 639 350 325 373
185 183 187 488 184 750
546 522 834 547 239
268 270 267 266 837
351 641 352 55 327 375
304 302 590 306 7 303
238 261 217 549 239 810
383 384 672 407 86
548 524 241 549 836
813 245 790 837 814
85 108 86 649 386
391 415 93 392 367 680
479 173 481 764 477 478
799 228 510 797 798 801
519 518 803 521 517 211
682 680 681 684 393
355 356 331 645 379
358 644 360 357 356 58
701 416 724 139 677 702
552 245 840 553 528
161 729 184 162 467
310 13 308 596 312 309
555 554 553 557 244 839
413 414 437 389
244 245 816 223 267
576 577 290
16 15 14 309 572 18
247 554 815 245 246
398 96 396 397 683 400
96 73 97 660 119
579 577 19 581 578
485 179 484 483 770
82 80 81 84 379 642
98 121 662 75 400 99
55 57 53 54 614
525 217 527 809 524
291 292 315 581
621 623 619 58 331 620
438 439 462 139 415 727
705 420 681 728
138 704 115 159 139 441
364 650 363 64 366
707 683 730 708 422
660 659 662
316 315 602 314 318 19
19 42
36 597 13 58 334 37
747 179 745 458 746
22 315 21 578
102 125 404 666
257 258 235 830
214 213 518 216 212 780
787 217 785 789 786
460 461 437 484
58 81
624 648 338
61 63 60 357 620
531 815 533 223 530
627 337 64 629 626
288 287 290 286 574
444 421 468 733
500 789 524 501 197 476
828 830 540 255 827 826
143 447 121 710
666 668 665
768 744 203 769 483 792
328 330 327 614 326 30
261 834
33 327 31 32 35 590
264 263 833 266
220 786 222 524 218 219
299 275 300 589 323 6
793 791 795 223 792
370 69 369 372 655 368
67 66 626 363
639 75 637 638 641
294 293 292 580
506 203 795 530 482
834 833 836 832
202 225 179 771 509 203
514 515 490 210 538 802
678 677 114 680
334 333 336 332 620
303 279 10 327 593
39 41 37 38 596 333
270 269 839
353 643 354 57
306 308 592 305 9
9 10 569 32
226 792 225 224 530
605 604 315 44 603
572 286 596 573
815 839 816 792
478 767 454 176 502
575 577 573 285 15 574
78 638 375 76 77 80
480 456 178 481 769
645 81 647 644 643
434 432 719 433 131 436
518 542 806 494
840 839 267 842 838
116 115 415 677 118
520 808 544 496 216 521
357 333 647 381
654 677 93 368 630
771 482 770 769
703 418 140 704 726
554 842 530
312 598 311 314 15
655 95 632 656
743 454 175 745 741 742
15 38
246 225 818 269 557
578 602 292
18 311 574 17
484 508
23 583 46 320 0
253 254 231 826
581 21 580
727 725 729 159 726
84 644 381 83 86
437
783 782 785 494 781 213
209 779 186 210 231 517
651 361 653 87 649 650
54 354 77 617 32
620 596 644
527 219 811 526
623 60 622 333
56 619 57 356
284 283 570 282 286
823 254 824 539 800
662 661 373
746 722 770 461
178 177 180 742 176
324 26 322 323 610 326
21 318 44
243 241 245 811 550 242
29 31 27 586 28 323
213 235 190 521
326 28 612 325
818 816 817 530
259 832 260 237
786 762 501 809
216 782 215 218
789 788 791 219
594 308 595 37 618 570
60 83 38 360
626 650 602 340
63 622 62
368 68 367
68 46 631 91
290 292
634 657 348 74 635 610
829 545 830 805 260
330 616 32 332
495 780 497 188 494 493
35 37 592
222 526 224 788
601 599 311 603
301 325 8 302 591 277
795 225
372 657 71 374
537 535 228 539 536 821
585 24 583 587 295
374 659 373 73 376
641 77 643
73 637 74 50
836 838 263
695 410 719 671 134 696
499 501 784 497 192
516 517 540 212 492 804
680 115
195 197 193 760
273 274 297 563
767 198 769 765
305 12 281 595
41 598 43
346 344 348 632 47 345
307 283 14 597 331 308
574 598
543 545 233 541 542 827
808 806 810 237
80
433 409 456 721 134
482 458 483 180
647 83 649
436 435 133
810 522 812 809
778 779 493 754 212
133 134 698 110 154
842 269
201 203 199
618 332 642 619
513 511 515 798 205
279 280 569
819 250 796 820
742 719 457
17 314 577
352 52 350 354 638
319 25 609 343 320 295
239 241
580 604
549 547 551 833
407 696 431 408
814 816 812 242 526
24 1 47 322 25
255 256 233
782 805 758 497
86 88
241 809 240
211 781 233 188 212
392 91 394 677
91 114
590 566 614 591
784 760 218 785
93 95 92
622 598 336
630 631 344 606 70
285 286 309
615 614 52 325 613 617
341 365 342 317
825 541 256 826
177 745 154 483
702 704
28 589 5 50
179 180 156
325 31
414 699 112 412
245
756 191 732 757 471 780
215 192 785 237
30 52 7 31 591
252 821 254 251 250
217 218
596 597
62
367 343 656 70
99 397 101 97 659
454 153 455 431
69 92 47 70 633
292
636 612 350 659 637 76
152 457 175 720 131 153
439 724 441
722 723
831 832 547
139 140
494 191 470
708 141 710 419
497 190 496
190 167 759 191
762 738 197 763 477
37 331
536 824 230
258 827 260 256
539 229 541 538
229 230 207 251
602 45 603
373 397 76
461 156 459
803 804 780 827 236
75 376 76 52
469 468 754 163 467 471
642 356 665 643
431 720 432 132
501 503
114 416
275 276 565
503 196 788 502 505
769
196 197 219 173 765
345 635 369 49 321
348 350 347
542 830 236
300 3 298 586 302
545 235 547 544
403 692 105 404 379 427
235 806 236
6 8 5 4 562
809 833
435 458 411 723 136
207 184 208 515 777
569 567 571 568
812 524 240 811
780 781
135 700 136 156 112
475 473 477 760 169 474
203
515 800 517
281 571 282
611 613 610 321 609
354 356
321 322 27 297
10 8 566 12
752 467 776 753 728 187
409 410 385 111 698
573 283 571 13
816 528
240 263 219 551
26 3 587 27
12 11 568 14
92 115 394 656
592 568 593 616
481 483 175
777 776 779 775 488
450 739 427 474 451 149
614 638
51 49 53 347 50 610
632 72 608 633
521 805
617 616 619 327
719 155 720
490 779 466 491 187
671 386 648 111 672
704 415
493 492 186 491
186 163 755 187
656
172 171 174 474 170 736
758 734 473 759 193
251 824
254 256
210 208 776 212
598 599
456 745 155 457
71 94 72 635
57 616
154 721 459 155
496 472 193 785
824 822 826
192 169 761 193
764 788 740 765 199
538 826 232
260
343 344 633 48
296 295 582 298 0
231 232 802 541
595 597 593
540 234 541
562 276 563 586
805 806
468 166 492 757
565 5 563 564 567
471 470 473
635 633 637
424 709 426 422 423 121
502 791 199 526
830 832
511 204 510 796
198 505 199 175
347 323 637
544 832
302 588 5
405 694 381 107 406 429
5
733 735 731 732
237 547
390 388 89 389 675
568 282
8 564 7
811 788
474 763
571 570 11
477 476 171
74 76 72
773 772 204 775
46 344 607
430 432 429 715 428
532 508 533 556
696 131 694 698
610 586
130 132 429 128 129 691
517
613 323 612 50
47 609 48
698 700 697
274 276 560 272
168 170 167 470 732 166
248 820 227
308 11
411 113 412 700 387
11
739 738 741 737 171
14 570 13
249 250 822 228
776 491 800
206 208 772 510 205
483
779 781
134 136 132
452 429 151 476 741 453
50 350
616
53 612 52
619
280 278 566 282
492 189 781
820 822
673 113 697 674 388 650
171 148
174 738 176 476 173
760 736 761
320 606 322
745 744
408 693 406 106 410
25 582 27
256
212
591 589 593
558 582 559 2 272
785
458 459 157
156 723 157
631 633
420 419 422 418
286
342 628 44 340
826
180 744
757 755 188 759
295 2 271
31 588
298 297 1
1 2 561
218 522
597 599
386 384 388 385
564 278 588
470 446 759
567 7 566 277
652 366 675 628 653
455 150 457 740 453
70 72
423 124 399 446
472 170 473 761 448
637
153 151 155 717
426 428 425 123 711
801 800 802
123 688 124 144
510 486 534
723 721
832
691 692 406 715 667
694 692 693 129
191 189 193
608 322 49 609
763 765 761
732 709 447
389 365
735 734 167 446 737
7
230 232 798
603 42 313
570
476 765
804 802 806 233
772 748 487 796
76
429
775 486 205 774
643
432 129 717
129 150 106
612 588
697 412 136
132 693 131
700 699
276 278
197 199
669 670 384 693
331 332
167 473 144
738 453 715
170 734 169
741 740 173
13
404 406 689
236 234
205 228 182
105 104 665 107
208 774
781
136
586 587
52
837 553 838
282
714 425 716 146 713
675 699 676
337 313 361 338 43
821 822 798
173 150
744 459
176 740 175
42 64 340 43
322
487 489 181 486
753 464 755 184
181 158 749 204
410 108 412
27
379 380 668
111 113 110
593 32
648 88 649
451 736 146 453
419 442 120 395
633
149 713 148 151
720 721
421 122 397 422 710
687 688 711 663 126
491 489 184
672 674 670 108
187 189
759 761
297 4 587
385 88 361 674
599 38 309
388 387 87
566
87 110 64 88
535 227 534
393 394 95 369
227 797 204
457 459
800 232
72 369
425 401 448 126
802
155 157
428 125 427 713
125 126 690 146
465 159 750 464 463 467
693 717
193
271 272 561
765
557 556
734 711
344
232 234
736 737 713
541
399 101 400 688 375
563 561 3
806
774 798 750 489
234 233
204
582 606 583
131 108
699
440 140 729 464 441
199
277 278
366 66 365
607 606 609
709 710 145
169 737 146
318 604 317
740 717
406 104
748 463 749 724 183
104 668 81
107 667 106
588 589
533 225 817
629 66 339 628
446 447 145
713 689
48 606 49
144 145
715 151 716
339 363 315 340 45
668 667 670
175
486 462 183
44 45 66
489 488 182
182 159 183
412 110
754 755 189 730
110 674
265 266 242 838
113 112
250
453 148
796 797
148 716
508 509
721
150 151
674 676
761
188 189
387 363 90 676
534 822
395 396 684 97
559 561 0
228
459
427 716 128
464 488 162
561 560
157
467 466
522
120 681 122 119 118
556
361
314 313
657 681 97
2 4
401 690
729 731 728
233
4 560 3
653 363 89
473
124 126 122
442 731 466
528 224
692 690
606
365
141 163 119
609
317 293
711
663 378
164 163 728 166 466 162
750 726
106 83 670
791 790
108
628 604
64
448 737
49
146
667 644 382
717
670 381
332
488
184
112 676 89
267
224 790 223
587 589
376 375 661 378
798
838 550
463 462 158
416 418 415
676
338 340 336
822
681 396
684 119 686 683
43 45
309 333
380 665 378 382
397 686
725 158 724
382 384 381 81
560
649
81
466 755
422 119
524
119
688 686 690
122 683 121
313
690 689
363
659 683
158
315
551 553 550
728
160 159 462 724 162
731 730 163
3
88 90
394 396
95 97 94
90 650 89
126 128
530
287 311 577
827
128 689
272
665 689
360
327
163
166 730
32
263
790 505
737
219
400
792
369
101 661
583
66 89
638 661
441 726
293
833
140
278
710
677
333
223
336 38
38
269
749
225
604
375
589
378 77
77
462
644
447
415
839
145
418 115
115
716
340
505
683
118
686 121
770
45
183
350
755
266
311
547
724
381
0
384 83
726 162
83
797
650
509
151
526 550
121
283
689
189
661
356
550
323
159
553 242
730
162
242
817
396 94
94
577
89
788
97
