127 692 -8
127 148 8
127 430 28
127 128 28
127 104 19
692 403 -13
692 691 8
692 694 19
692 690 -28
148 171 -19
148 149 13
148 453 19
148 716 13
430 432 13
430 429 -19
430 715 13
430 428 -8
128 130 -28
128 427 8
128 126 -28
128 689 -13
104 105 19
104 406 28
104 668 28
104 81 -13
523 215 13
523 521 -19
523 522 8
523 525 19
523 807 -13
215 216 19
215 192 28
215 785 8
215 237 -13
521 519 13
521 520 8
521 213 28
521 805 -28
522 498 13
522 546 -28
522 810 -13
522 218 -8
525 217 13
525 527 19
525 809 13
525 524 -8
807 239 13
807 784 19
807 831 28
807 808 13
289 290 -8
289 313 -19
289 579 -28
290 576 8
290 288 -13
290 292 28
313 20 -19
313 603 -28
313 337 -19
313 314 -8
579 577 -8
579 19 -13
579 581 -28
579 578 13
359 335 28
359 649 19
359 360 -19
359 383 -19
359 63 28
335 625 -8
335 311 -28
335 336 -8
335 41 13
649 85 19
649 651 -28
649 647 -8
649 648 19
360 362 -28
360 646 13
360 358 28
360 60 8
383 384 -8
383 672 13
383 407 13
383 86 19
63 65 13
63 61 -8
63 622 -28
63 62 28
706 417 13
706 704 8
706 705 -28
706 708 -28
417 440 19
417 393 -28
417 418 19
417 118 19
704 138 -19
704 703 13
704 702 19
704 415 -19
705 142 -13
705 420 8
705 681 -19
705 728 -8
708 707 13
708 141 19
708 710 -19
708 419 -8
137 114 8
137 439 8
137 702 28
137 158 19
114 678 13
114 91 -8
114 416 8
439 438 8
439 724 -8
439 441 -19
702 701 -19
158 181 13
158 463 -8
158 725 -13
362 62 28
362 648 28
362 361 19
362 364 -13
62 625 -13
62 40 19
648 624 8
648 671 -28
648 88 -8
361 65 -13
361 651 -28
361 337 8
361 385 28
364 650 19
364 363 19
364 64 -28
364 366 8
329 35 -8
329 619 28
329 353 -8
329 330 -28
329 305 19
35 34 13
35 33 19
35 37 -19
35 592 28
619 621 -19
619 56 28
619 618 19
619 617 -13
353 377 28
353 643 8
353 354 -8
353 57 -13
330 328 28
330 616 -13
330 32 28
330 332 -28
305 306 19
305 12 8
305 281 -28
305 595 28
658 656 -28
658 94 19
658 657 -19
658 660 13
658 369 13
656 655 -19
656 367 -13
656 92 28
94 117 -8
94 71 -19
94 95 -8
94 396 -13
657 634 -13
657 372 13
657 681 -19
657 97 -13
660 371 13
660 96 19
660 659 -28
660 662 13
369 370 13
369 345 -19
369 393 -13
369 72 -19
165 471 28
165 188 -8
165 166 8
165 733 -8
165 143 13
471 756 13
471 469 -28
471 470 19
471 473 -13
188 495 -28
188 211 8
188 757 -28
188 189 -13
166 468 28
166 168 -8
166 164 8
166 730 19
733 444 8
733 735 8
733 731 -19
733 732 -8
143 447 13
143 121 19
143 710 19
34 595 -19
34 11 -13
34 332 -13
34 56 -8
595 594 13
595 597 13
595 593 19
11 12 8
11 571 -28
11 308 -19
332 334 28
332 618 -19
332 331 19
56 79 8
56 57 -13
56 356 -19
20 18 8
20 576 -13
20 22 8
20 19 28
18 16 -28
18 311 13
18 574 13
18 17 -19
576 600 19
576 577 19
22 315 8
22 21 28
22 578 -8
19 316 -19
19 42 28
221 791 -19
221 529 -13
221 222 19
221 198 -8
221 242 19
791 793 19
791 789 -19
791 502 19
791 790 -28
529 531 13
529 813 -19
529 528 -28
529 527 -19
222 220 28
222 526 8
222 224 -8
222 788 8
198 767 19
198 505 -28
198 199 -28
198 175 -8
242 243 28
242 814 -13
242 265 -8
242 553 8
402 404 -19
402 401 28
402 400 28
402 100 19
402 687 -13
404 102 8
404 403 -8
404 406 28
404 689 -13
401 103 -13
401 377 28
401 425 28
401 690 -19
400 685 -19
400 398 28
400 98 19
400 399 8
100 664 8
100 77 -13
100 123 13
100 101 -19
687 688 -28
687 711 19
687 663 -8
687 126 -13
664 662 8
664 666 -8
664 663 -28
664 375 13
77 78 -13
77 54 -13
77 641 -19
77 378 8
123 426 -13
123 688 13
123 124 -19
123 144 -13
101 103 13
101 99 -8
101 399 19
101 661 -8
600 314 28
600 624 8
600 601 28
600 43 -13
314 316 8
314 312 -19
314 17 -8
624 625 -8
624 65 -8
624 338 -19
601 40 19
601 599 13
601 311 19
601 603 8
43 41 8
43 337 -13
43 42 28
43 45 19
794 817 -8
794 795 8
794 770 -19
794 509 28
817 841 -19
817 818 -13
817 533 -13
795 793 13
795 506 8
795 225 13
770 485 13
770 771 8
770 746 19
509 507 19
509 202 13
509 508 28
371 74 -13
371 395 8
371 372 28
371 347 -13
74 634 -8
74 73 19
74 76 28
74 72 -13
395 419 -19
395 396 13
395 684 -19
395 97 -13
372 370 28
372 71 -28
372 374 13
347 348 13
347 51 8
347 323 -13
347 637 -19
103 102 8
103 663 -28
103 105 -8
102 79 19
102 125 -13
102 666 -28
663 640 19
663 378 28
105 403 13
105 665 -8
105 107 -19
584 27 -19
584 585 -19
584 608 8
584 298 8
584 560 -13
27 29 8
27 321 -28
27 26 19
27 25 -8
585 24 19
585 583 -19
585 587 8
585 295 -28
608 632 -13
608 322 8
608 49 8
608 609 28
298 300 -13
298 296 8
298 297 -13
298 1 19
560 274 13
560 561 8
560 4 -19
59 57 -19
59 61 8
59 355 -13
59 58 -28
59 618 19
57 55 28
57 616 -8
61 60 -13
61 357 8
61 620 19
355 356 19
355 331 28
355 645 -8
355 379 19
58 358 13
58 621 8
58 36 28
58 81 -8
618 594 -8
618 642 -28
640 80 -19
640 616 8
640 641 -28
640 354 -19
80 377 13
80 79 -19
80 82 13
80 78 13
616 592 -13
616 617 28
641 351 13
641 639 -28
641 643 13
354 54 -19
354 352 8
354 356 -19
443 441 13
443 445 -19
443 728 19
443 442 -19
441 138 28
441 440 -19
441 726 13
445 444 -28
445 447 13
445 730 -28
445 141 8
728 752 -28
728 729 -8
728 164 -28
442 142 -13
442 419 -28
442 731 -28
442 466 13
531 815 -13
531 533 -13
531 223 28
531 530 -8
813 245 8
813 790 28
813 837 8
813 814 -8
528 504 -19
528 552 -19
528 816 28
528 224 28
527 219 19
527 811 -28
527 526 19
625 627 28
625 623 -28
627 337 -8
627 64 -8
627 629 19
627 626 -8
623 621 -13
623 60 28
623 622 19
623 333 19
835 266 28
835 836 8
835 811 -19
835 551 -8
266 268 -13
266 264 28
266 265 -8
836 548 8
836 834 -19
836 838 -13
836 263 19
811 243 19
811 812 -28
811 788 28
551 549 13
551 240 19
551 553 8
551 550 -28
142 140 -8
142 141 -8
140 703 -28
140 139 19
140 440 -28
141 163 -13
141 119 -19
498 195 8
498 787 -19
498 499 13
498 474 -13
195 194 -8
195 197 13
195 193 8
195 760 19
787 217 -19
787 785 -8
787 789 -28
787 786 13
499 501 19
499 784 -28
499 497 28
499 192 19
474 475 -13
474 450 -19
474 172 19
474 763 28
444 421 -13
444 468 -19
447 449 19
447 732 -8
447 446 -28
730 707 28
730 754 8
730 731 -13
712 711 -19
712 423 -8
712 710 28
712 714 8
712 144 -28
711 147 28
711 426 13
711 734 -13
423 424 28
423 124 28
423 399 8
423 446 8
710 421 -13
710 709 -28
714 425 -28
714 716 13
714 146 19
714 713 8
144 449 -8
144 167 13
144 145 -13
679 703 13
679 394 -28
679 655 -8
679 118 19
679 680 -13
703 418 28
703 726 19
394 392 13
394 92 13
394 393 -13
394 396 -19
655 370 -13
655 95 19
655 632 8
118 117 8
118 116 8
118 120 -8
680 391 -8
680 682 -8
680 678 13
680 115 28
194 763 -28
194 171 -28
194 501 -19
194 217 8
763 762 -13
763 765 28
763 761 8
171 172 -28
171 477 8
171 739 -19
501 500 13
501 786 13
501 503 8
217 238 8
217 218 -8
311 312 -8
311 287 28
336 334 -19
336 622 19
336 338 -13
336 38 13
41 40 19
41 39 28
41 598 -28
662 98 8
662 661 -28
662 373 8
666 377 -19
666 668 -8
666 665 13
375 351 19
375 78 13
375 399 19
375 376 28
766 790 28
766 481 -13
766 767 -19
766 201 13
766 742 8
790 224 -13
790 505 -19
481 479 13
481 480 28
481 483 -19
481 175 -19
767 478 -28
767 769 -19
767 765 -8
201 504 -13
201 200 -13
201 203 19
201 199 19
742 743 -19
742 178 -28
742 719 -19
742 457 19
40 338 -19
40 17 8
338 337 13
338 340 -13
17 577 -28
751 462 8
751 749 8
751 753 19
751 750 19
751 182 -8
462 438 13
462 486 8
462 463 19
462 160 -28
749 181 -8
749 748 13
753 752 8
753 464 -19
753 755 13
753 184 -28
750 185 28
750 465 -13
750 774 13
750 726 19
182 205 8
182 489 8
182 159 13
182 183 19
262 261 -28
262 264 8
262 260 13
262 831 -19
261 238 -28
261 834 28
264 263 13
264 833 19
260 259 -8
260 829 -19
260 258 13
831 832 13
831 547 -19
377 378 28
378 376 8
378 380 8
239 546 -19
239 238 19
239 241 28
784 760 19
784 218 8
784 785 28
808 520 -13
808 806 -19
808 810 -28
808 237 13
109 407 13
109 108 -8
109 111 28
109 107 13
109 669 -19
407 696 13
407 431 -8
407 408 19
108 85 19
108 410 19
108 672 -28
108 131 28
111 409 -28
111 671 -8
111 113 8
111 110 -19
107 405 -19
107 667 19
107 106 -8
669 646 -28
669 670 13
669 384 19
669 693 -8
79 380 19
79 643 -13
380 379 28
380 665 -13
380 382 -28
643 645 -28
643 642 -8
65 64 -19
65 67 -8
64 42 28
64 87 -8
67 66 8
67 626 28
67 363 -28
646 622 13
646 647 -19
646 86 -28
622 598 -13
647 645 -8
647 357 19
647 83 28
86 85 -13
86 84 8
86 88 28
449 451 28
449 734 13
449 448 19
451 450 8
451 736 19
451 146 8
451 453 19
734 758 -19
734 735 28
734 170 19
448 147 -19
448 472 28
448 425 -19
448 737 -28
440 729 -19
440 464 -28
393 682 28
393 95 -19
418 420 -28
418 416 13
418 115 13
841 557 -19
841 842 -8
557 555 28
557 246 -8
557 556 -28
842 840 28
842 554 13
842 269 28
147 145 -19
147 149 -13
147 146 13
145 709 -13
145 446 13
149 450 19
149 713 -28
149 151 -8
146 125 -8
146 169 28
504 793 -19
504 505 28
504 480 -13
793 223 13
793 792 -19
505 507 -13
505 503 -13
480 456 13
480 178 28
480 769 8
117 682 -13
117 420 -8
682 681 8
682 684 28
420 419 -8
420 422 -8
718 429 28
718 720 -13
718 717 19
718 150 8
718 716 -19
429 405 8
429 130 13
429 452 19
720 152 8
720 431 8
720 719 -28
720 721 8
717 153 28
717 432 -13
717 693 -19
717 740 28
150 455 28
150 129 -28
150 173 -28
150 151 19
716 715 -8
716 427 -13
507 792 8
507 200 8
507 506 19
792 768 -19
792 226 -13
792 815 -13
200 223 28
200 769 -28
200 177 19
506 203 -19
506 530 13
506 482 -8
685 661 13
685 686 8
685 709 -8
685 124 -28
661 376 -13
661 638 -8
686 684 19
686 397 8
686 688 -13
686 121 -28
709 424 -19
709 732 19
124 126 13
124 122 13
223 244 -13
223 224 19
769 768 -8
769 771 19
177 178 -8
177 745 -28
177 154 -13
177 483 -13
512 488 -13
512 536 -8
512 208 -19
512 801 -8
512 513 -13
488 185 -19
488 777 -28
488 489 -13
488 464 13
536 537 13
536 824 -19
536 230 -28
208 207 -19
208 210 -13
208 206 13
208 774 -13
801 799 13
801 800 28
801 802 -19
513 511 13
513 515 28
513 798 19
513 205 13
349 53 8
349 639 -8
349 350 -19
349 325 -28
349 373 -13
53 55 -13
53 51 13
53 612 -19
53 52 -13
639 75 13
639 637 8
639 638 -28
350 352 -19
350 636 -19
350 348 19
350 50 -13
325 326 13
325 301 8
325 615 -28
325 31 -19
373 374 -13
373 397 -28
373 76 -19
185 183 19
185 187 -28
185 184 28
183 748 13
183 486 -28
187 752 28
187 490 -28
187 186 -13
187 189 8
184 161 8
184 207 -13
184 491 19
546 834 -28
546 547 -8
834 833 -19
834 832 -28
547 549 -13
547 545 8
547 237 -28
268 270 -28
268 267 -28
268 837 -13
270 269 -13
270 839 -19
267 244 -28
267 840 -13
837 553 19
837 838 19
351 352 -28
351 55 8
351 327 28
352 52 19
352 638 8
55 54 -13
55 614 13
327 328 -28
327 33 19
327 303 -8
327 617 -13
304 302 -13
304 590 -28
304 306 28
304 7 8
304 303 -28
302 301 19
302 300 19
302 588 -28
302 5 19
590 33 -28
590 566 13
590 614 -8
590 591 -19
306 308 -13
306 592 -28
306 9 -13
7 30 -28
7 8 -28
7 567 28
303 279 -28
303 10 -8
303 593 13
238 549 -19
238 810 19
549 548 13
549 833 19
810 812 13
810 809 -13
384 386 -19
384 382 13
384 83 13
672 671 -19
672 674 -13
672 670 -8
548 524 -8
548 241 8
524 500 -8
524 220 28
524 812 8
241 243 -19
241 809 -8
241 240 19
245 552 -28
245 244 13
245 247 -8
245 243 -13
814 816 13
814 812 8
814 526 28
85 386 28
386 671 8
386 388 19
386 385 -13
391 415 8
391 93 -19
391 392 8
391 367 19
415 438 -19
415 116 -13
415 416 -19
93 654 13
93 95 -13
93 92 28
392 91 -28
392 677 -28
367 368 28
367 343 -13
367 70 8
479 173 -28
479 764 -13
479 477 19
479 478 13
173 196 8
173 174 -8
173 741 -19
764 788 8
764 740 8
764 765 -28
764 199 -13
477 762 -28
477 475 -19
477 476 -28
478 454 -28
478 176 -19
478 502 19
799 228 -19
799 510 19
799 797 -8
799 798 -28
228 537 -19
228 249 -8
228 205 -28
510 511 28
510 206 8
510 486 -19
510 534 19
797 227 -28
797 796 13
798 230 13
798 821 -19
798 774 19
519 518 28
519 803 13
519 517 28
519 211 13
518 214 -19
518 542 8
518 806 13
518 494 -13
803 804 28
803 780 -8
803 827 19
803 236 8
517 209 -19
517 516 -13
517 515 -28
211 781 -19
211 233 -19
211 212 13
681 120 -28
681 396 8
684 119 -19
684 683 -28
356 358 -8
356 642 -13
331 621 -28
331 307 -13
331 37 28
645 81 28
645 644 28
379 82 28
379 403 -8
379 668 -28
358 644 -8
358 357 -28
644 84 -19
644 620 8
644 667 13
357 333 8
357 381 -8
701 416 8
701 724 -19
701 139 -8
701 677 -19
724 748 -19
724 725 8
724 160 -19
139 438 -28
139 138 -13
677 678 13
677 116 -8
677 654 -8
552 840 -19
552 553 -8
840 839 -19
840 838 28
553 555 -28
161 729 8
161 162 13
161 467 -8
729 727 8
729 731 19
162 464 8
162 164 -19
162 160 -28
162 726 19
467 469 28
467 752 -19
467 465 -19
467 466 19
310 13 19
310 308 13
310 596 -13
310 312 -8
310 309 -28
13 36 -28
13 573 -28
13 14 -13
308 594 28
308 307 -13
596 39 -19
596 572 -28
596 620 -13
596 597 -28
312 598 28
312 15 19
309 16 -28
309 285 8
309 599 -28
309 333 13
555 554 -8
555 244 -13
555 839 -13
554 247 -8
554 530 13
244 816 8
839 815 -28
413 414 -13
413 437 19
413 389 -19
414 699 -8
414 112 19
414 412 28
437 460 -28
389 390 -8
389 365 28
816 815 19
816 818 -28
577 575 28
577 287 -28
16 15 -13
16 14 28
16 572 19
15 575 28
15 38 28
14 307 8
14 12 8
14 570 -28
572 286 -19
572 573 8
247 815 28
247 246 19
246 225 -8
246 818 19
246 269 28
398 96 -13
398 396 -19
398 397 19
398 683 -13
96 73 13
96 97 -8
96 119 -19
397 99 13
397 421 19
683 707 -28
683 122 -8
683 659 13
73 374 -19
73 637 19
73 50 -28
97 99 -8
97 95 28
119 120 28
119 422 -28
581 291 8
581 21 13
581 580 -28
578 602 -8
578 292 -19
485 179 -13
485 484 -8
485 483 13
179 747 28
179 202 -19
179 180 28
179 156 -13
484 460 -28
484 508 -19
483 768 -28
483 482 -28
82 81 -28
82 84 -19
82 642 -13
81 382 8
84 381 28
84 83 28
642 665 28
98 121 19
98 75 -19
98 99 13
121 424 19
121 122 8
75 376 13
75 76 28
75 52 -28
99 659 -28
54 617 -8
54 32 -19
614 328 13
614 615 13
614 638 13
809 786 28
809 833 28
291 292 -28
291 315 8
292 294 -8
315 316 8
315 605 -8
315 339 28
621 620 28
620 334 -13
438 727 -13
727 725 13
727 159 13
727 726 8
138 115 13
138 159 -8
115 116 -13
115 92 8
159 465 -8
159 160 -8
650 651 28
650 626 28
650 673 -28
650 90 -28
363 339 -8
363 387 -13
363 653 -28
366 652 -13
366 66 -19
366 365 13
707 422 13
422 424 -28
422 421 -19
659 374 -13
659 636 19
316 602 -8
316 318 19
602 626 -28
602 45 8
602 603 28
318 21 8
318 604 -28
318 317 8
42 603 13
42 340 -28
36 597 28
36 334 -8
36 37 28
597 307 -13
597 599 8
334 333 -8
37 39 -28
37 594 -13
747 745 -19
747 458 -19
747 746 -13
745 743 -19
745 456 -13
745 744 -28
458 482 28
458 435 -19
458 459 13
458 157 -13
746 722 -28
746 461 28
21 44 -28
125 428 13
125 126 -8
125 690 19
257 258 -19
257 235 -8
257 830 -28
258 827 -13
258 256 -8
235 213 28
235 545 -8
235 806 -8
235 236 -8
830 828 -13
830 829 28
830 542 28
830 832 -19
214 213 -19
214 216 19
214 212 -19
214 780 8
213 783 28
213 190 28
216 520 19
216 782 -19
216 218 28
212 516 28
212 778 -28
212 210 28
780 495 -13
780 756 8
780 781 28
785 783 -8
785 496 -28
789 500 -13
789 788 19
789 219 8
786 220 19
786 762 19
460 461 -8
461 156 28
461 459 -19
60 83 8
60 38 -8
533 532 13
533 225 8
530 226 -28
530 818 -8
629 66 13
629 339 -13
629 628 28
626 340 19
288 287 -28
288 286 -19
288 574 8
286 284 -19
286 285 -13
574 575 -28
574 598 -19
421 122 -8
468 469 19
468 492 -8
468 757 28
500 197 -8
500 476 -8
197 762 -13
197 196 -19
197 199 -28
476 452 -13
476 174 28
476 765 -13
828 540 28
828 255 13
828 827 -8
828 826 -13
540 516 8
540 234 -19
540 541 13
255 256 -19
255 233 8
827 543 13
826 253 -8
826 825 -13
826 824 -8
826 538 -28
668 667 28
668 670 -8
665 689 8
768 744 8
768 203 8
744 180 19
744 459 28
203 202 8
328 326 -8
328 30 -19
326 324 8
326 28 -8
326 612 -13
30 52 -13
30 31 -8
30 591 -13
33 31 28
33 32 19
31 29 28
31 588 28
32 9 28
32 593 19
263 240 19
220 218 8
220 219 -28
219 196 -19
219 240 19
299 275 8
299 300 8
299 589 8
299 323 -8
299 6 -13
275 276 -8
275 565 8
300 3 19
300 586 -28
589 28 -8
589 591 -19
589 588 -13
589 587 -19
323 324 -28
323 29 -13
323 613 -8
6 8 -19
6 5 -13
6 4 13
6 562 -19
370 69 19
370 368 -28
69 92 -19
69 47 -8
69 70 -19
69 633 -28
368 654 -8
368 68 -19
66 44 -28
66 89 -19
637 636 13
637 635 8
638 78 -28
294 293 8
294 580 -8
293 317 28
580 604 -13
482 771 -28
482 180 -28
832 259 -8
832 544 -8
202 225 19
202 771 19
225 226 -28
514 515 19
514 490 19
514 210 8
514 538 -19
514 802 28
515 207 -19
515 800 -28
490 779 -8
490 466 19
490 491 19
210 209 19
210 776 -19
538 539 19
538 232 -13
802 231 -13
802 804 13
333 39 -28
279 280 8
279 569 28
10 9 8
10 8 -13
10 566 19
10 12 28
593 592 -19
593 591 13
39 38 -8
38 599 13
592 568 -19
9 569 8
569 567 -8
569 571 -28
569 568 -28
226 224 13
605 604 13
605 44 -13
605 603 -13
604 628 13
44 342 -13
44 45 13
573 575 8
573 283 8
573 571 -8
454 743 -19
454 153 -13
454 455 28
454 431 -19
176 178 28
176 174 -28
176 740 13
176 175 13
502 503 28
502 199 8
502 526 -28
575 285 13
78 76 -13
76 636 28
456 433 8
456 155 -28
456 457 -28
178 180 -19
434 432 -28
434 719 13
434 433 13
434 131 8
434 436 19
432 431 -13
432 129 -8
719 695 -19
719 155 28
433 409 19
433 721 -28
433 134 -19
131 152 28
131 696 -28
131 132 -13
436 435 -13
436 133 19
542 543 13
542 236 8
806 805 19
806 804 -13
494 783 28
494 495 28
494 191 -28
494 470 -19
838 265 -13
838 550 -13
520 544 28
520 496 -28
544 545 -19
496 497 13
496 472 -28
496 193 28
381 405 -13
381 670 -19
381 382 19
654 630 13
630 631 19
630 344 19
630 606 -8
630 70 -19
598 599 13
632 346 -28
632 72 13
632 633 28
743 175 -28
743 741 13
175 152 19
741 739 -19
741 452 19
741 740 -13
508 532 -8
23 583 -19
23 46 19
23 320 -19
23 0 -8
583 582 -13
46 68 28
46 344 13
46 607 -28
320 319 19
320 606 -13
320 322 -19
0 296 19
0 559 -8
253 254 -28
253 231 -13
254 823 13
254 252 8
254 256 -13
231 209 28
231 232 8
231 541 -19
83 106 -19
783 782 13
783 781 28
782 805 -8
782 758 -8
782 497 19
781 779 28
781 492 19
209 779 -19
209 186 8
779 778 13
779 777 13
186 493 -13
186 163 8
186 755 8
651 653 -28
651 87 8
653 652 13
653 89 13
87 388 13
87 110 8
87 88 8
617 615 19
526 550 13
284 283 -19
284 570 28
284 282 13
283 307 -19
570 594 13
570 571 13
282 281 28
282 568 8
282 280 -13
823 824 -28
823 539 -28
823 800 -13
824 251 19
824 822 -19
539 537 19
539 229 -8
539 541 -13
800 776 -13
800 232 -8
722 723 -8
324 26 19
324 322 -28
324 610 19
26 3 -8
26 587 28
322 24 -8
322 321 8
610 634 28
610 611 -28
610 51 13
610 586 -8
243 550 13
29 586 -13
29 28 28
586 562 -28
586 587 -28
28 5 13
28 50 28
190 497 8
190 167 19
190 759 -13
190 191 -8
612 636 -19
612 613 28
612 588 13
259 237 19
762 738 -13
788 503 13
340 342 13
340 339 28
68 631 -19
68 91 -13
631 633 -13
634 348 -13
634 635 -28
348 346 -19
635 345 -8
635 71 -28
635 633 13
829 545 -28
829 805 28
545 543 13
495 497 13
495 493 19
493 778 13
493 492 19
493 491 -28
301 8 19
301 591 28
301 277 28
8 564 8
277 567 13
277 278 -8
71 72 -28
374 376 -19
537 535 -8
537 821 13
535 227 8
535 534 19
821 252 19
821 822 13
24 1 -28
24 47 -13
24 25 13
587 297 -8
295 319 13
295 296 -13
295 2 19
295 271 -8
50 51 -13
50 613 -8
695 410 8
695 671 19
695 134 -28
695 696 -28
410 409 13
410 408 13
410 412 28
134 133 -28
134 136 -13
134 132 8
696 694 -19
696 698 8
192 169 19
192 761 -8
192 193 -28
516 492 -28
516 804 19
492 189 -19
804 233 -8
193 758 -8
193 191 13
760 475 -28
760 736 -8
760 761 8
273 274 28
273 297 -13
273 563 -19
274 276 28
274 272 -19
297 321 13
297 4 -13
563 562 -13
563 565 -19
563 561 -8
563 3 -13
765 196 -13
12 568 19
281 571 -19
346 344 -28
346 47 -8
346 345 -28
344 343 -8
47 609 19
47 48 -19
345 49 -13
345 321 -8
543 233 -8
543 541 -28
233 234 13
541 825 19
409 385 13
409 698 19
721 154 8
721 723 -28
435 411 -8
435 723 -28
435 136 28
133 698 -28
133 110 19
133 154 -13
812 240 19
778 754 -19
754 469 -13
754 755 -8
754 189 8
698 700 19
698 697 19
110 412 19
110 674 19
154 459 8
154 155 -19
511 204 -28
511 796 -19
205 206 -28
205 775 -19
280 278 -8
280 566 -19
819 250 -13
819 796 -19
819 820 13
250 252 8
250 249 8
796 772 13
820 248 28
820 822 19
457 152 -28
457 455 -13
457 459 -28
52 615 -8
319 25 -28
319 609 -19
319 343 -13
25 582 8
609 611 -13
609 607 -8
343 633 -8
343 48 8
431 132 -28
408 693 -19
408 406 -28
408 106 19
1 2 -8
1 561 28
256 825 -13
758 473 8
758 759 -28
88 385 13
88 90 13
566 567 -13
606 582 13
606 607 -19
606 48 -8
70 72 -28
615 613 28
613 611 13
341 365 -13
341 342 19
341 317 19
342 628 28
5 565 -13
156 135 28
156 723 -8
156 157 28
699 700 8
699 675 -28
112 135 -19
112 113 13
112 676 28
112 89 -8
412 411 28
412 697 8
756 191 8
756 732 -28
756 757 28
191 189 -8
732 168 -19
757 755 -13
757 759 8
252 251 -28
251 229 -28
153 152 -19
153 151 8
153 155 -28
455 740 -8
455 453 19
470 168 19
470 446 -19
470 759 -19
419 120 19
167 168 19
167 735 -13
167 473 -13
759 761 -28
738 739 -19
738 174 13
738 453 -13
738 715 13
230 229 8
230 232 -13
229 207 -19
207 777 28
45 339 -19
236 234 -8
469 163 -19
163 164 -28
163 731 13
132 130 28
132 693 13
503 196 -13
276 562 -19
276 278 -28
565 564 28
565 567 -8
49 51 -8
49 48 19
321 611 19
3 4 28
403 427 8
427 450 -28
427 428 -8
4 2 28
411 113 28
411 700 -28
411 387 19
136 135 13
136 697 -13
777 776 -13
777 775 -19
135 700 19
475 473 -8
475 169 19
473 472 -19
169 170 8
169 737 8
752 776 13
776 491 -8
385 674 -28
775 773 -13
775 486 19
775 774 28
450 739 28
739 737 8
155 157 -28
466 164 28
466 755 -13
491 489 -13
172 174 13
172 170 -28
172 736 -28
170 168 8
170 472 -28
736 737 -28
736 713 13
472 761 -28
822 249 13
822 534 -28
232 234 -28
296 582 -8
582 558 -8
564 278 -8
564 588 28
424 426 -19
426 428 -13
426 425 13
204 773 13
204 181 -19
204 227 -13
405 694 -19
405 406 19
694 693 8
694 129 -28
406 691 28
735 446 -19
735 737 -8
390 388 8
390 89 -8
390 675 -8
388 673 8
388 387 8
89 90 -19
675 652 8
675 676 -19
773 772 -28
772 206 -13
772 748 13
772 487 -13
715 691 19
715 151 -28
428 713 13
532 556 19
130 129 -19
130 691 8
129 106 13
691 667 -13
697 673 -8
272 558 -19
272 271 13
248 227 19
113 673 13
387 90 8
387 676 19
452 151 -13
452 453 -8
673 674 28
674 676 -8
106 670 8
558 559 -8
558 2 -19
559 561 19
628 652 -13
271 561 -13
399 688 -13
425 126 -13
688 690 19
486 487 -13
667 382 28
748 463 -28
487 489 28
487 181 28
774 489 13
689 713 28
689 690 -19
464 465 19
120 122 -8
465 463 19
