127 692 -13
127 148 13
127 430 28
127 128 -8
127 104 28
692 403 28
692 691 -28
692 694 -13
692 690 19
148 171 -19
148 149 13
148 453 -28
148 716 28
430 432 -13
430 429 13
430 715 -19
430 428 8
128 130 13
128 427 -19
128 126 8
128 689 13
104 105 -19
104 406 -13
104 668 28
104 81 28
523 215 -8
523 521 19
523 522 -13
523 525 -19
523 807 -13
215 216 28
215 192 -13
215 785 -13
215 237 8
521 519 -8
521 520 28
521 213 -8
521 805 -28
522 498 -13
522 546 -28
522 810 -28
522 218 -28
525 217 -13
525 527 28
525 809 -8
525 524 13
807 239 -8
807 784 -8
807 831 -13
807 808 8
289 290 8
289 313 8
289 579 -28
290 576 13
290 288 28
290 292 8
313 20 -28
313 603 19
313 337 19
313 314 -8
579 577 28
579 19 -8
579 581 -8
579 578 13
359 335 28
359 649 13
359 360 8
359 383 13
359 63 19
335 625 -28
335 311 28
335 336 13
335 41 -8
649 85 -13
649 651 8
649 647 -28
649 648 19
360 362 -8
360 646 28
360 358 -19
360 60 8
383 384 -19
383 672 -28
383 407 28
383 86 19
63 65 -19
63 61 8
63 622 8
63 62 -19
706 417 -19
706 704 19
706 705 -8
706 708 28
417 440 8
417 393 -28
417 418 19
417 118 -19
704 138 -19
704 703 -19
704 702 8
704 415 -28
705 142 28
705 420 19
705 681 -13
705 728 19
708 707 -13
708 141 -28
708 710 28
708 419 19
137 114 -28
137 439 13
137 702 -19
137 158 8
114 678 13
114 91 8
114 416 19
439 438 -13
439 724 28
439 441 13
702 701 8
158 181 -28
158 463 28
158 725 -28
362 62 -13
362 648 -13
362 361 -28
362 364 -8
62 625 -28
62 40 13
648 624 -19
648 671 -8
648 88 -13
361 65 -8
361 651 -28
361 337 8
361 385 28
364 650 -8
364 363 -8
364 64 -13
364 366 -13
329 35 19
329 619 8
329 353 19
329 330 -13
329 305 -28
35 34 -8
35 33 8
35 37 -13
35 592 -28
619 621 13
619 56 -28
619 618 19
619 617 -13
353 377 19
353 643 -8
353 354 19
353 57 -8
330 328 -8
330 616 -19
330 32 -8
330 332 -8
305 306 -13
305 12 -28
305 281 28
305 595 8
658 656 13
658 94 8
658 657 13
658 660 28
658 369 19
656 655 13
656 367 -13
656 92 -19
94 117 -28
94 71 -8
94 95 -13
94 396 19
657 634 13
657 372 -19
657 681 -13
657 97 8
660 371 -8
660 96 -8
660 659 -19
660 662 -8
369 370 -19
369 345 -8
369 393 8
369 72 -8
165 471 -8
165 188 -8
165 166 -8
165 733 19
165 143 -28
471 756 19
471 469 13
471 470 -28
471 473 -19
188 495 19
188 211 -28
188 757 -28
188 189 -28
166 468 8
166 168 -19
166 164 -8
166 730 -8
733 444 -19
733 735 19
733 731 -8
733 732 -8
143 447 -19
143 121 -8
143 710 28
34 595 -28
34 11 -8
34 332 28
34 56 8
595 594 13
595 597 -8
595 593 -8
11 12 -19
11 571 13
11 308 -19
332 334 8
332 618 8
332 331 -19
56 79 19
56 57 8
56 356 13
20 18 28
20 576 -8
20 22 8
20 19 19
18 16 19
18 311 19
18 574 -19
18 17 -19
576 600 13
576 577 -28
22 315 8
22 21 -13
22 578 -19
19 316 13
19 42 -19
221 791 28
221 529 -8
221 222 -8
221 198 13
221 242 -19
791 793 -19
791 789 8
791 502 -28
791 790 -8
529 531 28
529 813 13
529 528 13
529 527 -13
222 220 28
222 526 13
222 224 8
222 788 -13
198 767 8
198 505 8
198 199 -28
198 175 -8
242 243 28
242 814 -13
242 265 28
242 553 28
402 404 28
402 401 -13
402 400 13
402 100 19
402 687 13
404 102 13
404 403 -13
404 406 8
404 689 19
401 103 28
401 377 13
401 425 13
401 690 -28
400 685 13
400 398 19
400 98 13
400 399 8
100 664 19
100 77 -19
100 123 -19
100 101 28
687 688 -19
687 711 28
687 663 28
687 126 -13
664 662 -28
664 666 13
664 663 -8
664 375 19
77 78 -13
77 54 -19
77 641 -13
77 378 19
123 426 -8
123 688 -19
123 124 28
123 144 8
101 103 -8
101 99 -28
101 399 28
101 661 19
600 314 8
600 624 28
600 601 13
600 43 13
314 316 13
314 312 -13
314 17 -13
624 625 13
624 65 19
624 338 -8
601 40 -28
601 599 -19
601 311 19
601 603 8
43 41 19
43 337 -28
43 42 28
43 45 -8
794 817 13
794 795 8
794 770 28
794 509 -28
817 841 8
817 818 19
817 533 28
795 793 8
795 506 -8
795 225 28
770 485 13
770 771 -19
770 746 -13
509 507 8
509 202 -8
509 508 8
371 74 -8
371 395 13
371 372 13
371 347 19
74 634 -19
74 73 -13
74 76 -19
74 72 -28
395 419 -13
395 396 19
395 684 -13
395 97 13
372 370 -19
372 71 13
372 374 -13
347 348 8
347 51 -19
347 323 13
347 637 -13
103 102 -19
103 663 -8
103 105 -13
102 79 8
102 125 -28
102 666 -28
663 640 19
663 378 8
105 403 13
105 665 8
105 107 19
584 27 28
584 585 19
584 608 -28
584 298 -8
584 560 -19
27 29 -13
27 321 -19
27 26 -28
27 25 -8
585 24 28
585 583 -8
585 587 -8
585 295 19
608 632 19
608 322 -13
608 49 -13
608 609 13
298 300 -13
298 296 -13
298 297 13
298 1 8
560 274 -19
560 561 -8
560 4 -28
59 57 19
59 61 -8
59 355 -8
59 58 -28
59 618 -28
57 55 28
57 616 -13
61 60 -28
61 357 -8
61 620 8
355 356 19
355 331 -28
355 645 -28
355 379 -8
58 358 -8
58 621 -28
58 36 -28
58 81 -8
618 594 8
618 642 19
640 80 13
640 616 -28
640 641 13
640 354 8
80 377 28
80 79 -13
80 82 -19
80 78 13
616 592 -19
616 617 -13
641 351 -8
641 639 -19
641 643 28
354 54 13
354 352 -8
354 356 -13
443 441 -19
443 445 -28
443 728 28
443 442 -19
441 138 -28
441 440 19
441 726 -13
445 444 -28
445 447 -8
445 730 -8
445 141 -13
728 752 -13
728 729 8
728 164 -8
442 142 8
442 419 -19
442 731 13
442 466 28
531 815 -8
531 533 13
531 223 -13
531 530 -19
813 245 19
813 790 28
813 837 19
813 814 -13
528 504 13
528 552 -19
528 816 28
528 224 19
527 219 19
527 811 28
527 526 19
625 627 -28
625 623 -13
627 337 -8
627 64 -13
627 629 -8
627 626 13
623 621 28
623 60 -8
623 622 -8
623 333 28
835 266 28
835 836 -8
835 811 19
835 551 -13
266 268 -13
266 264 -13
266 265 19
836 548 -19
836 834 13
836 838 -28
836 263 19
811 243 19
811 812 -19
811 788 -13
551 549 19
551 240 13
551 553 -8
551 550 -13
142 140 19
142 141 8
140 703 -28
140 139 -13
140 440 8
141 163 8
141 119 -8
498 195 -28
498 787 19
498 499 13
498 474 19
195 194 -8
195 197 28
195 193 -28
195 760 -19
787 217 19
787 785 -28
787 789 -8
787 786 8
499 501 -13
499 784 8
499 497 28
499 192 8
474 475 -13
474 450 8
474 172 13
474 763 -8
444 421 13
444 468 -13
447 449 19
447 732 -8
447 446 -8
730 707 -19
730 754 8
730 731 8
712 711 8
712 423 -13
712 710 -19
712 714 19
712 144 8
711 147 -8
711 426 8
711 734 -19
423 424 28
423 124 -8
423 399 -28
423 446 -8
710 421 -19
710 709 -19
714 425 19
714 716 8
714 146 19
714 713 13
144 449 19
144 167 13
144 145 -19
679 703 13
679 394 13
679 655 8
679 118 8
679 680 28
703 418 -28
703 726 19
394 392 28
394 92 -19
394 393 -19
394 396 8
655 370 13
655 95 19
655 632 13
118 117 -8
118 116 -28
118 120 -19
680 391 -8
680 682 -28
680 678 -8
680 115 -8
194 763 -13
194 171 8
194 501 -8
194 217 -13
763 762 8
763 765 13
763 761 -28
171 172 -19
171 477 -28
171 739 28
501 500 19
501 786 28
501 503 19
217 238 8
217 218 -28
311 312 13
311 287 -19
336 334 19
336 622 13
336 338 19
336 38 13
41 40 -8
41 39 13
41 598 13
662 98 8
662 661 8
662 373 8
666 377 13
666 668 -19
666 665 -19
375 351 -8
375 78 8
375 399 -19
375 376 -28
766 790 -13
766 481 13
766 767 13
766 201 19
766 742 -13
790 224 13
790 505 -8
481 479 -19
481 480 28
481 483 -13
481 175 19
767 478 -19
767 769 -8
767 765 -8
201 504 -8
201 200 13
201 203 13
201 199 28
742 743 13
742 178 19
742 719 -28
742 457 -13
40 338 -13
40 17 -13
338 337 28
338 340 13
17 577 -13
751 462 13
751 749 13
751 753 19
751 750 28
751 182 13
462 438 -19
462 486 -28
462 463 8
462 160 13
749 181 -28
749 748 -19
753 752 -8
753 464 -13
753 755 13
753 184 -19
750 185 13
750 465 -28
750 774 13
750 726 -28
182 205 -28
182 489 13
182 159 8
182 183 8
262 261 -19
262 264 -28
262 260 -13
262 831 13
261 238 -13
261 834 -19
264 263 28
264 833 8
260 259 19
260 829 -19
260 258 -8
831 832 8
831 547 28
377 378 19
378 376 -28
378 380 13
239 546 -28
239 238 19
239 241 -13
784 760 28
784 218 13
784 785 28
808 520 19
808 806 8
808 810 28
808 237 13
109 407 -8
109 108 -19
109 111 -19
109 107 -13
109 669 8
407 696 19
407 431 -28
407 408 -8
108 85 -19
108 410 28
108 672 13
108 131 -8
111 409 -8
111 671 8
111 113 13
111 110 -13
107 405 -28
107 667 -28
107 106 -28
669 646 19
669 670 -13
669 384 -8
669 693 -8
79 380 8
79 643 -19
380 379 -19
380 665 28
380 382 8
643 645 28
643 642 28
65 64 28
65 67 8
64 42 -13
64 87 13
67 66 19
67 626 8
67 363 -13
646 622 28
646 647 -13
646 86 19
622 598 -19
647 645 28
647 357 13
647 83 13
86 85 13
86 84 -8
86 88 -13
449 451 -28
449 734 -19
449 448 19
451 450 -28
451 736 28
451 146 -13
451 453 13
734 758 -13
734 735 -8
734 170 -13
448 147 19
448 472 8
448 425 8
448 737 -8
440 729 8
440 464 8
393 682 8
393 95 19
418 420 28
418 416 -19
418 115 28
841 557 -8
841 842 19
557 555 -8
557 246 -13
557 556 -28
842 840 -8
842 554 8
842 269 -13
147 145 19
147 149 28
147 146 -28
145 709 13
145 446 -28
149 450 13
149 713 -28
149 151 13
146 125 28
146 169 -8
504 793 8
504 505 -28
504 480 -8
793 223 19
793 792 -13
505 507 -13
505 503 -13
480 456 -13
480 178 28
480 769 -13
117 682 -28
117 420 -8
682 681 19
682 684 8
420 419 -28
420 422 28
718 429 -28
718 720 8
718 717 -19
718 150 19
718 716 8
429 405 8
429 130 8
429 452 -13
720 152 -19
720 431 -13
720 719 19
720 721 19
717 153 -8
717 432 -8
717 693 -28
717 740 -28
150 455 28
150 129 -8
150 173 28
150 151 -8
716 715 -19
716 427 19
507 792 -19
507 200 13
507 506 19
792 768 19
792 226 -19
792 815 -8
200 223 -28
200 769 -19
200 177 -19
506 203 -19
506 530 28
506 482 -28
685 661 -19
685 686 28
685 709 19
685 124 28
661 376 13
661 638 8
686 684 -8
686 397 -8
686 688 13
686 121 -13
709 424 -28
709 732 28
124 126 -28
124 122 -28
223 244 -19
223 224 13
769 768 13
769 771 -8
177 178 8
177 745 -19
177 154 -19
177 483 -8
512 488 28
512 536 -13
512 208 -19
512 801 -13
512 513 13
488 185 -8
488 777 13
488 489 -13
488 464 -13
536 537 -28
536 824 19
536 230 13
208 207 -13
208 210 -8
208 206 19
208 774 13
801 799 28
801 800 -13
801 802 -13
513 511 -8
513 515 -28
513 798 -28
513 205 -19
349 53 -13
349 639 -8
349 350 28
349 325 19
349 373 8
53 55 -13
53 51 28
53 612 -19
53 52 8
639 75 28
639 637 13
639 638 8
350 352 28
350 636 28
350 348 -28
350 50 -13
325 326 -13
325 301 28
325 615 19
325 31 8
373 374 -19
373 397 19
373 76 -13
185 183 -19
185 187 -19
185 184 -19
183 748 28
183 486 -13
187 752 -8
187 490 8
187 186 28
187 189 19
184 161 8
184 207 28
184 491 -28
546 834 -19
546 547 28
834 833 28
834 832 -28
547 549 13
547 545 -19
547 237 19
268 270 -13
268 267 19
268 837 8
270 269 8
270 839 8
267 244 -13
267 840 -19
837 553 -8
837 838 8
351 352 13
351 55 19
351 327 -13
352 52 19
352 638 -13
55 54 8
55 614 -8
327 328 28
327 33 8
327 303 8
327 617 28
304 302 -19
304 590 -19
304 306 28
304 7 13
304 303 28
302 301 -28
302 300 28
302 588 -28
302 5 13
590 33 -13
590 566 -19
590 614 19
590 591 19
306 308 -13
306 592 -19
306 9 8
7 30 8
7 8 -28
7 567 -8
303 279 -19
303 10 19
303 593 19
238 549 -13
238 810 28
549 548 8
549 833 -13
810 812 13
810 809 8
384 386 19
384 382 -19
384 83 -28
672 671 -19
672 674 -19
672 670 28
548 524 19
548 241 13
524 500 19
524 220 28
524 812 -13
241 243 28
241 809 -13
241 240 19
245 552 -19
245 244 19
245 247 -13
245 243 -8
814 816 -8
814 812 -19
814 526 -28
85 386 -28
386 671 8
386 388 8
386 385 28
391 415 -28
391 93 -19
391 392 -8
391 367 -13
415 438 13
415 116 8
415 416 13
93 654 -8
93 95 19
93 92 28
392 91 8
392 677 8
367 368 19
367 343 -13
367 70 8
479 173 -28
479 764 -19
479 477 28
479 478 -8
173 196 19
173 174 28
173 741 13
764 788 8
764 740 13
764 765 8
764 199 -8
477 762 -28
477 475 19
477 476 -19
478 454 13
478 176 19
478 502 8
799 228 -28
799 510 19
799 797 -28
799 798 -19
228 537 28
228 249 -19
228 205 8
510 511 19
510 206 8
510 486 -19
510 534 -13
797 227 -13
797 796 19
798 230 -28
798 821 19
798 774 13
519 518 13
519 803 8
519 517 -8
519 211 -13
518 214 -19
518 542 28
518 806 -13
518 494 19
803 804 19
803 780 -13
803 827 19
803 236 -28
517 209 -8
517 516 -19
517 515 8
211 781 28
211 233 13
211 212 -19
681 120 13
681 396 19
684 119 -13
684 683 -13
356 358 -8
356 642 19
331 621 -28
331 307 8
331 37 -28
645 81 13
645 644 -8
379 82 -13
379 403 -19
379 668 28
358 644 19
358 357 -13
644 84 19
644 620 -19
644 667 28
357 333 -28
357 381 -28
701 416 -19
701 724 19
701 139 8
701 677 13
724 748 28
724 725 -28
724 160 -13
139 438 -8
139 138 -13
677 678 19
677 116 8
677 654 28
552 840 8
552 553 28
840 839 -28
840 838 -28
553 555 -8
161 729 -19
161 162 -8
161 467 19
729 727 28
729 731 28
162 464 19
162 164 -19
162 160 13
162 726 -19
467 469 -28
467 752 -8
467 465 8
467 466 13
310 13 -19
310 308 28
310 596 -28
310 312 -8
310 309 8
13 36 -8
13 573 19
13 14 13
308 594 -13
308 307 19
596 39 -8
596 572 28
596 620 13
596 597 -28
312 598 28
312 15 -28
309 16 -13
309 285 -19
309 599 -13
309 333 19
555 554 13
555 244 28
555 839 -19
554 247 13
554 530 -13
244 816 -8
839 815 28
413 414 19
413 437 28
413 389 8
414 699 -28
414 112 28
414 412 -8
437 460 19
389 390 28
389 365 19
816 815 19
816 818 -28
577 575 -19
577 287 -19
16 15 -28
16 14 -8
16 572 -28
15 575 8
15 38 8
14 307 -28
14 12 8
14 570 13
572 286 -28
572 573 28
247 815 8
247 246 -8
246 225 28
246 818 28
246 269 8
398 96 19
398 396 28
398 397 -19
398 683 13
96 73 -28
96 97 -8
96 119 13
397 99 -13
397 421 -28
683 707 -19
683 122 -19
683 659 13
73 374 -19
73 637 19
73 50 13
97 99 13
97 95 19
119 120 -13
119 422 28
581 291 -13
581 21 28
581 580 -8
578 602 -8
578 292 -19
485 179 -28
485 484 19
485 483 28
179 747 28
179 202 -28
179 180 28
179 156 19
484 460 -19
484 508 8
483 768 -19
483 482 19
82 81 -28
82 84 8
82 642 13
81 382 28
84 381 -8
84 83 -28
642 665 -19
98 121 -8
98 75 -13
98 99 13
121 424 28
121 122 -28
75 376 28
75 76 -8
75 52 -13
99 659 -19
54 617 -8
54 32 13
614 328 -19
614 615 28
614 638 28
809 786 -13
809 833 -28
291 292 -13
291 315 8
292 294 -28
315 316 28
315 605 -8
315 339 -8
621 620 -28
620 334 -8
438 727 -8
727 725 13
727 159 -8
727 726 -13
138 115 -13
138 159 -13
115 116 13
115 92 8
159 465 8
159 160 -19
650 651 -19
650 626 -13
650 673 19
650 90 -28
363 339 13
363 387 19
363 653 19
366 652 -13
366 66 -19
366 365 19
707 422 8
422 424 -28
422 421 -19
659 374 8
659 636 -28
316 602 -28
316 318 19
602 626 -8
602 45 -8
602 603 13
318 21 28
318 604 -13
318 317 8
42 603 8
42 340 19
36 597 -19
36 334 28
36 37 19
597 307 19
597 599 -19
334 333 -8
37 39 -8
37 594 8
747 745 13
747 458 19
747 746 13
745 743 -19
745 456 -19
745 744 -13
458 482 28
458 435 -8
458 459 -19
458 157 19
746 722 -13
746 461 -13
21 44 13
125 428 -13
125 126 19
125 690 19
257 258 -28
257 235 -13
257 830 -19
258 827 -19
258 256 -8
235 213 8
235 545 8
235 806 8
235 236 -19
830 828 -13
830 829 28
830 542 28
830 832 -28
214 213 8
214 216 28
214 212 -28
214 780 8
213 783 -19
213 190 -8
216 520 13
216 782 -28
216 218 28
212 516 -13
212 778 -8
212 210 -8
780 495 -28
780 756 -13
780 781 19
785 783 28
785 496 -8
789 500 28
789 788 28
789 219 -28
786 220 -8
786 762 28
460 461 -19
461 156 19
461 459 13
60 83 -28
60 38 -8
533 532 19
533 225 19
530 226 13
530 818 13
629 66 13
629 339 8
629 628 -19
626 340 -8
288 287 -8
288 286 -13
288 574 13
286 284 19
286 285 28
574 575 -19
574 598 -19
421 122 -8
468 469 13
468 492 8
468 757 -13
500 197 19
500 476 -8
197 762 19
197 196 8
197 199 -28
476 452 8
476 174 -13
476 765 8
828 540 8
828 255 28
828 827 -19
828 826 19
540 516 28
540 234 8
540 541 13
255 256 8
255 233 19
827 543 -28
826 253 -19
826 825 -8
826 824 13
826 538 -8
668 667 28
668 670 -28
665 689 13
768 744 13
768 203 13
744 180 -8
744 459 -19
203 202 -19
328 326 -28
328 30 -28
326 324 8
326 28 -8
326 612 8
30 52 -19
30 31 8
30 591 8
33 31 -28
33 32 -13
31 29 -19
31 588 19
32 9 28
32 593 -28
263 240 13
220 218 19
220 219 -28
219 196 19
219 240 13
299 275 13
299 300 13
299 589 -28
299 323 -13
299 6 -28
275 276 -28
275 565 -8
300 3 -13
300 586 -19
589 28 8
589 591 -13
589 588 -19
589 587 -13
323 324 -8
323 29 -28
323 613 -13
6 8 8
6 5 19
6 4 -19
6 562 19
370 69 -8
370 368 -28
69 92 -19
69 47 -13
69 70 -13
69 633 13
368 654 8
368 68 13
66 44 8
66 89 28
637 636 -8
637 635 -28
638 78 -19
294 293 -13
294 580 -13
293 317 -13
580 604 -19
482 771 -19
482 180 -28
832 259 -13
832 544 -19
202 225 28
202 771 8
225 226 -19
514 515 19
514 490 -13
514 210 28
514 538 -8
514 802 28
515 207 28
515 800 19
490 779 -28
490 466 -13
490 491 -28
210 209 -28
210 776 -8
538 539 -28
538 232 -8
802 231 -19
802 804 -8
333 39 28
279 280 -13
279 569 8
10 9 -13
10 8 28
10 566 -28
10 12 8
593 592 19
593 591 -8
39 38 -13
38 599 -13
592 568 -19
9 569 -8
569 567 -28
569 571 8
569 568 13
226 224 -28
605 604 28
605 44 -13
605 603 -13
604 628 -8
44 342 -13
44 45 -8
573 575 28
573 283 -8
573 571 28
454 743 -13
454 153 13
454 455 28
454 431 -19
176 178 28
176 174 13
176 740 19
176 175 -13
502 503 -8
502 199 -28
502 526 13
575 285 28
78 76 28
76 636 28
456 433 28
456 155 -19
456 457 -13
178 180 19
434 432 13
434 719 13
434 433 13
434 131 8
434 436 19
432 431 8
432 129 -28
719 695 -19
719 155 -28
433 409 -19
433 721 19
433 134 -28
131 152 28
131 696 13
131 132 8
436 435 -28
436 133 28
542 543 -13
542 236 -28
806 805 8
806 804 -28
494 783 -8
494 495 -13
494 191 -8
494 470 28
838 265 19
838 550 -19
520 544 19
520 496 28
544 545 13
496 497 8
496 472 -13
496 193 13
381 405 13
381 670 -13
381 382 13
654 630 -13
630 631 13
630 344 -13
630 606 19
630 70 19
598 599 -13
632 346 -19
632 72 8
632 633 -8
743 175 13
743 741 -8
175 152 28
741 739 13
741 452 13
741 740 28
508 532 13
23 583 -19
23 46 8
23 320 8
23 0 19
583 582 13
46 68 -19
46 344 8
46 607 -13
320 319 -28
320 606 28
320 322 -19
0 296 -13
0 559 19
253 254 8
253 231 -8
254 823 -8
254 252 -28
254 256 8
231 209 13
231 232 13
231 541 -8
83 106 -19
783 782 13
783 781 28
782 805 -19
782 758 8
782 497 19
781 779 -13
781 492 -13
209 779 8
209 186 -19
779 778 8
779 777 19
186 493 28
186 163 -19
186 755 8
651 653 -13
651 87 -19
653 652 -28
653 89 -28
87 388 -28
87 110 -28
87 88 -28
617 615 8
526 550 -13
284 283 13
284 570 -19
284 282 -28
283 307 -28
570 594 -19
570 571 -19
282 281 -19
282 568 19
282 280 -28
823 824 8
823 539 -19
823 800 -8
824 251 -19
824 822 13
539 537 -19
539 229 -8
539 541 -19
800 776 -28
800 232 8
722 723 -13
324 26 -19
324 322 8
324 610 19
26 3 -19
26 587 -19
322 24 -28
322 321 13
610 634 28
610 611 -19
610 51 -19
610 586 -8
243 550 28
29 586 -13
29 28 13
586 562 8
586 587 -8
28 5 19
28 50 28
190 497 -13
190 167 28
190 759 8
190 191 28
612 636 -19
612 613 -28
612 588 8
259 237 19
762 738 -8
788 503 -28
340 342 28
340 339 -19
68 631 13
68 91 -8
631 633 19
634 348 -19
634 635 28
348 346 8
635 345 -13
635 71 -19
635 633 -13
829 545 -28
829 805 28
545 543 13
495 497 28
495 493 -28
493 778 13
493 492 -13
493 491 -19
301 8 19
301 591 13
301 277 8
8 564 -8
277 567 8
277 278 -8
71 72 13
374 376 -19
537 535 -19
537 821 28
535 227 28
535 534 8
821 252 -8
821 822 -13
24 1 -13
24 47 -13
24 25 -19
587 297 13
295 319 8
295 296 8
295 2 19
295 271 28
50 51 13
50 613 -8
695 410 28
695 671 19
695 134 8
695 696 -19
410 409 8
410 408 28
410 412 -28
134 133 -8
134 136 13
134 132 28
696 694 13
696 698 19
192 169 -8
192 761 13
192 193 19
516 492 28
516 804 -28
492 189 -19
804 233 -8
193 758 19
193 191 -28
760 475 -19
760 736 -8
760 761 8
273 274 -19
273 297 -13
273 563 -19
274 276 -28
274 272 19
297 321 28
297 4 -19
563 562 -19
563 565 -13
563 561 -8
563 3 13
765 196 -28
12 568 19
281 571 -28
346 344 -19
346 47 13
346 345 8
344 343 28
47 609 -8
47 48 -28
345 49 8
345 321 13
543 233 28
543 541 -19
233 234 19
541 825 -8
409 385 -13
409 698 8
721 154 -19
721 723 28
435 411 19
435 723 -28
435 136 -13
133 698 -13
133 110 -28
133 154 -28
812 240 -13
778 754 8
754 469 28
754 755 13
754 189 28
698 700 13
698 697 28
110 412 28
110 674 28
154 459 19
154 155 -8
511 204 -28
511 796 -28
205 206 28
205 775 -28
280 278 8
280 566 -19
819 250 19
819 796 -8
819 820 28
250 252 28
250 249 28
796 772 8
820 248 -8
820 822 -19
457 152 13
457 455 13
457 459 28
52 615 -19
319 25 -8
319 609 -13
319 343 -19
25 582 8
609 611 -8
609 607 -8
343 633 -19
343 48 28
431 132 -8
408 693 -8
408 406 8
408 106 13
1 2 -19
1 561 -13
256 825 19
758 473 -28
758 759 19
88 385 -13
88 90 13
566 567 -13
606 582 13
606 607 28
606 48 13
70 72 -19
615 613 8
613 611 -13
341 365 -8
341 342 -13
341 317 28
342 628 -8
5 565 8
156 135 19
156 723 -28
156 157 -19
699 700 -28
699 675 28
112 135 19
112 113 -13
112 676 13
112 89 -8
412 411 28
412 697 13
756 191 28
756 732 -13
756 757 -13
191 189 -28
732 168 28
757 755 13
757 759 -13
252 251 -28
251 229 13
153 152 28
153 151 -19
153 155 -19
455 740 28
455 453 13
470 168 28
470 446 -8
470 759 8
419 120 19
167 168 -13
167 735 -8
167 473 8
759 761 -28
738 739 13
738 174 -8
738 453 -8
738 715 8
230 229 28
230 232 8
229 207 -19
207 777 -8
45 339 19
236 234 -13
469 163 13
163 164 13
163 731 -13
132 130 13
132 693 -13
503 196 -8
276 562 8
276 278 -13
565 564 28
565 567 19
49 51 8
49 48 -28
321 611 19
3 4 -13
403 427 -19
427 450 -8
427 428 -28
4 2 28
411 113 -28
411 700 -19
411 387 -28
136 135 8
136 697 19
777 776 -13
777 775 -13
135 700 8
475 473 -8
475 169 13
473 472 -13
169 170 19
169 737 -28
752 776 13
776 491 28
385 674 -19
775 773 -13
775 486 28
775 774 13
450 739 13
739 737 -8
155 157 -8
466 164 13
466 755 28
491 489 -8
172 174 -13
172 170 -28
172 736 8
170 168 -8
170 472 -19
736 737 8
736 713 28
472 761 -19
822 249 -13
822 534 19
232 234 -8
296 582 19
582 558 -13
564 278 28
564 588 28
424 426 13
426 428 19
426 425 13
204 773 -8
204 181 19
204 227 -19
405 694 -19
405 406 -28
694 693 28
694 129 -13
406 691 13
735 446 28
735 737 13
390 388 -13
390 89 -19
390 675 8
388 673 -28
388 387 8
89 90 8
675 652 -8
675 676 13
773 772 -19
772 206 19
772 748 8
772 487 19
715 691 -19
715 151 8
428 713 13
532 556 -19
130 129 -19
130 691 -28
129 106 -8
691 667 28
697 673 28
272 558 -13
272 271 8
248 227 -28
113 673 13
387 90 -28
387 676 13
452 151 8
452 453 28
673 674 28
674 676 -28
106 670 -28
558 559 8
558 2 28
559 561 -28
628 652 13
271 561 -28
399 688 28
425 126 28
688 690 13
486 487 28
667 382 13
748 463 -19
487 489 -13
487 181 19
774 489 -19
689 713 -13
689 690 -28
464 465 19
120 122 -19
465 463 -8
