127 692 -8
127 148 13
127 430 -8
127 128 -13
127 104 -28
692 403 -28
692 691 8
692 694 8
692 690 -13
148 171 -19
148 149 13
148 453 28
148 716 -8
430 432 8
430 429 8
430 715 -19
430 428 13
128 130 28
128 427 -19
128 126 28
128 689 19
104 105 13
104 406 19
104 668 13
104 81 28
523 215 19
523 521 28
523 522 -8
523 525 -28
523 807 -19
215 216 28
215 192 -13
215 785 13
215 237 13
521 519 -13
521 520 28
521 213 -28
521 805 8
522 498 28
522 546 8
522 810 -19
522 218 -28
525 217 -13
525 527 8
525 809 28
525 524 -19
807 239 8
807 784 -28
807 831 -28
807 808 -19
289 290 19
289 313 13
289 579 -13
290 576 -19
290 288 -19
290 292 -19
313 20 28
313 603 -28
313 337 -13
313 314 -19
579 577 -28
579 19 28
579 581 -8
579 578 -28
359 335 28
359 649 -19
359 360 28
359 383 19
359 63 8
335 625 -19
335 311 -28
335 336 -8
335 41 13
649 85 -8
649 651 28
649 647 8
649 648 -8
360 362 -8
360 646 -19
360 358 13
360 60 19
383 384 8
383 672 8
383 407 -8
383 86 28
63 65 -28
63 61 13
63 622 -28
63 62 -19
706 417 -13
706 704 -19
706 705 28
706 708 -8
417 440 -28
417 393 8
417 418 28
417 118 8
704 138 8
704 703 19
704 702 -28
704 415 13
705 142 19
705 420 13
705 681 8
705 728 -19
708 707 -28
708 141 -19
708 710 -28
708 419 -13
137 114 13
137 439 -28
137 702 19
137 158 -19
114 678 13
114 91 13
114 416 13
439 438 13
439 724 19
439 441 -13
702 701 -19
158 181 13
158 463 -8
158 725 19
362 62 -13
362 648 28
362 361 8
362 364 -28
62 625 19
62 40 -19
648 624 -28
648 671 -8
648 88 13
361 65 -13
361 651 -19
361 337 -19
361 385 -13
364 650 -28
364 363 8
364 64 28
364 366 -8
329 35 19
329 619 -13
329 353 13
329 330 -19
329 305 -13
35 34 -28
35 33 28
35 37 -13
35 592 19
619 621 -13
619 56 19
619 618 -28
619 617 -28
353 377 -8
353 643 -13
353 354 19
353 57 8
330 328 13
330 616 8
330 32 -19
330 332 -19
305 306 8
305 12 -19
305 281 28
305 595 19
658 656 -19
658 94 28
658 657 28
658 660 -19
658 369 8
656 655 -19
656 367 19
656 92 -19
94 117 -28
94 71 13
94 95 -19
94 396 28
657 634 8
657 372 -8
657 681 -28
657 97 13
660 371 13
660 96 -28
660 659 -13
660 662 19
369 370 8
369 345 -28
369 393 8
369 72 28
165 471 19
165 188 19
165 166 -8
165 733 8
165 143 -28
471 756 13
471 469 19
471 470 -13
471 473 28
188 495 -19
188 211 28
188 757 13
188 189 -13
166 468 -8
166 168 -8
166 164 -8
166 730 13
733 444 8
733 735 -28
733 731 8
733 732 -19
143 447 -19
143 121 -28
143 710 28
34 595 -19
34 11 13
34 332 -28
34 56 -28
595 594 -19
595 597 19
595 593 -8
11 12 13
11 571 -28
11 308 -8
332 334 -28
332 618 28
332 331 -19
56 79 13
56 57 8
56 356 8
20 18 28
20 576 13
20 22 -8
20 19 -8
18 16 8
18 311 13
18 574 -19
18 17 19
576 600 -28
576 577 -28
22 315 -8
22 21 19
22 578 -13
19 316 -28
19 42 -28
221 791 19
221 529 -13
221 222 -13
221 198 19
221 242 28
791 793 -8
791 789 13
791 502 -8
791 790 13
529 531 -28
529 813 19
529 528 -13
529 527 19
222 220 8
222 526 -8
222 224 13
222 788 -8
198 767 -8
198 505 19
198 199 -13
198 175 -8
242 243 8
242 814 -8
242 265 -19
242 553 28
402 404 -28
402 401 -28
402 400 -13
402 100 -28
402 687 -13
404 102 28
404 403 28
404 406 13
404 689 -19
401 103 -8
401 377 -19
401 425 13
401 690 -28
400 685 19
400 398 -19
400 98 28
400 399 8
100 664 28
100 77 -19
100 123 -28
100 101 28
687 688 28
687 711 19
687 663 -28
687 126 -19
664 662 8
664 666 -13
664 663 -19
664 375 8
77 78 28
77 54 28
77 641 -19
77 378 -19
123 426 13
123 688 8
123 124 -19
123 144 -13
101 103 8
101 99 19
101 399 8
101 661 13
600 314 19
600 624 8
600 601 19
600 43 13
314 316 8
314 312 -28
314 17 -28
624 625 13
624 65 8
624 338 13
601 40 -28
601 599 19
601 311 -28
601 603 13
43 41 -28
43 337 8
43 42 -19
43 45 8
794 817 -8
794 795 28
794 770 -8
794 509 -13
817 841 -19
817 818 -19
817 533 -28
795 793 -19
795 506 -8
795 225 19
770 485 8
770 771 -13
770 746 28
509 507 -19
509 202 28
509 508 -8
371 74 -13
371 395 13
371 372 -28
371 347 8
74 634 -28
74 73 19
74 76 13
74 72 -13
395 419 -8
395 396 8
395 684 19
395 97 -13
372 370 -19
372 71 -28
372 374 13
347 348 -28
347 51 8
347 323 13
347 637 13
103 102 8
103 663 19
103 105 -13
102 79 -8
102 125 28
102 666 28
663 640 -8
663 378 28
105 403 -8
105 665 28
105 107 13
584 27 28
584 585 -13
584 608 13
584 298 -19
584 560 -19
27 29 28
27 321 -19
27 26 8
27 25 13
585 24 19
585 583 28
585 587 -8
585 295 13
608 632 19
608 322 -13
608 49 19
608 609 -28
298 300 -8
298 296 -8
298 297 -8
298 1 -19
560 274 28
560 561 13
560 4 13
59 57 13
59 61 28
59 355 -28
59 58 -8
59 618 19
57 55 -19
57 616 8
61 60 13
61 357 -19
61 620 -28
355 356 8
355 331 -28
355 645 -28
355 379 8
58 358 28
58 621 19
58 36 -13
58 81 13
618 594 -13
618 642 -19
640 80 28
640 616 13
640 641 -28
640 354 -19
80 377 19
80 79 -8
80 82 13
80 78 -13
616 592 -28
616 617 28
641 351 28
641 639 28
641 643 28
354 54 -8
354 352 13
354 356 -8
443 441 8
443 445 28
443 728 28
443 442 -28
441 138 28
441 440 -19
441 726 28
445 444 13
445 447 -19
445 730 28
445 141 28
728 752 13
728 729 -19
728 164 28
442 142 -19
442 419 -13
442 731 -28
442 466 19
531 815 19
531 533 19
531 223 28
531 530 13
813 245 19
813 790 -13
813 837 -8
813 814 -13
528 504 -19
528 552 -13
528 816 -8
528 224 -8
527 219 -28
527 811 19
527 526 -8
625 627 -19
625 623 13
627 337 8
627 64 -19
627 629 8
627 626 -19
623 621 -28
623 60 -19
623 622 -19
623 333 19
835 266 -28
835 836 8
835 811 -13
835 551 28
266 268 -19
266 264 8
266 265 -8
836 548 -13
836 834 -28
836 838 8
836 263 19
811 243 19
811 812 -8
811 788 8
551 549 8
551 240 -19
551 553 13
551 550 19
142 140 -8
142 141 8
140 703 -28
140 139 19
140 440 -19
141 163 13
141 119 -28
498 195 28
498 787 -28
498 499 -28
498 474 8
195 194 -28
195 197 28
195 193 -19
195 760 -19
787 217 -13
787 785 28
787 789 -19
787 786 13
499 501 8
499 784 8
499 497 -13
499 192 -19
474 475 -28
474 450 -19
474 172 -28
474 763 13
444 421 -13
444 468 -8
447 449 13
447 732 -8
447 446 -19
730 707 -8
730 754 13
730 731 8
712 711 28
712 423 13
712 710 -8
712 714 8
712 144 -13
711 147 13
711 426 28
711 734 -13
423 424 19
423 124 -13
423 399 13
423 446 -19
710 421 -8
710 709 28
714 425 -19
714 716 13
714 146 28
714 713 -19
144 449 19
144 167 8
144 145 28
679 703 -28
679 394 -8
679 655 -13
679 118 -8
679 680 -28
703 418 -28
703 726 -19
394 392 -13
394 92 28
394 393 13
394 396 13
655 370 19
655 95 13
655 632 19
118 117 -28
118 116 -8
118 120 -13
680 391 -19
680 682 8
680 678 13
680 115 -8
194 763 13
194 171 -19
194 501 -28
194 217 8
763 762 -8
763 765 13
763 761 -28
171 172 8
171 477 -8
171 739 28
501 500 -13
501 786 -19
501 503 -19
217 238 -19
217 218 28
311 312 -19
311 287 -13
336 334 28
336 622 -28
336 338 -13
336 38 19
41 40 -19
41 39 -13
41 598 -19
662 98 -19
662 661 -19
662 373 13
666 377 -13
666 668 19
666 665 -13
375 351 -28
375 78 -19
375 399 -19
375 376 -28
766 790 8
766 481 -8
766 767 19
766 201 13
766 742 13
790 224 28
790 505 -8
481 479 19
481 480 -8
481 483 28
481 175 -19
767 478 28
767 769 -19
767 765 -19
201 504 -8
201 200 -13
201 203 -13
201 199 -28
742 743 -28
742 178 8
742 719 -8
742 457 19
40 338 -28
40 17 -13
338 337 28
338 340 28
17 577 -28
751 462 -13
751 749 19
751 753 19
751 750 13
751 182 -28
462 438 19
462 486 19
462 463 28
462 160 -13
749 181 -8
749 748 -8
753 752 -13
753 464 19
753 755 -19
753 184 13
750 185 -8
750 465 8
750 774 19
750 726 13
182 205 -8
182 489 8
182 159 -19
182 183 8
262 261 28
262 264 19
262 260 28
262 831 -19
261 238 -13
261 834 -13
264 263 -28
264 833 28
260 259 28
260 829 28
260 258 -8
831 832 19
831 547 -13
377 378 -28
378 376 28
378 380 19
239 546 -28
239 238 19
239 241 -19
784 760 28
784 218 8
784 785 -8
808 520 -19
808 806 -28
808 810 -28
808 237 28
109 407 -13
109 108 -28
109 111 28
109 107 -8
109 669 -8
407 696 28
407 431 28
407 408 -8
108 85 8
108 410 -8
108 672 -13
108 131 13
111 409 -8
111 671 13
111 113 19
111 110 -13
107 405 8
107 667 -28
107 106 19
669 646 -8
669 670 -13
669 384 -19
669 693 28
79 380 8
79 643 -13
380 379 -8
380 665 -8
380 382 -8
643 645 -28
643 642 19
65 64 -8
65 67 13
64 42 19
64 87 28
67 66 28
67 626 -8
67 363 13
646 622 28
646 647 -13
646 86 28
622 598 19
647 645 8
647 357 -19
647 83 8
86 85 19
86 84 -8
86 88 13
449 451 13
449 734 28
449 448 8
451 450 13
451 736 -19
451 146 13
451 453 8
734 758 28
734 735 -28
734 170 8
448 147 -8
448 472 -28
448 425 -28
448 737 28
440 729 -19
440 464 -28
393 682 -28
393 95 -28
418 420 -19
418 416 8
418 115 13
841 557 19
841 842 -8
557 555 -28
557 246 -13
557 556 -28
842 840 19
842 554 -13
842 269 19
147 145 -8
147 149 -28
147 146 -8
145 709 -28
145 446 19
149 450 8
149 713 13
149 151 13
146 125 28
146 169 8
504 793 8
504 505 -19
504 480 -8
793 223 -28
793 792 19
505 507 19
505 503 -28
480 456 19
480 178 -8
480 769 13
117 682 -19
117 420 -13
682 681 -19
682 684 8
420 419 19
420 422 -13
718 429 -19
718 720 19
718 717 -28
718 150 -8
718 716 -19
429 405 8
429 130 -19
429 452 -8
720 152 13
720 431 28
720 719 -13
720 721 13
717 153 -8
717 432 -8
717 693 28
717 740 -28
150 455 -19
150 129 -19
150 173 28
150 151 -28
716 715 -19
716 427 8
507 792 8
507 200 19
507 506 -28
792 768 -28
792 226 -13
792 815 -8
200 223 13
200 769 13
200 177 -28
506 203 -19
506 530 8
506 482 19
685 661 19
685 686 -28
685 709 8
685 124 19
661 376 28
661 638 -28
686 684 28
686 397 -8
686 688 19
686 121 13
709 424 13
709 732 28
124 126 13
124 122 28
223 244 -19
223 224 -13
769 768 -28
769 771 -19
177 178 -19
177 745 28
177 154 19
177 483 13
512 488 28
512 536 28
512 208 -19
512 801 -19
512 513 -8
488 185 28
488 777 13
488 489 -8
488 464 13
536 537 8
536 824 13
536 230 -19
208 207 -13
208 210 -8
208 206 -8
208 774 19
801 799 19
801 800 28
801 802 28
513 511 19
513 515 19
513 798 -19
513 205 13
349 53 -8
349 639 -13
349 350 19
349 325 -28
349 373 28
53 55 -13
53 51 13
53 612 -13
53 52 -28
639 75 28
639 637 13
639 638 -28
350 352 -13
350 636 28
350 348 8
350 50 -19
325 326 -13
325 301 -28
325 615 -28
325 31 -8
373 374 8
373 397 -19
373 76 -13
185 183 -13
185 187 28
185 184 -19
183 748 -28
183 486 13
187 752 -13
187 490 13
187 186 -13
187 189 -8
184 161 19
184 207 28
184 491 13
546 834 28
546 547 28
834 833 -19
834 832 19
547 549 28
547 545 28
547 237 28
268 270 -8
268 267 19
268 837 -28
270 269 13
270 839 8
267 244 13
267 840 -13
837 553 -19
837 838 8
351 352 -8
351 55 13
351 327 28
352 52 19
352 638 -13
55 54 -28
55 614 19
327 328 28
327 33 28
327 303 -8
327 617 28
304 302 -28
304 590 19
304 306 -8
304 7 -13
304 303 19
302 301 28
302 300 -8
302 588 -28
302 5 -28
590 33 -19
590 566 28
590 614 -28
590 591 8
306 308 -19
306 592 -8
306 9 -28
7 30 8
7 8 8
7 567 -8
303 279 -8
303 10 -13
303 593 8
238 549 13
238 810 -28
549 548 28
549 833 19
810 812 13
810 809 -13
384 386 -19
384 382 19
384 83 -13
672 671 -13
672 674 13
672 670 13
548 524 -8
548 241 28
524 500 -13
524 220 -8
524 812 -28
241 243 19
241 809 13
241 240 -13
245 552 8
245 244 -19
245 247 19
245 243 -13
814 816 -13
814 812 13
814 526 -8
85 386 28
386 671 28
386 388 28
386 385 -13
391 415 19
391 93 28
391 392 -13
391 367 -19
415 438 -13
415 116 -13
415 416 -28
93 654 -28
93 95 -19
93 92 19
392 91 -8
392 677 13
367 368 19
367 343 19
367 70 -28
479 173 13
479 764 28
479 477 -28
479 478 -19
173 196 8
173 174 13
173 741 28
764 788 13
764 740 28
764 765 19
764 199 8
477 762 8
477 475 -8
477 476 -8
478 454 -19
478 176 -19
478 502 8
799 228 -8
799 510 -28
799 797 -19
799 798 -19
228 537 -13
228 249 19
228 205 -28
510 511 -19
510 206 19
510 486 -13
510 534 28
797 227 -19
797 796 19
798 230 28
798 821 -13
798 774 -8
519 518 28
519 803 -13
519 517 -28
519 211 8
518 214 -8
518 542 8
518 806 -13
518 494 28
803 804 -13
803 780 19
803 827 -8
803 236 -19
517 209 -28
517 516 13
517 515 8
211 781 28
211 233 28
211 212 -19
681 120 -13
681 396 28
684 119 28
684 683 19
356 358 -19
356 642 -28
331 621 13
331 307 -19
331 37 8
645 81 8
645 644 -19
379 82 -19
379 403 28
379 668 -28
358 644 8
358 357 -28
644 84 -28
644 620 -13
644 667 8
357 333 19
357 381 28
701 416 -13
701 724 -28
701 139 8
701 677 -19
724 748 -13
724 725 -13
724 160 -19
139 438 -19
139 138 -13
677 678 8
677 116 -19
677 654 28
552 840 -19
552 553 -8
840 839 19
840 838 19
553 555 19
161 729 -19
161 162 -19
161 467 -28
729 727 -8
729 731 19
162 464 13
162 164 8
162 160 -19
162 726 -13
467 469 28
467 752 28
467 465 -8
467 466 28
310 13 -28
310 308 -19
310 596 19
310 312 19
310 309 28
13 36 28
13 573 28
13 14 -8
308 594 8
308 307 19
596 39 13
596 572 8
596 620 28
596 597 13
312 598 -28
312 15 19
309 16 13
309 285 28
309 599 19
309 333 13
555 554 -13
555 244 13
555 839 13
554 247 -13
554 530 -8
244 816 19
839 815 28
413 414 -28
413 437 13
413 389 13
414 699 13
414 112 28
414 412 19
437 460 19
389 390 -28
389 365 13
816 815 -8
816 818 19
577 575 19
577 287 13
16 15 28
16 14 -19
16 572 13
15 575 -28
15 38 -28
14 307 -28
14 12 28
14 570 8
572 286 -8
572 573 8
247 815 13
247 246 8
246 225 8
246 818 -28
246 269 13
398 96 13
398 396 13
398 397 13
398 683 -28
96 73 13
96 97 -8
96 119 8
397 99 -19
397 421 28
683 707 8
683 122 28
683 659 8
73 374 -28
73 637 13
73 50 -8
97 99 -13
97 95 19
119 120 -19
119 422 8
581 291 -8
581 21 -19
581 580 19
578 602 13
578 292 -28
485 179 -8
485 484 -28
485 483 19
179 747 -19
179 202 -8
179 180 -19
179 156 13
484 460 19
484 508 -19
483 768 -8
483 482 -19
82 81 -13
82 84 13
82 642 -13
81 382 8
84 381 -13
84 83 13
642 665 -13
98 121 -19
98 75 -19
98 99 28
121 424 28
121 122 8
75 376 28
75 76 -13
75 52 -28
99 659 -28
54 617 -28
54 32 -8
614 328 -19
614 615 8
614 638 8
809 786 8
809 833 -8
291 292 -13
291 315 13
292 294 28
315 316 -8
315 605 8
315 339 -13
621 620 8
620 334 -13
438 727 8
727 725 19
727 159 8
727 726 8
138 115 -28
138 159 -28
115 116 -19
115 92 19
159 465 -28
159 160 19
650 651 -28
650 626 -13
650 673 28
650 90 -28
363 339 -8
363 387 8
363 653 -13
366 652 -13
366 66 -28
366 365 -19
707 422 8
422 424 19
422 421 8
659 374 -13
659 636 -19
316 602 -13
316 318 8
602 626 28
602 45 -28
602 603 13
318 21 28
318 604 13
318 317 -19
42 603 19
42 340 -19
36 597 8
36 334 -13
36 37 19
597 307 -19
597 599 28
334 333 28
37 39 28
37 594 19
747 745 -28
747 458 -19
747 746 28
745 743 19
745 456 19
745 744 13
458 482 8
458 435 19
458 459 -28
458 157 -8
746 722 -13
746 461 19
21 44 -13
125 428 13
125 126 13
125 690 13
257 258 -19
257 235 13
257 830 -19
258 827 -13
258 256 28
235 213 8
235 545 28
235 806 19
235 236 -8
830 828 -13
830 829 19
830 542 28
830 832 -28
214 213 28
214 216 28
214 212 28
214 780 19
213 783 28
213 190 28
216 520 28
216 782 -8
216 218 8
212 516 -8
212 778 -19
212 210 -8
780 495 -28
780 756 8
780 781 8
785 783 8
785 496 -19
789 500 -28
789 788 8
789 219 -8
786 220 19
786 762 19
460 461 -8
461 156 19
461 459 28
60 83 -13
60 38 -19
533 532 -19
533 225 -13
530 226 28
530 818 -13
629 66 -8
629 339 -28
629 628 19
626 340 -19
288 287 -28
288 286 19
288 574 28
286 284 -8
286 285 -13
574 575 19
574 598 13
421 122 8
468 469 -8
468 492 13
468 757 -28
500 197 13
500 476 28
197 762 -19
197 196 -19
197 199 -28
476 452 8
476 174 -8
476 765 -28
828 540 -19
828 255 -28
828 827 -13
828 826 8
540 516 -13
540 234 -28
540 541 8
255 256 19
255 233 28
827 543 -19
826 253 13
826 825 -28
826 824 -8
826 538 -13
668 667 -8
668 670 -8
665 689 -8
768 744 -8
768 203 -8
744 180 -8
744 459 8
203 202 8
328 326 -28
328 30 8
326 324 -19
326 28 13
326 612 -19
30 52 19
30 31 13
30 591 8
33 31 -19
33 32 -8
31 29 19
31 588 -28
32 9 -28
32 593 8
263 240 28
220 218 8
220 219 8
219 196 -13
219 240 -28
299 275 -19
299 300 -28
299 589 -13
299 323 -28
299 6 28
275 276 28
275 565 -8
300 3 13
300 586 -19
589 28 -28
589 591 -19
589 588 -28
589 587 -28
323 324 -8
323 29 -19
323 613 -28
6 8 19
6 5 -28
6 4 -13
6 562 19
370 69 13
370 368 8
69 92 -28
69 47 13
69 70 -8
69 633 -28
368 654 -28
368 68 19
66 44 19
66 89 13
637 636 -8
637 635 28
638 78 13
294 293 -19
294 580 28
293 317 28
580 604 13
482 771 19
482 180 8
832 259 -19
832 544 -19
202 225 -8
202 771 13
225 226 13
514 515 -8
514 490 -8
514 210 19
514 538 -13
514 802 8
515 207 19
515 800 19
490 779 13
490 466 -13
490 491 8
210 209 -13
210 776 8
538 539 -19
538 232 -19
802 231 8
802 804 8
333 39 -13
279 280 8
279 569 13
10 9 -8
10 8 -13
10 566 8
10 12 -13
593 592 8
593 591 -19
39 38 28
38 599 -8
592 568 13
9 569 13
569 567 -28
569 571 -13
569 568 28
226 224 13
605 604 -28
605 44 8
605 603 28
604 628 8
44 342 13
44 45 -28
573 575 8
573 283 19
573 571 8
454 743 19
454 153 28
454 455 -13
454 431 -8
176 178 19
176 174 8
176 740 -8
176 175 19
502 503 -13
502 199 -19
502 526 -13
575 285 -28
78 76 13
76 636 -28
456 433 28
456 155 -13
456 457 13
178 180 28
434 432 28
434 719 -19
434 433 -13
434 131 28
434 436 -19
432 431 -8
432 129 -8
719 695 -13
719 155 8
433 409 -28
433 721 -28
433 134 -28
131 152 -13
131 696 13
131 132 -19
436 435 13
436 133 8
542 543 13
542 236 19
806 805 -13
806 804 -8
494 783 -8
494 495 -19
494 191 -8
494 470 8
838 265 19
838 550 -28
520 544 28
520 496 -8
544 545 13
496 497 19
496 472 8
496 193 8
381 405 8
381 670 28
381 382 -19
654 630 8
630 631 8
630 344 19
630 606 13
630 70 28
598 599 -13
632 346 -19
632 72 -8
632 633 -19
743 175 -28
743 741 28
175 152 19
741 739 28
741 452 -19
741 740 13
508 532 -8
23 583 28
23 46 -28
23 320 8
23 0 -28
583 582 19
46 68 8
46 344 -19
46 607 8
320 319 19
320 606 28
320 322 -19
0 296 -8
0 559 13
253 254 19
253 231 -13
254 823 -19
254 252 13
254 256 -13
231 209 -28
231 232 -13
231 541 -28
83 106 8
783 782 -19
783 781 13
782 805 28
782 758 -13
782 497 -8
781 779 19
781 492 19
209 779 -13
209 186 19
779 778 -28
779 777 13
186 493 8
186 163 13
186 755 8
651 653 -8
651 87 13
653 652 28
653 89 -13
87 388 -19
87 110 8
87 88 -19
617 615 -28
526 550 -28
284 283 8
284 570 19
284 282 -8
283 307 13
570 594 28
570 571 28
282 281 28
282 568 -28
282 280 8
823 824 28
823 539 -19
823 800 13
824 251 19
824 822 19
539 537 -19
539 229 13
539 541 19
800 776 -19
800 232 -28
722 723 -19
324 26 -19
324 322 -13
324 610 -13
26 3 -19
26 587 -13
322 24 -8
322 321 28
610 634 -8
610 611 -19
610 51 -13
610 586 -13
243 550 8
29 586 19
29 28 13
586 562 -13
586 587 -28
28 5 -28
28 50 8
190 497 8
190 167 -19
190 759 28
190 191 8
612 636 13
612 613 8
612 588 -13
259 237 -8
762 738 -13
788 503 -8
340 342 19
340 339 8
68 631 8
68 91 13
631 633 19
634 348 -19
634 635 19
348 346 8
635 345 28
635 71 28
635 633 -19
829 545 -28
829 805 19
545 543 -28
495 497 8
495 493 -28
493 778 -19
493 492 -8
493 491 8
301 8 -8
301 591 8
301 277 -8
8 564 19
277 567 -8
277 278 -8
71 72 -28
374 376 19
537 535 -8
537 821 -28
535 227 -13
535 534 19
821 252 8
821 822 -13
24 1 -19
24 47 8
24 25 -28
587 297 -28
295 319 -13
295 296 28
295 2 -8
295 271 -13
50 51 -19
50 613 -28
695 410 8
695 671 -19
695 134 8
695 696 -28
410 409 -13
410 408 28
410 412 19
134 133 -19
134 136 28
134 132 13
696 694 -28
696 698 -28
192 169 28
192 761 -19
192 193 -19
516 492 28
516 804 -8
492 189 -13
804 233 -8
193 758 28
193 191 13
760 475 -28
760 736 -19
760 761 -19
273 274 -19
273 297 -13
273 563 19
274 276 -28
274 272 8
297 321 19
297 4 -8
563 562 28
563 565 -19
563 561 -19
563 3 8
765 196 19
12 568 -8
281 571 8
346 344 -13
346 47 -19
346 345 -19
344 343 13
47 609 8
47 48 28
345 49 19
345 321 8
543 233 -8
543 541 -19
233 234 -13
541 825 -28
409 385 8
409 698 -28
721 154 -19
721 723 19
435 411 19
435 723 -28
435 136 19
133 698 19
133 110 13
133 154 -28
812 240 -28
778 754 -19
754 469 8
754 755 19
754 189 -13
698 700 -8
698 697 19
110 412 8
110 674 19
154 459 13
154 155 28
511 204 13
511 796 28
205 206 -28
205 775 -19
280 278 13
280 566 8
819 250 -19
819 796 -8
819 820 -13
250 252 -8
250 249 -28
796 772 19
820 248 8
820 822 -28
457 152 8
457 455 -28
457 459 28
52 615 -19
319 25 -13
319 609 19
319 343 -8
25 582 8
609 611 28
609 607 -13
343 633 -19
343 48 8
431 132 13
408 693 13
408 406 -8
408 106 28
1 2 19
1 561 19
256 825 19
758 473 28
758 759 -13
88 385 13
88 90 13
566 567 8
606 582 -28
606 607 13
606 48 28
70 72 -13
615 613 -8
613 611 -28
341 365 19
341 342 8
341 317 -28
342 628 8
5 565 -28
156 135 -13
156 723 19
156 157 13
699 700 -13
699 675 8
112 135 -28
112 113 -28
112 676 -8
112 89 -13
412 411 -19
412 697 -19
756 191 -28
756 732 8
756 757 -8
191 189 8
732 168 -8
757 755 -19
757 759 -13
252 251 8
251 229 8
153 152 -13
153 151 -8
153 155 -8
455 740 -28
455 453 -19
470 168 8
470 446 -19
470 759 19
419 120 -28
167 168 13
167 735 13
167 473 19
759 761 13
738 739 19
738 174 13
738 453 28
738 715 28
230 229 -19
230 232 19
229 207 13
207 777 -8
45 339 13
236 234 -13
469 163 -8
163 164 8
163 731 8
132 130 19
132 693 -8
503 196 13
276 562 19
276 278 28
565 564 13
565 567 -28
49 51 8
49 48 -13
321 611 8
3 4 -19
403 427 28
427 450 8
427 428 28
4 2 19
411 113 13
411 700 19
411 387 8
136 135 19
136 697 13
777 776 -28
777 775 -19
135 700 -19
475 473 -19
475 169 8
473 472 19
169 170 -28
169 737 -28
752 776 -8
776 491 19
385 674 -19
775 773 13
775 486 19
775 774 -13
450 739 -8
739 737 -19
155 157 -13
466 164 19
466 755 28
491 489 28
172 174 13
172 170 13
172 736 19
170 168 -19
170 472 28
736 737 28
736 713 -8
472 761 13
822 249 19
822 534 13
232 234 -8
296 582 19
582 558 -28
564 278 -28
564 588 19
424 426 -19
426 428 8
426 425 8
204 773 -28
204 181 28
204 227 -28
405 694 -8
405 406 13
694 693 13
694 129 28
406 691 13
735 446 -28
735 737 -13
390 388 28
390 89 -8
390 675 8
388 673 28
388 387 -13
89 90 8
675 652 13
675 676 -13
773 772 -13
772 206 28
772 748 19
772 487 28
715 691 13
715 151 19
428 713 -19
532 556 8
130 129 13
130 691 28
129 106 -13
691 667 19
697 673 -8
272 558 13
272 271 8
248 227 28
113 673 -19
387 90 -28
387 676 -8
452 151 -13
452 453 -13
673 674 8
674 676 -13
106 670 28
558 559 -13
558 2 -8
559 561 -8
628 652 28
271 561 -13
399 688 28
425 126 13
688 690 -13
486 487 19
667 382 8
748 463 28
487 489 28
487 181 13
774 489 28
689 713 -28
689 690 13
464 465 19
120 122 19
465 463 -13
