127 692 28
127 148 28
127 430 8
127 128 -19
127 104 -13
692 403 8
692 691 19
692 694 13
692 690 28
148 171 -8
148 149 -8
148 453 -19
148 716 -28
430 432 13
430 429 13
430 715 -8
430 428 -19
128 130 28
128 427 28
128 126 -13
128 689 28
104 105 -13
104 406 -28
104 668 28
104 81 13
523 215 -28
523 521 -28
523 522 -8
523 525 -13
523 807 -8
215 216 8
215 192 13
215 785 28
215 237 -19
521 519 -8
521 520 -28
521 213 -28
521 805 8
522 498 8
522 546 13
522 810 -28
522 218 28
525 217 13
525 527 -19
525 809 28
525 524 28
807 239 -19
807 784 -28
807 831 -13
807 808 -19
289 290 8
289 313 -19
289 579 8
290 576 -19
290 288 8
290 292 19
313 20 13
313 603 8
313 337 -28
313 314 -28
579 577 28
579 19 28
579 581 28
579 578 13
359 335 8
359 649 8
359 360 -19
359 383 28
359 63 -13
335 625 19
335 311 28
335 336 13
335 41 -13
649 85 28
649 651 -8
649 647 -8
649 648 -28
360 362 8
360 646 28
360 358 -13
360 60 -13
383 384 -13
383 672 -28
383 407 -8
383 86 13
63 65 -28
63 61 19
63 622 -8
63 62 28
706 417 -28
706 704 28
706 705 -28
706 708 8
417 440 -19
417 393 19
417 418 8
417 118 19
704 138 8
704 703 -19
704 702 8
704 415 13
705 142 -13
705 420 8
705 681 19
705 728 19
708 707 8
708 141 -8
708 710 19
708 419 -13
137 114 28
137 439 -28
137 702 28
137 158 19
114 678 -13
114 91 19
114 416 13
439 438 13
439 724 -8
439 441 -8
702 701 19
158 181 -28
158 463 28
158 725 13
362 62 19
362 648 -13
362 361 13
362 364 13
62 625 -28
62 40 8
648 624 -19
648 671 28
648 88 -28
361 65 8
361 651 28
361 337 -13
361 385 -13
364 650 28
364 363 28
364 64 -13
364 366 -19
329 35 -8
329 619 28
329 353 13
329 330 13
329 305 8
35 34 -19
35 33 -13
35 37 28
35 592 28
619 621 -13
619 56 -28
619 618 -8
619 617 -13
353 377 -13
353 643 -13
353 354 -8
353 57 8
330 328 -19
330 616 13
330 32 13
330 332 28
305 306 -8
305 12 -19
305 281 13
305 595 -19
658 656 8
658 94 19
658 657 13
658 660 13
658 369 -8
656 655 -8
656 367 -13
656 92 -19
94 117 8
94 71 -28
94 95 28
94 396 -8
657 634 13
657 372 19
657 681 -28
657 97 13
660 371 28
660 96 13
660 659 -19
660 662 19
369 370 13
369 345 28
369 393 28
369 72 28
165 471 28
165 188 -13
165 166 13
165 733 -8
165 143 19
471 756 28
471 469 -19
471 470 13
471 473 13
188 495 -19
188 211 -8
188 757 8
188 189 -8
166 468 -19
166 168 -13
166 164 -8
166 730 13
733 444 -8
733 735 -8
733 731 28
733 732 -8
143 447 13
143 121 8
143 710 19
34 595 28
34 11 -13
34 332 -19
34 56 28
595 594 13
595 597 -28
595 593 19
11 12 13
11 571 13
11 308 19
332 334 -28
332 618 -8
332 331 8
56 79 -28
56 57 13
56 356 8
20 18 -13
20 576 -13
20 22 -28
20 19 28
18 16 13
18 311 -13
18 574 -13
18 17 13
576 600 -28
576 577 -19
22 315 -19
22 21 13
22 578 -8
19 316 -8
19 42 -8
221 791 28
221 529 19
221 222 8
221 198 -28
221 242 -28
791 793 -13
791 789 -13
791 502 19
791 790 -8
529 531 19
529 813 28
529 528 -8
529 527 19
222 220 -28
222 526 8
222 224 -8
222 788 -19
198 767 13
198 505 19
198 199 19
198 175 -8
242 243 -19
242 814 13
242 265 -13
242 553 13
402 404 13
402 401 19
402 400 -8
402 100 28
402 687 -28
404 102 13
404 403 8
404 406 -28
404 689 28
401 103 -13
401 377 8
401 425 -19
401 690 -19
400 685 28
400 398 28
400 98 -8
400 399 -8
100 664 -13
100 77 13
100 123 -28
100 101 28
687 688 19
687 711 -13
687 663 -19
687 126 13
664 662 -13
664 666 19
664 663 -13
664 375 -8
77 78 19
77 54 28
77 641 28
77 378 13
123 426 -13
123 688 13
123 124 28
123 144 -19
101 103 -8
101 99 8
101 399 13
101 661 -19
600 314 -13
600 624 13
600 601 8
600 43 13
314 316 19
314 312 13
314 17 -19
624 625 -8
624 65 8
624 338 19
601 40 8
601 599 -28
601 311 19
601 603 -8
43 41 -13
43 337 8
43 42 -8
43 45 -19
794 817 -19
794 795 19
794 770 -8
794 509 -8
817 841 8
817 818 28
817 533 -13
795 793 -28
795 506 -19
795 225 8
770 485 13
770 771 -13
770 746 28
509 507 8
509 202 -13
509 508 -19
371 74 -8
371 395 -28
371 372 28
371 347 -28
74 634 -13
74 73 28
74 76 -19
74 72 19
395 419 -13
395 396 13
395 684 -13
395 97 -28
372 370 28
372 71 19
372 374 8
347 348 -8
347 51 -28
347 323 -19
347 637 8
103 102 -28
103 663 -13
103 105 -19
102 79 8
102 125 28
102 666 -8
663 640 -8
663 378 -8
105 403 -8
105 665 -8
105 107 8
584 27 28
584 585 -13
584 608 -8
584 298 13
584 560 -19
27 29 19
27 321 -19
27 26 19
27 25 -13
585 24 19
585 583 28
585 587 28
585 295 -28
608 632 13
608 322 28
608 49 19
608 609 -28
298 300 -28
298 296 19
298 297 13
298 1 -13
560 274 19
560 561 -19
560 4 -28
59 57 -13
59 61 -28
59 355 -13
59 58 28
59 618 -28
57 55 -8
57 616 19
61 60 -19
61 357 -13
61 620 19
355 356 19
355 331 -28
355 645 -8
355 379 -8
58 358 28
58 621 8
58 36 -28
58 81 8
618 594 13
618 642 8
640 80 19
640 616 13
640 641 -19
640 354 -13
80 377 8
80 79 -28
80 82 -28
80 78 8
616 592 8
616 617 8
641 351 -19
641 639 -28
641 643 -8
354 54 -28
354 352 -28
354 356 19
443 441 28
443 445 8
443 728 -8
443 442 13
441 138 -8
441 440 19
441 726 -13
445 444 -8
445 447 19
445 730 8
445 141 -8
728 752 13
728 729 -19
728 164 13
442 142 8
442 419 8
442 731 -8
442 466 -13
531 815 -13
531 533 8
531 223 8
531 530 19
813 245 19
813 790 -28
813 837 -8
813 814 19
528 504 8
528 552 13
528 816 -8
528 224 13
527 219 28
527 811 -19
527 526 13
625 627 28
625 623 -28
627 337 19
627 64 -13
627 629 8
627 626 -28
623 621 28
623 60 -19
623 622 19
623 333 19
835 266 28
835 836 28
835 811 -13
835 551 8
266 268 8
266 264 28
266 265 -28
836 548 -28
836 834 28
836 838 -28
836 263 -13
811 243 -13
811 812 28
811 788 8
551 549 -13
551 240 28
551 553 -13
551 550 -28
142 140 -13
142 141 13
140 703 28
140 139 28
140 440 19
141 163 28
141 119 8
498 195 -19
498 787 -19
498 499 8
498 474 -28
195 194 13
195 197 -28
195 193 -19
195 760 13
787 217 -8
787 785 -8
787 789 -28
787 786 19
499 501 -28
499 784 -13
499 497 13
499 192 13
474 475 13
474 450 19
474 172 -13
474 763 -13
444 421 13
444 468 19
447 449 28
447 732 -19
447 446 -28
730 707 28
730 754 -19
730 731 8
712 711 19
712 423 8
712 710 -8
712 714 8
712 144 19
711 147 -8
711 426 28
711 734 -8
423 424 8
423 124 -19
423 399 -19
423 446 8
710 421 13
710 709 28
714 425 19
714 716 -13
714 146 -13
714 713 -8
144 449 -8
144 167 -8
144 145 -19
679 703 8
679 394 -8
679 655 -13
679 118 -13
679 680 -28
703 418 -13
703 726 19
394 392 8
394 92 8
394 393 -19
394 396 19
655 370 8
655 95 -13
655 632 19
118 117 -13
118 116 -13
118 120 -19
680 391 -19
680 682 -19
680 678 19
680 115 -28
194 763 8
194 171 19
194 501 -8
194 217 28
763 762 28
763 765 -19
763 761 -13
171 172 13
171 477 19
171 739 8
501 500 8
501 786 28
501 503 8
217 238 8
217 218 13
311 312 28
311 287 28
336 334 -13
336 622 19
336 338 13
336 38 8
41 40 8
41 39 19
41 598 -8
662 98 -8
662 661 19
662 373 -19
666 377 13
666 668 -28
666 665 -19
375 351 -8
375 78 13
375 399 -28
375 376 -13
766 790 19
766 481 -19
766 767 8
766 201 28
766 742 -13
790 224 19
790 505 -8
481 479 28
481 480 -8
481 483 13
481 175 -13
767 478 19
767 769 -8
767 765 -8
201 504 -19
201 200 28
201 203 13
201 199 -19
742 743 -13
742 178 28
742 719 28
742 457 -19
40 338 13
40 17 -19
338 337 -28
338 340 -13
17 577 -28
751 462 -28
751 749 28
751 753 -8
751 750 -8
751 182 -28
462 438 28
462 486 28
462 463 -19
462 160 -28
749 181 13
749 748 13
753 752 -13
753 464 -28
753 755 28
753 184 19
750 185 28
750 465 13
750 774 -19
750 726 28
182 205 -28
182 489 -13
182 159 -28
182 183 -28
262 261 8
262 264 -28
262 260 -8
262 831 -8
261 238 -13
261 834 -28
264 263 19
264 833 28
260 259 13
260 829 8
260 258 28
831 832 -19
831 547 8
377 378 19
378 376 -19
378 380 8
239 546 -13
239 238 28
239 241 8
784 760 -13
784 218 8
784 785 -28
808 520 13
808 806 19
808 810 8
808 237 28
109 407 -13
109 108 28
109 111 -28
109 107 -13
109 669 19
407 696 28
407 431 -8
407 408 19
108 85 -28
108 410 -13
108 672 19
108 131 -28
111 409 -13
111 671 19
111 113 19
111 110 13
107 405 13
107 667 -8
107 106 -8
669 646 -8
669 670 -28
669 384 -28
669 693 -28
79 380 19
79 643 8
380 379 8
380 665 -19
380 382 -28
643 645 13
643 642 -19
65 64 13
65 67 13
64 42 -8
64 87 13
67 66 -19
67 626 28
67 363 28
646 622 19
646 647 -28
646 86 19
622 598 -13
647 645 13
647 357 -8
647 83 8
86 85 13
86 84 -19
86 88 8
449 451 8
449 734 8
449 448 19
451 450 19
451 736 -28
451 146 28
451 453 -19
734 758 19
734 735 8
734 170 19
448 147 8
448 472 -13
448 425 19
448 737 -8
440 729 -13
440 464 28
393 682 8
393 95 -13
418 420 13
418 416 8
418 115 -13
841 557 13
841 842 -19
557 555 28
557 246 13
557 556 13
842 840 -8
842 554 -8
842 269 -13
147 145 28
147 149 8
147 146 19
145 709 28
145 446 19
149 450 13
149 713 -28
149 151 -19
146 125 -19
146 169 13
504 793 -28
504 505 28
504 480 19
793 223 13
793 792 -13
505 507 -8
505 503 8
480 456 -13
480 178 8
480 769 8
117 682 8
117 420 13
682 681 13
682 684 8
420 419 19
420 422 19
718 429 13
718 720 -28
718 717 13
718 150 -13
718 716 -8
429 405 -8
429 130 13
429 452 -28
720 152 -13
720 431 8
720 719 -28
720 721 -13
717 153 -8
717 432 28
717 693 13
717 740 19
150 455 -13
150 129 19
150 173 -13
150 151 -8
716 715 -19
716 427 13
507 792 28
507 200 -13
507 506 19
792 768 8
792 226 19
792 815 -13
200 223 13
200 769 8
200 177 -19
506 203 -28
506 530 19
506 482 8
685 661 -8
685 686 -13
685 709 -28
685 124 8
661 376 13
661 638 8
686 684 8
686 397 -19
686 688 -13
686 121 13
709 424 -8
709 732 8
124 126 -8
124 122 13
223 244 28
223 224 19
769 768 8
769 771 19
177 178 -19
177 745 8
177 154 13
177 483 8
512 488 28
512 536 -28
512 208 13
512 801 28
512 513 -13
488 185 13
488 777 28
488 489 -8
488 464 -19
536 537 13
536 824 28
536 230 8
208 207 19
208 210 -19
208 206 -19
208 774 -28
801 799 -19
801 800 -28
801 802 -13
513 511 13
513 515 -8
513 798 28
513 205 -13
349 53 -8
349 639 28
349 350 -8
349 325 19
349 373 19
53 55 -19
53 51 19
53 612 13
53 52 28
639 75 28
639 637 19
639 638 19
350 352 8
350 636 19
350 348 28
350 50 19
325 326 -13
325 301 -8
325 615 -8
325 31 8
373 374 28
373 397 -8
373 76 28
185 183 -19
185 187 -13
185 184 19
183 748 -28
183 486 19
187 752 28
187 490 13
187 186 -19
187 189 -13
184 161 -13
184 207 8
184 491 -19
546 834 28
546 547 8
834 833 -19
834 832 19
547 549 28
547 545 -28
547 237 28
268 270 13
268 267 8
268 837 19
270 269 8
270 839 -19
267 244 19
267 840 -28
837 553 13
837 838 8
351 352 -28
351 55 13
351 327 28
352 52 8
352 638 13
55 54 -13
55 614 19
327 328 -28
327 33 28
327 303 13
327 617 -8
304 302 -8
304 590 -28
304 306 -28
304 7 -13
304 303 -19
302 301 13
302 300 19
302 588 -13
302 5 19
590 33 8
590 566 -8
590 614 -13
590 591 28
306 308 19
306 592 -13
306 9 -19
7 30 -28
7 8 -28
7 567 13
303 279 13
303 10 8
303 593 -13
238 549 -19
238 810 8
549 548 -13
549 833 -13
810 812 -19
810 809 28
384 386 28
384 382 -8
384 83 -19
672 671 -19
672 674 13
672 670 -19
548 524 8
548 241 19
524 500 8
524 220 -28
524 812 -13
241 243 -19
241 809 19
241 240 19
245 552 -8
245 244 -8
245 247 13
245 243 13
814 816 -13
814 812 28
814 526 19
85 386 8
386 671 28
386 388 19
386 385 -28
391 415 8
391 93 28
391 392 -13
391 367 13
415 438 -28
415 116 -8
415 416 -13
93 654 13
93 95 -13
93 92 19
392 91 -8
392 677 19
367 368 28
367 343 13
367 70 19
479 173 -28
479 764 13
479 477 -19
479 478 19
173 196 -13
173 174 13
173 741 19
764 788 19
764 740 13
764 765 -13
764 199 -13
477 762 -8
477 475 -13
477 476 -28
478 454 13
478 176 13
478 502 28
799 228 19
799 510 13
799 797 19
799 798 13
228 537 -8
228 249 -28
228 205 13
510 511 8
510 206 28
510 486 -28
510 534 8
797 227 -19
797 796 -13
798 230 13
798 821 28
798 774 8
519 518 19
519 803 -19
519 517 19
519 211 13
518 214 8
518 542 -8
518 806 -8
518 494 8
803 804 -8
803 780 13
803 827 -13
803 236 -28
517 209 -13
517 516 -8
517 515 28
211 781 -28
211 233 -19
211 212 19
681 120 13
681 396 13
684 119 8
684 683 19
356 358 13
356 642 -13
331 621 -8
331 307 -8
331 37 13
645 81 -28
645 644 -28
379 82 -19
379 403 -28
379 668 19
358 644 8
358 357 -28
644 84 -13
644 620 -28
644 667 -28
357 333 28
357 381 19
701 416 19
701 724 -28
701 139 28
701 677 -28
724 748 8
724 725 19
724 160 13
139 438 -8
139 138 8
677 678 28
677 116 13
677 654 19
552 840 19
552 553 28
840 839 -19
840 838 -28
553 555 -19
161 729 19
161 162 -13
161 467 8
729 727 -13
729 731 -19
162 464 8
162 164 28
162 160 28
162 726 -28
467 469 13
467 752 -28
467 465 13
467 466 -28
310 13 -19
310 308 -19
310 596 13
310 312 -13
310 309 -8
13 36 19
13 573 19
13 14 28
308 594 13
308 307 19
596 39 -28
596 572 8
596 620 28
596 597 19
312 598 -8
312 15 13
309 16 28
309 285 13
309 599 -19
309 333 -19
555 554 -19
555 244 -28
555 839 -28
554 247 8
554 530 -13
244 816 -28
839 815 8
413 414 13
413 437 8
413 389 -13
414 699 -8
414 112 8
414 412 28
437 460 8
389 390 -8
389 365 8
816 815 -13
816 818 -13
577 575 19
577 287 8
16 15 -28
16 14 -13
16 572 28
15 575 -13
15 38 8
14 307 -8
14 12 -28
14 570 -19
572 286 -8
572 573 13
247 815 -13
247 246 28
246 225 -13
246 818 19
246 269 28
398 96 -8
398 396 -8
398 397 13
398 683 19
96 73 -13
96 97 8
96 119 19
397 99 -13
397 421 13
683 707 -28
683 122 -13
683 659 28
73 374 8
73 637 -28
73 50 -28
97 99 -19
97 95 8
119 120 28
119 422 8
581 291 28
581 21 13
581 580 8
578 602 28
578 292 8
485 179 -19
485 484 13
485 483 -19
179 747 -28
179 202 28
179 180 19
179 156 -28
484 460 -19
484 508 -19
483 768 -28
483 482 8
82 81 -28
82 84 8
82 642 13
81 382 13
84 381 28
84 83 28
642 665 19
98 121 28
98 75 -8
98 99 19
121 424 -19
121 122 28
75 376 -8
75 76 13
75 52 8
99 659 -19
54 617 28
54 32 -28
614 328 -8
614 615 -8
614 638 -19
809 786 13
809 833 -28
291 292 28
291 315 -28
292 294 -8
315 316 28
315 605 -13
315 339 -19
621 620 13
620 334 -28
438 727 -8
727 725 13
727 159 -19
727 726 28
138 115 19
138 159 28
115 116 -8
115 92 28
159 465 -8
159 160 -8
650 651 28
650 626 13
650 673 19
650 90 13
363 339 -13
363 387 -28
363 653 19
366 652 -8
366 66 19
366 365 -8
707 422 -8
422 424 13
422 421 -8
659 374 19
659 636 8
316 602 13
316 318 -19
602 626 -8
602 45 -8
602 603 -28
318 21 19
318 604 -19
318 317 8
42 603 -19
42 340 19
36 597 -8
36 334 -19
36 37 -28
597 307 -13
597 599 -8
334 333 28
37 39 -8
37 594 -28
747 745 28
747 458 8
747 746 -8
745 743 -13
745 456 19
745 744 13
458 482 -19
458 435 -13
458 459 -19
458 157 8
746 722 19
746 461 -13
21 44 -13
125 428 8
125 126 28
125 690 -13
257 258 19
257 235 -13
257 830 -8
258 827 8
258 256 8
235 213 8
235 545 13
235 806 13
235 236 -8
830 828 8
830 829 13
830 542 -28
830 832 -28
214 213 -8
214 216 -13
214 212 13
214 780 28
213 783 -13
213 190 -13
216 520 8
216 782 -19
216 218 28
212 516 -28
212 778 8
212 210 8
780 495 -28
780 756 19
780 781 13
785 783 -13
785 496 -19
789 500 19
789 788 28
789 219 -19
786 220 8
786 762 13
460 461 -19
461 156 13
461 459 -8
60 83 13
60 38 8
533 532 -19
533 225 -28
530 226 -8
530 818 -19
629 66 19
629 339 8
629 628 13
626 340 -8
288 287 28
288 286 -19
288 574 19
286 284 -19
286 285 19
574 575 28
574 598 19
421 122 8
468 469 -8
468 492 8
468 757 -8
500 197 19
500 476 28
197 762 -13
197 196 -8
197 199 -19
476 452 -8
476 174 -28
476 765 28
828 540 8
828 255 28
828 827 13
828 826 -8
540 516 -19
540 234 19
540 541 -8
255 256 28
255 233 -19
827 543 19
826 253 -19
826 825 13
826 824 -28
826 538 28
668 667 19
668 670 -8
665 689 -13
768 744 -28
768 203 8
744 180 19
744 459 28
203 202 13
328 326 28
328 30 28
326 324 13
326 28 -13
326 612 13
30 52 -8
30 31 -8
30 591 28
33 31 28
33 32 8
31 29 8
31 588 -8
32 9 -13
32 593 19
263 240 13
220 218 13
220 219 -8
219 196 -8
219 240 -8
299 275 8
299 300 -19
299 589 -28
299 323 -19
299 6 28
275 276 -28
275 565 13
300 3 19
300 586 -28
589 28 13
589 591 19
589 588 8
589 587 8
323 324 -8
323 29 -19
323 613 13
6 8 13
6 5 -13
6 4 -19
6 562 28
370 69 -13
370 368 13
69 92 8
69 47 -28
69 70 -13
69 633 13
368 654 28
368 68 13
66 44 -28
66 89 13
637 636 -28
637 635 13
638 78 8
294 293 -28
294 580 -28
293 317 -8
580 604 28
482 771 13
482 180 -13
832 259 19
832 544 -13
202 225 28
202 771 -19
225 226 -13
514 515 8
514 490 13
514 210 8
514 538 -13
514 802 -28
515 207 -19
515 800 -19
490 779 8
490 466 -28
490 491 -19
210 209 19
210 776 -8
538 539 19
538 232 28
802 231 -13
802 804 13
333 39 -8
279 280 28
279 569 -8
10 9 8
10 8 8
10 566 -13
10 12 -8
593 592 19
593 591 28
39 38 13
38 599 -13
592 568 -19
9 569 -19
569 567 19
569 571 -28
569 568 13
226 224 13
605 604 8
605 44 13
605 603 -19
604 628 -28
44 342 28
44 45 -19
573 575 -28
573 283 -19
573 571 -28
454 743 19
454 153 -8
454 455 19
454 431 -8
176 178 28
176 174 13
176 740 -28
176 175 -13
502 503 -13
502 199 28
502 526 -28
575 285 -8
78 76 -13
76 636 19
456 433 19
456 155 -19
456 457 13
178 180 8
434 432 -13
434 719 -8
434 433 8
434 131 28
434 436 13
432 431 -8
432 129 8
719 695 -8
719 155 -8
433 409 -28
433 721 19
433 134 19
131 152 13
131 696 8
131 132 19
436 435 28
436 133 19
542 543 19
542 236 13
806 805 28
806 804 -8
494 783 -8
494 495 28
494 191 28
494 470 13
838 265 13
838 550 -28
520 544 -19
520 496 13
544 545 13
496 497 -13
496 472 -19
496 193 28
381 405 -19
381 670 8
381 382 -28
654 630 -28
630 631 -19
630 344 13
630 606 28
630 70 -28
598 599 19
632 346 -19
632 72 -28
632 633 13
743 175 19
743 741 19
175 152 28
741 739 28
741 452 -28
741 740 28
508 532 8
23 583 -13
23 46 8
23 320 19
23 0 -28
583 582 19
46 68 -28
46 344 -8
46 607 -28
320 319 19
320 606 -13
320 322 13
0 296 13
0 559 -8
253 254 19
253 231 -8
254 823 -13
254 252 -8
254 256 -13
231 209 13
231 232 13
231 541 13
83 106 19
783 782 -13
783 781 28
782 805 -19
782 758 -13
782 497 -28
781 779 19
781 492 13
209 779 -13
209 186 -19
779 778 13
779 777 -8
186 493 -19
186 163 8
186 755 -28
651 653 -13
651 87 -19
653 652 -28
653 89 13
87 388 -13
87 110 -19
87 88 -28
617 615 8
526 550 -8
284 283 -19
284 570 -8
284 282 19
283 307 -19
570 594 8
570 571 13
282 281 28
282 568 -19
282 280 8
823 824 8
823 539 -8
823 800 8
824 251 -19
824 822 28
539 537 19
539 229 -8
539 541 -13
800 776 -28
800 232 19
722 723 8
324 26 -19
324 322 -8
324 610 -19
26 3 19
26 587 -8
322 24 -19
322 321 13
610 634 8
610 611 -8
610 51 -8
610 586 -28
243 550 13
29 586 8
29 28 -8
586 562 28
586 587 -13
28 5 8
28 50 13
190 497 -13
190 167 -28
190 759 -28
190 191 13
612 636 8
612 613 -28
612 588 -8
259 237 28
762 738 -19
788 503 13
340 342 28
340 339 -28
68 631 -8
68 91 13
631 633 13
634 348 28
634 635 -19
348 346 8
635 345 8
635 71 -13
635 633 28
829 545 -19
829 805 -19
545 543 -28
495 497 8
495 493 -19
493 778 -28
493 492 -13
493 491 -28
301 8 28
301 591 -8
301 277 -19
8 564 8
277 567 -13
277 278 -28
71 72 28
374 376 28
537 535 -28
537 821 -28
535 227 -28
535 534 -13
821 252 28
821 822 -13
24 1 13
24 47 28
24 25 -13
587 297 28
295 319 28
295 296 -19
295 2 13
295 271 -13
50 51 13
50 613 8
695 410 8
695 671 -13
695 134 8
695 696 -28
410 409 -28
410 408 8
410 412 28
134 133 -19
134 136 -28
134 132 8
696 694 19
696 698 13
192 169 8
192 761 -13
192 193 28
516 492 8
516 804 8
492 189 13
804 233 28
193 758 13
193 191 -19
760 475 -28
760 736 -8
760 761 -28
273 274 -19
273 297 -19
273 563 19
274 276 8
274 272 -13
297 321 8
297 4 13
563 562 13
563 565 8
563 561 -19
563 3 -28
765 196 28
12 568 28
281 571 -28
346 344 19
346 47 28
346 345 -28
344 343 -28
47 609 -28
47 48 13
345 49 -13
345 321 -19
543 233 -8
543 541 28
233 234 -28
541 825 8
409 385 -8
409 698 -8
721 154 28
721 723 -19
435 411 -19
435 723 28
435 136 28
133 698 13
133 110 19
133 154 8
812 240 -13
778 754 28
754 469 19
754 755 -13
754 189 13
698 700 -13
698 697 -13
110 412 8
110 674 -13
154 459 13
154 155 -13
511 204 8
511 796 19
205 206 -13
205 775 -28
280 278 -8
280 566 13
819 250 13
819 796 -13
819 820 -28
250 252 8
250 249 -8
796 772 28
820 248 -19
820 822 -8
457 152 -13
457 455 8
457 459 -8
52 615 19
319 25 -8
319 609 28
319 343 -13
25 582 -19
609 611 -19
609 607 28
343 633 -19
343 48 -28
431 132 -28
408 693 8
408 406 -13
408 106 -8
1 2 13
1 561 -8
256 825 -13
758 473 13
758 759 -19
88 385 -19
88 90 13
566 567 8
606 582 8
606 607 8
606 48 -8
70 72 -8
615 613 -13
613 611 28
341 365 -19
341 342 -28
341 317 -13
342 628 -13
5 565 8
156 135 -13
156 723 28
156 157 13
699 700 -28
699 675 -8
112 135 19
112 113 -8
112 676 -8
112 89 -13
412 411 13
412 697 -28
756 191 -19
756 732 -19
756 757 -28
191 189 28
732 168 -19
757 755 8
757 759 -28
252 251 28
251 229 13
153 152 13
153 151 -28
153 155 13
455 740 19
455 453 28
470 168 28
470 446 -13
470 759 -8
419 120 -13
167 168 -13
167 735 -28
167 473 -19
759 761 -8
738 739 13
738 174 19
738 453 8
738 715 13
230 229 13
230 232 28
229 207 19
207 777 -19
45 339 -28
236 234 19
469 163 28
163 164 28
163 731 -8
132 130 -19
132 693 19
503 196 19
276 562 19
276 278 13
565 564 -13
565 567 8
49 51 19
49 48 -28
321 611 -19
3 4 -8
403 427 28
427 450 19
427 428 -28
4 2 28
411 113 -8
411 700 8
411 387 8
136 135 -8
136 697 -8
777 776 19
777 775 19
135 700 13
475 473 8
475 169 -28
473 472 -13
169 170 -19
169 737 -13
752 776 13
776 491 -28
385 674 -8
775 773 28
775 486 -28
775 774 -13
450 739 -13
739 737 13
155 157 28
466 164 -13
466 755 19
491 489 13
172 174 13
172 170 13
172 736 -19
170 168 28
170 472 19
736 737 19
736 713 -19
472 761 8
822 249 19
822 534 -13
232 234 13
296 582 -13
582 558 19
564 278 -28
564 588 13
424 426 -28
426 428 -19
426 425 -28
204 773 28
204 181 -8
204 227 -13
405 694 28
405 406 -13
694 693 13
694 129 13
406 691 -8
735 446 13
735 737 -28
390 388 8
390 89 13
390 675 28
388 673 8
388 387 -8
89 90 8
675 652 13
675 676 28
773 772 8
772 206 -28
772 748 28
772 487 28
715 691 8
715 151 19
428 713 -19
532 556 -8
130 129 8
130 691 13
129 106 13
691 667 -8
697 673 28
272 558 -19
272 271 13
248 227 -8
113 673 -8
387 90 8
387 676 -13
452 151 19
452 453 13
673 674 -13
674 676 8
106 670 -28
558 559 28
558 2 13
559 561 19
628 652 -19
271 561 19
399 688 -19
425 126 28
688 690 -19
486 487 28
667 382 -8
748 463 19
487 489 -28
487 181 19
774 489 -8
689 713 -8
689 690 28
464 465 19
120 122 8
465 463 -19
