127 692 28
127 148 13
127 430 19
127 128 8
127 104 8
692 403 13
692 691 -19
692 694 19
692 690 8
148 171 8
148 149 -19
148 453 -8
148 716 28
430 432 -28
430 429 13
430 715 -8
430 428 19
128 130 19
128 427 -8
128 126 -8
128 689 8
104 105 28
104 406 -19
104 668 8
104 81 -8
523 215 -8
523 521 -19
523 522 19
523 525 28
523 807 8
215 216 -28
215 192 13
215 785 -13
215 237 13
521 519 -8
521 520 13
521 213 28
521 805 28
522 498 -13
522 546 13
522 810 28
522 218 -19
525 217 19
525 527 28
525 809 -19
525 524 -8
807 239 28
807 784 13
807 831 28
807 808 -28
289 290 13
289 313 8
289 579 -19
290 576 -13
290 288 -28
290 292 -19
313 20 8
313 603 -19
313 337 19
313 314 8
579 577 19
579 19 -8
579 581 13
579 578 -8
359 335 8
359 649 19
359 360 19
359 383 -28
359 63 13
335 625 8
335 311 28
335 336 8
335 41 -13
649 85 -8
649 651 13
649 647 8
649 648 13
360 362 -13
360 646 8
360 358 -19
360 60 -28
383 384 19
383 672 13
383 407 -8
383 86 28
63 65 19
63 61 13
63 622 19
63 62 28
706 417 -28
706 704 8
706 705 -28
706 708 28
417 440 13
417 393 -19
417 418 8
417 118 19
704 138 13
704 703 28
704 702 8
704 415 8
705 142 8
705 420 -8
705 681 -8
705 728 8
708 707 -13
708 141 28
708 710 8
708 419 -19
137 114 28
137 439 -8
137 702 -13
137 158 8
114 678 19
114 91 -28
114 416 -28
439 438 -8
439 724 -28
439 441 -28
702 701 -13
158 181 13
158 463 28
158 725 -28
362 62 28
362 648 13
362 361 -28
362 364 -13
62 625 19
62 40 -19
648 624 28
648 671 -19
648 88 28
361 65 13
361 651 8
361 337 -28
361 385 -13
364 650 -13
364 363 -28
364 64 -13
364 366 -8
329 35 8
329 619 -28
329 353 28
329 330 -13
329 305 13
35 34 -8
35 33 19
35 37 28
35 592 13
619 621 28
619 56 -28
619 618 13
619 617 -8
353 377 8
353 643 13
353 354 -28
353 57 8
330 328 8
330 616 19
330 32 -28
330 332 13
305 306 28
305 12 -28
305 281 -13
305 595 -8
658 656 -28
658 94 19
658 657 13
658 660 -8
658 369 8
656 655 -19
656 367 -19
656 92 -19
94 117 -28
94 71 -19
94 95 13
94 396 -13
657 634 -8
657 372 13
657 681 28
657 97 13
660 371 -19
660 96 28
660 659 -19
660 662 -8
369 370 -28
369 345 -19
369 393 13
369 72 -28
165 471 -28
165 188 8
165 166 8
165 733 -28
165 143 -8
471 756 -8
471 469 8
471 470 19
471 473 -19
188 495 8
188 211 13
188 757 -19
188 189 -8
166 468 19
166 168 13
166 164 -8
166 730 -8
733 444 19
733 735 -19
733 731 8
733 732 19
143 447 -28
143 121 -19
143 710 19
34 595 8
34 11 8
34 332 -28
34 56 -13
595 594 8
595 597 19
595 593 -13
11 12 8
11 571 19
11 308 28
332 334 -8
332 618 -13
332 331 -13
56 79 -19
56 57 -8
56 356 -19
20 18 -13
20 576 8
20 22 28
20 19 -19
18 16 19
18 311 -8
18 574 -19
18 17 28
576 600 8
576 577 19
22 315 8
22 21 13
22 578 13
19 316 13
19 42 -28
221 791 28
221 529 8
221 222 -19
221 198 -8
221 242 13
791 793 28
791 789 -8
791 502 -28
791 790 -13
529 531 -28
529 813 -8
529 528 -8
529 527 19
222 220 28
222 526 19
222 224 13
222 788 28
198 767 19
198 505 -13
198 199 -13
198 175 8
242 243 -28
242 814 19
242 265 -8
242 553 -13
402 404 -28
402 401 -8
402 400 -13
402 100 28
402 687 19
404 102 -8
404 403 -8
404 406 28
404 689 8
401 103 8
401 377 19
401 425 13
401 690 -19
400 685 -8
400 398 8
400 98 19
400 399 -19
100 664 8
100 77 -28
100 123 -28
100 101 13
687 688 -13
687 711 19
687 663 -28
687 126 28
664 662 -13
664 666 28
664 663 -28
664 375 13
77 78 -8
77 54 28
77 641 -28
77 378 28
123 426 28
123 688 -13
123 124 -28
123 144 8
101 103 13
101 99 13
101 399 13
101 661 28
600 314 13
600 624 19
600 601 13
600 43 -19
314 316 13
314 312 -28
314 17 -19
624 625 -8
624 65 8
624 338 -28
601 40 19
601 599 -28
601 311 28
601 603 -19
43 41 -13
43 337 8
43 42 28
43 45 8
794 817 8
794 795 -19
794 770 -19
794 509 -13
817 841 28
817 818 28
817 533 -8
795 793 -19
795 506 -19
795 225 -8
770 485 19
770 771 8
770 746 13
509 507 -28
509 202 19
509 508 19
371 74 -13
371 395 19
371 372 -28
371 347 13
74 634 -19
74 73 -28
74 76 8
74 72 28
395 419 -13
395 396 13
395 684 19
395 97 -28
372 370 8
372 71 -28
372 374 -8
347 348 -13
347 51 19
347 323 13
347 637 -13
103 102 19
103 663 -13
103 105 13
102 79 19
102 125 28
102 666 13
663 640 13
663 378 -8
105 403 28
105 665 -8
105 107 -13
584 27 13
584 585 8
584 608 -8
584 298 19
584 560 -8
27 29 19
27 321 -8
27 26 8
27 25 -13
585 24 28
585 583 28
585 587 -13
585 295 -13
608 632 -19
608 322 13
608 49 8
608 609 8
298 300 28
298 296 -28
298 297 13
298 1 -28
560 274 28
560 561 28
560 4 -28
59 57 28
59 61 -13
59 355 -28
59 58 -13
59 618 28
57 55 -28
57 616 -8
61 60 8
61 357 8
61 620 -19
355 356 -13
355 331 28
355 645 13
355 379 -8
58 358 28
58 621 13
58 36 -28
58 81 28
618 594 19
618 642 13
640 80 8
640 616 8
640 641 -28
640 354 -13
80 377 28
80 79 -13
80 82 8
80 78 28
616 592 -19
616 617 -19
641 351 28
641 639 13
641 643 28
354 54 28
354 352 28
354 356 -28
443 441 -19
443 445 -19
443 728 8
443 442 28
441 138 13
441 440 -28
441 726 19
445 444 19
445 447 -19
445 730 -8
445 141 -8
728 752 -28
728 729 -8
728 164 28
442 142 -19
442 419 19
442 731 -28
442 466 28
531 815 -28
531 533 13
531 223 8
531 530 19
813 245 -8
813 790 13
813 837 13
813 814 -8
528 504 28
528 552 19
528 816 -28
528 224 19
527 219 28
527 811 19
527 526 19
625 627 -8
625 623 -13
627 337 13
627 64 -28
627 629 13
627 626 28
623 621 -28
623 60 -19
623 622 19
623 333 19
835 266 13
835 836 -8
835 811 28
835 551 19
266 268 13
266 264 8
266 265 13
836 548 -19
836 834 -13
836 838 13
836 263 -19
811 243 28
811 812 -28
811 788 19
551 549 8
551 240 -19
551 553 19
551 550 8
142 140 19
142 141 13
140 703 -28
140 139 28
140 440 -19
141 163 28
141 119 -13
498 195 -19
498 787 -19
498 499 28
498 474 28
195 194 -8
195 197 -8
195 193 19
195 760 13
787 217 28
787 785 13
787 789 19
787 786 13
499 501 28
499 784 13
499 497 28
499 192 8
474 475 8
474 450 8
474 172 -13
474 763 -28
444 421 8
444 468 19
447 449 -19
447 732 19
447 446 8
730 707 13
730 754 28
730 731 13
712 711 -19
712 423 -8
712 710 -8
712 714 8
712 144 8
711 147 -13
711 426 19
711 734 -19
423 424 -19
423 124 -8
423 399 -19
423 446 -28
710 421 -19
710 709 -19
714 425 -8
714 716 -19
714 146 8
714 713 -28
144 449 -13
144 167 -8
144 145 13
679 703 -13
679 394 13
679 655 13
679 118 -19
679 680 28
703 418 -13
703 726 8
394 392 13
394 92 13
394 393 19
394 396 19
655 370 8
655 95 -13
655 632 -13
118 117 13
118 116 -19
118 120 13
680 391 -13
680 682 -13
680 678 -13
680 115 -28
194 763 -13
194 171 -19
194 501 -13
194 217 28
763 762 -13
763 765 -28
763 761 28
171 172 8
171 477 19
171 739 -13
501 500 13
501 786 8
501 503 28
217 238 8
217 218 -8
311 312 -28
311 287 -13
336 334 28
336 622 28
336 338 19
336 38 -13
41 40 -13
41 39 -19
41 598 28
662 98 13
662 661 -28
662 373 -8
666 377 -13
666 668 -8
666 665 -28
375 351 -19
375 78 8
375 399 -28
375 376 13
766 790 -8
766 481 -8
766 767 -13
766 201 -8
766 742 13
790 224 28
790 505 8
481 479 19
481 480 28
481 483 -19
481 175 -8
767 478 -13
767 769 8
767 765 13
201 504 -19
201 200 -28
201 203 28
201 199 -28
742 743 8
742 178 13
742 719 -8
742 457 -19
40 338 13
40 17 -8
338 337 19
338 340 -13
17 577 8
751 462 28
751 749 -19
751 753 8
751 750 8
751 182 8
462 438 28
462 486 -28
462 463 13
462 160 -19
749 181 28
749 748 -19
753 752 -19
753 464 28
753 755 -8
753 184 8
750 185 13
750 465 28
750 774 -8
750 726 19
182 205 13
182 489 -19
182 159 -19
182 183 8
262 261 -8
262 264 -13
262 260 28
262 831 28
261 238 -28
261 834 19
264 263 -19
264 833 -8
260 259 -13
260 829 8
260 258 -8
831 832 28
831 547 -28
377 378 -28
378 376 19
378 380 -19
239 546 -28
239 238 28
239 241 13
784 760 19
784 218 -13
784 785 -8
808 520 13
808 806 8
808 810 19
808 237 28
109 407 -8
109 108 19
109 111 8
109 107 19
109 669 8
407 696 8
407 431 28
407 408 -28
108 85 -8
108 410 13
108 672 -13
108 131 19
111 409 8
111 671 28
111 113 8
111 110 19
107 405 8
107 667 -8
107 106 13
669 646 13
669 670 19
669 384 -13
669 693 -8
79 380 19
79 643 28
380 379 -13
380 665 8
380 382 -19
643 645 -13
643 642 19
65 64 13
65 67 8
64 42 13
64 87 8
67 66 -13
67 626 8
67 363 -13
646 622 -13
646 647 -19
646 86 8
622 598 -28
647 645 13
647 357 -28
647 83 -8
86 85 8
86 84 13
86 88 28
449 451 -13
449 734 -8
449 448 -28
451 450 -19
451 736 19
451 146 -13
451 453 19
734 758 -8
734 735 8
734 170 -19
448 147 -28
448 472 13
448 425 19
448 737 13
440 729 19
440 464 -8
393 682 28
393 95 28
418 420 -19
418 416 8
418 115 -28
841 557 19
841 842 -28
557 555 19
557 246 28
557 556 28
842 840 8
842 554 -13
842 269 -19
147 145 19
147 149 -8
147 146 13
145 709 -13
145 446 28
149 450 19
149 713 13
149 151 28
146 125 -19
146 169 -13
504 793 -28
504 505 28
504 480 13
793 223 19
793 792 -13
505 507 13
505 503 -8
480 456 19
480 178 -13
480 769 8
117 682 -13
117 420 19
682 681 -28
682 684 -28
420 419 -13
420 422 -8
718 429 19
718 720 19
718 717 -13
718 150 28
718 716 -28
429 405 -19
429 130 -8
429 452 -28
720 152 -13
720 431 8
720 719 8
720 721 -8
717 153 8
717 432 13
717 693 28
717 740 13
150 455 19
150 129 -28
150 173 28
150 151 -8
716 715 13
716 427 28
507 792 -28
507 200 -8
507 506 28
792 768 -28
792 226 13
792 815 13
200 223 13
200 769 -19
200 177 13
506 203 -8
506 530 -19
506 482 -19
685 661 -19
685 686 -8
685 709 13
685 124 -19
661 376 -13
661 638 -19
686 684 -28
686 397 28
686 688 19
686 121 28
709 424 -19
709 732 28
124 126 8
124 122 13
223 244 28
223 224 -13
769 768 28
769 771 -8
177 178 8
177 745 -28
177 154 -19
177 483 19
512 488 13
512 536 -28
512 208 28
512 801 -13
512 513 -19
488 185 -19
488 777 -28
488 489 -28
488 464 -19
536 537 8
536 824 19
536 230 8
208 207 -19
208 210 -13
208 206 -28
208 774 -19
801 799 19
801 800 -8
801 802 28
513 511 8
513 515 19
513 798 -13
513 205 -13
349 53 19
349 639 -19
349 350 -28
349 325 28
349 373 8
53 55 -28
53 51 8
53 612 -13
53 52 -13
639 75 -8
639 637 -28
639 638 -28
350 352 -28
350 636 -13
350 348 -8
350 50 -13
325 326 -19
325 301 13
325 615 -8
325 31 19
373 374 19
373 397 8
373 76 -8
185 183 -8
185 187 -13
185 184 8
183 748 13
183 486 13
187 752 19
187 490 -19
187 186 19
187 189 28
184 161 8
184 207 -13
184 491 -8
546 834 28
546 547 13
834 833 -8
834 832 8
547 549 28
547 545 -13
547 237 19
268 270 -13
268 267 28
268 837 -13
270 269 13
270 839 -8
267 244 8
267 840 -28
837 553 19
837 838 -8
351 352 8
351 55 -19
351 327 28
352 52 -13
352 638 8
55 54 13
55 614 -19
327 328 13
327 33 19
327 303 19
327 617 19
304 302 -19
304 590 8
304 306 28
304 7 -28
304 303 -13
302 301 -8
302 300 19
302 588 -8
302 5 13
590 33 28
590 566 13
590 614 8
590 591 -19
306 308 19
306 592 -8
306 9 13
7 30 -8
7 8 -28
7 567 -8
303 279 -28
303 10 -13
303 593 -13
238 549 13
238 810 -28
549 548 19
549 833 13
810 812 -19
810 809 -19
384 386 -19
384 382 -19
384 83 -19
672 671 13
672 674 -13
672 670 28
548 524 19
548 241 13
524 500 13
524 220 28
524 812 -19
241 243 13
241 809 -8
241 240 -8
245 552 -28
245 244 -13
245 247 -8
245 243 -28
814 816 -13
814 812 8
814 526 -28
85 386 8
386 671 13
386 388 8
386 385 19
391 415 28
391 93 19
391 392 8
391 367 13
415 438 13
415 116 28
415 416 -8
93 654 13
93 95 -28
93 92 8
392 91 -13
392 677 -8
367 368 13
367 343 19
367 70 -19
479 173 -19
479 764 -13
479 477 28
479 478 -8
173 196 19
173 174 -28
173 741 28
764 788 28
764 740 13
764 765 19
764 199 8
477 762 13
477 475 19
477 476 28
478 454 8
478 176 -13
478 502 8
799 228 8
799 510 -19
799 797 -8
799 798 -19
228 537 19
228 249 -19
228 205 -13
510 511 13
510 206 13
510 486 19
510 534 19
797 227 28
797 796 -28
798 230 -19
798 821 -8
798 774 8
519 518 -19
519 803 -8
519 517 -28
519 211 -19
518 214 19
518 542 -8
518 806 8
518 494 -13
803 804 -8
803 780 -28
803 827 -8
803 236 19
517 209 -19
517 516 13
517 515 8
211 781 8
211 233 -13
211 212 8
681 120 8
681 396 28
684 119 -13
684 683 -13
356 358 13
356 642 8
331 621 -8
331 307 13
331 37 8
645 81 8
645 644 13
379 82 19
379 403 19
379 668 8
358 644 13
358 357 8
644 84 19
644 620 28
644 667 19
357 333 -28
357 381 28
701 416 13
701 724 -28
701 139 -28
701 677 13
724 748 -28
724 725 19
724 160 -8
139 438 28
139 138 19
677 678 13
677 116 28
677 654 28
552 840 -19
552 553 13
840 839 19
840 838 -8
553 555 -19
161 729 -19
161 162 -28
161 467 -8
729 727 -13
729 731 -19
162 464 13
162 164 -13
162 160 13
162 726 13
467 469 -8
467 752 13
467 465 13
467 466 -19
310 13 13
310 308 -8
310 596 8
310 312 -19
310 309 13
13 36 8
13 573 19
13 14 -8
308 594 28
308 307 -19
596 39 19
596 572 -8
596 620 -13
596 597 28
312 598 19
312 15 28
309 16 28
309 285 -13
309 599 -28
309 333 -13
555 554 -8
555 244 19
555 839 13
554 247 -13
554 530 -8
244 816 28
839 815 8
413 414 13
413 437 -8
413 389 28
414 699 13
414 112 -8
414 412 28
437 460 13
389 390 19
389 365 19
816 815 -28
816 818 28
577 575 -13
577 287 -8
16 15 -19
16 14 -28
16 572 19
15 575 13
15 38 -28
14 307 -13
14 12 -28
14 570 -19
572 286 -13
572 573 -8
247 815 -28
247 246 -19
246 225 -28
246 818 -13
246 269 -13
398 96 8
398 396 -8
398 397 8
398 683 -8
96 73 -13
96 97 8
96 119 19
397 99 -13
397 421 13
683 707 -19
683 122 13
683 659 -19
73 374 -8
73 637 -19
73 50 -28
97 99 -8
97 95 28
119 120 13
119 422 19
581 291 19
581 21 28
581 580 -28
578 602 -8
578 292 -19
485 179 8
485 484 -28
485 483 -28
179 747 -19
179 202 -8
179 180 19
179 156 -8
484 460 8
484 508 19
483 768 8
483 482 8
82 81 8
82 84 -13
82 642 28
81 382 8
84 381 8
84 83 -8
642 665 -28
98 121 -28
98 75 -8
98 99 -13
121 424 28
121 122 13
75 376 8
75 76 28
75 52 13
99 659 19
54 617 -28
54 32 -13
614 328 -19
614 615 19
614 638 28
809 786 19
809 833 -28
291 292 -8
291 315 -28
292 294 8
315 316 13
315 605 13
315 339 13
621 620 19
620 334 -8
438 727 19
727 725 -28
727 159 -28
727 726 -19
138 115 8
138 159 -13
115 116 8
115 92 -8
159 465 8
159 160 -8
650 651 19
650 626 -28
650 673 28
650 90 -19
363 339 -8
363 387 -28
363 653 19
366 652 -13
366 66 13
366 365 19
707 422 -28
422 424 -28
422 421 -28
659 374 19
659 636 19
316 602 -13
316 318 8
602 626 19
602 45 28
602 603 -13
318 21 -19
318 604 19
318 317 -13
42 603 8
42 340 13
36 597 -8
36 334 28
36 37 -13
597 307 -28
597 599 28
334 333 19
37 39 -13
37 594 -13
747 745 -13
747 458 13
747 746 -28
745 743 -19
745 456 28
745 744 -8
458 482 19
458 435 19
458 459 -8
458 157 -8
746 722 -13
746 461 19
21 44 -28
125 428 28
125 126 28
125 690 -8
257 258 -28
257 235 -13
257 830 -13
258 827 -8
258 256 -13
235 213 8
235 545 13
235 806 -28
235 236 -28
830 828 -13
830 829 19
830 542 -8
830 832 19
214 213 -8
214 216 -8
214 212 28
214 780 19
213 783 -19
213 190 -13
216 520 19
216 782 13
216 218 19
212 516 13
212 778 8
212 210 -19
780 495 -28
780 756 19
780 781 -19
785 783 8
785 496 19
789 500 13
789 788 28
789 219 19
786 220 13
786 762 13
460 461 19
461 156 13
461 459 -13
60 83 -13
60 38 -13
533 532 -13
533 225 -8
530 226 28
530 818 -28
629 66 19
629 339 -13
629 628 13
626 340 13
288 287 19
288 286 -13
288 574 -13
286 284 19
286 285 8
574 575 13
574 598 19
421 122 -19
468 469 19
468 492 -19
468 757 -19
500 197 -19
500 476 -13
197 762 -8
197 196 -19
197 199 28
476 452 8
476 174 8
476 765 13
828 540 13
828 255 -28
828 827 28
828 826 -28
540 516 8
540 234 28
540 541 28
255 256 8
255 233 -13
827 543 8
826 253 -19
826 825 -13
826 824 -8
826 538 -13
668 667 13
668 670 28
665 689 13
768 744 -19
768 203 -19
744 180 -13
744 459 13
203 202 -8
328 326 13
328 30 -8
326 324 -13
326 28 13
326 612 8
30 52 28
30 31 8
30 591 -19
33 31 -8
33 32 19
31 29 8
31 588 13
32 9 8
32 593 -19
263 240 -19
220 218 19
220 219 -8
219 196 13
219 240 19
299 275 8
299 300 -19
299 589 -28
299 323 13
299 6 28
275 276 8
275 565 19
300 3 -19
300 586 -19
589 28 8
589 591 -13
589 588 -8
589 587 -19
323 324 -13
323 29 -8
323 613 28
6 8 -13
6 5 19
6 4 19
6 562 -13
370 69 28
370 368 8
69 92 -28
69 47 8
69 70 8
69 633 -28
368 654 28
368 68 -28
66 44 28
66 89 -13
637 636 -13
637 635 8
638 78 13
294 293 -13
294 580 -28
293 317 19
580 604 28
482 771 13
482 180 13
832 259 19
832 544 -8
202 225 13
202 771 -8
225 226 28
514 515 8
514 490 19
514 210 -19
514 538 19
514 802 19
515 207 8
515 800 13
490 779 -19
490 466 -8
490 491 -13
210 209 19
210 776 13
538 539 8
538 232 28
802 231 8
802 804 13
333 39 -13
279 280 -28
279 569 13
10 9 -19
10 8 19
10 566 -13
10 12 28
593 592 -13
593 591 -28
39 38 19
38 599 -13
592 568 -8
9 569 19
569 567 -19
569 571 -19
569 568 -8
226 224 28
605 604 -28
605 44 28
605 603 -28
604 628 -13
44 342 -13
44 45 -19
573 575 19
573 283 -13
573 571 -28
454 743 8
454 153 -28
454 455 -13
454 431 -19
176 178 8
176 174 28
176 740 -19
176 175 -13
502 503 -19
502 199 28
502 526 28
575 285 13
78 76 19
76 636 28
456 433 -19
456 155 -13
456 457 -28
178 180 -28
434 432 8
434 719 -8
434 433 -8
434 131 28
434 436 -19
432 431 -19
432 129 -28
719 695 28
719 155 -19
433 409 -13
433 721 28
433 134 28
131 152 13
131 696 -28
131 132 -13
436 435 -28
436 133 28
542 543 13
542 236 -13
806 805 13
806 804 -19
494 783 -19
494 495 -13
494 191 19
494 470 19
838 265 28
838 550 -13
520 544 13
520 496 19
544 545 8
496 497 19
496 472 -13
496 193 -28
381 405 -8
381 670 8
381 382 -28
654 630 -13
630 631 8
630 344 19
630 606 -13
630 70 -8
598 599 19
632 346 13
632 72 28
632 633 8
743 175 -19
743 741 19
175 152 13
741 739 -28
741 452 19
741 740 -8
508 532 13
23 583 -8
23 46 -13
23 320 13
23 0 -28
583 582 13
46 68 28
46 344 28
46 607 13
320 319 -28
320 606 19
320 322 19
0 296 -8
0 559 13
253 254 -28
253 231 8
254 823 -8
254 252 13
254 256 -13
231 209 28
231 232 8
231 541 13
83 106 19
783 782 19
783 781 28
782 805 8
782 758 28
782 497 -19
781 779 -28
781 492 -8
209 779 28
209 186 19
779 778 19
779 777 -19
186 493 -28
186 163 28
186 755 -8
651 653 8
651 87 19
653 652 28
653 89 13
87 388 -28
87 110 19
87 88 -19
617 615 -19
526 550 -8
284 283 19
284 570 8
284 282 -28
283 307 13
570 594 28
570 571 19
282 281 -13
282 568 8
282 280 -19
823 824 28
823 539 28
823 800 -19
824 251 8
824 822 -19
539 537 -19
539 229 -28
539 541 8
800 776 28
800 232 28
722 723 13
324 26 -28
324 322 -28
324 610 13
26 3 -8
26 587 -8
322 24 13
322 321 13
610 634 -8
610 611 -28
610 51 -28
610 586 28
243 550 19
29 586 19
29 28 -8
586 562 19
586 587 -19
28 5 28
28 50 -28
190 497 28
190 167 -8
190 759 -19
190 191 13
612 636 8
612 613 -8
612 588 13
259 237 -8
762 738 -13
788 503 8
340 342 13
340 339 -8
68 631 -19
68 91 -19
631 633 28
634 348 -13
634 635 13
348 346 19
635 345 -19
635 71 28
635 633 8
829 545 -28
829 805 -19
545 543 19
495 497 -13
495 493 -8
493 778 -8
493 492 -13
493 491 13
301 8 28
301 591 13
301 277 13
8 564 -19
277 567 28
277 278 28
71 72 19
374 376 28
537 535 13
537 821 -13
535 227 -13
535 534 -28
821 252 -19
821 822 19
24 1 13
24 47 -13
24 25 19
587 297 8
295 319 -8
295 296 8
295 2 8
295 271 -28
50 51 -8
50 613 -13
695 410 28
695 671 -13
695 134 -19
695 696 8
410 409 -28
410 408 13
410 412 8
134 133 -13
134 136 -13
134 132 -28
696 694 -19
696 698 -19
192 169 28
192 761 8
192 193 -8
516 492 -13
516 804 13
492 189 -19
804 233 -13
193 758 19
193 191 13
760 475 28
760 736 -8
760 761 28
273 274 -19
273 297 28
273 563 -13
274 276 8
274 272 -19
297 321 -19
297 4 28
563 562 8
563 565 -13
563 561 19
563 3 28
765 196 13
12 568 -19
281 571 28
346 344 8
346 47 8
346 345 28
344 343 -13
47 609 -28
47 48 -19
345 49 -8
345 321 28
543 233 19
543 541 -19
233 234 13
541 825 -8
409 385 -13
409 698 19
721 154 -13
721 723 -19
435 411 19
435 723 -13
435 136 13
133 698 13
133 110 8
133 154 -28
812 240 13
778 754 -28
754 469 13
754 755 -19
754 189 13
698 700 -28
698 697 28
110 412 8
110 674 8
154 459 19
154 155 -28
511 204 13
511 796 -28
205 206 -13
205 775 -13
280 278 -13
280 566 19
819 250 13
819 796 -19
819 820 28
250 252 -13
250 249 13
796 772 13
820 248 19
820 822 19
457 152 13
457 455 -28
457 459 28
52 615 28
319 25 -8
319 609 13
319 343 13
25 582 8
609 611 -28
609 607 28
343 633 -28
343 48 -13
431 132 19
408 693 -8
408 406 28
408 106 19
1 2 -19
1 561 8
256 825 13
758 473 8
758 759 -8
88 385 8
88 90 19
566 567 8
606 582 13
606 607 8
606 48 -28
70 72 -8
615 613 19
613 611 19
341 365 28
341 342 28
341 317 -28
342 628 13
5 565 -13
156 135 -28
156 723 -8
156 157 28
699 700 -13
699 675 -13
112 135 -28
112 113 19
112 676 -13
112 89 19
412 411 8
412 697 -13
756 191 19
756 732 13
756 757 19
191 189 -28
732 168 8
757 755 13
757 759 -19
252 251 8
251 229 19
153 152 19
153 151 13
153 155 13
455 740 -8
455 453 28
470 168 -28
470 446 19
470 759 -8
419 120 -19
167 168 -28
167 735 28
167 473 8
759 761 -28
738 739 19
738 174 -28
738 453 -8
738 715 -13
230 229 28
230 232 19
229 207 19
207 777 -19
45 339 8
236 234 19
469 163 -13
163 164 28
163 731 28
132 130 -19
132 693 19
503 196 -19
276 562 -8
276 278 -19
565 564 19
565 567 13
49 51 -8
49 48 28
321 611 19
3 4 19
403 427 -13
427 450 -28
427 428 -13
4 2 -8
411 113 13
411 700 28
411 387 -28
136 135 -8
136 697 -28
777 776 -8
777 775 -8
135 700 -13
475 473 -8
475 169 -8
473 472 -19
169 170 -8
169 737 -13
752 776 13
776 491 8
385 674 -28
775 773 28
775 486 19
775 774 -28
450 739 -8
739 737 -28
155 157 -13
466 164 28
466 755 28
491 489 -28
172 174 19
172 170 -8
172 736 13
170 168 -13
170 472 -28
736 737 -8
736 713 -19
472 761 -13
822 249 28
822 534 28
232 234 28
296 582 28
582 558 -8
564 278 19
564 588 -19
424 426 -28
426 428 8
426 425 19
204 773 -8
204 181 -28
204 227 -28
405 694 8
405 406 -13
694 693 13
694 129 19
406 691 -13
735 446 28
735 737 -28
390 388 28
390 89 -28
390 675 -8
388 673 19
388 387 -13
89 90 8
675 652 8
675 676 19
773 772 19
772 206 -28
772 748 -19
772 487 -28
715 691 28
715 151 28
428 713 28
532 556 28
130 129 -8
130 691 -28
129 106 13
691 667 8
697 673 28
272 558 8
272 271 -19
248 227 19
113 673 8
387 90 28
387 676 28
452 151 -13
452 453 13
673 674 8
674 676 13
106 670 19
558 559 28
558 2 -19
559 561 -13
628 652 8
271 561 -28
399 688 -8
425 126 19
688 690 8
486 487 19
667 382 -28
748 463 -8
487 489 -19
487 181 -8
774 489 -8
689 713 19
689 690 -28
464 465 8
120 122 -28
465 463 -28
