127 692 -13
127 148 -8
127 430 19
127 128 13
127 104 -28
692 403 -28
692 691 -13
692 694 8
692 690 -13
148 171 -19
148 149 -8
148 453 -13
148 716 -8
430 432 -8
430 429 13
430 715 -8
430 428 19
128 130 -13
128 427 -8
128 126 -19
128 689 -13
104 105 -19
104 406 -19
104 668 8
104 81 13
523 215 -28
523 521 28
523 522 -8
523 525 -13
523 807 -13
215 216 13
215 192 8
215 785 13
215 237 28
521 519 8
521 520 -28
521 213 -28
521 805 8
522 498 -13
522 546 19
522 810 -8
522 218 8
525 217 -19
525 527 13
525 809 19
525 524 28
807 239 28
807 784 19
807 831 19
807 808 19
289 290 -13
289 313 -13
289 579 -19
290 576 -19
290 288 -13
290 292 -13
313 20 8
313 603 -13
313 337 28
313 314 28
579 577 -28
579 19 -19
579 581 13
579 578 28
359 335 13
359 649 19
359 360 -19
359 383 8
359 63 28
335 625 19
335 311 19
335 336 13
335 41 -8
649 85 8
649 651 19
649 647 19
649 648 -8
360 362 -13
360 646 13
360 358 19
360 60 -19
383 384 28
383 672 -28
383 407 -8
383 86 8
63 65 19
63 61 19
63 622 8
63 62 19
706 417 -28
706 704 -13
706 705 -13
706 708 13
417 440 -8
417 393 13
417 418 13
417 118 19
704 138 13
704 703 -8
704 702 -13
704 415 -19
705 142 13
705 420 28
705 681 -19
705 728 -8
708 707 28
708 141 -19
708 710 -28
708 419 8
137 114 8
137 439 13
137 702 -28
137 158 8
114 678 8
114 91 -19
114 416 28
439 438 -28
439 724 8
439 441 -13
702 701 19
158 181 28
158 463 -28
158 725 -28
362 62 8
362 648 -19
362 361 28
362 364 -19
62 625 28
62 40 28
648 624 -19
648 671 19
648 88 19
361 65 -13
361 651 28
361 337 13
361 385 -19
364 650 -13
364 363 28
364 64 -19
364 366 8
329 35 13
329 619 -8
329 353 8
329 330 13
329 305 -13
35 34 8
35 33 -8
35 37 28
35 592 -19
619 621 8
619 56 -8
619 618 19
619 617 -28
353 377 -8
353 643 -8
353 354 28
353 57 -19
330 328 13
330 616 -8
330 32 -28
330 332 -28
305 306 19
305 12 -8
305 281 19
305 595 -13
658 656 19
658 94 28
658 657 8
658 660 -19
658 369 8
656 655 19
656 367 13
656 92 -8
94 117 28
94 71 -8
94 95 13
94 396 19
657 634 -8
657 372 19
657 681 -8
657 97 19
660 371 -8
660 96 -28
660 659 28
660 662 19
369 370 13
369 345 -13
369 393 -8
369 72 28
165 471 13
165 188 -13
165 166 -19
165 733 19
165 143 -13
471 756 -8
471 469 -8
471 470 -13
471 473 -19
188 495 -19
188 211 -8
188 757 -28
188 189 19
166 468 8
166 168 -13
166 164 28
166 730 -19
733 444 -13
733 735 -19
733 731 19
733 732 8
143 447 -28
143 121 -13
143 710 -8
34 595 -28
34 11 -28
34 332 -13
34 56 -13
595 594 19
595 597 -19
595 593 13
11 12 19
11 571 8
11 308 -28
332 334 8
332 618 -19
332 331 19
56 79 -28
56 57 -28
56 356 28
20 18 -13
20 576 -8
20 22 -8
20 19 8
18 16 19
18 311 28
18 574 8
18 17 19
576 600 13
576 577 19
22 315 -13
22 21 8
22 578 -8
19 316 28
19 42 19
221 791 8
221 529 -28
221 222 -8
221 198 8
221 242 19
791 793 8
791 789 8
791 502 19
791 790 8
529 531 -13
529 813 28
529 528 -19
529 527 28
222 220 13
222 526 28
222 224 -19
222 788 8
198 767 -19
198 505 28
198 199 -13
198 175 -28
242 243 19
242 814 28
242 265 -8
242 553 13
402 404 8
402 401 -8
402 400 -19
402 100 28
402 687 19
404 102 -19
404 403 19
404 406 -19
404 689 -13
401 103 -13
401 377 8
401 425 13
401 690 -28
400 685 8
400 398 -28
400 98 13
400 399 8
100 664 19
100 77 19
100 123 19
100 101 28
687 688 19
687 711 13
687 663 -8
687 126 -13
664 662 -13
664 666 19
664 663 -19
664 375 8
77 78 -19
77 54 28
77 641 28
77 378 19
123 426 -19
123 688 -28
123 124 13
123 144 28
101 103 8
101 99 13
101 399 19
101 661 8
600 314 8
600 624 8
600 601 -13
600 43 -13
314 316 -13
314 312 -28
314 17 8
624 625 28
624 65 -28
624 338 8
601 40 -13
601 599 -13
601 311 28
601 603 28
43 41 13
43 337 19
43 42 19
43 45 28
794 817 -8
794 795 -28
794 770 -19
794 509 13
817 841 13
817 818 -13
817 533 13
795 793 28
795 506 -13
795 225 28
770 485 -8
770 771 -19
770 746 13
509 507 19
509 202 -13
509 508 8
371 74 8
371 395 8
371 372 -19
371 347 28
74 634 19
74 73 8
74 76 -8
74 72 -13
395 419 19
395 396 28
395 684 28
395 97 8
372 370 -28
372 71 19
372 374 -8
347 348 -19
347 51 19
347 323 -13
347 637 19
103 102 -19
103 663 -28
103 105 19
102 79 28
102 125 19
102 666 19
663 640 28
663 378 8
105 403 -19
105 665 19
105 107 -13
584 27 8
584 585 -28
584 608 -28
584 298 -8
584 560 28
27 29 -19
27 321 13
27 26 28
27 25 19
585 24 -28
585 583 8
585 587 28
585 295 -19
608 632 -13
608 322 8
608 49 8
608 609 -19
298 300 13
298 296 -19
298 297 28
298 1 -8
560 274 19
560 561 8
560 4 -8
59 57 -28
59 61 8
59 355 8
59 58 13
59 618 13
57 55 -28
57 616 28
61 60 -28
61 357 19
61 620 -8
355 356 -8
355 331 -13
355 645 13
355 379 8
58 358 -13
58 621 -8
58 36 -13
58 81 13
618 594 -19
618 642 13
640 80 -19
640 616 -19
640 641 -13
640 354 13
80 377 8
80 79 19
80 82 13
80 78 -28
616 592 13
616 617 -13
641 351 13
641 639 -8
641 643 -19
354 54 -28
354 352 -19
354 356 19
443 441 -13
443 445 28
443 728 13
443 442 19
441 138 13
441 440 8
441 726 8
445 444 -8
445 447 13
445 730 -13
445 141 -19
728 752 19
728 729 8
728 164 19
442 142 8
442 419 13
442 731 -8
442 466 -19
531 815 -28
531 533 13
531 223 -8
531 530 -13
813 245 -13
813 790 19
813 837 28
813 814 13
528 504 -28
528 552 -8
528 816 28
528 224 13
527 219 13
527 811 -28
527 526 28
625 627 8
625 623 -19
627 337 8
627 64 -28
627 629 -13
627 626 -28
623 621 -13
623 60 -13
623 622 -28
623 333 -19
835 266 -13
835 836 -8
835 811 -13
835 551 -28
266 268 28
266 264 19
266 265 -19
836 548 28
836 834 -28
836 838 13
836 263 -28
811 243 -19
811 812 28
811 788 8
551 549 -19
551 240 -13
551 553 13
551 550 19
142 140 8
142 141 8
140 703 28
140 139 13
140 440 19
141 163 -8
141 119 -19
498 195 13
498 787 13
498 499 19
498 474 19
195 194 19
195 197 -28
195 193 -28
195 760 13
787 217 -13
787 785 13
787 789 -8
787 786 28
499 501 -19
499 784 13
499 497 -28
499 192 -19
474 475 -19
474 450 -19
474 172 -13
474 763 -8
444 421 -28
444 468 13
447 449 -13
447 732 -8
447 446 19
730 707 -13
730 754 8
730 731 8
712 711 28
712 423 8
712 710 -13
712 714 8
712 144 -28
711 147 -19
711 426 28
711 734 -28
423 424 -28
423 124 -19
423 399 -28
423 446 -13
710 421 -28
710 709 19
714 425 28
714 716 28
714 146 -19
714 713 -28
144 449 28
144 167 19
144 145 19
679 703 19
679 394 -13
679 655 28
679 118 -19
679 680 -19
703 418 -13
703 726 -13
394 392 -8
394 92 -28
394 393 13
394 396 -13
655 370 -13
655 95 -8
655 632 -13
118 117 28
118 116 8
118 120 13
680 391 13
680 682 28
680 678 -19
680 115 -19
194 763 28
194 171 -13
194 501 -13
194 217 -13
763 762 -13
763 765 -8
763 761 -8
171 172 19
171 477 -13
171 739 19
501 500 28
501 786 -8
501 503 13
217 238 -8
217 218 8
311 312 28
311 287 -13
336 334 19
336 622 19
336 338 19
336 38 -19
41 40 -19
41 39 -19
41 598 28
662 98 8
662 661 -13
662 373 28
666 377 -28
666 668 8
666 665 19
375 351 -19
375 78 -19
375 399 -8
375 376 -28
766 790 8
766 481 -28
766 767 8
766 201 -28
766 742 13
790 224 13
790 505 28
481 479 13
481 480 19
481 483 19
481 175 -28
767 478 -19
767 769 13
767 765 8
201 504 -28
201 200 19
201 203 8
201 199 19
742 743 19
742 178 -19
742 719 19
742 457 28
40 338 19
40 17 8
338 337 -19
338 340 -8
17 577 -8
751 462 -13
751 749 -13
751 753 28
751 750 28
751 182 13
462 438 -8
462 486 8
462 463 -28
462 160 -19
749 181 -8
749 748 19
753 752 -13
753 464 19
753 755 8
753 184 -19
750 185 19
750 465 -28
750 774 19
750 726 -13
182 205 28
182 489 -19
182 159 -13
182 183 19
262 261 -8
262 264 19
262 260 -8
262 831 -19
261 238 28
261 834 -19
264 263 8
264 833 19
260 259 13
260 829 -8
260 258 28
831 832 19
831 547 -28
377 378 8
378 376 -8
378 380 -8
239 546 13
239 238 -13
239 241 19
784 760 -28
784 218 -8
784 785 19
808 520 -28
808 806 8
808 810 8
808 237 -28
109 407 28
109 108 -8
109 111 13
109 107 -28
109 669 13
407 696 -13
407 431 -8
407 408 13
108 85 19
108 410 13
108 672 28
108 131 28
111 409 8
111 671 13
111 113 13
111 110 13
107 405 8
107 667 -13
107 106 -13
669 646 -28
669 670 -19
669 384 19
669 693 28
79 380 -13
79 643 13
380 379 -19
380 665 -19
380 382 -8
643 645 28
643 642 -13
65 64 19
65 67 8
64 42 28
64 87 13
67 66 8
67 626 -13
67 363 -13
646 622 8
646 647 8
646 86 -19
622 598 19
647 645 -8
647 357 13
647 83 8
86 85 -8
86 84 13
86 88 -8
449 451 19
449 734 19
449 448 -13
451 450 -13
451 736 8
451 146 -13
451 453 19
734 758 -19
734 735 28
734 170 -8
448 147 -19
448 472 -28
448 425 -13
448 737 -19
440 729 13
440 464 -28
393 682 28
393 95 8
418 420 28
418 416 -28
418 115 19
841 557 -13
841 842 19
557 555 13
557 246 -28
557 556 8
842 840 -19
842 554 19
842 269 19
147 145 -8
147 149 -13
147 146 13
145 709 19
145 446 8
149 450 -13
149 713 19
149 151 8
146 125 -13
146 169 -19
504 793 8
504 505 19
504 480 28
793 223 19
793 792 -13
505 507 -28
505 503 -19
480 456 -28
480 178 -28
480 769 8
117 682 -8
117 420 19
682 681 -8
682 684 -19
420 419 -13
420 422 28
718 429 8
718 720 19
718 717 13
718 150 -19
718 716 -19
429 405 28
429 130 8
429 452 28
720 152 -13
720 431 28
720 719 -28
720 721 -13
717 153 19
717 432 -13
717 693 -13
717 740 19
150 455 -13
150 129 19
150 173 13
150 151 19
716 715 19
716 427 -8
507 792 -28
507 200 -13
507 506 8
792 768 -28
792 226 28
792 815 8
200 223 28
200 769 8
200 177 -19
506 203 13
506 530 -28
506 482 -8
685 661 8
685 686 19
685 709 28
685 124 13
661 376 19
661 638 13
686 684 28
686 397 28
686 688 28
686 121 -28
709 424 13
709 732 -28
124 126 -19
124 122 19
223 244 -19
223 224 8
769 768 8
769 771 19
177 178 -19
177 745 28
177 154 -8
177 483 8
512 488 -19
512 536 -19
512 208 28
512 801 19
512 513 13
488 185 19
488 777 -13
488 489 -19
488 464 -28
536 537 8
536 824 -19
536 230 19
208 207 -13
208 210 -28
208 206 28
208 774 28
801 799 28
801 800 13
801 802 13
513 511 13
513 515 -19
513 798 8
513 205 -28
349 53 -8
349 639 -13
349 350 8
349 325 19
349 373 13
53 55 13
53 51 8
53 612 -13
53 52 13
639 75 19
639 637 -19
639 638 -19
350 352 -13
350 636 13
350 348 13
350 50 -28
325 326 28
325 301 8
325 615 8
325 31 -28
373 374 -8
373 397 -28
373 76 13
185 183 -28
185 187 -13
185 184 28
183 748 13
183 486 -8
187 752 28
187 490 -28
187 186 -8
187 189 -19
184 161 -28
184 207 13
184 491 -8
546 834 8
546 547 19
834 833 19
834 832 -28
547 549 28
547 545 13
547 237 19
268 270 28
268 267 28
268 837 -28
270 269 -8
270 839 8
267 244 -8
267 840 -19
837 553 -19
837 838 28
351 352 28
351 55 -28
351 327 -19
352 52 8
352 638 28
55 54 28
55 614 -8
327 328 19
327 33 -13
327 303 -19
327 617 13
304 302 19
304 590 -13
304 306 19
304 7 28
304 303 13
302 301 19
302 300 -13
302 588 -19
302 5 8
590 33 -28
590 566 8
590 614 28
590 591 19
306 308 -8
306 592 28
306 9 13
7 30 13
7 8 13
7 567 19
303 279 -13
303 10 19
303 593 -28
238 549 -8
238 810 13
549 548 -28
549 833 8
810 812 -13
810 809 28
384 386 -8
384 382 -8
384 83 -28
672 671 13
672 674 8
672 670 -28
548 524 -19
548 241 19
524 500 -19
524 220 -13
524 812 28
241 243 19
241 809 28
241 240 -28
245 552 -13
245 244 19
245 247 8
245 243 -13
814 816 -19
814 812 13
814 526 28
85 386 28
386 671 -13
386 388 -19
386 385 -8
391 415 -13
391 93 19
391 392 -8
391 367 -13
415 438 28
415 116 -8
415 416 13
93 654 28
93 95 8
93 92 8
392 91 28
392 677 -28
367 368 19
367 343 -28
367 70 13
479 173 -13
479 764 8
479 477 -28
479 478 -19
173 196 -8
173 174 -13
173 741 19
764 788 -8
764 740 28
764 765 8
764 199 -8
477 762 19
477 475 8
477 476 -8
478 454 13
478 176 -13
478 502 8
799 228 -13
799 510 -8
799 797 8
799 798 8
228 537 -19
228 249 -28
228 205 13
510 511 28
510 206 19
510 486 -28
510 534 28
797 227 19
797 796 -28
798 230 -28
798 821 8
798 774 -28
519 518 13
519 803 -28
519 517 -8
519 211 13
518 214 28
518 542 -19
518 806 8
518 494 -8
803 804 -13
803 780 28
803 827 -19
803 236 -19
517 209 -28
517 516 -19
517 515 -8
211 781 28
211 233 28
211 212 19
681 120 -28
681 396 -28
684 119 -8
684 683 -19
356 358 19
356 642 -28
331 621 -13
331 307 -19
331 37 -13
645 81 -13
645 644 -8
379 82 -28
379 403 28
379 668 -13
358 644 -28
358 357 19
644 84 13
644 620 -19
644 667 -19
357 333 13
357 381 28
701 416 19
701 724 8
701 139 -13
701 677 -19
724 748 -13
724 725 28
724 160 28
139 438 -28
139 138 -28
677 678 -8
677 116 -13
677 654 -8
552 840 28
552 553 -13
840 839 -13
840 838 -19
553 555 -28
161 729 -13
161 162 -19
161 467 -19
729 727 -28
729 731 -28
162 464 8
162 164 -8
162 160 13
162 726 8
467 469 8
467 752 8
467 465 -13
467 466 -19
310 13 28
310 308 -19
310 596 -8
310 312 -13
310 309 13
13 36 28
13 573 19
13 14 -8
308 594 -13
308 307 13
596 39 -19
596 572 -13
596 620 28
596 597 8
312 598 8
312 15 -13
309 16 -28
309 285 -13
309 599 -19
309 333 -13
555 554 -13
555 244 8
555 839 -28
554 247 -8
554 530 -28
244 816 -28
839 815 19
413 414 19
413 437 8
413 389 -28
414 699 13
414 112 -28
414 412 19
437 460 8
389 390 -8
389 365 -13
816 815 28
816 818 -28
577 575 -13
577 287 -8
16 15 28
16 14 8
16 572 -13
15 575 -8
15 38 -19
14 307 8
14 12 -19
14 570 19
572 286 28
572 573 -13
247 815 8
247 246 -13
246 225 -28
246 818 19
246 269 -19
398 96 8
398 396 28
398 397 -28
398 683 -13
96 73 -19
96 97 -8
96 119 -8
397 99 8
397 421 -8
683 707 19
683 122 -28
683 659 13
73 374 -19
73 637 8
73 50 -8
97 99 28
97 95 -28
119 120 -28
119 422 19
581 291 -19
581 21 28
581 580 28
578 602 -8
578 292 -28
485 179 -28
485 484 -8
485 483 -13
179 747 -13
179 202 -8
179 180 -13
179 156 19
484 460 28
484 508 19
483 768 -28
483 482 19
82 81 8
82 84 13
82 642 8
81 382 -28
84 381 -8
84 83 8
642 665 13
98 121 -13
98 75 -28
98 99 -13
121 424 28
121 122 8
75 376 8
75 76 -8
75 52 -19
99 659 -28
54 617 -13
54 32 19
614 328 -13
614 615 13
614 638 -19
809 786 8
809 833 19
291 292 -19
291 315 19
292 294 28
315 316 19
315 605 19
315 339 8
621 620 -13
620 334 28
438 727 19
727 725 28
727 159 13
727 726 8
138 115 13
138 159 8
115 116 13
115 92 -8
159 465 -13
159 160 -13
650 651 -13
650 626 19
650 673 -8
650 90 -19
363 339 8
363 387 28
363 653 8
366 652 28
366 66 13
366 365 -13
707 422 28
422 424 -28
422 421 -13
659 374 13
659 636 19
316 602 8
316 318 13
602 626 28
602 45 -28
602 603 -13
318 21 -19
318 604 -19
318 317 19
42 603 -28
42 340 13
36 597 -19
36 334 -28
36 37 28
597 307 -13
597 599 13
334 333 13
37 39 28
37 594 -8
747 745 -19
747 458 -19
747 746 -8
745 743 28
745 456 28
745 744 13
458 482 -8
458 435 13
458 459 -19
458 157 28
746 722 8
746 461 -13
21 44 -28
125 428 -28
125 126 -28
125 690 -19
257 258 8
257 235 -13
257 830 28
258 827 13
258 256 28
235 213 -13
235 545 -19
235 806 19
235 236 8
830 828 28
830 829 -28
830 542 -28
830 832 -8
214 213 13
214 216 28
214 212 -8
214 780 -28
213 783 28
213 190 13
216 520 -28
216 782 -28
216 218 28
212 516 -19
212 778 -8
212 210 28
780 495 -28
780 756 -8
780 781 -8
785 783 8
785 496 -19
789 500 8
789 788 13
789 219 -28
786 220 13
786 762 -19
460 461 -19
461 156 -13
461 459 -28
60 83 28
60 38 -13
533 532 -28
533 225 -28
530 226 13
530 818 13
629 66 28
629 339 13
629 628 -13
626 340 19
288 287 -28
288 286 13
288 574 19
286 284 -8
286 285 28
574 575 -19
574 598 19
421 122 -19
468 469 19
468 492 28
468 757 -13
500 197 28
500 476 19
197 762 8
197 196 -13
197 199 -8
476 452 28
476 174 8
476 765 -8
828 540 -13
828 255 -28
828 827 -28
828 826 28
540 516 13
540 234 13
540 541 13
255 256 28
255 233 8
827 543 -28
826 253 28
826 825 8
826 824 -8
826 538 28
668 667 -28
668 670 -19
665 689 -8
768 744 8
768 203 -28
744 180 8
744 459 8
203 202 28
328 326 28
328 30 28
326 324 -13
326 28 -13
326 612 8
30 52 -13
30 31 19
30 591 28
33 31 -13
33 32 -19
31 29 8
31 588 8
32 9 19
32 593 -13
263 240 -28
220 218 -28
220 219 8
219 196 13
219 240 8
299 275 -8
299 300 13
299 589 -13
299 323 13
299 6 19
275 276 -13
275 565 19
300 3 13
300 586 8
589 28 -13
589 591 19
589 588 -19
589 587 13
323 324 -28
323 29 28
323 613 -28
6 8 19
6 5 13
6 4 19
6 562 -8
370 69 19
370 368 -13
69 92 -8
69 47 13
69 70 -19
69 633 28
368 654 19
368 68 -19
66 44 19
66 89 -8
637 636 13
637 635 -8
638 78 8
294 293 -8
294 580 13
293 317 13
580 604 -8
482 771 -28
482 180 8
832 259 -8
832 544 -8
202 225 13
202 771 -28
225 226 -13
514 515 -8
514 490 -28
514 210 -19
514 538 -13
514 802 -8
515 207 13
515 800 8
490 779 -13
490 466 -13
490 491 -13
210 209 -8
210 776 28
538 539 -8
538 232 -19
802 231 -28
802 804 -13
333 39 13
279 280 -8
279 569 28
10 9 -13
10 8 28
10 566 13
10 12 8
593 592 8
593 591 -13
39 38 19
38 599 8
592 568 28
9 569 -28
569 567 -8
569 571 13
569 568 -13
226 224 8
605 604 8
605 44 8
605 603 8
604 628 13
44 342 -19
44 45 -8
573 575 28
573 283 -28
573 571 8
454 743 -19
454 153 -13
454 455 19
454 431 8
176 178 -19
176 174 28
176 740 -28
176 175 8
502 503 -13
502 199 -28
502 526 -13
575 285 -19
78 76 19
76 636 -19
456 433 28
456 155 -8
456 457 -28
178 180 -19
434 432 -13
434 719 13
434 433 8
434 131 13
434 436 -13
432 431 19
432 129 -19
719 695 19
719 155 8
433 409 -28
433 721 -19
433 134 28
131 152 -13
131 696 -28
131 132 13
436 435 28
436 133 19
542 543 -13
542 236 28
806 805 13
806 804 -8
494 783 -28
494 495 13
494 191 -13
494 470 -28
838 265 8
838 550 -28
520 544 8
520 496 -19
544 545 19
496 497 -13
496 472 -13
496 193 -19
381 405 13
381 670 19
381 382 19
654 630 -28
630 631 -28
630 344 13
630 606 -28
630 70 -28
598 599 -13
632 346 -28
632 72 -28
632 633 19
743 175 28
743 741 13
175 152 -19
741 739 8
741 452 -19
741 740 28
508 532 28
23 583 13
23 46 8
23 320 28
23 0 -8
583 582 28
46 68 -13
46 344 19
46 607 -8
320 319 13
320 606 13
320 322 -28
0 296 -8
0 559 19
253 254 13
253 231 13
254 823 -13
254 252 -8
254 256 13
231 209 -13
231 232 -8
231 541 8
83 106 -8
783 782 -28
783 781 28
782 805 8
782 758 19
782 497 -19
781 779 -13
781 492 -19
209 779 28
209 186 13
779 778 -28
779 777 -19
186 493 13
186 163 -19
186 755 8
651 653 -13
651 87 28
653 652 13
653 89 8
87 388 -8
87 110 -8
87 88 28
617 615 -19
526 550 28
284 283 19
284 570 -19
284 282 -19
283 307 -19
570 594 8
570 571 -8
282 281 13
282 568 -28
282 280 -19
823 824 -19
823 539 -28
823 800 -19
824 251 8
824 822 19
539 537 13
539 229 19
539 541 -19
800 776 -8
800 232 -19
722 723 8
324 26 -8
324 322 -13
324 610 -13
26 3 -13
26 587 -28
322 24 28
322 321 -8
610 634 -13
610 611 13
610 51 -13
610 586 8
243 550 8
29 586 -8
29 28 -19
586 562 -13
586 587 8
28 5 13
28 50 28
190 497 13
190 167 28
190 759 -8
190 191 28
612 636 13
612 613 -13
612 588 -19
259 237 -19
762 738 19
788 503 28
340 342 13
340 339 28
68 631 13
68 91 -13
631 633 -28
634 348 19
634 635 -13
348 346 -28
635 345 19
635 71 8
635 633 -8
829 545 28
829 805 13
545 543 -8
495 497 19
495 493 -13
493 778 -19
493 492 -19
493 491 19
301 8 -19
301 591 19
301 277 28
8 564 28
277 567 -13
277 278 19
71 72 -19
374 376 -19
537 535 -28
537 821 -8
535 227 13
535 534 -28
821 252 -8
821 822 8
24 1 8
24 47 13
24 25 -19
587 297 13
295 319 19
295 296 28
295 2 -8
295 271 -8
50 51 -19
50 613 -28
695 410 19
695 671 28
695 134 19
695 696 -8
410 409 -28
410 408 -8
410 412 -19
134 133 -19
134 136 -19
134 132 13
696 694 13
696 698 8
192 169 19
192 761 19
192 193 -19
516 492 13
516 804 -19
492 189 -19
804 233 -8
193 758 28
193 191 -8
760 475 13
760 736 8
760 761 -19
273 274 19
273 297 28
273 563 -19
274 276 8
274 272 19
297 321 28
297 4 28
563 562 -28
563 565 19
563 561 13
563 3 28
765 196 -19
12 568 -8
281 571 -28
346 344 -28
346 47 -28
346 345 8
344 343 -8
47 609 -13
47 48 -8
345 49 -8
345 321 -8
543 233 8
543 541 -19
233 234 19
541 825 19
409 385 -13
409 698 -8
721 154 8
721 723 8
435 411 28
435 723 -8
435 136 19
133 698 -8
133 110 -28
133 154 -19
812 240 19
778 754 -13
754 469 -28
754 755 -19
754 189 -28
698 700 8
698 697 -13
110 412 13
110 674 -13
154 459 13
154 155 -13
511 204 19
511 796 28
205 206 28
205 775 8
280 278 -19
280 566 -8
819 250 8
819 796 -8
819 820 8
250 252 -13
250 249 13
796 772 19
820 248 28
820 822 -13
457 152 -28
457 455 -13
457 459 -8
52 615 -13
319 25 -8
319 609 19
319 343 19
25 582 -13
609 611 -8
609 607 -19
343 633 -19
343 48 19
431 132 -13
408 693 -19
408 406 8
408 106 28
1 2 19
1 561 -13
256 825 13
758 473 8
758 759 -28
88 385 -8
88 90 13
566 567 -8
606 582 13
606 607 -28
606 48 13
70 72 -13
615 613 -19
613 611 -13
341 365 8
341 342 -13
341 317 -8
342 628 8
5 565 -28
156 135 -13
156 723 28
156 157 28
699 700 -19
699 675 -8
112 135 8
112 113 -13
112 676 -28
112 89 13
412 411 -19
412 697 -8
756 191 -19
756 732 -13
756 757 -28
191 189 28
732 168 -13
757 755 -28
757 759 28
252 251 13
251 229 -13
153 152 28
153 151 8
153 155 19
455 740 -8
455 453 8
470 168 -13
470 446 28
470 759 13
419 120 -19
167 168 8
167 735 -19
167 473 19
759 761 13
738 739 13
738 174 28
738 453 8
738 715 19
230 229 13
230 232 19
229 207 13
207 777 28
45 339 13
236 234 -13
469 163 8
163 164 28
163 731 13
132 130 -8
132 693 19
503 196 -28
276 562 19
276 278 28
565 564 -28
565 567 28
49 51 -8
49 48 28
321 611 -13
3 4 19
403 427 13
427 450 -28
427 428 19
4 2 -28
411 113 -8
411 700 -13
411 387 28
136 135 -28
136 697 -8
777 776 8
777 775 -19
135 700 28
475 473 13
475 169 -28
473 472 -8
169 170 -28
169 737 13
752 776 -19
776 491 -28
385 674 -8
775 773 -13
775 486 8
775 774 19
450 739 19
739 737 -13
155 157 8
466 164 13
466 755 28
491 489 8
172 174 -8
172 170 28
172 736 8
170 168 28
170 472 -28
736 737 -28
736 713 -19
472 761 -19
822 249 -28
822 534 28
232 234 28
296 582 -8
582 558 -8
564 278 -13
564 588 -13
424 426 28
426 428 19
426 425 -8
204 773 13
204 181 28
204 227 13
405 694 28
405 406 -19
694 693 -19
694 129 -28
406 691 -28
735 446 -19
735 737 28
390 388 -8
390 89 -19
390 675 -8
388 673 -13
388 387 -19
89 90 -8
675 652 19
675 676 13
773 772 -28
772 206 28
772 748 -8
772 487 13
715 691 -19
715 151 28
428 713 -28
532 556 8
130 129 28
130 691 13
129 106 -19
691 667 19
697 673 13
272 558 -8
272 271 -8
248 227 28
113 673 28
387 90 -28
387 676 -28
452 151 -8
452 453 -13
673 674 -13
674 676 19
106 670 19
558 559 8
558 2 -8
559 561 19
628 652 -8
271 561 -19
399 688 28
425 126 -8
688 690 -8
486 487 -19
667 382 28
748 463 -19
487 489 -28
487 181 28
774 489 19
689 713 13
689 690 -19
464 465 19
120 122 -13
465 463 28
