127 692 8
127 148 -8
127 430 8
127 128 28
127 104 19
692 403 13
692 691 8
692 694 -8
692 690 13
148 171 8
148 149 19
148 453 19
148 716 -19
430 432 -19
430 429 19
430 715 19
430 428 13
128 130 -8
128 427 28
128 126 28
128 689 28
104 105 -13
104 406 -19
104 668 -8
104 81 13
523 215 13
523 521 13
523 522 -8
523 525 -19
523 807 28
215 216 -19
215 192 -28
215 785 -8
215 237 -28
521 519 19
521 520 -28
521 213 8
521 805 -13
522 498 -8
522 546 28
522 810 28
522 218 19
525 217 8
525 527 13
525 809 -13
525 524 13
807 239 19
807 784 13
807 831 -8
807 808 13
289 290 -13
289 313 8
289 579 -28
290 576 13
290 288 -13
290 292 19
313 20 -19
313 603 -8
313 337 -13
313 314 28
579 577 28
579 19 19
579 581 -13
579 578 -8
359 335 -8
359 649 -19
359 360 -13
359 383 -8
359 63 8
335 625 -13
335 311 -19
335 336 -19
335 41 -8
649 85 -8
649 651 -8
649 647 19
649 648 -28
360 362 28
360 646 -28
360 358 -28
360 60 8
383 384 -28
383 672 -8
383 407 -8
383 86 8
63 65 28
63 61 28
63 622 -28
63 62 -19
706 417 13
706 704 -8
706 705 8
706 708 -19
417 440 -28
417 393 8
417 418 -8
417 118 -19
704 138 -19
704 703 -19
704 702 8
704 415 -28
705 142 13
705 420 8
705 681 -19
705 728 19
708 707 13
708 141 -8
708 710 19
708 419 -8
137 114 -28
137 439 -13
137 702 28
137 158 19
114 678 -13
114 91 -28
114 416 -19
439 438 -28
439 724 8
439 441 28
702 701 19
158 181 19
158 463 -28
158 725 -19
362 62 -28
362 648 28
362 361 -13
362 364 -8
62 625 -8
62 40 -13
648 624 8
648 671 -8
648 88 -13
361 65 13
361 651 28
361 337 13
361 385 13
364 650 -13
364 363 -8
364 64 -13
364 366 -28
329 35 8
329 619 -28
329 353 -19
329 330 13
329 305 -8
35 34 28
35 33 8
35 37 28
35 592 -19
619 621 28
619 56 -13
619 618 -19
619 617 8
353 377 -13
353 643 -28
353 354 -19
353 57 -13
330 328 19
330 616 13
330 32 13
330 332 19
305 306 8
305 12 -19
305 281 -13
305 595 19
658 656 28
658 94 -19
658 657 -19
658 660 8
658 369 -28
656 655 28
656 367 -28
656 92 28
94 117 -28
94 71 13
94 95 -19
94 396 -19
657 634 8
657 372 8
657 681 -19
657 97 -13
660 371 -28
660 96 -13
660 659 -19
660 662 -19
369 370 8
369 345 -19
369 393 -8
369 72 -8
165 471 -28
165 188 19
165 166 8
165 733 8
165 143 -19
471 756 -13
471 469 28
471 470 13
471 473 19
188 495 19
188 211 13
188 757 -8
188 189 -13
166 468 8
166 168 19
166 164 19
166 730 -19
733 444 -28
733 735 28
733 731 19
733 732 28
143 447 19
143 121 19
143 710 13
34 595 28
34 11 19
34 332 8
34 56 13
595 594 28
595 597 -19
595 593 -8
11 12 19
11 571 28
11 308 -13
332 334 28
332 618 13
332 331 -13
56 79 13
56 57 -19
56 356 -19
20 18 28
20 576 19
20 22 13
20 19 28
18 16 28
18 311 13
18 574 -19
18 17 -13
576 600 28
576 577 -8
22 315 28
22 21 -8
22 578 -28
19 316 13
19 42 8
221 791 13
221 529 -19
221 222 -13
221 198 -28
221 242 19
791 793 -19
791 789 8
791 502 -13
791 790 13
529 531 8
529 813 13
529 528 -28
529 527 13
222 220 28
222 526 19
222 224 -19
222 788 8
198 767 8
198 505 -13
198 199 -8
198 175 -28
242 243 19
242 814 13
242 265 28
242 553 -28
402 404 -28
402 401 -28
402 400 -28
402 100 -28
402 687 8
404 102 -19
404 403 -19
404 406 -28
404 689 -28
401 103 13
401 377 -28
401 425 -19
401 690 28
400 685 19
400 398 19
400 98 -28
400 399 -8
100 664 -28
100 77 -8
100 123 -28
100 101 28
687 688 28
687 711 -28
687 663 19
687 126 8
664 662 28
664 666 19
664 663 -8
664 375 -19
77 78 8
77 54 -28
77 641 -8
77 378 -19
123 426 8
123 688 -19
123 124 8
123 144 13
101 103 -19
101 99 -8
101 399 -19
101 661 -19
600 314 -28
600 624 -8
600 601 -8
600 43 28
314 316 -8
314 312 8
314 17 13
624 625 -19
624 65 -8
624 338 28
601 40 -13
601 599 8
601 311 13
601 603 -28
43 41 28
43 337 -19
43 42 8
43 45 -8
794 817 28
794 795 -8
794 770 -8
794 509 13
817 841 -13
817 818 19
817 533 8
795 793 -19
795 506 -28
795 225 -13
770 485 19
770 771 19
770 746 19
509 507 8
509 202 28
509 508 13
371 74 28
371 395 19
371 372 -19
371 347 -8
74 634 28
74 73 -19
74 76 8
74 72 19
395 419 -8
395 396 -19
395 684 19
395 97 -13
372 370 8
372 71 13
372 374 19
347 348 -28
347 51 -19
347 323 -8
347 637 -28
103 102 28
103 663 28
103 105 13
102 79 13
102 125 -19
102 666 28
663 640 -8
663 378 13
105 403 -8
105 665 19
105 107 13
584 27 13
584 585 -13
584 608 -28
584 298 -19
584 560 -19
27 29 28
27 321 -19
27 26 -19
27 25 -8
585 24 -19
585 583 -19
585 587 13
585 295 19
608 632 -19
608 322 8
608 49 -19
608 609 -13
298 300 28
298 296 -8
298 297 19
298 1 -28
560 274 -13
560 561 -19
560 4 -13
59 57 28
59 61 28
59 355 -8
59 58 -8
59 618 8
57 55 -8
57 616 28
61 60 -28
61 357 8
61 620 -28
355 356 -13
355 331 28
355 645 13
355 379 -13
58 358 -19
58 621 8
58 36 28
58 81 -13
618 594 28
618 642 -13
640 80 -13
640 616 19
640 641 -8
640 354 28
80 377 13
80 79 -28
80 82 -28
80 78 19
616 592 -13
616 617 13
641 351 28
641 639 -8
641 643 -8
354 54 -8
354 352 28
354 356 -13
443 441 28
443 445 -13
443 728 -28
443 442 -19
441 138 19
441 440 8
441 726 -13
445 444 -8
445 447 -19
445 730 -13
445 141 28
728 752 -19
728 729 13
728 164 -8
442 142 19
442 419 8
442 731 28
442 466 28
531 815 -19
531 533 -28
531 223 -19
531 530 19
813 245 -28
813 790 -19
813 837 8
813 814 13
528 504 -13
528 552 19
528 816 -19
528 224 -19
527 219 -28
527 811 -19
527 526 8
625 627 13
625 623 -13
627 337 -13
627 64 -28
627 629 -13
627 626 19
623 621 -28
623 60 -8
623 622 28
623 333 19
835 266 28
835 836 -19
835 811 8
835 551 19
266 268 13
266 264 -19
266 265 -19
836 548 -8
836 834 -28
836 838 8
836 263 -13
811 243 8
811 812 13
811 788 -13
551 549 8
551 240 -8
551 553 13
551 550 -13
142 140 8
142 141 8
140 703 -8
140 139 -19
140 440 -28
141 163 -13
141 119 -28
498 195 -28
498 787 19
498 499 -19
498 474 -13
195 194 13
195 197 8
195 193 -28
195 760 28
787 217 -13
787 785 13
787 789 -13
787 786 -19
499 501 -28
499 784 13
499 497 -28
499 192 28
474 475 -28
474 450 8
474 172 19
474 763 8
444 421 19
444 468 -28
447 449 28
447 732 -13
447 446 -28
730 707 8
730 754 -13
730 731 8
712 711 -19
712 423 19
712 710 -13
712 714 28
712 144 -28
711 147 28
711 426 28
711 734 19
423 424 19
423 124 19
423 399 8
423 446 13
710 421 19
710 709 8
714 425 13
714 716 -8
714 146 8
714 713 19
144 449 -28
144 167 -19
144 145 -28
679 703 -13
679 394 13
679 655 -8
679 118 28
679 680 -28
703 418 28
703 726 -19
394 392 -13
394 92 -19
394 393 19
394 396 8
655 370 -28
655 95 -8
655 632 13
118 117 19
118 116 8
118 120 28
680 391 -8
680 682 -8
680 678 8
680 115 28
194 763 -28
194 171 -28
194 501 -19
194 217 28
763 762 -8
763 765 19
763 761 28
171 172 19
171 477 13
171 739 -28
501 500 -28
501 786 -28
501 503 -8
217 238 19
217 218 -13
311 312 -28
311 287 -28
336 334 8
336 622 13
336 338 -19
336 38 8
41 40 -28
41 39 28
41 598 28
662 98 8
662 661 8
662 373 -13
666 377 -8
666 668 -8
666 665 -13
375 351 19
375 78 19
375 399 -8
375 376 28
766 790 -28
766 481 -28
766 767 -19
766 201 19
766 742 -13
790 224 -19
790 505 -19
481 479 19
481 480 19
481 483 8
481 175 19
767 478 19
767 769 -28
767 765 13
201 504 -8
201 200 -28
201 203 19
201 199 28
742 743 -19
742 178 -8
742 719 19
742 457 13
40 338 -28
40 17 28
338 337 -13
338 340 -8
17 577 -8
751 462 28
751 749 13
751 753 -28
751 750 -19
751 182 -13
462 438 19
462 486 8
462 463 -19
462 160 28
749 181 -28
749 748 -13
753 752 -28
753 464 13
753 755 -28
753 184 -28
750 185 28
750 465 -8
750 774 28
750 726 -8
182 205 -13
182 489 13
182 159 -13
182 183 8
262 261 8
262 264 -28
262 260 -28
262 831 -28
261 238 13
261 834 -13
264 263 -28
264 833 8
260 259 13
260 829 19
260 258 -19
831 832 -28
831 547 8
377 378 19
378 376 13
378 380 8
239 546 -13
239 238 -19
239 241 28
784 760 -13
784 218 -28
784 785 -13
808 520 -19
808 806 -28
808 810 13
808 237 -28
109 407 -19
109 108 8
109 111 8
109 107 13
109 669 -19
407 696 -19
407 431 28
407 408 -19
108 85 -8
108 410 -8
108 672 -13
108 131 28
111 409 -28
111 671 28
111 113 -8
111 110 -13
107 405 -8
107 667 -19
107 106 -28
669 646 -13
669 670 -19
669 384 13
669 693 28
79 380 8
79 643 28
380 379 -8
380 665 19
380 382 13
643 645 19
643 642 -8
65 64 -19
65 67 -28
64 42 28
64 87 28
67 66 -8
67 626 -13
67 363 -8
646 622 19
646 647 28
646 86 19
622 598 19
647 645 -8
647 357 -8
647 83 -13
86 85 -8
86 84 -28
86 88 -19
449 451 28
449 734 -28
449 448 13
451 450 -8
451 736 -19
451 146 28
451 453 19
734 758 -28
734 735 8
734 170 -13
448 147 -13
448 472 -8
448 425 13
448 737 13
440 729 19
440 464 -8
393 682 -19
393 95 19
418 420 13
418 416 13
418 115 13
841 557 -28
841 842 28
557 555 -13
557 246 8
557 556 8
842 840 -19
842 554 -13
842 269 19
147 145 19
147 149 19
147 146 19
145 709 -19
145 446 -8
149 450 -8
149 713 -28
149 151 13
146 125 -19
146 169 19
504 793 13
504 505 8
504 480 -8
793 223 19
793 792 8
505 507 13
505 503 19
480 456 19
480 178 -19
480 769 -13
117 682 -19
117 420 -28
682 681 28
682 684 28
420 419 -13
420 422 13
718 429 28
718 720 -28
718 717 19
718 150 13
718 716 8
429 405 28
429 130 -13
429 452 -28
720 152 8
720 431 -19
720 719 19
720 721 19
717 153 -13
717 432 -19
717 693 -28
717 740 19
150 455 -28
150 129 13
150 173 28
150 151 -13
716 715 13
716 427 -19
507 792 19
507 200 -8
507 506 -28
792 768 -19
792 226 -28
792 815 19
200 223 -8
200 769 28
200 177 28
506 203 -13
506 530 -19
506 482 19
685 661 13
685 686 -13
685 709 28
685 124 -8
661 376 8
661 638 13
686 684 8
686 397 -28
686 688 28
686 121 28
709 424 19
709 732 -8
124 126 -19
124 122 -13
223 244 -19
223 224 8
769 768 -28
769 771 28
177 178 -8
177 745 -28
177 154 -13
177 483 -28
512 488 -28
512 536 28
512 208 19
512 801 -8
512 513 -13
488 185 -19
488 777 28
488 489 28
488 464 13
536 537 -13
536 824 13
536 230 -28
208 207 13
208 210 19
208 206 -8
208 774 19
801 799 -28
801 800 -28
801 802 8
513 511 -13
513 515 8
513 798 -28
513 205 19
349 53 -19
349 639 8
349 350 -13
349 325 -19
349 373 -28
53 55 19
53 51 -13
53 612 -13
53 52 -28
639 75 -19
639 637 13
639 638 13
350 352 -13
350 636 -28
350 348 28
350 50 8
325 326 -19
325 301 -28
325 615 -13
325 31 28
373 374 19
373 397 -28
373 76 13
185 183 28
185 187 13
185 184 -19
183 748 19
183 486 -28
187 752 -13
187 490 13
187 186 -8
187 189 -19
184 161 13
184 207 8
184 491 13
546 834 19
546 547 28
834 833 8
834 832 -8
547 549 -8
547 545 -28
547 237 13
268 270 13
268 267 -8
268 837 13
270 269 19
270 839 -28
267 244 -8
267 840 -19
837 553 19
837 838 19
351 352 -28
351 55 -19
351 327 13
352 52 8
352 638 13
55 54 13
55 614 8
327 328 -8
327 33 19
327 303 19
327 617 28
304 302 -8
304 590 -8
304 306 -19
304 7 -19
304 303 -8
302 301 8
302 300 -8
302 588 19
302 5 13
590 33 19
590 566 -8
590 614 13
590 591 -8
306 308 19
306 592 -8
306 9 -8
7 30 28
7 8 -28
7 567 -13
303 279 -8
303 10 19
303 593 -13
238 549 -8
238 810 -28
549 548 28
549 833 13
810 812 -13
810 809 13
384 386 8
384 382 -28
384 83 28
672 671 -13
672 674 28
672 670 13
548 524 19
548 241 -13
524 500 -28
524 220 13
524 812 -13
241 243 -13
241 809 8
241 240 -19
245 552 -28
245 244 -19
245 247 13
245 243 8
814 816 28
814 812 -13
814 526 13
85 386 13
386 671 8
386 388 -8
386 385 -19
391 415 -13
391 93 19
391 392 -13
391 367 -28
415 438 8
415 116 28
415 416 -28
93 654 13
93 95 28
93 92 19
392 91 -13
392 677 -19
367 368 -28
367 343 19
367 70 8
479 173 -19
479 764 28
479 477 -28
479 478 -28
173 196 13
173 174 -19
173 741 -28
764 788 28
764 740 -19
764 765 13
764 199 8
477 762 19
477 475 8
477 476 19
478 454 -28
478 176 8
478 502 13
799 228 28
799 510 -28
799 797 -19
799 798 -28
228 537 19
228 249 8
228 205 -19
510 511 -8
510 206 -8
510 486 -8
510 534 -13
797 227 -19
797 796 -13
798 230 -28
798 821 13
798 774 28
519 518 -13
519 803 19
519 517 28
519 211 8
518 214 19
518 542 -8
518 806 8
518 494 13
803 804 -19
803 780 8
803 827 -13
803 236 -28
517 209 28
517 516 -28
517 515 -13
211 781 -13
211 233 19
211 212 28
681 120 -28
681 396 8
684 119 13
684 683 -28
356 358 28
356 642 28
331 621 -8
331 307 28
331 37 19
645 81 -19
645 644 -19
379 82 28
379 403 13
379 668 -13
358 644 -8
358 357 19
644 84 13
644 620 -19
644 667 -8
357 333 -19
357 381 8
701 416 -19
701 724 28
701 139 -28
701 677 13
724 748 19
724 725 8
724 160 19
139 438 13
139 138 19
677 678 13
677 116 -8
677 654 -13
552 840 -13
552 553 -28
840 839 8
840 838 -8
553 555 13
161 729 8
161 162 -28
161 467 8
729 727 19
729 731 28
162 464 28
162 164 13
162 160 19
162 726 28
467 469 28
467 752 -19
467 465 -13
467 466 -19
310 13 -19
310 308 19
310 596 -13
310 312 -13
310 309 28
13 36 13
13 573 28
13 14 19
308 594 19
308 307 -19
596 39 -8
596 572 19
596 620 19
596 597 8
312 598 -19
312 15 8
309 16 28
309 285 -28
309 599 19
309 333 28
555 554 28
555 244 13
555 839 28
554 247 28
554 530 13
244 816 19
839 815 28
413 414 8
413 437 -19
413 389 -13
414 699 13
414 112 -28
414 412 -28
437 460 28
389 390 -13
389 365 13
816 815 8
816 818 -13
577 575 28
577 287 -8
16 15 -28
16 14 -13
16 572 -13
15 575 -19
15 38 28
14 307 -19
14 12 -8
14 570 19
572 286 19
572 573 13
247 815 13
247 246 8
246 225 8
246 818 -28
246 269 28
398 96 8
398 396 -28
398 397 8
398 683 -19
96 73 -19
96 97 19
96 119 19
397 99 -28
397 421 8
683 707 -8
683 122 -8
683 659 28
73 374 -13
73 637 13
73 50 8
97 99 -8
97 95 19
119 120 -19
119 422 -13
581 291 19
581 21 -13
581 580 28
578 602 -8
578 292 8
485 179 -8
485 484 -28
485 483 -19
179 747 28
179 202 13
179 180 -19
179 156 -13
484 460 -13
484 508 13
483 768 -8
483 482 8
82 81 13
82 84 28
82 642 -19
81 382 -13
84 381 -8
84 83 -19
642 665 -13
98 121 -8
98 75 -8
98 99 8
121 424 19
121 122 28
75 376 -13
75 76 -28
75 52 -28
99 659 28
54 617 8
54 32 -28
614 328 28
614 615 13
614 638 -8
809 786 -13
809 833 -19
291 292 28
291 315 -28
292 294 -8
315 316 28
315 605 -28
315 339 8
621 620 -13
620 334 -28
438 727 13
727 725 13
727 159 -19
727 726 28
138 115 28
138 159 28
115 116 28
115 92 28
159 465 -19
159 160 13
650 651 -13
650 626 -8
650 673 -19
650 90 -28
363 339 28
363 387 13
363 653 13
366 652 -13
366 66 -19
366 365 28
707 422 28
422 424 -13
422 421 -13
659 374 19
659 636 13
316 602 -19
316 318 8
602 626 28
602 45 -13
602 603 -13
318 21 19
318 604 19
318 317 -28
42 603 8
42 340 8
36 597 -19
36 334 28
36 37 8
597 307 -13
597 599 -28
334 333 -28
37 39 -13
37 594 -28
747 745 -19
747 458 28
747 746 -19
745 743 -13
745 456 -8
745 744 13
458 482 19
458 435 -28
458 459 -19
458 157 13
746 722 8
746 461 -8
21 44 8
125 428 -8
125 126 -19
125 690 19
257 258 -8
257 235 19
257 830 13
258 827 -13
258 256 -19
235 213 -8
235 545 8
235 806 13
235 236 -28
830 828 -8
830 829 -19
830 542 -13
830 832 -13
214 213 19
214 216 -8
214 212 -19
214 780 8
213 783 13
213 190 28
216 520 -8
216 782 19
216 218 -19
212 516 -8
212 778 13
212 210 28
780 495 -19
780 756 13
780 781 28
785 783 -8
785 496 19
789 500 -28
789 788 28
789 219 8
786 220 -28
786 762 -28
460 461 -28
461 156 13
461 459 -13
60 83 -19
60 38 -8
533 532 19
533 225 8
530 226 -13
530 818 -19
629 66 8
629 339 -8
629 628 -19
626 340 8
288 287 -19
288 286 -13
288 574 -19
286 284 -8
286 285 -28
574 575 8
574 598 -8
421 122 8
468 469 -28
468 492 -19
468 757 28
500 197 -28
500 476 -19
197 762 -8
197 196 13
197 199 8
476 452 19
476 174 -19
476 765 19
828 540 28
828 255 19
828 827 13
828 826 -13
540 516 28
540 234 -13
540 541 -28
255 256 13
255 233 -8
827 543 -19
826 253 -19
826 825 -13
826 824 13
826 538 -8
668 667 19
668 670 28
665 689 -8
768 744 19
768 203 -19
744 180 28
744 459 13
203 202 -13
328 326 -28
328 30 19
326 324 28
326 28 -8
326 612 -13
30 52 -19
30 31 13
30 591 19
33 31 -19
33 32 8
31 29 8
31 588 -13
32 9 8
32 593 13
263 240 -19
220 218 -28
220 219 -19
219 196 19
219 240 -8
299 275 -19
299 300 19
299 589 13
299 323 19
299 6 13
275 276 -19
275 565 -19
300 3 8
300 586 19
589 28 -28
589 591 13
589 588 -19
589 587 8
323 324 28
323 29 28
323 613 -19
6 8 -28
6 5 -19
6 4 13
6 562 8
370 69 13
370 368 8
69 92 -19
69 47 -13
69 70 19
69 633 -28
368 654 -19
368 68 -13
66 44 13
66 89 -28
637 636 -28
637 635 -13
638 78 19
294 293 -8
294 580 8
293 317 13
580 604 28
482 771 -8
482 180 8
832 259 -13
832 544 -13
202 225 -13
202 771 -13
225 226 -13
514 515 -13
514 490 -19
514 210 28
514 538 19
514 802 -13
515 207 19
515 800 19
490 779 28
490 466 -19
490 491 28
210 209 19
210 776 19
538 539 13
538 232 -8
802 231 13
802 804 19
333 39 -19
279 280 -28
279 569 13
10 9 -8
10 8 8
10 566 8
10 12 -19
593 592 -8
593 591 13
39 38 -19
38 599 -13
592 568 19
9 569 28
569 567 8
569 571 19
569 568 8
226 224 8
605 604 -28
605 44 28
605 603 28
604 628 -13
44 342 -19
44 45 19
573 575 -19
573 283 -8
573 571 -13
454 743 -28
454 153 -19
454 455 -13
454 431 13
176 178 8
176 174 13
176 740 -13
176 175 -13
502 503 -13
502 199 -19
502 526 -28
575 285 19
78 76 28
76 636 -8
456 433 28
456 155 8
456 457 28
178 180 19
434 432 -28
434 719 -19
434 433 13
434 131 -8
434 436 -19
432 431 -28
432 129 -19
719 695 19
719 155 -8
433 409 28
433 721 -13
433 134 13
131 152 -8
131 696 19
131 132 19
436 435 28
436 133 -19
542 543 28
542 236 -13
806 805 -8
806 804 -13
494 783 13
494 495 -28
494 191 -28
494 470 19
838 265 28
838 550 28
520 544 19
520 496 28
544 545 -13
496 497 -8
496 472 -13
496 193 13
381 405 -28
381 670 8
381 382 19
654 630 8
630 631 -13
630 344 8
630 606 -8
630 70 8
598 599 -19
632 346 -19
632 72 -28
632 633 -8
743 175 19
743 741 8
175 152 8
741 739 -13
741 452 19
741 740 -8
508 532 13
23 583 13
23 46 19
23 320 -19
23 0 -8
583 582 -8
46 68 -13
46 344 28
46 607 -8
320 319 -28
320 606 -8
320 322 8
0 296 -28
0 559 -19
253 254 8
253 231 19
254 823 13
254 252 -19
254 256 -28
231 209 19
231 232 28
231 541 -13
83 106 -8
783 782 19
783 781 13
782 805 -19
782 758 -8
782 497 8
781 779 -13
781 492 28
209 779 19
209 186 -8
779 778 28
779 777 13
186 493 8
186 163 -28
186 755 8
651 653 8
651 87 -28
653 652 28
653 89 19
87 388 28
87 110 -8
87 88 8
617 615 19
526 550 -28
284 283 -13
284 570 -8
284 282 -8
283 307 -28
570 594 28
570 571 19
282 281 13
282 568 -8
282 280 19
823 824 8
823 539 13
823 800 8
824 251 13
824 822 13
539 537 -13
539 229 19
539 541 28
800 776 28
800 232 -13
722 723 -13
324 26 13
324 322 -19
324 610 13
26 3 -28
26 587 -19
322 24 -28
322 321 -19
610 634 -13
610 611 13
610 51 19
610 586 8
243 550 13
29 586 8
29 28 -8
586 562 28
586 587 -8
28 5 19
28 50 -13
190 497 13
190 167 19
190 759 13
190 191 -19
612 636 8
612 613 8
612 588 -19
259 237 -28
762 738 8
788 503 -8
340 342 -13
340 339 8
68 631 19
68 91 -13
631 633 -13
634 348 -19
634 635 13
348 346 -19
635 345 19
635 71 13
635 633 13
829 545 -19
829 805 -19
545 543 -28
495 497 8
495 493 28
493 778 28
493 492 -19
493 491 8
301 8 -8
301 591 19
301 277 -28
8 564 8
277 567 19
277 278 19
71 72 19
374 376 -28
537 535 -13
537 821 -8
535 227 13
535 534 28
821 252 -28
821 822 -28
24 1 -19
24 47 -8
24 25 13
587 297 8
295 319 -28
295 296 -8
295 2 -13
295 271 28
50 51 -19
50 613 -8
695 410 -13
695 671 -13
695 134 8
695 696 -8
410 409 13
410 408 -13
410 412 -28
134 133 -28
134 136 19
134 132 28
696 694 8
696 698 -8
192 169 8
192 761 -13
192 193 -19
516 492 28
516 804 -28
492 189 -8
804 233 8
193 758 -28
193 191 28
760 475 -8
760 736 28
760 761 -13
273 274 13
273 297 -19
273 563 -8
274 276 -19
274 272 -8
297 321 -8
297 4 8
563 562 -8
563 565 -28
563 561 8
563 3 19
765 196 -19
12 568 -13
281 571 13
346 344 -8
346 47 19
346 345 -28
344 343 -8
47 609 13
47 48 19
345 49 8
345 321 -28
543 233 19
543 541 -13
233 234 -13
541 825 -19
409 385 -28
409 698 -8
721 154 -19
721 723 8
435 411 -19
435 723 13
435 136 8
133 698 8
133 110 -13
133 154 -8
812 240 -8
778 754 -8
754 469 -13
754 755 19
754 189 8
698 700 -28
698 697 -13
110 412 -8
110 674 -28
154 459 -8
154 155 -19
511 204 -28
511 796 -13
205 206 -8
205 775 13
280 278 28
280 566 -8
819 250 13
819 796 -8
819 820 -28
250 252 -13
250 249 -28
796 772 19
820 248 -19
820 822 -13
457 152 -19
457 455 -13
457 459 -13
52 615 8
319 25 -8
319 609 19
319 343 -13
25 582 28
609 611 -28
609 607 -28
343 633 28
343 48 -13
431 132 -8
408 693 -8
408 406 19
408 106 8
1 2 13
1 561 28
256 825 28
758 473 -19
758 759 28
88 385 8
88 90 8
566 567 -19
606 582 8
606 607 13
606 48 -8
70 72 19
615 613 19
613 611 -28
341 365 -13
341 342 19
341 317 -8
342 628 13
5 565 -28
156 135 -28
156 723 8
156 157 8
699 700 -13
699 675 -28
112 135 -28
112 113 -8
112 676 28
112 89 13
412 411 28
412 697 -8
756 191 13
756 732 8
756 757 8
191 189 -28
732 168 -28
757 755 19
757 759 8
252 251 -28
251 229 -13
153 152 19
153 151 -19
153 155 8
455 740 -8
455 453 8
470 168 -8
470 446 -13
470 759 -28
419 120 13
167 168 28
167 735 13
167 473 8
759 761 8
738 739 8
738 174 19
738 453 -19
738 715 28
230 229 -13
230 232 13
229 207 -19
207 777 -28
45 339 -28
236 234 -28
469 163 28
163 164 -19
163 731 13
132 130 -8
132 693 -28
503 196 19
276 562 19
276 278 -8
565 564 -28
565 567 -8
49 51 -13
49 48 -19
321 611 8
3 4 19
403 427 -8
427 450 13
427 428 13
4 2 -8
411 113 19
411 700 -28
411 387 -28
136 135 28
136 697 -19
777 776 8
777 775 -8
135 700 13
475 473 -28
475 169 -8
473 472 -19
169 170 28
169 737 8
752 776 19
776 491 -19
385 674 -8
775 773 -8
775 486 19
775 774 -28
450 739 28
739 737 8
155 157 13
466 164 19
466 755 8
491 489 8
172 174 8
172 170 19
172 736 8
170 168 13
170 472 19
736 737 28
736 713 8
472 761 -8
822 249 28
822 534 -19
232 234 -13
296 582 -19
582 558 -28
564 278 -28
564 588 -13
424 426 -8
426 428 -19
426 425 19
204 773 -19
204 181 -19
204 227 19
405 694 -8
405 406 -13
694 693 -28
694 129 -8
406 691 -19
735 446 -28
735 737 28
390 388 -8
390 89 28
390 675 -28
388 673 13
388 387 -13
89 90 19
675 652 13
675 676 19
773 772 -28
772 206 -13
772 748 -8
772 487 -28
715 691 -13
715 151 28
428 713 28
532 556 -13
130 129 13
130 691 8
129 106 8
691 667 8
697 673 -13
272 558 -13
272 271 13
248 227 13
113 673 19
387 90 -19
387 676 -28
452 151 19
452 453 -13
673 674 28
674 676 28
106 670 -8
558 559 -8
558 2 8
559 561 -28
628 652 8
271 561 -13
399 688 -28
425 126 -19
688 690 -8
486 487 19
667 382 -19
748 463 28
487 489 -8
487 181 -28
774 489 13
689 713 -13
689 690 -13
464 465 -13
120 122 19
465 463 -8
