127 692 13
127 148 28
127 430 -28
127 128 8
127 104 -19
692 403 -13
692 691 8
692 694 8
692 690 19
148 171 28
148 149 8
148 453 19
148 716 -8
430 432 13
430 429 8
430 715 -19
430 428 28
128 130 -28
128 427 -28
128 126 -13
128 689 13
104 105 28
104 406 8
104 668 -13
104 81 -28
523 215 -8
523 521 19
523 522 -19
523 525 8
523 807 -19
215 216 28
215 192 -13
215 785 19
215 237 8
521 519 19
521 520 13
521 213 -19
521 805 -28
522 498 -28
522 546 -28
522 810 -13
522 218 -13
525 217 8
525 527 19
525 809 -13
525 524 8
807 239 -28
807 784 28
807 831 -8
807 808 28
289 290 28
289 313 19
289 579 -8
290 576 13
290 288 19
290 292 8
313 20 28
313 603 -13
313 337 19
313 314 -28
579 577 13
579 19 -8
579 581 28
579 578 13
359 335 13
359 649 13
359 360 -8
359 383 -28
359 63 19
335 625 -19
335 311 28
335 336 28
335 41 -19
649 85 13
649 651 8
649 647 8
649 648 8
360 362 -28
360 646 -19
360 358 13
360 60 -8
383 384 13
383 672 8
383 407 28
383 86 8
63 65 28
63 61 13
63 622 19
63 62 8
706 417 8
706 704 28
706 705 13
706 708 -8
417 440 -13
417 393 13
417 418 28
417 118 19
704 138 13
704 703 -8
704 702 13
704 415 8
705 142 -13
705 420 -8
705 681 13
705 728 13
708 707 28
708 141 13
708 710 19
708 419 28
137 114 -8
137 439 -28
137 702 -28
137 158 -19
114 678 8
114 91 -13
114 416 8
439 438 19
439 724 -8
439 441 13
702 701 -8
158 181 8
158 463 -13
158 725 -13
362 62 19
362 648 13
362 361 19
362 364 -13
62 625 -8
62 40 -28
648 624 -19
648 671 -28
648 88 13
361 65 19
361 651 -8
361 337 -19
361 385 13
364 650 -13
364 363 28
364 64 8
364 366 13
329 35 8
329 619 -19
329 353 8
329 330 28
329 305 -13
35 34 19
35 33 28
35 37 28
35 592 28
619 621 -19
619 56 28
619 618 19
619 617 -19
353 377 19
353 643 13
353 354 19
353 57 -13
330 328 -13
330 616 -13
330 32 13
330 332 -19
305 306 28
305 12 28
305 281 -28
305 595 -13
658 656 8
658 94 -28
658 657 -13
658 660 13
658 369 19
656 655 -28
656 367 -8
656 92 -19
94 117 8
94 71 -8
94 95 19
94 396 -28
657 634 13
657 372 28
657 681 -8
657 97 -13
660 371 13
660 96 8
660 659 13
660 662 -19
369 370 8
369 345 8
369 393 28
369 72 8
165 471 -8
165 188 8
165 166 -13
165 733 13
165 143 -8
471 756 -19
471 469 -13
471 470 -13
471 473 -28
188 495 8
188 211 -19
188 757 19
188 189 -28
166 468 8
166 168 -19
166 164 8
166 730 -8
733 444 -13
733 735 13
733 731 -28
733 732 -13
143 447 28
143 121 -28
143 710 -19
34 595 8
34 11 -28
34 332 -19
34 56 13
595 594 -13
595 597 -19
595 593 -28
11 12 -28
11 571 13
11 308 28
332 334 19
332 618 -13
332 331 -8
56 79 19
56 57 -28
56 356 28
20 18 8
20 576 28
20 22 19
20 19 8
18 16 28
18 311 28
18 574 19
18 17 -19
576 600 -19
576 577 -19
22 315 -19
22 21 13
22 578 8
19 316 28
19 42 13
221 791 19
221 529 -8
221 222 19
221 198 19
221 242 -13
791 793 -28
791 789 19
791 502 -28
791 790 -13
529 531 -8
529 813 -8
529 528 13
529 527 -13
222 220 -28
222 526 -8
222 224 8
222 788 -13
198 767 -19
198 505 -8
198 199 -28
198 175 19
242 243 28
242 814 19
242 265 8
242 553 -8
402 404 -13
402 401 -8
402 400 13
402 100 19
402 687 -13
404 102 -19
404 403 19
404 406 19
404 689 -8
401 103 8
401 377 8
401 425 -8
401 690 28
400 685 8
400 398 -19
400 98 28
400 399 19
100 664 19
100 77 13
100 123 28
100 101 8
687 688 28
687 711 28
687 663 -28
687 126 -13
664 662 -19
664 666 19
664 663 -13
664 375 -19
77 78 8
77 54 8
77 641 -28
77 378 -19
123 426 -13
123 688 28
123 124 -13
123 144 -19
101 103 28
101 99 -28
101 399 13
101 661 13
600 314 -28
600 624 -19
600 601 28
600 43 -28
314 316 -13
314 312 28
314 17 -28
624 625 13
624 65 8
624 338 8
601 40 19
601 599 19
601 311 28
601 603 -13
43 41 28
43 337 19
43 42 -13
43 45 -19
794 817 -8
794 795 -19
794 770 -19
794 509 -8
817 841 13
817 818 -8
817 533 -8
795 793 28
795 506 -13
795 225 -19
770 485 19
770 771 -28
770 746 8
509 507 -13
509 202 -28
509 508 28
371 74 8
371 395 8
371 372 28
371 347 8
74 634 28
74 73 -28
74 76 19
74 72 8
395 419 -19
395 396 -13
395 684 13
395 97 19
372 370 -13
372 71 -28
372 374 19
347 348 -19
347 51 -13
347 323 -28
347 637 8
103 102 -13
103 663 8
103 105 -28
102 79 -28
102 125 28
102 666 -28
663 640 13
663 378 -28
105 403 13
105 665 28
105 107 28
584 27 13
584 585 -8
584 608 19
584 298 -28
584 560 -8
27 29 8
27 321 28
27 26 -19
27 25 28
585 24 13
585 583 -13
585 587 -13
585 295 19
608 632 -19
608 322 13
608 49 28
608 609 -13
298 300 -8
298 296 -8
298 297 19
298 1 -28
560 274 8
560 561 19
560 4 -28
59 57 -8
59 61 28
59 355 -28
59 58 -8
59 618 28
57 55 19
57 616 19
61 60 -28
61 357 -19
61 620 -19
355 356 13
355 331 -13
355 645 -8
355 379 -19
58 358 -28
58 621 -28
58 36 13
58 81 13
618 594 19
618 642 8
640 80 8
640 616 -28
640 641 8
640 354 13
80 377 -8
80 79 8
80 82 13
80 78 28
616 592 19
616 617 28
641 351 28
641 639 -28
641 643 13
354 54 8
354 352 28
354 356 -19
443 441 19
443 445 -8
443 728 13
443 442 -28
441 138 -8
441 440 -28
441 726 19
445 444 -28
445 447 -8
445 730 8
445 141 8
728 752 -28
728 729 -28
728 164 -19
442 142 -19
442 419 -8
442 731 8
442 466 -13
531 815 28
531 533 8
531 223 28
531 530 -8
813 245 -13
813 790 8
813 837 8
813 814 -8
528 504 -13
528 552 -28
528 816 -19
528 224 -13
527 219 -13
527 811 -28
527 526 19
625 627 19
625 623 -13
627 337 -8
627 64 19
627 629 13
627 626 -8
623 621 28
623 60 -28
623 622 13
623 333 -28
835 266 -19
835 836 -19
835 811 13
835 551 -19
266 268 -8
266 264 -13
266 265 13
836 548 8
836 834 -28
836 838 28
836 263 -19
811 243 -19
811 812 -8
811 788 8
551 549 19
551 240 -13
551 553 19
551 550 -28
142 140 -13
142 141 13
140 703 19
140 139 19
140 440 -28
141 163 13
141 119 -13
498 195 28
498 787 13
498 499 -19
498 474 13
195 194 19
195 197 -28
195 193 -13
195 760 -28
787 217 19
787 785 -13
787 789 -8
787 786 -28
499 501 -13
499 784 8
499 497 -8
499 192 19
474 475 -19
474 450 19
474 172 -28
474 763 -28
444 421 -28
444 468 13
447 449 -28
447 732 -28
447 446 -8
730 707 13
730 754 -13
730 731 -28
712 711 -8
712 423 19
712 710 8
712 714 8
712 144 -13
711 147 -8
711 426 -8
711 734 -8
423 424 -8
423 124 8
423 399 8
423 446 -13
710 421 -19
710 709 8
714 425 19
714 716 -28
714 146 28
714 713 -19
144 449 28
144 167 -13
144 145 -28
679 703 -19
679 394 28
679 655 13
679 118 19
679 680 19
703 418 -19
703 726 8
394 392 -13
394 92 8
394 393 -28
394 396 -28
655 370 -19
655 95 -28
655 632 19
118 117 -28
118 116 13
118 120 -28
680 391 -19
680 682 -28
680 678 28
680 115 28
194 763 -8
194 171 13
194 501 -19
194 217 8
763 762 -19
763 765 -13
763 761 28
171 172 13
171 477 28
171 739 -19
501 500 -19
501 786 8
501 503 19
217 238 -8
217 218 13
311 312 28
311 287 -8
336 334 -8
336 622 13
336 338 -8
336 38 28
41 40 13
41 39 19
41 598 13
662 98 13
662 661 -13
662 373 19
666 377 -13
666 668 -19
666 665 -19
375 351 19
375 78 28
375 399 -19
375 376 -19
766 790 -8
766 481 -19
766 767 -8
766 201 28
766 742 -28
790 224 28
790 505 19
481 479 -28
481 480 28
481 483 -19
481 175 -8
767 478 -8
767 769 -13
767 765 13
201 504 19
201 200 -8
201 203 -19
201 199 19
742 743 8
742 178 19
742 719 8
742 457 28
40 338 -28
40 17 -28
338 337 -8
338 340 13
17 577 28
751 462 19
751 749 19
751 753 -13
751 750 8
751 182 -28
462 438 -13
462 486 -28
462 463 -8
462 160 -28
749 181 -19
749 748 -8
753 752 -8
753 464 -19
753 755 -8
753 184 8
750 185 -8
750 465 19
750 774 -19
750 726 8
182 205 8
182 489 13
182 159 -19
182 183 -28
262 261 -13
262 264 -28
262 260 28
262 831 13
261 238 28
261 834 -19
264 263 -8
264 833 -19
260 259 28
260 829 -8
260 258 13
831 832 28
831 547 13
377 378 -13
378 376 28
378 380 13
239 546 19
239 238 8
239 241 -8
784 760 -19
784 218 13
784 785 8
808 520 -28
808 806 -19
808 810 28
808 237 -19
109 407 19
109 108 8
109 111 -8
109 107 -19
109 669 8
407 696 -28
407 431 19
407 408 8
108 85 -28
108 410 13
108 672 8
108 131 -8
111 409 13
111 671 -28
111 113 13
111 110 19
107 405 28
107 667 -8
107 106 28
669 646 13
669 670 -19
669 384 -8
669 693 8
79 380 -28
79 643 -19
380 379 -28
380 665 28
380 382 19
643 645 -8
643 642 -19
65 64 13
65 67 -8
64 42 -8
64 87 -28
67 66 -28
67 626 13
67 363 13
646 622 -28
646 647 28
646 86 -8
622 598 28
647 645 13
647 357 19
647 83 13
86 85 8
86 84 -13
86 88 19
449 451 -8
449 734 28
449 448 -8
451 450 28
451 736 19
451 146 28
451 453 -13
734 758 19
734 735 19
734 170 -8
448 147 -8
448 472 -8
448 425 13
448 737 19
440 729 28
440 464 8
393 682 13
393 95 13
418 420 -28
418 416 8
418 115 28
841 557 8
841 842 28
557 555 19
557 246 28
557 556 -13
842 840 8
842 554 -19
842 269 -28
147 145 13
147 149 28
147 146 19
145 709 -28
145 446 -28
149 450 -28
149 713 13
149 151 -28
146 125 -8
146 169 8
504 793 13
504 505 -13
504 480 8
793 223 13
793 792 -28
505 507 19
505 503 13
480 456 28
480 178 -13
480 769 -8
117 682 -13
117 420 8
682 681 -28
682 684 -28
420 419 19
420 422 -19
718 429 13
718 720 13
718 717 -8
718 150 19
718 716 -8
429 405 -28
429 130 -28
429 452 13
720 152 -19
720 431 -28
720 719 13
720 721 28
717 153 -13
717 432 -13
717 693 8
717 740 13
150 455 8
150 129 -28
150 173 -28
150 151 -13
716 715 28
716 427 13
507 792 -8
507 200 -28
507 506 13
792 768 19
792 226 -19
792 815 -28
200 223 19
200 769 19
200 177 -19
506 203 -13
506 530 -28
506 482 -28
685 661 -19
685 686 8
685 709 -8
685 124 19
661 376 -8
661 638 28
686 684 -19
686 397 19
686 688 -8
686 121 13
709 424 28
709 732 -13
124 126 13
124 122 13
223 244 -28
223 224 8
769 768 13
769 771 8
177 178 -19
177 745 28
177 154 -19
177 483 13
512 488 8
512 536 -8
512 208 13
512 801 28
512 513 -8
488 185 8
488 777 -19
488 489 -19
488 464 28
536 537 13
536 824 13
536 230 19
208 207 19
208 210 28
208 206 -28
208 774 19
801 799 -28
801 800 -28
801 802 13
513 511 -28
513 515 -13
513 798 -28
513 205 13
349 53 19
349 639 28
349 350 -8
349 325 19
349 373 13
53 55 -19
53 51 -13
53 612 8
53 52 13
639 75 8
639 637 -28
639 638 19
350 352 -28
350 636 28
350 348 -8
350 50 28
325 326 -13
325 301 -8
325 615 -8
325 31 19
373 374 28
373 397 -19
373 76 -28
185 183 -28
185 187 -8
185 184 8
183 748 28
183 486 -13
187 752 13
187 490 8
187 186 19
187 189 19
184 161 -19
184 207 -8
184 491 -28
546 834 -13
546 547 13
834 833 -19
834 832 19
547 549 8
547 545 28
547 237 -28
268 270 -8
268 267 13
268 837 -19
270 269 8
270 839 13
267 244 -13
267 840 -8
837 553 13
837 838 -13
351 352 19
351 55 8
351 327 28
352 52 -13
352 638 13
55 54 -28
55 614 28
327 328 -13
327 33 19
327 303 28
327 617 8
304 302 8
304 590 -19
304 306 -8
304 7 28
304 303 -8
302 301 -8
302 300 28
302 588 19
302 5 -13
590 33 13
590 566 -13
590 614 8
590 591 -28
306 308 -8
306 592 28
306 9 -13
7 30 -19
7 8 28
7 567 -19
303 279 -28
303 10 28
303 593 -8
238 549 19
238 810 28
549 548 28
549 833 -13
810 812 -13
810 809 -8
384 386 -13
384 382 28
384 83 19
672 671 28
672 674 -19
672 670 19
548 524 8
548 241 19
524 500 13
524 220 -13
524 812 -19
241 243 -13
241 809 13
241 240 -28
245 552 8
245 244 8
245 247 -19
245 243 -19
814 816 -8
814 812 -28
814 526 8
85 386 28
386 671 -19
386 388 -28
386 385 19
391 415 19
391 93 28
391 392 -28
391 367 19
415 438 13
415 116 13
415 416 -8
93 654 -19
93 95 19
93 92 28
392 91 13
392 677 19
367 368 -13
367 343 -8
367 70 -19
479 173 19
479 764 28
479 477 -28
479 478 8
173 196 28
173 174 -28
173 741 8
764 788 -28
764 740 8
764 765 -13
764 199 13
477 762 -19
477 475 -13
477 476 -28
478 454 13
478 176 -28
478 502 -19
799 228 -19
799 510 -19
799 797 -8
799 798 -28
228 537 8
228 249 -13
228 205 -13
510 511 -8
510 206 -19
510 486 8
510 534 -8
797 227 -28
797 796 -28
798 230 -19
798 821 -28
798 774 28
519 518 8
519 803 28
519 517 28
519 211 8
518 214 8
518 542 19
518 806 13
518 494 -8
803 804 -19
803 780 13
803 827 28
803 236 13
517 209 19
517 516 -28
517 515 13
211 781 19
211 233 -28
211 212 8
681 120 -19
681 396 19
684 119 8
684 683 -28
356 358 -19
356 642 13
331 621 -28
331 307 -13
331 37 -19
645 81 13
645 644 28
379 82 13
379 403 -28
379 668 -28
358 644 -13
358 357 -28
644 84 -8
644 620 19
644 667 -28
357 333 -8
357 381 8
701 416 -8
701 724 28
701 139 13
701 677 -19
724 748 13
724 725 19
724 160 8
139 438 -13
139 138 -13
677 678 -19
677 116 -19
677 654 13
552 840 -13
552 553 8
840 839 13
840 838 19
553 555 -28
161 729 28
161 162 -8
161 467 19
729 727 28
729 731 -28
162 464 -13
162 164 -19
162 160 -13
162 726 -8
467 469 28
467 752 -8
467 465 28
467 466 8
310 13 -8
310 308 19
310 596 13
310 312 28
310 309 13
13 36 -19
13 573 -19
13 14 -8
308 594 -28
308 307 13
596 39 19
596 572 28
596 620 -8
596 597 13
312 598 -19
312 15 8
309 16 8
309 285 -19
309 599 -28
309 333 28
555 554 -8
555 244 -8
555 839 -28
554 247 -28
554 530 13
244 816 -19
839 815 19
413 414 8
413 437 13
413 389 8
414 699 -28
414 112 19
414 412 8
437 460 19
389 390 13
389 365 -13
816 815 28
816 818 28
577 575 13
577 287 -13
16 15 8
16 14 -19
16 572 -28
15 575 -19
15 38 -8
14 307 28
14 12 -19
14 570 -28
572 286 8
572 573 -8
247 815 -8
247 246 -19
246 225 -13
246 818 -13
246 269 28
398 96 13
398 396 -13
398 397 -28
398 683 -13
96 73 -28
96 97 19
96 119 -19
397 99 -8
397 421 -28
683 707 -19
683 122 -28
683 659 -8
73 374 -28
73 637 8
73 50 -28
97 99 13
97 95 8
119 120 -13
119 422 28
581 291 13
581 21 28
581 580 13
578 602 19
578 292 -19
485 179 28
485 484 -19
485 483 28
179 747 19
179 202 -13
179 180 19
179 156 28
484 460 28
484 508 -13
483 768 -8
483 482 13
82 81 19
82 84 -8
82 642 -19
81 382 13
84 381 -28
84 83 13
642 665 13
98 121 19
98 75 -19
98 99 13
121 424 -8
121 122 -19
75 376 -13
75 76 -19
75 52 13
99 659 8
54 617 -13
54 32 -8
614 328 -28
614 615 8
614 638 -8
809 786 -19
809 833 -19
291 292 -19
291 315 -19
292 294 28
315 316 -8
315 605 19
315 339 -19
621 620 8
620 334 13
438 727 -8
727 725 -8
727 159 13
727 726 13
138 115 -13
138 159 -28
115 116 -8
115 92 -13
159 465 28
159 160 8
650 651 -8
650 626 -13
650 673 -19
650 90 -28
363 339 13
363 387 13
363 653 8
366 652 8
366 66 13
366 365 28
707 422 -8
422 424 -19
422 421 -28
659 374 -28
659 636 -13
316 602 19
316 318 -19
602 626 13
602 45 19
602 603 8
318 21 19
318 604 8
318 317 -13
42 603 13
42 340 19
36 597 -8
36 334 13
36 37 8
597 307 -13
597 599 13
334 333 -13
37 39 -8
37 594 13
747 745 -8
747 458 13
747 746 -13
745 743 -28
745 456 28
745 744 8
458 482 28
458 435 -13
458 459 13
458 157 8
746 722 -19
746 461 -19
21 44 28
125 428 -13
125 126 -8
125 690 -8
257 258 19
257 235 -13
257 830 13
258 827 -28
258 256 -13
235 213 13
235 545 19
235 806 8
235 236 -19
830 828 -28
830 829 19
830 542 28
830 832 -13
214 213 8
214 216 -19
214 212 -8
214 780 -28
213 783 13
213 190 28
216 520 28
216 782 -8
216 218 13
212 516 -19
212 778 -19
212 210 8
780 495 28
780 756 -19
780 781 28
785 783 -19
785 496 -13
789 500 -28
789 788 -13
789 219 19
786 220 8
786 762 13
460 461 8
461 156 28
461 459 -8
60 83 -28
60 38 13
533 532 19
533 225 -19
530 226 19
530 818 -19
629 66 13
629 339 -8
629 628 -8
626 340 -13
288 287 19
288 286 -8
288 574 19
286 284 -19
286 285 19
574 575 -19
574 598 13
421 122 -13
468 469 13
468 492 13
468 757 -19
500 197 -19
500 476 -28
197 762 8
197 196 -19
197 199 -28
476 452 -13
476 174 13
476 765 19
828 540 -19
828 255 19
828 827 -28
828 826 -8
540 516 8
540 234 -19
540 541 -13
255 256 -28
255 233 -19
827 543 -13
826 253 13
826 825 13
826 824 28
826 538 8
668 667 -13
668 670 -28
665 689 -19
768 744 -13
768 203 -13
744 180 13
744 459 -19
203 202 19
328 326 28
328 30 8
326 324 19
326 28 -13
326 612 19
30 52 -19
30 31 19
30 591 -8
33 31 28
33 32 -13
31 29 -28
31 588 28
32 9 -19
32 593 -28
263 240 -28
220 218 -28
220 219 -28
219 196 28
219 240 -8
299 275 -28
299 300 -28
299 589 28
299 323 13
299 6 -28
275 276 19
275 565 28
300 3 8
300 586 28
589 28 -13
589 591 28
589 588 13
589 587 -19
323 324 -13
323 29 -28
323 613 -19
6 8 -13
6 5 13
6 4 -13
6 562 13
370 69 8
370 368 19
69 92 19
69 47 -19
69 70 -28
69 633 28
368 654 13
368 68 8
66 44 19
66 89 8
637 636 -8
637 635 8
638 78 -19
294 293 28
294 580 8
293 317 -8
580 604 -28
482 771 8
482 180 8
832 259 28
832 544 19
202 225 -13
202 771 -8
225 226 -19
514 515 -8
514 490 -13
514 210 28
514 538 -13
514 802 -13
515 207 28
515 800 8
490 779 19
490 466 28
490 491 8
210 209 -8
210 776 -28
538 539 13
538 232 8
802 231 28
802 804 8
333 39 -19
279 280 -13
279 569 -19
10 9 -8
10 8 19
10 566 13
10 12 -13
593 592 -13
593 591 -8
39 38 -19
38 599 -28
592 568 8
9 569 19
569 567 -8
569 571 -8
569 568 13
226 224 -13
605 604 19
605 44 -8
605 603 28
604 628 -13
44 342 -28
44 45 -28
573 575 28
573 283 -13
573 571 19
454 743 -28
454 153 8
454 455 -13
454 431 -13
176 178 -8
176 174 -8
176 740 8
176 175 28
502 503 8
502 199 13
502 526 -13
575 285 19
78 76 8
76 636 -13
456 433 13
456 155 28
456 457 8
178 180 -28
434 432 -13
434 719 -19
434 433 -13
434 131 -8
434 436 -8
432 431 28
432 129 -28
719 695 13
719 155 -13
433 409 -8
433 721 8
433 134 13
131 152 -13
131 696 8
131 132 13
436 435 19
436 133 19
542 543 -28
542 236 8
806 805 -28
806 804 -8
494 783 -8
494 495 -28
494 191 19
494 470 -8
838 265 -28
838 550 -8
520 544 13
520 496 8
544 545 -8
496 497 8
496 472 8
496 193 8
381 405 8
381 670 -13
381 382 -19
654 630 -19
630 631 -28
630 344 19
630 606 19
630 70 28
598 599 13
632 346 8
632 72 -19
632 633 -13
743 175 -13
743 741 8
175 152 -8
741 739 19
741 452 28
741 740 28
508 532 19
23 583 -19
23 46 -19
23 320 -19
23 0 8
583 582 19
46 68 -13
46 344 13
46 607 28
320 319 -19
320 606 28
320 322 -19
0 296 8
0 559 13
253 254 -19
253 231 -28
254 823 -19
254 252 19
254 256 -19
231 209 28
231 232 13
231 541 13
83 106 -19
783 782 -28
783 781 -19
782 805 -28
782 758 13
782 497 8
781 779 -28
781 492 -19
209 779 13
209 186 -8
779 778 19
779 777 19
186 493 -13
186 163 8
186 755 -19
651 653 19
651 87 -13
653 652 -19
653 89 8
87 388 19
87 110 -28
87 88 28
617 615 19
526 550 8
284 283 -8
284 570 28
284 282 28
283 307 28
570 594 28
570 571 13
282 281 19
282 568 -28
282 280 -19
823 824 13
823 539 -8
823 800 19
824 251 -13
824 822 19
539 537 13
539 229 28
539 541 -8
800 776 19
800 232 8
722 723 -28
324 26 -8
324 322 -13
324 610 -19
26 3 -8
26 587 -19
322 24 -8
322 321 13
610 634 19
610 611 19
610 51 28
610 586 28
243 550 -8
29 586 8
29 28 -8
586 562 8
586 587 13
28 5 13
28 50 13
190 497 8
190 167 19
190 759 8
190 191 -13
612 636 13
612 613 13
612 588 13
259 237 19
762 738 -28
788 503 19
340 342 19
340 339 -19
68 631 -19
68 91 -19
631 633 13
634 348 13
634 635 -13
348 346 -19
635 345 19
635 71 13
635 633 28
829 545 -19
829 805 -13
545 543 8
495 497 19
495 493 28
493 778 -8
493 492 -28
493 491 -28
301 8 -8
301 591 -8
301 277 -8
8 564 -19
277 567 -28
277 278 19
71 72 8
374 376 -13
537 535 28
537 821 -8
535 227 -28
535 534 -19
821 252 -19
821 822 19
24 1 19
24 47 13
24 25 19
587 297 13
295 319 -28
295 296 -13
295 2 28
295 271 19
50 51 13
50 613 -8
695 410 28
695 671 8
695 134 13
695 696 13
410 409 8
410 408 28
410 412 19
134 133 13
134 136 -8
134 132 -28
696 694 28
696 698 28
192 169 13
192 761 -19
192 193 -8
516 492 -19
516 804 -8
492 189 -19
804 233 19
193 758 19
193 191 -13
760 475 8
760 736 28
760 761 13
273 274 -19
273 297 -19
273 563 19
274 276 -28
274 272 -13
297 321 8
297 4 -8
563 562 19
563 565 19
563 561 19
563 3 -13
765 196 19
12 568 8
281 571 -8
346 344 -19
346 47 -28
346 345 19
344 343 -28
47 609 -8
47 48 -8
345 49 -13
345 321 -28
543 233 -19
543 541 -19
233 234 19
541 825 -8
409 385 8
409 698 19
721 154 -8
721 723 -8
435 411 28
435 723 -28
435 136 -28
133 698 8
133 110 8
133 154 -8
812 240 19
778 754 -8
754 469 19
754 755 28
754 189 -13
698 700 8
698 697 -8
110 412 -13
110 674 28
154 459 13
154 155 8
511 204 -8
511 796 13
205 206 -13
205 775 28
280 278 13
280 566 -28
819 250 -28
819 796 -28
819 820 -13
250 252 13
250 249 19
796 772 19
820 248 19
820 822 -19
457 152 13
457 455 -28
457 459 28
52 615 13
319 25 -13
319 609 13
319 343 -19
25 582 28
609 611 -13
609 607 -13
343 633 -8
343 48 19
431 132 -13
408 693 -19
408 406 28
408 106 -8
1 2 -8
1 561 19
256 825 -19
758 473 8
758 759 -13
88 385 -13
88 90 -13
566 567 8
606 582 -8
606 607 -28
606 48 -13
70 72 8
615 613 19
613 611 19
341 365 13
341 342 19
341 317 -13
342 628 -28
5 565 -28
156 135 13
156 723 28
156 157 8
699 700 -19
699 675 13
112 135 8
112 113 8
112 676 -19
112 89 -19
412 411 -19
412 697 19
756 191 -8
756 732 19
756 757 -28
191 189 19
732 168 8
757 755 19
757 759 28
252 251 -8
251 229 28
153 152 28
153 151 -28
153 155 28
455 740 13
455 453 13
470 168 -8
470 446 -13
470 759 28
419 120 -8
167 168 -8
167 735 -19
167 473 8
759 761 -28
738 739 -19
738 174 -13
738 453 -13
738 715 13
230 229 28
230 232 -19
229 207 13
207 777 19
45 339 8
236 234 -13
469 163 19
163 164 -19
163 731 -13
132 130 -8
132 693 -28
503 196 19
276 562 -8
276 278 -13
565 564 -28
565 567 -13
49 51 19
49 48 19
321 611 8
3 4 -13
403 427 -13
427 450 -8
427 428 -8
4 2 28
411 113 -13
411 700 -19
411 387 8
136 135 13
136 697 13
777 776 -8
777 775 19
135 700 -19
475 473 -8
475 169 28
473 472 8
169 170 8
169 737 8
752 776 13
776 491 28
385 674 13
775 773 19
775 486 -19
775 774 28
450 739 -28
739 737 -8
155 157 -8
466 164 -19
466 755 19
491 489 13
172 174 -19
172 170 13
172 736 -8
170 168 13
170 472 -28
736 737 13
736 713 -28
472 761 -28
822 249 -19
822 534 28
232 234 -28
296 582 28
582 558 -8
564 278 28
564 588 19
424 426 -19
426 428 19
426 425 -19
204 773 28
204 181 28
204 227 13
405 694 13
405 406 13
694 693 -13
694 129 -13
406 691 13
735 446 -8
735 737 19
390 388 -19
390 89 -8
390 675 -8
388 673 13
388 387 -28
89 90 13
675 652 13
675 676 19
773 772 28
772 206 -8
772 748 13
772 487 28
715 691 -28
715 151 13
428 713 -13
532 556 28
130 129 13
130 691 19
129 106 -19
691 667 -19
697 673 -8
272 558 -19
272 271 -13
248 227 19
113 673 -28
387 90 -13
387 676 -13
452 151 28
452 453 -28
673 674 -8
674 676 -8
106 670 19
558 559 8
558 2 8
559 561 28
628 652 8
271 561 8
399 688 -13
425 126 -19
688 690 28
486 487 8
667 382 19
748 463 13
487 489 13
487 181 19
774 489 -13
689 713 -28
689 690 28
464 465 -28
120 122 28
465 463 -28
