127 692 -19
127 148 19
127 430 13
127 128 -19
127 104 28
692 403 -8
692 691 13
692 694 -8
692 690 -13
148 171 28
148 149 -13
148 453 -28
148 716 19
430 432 8
430 429 -28
430 715 -28
430 428 28
128 130 8
128 427 19
128 126 19
128 689 28
104 105 28
104 406 -8
104 668 -19
104 81 -13
523 215 -28
523 521 -28
523 522 -19
523 525 -13
523 807 13
215 216 8
215 192 -28
215 785 8
215 237 19
521 519 8
521 520 8
521 213 -8
521 805 -8
522 498 8
522 546 -8
522 810 -28
522 218 8
525 217 -13
525 527 13
525 809 -13
525 524 19
807 239 13
807 784 13
807 831 28
807 808 -28
289 290 19
289 313 8
289 579 19
290 576 28
290 288 -28
290 292 8
313 20 -8
313 603 8
313 337 19
313 314 19
579 577 13
579 19 28
579 581 -19
579 578 -28
359 335 -13
359 649 -19
359 360 13
359 383 -28
359 63 -19
335 625 -28
335 311 -8
335 336 8
335 41 13
649 85 19
649 651 -19
649 647 -8
649 648 13
360 362 -8
360 646 -19
360 358 19
360 60 -8
383 384 -28
383 672 -8
383 407 -28
383 86 -8
63 65 19
63 61 -19
63 622 19
63 62 -28
706 417 -8
706 704 8
706 705 -13
706 708 28
417 440 -28
417 393 -19
417 418 -8
417 118 -19
704 138 -28
704 703 28
704 702 -28
704 415 28
705 142 -13
705 420 8
705 681 -13
705 728 -8
708 707 -13
708 141 8
708 710 -19
708 419 -13
137 114 -8
137 439 -19
137 702 -28
137 158 13
114 678 -13
114 91 19
114 416 -13
439 438 -28
439 724 8
439 441 -8
702 701 -13
158 181 13
158 463 -13
158 725 -8
362 62 -19
362 648 19
362 361 28
362 364 28
62 625 19
62 40 -8
648 624 19
648 671 -8
648 88 13
361 65 19
361 651 -28
361 337 -8
361 385 8
364 650 -19
364 363 -13
364 64 28
364 366 -8
329 35 28
329 619 -8
329 353 -13
329 330 -13
329 305 -19
35 34 -13
35 33 -8
35 37 28
35 592 -8
619 621 -19
619 56 -8
619 618 -13
619 617 -19
353 377 -8
353 643 -28
353 354 13
353 57 -19
330 328 13
330 616 -13
330 32 -8
330 332 19
305 306 13
305 12 -13
305 281 13
305 595 19
658 656 19
658 94 -19
658 657 28
658 660 19
658 369 8
656 655 13
656 367 -8
656 92 19
94 117 -28
94 71 13
94 95 8
94 396 -28
657 634 -8
657 372 -28
657 681 28
657 97 -19
660 371 13
660 96 -19
660 659 13
660 662 8
369 370 -19
369 345 28
369 393 -19
369 72 -13
165 471 28
165 188 -19
165 166 19
165 733 8
165 143 19
471 756 28
471 469 19
471 470 -13
471 473 -13
188 495 19
188 211 19
188 757 -13
188 189 13
166 468 -19
166 168 19
166 164 -8
166 730 -28
733 444 -28
733 735 19
733 731 -13
733 732 13
143 447 -13
143 121 -19
143 710 19
34 595 28
34 11 -19
34 332 -28
34 56 -13
595 594 19
595 597 13
595 593 -13
11 12 13
11 571 -28
11 308 -28
332 334 -13
332 618 -13
332 331 8
56 79 19
56 57 -28
56 356 19
20 18 8
20 576 13
20 22 -19
20 19 -19
18 16 -13
18 311 28
18 574 19
18 17 -13
576 600 8
576 577 -28
22 315 28
22 21 19
22 578 -28
19 316 -8
19 42 28
221 791 13
221 529 19
221 222 19
221 198 13
221 242 13
791 793 13
791 789 19
791 502 8
791 790 19
529 531 8
529 813 -8
529 528 -19
529 527 -8
222 220 19
222 526 -13
222 224 -13
222 788 -13
198 767 13
198 505 19
198 199 -13
198 175 -28
242 243 13
242 814 8
242 265 19
242 553 -13
402 404 19
402 401 8
402 400 -28
402 100 28
402 687 -19
404 102 19
404 403 8
404 406 19
404 689 -13
401 103 28
401 377 -28
401 425 -13
401 690 19
400 685 -13
400 398 -19
400 98 19
400 399 13
100 664 -19
100 77 13
100 123 13
100 101 8
687 688 8
687 711 19
687 663 -19
687 126 13
664 662 13
664 666 19
664 663 19
664 375 -8
77 78 8
77 54 13
77 641 13
77 378 -19
123 426 -19
123 688 28
123 124 19
123 144 13
101 103 19
101 99 -28
101 399 8
101 661 19
600 314 -19
600 624 28
600 601 19
600 43 -13
314 316 13
314 312 8
314 17 -28
624 625 13
624 65 -13
624 338 -19
601 40 13
601 599 28
601 311 13
601 603 -8
43 41 -28
43 337 -19
43 42 -19
43 45 -28
794 817 28
794 795 8
794 770 -8
794 509 -19
817 841 28
817 818 28
817 533 -28
795 793 -19
795 506 8
795 225 -28
770 485 8
770 771 -19
770 746 19
509 507 -8
509 202 -8
509 508 28
371 74 28
371 395 -8
371 372 8
371 347 -13
74 634 -8
74 73 8
74 76 13
74 72 8
395 419 -8
395 396 -8
395 684 -19
395 97 8
372 370 -19
372 71 8
372 374 8
347 348 -8
347 51 -8
347 323 28
347 637 8
103 102 19
103 663 -13
103 105 8
102 79 13
102 125 -19
102 666 -8
663 640 19
663 378 -19
105 403 13
105 665 28
105 107 -8
584 27 13
584 585 -19
584 608 19
584 298 13
584 560 -19
27 29 -13
27 321 13
27 26 8
27 25 8
585 24 19
585 583 13
585 587 -13
585 295 -19
608 632 -8
608 322 -13
608 49 -8
608 609 28
298 300 8
298 296 -8
298 297 -8
298 1 13
560 274 -13
560 561 28
560 4 -8
59 57 -8
59 61 28
59 355 -8
59 58 -8
59 618 -28
57 55 -28
57 616 13
61 60 -8
61 357 28
61 620 8
355 356 -19
355 331 -8
355 645 -13
355 379 -8
58 358 8
58 621 -19
58 36 -8
58 81 13
618 594 -8
618 642 8
640 80 -13
640 616 8
640 641 8
640 354 19
80 377 -8
80 79 -8
80 82 19
80 78 -13
616 592 28
616 617 -28
641 351 -19
641 639 -19
641 643 28
354 54 8
354 352 -13
354 356 13
443 441 -8
443 445 19
443 728 19
443 442 -28
441 138 8
441 440 19
441 726 -13
445 444 -19
445 447 -28
445 730 13
445 141 8
728 752 8
728 729 19
728 164 28
442 142 -8
442 419 -19
442 731 -13
442 466 -28
531 815 13
531 533 28
531 223 28
531 530 -28
813 245 28
813 790 -28
813 837 19
813 814 19
528 504 -28
528 552 19
528 816 13
528 224 8
527 219 13
527 811 8
527 526 28
625 627 8
625 623 13
627 337 -13
627 64 -19
627 629 -19
627 626 -8
623 621 19
623 60 -13
623 622 8
623 333 -8
835 266 -19
835 836 -19
835 811 28
835 551 19
266 268 -19
266 264 19
266 265 19
836 548 8
836 834 -13
836 838 -28
836 263 19
811 243 -8
811 812 13
811 788 13
551 549 -8
551 240 -19
551 553 28
551 550 -13
142 140 13
142 141 13
140 703 -8
140 139 28
140 440 -19
141 163 28
141 119 -13
498 195 8
498 787 8
498 499 -28
498 474 -19
195 194 -28
195 197 8
195 193 13
195 760 -19
787 217 -28
787 785 28
787 789 -28
787 786 -8
499 501 -19
499 784 -28
499 497 -19
499 192 -19
474 475 -28
474 450 -19
474 172 -19
474 763 19
444 421 13
444 468 19
447 449 13
447 732 -8
447 446 13
730 707 13
730 754 28
730 731 28
712 711 -28
712 423 19
712 710 19
712 714 -13
712 144 -13
711 147 8
711 426 -19
711 734 -13
423 424 19
423 124 -28
423 399 8
423 446 19
710 421 -13
710 709 28
714 425 28
714 716 8
714 146 -13
714 713 8
144 449 13
144 167 13
144 145 28
679 703 28
679 394 8
679 655 8
679 118 -28
679 680 13
703 418 -19
703 726 19
394 392 19
394 92 -13
394 393 28
394 396 -13
655 370 -8
655 95 8
655 632 8
118 117 -13
118 116 -13
118 120 13
680 391 -19
680 682 -19
680 678 28
680 115 8
194 763 13
194 171 13
194 501 -19
194 217 -8
763 762 8
763 765 19
763 761 -28
171 172 8
171 477 19
171 739 -28
501 500 -28
501 786 19
501 503 -19
217 238 -28
217 218 8
311 312 13
311 287 -8
336 334 -28
336 622 13
336 338 19
336 38 13
41 40 -13
41 39 -13
41 598 -8
662 98 -8
662 661 -8
662 373 -13
666 377 19
666 668 13
666 665 8
375 351 28
375 78 -28
375 399 28
375 376 -8
766 790 28
766 481 -19
766 767 13
766 201 19
766 742 28
790 224 28
790 505 -8
481 479 -19
481 480 -28
481 483 13
481 175 -8
767 478 -19
767 769 -13
767 765 28
201 504 8
201 200 28
201 203 -13
201 199 -8
742 743 -19
742 178 13
742 719 13
742 457 19
40 338 -8
40 17 13
338 337 13
338 340 -13
17 577 13
751 462 -8
751 749 -13
751 753 28
751 750 -13
751 182 -8
462 438 -28
462 486 -13
462 463 -28
462 160 19
749 181 19
749 748 28
753 752 13
753 464 13
753 755 -19
753 184 -8
750 185 28
750 465 -19
750 774 8
750 726 8
182 205 13
182 489 -13
182 159 8
182 183 -8
262 261 -19
262 264 13
262 260 28
262 831 19
261 238 -28
261 834 28
264 263 28
264 833 -19
260 259 28
260 829 19
260 258 13
831 832 19
831 547 28
377 378 -28
378 376 -13
378 380 8
239 546 13
239 238 -28
239 241 19
784 760 -8
784 218 8
784 785 19
808 520 -8
808 806 -19
808 810 8
808 237 -19
109 407 8
109 108 -8
109 111 13
109 107 -28
109 669 19
407 696 -8
407 431 19
407 408 -8
108 85 -8
108 410 -8
108 672 -19
108 131 8
111 409 28
111 671 -8
111 113 13
111 110 -8
107 405 13
107 667 28
107 106 -28
669 646 -8
669 670 -8
669 384 -28
669 693 8
79 380 8
79 643 13
380 379 -19
380 665 8
380 382 -13
643 645 19
643 642 -13
65 64 -13
65 67 -19
64 42 8
64 87 -28
67 66 -8
67 626 19
67 363 8
646 622 -28
646 647 8
646 86 -8
622 598 13
647 645 28
647 357 -8
647 83 -13
86 85 13
86 84 -19
86 88 -13
449 451 19
449 734 28
449 448 28
451 450 28
451 736 28
451 146 -13
451 453 19
734 758 13
734 735 8
734 170 -13
448 147 13
448 472 8
448 425 -19
448 737 8
440 729 19
440 464 8
393 682 8
393 95 -19
418 420 8
418 416 19
418 115 -13
841 557 13
841 842 -28
557 555 28
557 246 13
557 556 28
842 840 -8
842 554 -13
842 269 8
147 145 28
147 149 -8
147 146 8
145 709 -13
145 446 28
149 450 -13
149 713 -8
149 151 -28
146 125 13
146 169 -28
504 793 -28
504 505 13
504 480 13
793 223 -13
793 792 19
505 507 -13
505 503 -28
480 456 -8
480 178 -13
480 769 -19
117 682 28
117 420 -19
682 681 -8
682 684 -13
420 419 -28
420 422 28
718 429 -8
718 720 -19
718 717 -13
718 150 -8
718 716 -8
429 405 13
429 130 13
429 452 -8
720 152 19
720 431 -13
720 719 -19
720 721 19
717 153 -8
717 432 -13
717 693 -13
717 740 -19
150 455 13
150 129 -28
150 173 -13
150 151 28
716 715 -19
716 427 28
507 792 -13
507 200 28
507 506 -28
792 768 28
792 226 -19
792 815 -8
200 223 8
200 769 -13
200 177 8
506 203 -8
506 530 13
506 482 28
685 661 8
685 686 -19
685 709 -8
685 124 13
661 376 -19
661 638 28
686 684 -28
686 397 8
686 688 8
686 121 -19
709 424 -19
709 732 -19
124 126 8
124 122 -13
223 244 8
223 224 19
769 768 -28
769 771 -8
177 178 28
177 745 8
177 154 8
177 483 -28
512 488 -8
512 536 28
512 208 8
512 801 28
512 513 -8
488 185 19
488 777 -19
488 489 28
488 464 19
536 537 -8
536 824 -8
536 230 -28
208 207 -28
208 210 8
208 206 13
208 774 -19
801 799 -8
801 800 28
801 802 19
513 511 28
513 515 -19
513 798 -28
513 205 8
349 53 -13
349 639 -19
349 350 -8
349 325 28
349 373 13
53 55 8
53 51 28
53 612 -13
53 52 -19
639 75 28
639 637 -19
639 638 19
350 352 28
350 636 -8
350 348 19
350 50 13
325 326 13
325 301 -28
325 615 -13
325 31 -8
373 374 13
373 397 -19
373 76 -8
185 183 28
185 187 -8
185 184 28
183 748 8
183 486 -13
187 752 8
187 490 13
187 186 -19
187 189 -8
184 161 -13
184 207 -28
184 491 -13
546 834 13
546 547 8
834 833 -8
834 832 -19
547 549 -13
547 545 13
547 237 8
268 270 8
268 267 -19
268 837 -28
270 269 -19
270 839 19
267 244 28
267 840 28
837 553 -28
837 838 8
351 352 28
351 55 13
351 327 28
352 52 13
352 638 -13
55 54 19
55 614 8
327 328 13
327 33 -13
327 303 13
327 617 -28
304 302 19
304 590 19
304 306 -13
304 7 13
304 303 -28
302 301 19
302 300 -8
302 588 -8
302 5 -28
590 33 -19
590 566 19
590 614 -8
590 591 -8
306 308 8
306 592 28
306 9 -19
7 30 -28
7 8 19
7 567 -28
303 279 -8
303 10 28
303 593 -19
238 549 -28
238 810 8
549 548 13
549 833 19
810 812 -19
810 809 13
384 386 19
384 382 8
384 83 -28
672 671 -13
672 674 8
672 670 28
548 524 28
548 241 13
524 500 8
524 220 28
524 812 -8
241 243 8
241 809 19
241 240 13
245 552 28
245 244 19
245 247 -19
245 243 8
814 816 8
814 812 -19
814 526 -8
85 386 -19
386 671 -19
386 388 19
386 385 19
391 415 13
391 93 -28
391 392 -19
391 367 -8
415 438 13
415 116 19
415 416 8
93 654 8
93 95 8
93 92 8
392 91 -28
392 677 -28
367 368 19
367 343 -13
367 70 28
479 173 -28
479 764 -28
479 477 13
479 478 13
173 196 8
173 174 19
173 741 -13
764 788 28
764 740 19
764 765 -8
764 199 13
477 762 28
477 475 13
477 476 -19
478 454 -28
478 176 -28
478 502 -13
799 228 -13
799 510 28
799 797 -28
799 798 8
228 537 -8
228 249 28
228 205 -8
510 511 -8
510 206 13
510 486 -13
510 534 13
797 227 13
797 796 28
798 230 28
798 821 -8
798 774 -19
519 518 8
519 803 -19
519 517 -19
519 211 -28
518 214 -28
518 542 -8
518 806 19
518 494 -19
803 804 -19
803 780 -28
803 827 -8
803 236 13
517 209 -19
517 516 28
517 515 -13
211 781 13
211 233 19
211 212 -13
681 120 28
681 396 19
684 119 8
684 683 28
356 358 -13
356 642 -8
331 621 -19
331 307 -8
331 37 -13
645 81 13
645 644 -28
379 82 8
379 403 -13
379 668 28
358 644 19
358 357 -28
644 84 -8
644 620 -28
644 667 -8
357 333 -19
357 381 -13
701 416 -28
701 724 -13
701 139 -13
701 677 19
724 748 28
724 725 -28
724 160 28
139 438 19
139 138 -19
677 678 -19
677 116 28
677 654 -28
552 840 -8
552 553 19
840 839 19
840 838 -13
553 555 8
161 729 -8
161 162 8
161 467 19
729 727 -8
729 731 8
162 464 13
162 164 13
162 160 8
162 726 -8
467 469 -19
467 752 -13
467 465 -8
467 466 -28
310 13 13
310 308 -8
310 596 13
310 312 19
310 309 13
13 36 -19
13 573 -19
13 14 19
308 594 -13
308 307 -13
596 39 -19
596 572 13
596 620 28
596 597 28
312 598 8
312 15 -13
309 16 -28
309 285 -19
309 599 19
309 333 8
555 554 -8
555 244 -28
555 839 8
554 247 8
554 530 -28
244 816 -28
839 815 13
413 414 -8
413 437 -8
413 389 -13
414 699 -19
414 112 -8
414 412 -19
437 460 19
389 390 13
389 365 -13
816 815 -19
816 818 8
577 575 13
577 287 -28
16 15 28
16 14 -8
16 572 -8
15 575 13
15 38 -19
14 307 -28
14 12 8
14 570 -8
572 286 -8
572 573 13
247 815 -13
247 246 19
246 225 -28
246 818 -19
246 269 8
398 96 8
398 396 19
398 397 28
398 683 19
96 73 -19
96 97 19
96 119 13
397 99 28
397 421 8
683 707 -13
683 122 -13
683 659 8
73 374 19
73 637 28
73 50 -28
97 99 8
97 95 19
119 120 13
119 422 8
581 291 -8
581 21 -8
581 580 13
578 602 28
578 292 -13
485 179 -8
485 484 28
485 483 -13
179 747 -19
179 202 13
179 180 -13
179 156 28
484 460 8
484 508 28
483 768 19
483 482 -13
82 81 -8
82 84 19
82 642 -19
81 382 28
84 381 -28
84 83 -8
642 665 -19
98 121 -8
98 75 -13
98 99 8
121 424 -13
121 122 -19
75 376 28
75 76 -8
75 52 28
99 659 -28
54 617 -19
54 32 8
614 328 -13
614 615 -13
614 638 8
809 786 13
809 833 19
291 292 13
291 315 -13
292 294 -13
315 316 8
315 605 -8
315 339 19
621 620 8
620 334 -28
438 727 8
727 725 -28
727 159 -8
727 726 -19
138 115 8
138 159 28
115 116 28
115 92 28
159 465 -28
159 160 -8
650 651 -13
650 626 -8
650 673 -28
650 90 13
363 339 -13
363 387 -19
363 653 13
366 652 -28
366 66 -19
366 365 19
707 422 28
422 424 -8
422 421 13
659 374 -28
659 636 -19
316 602 -19
316 318 8
602 626 28
602 45 8
602 603 -8
318 21 -8
318 604 19
318 317 -28
42 603 -8
42 340 -28
36 597 -28
36 334 -28
36 37 28
597 307 28
597 599 -19
334 333 -19
37 39 28
37 594 -8
747 745 13
747 458 28
747 746 -8
745 743 8
745 456 -28
745 744 28
458 482 8
458 435 -19
458 459 -28
458 157 19
746 722 19
746 461 28
21 44 13
125 428 -19
125 126 -13
125 690 19
257 258 13
257 235 28
257 830 -28
258 827 -8
258 256 13
235 213 -19
235 545 8
235 806 28
235 236 13
830 828 -19
830 829 8
830 542 13
830 832 28
214 213 -19
214 216 -19
214 212 -13
214 780 -28
213 783 19
213 190 -13
216 520 28
216 782 -13
216 218 28
212 516 13
212 778 19
212 210 -8
780 495 13
780 756 8
780 781 8
785 783 13
785 496 -28
789 500 8
789 788 28
789 219 28
786 220 -8
786 762 19
460 461 8
461 156 -8
461 459 -28
60 83 -19
60 38 13
533 532 28
533 225 28
530 226 -19
530 818 -19
629 66 -8
629 339 -28
629 628 -19
626 340 -8
288 287 -8
288 286 -19
288 574 -13
286 284 19
286 285 -19
574 575 -28
574 598 -13
421 122 -8
468 469 -13
468 492 8
468 757 8
500 197 8
500 476 19
197 762 -13
197 196 -13
197 199 8
476 452 19
476 174 13
476 765 8
828 540 -13
828 255 -8
828 827 -13
828 826 -28
540 516 -8
540 234 -28
540 541 13
255 256 -28
255 233 -8
827 543 -19
826 253 -19
826 825 13
826 824 13
826 538 19
668 667 13
668 670 19
665 689 8
768 744 13
768 203 -8
744 180 -13
744 459 -28
203 202 8
328 326 -13
328 30 19
326 324 13
326 28 -28
326 612 -13
30 52 19
30 31 -13
30 591 -19
33 31 -28
33 32 -19
31 29 19
31 588 -19
32 9 -28
32 593 -28
263 240 -19
220 218 -28
220 219 28
219 196 -28
219 240 -8
299 275 -13
299 300 -8
299 589 -13
299 323 13
299 6 -28
275 276 -19
275 565 -13
300 3 -28
300 586 -19
589 28 -28
589 591 -13
589 588 -19
589 587 -8
323 324 -13
323 29 -8
323 613 13
6 8 -13
6 5 -28
6 4 19
6 562 28
370 69 13
370 368 -19
69 92 -19
69 47 19
69 70 28
69 633 -13
368 654 -28
368 68 -28
66 44 19
66 89 -13
637 636 -28
637 635 8
638 78 -8
294 293 -19
294 580 8
293 317 -28
580 604 19
482 771 -8
482 180 -13
832 259 -8
832 544 19
202 225 13
202 771 -28
225 226 -28
514 515 -13
514 490 13
514 210 28
514 538 -13
514 802 8
515 207 19
515 800 19
490 779 13
490 466 19
490 491 -19
210 209 -8
210 776 8
538 539 19
538 232 13
802 231 19
802 804 -28
333 39 8
279 280 -8
279 569 19
10 9 8
10 8 -8
10 566 -19
10 12 28
593 592 8
593 591 28
39 38 -19
38 599 -8
592 568 -19
9 569 -8
569 567 -13
569 571 -8
569 568 8
226 224 8
605 604 -28
605 44 28
605 603 -13
604 628 -28
44 342 -13
44 45 28
573 575 28
573 283 8
573 571 -8
454 743 19
454 153 28
454 455 19
454 431 -8
176 178 -8
176 174 -8
176 740 28
176 175 -28
502 503 -13
502 199 -19
502 526 -19
575 285 -19
78 76 19
76 636 19
456 433 13
456 155 -19
456 457 28
178 180 13
434 432 13
434 719 -8
434 433 -8
434 131 28
434 436 13
432 431 -8
432 129 -13
719 695 -28
719 155 -28
433 409 -19
433 721 -19
433 134 -13
131 152 19
131 696 -8
131 132 -13
436 435 13
436 133 -8
542 543 19
542 236 19
806 805 28
806 804 8
494 783 19
494 495 13
494 191 -19
494 470 -28
838 265 8
838 550 19
520 544 8
520 496 -8
544 545 8
496 497 19
496 472 19
496 193 -8
381 405 28
381 670 -8
381 382 -28
654 630 -8
630 631 13
630 344 13
630 606 19
630 70 -28
598 599 8
632 346 19
632 72 13
632 633 -19
743 175 19
743 741 28
175 152 -8
741 739 8
741 452 -8
741 740 19
508 532 8
23 583 28
23 46 19
23 320 -13
23 0 8
583 582 13
46 68 8
46 344 -28
46 607 -8
320 319 -28
320 606 13
320 322 19
0 296 -8
0 559 19
253 254 -8
253 231 19
254 823 -19
254 252 -28
254 256 28
231 209 28
231 232 -28
231 541 -28
83 106 -19
783 782 -28
783 781 19
782 805 -19
782 758 -28
782 497 13
781 779 13
781 492 19
209 779 28
209 186 -13
779 778 13
779 777 -13
186 493 13
186 163 8
186 755 -8
651 653 19
651 87 -8
653 652 -28
653 89 -8
87 388 -19
87 110 19
87 88 -19
617 615 19
526 550 -8
284 283 -13
284 570 19
284 282 -19
283 307 28
570 594 -13
570 571 -28
282 281 -19
282 568 19
282 280 28
823 824 28
823 539 8
823 800 -19
824 251 8
824 822 19
539 537 8
539 229 -28
539 541 13
800 776 -28
800 232 -28
722 723 -19
324 26 28
324 322 13
324 610 -13
26 3 -8
26 587 19
322 24 8
322 321 13
610 634 8
610 611 -19
610 51 -13
610 586 -28
243 550 8
29 586 -13
29 28 28
586 562 13
586 587 -13
28 5 -19
28 50 -8
190 497 13
190 167 -8
190 759 8
190 191 28
612 636 -19
612 613 -28
612 588 13
259 237 13
762 738 19
788 503 -13
340 342 -13
340 339 19
68 631 -13
68 91 28
631 633 -13
634 348 -19
634 635 13
348 346 -28
635 345 19
635 71 19
635 633 -28
829 545 -8
829 805 8
545 543 8
495 497 -19
495 493 28
493 778 -8
493 492 19
493 491 19
301 8 -19
301 591 19
301 277 13
8 564 -13
277 567 -19
277 278 19
71 72 8
374 376 19
537 535 -28
537 821 13
535 227 -8
535 534 8
821 252 28
821 822 -8
24 1 28
24 47 -13
24 25 8
587 297 19
295 319 -28
295 296 -8
295 2 13
295 271 19
50 51 13
50 613 8
695 410 28
695 671 28
695 134 28
695 696 -13
410 409 -28
410 408 -19
410 412 -8
134 133 -13
134 136 -13
134 132 -13
696 694 -28
696 698 28
192 169 19
192 761 -13
192 193 -13
516 492 13
516 804 13
492 189 19
804 233 -8
193 758 -8
193 191 28
760 475 28
760 736 -28
760 761 8
273 274 13
273 297 -28
273 563 -13
274 276 -8
274 272 8
297 321 8
297 4 -19
563 562 28
563 565 -28
563 561 -13
563 3 8
765 196 -13
12 568 28
281 571 19
346 344 -13
346 47 -19
346 345 -8
344 343 -8
47 609 19
47 48 -13
345 49 -8
345 321 -28
543 233 28
543 541 -28
233 234 19
541 825 19
409 385 28
409 698 -8
721 154 13
721 723 28
435 411 19
435 723 28
435 136 -19
133 698 19
133 110 -8
133 154 -19
812 240 13
778 754 -8
754 469 -8
754 755 28
754 189 13
698 700 28
698 697 13
110 412 13
110 674 8
154 459 -13
154 155 -8
511 204 8
511 796 -28
205 206 -19
205 775 -19
280 278 13
280 566 13
819 250 28
819 796 8
819 820 13
250 252 -28
250 249 -13
796 772 -28
820 248 13
820 822 -19
457 152 13
457 455 8
457 459 -19
52 615 28
319 25 -8
319 609 -19
319 343 19
25 582 28
609 611 8
609 607 13
343 633 13
343 48 -8
431 132 -19
408 693 -13
408 406 -28
408 106 -8
1 2 19
1 561 13
256 825 -8
758 473 -28
758 759 -13
88 385 -13
88 90 19
566 567 13
606 582 8
606 607 13
606 48 13
70 72 -8
615 613 -28
613 611 28
341 365 -8
341 342 -13
341 317 8
342 628 -19
5 565 19
156 135 -28
156 723 28
156 157 -13
699 700 28
699 675 13
112 135 -28
112 113 -28
112 676 28
112 89 -8
412 411 -8
412 697 -13
756 191 28
756 732 -8
756 757 -13
191 189 -8
732 168 13
757 755 -19
757 759 8
252 251 19
251 229 -28
153 152 8
153 151 -8
153 155 -28
455 740 -13
455 453 -8
470 168 13
470 446 -28
470 759 8
419 120 -8
167 168 -28
167 735 19
167 473 -19
759 761 8
738 739 19
738 174 -19
738 453 8
738 715 13
230 229 28
230 232 -13
229 207 8
207 777 -28
45 339 -28
236 234 28
469 163 28
163 164 -28
163 731 13
132 130 13
132 693 -13
503 196 -13
276 562 19
276 278 -28
565 564 28
565 567 -28
49 51 8
49 48 8
321 611 -28
3 4 -19
403 427 -8
427 450 19
427 428 13
4 2 -13
411 113 8
411 700 -8
411 387 8
136 135 -28
136 697 -13
777 776 28
777 775 -8
135 700 -19
475 473 13
475 169 -19
473 472 -28
169 170 13
169 737 13
752 776 28
776 491 13
385 674 13
775 773 -19
775 486 -19
775 774 -28
450 739 -13
739 737 19
155 157 -19
466 164 -13
466 755 28
491 489 -28
172 174 -28
172 170 8
172 736 8
170 168 -13
170 472 -13
736 737 -13
736 713 19
472 761 19
822 249 -13
822 534 -8
232 234 28
296 582 8
582 558 28
564 278 -28
564 588 13
424 426 13
426 428 -19
426 425 28
204 773 -13
204 181 -13
204 227 -13
405 694 13
405 406 -28
694 693 13
694 129 -13
406 691 19
735 446 19
735 737 13
390 388 28
390 89 8
390 675 19
388 673 28
388 387 8
89 90 -19
675 652 13
675 676 13
773 772 28
772 206 28
772 748 -28
772 487 -8
715 691 -13
715 151 -19
428 713 19
532 556 19
130 129 19
130 691 -13
129 106 19
691 667 -19
697 673 8
272 558 19
272 271 8
248 227 -19
113 673 8
387 90 19
387 676 -28
452 151 19
452 453 -28
673 674 -19
674 676 13
106 670 8
558 559 -28
558 2 -13
559 561 28
628 652 -28
271 561 -28
399 688 -8
425 126 28
688 690 8
486 487 -8
667 382 13
748 463 -8
487 489 -19
487 181 8
774 489 -28
689 713 -19
689 690 28
464 465 8
120 122 19
465 463 -28
