127 692 8
127 148 13
127 430 8
127 128 19
127 104 13
692 403 -28
692 691 -13
692 694 -13
692 690 -13
148 171 -13
148 149 8
148 453 -13
148 716 -8
430 432 19
430 429 8
430 715 19
430 428 -28
128 130 28
128 427 28
128 126 19
128 689 -8
104 105 -28
104 406 19
104 668 -8
104 81 -28
523 215 -28
523 521 8
523 522 8
523 525 19
523 807 -28
215 216 -8
215 192 28
215 785 28
215 237 -13
521 519 -19
521 520 8
521 213 -28
521 805 -13
522 498 -13
522 546 8
522 810 13
522 218 28
525 217 8
525 527 28
525 809 13
525 524 13
807 239 -8
807 784 8
807 831 -8
807 808 8
289 290 8
289 313 -13
289 579 -28
290 576 28
290 288 -8
290 292 -28
313 20 -28
313 603 -19
313 337 13
313 314 13
579 577 -19
579 19 -19
579 581 19
579 578 28
359 335 28
359 649 -28
359 360 28
359 383 28
359 63 19
335 625 -8
335 311 28
335 336 13
335 41 8
649 85 -13
649 651 28
649 647 -19
649 648 -28
360 362 19
360 646 -8
360 358 13
360 60 19
383 384 28
383 672 8
383 407 -28
383 86 28
63 65 13
63 61 -13
63 622 -28
63 62 -19
706 417 -13
706 704 -19
706 705 28
706 708 -13
417 440 -8
417 393 19
417 418 -8
417 118 -8
704 138 13
704 703 -19
704 702 -13
704 415 19
705 142 8
705 420 19
705 681 -8
705 728 -28
708 707 13
708 141 28
708 710 19
708 419 28
137 114 -13
137 439 -28
137 702 13
137 158 28
114 678 13
114 91 19
114 416 -28
439 438 13
439 724 -19
439 441 28
702 701 19
158 181 8
158 463 -8
158 725 -28
362 62 19
362 648 -19
362 361 8
362 364 19
62 625 28
62 40 28
648 624 13
648 671 -13
648 88 8
361 65 19
361 651 8
361 337 -8
361 385 13
364 650 28
364 363 8
364 64 8
364 366 13
329 35 -19
329 619 -13
329 353 -8
329 330 19
329 305 -28
35 34 8
35 33 -8
35 37 -19
35 592 -13
619 621 -19
619 56 -13
619 618 -28
619 617 8
353 377 -19
353 643 19
353 354 -28
353 57 -8
330 328 8
330 616 -13
330 32 28
330 332 19
305 306 28
305 12 13
305 281 -8
305 595 13
658 656 -13
658 94 28
658 657 -19
658 660 -8
658 369 28
656 655 -8
656 367 8
656 92 -13
94 117 13
94 71 19
94 95 19
94 396 8
657 634 -19
657 372 -19
657 681 8
657 97 -13
660 371 -19
660 96 8
660 659 8
660 662 -13
369 370 28
369 345 28
369 393 -19
369 72 8
165 471 -28
165 188 -13
165 166 19
165 733 -19
165 143 13
471 756 8
471 469 -28
471 470 -8
471 473 -28
188 495 -19
188 211 13
188 757 -19
188 189 -13
166 468 -19
166 168 19
166 164 28
166 730 28
733 444 -28
733 735 -8
733 731 -8
733 732 28
143 447 13
143 121 -8
143 710 19
34 595 8
34 11 -8
34 332 -8
34 56 19
595 594 28
595 597 19
595 593 -13
11 12 8
11 571 -28
11 308 19
332 334 -28
332 618 -28
332 331 -28
56 79 19
56 57 -8
56 356 -28
20 18 8
20 576 -8
20 22 -19
20 19 13
18 16 13
18 311 8
18 574 19
18 17 -8
576 600 -19
576 577 19
22 315 -13
22 21 -19
22 578 8
19 316 13
19 42 -13
221 791 -19
221 529 19
221 222 -13
221 198 -13
221 242 13
791 793 28
791 789 -8
791 502 8
791 790 -8
529 531 -28
529 813 13
529 528 -13
529 527 -8
222 220 -8
222 526 -8
222 224 28
222 788 28
198 767 -28
198 505 -28
198 199 8
198 175 13
242 243 -28
242 814 -19
242 265 -28
242 553 -8
402 404 -28
402 401 -19
402 400 -13
402 100 -8
402 687 8
404 102 13
404 403 13
404 406 -19
404 689 -8
401 103 -13
401 377 13
401 425 -13
401 690 -8
400 685 28
400 398 19
400 98 28
400 399 19
100 664 -19
100 77 -8
100 123 28
100 101 28
687 688 -8
687 711 -28
687 663 8
687 126 -19
664 662 -8
664 666 13
664 663 28
664 375 -19
77 78 -13
77 54 -13
77 641 -8
77 378 28
123 426 -19
123 688 19
123 124 8
123 144 -19
101 103 8
101 99 13
101 399 -19
101 661 -13
600 314 -19
600 624 -8
600 601 13
600 43 -19
314 316 8
314 312 -8
314 17 -13
624 625 -13
624 65 8
624 338 -13
601 40 8
601 599 8
601 311 -19
601 603 -13
43 41 -13
43 337 8
43 42 -19
43 45 19
794 817 -19
794 795 8
794 770 13
794 509 13
817 841 -28
817 818 13
817 533 8
795 793 -19
795 506 -13
795 225 -28
770 485 19
770 771 -19
770 746 28
509 507 -8
509 202 8
509 508 13
371 74 -13
371 395 -8
371 372 13
371 347 28
74 634 -28
74 73 -8
74 76 13
74 72 28
395 419 -8
395 396 19
395 684 -28
395 97 19
372 370 -28
372 71 -13
372 374 8
347 348 -13
347 51 13
347 323 28
347 637 -13
103 102 8
103 663 19
103 105 -19
102 79 13
102 125 -28
102 666 -28
663 640 -13
663 378 13
105 403 -8
105 665 19
105 107 -8
584 27 28
584 585 -19
584 608 -8
584 298 13
584 560 -13
27 29 -28
27 321 -19
27 26 -8
27 25 8
585 24 28
585 583 19
585 587 13
585 295 19
608 632 -13
608 322 -28
608 49 8
608 609 19
298 300 -13
298 296 13
298 297 13
298 1 19
560 274 19
560 561 19
560 4 19
59 57 -19
59 61 -28
59 355 8
59 58 -13
59 618 -28
57 55 -19
57 616 -19
61 60 28
61 357 8
61 620 13
355 356 13
355 331 28
355 645 -28
355 379 -28
58 358 28
58 621 -28
58 36 -8
58 81 -19
618 594 8
618 642 13
640 80 -19
640 616 19
640 641 -19
640 354 -19
80 377 -19
80 79 -28
80 82 -8
80 78 -13
616 592 28
616 617 -19
641 351 28
641 639 8
641 643 8
354 54 -19
354 352 -28
354 356 8
443 441 13
443 445 -13
443 728 19
443 442 19
441 138 8
441 440 -13
441 726 13
445 444 13
445 447 13
445 730 19
445 141 -28
728 752 19
728 729 -19
728 164 28
442 142 -28
442 419 13
442 731 -8
442 466 19
531 815 -8
531 533 -8
531 223 13
531 530 -28
813 245 8
813 790 13
813 837 -13
813 814 28
528 504 8
528 552 -19
528 816 -8
528 224 -28
527 219 19
527 811 13
527 526 19
625 627 28
625 623 13
627 337 -8
627 64 -8
627 629 -19
627 626 -28
623 621 28
623 60 19
623 622 -8
623 333 13
835 266 28
835 836 13
835 811 19
835 551 19
266 268 -28
266 264 -8
266 265 13
836 548 19
836 834 -8
836 838 -19
836 263 -13
811 243 -19
811 812 8
811 788 8
551 549 -8
551 240 13
551 553 -19
551 550 -19
142 140 -19
142 141 -28
140 703 -19
140 139 13
140 440 -13
141 163 -8
141 119 8
498 195 13
498 787 -28
498 499 -8
498 474 13
195 194 19
195 197 8
195 193 19
195 760 -28
787 217 8
787 785 8
787 789 28
787 786 19
499 501 8
499 784 28
499 497 28
499 192 -13
474 475 -28
474 450 28
474 172 -19
474 763 13
444 421 -13
444 468 19
447 449 28
447 732 19
447 446 8
730 707 8
730 754 -28
730 731 -19
712 711 -19
712 423 28
712 710 13
712 714 13
712 144 -19
711 147 13
711 426 -19
711 734 8
423 424 28
423 124 -8
423 399 -28
423 446 -13
710 421 28
710 709 -19
714 425 8
714 716 28
714 146 19
714 713 8
144 449 -28
144 167 -19
144 145 13
679 703 -19
679 394 -8
679 655 8
679 118 8
679 680 28
703 418 -19
703 726 -13
394 392 19
394 92 -8
394 393 19
394 396 -8
655 370 -8
655 95 -19
655 632 28
118 117 -8
118 116 -13
118 120 8
680 391 -28
680 682 8
680 678 -28
680 115 -13
194 763 8
194 171 -13
194 501 28
194 217 -13
763 762 13
763 765 28
763 761 19
171 172 28
171 477 19
171 739 -8
501 500 -13
501 786 -28
501 503 13
217 238 -19
217 218 -28
311 312 -13
311 287 -28
336 334 -19
336 622 -8
336 338 -8
336 38 -19
41 40 -19
41 39 13
41 598 19
662 98 -13
662 661 -19
662 373 -19
666 377 -13
666 668 19
666 665 8
375 351 19
375 78 28
375 399 8
375 376 -19
766 790 8
766 481 -8
766 767 13
766 201 28
766 742 -13
790 224 28
790 505 28
481 479 -13
481 480 13
481 483 8
481 175 28
767 478 19
767 769 13
767 765 -28
201 504 13
201 200 13
201 203 13
201 199 19
742 743 19
742 178 -13
742 719 28
742 457 -8
40 338 -28
40 17 -13
338 337 28
338 340 -19
17 577 8
751 462 -19
751 749 -13
751 753 19
751 750 -19
751 182 19
462 438 -13
462 486 -13
462 463 -8
462 160 -28
749 181 -19
749 748 -19
753 752 19
753 464 -8
753 755 8
753 184 -28
750 185 -28
750 465 -8
750 774 -8
750 726 -8
182 205 8
182 489 13
182 159 28
182 183 -19
262 261 8
262 264 13
262 260 8
262 831 -19
261 238 -28
261 834 8
264 263 8
264 833 -13
260 259 13
260 829 13
260 258 -8
831 832 19
831 547 19
377 378 19
378 376 -13
378 380 -13
239 546 -13
239 238 -28
239 241 -19
784 760 8
784 218 28
784 785 19
808 520 19
808 806 28
808 810 13
808 237 8
109 407 28
109 108 28
109 111 -13
109 107 8
109 669 8
407 696 28
407 431 -8
407 408 -8
108 85 -13
108 410 -28
108 672 -13
108 131 13
111 409 8
111 671 13
111 113 13
111 110 8
107 405 8
107 667 -8
107 106 8
669 646 13
669 670 -13
669 384 19
669 693 28
79 380 -8
79 643 -8
380 379 -19
380 665 -28
380 382 28
643 645 -8
643 642 8
65 64 13
65 67 8
64 42 19
64 87 13
67 66 8
67 626 28
67 363 -13
646 622 13
646 647 -13
646 86 -13
622 598 8
647 645 13
647 357 -28
647 83 -28
86 85 13
86 84 28
86 88 8
449 451 19
449 734 28
449 448 -28
451 450 -13
451 736 28
451 146 8
451 453 19
734 758 19
734 735 -28
734 170 -13
448 147 13
448 472 28
448 425 28
448 737 -13
440 729 -19
440 464 19
393 682 -13
393 95 13
418 420 -13
418 416 28
418 115 -8
841 557 28
841 842 -28
557 555 -28
557 246 28
557 556 -28
842 840 -28
842 554 8
842 269 13
147 145 -28
147 149 19
147 146 -19
145 709 19
145 446 -8
149 450 8
149 713 -13
149 151 8
146 125 28
146 169 -19
504 793 -8
504 505 13
504 480 -13
793 223 28
793 792 -19
505 507 -19
505 503 8
480 456 8
480 178 28
480 769 -28
117 682 -28
117 420 13
682 681 -8
682 684 -8
420 419 19
420 422 -13
718 429 13
718 720 8
718 717 28
718 150 -19
718 716 -8
429 405 8
429 130 -28
429 452 13
720 152 13
720 431 19
720 719 19
720 721 -19
717 153 -8
717 432 -19
717 693 13
717 740 -28
150 455 -13
150 129 -28
150 173 -28
150 151 19
716 715 -28
716 427 -19
507 792 -13
507 200 19
507 506 19
792 768 -19
792 226 -8
792 815 -19
200 223 13
200 769 28
200 177 -28
506 203 19
506 530 13
506 482 -13
685 661 -8
685 686 28
685 709 -28
685 124 19
661 376 -8
661 638 -19
686 684 -19
686 397 8
686 688 -19
686 121 -8
709 424 19
709 732 13
124 126 -8
124 122 -19
223 244 13
223 224 13
769 768 -8
769 771 19
177 178 -28
177 745 -28
177 154 -13
177 483 28
512 488 -8
512 536 -19
512 208 -13
512 801 -19
512 513 19
488 185 13
488 777 -19
488 489 8
488 464 28
536 537 -28
536 824 -8
536 230 28
208 207 28
208 210 -13
208 206 8
208 774 19
801 799 13
801 800 -13
801 802 13
513 511 -19
513 515 -8
513 798 -28
513 205 13
349 53 -8
349 639 -8
349 350 -28
349 325 28
349 373 -19
53 55 -13
53 51 13
53 612 -8
53 52 19
639 75 13
639 637 28
639 638 28
350 352 13
350 636 19
350 348 13
350 50 13
325 326 -19
325 301 8
325 615 19
325 31 -19
373 374 19
373 397 -13
373 76 -13
185 183 -28
185 187 -8
185 184 13
183 748 -28
183 486 -19
187 752 19
187 490 -19
187 186 -28
187 189 -13
184 161 19
184 207 -28
184 491 -13
546 834 -19
546 547 8
834 833 19
834 832 13
547 549 -28
547 545 13
547 237 -8
268 270 8
268 267 19
268 837 28
270 269 -13
270 839 8
267 244 -19
267 840 19
837 553 28
837 838 -28
351 352 -28
351 55 8
351 327 13
352 52 -28
352 638 19
55 54 19
55 614 28
327 328 19
327 33 -8
327 303 -13
327 617 19
304 302 28
304 590 28
304 306 -19
304 7 8
304 303 -13
302 301 -19
302 300 19
302 588 8
302 5 19
590 33 19
590 566 8
590 614 19
590 591 13
306 308 -8
306 592 -8
306 9 -13
7 30 28
7 8 19
7 567 -13
303 279 19
303 10 -8
303 593 -13
238 549 28
238 810 13
549 548 13
549 833 -19
810 812 13
810 809 -28
384 386 28
384 382 19
384 83 -8
672 671 -8
672 674 -28
672 670 8
548 524 -19
548 241 19
524 500 -28
524 220 -13
524 812 -19
241 243 8
241 809 -19
241 240 8
245 552 -13
245 244 -8
245 247 -19
245 243 13
814 816 -28
814 812 28
814 526 28
85 386 -19
386 671 -28
386 388 -19
386 385 13
391 415 8
391 93 -19
391 392 -28
391 367 8
415 438 -19
415 116 -28
415 416 8
93 654 -28
93 95 -13
93 92 28
392 91 -13
392 677 -19
367 368 28
367 343 -8
367 70 -28
479 173 -19
479 764 -13
479 477 -28
479 478 -28
173 196 8
173 174 -13
173 741 19
764 788 28
764 740 19
764 765 -8
764 199 28
477 762 -13
477 475 -8
477 476 -13
478 454 -28
478 176 19
478 502 19
799 228 -19
799 510 19
799 797 28
799 798 -28
228 537 13
228 249 -28
228 205 -19
510 511 -28
510 206 13
510 486 -28
510 534 19
797 227 28
797 796 13
798 230 -8
798 821 -19
798 774 8
519 518 -13
519 803 8
519 517 -13
519 211 19
518 214 28
518 542 -8
518 806 8
518 494 13
803 804 13
803 780 -19
803 827 8
803 236 -13
517 209 -13
517 516 -8
517 515 -13
211 781 -19
211 233 8
211 212 -19
681 120 28
681 396 -19
684 119 13
684 683 -13
356 358 13
356 642 -8
331 621 -19
331 307 -13
331 37 -28
645 81 -19
645 644 28
379 82 13
379 403 -28
379 668 -13
358 644 13
358 357 -28
644 84 13
644 620 13
644 667 -28
357 333 -8
357 381 -13
701 416 28
701 724 8
701 139 8
701 677 8
724 748 -28
724 725 19
724 160 19
139 438 -8
139 138 19
677 678 -19
677 116 8
677 654 8
552 840 -8
552 553 -28
840 839 19
840 838 8
553 555 13
161 729 13
161 162 -19
161 467 13
729 727 -28
729 731 -13
162 464 -19
162 164 -8
162 160 13
162 726 -28
467 469 19
467 752 -13
467 465 -28
467 466 8
310 13 -28
310 308 13
310 596 -19
310 312 13
310 309 -8
13 36 -19
13 573 19
13 14 8
308 594 8
308 307 19
596 39 -19
596 572 13
596 620 -13
596 597 -28
312 598 -8
312 15 -28
309 16 -19
309 285 -19
309 599 -19
309 333 -13
555 554 -28
555 244 13
555 839 19
554 247 28
554 530 -28
244 816 -19
839 815 13
413 414 28
413 437 -8
413 389 -19
414 699 8
414 112 -19
414 412 -28
437 460 -28
389 390 -19
389 365 -19
816 815 -8
816 818 28
577 575 13
577 287 13
16 15 -19
16 14 -13
16 572 -13
15 575 19
15 38 8
14 307 8
14 12 -13
14 570 8
572 286 -13
572 573 -8
247 815 -28
247 246 -13
246 225 19
246 818 -8
246 269 8
398 96 -13
398 396 13
398 397 8
398 683 13
96 73 -13
96 97 28
96 119 28
397 99 28
397 421 19
683 707 -8
683 122 28
683 659 -19
73 374 -28
73 637 -8
73 50 13
97 99 28
97 95 -28
119 120 19
119 422 -13
581 291 -8
581 21 8
581 580 28
578 602 -28
578 292 28
485 179 -8
485 484 -8
485 483 -19
179 747 13
179 202 13
179 180 8
179 156 13
484 460 19
484 508 -13
483 768 13
483 482 8
82 81 -28
82 84 -13
82 642 -13
81 382 -19
84 381 19
84 83 19
642 665 -19
98 121 19
98 75 8
98 99 -13
121 424 -19
121 122 -8
75 376 28
75 76 -13
75 52 -28
99 659 -19
54 617 19
54 32 -13
614 328 -19
614 615 13
614 638 -19
809 786 8
809 833 19
291 292 13
291 315 19
292 294 28
315 316 -19
315 605 -28
315 339 19
621 620 13
620 334 -8
438 727 28
727 725 19
727 159 28
727 726 28
138 115 -8
138 159 -8
115 116 -28
115 92 -19
159 465 -28
159 160 19
650 651 8
650 626 -13
650 673 -8
650 90 8
363 339 -19
363 387 19
363 653 -13
366 652 -28
366 66 -28
366 365 13
707 422 -19
422 424 19
422 421 -19
659 374 -28
659 636 8
316 602 -8
316 318 -8
602 626 -28
602 45 -8
602 603 19
318 21 -13
318 604 -8
318 317 28
42 603 -19
42 340 -19
36 597 -19
36 334 -8
36 37 -13
597 307 13
597 599 -13
334 333 8
37 39 -28
37 594 13
747 745 -19
747 458 -8
747 746 -28
745 743 8
745 456 28
745 744 8
458 482 -13
458 435 8
458 459 -28
458 157 19
746 722 -8
746 461 -28
21 44 -13
125 428 19
125 126 -8
125 690 -8
257 258 19
257 235 8
257 830 28
258 827 8
258 256 8
235 213 8
235 545 19
235 806 -19
235 236 -8
830 828 -8
830 829 19
830 542 -19
830 832 -13
214 213 -28
214 216 28
214 212 28
214 780 -13
213 783 19
213 190 19
216 520 19
216 782 -8
216 218 -19
212 516 13
212 778 -13
212 210 -8
780 495 -19
780 756 -13
780 781 -8
785 783 -28
785 496 -19
789 500 13
789 788 -8
789 219 -8
786 220 13
786 762 -13
460 461 19
461 156 13
461 459 13
60 83 -19
60 38 19
533 532 -13
533 225 -19
530 226 -8
530 818 -19
629 66 28
629 339 -13
629 628 -19
626 340 8
288 287 19
288 286 -19
288 574 19
286 284 -8
286 285 -13
574 575 -13
574 598 19
421 122 -13
468 469 28
468 492 28
468 757 19
500 197 -8
500 476 28
197 762 -19
197 196 28
197 199 19
476 452 -8
476 174 28
476 765 -13
828 540 28
828 255 -8
828 827 -8
828 826 8
540 516 -13
540 234 8
540 541 28
255 256 19
255 233 -19
827 543 8
826 253 -13
826 825 19
826 824 13
826 538 -13
668 667 -19
668 670 -13
665 689 28
768 744 -13
768 203 -19
744 180 28
744 459 -13
203 202 -8
328 326 8
328 30 13
326 324 13
326 28 -8
326 612 28
30 52 28
30 31 28
30 591 28
33 31 -28
33 32 -13
31 29 -19
31 588 -19
32 9 13
32 593 -28
263 240 13
220 218 28
220 219 -13
219 196 -19
219 240 -8
299 275 19
299 300 8
299 589 8
299 323 -8
299 6 -8
275 276 8
275 565 8
300 3 -13
300 586 -8
589 28 8
589 591 28
589 588 13
589 587 -28
323 324 -19
323 29 -28
323 613 19
6 8 28
6 5 8
6 4 19
6 562 -28
370 69 -28
370 368 -13
69 92 -13
69 47 -13
69 70 -28
69 633 -8
368 654 13
368 68 8
66 44 -28
66 89 13
637 636 13
637 635 8
638 78 -28
294 293 -19
294 580 -13
293 317 -19
580 604 -8
482 771 -8
482 180 -8
832 259 -8
832 544 -13
202 225 28
202 771 28
225 226 19
514 515 19
514 490 -19
514 210 28
514 538 19
514 802 13
515 207 28
515 800 13
490 779 8
490 466 -8
490 491 13
210 209 -8
210 776 -8
538 539 -28
538 232 28
802 231 -19
802 804 -28
333 39 -19
279 280 -19
279 569 13
10 9 28
10 8 8
10 566 19
10 12 -13
593 592 -8
593 591 28
39 38 -28
38 599 -28
592 568 -8
9 569 -19
569 567 19
569 571 19
569 568 -13
226 224 8
605 604 8
605 44 -28
605 603 -8
604 628 -13
44 342 -28
44 45 -19
573 575 -19
573 283 13
573 571 -28
454 743 8
454 153 28
454 455 8
454 431 19
176 178 -8
176 174 -13
176 740 -8
176 175 13
502 503 28
502 199 -19
502 526 13
575 285 -13
78 76 -28
76 636 -28
456 433 13
456 155 -19
456 457 28
178 180 -13
434 432 19
434 719 -8
434 433 -19
434 131 8
434 436 -13
432 431 -8
432 129 -19
719 695 -13
719 155 19
433 409 -13
433 721 -8
433 134 13
131 152 -13
131 696 -13
131 132 8
436 435 -19
436 133 19
542 543 -19
542 236 13
806 805 8
806 804 19
494 783 -19
494 495 -8
494 191 28
494 470 -28
838 265 13
838 550 13
520 544 -28
520 496 -8
544 545 -19
496 497 -19
496 472 13
496 193 -19
381 405 -28
381 670 -28
381 382 19
654 630 28
630 631 13
630 344 -28
630 606 13
630 70 -19
598 599 -28
632 346 8
632 72 13
632 633 19
743 175 8
743 741 -19
175 152 -28
741 739 13
741 452 8
741 740 19
508 532 -19
23 583 -19
23 46 8
23 320 -13
23 0 28
583 582 28
46 68 -28
46 344 -19
46 607 -19
320 319 -8
320 606 19
320 322 -19
0 296 19
0 559 -19
253 254 -19
253 231 28
254 823 -19
254 252 -19
254 256 19
231 209 -13
231 232 -8
231 541 -28
83 106 8
783 782 19
783 781 13
782 805 -13
782 758 -8
782 497 19
781 779 28
781 492 -19
209 779 8
209 186 19
779 778 28
779 777 -8
186 493 19
186 163 28
186 755 -8
651 653 8
651 87 -13
653 652 19
653 89 -8
87 388 8
87 110 19
87 88 19
617 615 19
526 550 -13
284 283 -8
284 570 -28
284 282 13
283 307 -8
570 594 -8
570 571 19
282 281 19
282 568 -8
282 280 -13
823 824 8
823 539 -13
823 800 -19
824 251 -13
824 822 19
539 537 8
539 229 -28
539 541 8
800 776 19
800 232 -28
722 723 -28
324 26 13
324 322 -8
324 610 13
26 3 -13
26 587 8
322 24 13
322 321 -28
610 634 13
610 611 19
610 51 -19
610 586 13
243 550 19
29 586 -28
29 28 19
586 562 8
586 587 -13
28 5 19
28 50 -19
190 497 28
190 167 -28
190 759 -19
190 191 8
612 636 -19
612 613 19
612 588 19
259 237 13
762 738 28
788 503 28
340 342 28
340 339 -13
68 631 28
68 91 19
631 633 8
634 348 28
634 635 -28
348 346 28
635 345 8
635 71 -28
635 633 -19
829 545 13
829 805 -19
545 543 19
495 497 8
495 493 13
493 778 19
493 492 -13
493 491 -28
301 8 19
301 591 -28
301 277 -8
8 564 13
277 567 19
277 278 -28
71 72 -8
374 376 28
537 535 19
537 821 28
535 227 8
535 534 13
821 252 -13
821 822 -8
24 1 28
24 47 -8
24 25 -19
587 297 8
295 319 -28
295 296 -28
295 2 -28
295 271 -8
50 51 -8
50 613 13
695 410 -8
695 671 -8
695 134 13
695 696 28
410 409 -19
410 408 -28
410 412 -28
134 133 -13
134 136 13
134 132 8
696 694 13
696 698 -28
192 169 -19
192 761 -8
192 193 -28
516 492 19
516 804 -13
492 189 19
804 233 -28
193 758 13
193 191 -13
760 475 19
760 736 19
760 761 28
273 274 -13
273 297 19
273 563 8
274 276 -28
274 272 8
297 321 28
297 4 19
563 562 -28
563 565 28
563 561 -19
563 3 -19
765 196 -19
12 568 -19
281 571 13
346 344 28
346 47 -13
346 345 13
344 343 28
47 609 -13
47 48 -8
345 49 28
345 321 -13
543 233 28
543 541 8
233 234 -8
541 825 -8
409 385 -19
409 698 13
721 154 28
721 723 -8
435 411 8
435 723 13
435 136 13
133 698 -28
133 110 -19
133 154 13
812 240 -8
778 754 -13
754 469 8
754 755 -8
754 189 13
698 700 -19
698 697 28
110 412 28
110 674 19
154 459 -28
154 155 -28
511 204 13
511 796 13
205 206 8
205 775 -19
280 278 13
280 566 13
819 250 -13
819 796 -19
819 820 28
250 252 -19
250 249 -8
796 772 -13
820 248 -28
820 822 8
457 152 -8
457 455 -13
457 459 -19
52 615 8
319 25 -19
319 609 -28
319 343 19
25 582 28
609 611 19
609 607 19
343 633 -13
343 48 8
431 132 8
408 693 -13
408 406 -8
408 106 8
1 2 -28
1 561 -13
256 825 -19
758 473 13
758 759 28
88 385 8
88 90 28
566 567 8
606 582 -28
606 607 13
606 48 -19
70 72 28
615 613 8
613 611 13
341 365 -19
341 342 -13
341 317 13
342 628 -8
5 565 -8
156 135 13
156 723 -19
156 157 13
699 700 -28
699 675 8
112 135 8
112 113 -19
112 676 -13
112 89 13
412 411 28
412 697 -19
756 191 13
756 732 -28
756 757 28
191 189 -8
732 168 -8
757 755 8
757 759 -28
252 251 -13
251 229 -28
153 152 28
153 151 8
153 155 -8
455 740 19
455 453 -28
470 168 28
470 446 -19
470 759 13
419 120 -19
167 168 28
167 735 28
167 473 19
759 761 13
738 739 -28
738 174 19
738 453 19
738 715 13
230 229 -19
230 232 -8
229 207 8
207 777 -8
45 339 -13
236 234 8
469 163 13
163 164 -28
163 731 13
132 130 8
132 693 13
503 196 13
276 562 13
276 278 -19
565 564 -19
565 567 28
49 51 -28
49 48 13
321 611 -28
3 4 8
403 427 13
427 450 28
427 428 8
4 2 13
411 113 -28
411 700 13
411 387 -13
136 135 -28
136 697 -8
777 776 -28
777 775 8
135 700 -28
475 473 13
475 169 -13
473 472 19
169 170 13
169 737 28
752 776 8
776 491 -19
385 674 -13
775 773 19
775 486 -19
775 774 -13
450 739 -13
739 737 -28
155 157 -13
466 164 28
466 755 -19
491 489 19
172 174 28
172 170 -13
172 736 28
170 168 8
170 472 28
736 737 8
736 713 8
472 761 8
822 249 -8
822 534 8
232 234 -13
296 582 28
582 558 -8
564 278 13
564 588 -8
424 426 8
426 428 -19
426 425 13
204 773 19
204 181 13
204 227 8
405 694 -19
405 406 -19
694 693 -8
694 129 28
406 691 -13
735 446 -28
735 737 -13
390 388 28
390 89 -19
390 675 -19
388 673 -8
388 387 -19
89 90 -28
675 652 -13
675 676 -13
773 772 -13
772 206 -13
772 748 8
772 487 -8
715 691 -19
715 151 28
428 713 -8
532 556 -19
130 129 -13
130 691 8
129 106 13
691 667 -28
697 673 -19
272 558 13
272 271 -19
248 227 8
113 673 13
387 90 13
387 676 19
452 151 -8
452 453 13
673 674 -13
674 676 19
106 670 13
558 559 28
558 2 -28
559 561 13
628 652 28
271 561 19
399 688 -13
425 126 8
688 690 28
486 487 -19
667 382 8
748 463 -19
487 489 -8
487 181 13
774 489 8
689 713 8
689 690 28
464 465 -19
120 122 -13
465 463 -8
