127 692 13
127 148 -19
127 430 -13
127 128 -19
127 104 19
692 403 13
692 691 28
692 694 -28
692 690 -13
148 171 19
148 149 -28
148 453 -28
148 716 -19
430 432 -19
430 429 8
430 715 -8
430 428 -19
128 130 19
128 427 19
128 126 -13
128 689 -8
104 105 -8
104 406 28
104 668 -28
104 81 28
523 215 13
523 521 -8
523 522 -19
523 525 28
523 807 -8
215 216 8
215 192 19
215 785 8
215 237 -28
521 519 -8
521 520 -8
521 213 28
521 805 -28
522 498 -28
522 546 -8
522 810 8
522 218 -13
525 217 -28
525 527 -28
525 809 13
525 524 28
807 239 19
807 784 -19
807 831 13
807 808 -8
289 290 -8
289 313 13
289 579 -28
290 576 -19
290 288 19
290 292 -8
313 20 28
313 603 -13
313 337 -13
313 314 -19
579 577 -8
579 19 -13
579 581 19
579 578 19
359 335 28
359 649 8
359 360 19
359 383 8
359 63 19
335 625 28
335 311 -13
335 336 -19
335 41 8
649 85 8
649 651 -8
649 647 13
649 648 19
360 362 -28
360 646 -13
360 358 -28
360 60 -19
383 384 28
383 672 8
383 407 -8
383 86 -8
63 65 -13
63 61 28
63 622 28
63 62 -19
706 417 19
706 704 28
706 705 -28
706 708 -8
417 440 -13
417 393 28
417 418 -28
417 118 8
704 138 -8
704 703 19
704 702 -8
704 415 13
705 142 13
705 420 28
705 681 8
705 728 -8
708 707 -28
708 141 -8
708 710 19
708 419 19
137 114 -8
137 439 -8
137 702 -13
137 158 28
114 678 19
114 91 -13
114 416 -13
439 438 -19
439 724 28
439 441 8
702 701 28
158 181 -19
158 463 -8
158 725 8
362 62 19
362 648 8
362 361 -19
362 364 8
62 625 19
62 40 28
648 624 -13
648 671 -19
648 88 19
361 65 28
361 651 -19
361 337 28
361 385 -19
364 650 8
364 363 13
364 64 -8
364 366 8
329 35 19
329 619 -8
329 353 -8
329 330 -13
329 305 8
35 34 13
35 33 8
35 37 13
35 592 -28
619 621 -28
619 56 13
619 618 -8
619 617 -13
353 377 -28
353 643 28
353 354 19
353 57 8
330 328 8
330 616 -28
330 32 8
330 332 -19
305 306 19
305 12 -13
305 281 8
305 595 13
658 656 28
658 94 -13
658 657 -8
658 660 8
658 369 13
656 655 8
656 367 -13
656 92 13
94 117 -8
94 71 19
94 95 19
94 396 28
657 634 -28
657 372 -8
657 681 -13
657 97 -28
660 371 13
660 96 28
660 659 13
660 662 -28
369 370 -8
369 345 -13
369 393 13
369 72 -28
165 471 13
165 188 -19
165 166 -8
165 733 -8
165 143 -19
471 756 19
471 469 28
471 470 8
471 473 -13
188 495 -19
188 211 13
188 757 -19
188 189 -13
166 468 -19
166 168 -13
166 164 -28
166 730 -8
733 444 13
733 735 19
733 731 -28
733 732 -13
143 447 13
143 121 -28
143 710 -28
34 595 -8
34 11 -8
34 332 -19
34 56 -28
595 594 -19
595 597 19
595 593 -19
11 12 13
11 571 -8
11 308 8
332 334 13
332 618 -19
332 331 28
56 79 13
56 57 13
56 356 8
20 18 28
20 576 19
20 22 19
20 19 -8
18 16 -19
18 311 8
18 574 -19
18 17 -8
576 600 -13
576 577 8
22 315 -8
22 21 -13
22 578 19
19 316 -28
19 42 19
221 791 28
221 529 -8
221 222 -8
221 198 13
221 242 8
791 793 28
791 789 8
791 502 8
791 790 -13
529 531 -8
529 813 -8
529 528 -19
529 527 8
222 220 28
222 526 -28
222 224 13
222 788 8
198 767 19
198 505 -8
198 199 -13
198 175 -28
242 243 -19
242 814 19
242 265 -13
242 553 -13
402 404 19
402 401 -28
402 400 28
402 100 13
402 687 13
404 102 8
404 403 -28
404 406 -19
404 689 13
401 103 -8
401 377 28
401 425 28
401 690 -28
400 685 -28
400 398 -13
400 98 -8
400 399 -13
100 664 -28
100 77 -8
100 123 -13
100 101 -28
687 688 -19
687 711 -28
687 663 13
687 126 -19
664 662 -28
664 666 -8
664 663 19
664 375 -28
77 78 -28
77 54 -8
77 641 8
77 378 -28
123 426 8
123 688 28
123 124 -13
123 144 -19
101 103 -8
101 99 -8
101 399 -13
101 661 19
600 314 19
600 624 19
600 601 -28
600 43 28
314 316 -28
314 312 13
314 17 19
624 625 -13
624 65 -13
624 338 8
601 40 -8
601 599 -19
601 311 28
601 603 -19
43 41 -8
43 337 13
43 42 28
43 45 -13
794 817 -28
794 795 28
794 770 13
794 509 -13
817 841 19
817 818 -19
817 533 -13
795 793 19
795 506 -28
795 225 28
770 485 -13
770 771 -8
770 746 -13
509 507 -19
509 202 28
509 508 -13
371 74 -19
371 395 19
371 372 -8
371 347 8
74 634 -28
74 73 13
74 76 -13
74 72 -28
395 419 13
395 396 13
395 684 -28
395 97 -13
372 370 -19
372 71 -19
372 374 -19
347 348 13
347 51 13
347 323 8
347 637 19
103 102 28
103 663 -28
103 105 -13
102 79 -28
102 125 -28
102 666 -8
663 640 13
663 378 -19
105 403 -19
105 665 -28
105 107 19
584 27 28
584 585 19
584 608 28
584 298 -28
584 560 8
27 29 -28
27 321 8
27 26 -8
27 25 -19
585 24 28
585 583 13
585 587 19
585 295 -13
608 632 -13
608 322 -28
608 49 -8
608 609 28
298 300 -8
298 296 8
298 297 8
298 1 19
560 274 -28
560 561 8
560 4 19
59 57 -13
59 61 -19
59 355 -19
59 58 -13
59 618 8
57 55 -8
57 616 19
61 60 28
61 357 -8
61 620 13
355 356 13
355 331 19
355 645 -19
355 379 -13
58 358 -13
58 621 28
58 36 -8
58 81 -13
618 594 -8
618 642 -8
640 80 13
640 616 -8
640 641 -13
640 354 -8
80 377 -8
80 79 28
80 82 -19
80 78 8
616 592 13
616 617 28
641 351 -28
641 639 -13
641 643 13
354 54 -28
354 352 19
354 356 28
443 441 -13
443 445 28
443 728 -19
443 442 -8
441 138 -19
441 440 -28
441 726 -13
445 444 19
445 447 19
445 730 13
445 141 8
728 752 28
728 729 8
728 164 13
442 142 -28
442 419 28
442 731 -28
442 466 -28
531 815 28
531 533 19
531 223 13
531 530 28
813 245 8
813 790 -8
813 837 -28
813 814 19
528 504 28
528 552 -19
528 816 19
528 224 -28
527 219 19
527 811 13
527 526 -13
625 627 13
625 623 -13
627 337 28
627 64 13
627 629 -8
627 626 -13
623 621 -19
623 60 -28
623 622 -28
623 333 19
835 266 19
835 836 28
835 811 -8
835 551 -13
266 268 -28
266 264 8
266 265 -13
836 548 28
836 834 -19
836 838 -13
836 263 -13
811 243 -8
811 812 8
811 788 8
551 549 19
551 240 13
551 553 13
551 550 19
142 140 -19
142 141 8
140 703 -8
140 139 13
140 440 13
141 163 -13
141 119 8
498 195 13
498 787 19
498 499 -28
498 474 -8
195 194 13
195 197 19
195 193 -13
195 760 13
787 217 13
787 785 28
787 789 13
787 786 -13
499 501 8
499 784 -28
499 497 8
499 192 -8
474 475 8
474 450 19
474 172 8
474 763 -28
444 421 19
444 468 -8
447 449 28
447 732 -8
447 446 -28
730 707 -8
730 754 28
730 731 13
712 711 19
712 423 -8
712 710 28
712 714 13
712 144 -13
711 147 19
711 426 8
711 734 13
423 424 -8
423 124 8
423 399 -28
423 446 19
710 421 13
710 709 -13
714 425 -19
714 716 -13
714 146 -28
714 713 -19
144 449 19
144 167 8
144 145 8
679 703 13
679 394 28
679 655 -19
679 118 13
679 680 19
703 418 -28
703 726 -8
394 392 8
394 92 -28
394 393 -28
394 396 28
655 370 19
655 95 -13
655 632 -8
118 117 19
118 116 -19
118 120 13
680 391 -8
680 682 -28
680 678 13
680 115 8
194 763 -8
194 171 -13
194 501 8
194 217 19
763 762 -13
763 765 -28
763 761 13
171 172 -19
171 477 19
171 739 19
501 500 -28
501 786 -19
501 503 19
217 238 -28
217 218 8
311 312 28
311 287 -19
336 334 -13
336 622 -19
336 338 -28
336 38 -28
41 40 -28
41 39 8
41 598 8
662 98 28
662 661 -19
662 373 13
666 377 28
666 668 13
666 665 28
375 351 28
375 78 8
375 399 13
375 376 -13
766 790 -19
766 481 -19
766 767 8
766 201 19
766 742 13
790 224 -28
790 505 13
481 479 8
481 480 -8
481 483 13
481 175 -19
767 478 -13
767 769 -8
767 765 -8
201 504 -19
201 200 -19
201 203 28
201 199 8
742 743 -28
742 178 -8
742 719 19
742 457 -13
40 338 19
40 17 -8
338 337 13
338 340 -8
17 577 19
751 462 8
751 749 -13
751 753 13
751 750 -19
751 182 -8
462 438 8
462 486 -28
462 463 -13
462 160 -8
749 181 19
749 748 -8
753 752 13
753 464 19
753 755 28
753 184 -13
750 185 13
750 465 -19
750 774 13
750 726 28
182 205 13
182 489 -28
182 159 13
182 183 19
262 261 13
262 264 19
262 260 -13
262 831 28
261 238 -19
261 834 -8
264 263 -13
264 833 -8
260 259 -28
260 829 -19
260 258 -28
831 832 8
831 547 13
377 378 8
378 376 13
378 380 28
239 546 19
239 238 -8
239 241 28
784 760 -19
784 218 13
784 785 -8
808 520 -19
808 806 -13
808 810 -28
808 237 8
109 407 13
109 108 -13
109 111 19
109 107 -13
109 669 13
407 696 -19
407 431 -28
407 408 13
108 85 13
108 410 -8
108 672 28
108 131 -28
111 409 19
111 671 8
111 113 13
111 110 -8
107 405 28
107 667 -8
107 106 28
669 646 28
669 670 -8
669 384 -28
669 693 -19
79 380 -19
79 643 19
380 379 -8
380 665 -19
380 382 -19
643 645 -28
643 642 -13
65 64 28
65 67 8
64 42 19
64 87 19
67 66 -28
67 626 -28
67 363 -13
646 622 -28
646 647 8
646 86 -8
622 598 28
647 645 -13
647 357 8
647 83 -28
86 85 28
86 84 -13
86 88 -19
449 451 -13
449 734 8
449 448 -8
451 450 19
451 736 19
451 146 -19
451 453 19
734 758 13
734 735 -28
734 170 19
448 147 -19
448 472 13
448 425 -19
448 737 8
440 729 -8
440 464 -19
393 682 -19
393 95 8
418 420 -19
418 416 -13
418 115 8
841 557 28
841 842 -28
557 555 -13
557 246 -8
557 556 -8
842 840 28
842 554 13
842 269 8
147 145 13
147 149 28
147 146 28
145 709 -28
145 446 13
149 450 28
149 713 -13
149 151 -13
146 125 8
146 169 13
504 793 -19
504 505 19
504 480 28
793 223 28
793 792 -13
505 507 -13
505 503 -28
480 456 -13
480 178 8
480 769 13
117 682 19
117 420 8
682 681 -8
682 684 -19
420 419 28
420 422 -19
718 429 -19
718 720 -8
718 717 13
718 150 -8
718 716 -8
429 405 -8
429 130 8
429 452 -28
720 152 -8
720 431 8
720 719 -13
720 721 -28
717 153 19
717 432 19
717 693 13
717 740 -8
150 455 -8
150 129 -8
150 173 -19
150 151 -19
716 715 8
716 427 -8
507 792 13
507 200 -8
507 506 13
792 768 -19
792 226 8
792 815 -8
200 223 8
200 769 13
200 177 13
506 203 19
506 530 8
506 482 13
685 661 19
685 686 -28
685 709 -28
685 124 -8
661 376 -8
661 638 -19
686 684 -19
686 397 13
686 688 13
686 121 13
709 424 -13
709 732 19
124 126 19
124 122 -8
223 244 19
223 224 13
769 768 28
769 771 13
177 178 8
177 745 -8
177 154 19
177 483 -19
512 488 -13
512 536 19
512 208 19
512 801 -8
512 513 19
488 185 8
488 777 -8
488 489 -28
488 464 -19
536 537 -8
536 824 28
536 230 -13
208 207 -8
208 210 8
208 206 8
208 774 13
801 799 19
801 800 -13
801 802 28
513 511 8
513 515 8
513 798 -19
513 205 -8
349 53 8
349 639 -28
349 350 8
349 325 13
349 373 -8
53 55 -8
53 51 -13
53 612 13
53 52 -19
639 75 28
639 637 28
639 638 8
350 352 28
350 636 -19
350 348 -8
350 50 8
325 326 -19
325 301 -19
325 615 -19
325 31 19
373 374 13
373 397 13
373 76 28
185 183 13
185 187 28
185 184 -13
183 748 8
183 486 -8
187 752 -8
187 490 -19
187 186 28
187 189 13
184 161 -28
184 207 -13
184 491 19
546 834 13
546 547 -19
834 833 -13
834 832 19
547 549 -28
547 545 19
547 237 8
268 270 19
268 267 8
268 837 -13
270 269 28
270 839 -19
267 244 19
267 840 28
837 553 8
837 838 -8
351 352 19
351 55 8
351 327 -19
352 52 13
352 638 -28
55 54 -13
55 614 8
327 328 -28
327 33 -28
327 303 -28
327 617 8
304 302 8
304 590 28
304 306 -28
304 7 13
304 303 -8
302 301 -13
302 300 28
302 588 -28
302 5 -8
590 33 19
590 566 -8
590 614 8
590 591 -13
306 308 -28
306 592 8
306 9 -19
7 30 8
7 8 13
7 567 28
303 279 13
303 10 -28
303 593 19
238 549 8
238 810 13
549 548 -28
549 833 -28
810 812 28
810 809 19
384 386 8
384 382 -8
384 83 -13
672 671 -28
672 674 19
672 670 -13
548 524 -19
548 241 -28
524 500 -13
524 220 -8
524 812 -8
241 243 13
241 809 -28
241 240 19
245 552 28
245 244 28
245 247 -8
245 243 8
814 816 -8
814 812 -13
814 526 -28
85 386 28
386 671 13
386 388 -13
386 385 -28
391 415 19
391 93 8
391 392 28
391 367 19
415 438 -8
415 116 -28
415 416 19
93 654 19
93 95 -8
93 92 -28
392 91 8
392 677 28
367 368 8
367 343 19
367 70 8
479 173 13
479 764 19
479 477 -28
479 478 28
173 196 -13
173 174 19
173 741 13
764 788 -28
764 740 13
764 765 -19
764 199 19
477 762 -19
477 475 -13
477 476 -28
478 454 -19
478 176 13
478 502 -28
799 228 -13
799 510 19
799 797 -13
799 798 19
228 537 19
228 249 -13
228 205 19
510 511 28
510 206 8
510 486 -13
510 534 -8
797 227 8
797 796 -13
798 230 19
798 821 19
798 774 8
519 518 -8
519 803 28
519 517 -28
519 211 -19
518 214 19
518 542 -13
518 806 8
518 494 -8
803 804 19
803 780 8
803 827 -19
803 236 13
517 209 -19
517 516 -8
517 515 -8
211 781 19
211 233 13
211 212 -28
681 120 -19
681 396 -13
684 119 8
684 683 19
356 358 28
356 642 -13
331 621 8
331 307 -28
331 37 -19
645 81 -13
645 644 -13
379 82 -28
379 403 -19
379 668 8
358 644 -28
358 357 -8
644 84 28
644 620 -8
644 667 8
357 333 8
357 381 -19
701 416 19
701 724 -13
701 139 -8
701 677 8
724 748 8
724 725 28
724 160 -28
139 438 13
139 138 19
677 678 19
677 116 -8
677 654 8
552 840 8
552 553 13
840 839 -13
840 838 19
553 555 -19
161 729 28
161 162 -28
161 467 -13
729 727 -19
729 731 -13
162 464 -13
162 164 -13
162 160 13
162 726 -19
467 469 28
467 752 -28
467 465 -13
467 466 13
310 13 28
310 308 -8
310 596 19
310 312 -19
310 309 -28
13 36 19
13 573 8
13 14 8
308 594 -19
308 307 -19
596 39 -28
596 572 -19
596 620 -28
596 597 -19
312 598 -8
312 15 8
309 16 -8
309 285 -19
309 599 -19
309 333 28
555 554 8
555 244 -8
555 839 -28
554 247 -19
554 530 -19
244 816 -8
839 815 19
413 414 -8
413 437 28
413 389 -8
414 699 -13
414 112 19
414 412 28
437 460 28
389 390 13
389 365 19
816 815 -8
816 818 8
577 575 13
577 287 28
16 15 13
16 14 -13
16 572 -13
15 575 13
15 38 13
14 307 8
14 12 -13
14 570 28
572 286 -28
572 573 -28
247 815 -28
247 246 -13
246 225 -28
246 818 28
246 269 -28
398 96 28
398 396 28
398 397 -19
398 683 19
96 73 19
96 97 19
96 119 28
397 99 -28
397 421 13
683 707 13
683 122 19
683 659 -19
73 374 8
73 637 19
73 50 8
97 99 -13
97 95 8
119 120 8
119 422 19
581 291 -13
581 21 -13
581 580 -13
578 602 28
578 292 -19
485 179 8
485 484 -13
485 483 28
179 747 8
179 202 -19
179 180 28
179 156 28
484 460 -28
484 508 -28
483 768 19
483 482 13
82 81 13
82 84 -13
82 642 -28
81 382 -28
84 381 -8
84 83 8
642 665 13
98 121 -28
98 75 28
98 99 -28
121 424 28
121 122 19
75 376 -13
75 76 -28
75 52 -8
99 659 -8
54 617 28
54 32 8
614 328 -13
614 615 -19
614 638 -8
809 786 -8
809 833 8
291 292 -13
291 315 -28
292 294 28
315 316 -19
315 605 28
315 339 -19
621 620 -8
620 334 -19
438 727 -28
727 725 -28
727 159 19
727 726 8
138 115 19
138 159 8
115 116 -28
115 92 28
159 465 8
159 160 8
650 651 -28
650 626 -8
650 673 13
650 90 -8
363 339 8
363 387 -28
363 653 28
366 652 -28
366 66 28
366 365 -8
707 422 -8
422 424 -19
422 421 -8
659 374 28
659 636 28
316 602 -13
316 318 28
602 626 -13
602 45 19
602 603 19
318 21 -8
318 604 -8
318 317 -13
42 603 -13
42 340 -13
36 597 28
36 334 -19
36 37 19
597 307 19
597 599 19
334 333 8
37 39 13
37 594 28
747 745 -19
747 458 -28
747 746 -19
745 743 19
745 456 -8
745 744 -19
458 482 -8
458 435 19
458 459 19
458 157 -8
746 722 -28
746 461 28
21 44 28
125 428 -19
125 126 -28
125 690 8
257 258 -19
257 235 8
257 830 8
258 827 -19
258 256 -28
235 213 -19
235 545 -8
235 806 -8
235 236 8
830 828 -8
830 829 19
830 542 28
830 832 -13
214 213 19
214 216 -13
214 212 -13
214 780 19
213 783 19
213 190 -28
216 520 -28
216 782 19
216 218 28
212 516 13
212 778 -13
212 210 8
780 495 28
780 756 19
780 781 -28
785 783 8
785 496 8
789 500 13
789 788 -8
789 219 -8
786 220 13
786 762 19
460 461 8
461 156 -19
461 459 -13
60 83 -28
60 38 19
533 532 19
533 225 8
530 226 -8
530 818 19
629 66 -8
629 339 -19
629 628 -19
626 340 -13
288 287 -19
288 286 -28
288 574 13
286 284 8
286 285 28
574 575 -8
574 598 19
421 122 -8
468 469 -13
468 492 13
468 757 -28
500 197 -8
500 476 19
197 762 -8
197 196 19
197 199 -28
476 452 13
476 174 -19
476 765 -19
828 540 13
828 255 19
828 827 -8
828 826 13
540 516 -19
540 234 -8
540 541 -28
255 256 -28
255 233 -19
827 543 19
826 253 -28
826 825 -8
826 824 13
826 538 13
668 667 28
668 670 28
665 689 -19
768 744 -13
768 203 -13
744 180 -13
744 459 -8
203 202 -28
328 326 19
328 30 -8
326 324 13
326 28 -8
326 612 8
30 52 28
30 31 28
30 591 8
33 31 -8
33 32 13
31 29 28
31 588 -28
32 9 -13
32 593 -19
263 240 28
220 218 -8
220 219 -28
219 196 28
219 240 8
299 275 -19
299 300 8
299 589 -28
299 323 8
299 6 -13
275 276 19
275 565 -13
300 3 8
300 586 19
589 28 -28
589 591 -8
589 588 -28
589 587 -13
323 324 19
323 29 13
323 613 -19
6 8 -8
6 5 -8
6 4 -8
6 562 8
370 69 -19
370 368 28
69 92 -28
69 47 19
69 70 -8
69 633 -13
368 654 8
368 68 19
66 44 28
66 89 13
637 636 8
637 635 13
638 78 19
294 293 -19
294 580 8
293 317 -8
580 604 -19
482 771 -19
482 180 -13
832 259 13
832 544 19
202 225 19
202 771 19
225 226 -19
514 515 -13
514 490 19
514 210 8
514 538 19
514 802 8
515 207 -8
515 800 13
490 779 28
490 466 -8
490 491 -8
210 209 -28
210 776 -28
538 539 28
538 232 -13
802 231 19
802 804 8
333 39 -28
279 280 13
279 569 8
10 9 19
10 8 -28
10 566 28
10 12 8
593 592 13
593 591 13
39 38 -19
38 599 28
592 568 -28
9 569 -19
569 567 -8
569 571 -19
569 568 -8
226 224 8
605 604 8
605 44 13
605 603 13
604 628 -28
44 342 -13
44 45 19
573 575 28
573 283 -8
573 571 -13
454 743 19
454 153 -8
454 455 28
454 431 28
176 178 19
176 174 -8
176 740 13
176 175 19
502 503 -28
502 199 -8
502 526 -13
575 285 -19
78 76 -28
76 636 -8
456 433 13
456 155 -13
456 457 8
178 180 -8
434 432 -28
434 719 13
434 433 19
434 131 8
434 436 28
432 431 19
432 129 28
719 695 -28
719 155 8
433 409 -28
433 721 8
433 134 -19
131 152 -19
131 696 13
131 132 -8
436 435 8
436 133 19
542 543 -13
542 236 8
806 805 -19
806 804 8
494 783 -19
494 495 28
494 191 -8
494 470 28
838 265 13
838 550 28
520 544 -28
520 496 -28
544 545 -28
496 497 8
496 472 28
496 193 -19
381 405 -8
381 670 -8
381 382 13
654 630 -13
630 631 -8
630 344 -19
630 606 28
630 70 -13
598 599 -19
632 346 -19
632 72 28
632 633 19
743 175 -13
743 741 19
175 152 -8
741 739 -19
741 452 28
741 740 13
508 532 -19
23 583 13
23 46 13
23 320 -28
23 0 28
583 582 28
46 68 28
46 344 8
46 607 8
320 319 -13
320 606 -28
320 322 13
0 296 13
0 559 13
253 254 13
253 231 -8
254 823 19
254 252 19
254 256 28
231 209 8
231 232 -8
231 541 -13
83 106 -8
783 782 -19
783 781 -28
782 805 -28
782 758 -8
782 497 13
781 779 28
781 492 -13
209 779 -8
209 186 19
779 778 -19
779 777 13
186 493 13
186 163 -19
186 755 19
651 653 -19
651 87 -13
653 652 19
653 89 8
87 388 13
87 110 -28
87 88 13
617 615 19
526 550 -28
284 283 28
284 570 28
284 282 8
283 307 8
570 594 -13
570 571 28
282 281 13
282 568 -19
282 280 -19
823 824 -8
823 539 -8
823 800 28
824 251 13
824 822 -13
539 537 28
539 229 -13
539 541 -8
800 776 19
800 232 -19
722 723 -19
324 26 13
324 322 8
324 610 -8
26 3 -19
26 587 28
322 24 13
322 321 13
610 634 -13
610 611 13
610 51 -28
610 586 8
243 550 -28
29 586 19
29 28 -8
586 562 8
586 587 13
28 5 28
28 50 28
190 497 -19
190 167 -13
190 759 -8
190 191 28
612 636 19
612 613 -13
612 588 13
259 237 28
762 738 19
788 503 -19
340 342 -8
340 339 28
68 631 28
68 91 28
631 633 19
634 348 19
634 635 8
348 346 13
635 345 8
635 71 -19
635 633 -28
829 545 -13
829 805 -13
545 543 28
495 497 28
495 493 8
493 778 -19
493 492 13
493 491 -13
301 8 19
301 591 8
301 277 19
8 564 28
277 567 13
277 278 19
71 72 -8
374 376 -13
537 535 -8
537 821 -19
535 227 -13
535 534 28
821 252 19
821 822 -28
24 1 13
24 47 8
24 25 -13
587 297 -8
295 319 -13
295 296 -13
295 2 13
295 271 13
50 51 28
50 613 -13
695 410 13
695 671 -8
695 134 19
695 696 -19
410 409 28
410 408 -13
410 412 -19
134 133 28
134 136 19
134 132 -8
696 694 13
696 698 13
192 169 -13
192 761 -28
192 193 -13
516 492 8
516 804 -8
492 189 28
804 233 8
193 758 -13
193 191 -19
760 475 8
760 736 28
760 761 28
273 274 19
273 297 -28
273 563 -28
274 276 28
274 272 13
297 321 13
297 4 19
563 562 -8
563 565 19
563 561 -8
563 3 -28
765 196 -13
12 568 13
281 571 -8
346 344 -19
346 47 -8
346 345 13
344 343 8
47 609 -13
47 48 28
345 49 13
345 321 -28
543 233 28
543 541 28
233 234 13
541 825 -8
409 385 28
409 698 -13
721 154 13
721 723 -28
435 411 -8
435 723 28
435 136 28
133 698 13
133 110 13
133 154 19
812 240 -13
778 754 8
754 469 -28
754 755 -28
754 189 28
698 700 -13
698 697 -8
110 412 -8
110 674 -28
154 459 -13
154 155 28
511 204 28
511 796 19
205 206 8
205 775 8
280 278 13
280 566 8
819 250 -19
819 796 -8
819 820 -8
250 252 28
250 249 -28
796 772 28
820 248 -8
820 822 8
457 152 -19
457 455 28
457 459 19
52 615 19
319 25 -28
319 609 -8
319 343 8
25 582 13
609 611 -8
609 607 -13
343 633 28
343 48 -8
431 132 8
408 693 28
408 406 -13
408 106 -28
1 2 -8
1 561 13
256 825 8
758 473 28
758 759 28
88 385 -13
88 90 13
566 567 28
606 582 -19
606 607 8
606 48 19
70 72 -19
615 613 -19
613 611 28
341 365 8
341 342 -19
341 317 13
342 628 -28
5 565 19
156 135 28
156 723 -28
156 157 28
699 700 -13
699 675 8
112 135 13
112 113 28
112 676 -8
112 89 13
412 411 -8
412 697 -8
756 191 -19
756 732 28
756 757 -28
191 189 -19
732 168 19
757 755 28
757 759 -13
252 251 -19
251 229 -19
153 152 -13
153 151 19
153 155 -8
455 740 28
455 453 -8
470 168 28
470 446 13
470 759 -8
419 120 28
167 168 -19
167 735 -13
167 473 19
759 761 -13
738 739 -28
738 174 -28
738 453 8
738 715 -8
230 229 28
230 232 13
229 207 -19
207 777 8
45 339 19
236 234 13
469 163 19
163 164 -28
163 731 8
132 130 19
132 693 -19
503 196 8
276 562 -8
276 278 19
565 564 -8
565 567 -28
49 51 19
49 48 8
321 611 19
3 4 -19
403 427 28
427 450 -8
427 428 -8
4 2 -13
411 113 8
411 700 -28
411 387 -8
136 135 8
136 697 -28
777 776 -13
777 775 8
135 700 13
475 473 -28
475 169 19
473 472 -13
169 170 -8
169 737 -13
752 776 19
776 491 19
385 674 8
775 773 8
775 486 19
775 774 -19
450 739 28
739 737 -28
155 157 28
466 164 -28
466 755 28
491 489 19
172 174 -19
172 170 -19
172 736 -19
170 168 -13
170 472 -28
736 737 8
736 713 -28
472 761 28
822 249 -28
822 534 8
232 234 -13
296 582 -19
582 558 -8
564 278 19
564 588 -19
424 426 -19
426 428 13
426 425 -28
204 773 19
204 181 13
204 227 -19
405 694 8
405 406 -28
694 693 -19
694 129 -19
406 691 -28
735 446 13
735 737 8
390 388 -28
390 89 8
390 675 19
388 673 -13
388 387 28
89 90 -13
675 652 8
675 676 19
773 772 -28
772 206 8
772 748 28
772 487 -8
715 691 8
715 151 13
428 713 -28
532 556 28
130 129 8
130 691 19
129 106 -8
691 667 -28
697 673 8
272 558 13
272 271 -8
248 227 -28
113 673 28
387 90 8
387 676 -8
452 151 13
452 453 19
673 674 13
674 676 13
106 670 19
558 559 28
558 2 13
559 561 13
628 652 -8
271 561 -28
399 688 -19
425 126 19
688 690 -19
486 487 13
667 382 -13
748 463 28
487 489 -28
487 181 19
774 489 19
689 713 -28
689 690 28
464 465 -28
120 122 19
465 463 19
