127 692 13
127 148 -19
127 430 -28
127 128 8
127 104 -19
692 403 -8
692 691 8
692 694 -13
692 690 8
148 171 -13
148 149 -28
148 453 -8
148 716 28
430 432 19
430 429 -8
430 715 19
430 428 28
128 130 28
128 427 8
128 126 13
128 689 -28
104 105 -13
104 406 -19
104 668 -8
104 81 -13
523 215 -8
523 521 -19
523 522 19
523 525 -8
523 807 -28
215 216 28
215 192 13
215 785 13
215 237 -8
521 519 -13
521 520 19
521 213 -19
521 805 -28
522 498 28
522 546 28
522 810 -19
522 218 13
525 217 -8
525 527 -28
525 809 -8
525 524 -8
807 239 8
807 784 -13
807 831 19
807 808 28
289 290 -8
289 313 -8
289 579 28
290 576 -8
290 288 -13
290 292 19
313 20 -8
313 603 19
313 337 -28
313 314 -13
579 577 19
579 19 19
579 581 13
579 578 -19
359 335 -13
359 649 19
359 360 19
359 383 -13
359 63 -8
335 625 -13
335 311 -8
335 336 -19
335 41 -19
649 85 -19
649 651 -8
649 647 -28
649 648 -28
360 362 8
360 646 -19
360 358 -28
360 60 -8
383 384 -19
383 672 19
383 407 8
383 86 -8
63 65 8
63 61 -19
63 622 19
63 62 -19
706 417 -8
706 704 -13
706 705 8
706 708 -28
417 440 13
417 393 -19
417 418 -13
417 118 28
704 138 -28
704 703 28
704 702 -19
704 415 -19
705 142 8
705 420 8
705 681 -19
705 728 28
708 707 -28
708 141 -13
708 710 -13
708 419 -8
137 114 -8
137 439 8
137 702 8
137 158 -28
114 678 19
114 91 -28
114 416 -28
439 438 13
439 724 -8
439 441 13
702 701 -8
158 181 -8
158 463 -8
158 725 28
362 62 8
362 648 8
362 361 -13
362 364 -8
62 625 8
62 40 -13
648 624 19
648 671 -19
648 88 19
361 65 -13
361 651 -8
361 337 19
361 385 -13
364 650 -19
364 363 8
364 64 -8
364 366 13
329 35 -8
329 619 28
329 353 28
329 330 -13
329 305 -28
35 34 -13
35 33 -19
35 37 -28
35 592 19
619 621 19
619 56 8
619 618 8
619 617 28
353 377 -28
353 643 19
353 354 -13
353 57 13
330 328 -8
330 616 -8
330 32 19
330 332 -8
305 306 13
305 12 -13
305 281 -13
305 595 28
658 656 -19
658 94 28
658 657 28
658 660 -8
658 369 13
656 655 -19
656 367 -13
656 92 -8
94 117 13
94 71 -28
94 95 -13
94 396 -13
657 634 -13
657 372 8
657 681 19
657 97 13
660 371 28
660 96 -28
660 659 19
660 662 28
369 370 28
369 345 -19
369 393 28
369 72 -28
165 471 19
165 188 -19
165 166 8
165 733 -28
165 143 -19
471 756 -28
471 469 -13
471 470 28
471 473 13
188 495 19
188 211 13
188 757 19
188 189 13
166 468 -13
166 168 19
166 164 8
166 730 19
733 444 -28
733 735 -28
733 731 13
733 732 -8
143 447 19
143 121 8
143 710 13
34 595 13
34 11 -13
34 332 28
34 56 13
595 594 28
595 597 -28
595 593 8
11 12 19
11 571 -28
11 308 13
332 334 28
332 618 -13
332 331 -13
56 79 -19
56 57 -8
56 356 28
20 18 -8
20 576 -19
20 22 -8
20 19 -13
18 16 -8
18 311 -19
18 574 19
18 17 8
576 600 -13
576 577 13
22 315 -19
22 21 -28
22 578 13
19 316 28
19 42 13
221 791 8
221 529 -8
221 222 -19
221 198 -28
221 242 13
791 793 -13
791 789 -28
791 502 13
791 790 8
529 531 28
529 813 -28
529 528 -13
529 527 28
222 220 -19
222 526 -8
222 224 -13
222 788 -19
198 767 -28
198 505 19
198 199 -8
198 175 13
242 243 -13
242 814 8
242 265 8
242 553 -28
402 404 -13
402 401 8
402 400 13
402 100 28
402 687 -8
404 102 -8
404 403 8
404 406 -13
404 689 -13
401 103 -13
401 377 28
401 425 19
401 690 8
400 685 -28
400 398 19
400 98 -19
400 399 -13
100 664 19
100 77 8
100 123 28
100 101 8
687 688 19
687 711 19
687 663 -13
687 126 8
664 662 8
664 666 19
664 663 -13
664 375 -28
77 78 28
77 54 19
77 641 -19
77 378 -13
123 426 -13
123 688 -13
123 124 -19
123 144 -13
101 103 -8
101 99 -19
101 399 -8
101 661 19
600 314 -8
600 624 -19
600 601 19
600 43 -13
314 316 8
314 312 19
314 17 19
624 625 13
624 65 13
624 338 -8
601 40 -28
601 599 -8
601 311 13
601 603 19
43 41 -28
43 337 -8
43 42 -28
43 45 19
794 817 -8
794 795 -13
794 770 -13
794 509 -13
817 841 -19
817 818 -19
817 533 28
795 793 13
795 506 -8
795 225 -8
770 485 -8
770 771 -13
770 746 28
509 507 -8
509 202 -13
509 508 19
371 74 -28
371 395 -13
371 372 13
371 347 -19
74 634 19
74 73 19
74 76 -19
74 72 8
395 419 8
395 396 -28
395 684 -28
395 97 8
372 370 28
372 71 -28
372 374 8
347 348 13
347 51 -8
347 323 8
347 637 8
103 102 13
103 663 8
103 105 -13
102 79 28
102 125 -13
102 666 -8
663 640 -13
663 378 -28
105 403 -28
105 665 -13
105 107 -19
584 27 -8
584 585 -13
584 608 -13
584 298 -13
584 560 -8
27 29 -19
27 321 8
27 26 -8
27 25 -13
585 24 -8
585 583 8
585 587 19
585 295 -8
608 632 19
608 322 28
608 49 28
608 609 -19
298 300 8
298 296 -8
298 297 28
298 1 -28
560 274 8
560 561 19
560 4 -28
59 57 -8
59 61 -19
59 355 8
59 58 -8
59 618 8
57 55 -19
57 616 -8
61 60 28
61 357 -19
61 620 -28
355 356 8
355 331 -13
355 645 -8
355 379 -8
58 358 -8
58 621 -19
58 36 -28
58 81 28
618 594 28
618 642 -13
640 80 8
640 616 13
640 641 -13
640 354 19
80 377 8
80 79 -19
80 82 -8
80 78 -19
616 592 13
616 617 28
641 351 -8
641 639 -8
641 643 -13
354 54 13
354 352 -19
354 356 -8
443 441 -8
443 445 28
443 728 -13
443 442 8
441 138 28
441 440 -13
441 726 -28
445 444 13
445 447 -28
445 730 28
445 141 8
728 752 -28
728 729 -13
728 164 -13
442 142 19
442 419 -8
442 731 8
442 466 -28
531 815 -8
531 533 -8
531 223 -19
531 530 -19
813 245 19
813 790 -28
813 837 8
813 814 13
528 504 19
528 552 -19
528 816 -13
528 224 -8
527 219 13
527 811 28
527 526 -13
625 627 28
625 623 28
627 337 8
627 64 -8
627 629 8
627 626 -19
623 621 13
623 60 13
623 622 -19
623 333 -19
835 266 13
835 836 -13
835 811 -8
835 551 19
266 268 -13
266 264 -13
266 265 -8
836 548 -28
836 834 8
836 838 -28
836 263 -8
811 243 19
811 812 -28
811 788 -28
551 549 -28
551 240 19
551 553 28
551 550 28
142 140 -19
142 141 8
140 703 8
140 139 19
140 440 -13
141 163 -19
141 119 -13
498 195 19
498 787 -19
498 499 28
498 474 28
195 194 28
195 197 -8
195 193 -19
195 760 -19
787 217 8
787 785 13
787 789 -28
787 786 19
499 501 -8
499 784 13
499 497 8
499 192 13
474 475 13
474 450 19
474 172 28
474 763 19
444 421 -28
444 468 -8
447 449 19
447 732 19
447 446 -8
730 707 -13
730 754 -13
730 731 13
712 711 -8
712 423 8
712 710 -13
712 714 -28
712 144 -8
711 147 -8
711 426 19
711 734 -8
423 424 28
423 124 8
423 399 -19
423 446 28
710 421 -8
710 709 -8
714 425 19
714 716 -8
714 146 -8
714 713 8
144 449 -13
144 167 28
144 145 -13
679 703 -8
679 394 19
679 655 19
679 118 -19
679 680 -19
703 418 28
703 726 8
394 392 13
394 92 -28
394 393 28
394 396 8
655 370 -28
655 95 -28
655 632 -28
118 117 -28
118 116 -28
118 120 -28
680 391 28
680 682 19
680 678 13
680 115 -13
194 763 -8
194 171 19
194 501 19
194 217 13
763 762 13
763 765 8
763 761 19
171 172 -8
171 477 -19
171 739 -19
501 500 -13
501 786 13
501 503 -8
217 238 13
217 218 -13
311 312 13
311 287 -8
336 334 13
336 622 13
336 338 8
336 38 13
41 40 -19
41 39 -19
41 598 -8
662 98 -19
662 661 -28
662 373 -13
666 377 8
666 668 -8
666 665 -13
375 351 -13
375 78 -28
375 399 8
375 376 13
766 790 -8
766 481 19
766 767 28
766 201 13
766 742 -13
790 224 -19
790 505 -13
481 479 -13
481 480 -28
481 483 8
481 175 -8
767 478 -13
767 769 -13
767 765 -13
201 504 -28
201 200 -8
201 203 -13
201 199 8
742 743 -28
742 178 19
742 719 -19
742 457 -19
40 338 -28
40 17 -28
338 337 13
338 340 13
17 577 -8
751 462 -19
751 749 19
751 753 13
751 750 -19
751 182 -19
462 438 -19
462 486 13
462 463 -13
462 160 19
749 181 28
749 748 -19
753 752 28
753 464 -13
753 755 28
753 184 8
750 185 8
750 465 8
750 774 -28
750 726 -13
182 205 -28
182 489 -8
182 159 -13
182 183 28
262 261 -19
262 264 28
262 260 19
262 831 28
261 238 -19
261 834 -8
264 263 -19
264 833 19
260 259 28
260 829 28
260 258 28
831 832 -8
831 547 -13
377 378 -28
378 376 13
378 380 -28
239 546 -13
239 238 -28
239 241 19
784 760 19
784 218 8
784 785 -19
808 520 -8
808 806 8
808 810 13
808 237 -13
109 407 -19
109 108 -28
109 111 -8
109 107 -28
109 669 19
407 696 8
407 431 -8
407 408 19
108 85 13
108 410 13
108 672 19
108 131 -8
111 409 19
111 671 -28
111 113 -13
111 110 19
107 405 -8
107 667 -8
107 106 13
669 646 -13
669 670 13
669 384 -8
669 693 -19
79 380 19
79 643 -19
380 379 19
380 665 -28
380 382 13
643 645 13
643 642 19
65 64 -13
65 67 -13
64 42 8
64 87 19
67 66 8
67 626 -28
67 363 -13
646 622 -13
646 647 28
646 86 -13
622 598 -28
647 645 -13
647 357 -19
647 83 28
86 85 8
86 84 13
86 88 -19
449 451 19
449 734 -19
449 448 -8
451 450 19
451 736 -8
451 146 13
451 453 -8
734 758 8
734 735 19
734 170 -13
448 147 -28
448 472 13
448 425 28
448 737 -13
440 729 28
440 464 13
393 682 -8
393 95 28
418 420 -28
418 416 -13
418 115 -13
841 557 -28
841 842 8
557 555 13
557 246 -28
557 556 -19
842 840 28
842 554 -28
842 269 -19
147 145 -19
147 149 -8
147 146 19
145 709 13
145 446 -13
149 450 28
149 713 13
149 151 -8
146 125 -13
146 169 28
504 793 -13
504 505 28
504 480 -28
793 223 8
793 792 -19
505 507 -13
505 503 -8
480 456 8
480 178 -28
480 769 -13
117 682 19
117 420 -19
682 681 -19
682 684 8
420 419 28
420 422 -28
718 429 -8
718 720 -13
718 717 8
718 150 -13
718 716 8
429 405 28
429 130 8
429 452 -8
720 152 -19
720 431 -13
720 719 -8
720 721 28
717 153 -19
717 432 13
717 693 19
717 740 -28
150 455 8
150 129 -19
150 173 -19
150 151 -13
716 715 19
716 427 8
507 792 -28
507 200 8
507 506 19
792 768 -8
792 226 13
792 815 -28
200 223 28
200 769 8
200 177 -19
506 203 19
506 530 -8
506 482 -28
685 661 -28
685 686 -28
685 709 13
685 124 -13
661 376 28
661 638 -28
686 684 -19
686 397 -28
686 688 -28
686 121 -8
709 424 13
709 732 -28
124 126 8
124 122 -19
223 244 28
223 224 -13
769 768 19
769 771 -13
177 178 -28
177 745 -8
177 154 8
177 483 28
512 488 -13
512 536 -8
512 208 28
512 801 -13
512 513 -28
488 185 -13
488 777 19
488 489 -19
488 464 -19
536 537 19
536 824 -8
536 230 19
208 207 13
208 210 -28
208 206 -13
208 774 19
801 799 8
801 800 -13
801 802 -19
513 511 -13
513 515 13
513 798 -28
513 205 -8
349 53 13
349 639 -19
349 350 8
349 325 -28
349 373 -8
53 55 -19
53 51 -8
53 612 28
53 52 19
639 75 -8
639 637 13
639 638 -19
350 352 28
350 636 -19
350 348 -8
350 50 19
325 326 13
325 301 -8
325 615 -28
325 31 28
373 374 -19
373 397 -19
373 76 13
185 183 -28
185 187 -13
185 184 -8
183 748 -13
183 486 13
187 752 8
187 490 13
187 186 19
187 189 -19
184 161 8
184 207 28
184 491 13
546 834 -13
546 547 13
834 833 8
834 832 13
547 549 13
547 545 19
547 237 13
268 270 -13
268 267 8
268 837 -28
270 269 -19
270 839 13
267 244 -19
267 840 -13
837 553 -19
837 838 -8
351 352 8
351 55 19
351 327 -8
352 52 8
352 638 13
55 54 -19
55 614 -13
327 328 -19
327 33 28
327 303 -13
327 617 -19
304 302 -13
304 590 8
304 306 28
304 7 -28
304 303 13
302 301 -19
302 300 13
302 588 -8
302 5 28
590 33 28
590 566 -28
590 614 -28
590 591 19
306 308 19
306 592 -19
306 9 28
7 30 8
7 8 13
7 567 -19
303 279 -13
303 10 8
303 593 19
238 549 -28
238 810 13
549 548 8
549 833 19
810 812 28
810 809 19
384 386 -28
384 382 13
384 83 19
672 671 8
672 674 19
672 670 13
548 524 -8
548 241 13
524 500 -28
524 220 8
524 812 -8
241 243 -28
241 809 -13
241 240 13
245 552 -13
245 244 -28
245 247 19
245 243 8
814 816 13
814 812 19
814 526 8
85 386 13
386 671 -28
386 388 13
386 385 -13
391 415 8
391 93 -13
391 392 -8
391 367 -28
415 438 -28
415 116 28
415 416 28
93 654 -13
93 95 8
93 92 13
392 91 -19
392 677 -28
367 368 19
367 343 13
367 70 8
479 173 8
479 764 -13
479 477 -8
479 478 -28
173 196 19
173 174 -8
173 741 19
764 788 -19
764 740 -13
764 765 19
764 199 13
477 762 -8
477 475 13
477 476 -19
478 454 13
478 176 13
478 502 8
799 228 -8
799 510 19
799 797 8
799 798 -13
228 537 19
228 249 28
228 205 -13
510 511 13
510 206 -28
510 486 19
510 534 13
797 227 -28
797 796 -8
798 230 28
798 821 13
798 774 -19
519 518 19
519 803 8
519 517 -8
519 211 -28
518 214 -13
518 542 13
518 806 19
518 494 13
803 804 -28
803 780 -28
803 827 -13
803 236 -19
517 209 19
517 516 -8
517 515 13
211 781 19
211 233 8
211 212 19
681 120 28
681 396 8
684 119 28
684 683 8
356 358 28
356 642 19
331 621 -19
331 307 -8
331 37 -19
645 81 13
645 644 8
379 82 -19
379 403 28
379 668 -13
358 644 13
358 357 8
644 84 28
644 620 19
644 667 -13
357 333 28
357 381 -28
701 416 13
701 724 28
701 139 28
701 677 28
724 748 19
724 725 28
724 160 28
139 438 13
139 138 28
677 678 19
677 116 -28
677 654 -19
552 840 -28
552 553 28
840 839 19
840 838 8
553 555 -13
161 729 -19
161 162 13
161 467 -28
729 727 -28
729 731 19
162 464 19
162 164 19
162 160 13
162 726 -8
467 469 -8
467 752 13
467 465 -28
467 466 -8
310 13 -8
310 308 28
310 596 -8
310 312 19
310 309 -8
13 36 28
13 573 -8
13 14 13
308 594 -13
308 307 -8
596 39 -8
596 572 8
596 620 -28
596 597 -28
312 598 -19
312 15 8
309 16 13
309 285 13
309 599 -28
309 333 28
555 554 28
555 244 28
555 839 -13
554 247 13
554 530 13
244 816 -28
839 815 -8
413 414 13
413 437 28
413 389 -13
414 699 28
414 112 -19
414 412 13
437 460 -13
389 390 8
389 365 19
816 815 8
816 818 -13
577 575 19
577 287 19
16 15 8
16 14 8
16 572 13
15 575 8
15 38 -28
14 307 -19
14 12 28
14 570 -19
572 286 -8
572 573 19
247 815 8
247 246 -19
246 225 -13
246 818 28
246 269 19
398 96 19
398 396 -19
398 397 13
398 683 13
96 73 -28
96 97 19
96 119 13
397 99 -19
397 421 -19
683 707 13
683 122 13
683 659 8
73 374 -19
73 637 19
73 50 -28
97 99 8
97 95 8
119 120 19
119 422 -8
581 291 -8
581 21 13
581 580 -13
578 602 8
578 292 -28
485 179 -13
485 484 -28
485 483 -19
179 747 -8
179 202 -28
179 180 -13
179 156 13
484 460 -8
484 508 19
483 768 -28
483 482 -13
82 81 -8
82 84 -8
82 642 -8
81 382 28
84 381 -28
84 83 28
642 665 -13
98 121 -28
98 75 -28
98 99 8
121 424 -8
121 122 -8
75 376 13
75 76 13
75 52 -13
99 659 13
54 617 8
54 32 -13
614 328 -8
614 615 28
614 638 -8
809 786 -28
809 833 28
291 292 -8
291 315 13
292 294 19
315 316 28
315 605 -8
315 339 -8
621 620 8
620 334 8
438 727 -28
727 725 -28
727 159 -19
727 726 28
138 115 13
138 159 -13
115 116 13
115 92 -19
159 465 8
159 160 28
650 651 19
650 626 13
650 673 13
650 90 -8
363 339 -13
363 387 -13
363 653 -19
366 652 13
366 66 -19
366 365 8
707 422 -8
422 424 -13
422 421 8
659 374 13
659 636 -28
316 602 19
316 318 13
602 626 8
602 45 28
602 603 -19
318 21 13
318 604 -8
318 317 -19
42 603 -13
42 340 28
36 597 -19
36 334 8
36 37 -28
597 307 -19
597 599 19
334 333 28
37 39 19
37 594 -13
747 745 -28
747 458 19
747 746 28
745 743 8
745 456 -8
745 744 28
458 482 -28
458 435 -28
458 459 13
458 157 13
746 722 -28
746 461 -13
21 44 8
125 428 -19
125 126 8
125 690 -28
257 258 -13
257 235 -19
257 830 -13
258 827 19
258 256 -19
235 213 -19
235 545 -28
235 806 8
235 236 -13
830 828 -19
830 829 -19
830 542 28
830 832 28
214 213 -8
214 216 8
214 212 -8
214 780 28
213 783 8
213 190 8
216 520 -13
216 782 -19
216 218 -13
212 516 -13
212 778 -8
212 210 -13
780 495 13
780 756 28
780 781 -28
785 783 -19
785 496 28
789 500 8
789 788 -8
789 219 28
786 220 -19
786 762 28
460 461 -13
461 156 8
461 459 19
60 83 -28
60 38 28
533 532 8
533 225 -13
530 226 8
530 818 19
629 66 13
629 339 13
629 628 -19
626 340 19
288 287 13
288 286 -19
288 574 28
286 284 19
286 285 -8
574 575 -8
574 598 19
421 122 -19
468 469 -28
468 492 8
468 757 8
500 197 -19
500 476 13
197 762 28
197 196 -19
197 199 28
476 452 -8
476 174 -8
476 765 19
828 540 8
828 255 28
828 827 19
828 826 -8
540 516 19
540 234 13
540 541 -28
255 256 -28
255 233 8
827 543 13
826 253 -19
826 825 -19
826 824 8
826 538 -8
668 667 -28
668 670 8
665 689 -28
768 744 -13
768 203 19
744 180 28
744 459 -13
203 202 -8
328 326 -28
328 30 -13
326 324 -8
326 28 19
326 612 19
30 52 28
30 31 -28
30 591 -13
33 31 13
33 32 -13
31 29 -8
31 588 19
32 9 -19
32 593 19
263 240 -19
220 218 -28
220 219 19
219 196 -28
219 240 -8
299 275 -13
299 300 13
299 589 -19
299 323 -13
299 6 -8
275 276 -28
275 565 -13
300 3 19
300 586 8
589 28 13
589 591 -19
589 588 -19
589 587 19
323 324 19
323 29 -8
323 613 13
6 8 -13
6 5 -8
6 4 -28
6 562 -13
370 69 28
370 368 -19
69 92 -8
69 47 -13
69 70 13
69 633 8
368 654 -19
368 68 8
66 44 -8
66 89 28
637 636 -28
637 635 8
638 78 -19
294 293 13
294 580 -28
293 317 13
580 604 -8
482 771 19
482 180 19
832 259 8
832 544 8
202 225 13
202 771 -28
225 226 -28
514 515 19
514 490 28
514 210 -13
514 538 19
514 802 8
515 207 28
515 800 -8
490 779 -8
490 466 28
490 491 -8
210 209 -8
210 776 8
538 539 8
538 232 19
802 231 -13
802 804 13
333 39 19
279 280 28
279 569 -19
10 9 -8
10 8 -13
10 566 -8
10 12 8
593 592 -28
593 591 -8
39 38 8
38 599 8
592 568 28
9 569 -28
569 567 28
569 571 19
569 568 8
226 224 13
605 604 -19
605 44 -19
605 603 13
604 628 -8
44 342 19
44 45 -8
573 575 -28
573 283 -28
573 571 8
454 743 13
454 153 -28
454 455 -19
454 431 -8
176 178 -13
176 174 8
176 740 -13
176 175 19
502 503 -28
502 199 -28
502 526 -8
575 285 -28
78 76 19
76 636 19
456 433 8
456 155 -28
456 457 -19
178 180 13
434 432 -19
434 719 19
434 433 -8
434 131 8
434 436 13
432 431 28
432 129 -13
719 695 -13
719 155 -28
433 409 -19
433 721 -19
433 134 8
131 152 8
131 696 -28
131 132 -28
436 435 -28
436 133 -8
542 543 -13
542 236 -28
806 805 13
806 804 -8
494 783 -19
494 495 -13
494 191 -28
494 470 28
838 265 -13
838 550 -28
520 544 -13
520 496 28
544 545 8
496 497 -19
496 472 -28
496 193 -13
381 405 28
381 670 -28
381 382 28
654 630 19
630 631 -13
630 344 -19
630 606 -28
630 70 8
598 599 -13
632 346 -28
632 72 13
632 633 19
743 175 -28
743 741 -28
175 152 13
741 739 19
741 452 -28
741 740 19
508 532 28
23 583 -8
23 46 -19
23 320 -19
23 0 8
583 582 28
46 68 13
46 344 -13
46 607 19
320 319 28
320 606 -8
320 322 -8
0 296 28
0 559 8
253 254 -28
253 231 28
254 823 -19
254 252 8
254 256 28
231 209 19
231 232 8
231 541 -8
83 106 -28
783 782 -8
783 781 -19
782 805 8
782 758 28
782 497 28
781 779 -13
781 492 19
209 779 -19
209 186 28
779 778 13
779 777 -19
186 493 8
186 163 8
186 755 -8
651 653 -13
651 87 19
653 652 28
653 89 -13
87 388 -28
87 110 28
87 88 8
617 615 8
526 550 -28
284 283 19
284 570 19
284 282 13
283 307 -19
570 594 19
570 571 -13
282 281 -13
282 568 13
282 280 -28
823 824 19
823 539 -19
823 800 -13
824 251 -28
824 822 28
539 537 -13
539 229 13
539 541 -19
800 776 -13
800 232 -19
722 723 -19
324 26 28
324 322 19
324 610 -13
26 3 28
26 587 8
322 24 8
322 321 8
610 634 13
610 611 13
610 51 -8
610 586 13
243 550 -28
29 586 19
29 28 28
586 562 -28
586 587 19
28 5 28
28 50 19
190 497 8
190 167 19
190 759 28
190 191 -8
612 636 -8
612 613 -28
612 588 8
259 237 -8
762 738 19
788 503 -8
340 342 -13
340 339 -8
68 631 19
68 91 -28
631 633 8
634 348 13
634 635 -8
348 346 13
635 345 19
635 71 8
635 633 13
829 545 -28
829 805 -28
545 543 13
495 497 -8
495 493 -8
493 778 -28
493 492 19
493 491 -13
301 8 8
301 591 -19
301 277 -19
8 564 -13
277 567 -13
277 278 -8
71 72 -13
374 376 13
537 535 -19
537 821 19
535 227 19
535 534 -13
821 252 19
821 822 -8
24 1 -8
24 47 13
24 25 -8
587 297 -28
295 319 -19
295 296 19
295 2 -8
295 271 -28
50 51 13
50 613 -13
695 410 -28
695 671 19
695 134 19
695 696 -28
410 409 28
410 408 28
410 412 28
134 133 -28
134 136 -13
134 132 8
696 694 -8
696 698 19
192 169 8
192 761 8
192 193 19
516 492 19
516 804 28
492 189 -13
804 233 13
193 758 13
193 191 19
760 475 -13
760 736 13
760 761 -13
273 274 -8
273 297 -28
273 563 -8
274 276 -19
274 272 -13
297 321 -8
297 4 8
563 562 -13
563 565 -19
563 561 -19
563 3 -8
765 196 -19
12 568 -13
281 571 -28
346 344 28
346 47 -28
346 345 8
344 343 13
47 609 -8
47 48 28
345 49 19
345 321 -8
543 233 -13
543 541 19
233 234 8
541 825 19
409 385 -8
409 698 8
721 154 28
721 723 -8
435 411 -13
435 723 13
435 136 -13
133 698 -8
133 110 8
133 154 -13
812 240 -19
778 754 -13
754 469 19
754 755 28
754 189 -8
698 700 8
698 697 -19
110 412 -19
110 674 -19
154 459 8
154 155 -8
511 204 -28
511 796 28
205 206 -19
205 775 8
280 278 -28
280 566 13
819 250 -13
819 796 -8
819 820 -28
250 252 -13
250 249 19
796 772 13
820 248 19
820 822 19
457 152 19
457 455 19
457 459 28
52 615 -28
319 25 28
319 609 -13
319 343 -13
25 582 19
609 611 -19
609 607 13
343 633 28
343 48 -8
431 132 -28
408 693 -19
408 406 19
408 106 -19
1 2 -19
1 561 -13
256 825 13
758 473 -8
758 759 -13
88 385 28
88 90 -28
566 567 28
606 582 -13
606 607 -8
606 48 -19
70 72 28
615 613 -28
613 611 8
341 365 13
341 342 -8
341 317 -19
342 628 13
5 565 28
156 135 -19
156 723 13
156 157 8
699 700 -8
699 675 28
112 135 -13
112 113 -8
112 676 19
112 89 19
412 411 -13
412 697 8
756 191 8
756 732 19
756 757 -19
191 189 -8
732 168 8
757 755 19
757 759 -28
252 251 -19
251 229 -8
153 152 13
153 151 -8
153 155 -19
455 740 19
455 453 13
470 168 8
470 446 -8
470 759 -28
419 120 -19
167 168 -19
167 735 -8
167 473 19
759 761 -28
738 739 -8
738 174 -13
738 453 19
738 715 13
230 229 -28
230 232 -28
229 207 -8
207 777 -19
45 339 19
236 234 28
469 163 -13
163 164 28
163 731 19
132 130 8
132 693 -28
503 196 8
276 562 19
276 278 8
565 564 -28
565 567 8
49 51 28
49 48 19
321 611 28
3 4 28
403 427 13
427 450 8
427 428 -19
4 2 -19
411 113 28
411 700 8
411 387 -28
136 135 8
136 697 13
777 776 19
777 775 -13
135 700 28
475 473 28
475 169 13
473 472 -28
169 170 13
169 737 19
752 776 13
776 491 -19
385 674 8
775 773 -13
775 486 28
775 774 28
450 739 -19
739 737 -19
155 157 8
466 164 -28
466 755 -28
491 489 8
172 174 8
172 170 8
172 736 -19
170 168 -28
170 472 -8
736 737 -8
736 713 19
472 761 28
822 249 -28
822 534 13
232 234 -19
296 582 8
582 558 13
564 278 19
564 588 8
424 426 -8
426 428 -19
426 425 -28
204 773 8
204 181 28
204 227 -13
405 694 -28
405 406 8
694 693 -19
694 129 -8
406 691 -28
735 446 19
735 737 -13
390 388 -28
390 89 19
390 675 8
388 673 -28
388 387 -28
89 90 8
675 652 8
675 676 -13
773 772 -28
772 206 -8
772 748 19
772 487 13
715 691 8
715 151 13
428 713 8
532 556 13
130 129 -8
130 691 -28
129 106 -19
691 667 13
697 673 -13
272 558 -13
272 271 19
248 227 -13
113 673 -28
387 90 19
387 676 28
452 151 13
452 453 28
673 674 19
674 676 -28
106 670 -8
558 559 19
558 2 28
559 561 -19
628 652 -8
271 561 -19
399 688 -19
425 126 13
688 690 -13
486 487 -8
667 382 -13
748 463 8
487 489 -8
487 181 19
774 489 8
689 713 13
689 690 28
464 465 -28
120 122 8
465 463 8
