127 692 -19
127 148 28
127 430 13
127 128 13
127 104 -19
692 403 19
692 691 -13
692 694 8
692 690 28
148 171 28
148 149 -19
148 453 8
148 716 8
430 432 -28
430 429 -28
430 715 -19
430 428 -28
128 130 19
128 427 -28
128 126 13
128 689 -28
104 105 28
104 406 19
104 668 8
104 81 -8
523 215 19
523 521 19
523 522 13
523 525 -13
523 807 -8
215 216 -19
215 192 -28
215 785 19
215 237 -8
521 519 28
521 520 28
521 213 -13
521 805 -13
522 498 -19
522 546 8
522 810 28
522 218 13
525 217 28
525 527 8
525 809 -13
525 524 -28
807 239 13
807 784 8
807 831 -19
807 808 -28
289 290 -8
289 313 -19
289 579 28
290 576 13
290 288 -8
290 292 -8
313 20 28
313 603 8
313 337 -13
313 314 -28
579 577 -28
579 19 -8
579 581 8
579 578 19
359 335 -13
359 649 19
359 360 -8
359 383 19
359 63 -19
335 625 28
335 311 -28
335 336 -19
335 41 -13
649 85 28
649 651 -13
649 647 8
649 648 8
360 362 28
360 646 -13
360 358 13
360 60 -19
383 384 13
383 672 -13
383 407 -28
383 86 -13
63 65 13
63 61 13
63 622 28
63 62 -28
706 417 -8
706 704 13
706 705 -8
706 708 13
417 440 19
417 393 -28
417 418 13
417 118 -19
704 138 -13
704 703 13
704 702 -8
704 415 28
705 142 13
705 420 13
705 681 -8
705 728 -8
708 707 8
708 141 -8
708 710 13
708 419 8
137 114 19
137 439 19
137 702 13
137 158 -8
114 678 -8
114 91 -28
114 416 -13
439 438 -19
439 724 -13
439 441 -13
702 701 -19
158 181 8
158 463 28
158 725 -8
362 62 -28
362 648 -8
362 361 -8
362 364 28
62 625 8
62 40 -8
648 624 -19
648 671 13
648 88 -19
361 65 -13
361 651 -19
361 337 -28
361 385 13
364 650 -28
364 363 -19
364 64 -19
364 366 8
329 35 19
329 619 -19
329 353 8
329 330 -19
329 305 -8
35 34 28
35 33 28
35 37 19
35 592 13
619 621 28
619 56 28
619 618 19
619 617 28
353 377 -19
353 643 13
353 354 -19
353 57 13
330 328 -8
330 616 -28
330 32 -13
330 332 8
305 306 8
305 12 19
305 281 -8
305 595 19
658 656 -19
658 94 -13
658 657 28
658 660 -13
658 369 28
656 655 -8
656 367 -13
656 92 8
94 117 28
94 71 28
94 95 28
94 396 -13
657 634 19
657 372 13
657 681 8
657 97 -13
660 371 -28
660 96 -8
660 659 -19
660 662 28
369 370 -13
369 345 19
369 393 19
369 72 -13
165 471 13
165 188 19
165 166 8
165 733 -19
165 143 -19
471 756 -13
471 469 -19
471 470 13
471 473 -28
188 495 8
188 211 28
188 757 19
188 189 13
166 468 -13
166 168 28
166 164 28
166 730 -19
733 444 -13
733 735 8
733 731 19
733 732 19
143 447 -13
143 121 -8
143 710 -8
34 595 19
34 11 -28
34 332 19
34 56 28
595 594 19
595 597 28
595 593 19
11 12 8
11 571 13
11 308 -13
332 334 -19
332 618 13
332 331 8
56 79 -19
56 57 -13
56 356 -19
20 18 -19
20 576 -13
20 22 28
20 19 -8
18 16 19
18 311 -8
18 574 -28
18 17 -28
576 600 19
576 577 28
22 315 -13
22 21 28
22 578 28
19 316 13
19 42 13
221 791 -8
221 529 -28
221 222 -8
221 198 28
221 242 -28
791 793 -8
791 789 28
791 502 19
791 790 13
529 531 -28
529 813 -19
529 528 19
529 527 -19
222 220 -8
222 526 -28
222 224 -13
222 788 13
198 767 -19
198 505 -28
198 199 28
198 175 -28
242 243 19
242 814 8
242 265 8
242 553 -28
402 404 8
402 401 13
402 400 -28
402 100 -19
402 687 13
404 102 8
404 403 -8
404 406 13
404 689 8
401 103 28
401 377 28
401 425 28
401 690 -28
400 685 -13
400 398 19
400 98 8
400 399 19
100 664 -13
100 77 -8
100 123 -8
100 101 8
687 688 -19
687 711 13
687 663 13
687 126 19
664 662 8
664 666 -28
664 663 -28
664 375 13
77 78 8
77 54 28
77 641 19
77 378 -28
123 426 -28
123 688 8
123 124 -19
123 144 8
101 103 13
101 99 -19
101 399 -8
101 661 13
600 314 28
600 624 -28
600 601 28
600 43 -8
314 316 28
314 312 8
314 17 -13
624 625 13
624 65 19
624 338 -19
601 40 -13
601 599 -28
601 311 28
601 603 13
43 41 -8
43 337 19
43 42 13
43 45 13
794 817 -28
794 795 8
794 770 19
794 509 -19
817 841 -28
817 818 28
817 533 13
795 793 -13
795 506 -13
795 225 -19
770 485 28
770 771 -19
770 746 8
509 507 28
509 202 28
509 508 -28
371 74 13
371 395 28
371 372 19
371 347 28
74 634 -28
74 73 19
74 76 -8
74 72 -13
395 419 13
395 396 13
395 684 -19
395 97 28
372 370 -13
372 71 28
372 374 28
347 348 8
347 51 -19
347 323 -8
347 637 -8
103 102 -28
103 663 -8
103 105 -13
102 79 13
102 125 28
102 666 13
663 640 13
663 378 -8
105 403 -28
105 665 19
105 107 28
584 27 28
584 585 13
584 608 -28
584 298 -13
584 560 -19
27 29 -13
27 321 8
27 26 28
27 25 8
585 24 28
585 583 -8
585 587 -28
585 295 -19
608 632 -19
608 322 8
608 49 13
608 609 -28
298 300 13
298 296 -28
298 297 13
298 1 13
560 274 -8
560 561 28
560 4 8
59 57 28
59 61 28
59 355 13
59 58 -8
59 618 -13
57 55 19
57 616 13
61 60 -19
61 357 8
61 620 28
355 356 -8
355 331 -13
355 645 8
355 379 -8
58 358 19
58 621 19
58 36 13
58 81 19
618 594 -8
618 642 13
640 80 13
640 616 -8
640 641 -8
640 354 -28
80 377 -8
80 79 -13
80 82 -19
80 78 -19
616 592 -8
616 617 8
641 351 13
641 639 -28
641 643 -19
354 54 -19
354 352 -19
354 356 -28
443 441 13
443 445 13
443 728 -19
443 442 -28
441 138 28
441 440 19
441 726 -19
445 444 13
445 447 19
445 730 8
445 141 19
728 752 -19
728 729 8
728 164 -13
442 142 13
442 419 8
442 731 28
442 466 28
531 815 -8
531 533 -8
531 223 -8
531 530 -28
813 245 19
813 790 19
813 837 19
813 814 8
528 504 -28
528 552 -28
528 816 -13
528 224 -8
527 219 -13
527 811 8
527 526 19
625 627 -8
625 623 13
627 337 13
627 64 19
627 629 -8
627 626 19
623 621 19
623 60 8
623 622 19
623 333 -8
835 266 -19
835 836 -19
835 811 28
835 551 8
266 268 -13
266 264 -13
266 265 -19
836 548 13
836 834 -13
836 838 28
836 263 -13
811 243 13
811 812 13
811 788 19
551 549 -8
551 240 -19
551 553 -19
551 550 -28
142 140 13
142 141 28
140 703 8
140 139 -13
140 440 13
141 163 28
141 119 -28
498 195 8
498 787 -8
498 499 19
498 474 -19
195 194 -13
195 197 -19
195 193 8
195 760 -13
787 217 -13
787 785 13
787 789 28
787 786 19
499 501 -13
499 784 19
499 497 -28
499 192 -8
474 475 28
474 450 -13
474 172 -13
474 763 8
444 421 -28
444 468 8
447 449 -8
447 732 19
447 446 28
730 707 -19
730 754 8
730 731 13
712 711 -28
712 423 8
712 710 28
712 714 19
712 144 -19
711 147 -13
711 426 28
711 734 -19
423 424 -19
423 124 -19
423 399 13
423 446 -28
710 421 -8
710 709 -8
714 425 -13
714 716 19
714 146 8
714 713 -19
144 449 -13
144 167 28
144 145 19
679 703 28
679 394 8
679 655 28
679 118 -8
679 680 -19
703 418 19
703 726 19
394 392 19
394 92 8
394 393 28
394 396 -19
655 370 -13
655 95 13
655 632 13
118 117 -28
118 116 28
118 120 28
680 391 -28
680 682 13
680 678 8
680 115 8
194 763 8
194 171 -13
194 501 -28
194 217 19
763 762 8
763 765 8
763 761 -28
171 172 28
171 477 -8
171 739 -19
501 500 13
501 786 8
501 503 -13
217 238 28
217 218 -13
311 312 -19
311 287 -28
336 334 19
336 622 19
336 338 -8
336 38 8
41 40 28
41 39 -13
41 598 13
662 98 -19
662 661 -13
662 373 -28
666 377 -19
666 668 8
666 665 8
375 351 28
375 78 8
375 399 13
375 376 8
766 790 13
766 481 19
766 767 8
766 201 -28
766 742 -28
790 224 -19
790 505 8
481 479 -13
481 480 19
481 483 -13
481 175 -13
767 478 28
767 769 -8
767 765 8
201 504 19
201 200 13
201 203 19
201 199 -28
742 743 28
742 178 -28
742 719 8
742 457 19
40 338 -8
40 17 28
338 337 -28
338 340 19
17 577 8
751 462 -8
751 749 28
751 753 -28
751 750 -13
751 182 13
462 438 -13
462 486 -28
462 463 -28
462 160 8
749 181 19
749 748 -13
753 752 -19
753 464 13
753 755 28
753 184 28
750 185 -8
750 465 -19
750 774 -19
750 726 -19
182 205 28
182 489 28
182 159 13
182 183 -28
262 261 8
262 264 -19
262 260 -28
262 831 19
261 238 13
261 834 -8
264 263 19
264 833 19
260 259 28
260 829 -19
260 258 28
831 832 8
831 547 28
377 378 -8
378 376 8
378 380 8
239 546 8
239 238 -8
239 241 13
784 760 -13
784 218 -8
784 785 -8
808 520 8
808 806 19
808 810 13
808 237 8
109 407 13
109 108 -13
109 111 -28
109 107 13
109 669 13
407 696 -8
407 431 -13
407 408 8
108 85 -8
108 410 -13
108 672 19
108 131 13
111 409 28
111 671 -8
111 113 -19
111 110 13
107 405 8
107 667 -13
107 106 28
669 646 19
669 670 19
669 384 -8
669 693 28
79 380 -28
79 643 -19
380 379 -8
380 665 -28
380 382 13
643 645 8
643 642 -19
65 64 8
65 67 -8
64 42 28
64 87 -28
67 66 8
67 626 19
67 363 19
646 622 19
646 647 -19
646 86 -13
622 598 28
647 645 19
647 357 19
647 83 -8
86 85 8
86 84 -19
86 88 -13
449 451 13
449 734 8
449 448 13
451 450 8
451 736 8
451 146 -13
451 453 28
734 758 8
734 735 8
734 170 19
448 147 -13
448 472 -19
448 425 -13
448 737 19
440 729 -28
440 464 8
393 682 28
393 95 -28
418 420 -13
418 416 -19
418 115 -19
841 557 -28
841 842 -8
557 555 -28
557 246 28
557 556 -13
842 840 19
842 554 8
842 269 -19
147 145 -19
147 149 8
147 146 -8
145 709 -8
145 446 28
149 450 19
149 713 13
149 151 8
146 125 -13
146 169 8
504 793 13
504 505 -19
504 480 -19
793 223 -13
793 792 -19
505 507 13
505 503 -13
480 456 -13
480 178 -19
480 769 19
117 682 13
117 420 13
682 681 28
682 684 -28
420 419 -13
420 422 13
718 429 -28
718 720 19
718 717 -19
718 150 -28
718 716 28
429 405 -13
429 130 13
429 452 -28
720 152 28
720 431 19
720 719 -19
720 721 -8
717 153 -8
717 432 -19
717 693 -19
717 740 28
150 455 19
150 129 -28
150 173 13
150 151 19
716 715 8
716 427 19
507 792 -28
507 200 8
507 506 -28
792 768 13
792 226 -13
792 815 -8
200 223 13
200 769 28
200 177 -13
506 203 -13
506 530 -28
506 482 8
685 661 13
685 686 -19
685 709 -13
685 124 8
661 376 -8
661 638 -19
686 684 28
686 397 -19
686 688 28
686 121 28
709 424 8
709 732 -19
124 126 13
124 122 8
223 244 -13
223 224 -28
769 768 -28
769 771 28
177 178 -19
177 745 8
177 154 8
177 483 -19
512 488 -19
512 536 19
512 208 28
512 801 8
512 513 -19
488 185 -28
488 777 -13
488 489 8
488 464 -13
536 537 8
536 824 13
536 230 28
208 207 -19
208 210 -8
208 206 28
208 774 -8
801 799 -13
801 800 13
801 802 -28
513 511 19
513 515 -19
513 798 13
513 205 -8
349 53 28
349 639 28
349 350 13
349 325 13
349 373 -8
53 55 -13
53 51 -8
53 612 8
53 52 -28
639 75 -13
639 637 28
639 638 28
350 352 28
350 636 -8
350 348 -13
350 50 -19
325 326 19
325 301 -19
325 615 28
325 31 -28
373 374 28
373 397 -28
373 76 -13
185 183 19
185 187 19
185 184 13
183 748 -19
183 486 19
187 752 -13
187 490 -8
187 186 -19
187 189 28
184 161 13
184 207 19
184 491 19
546 834 -28
546 547 -8
834 833 -19
834 832 28
547 549 8
547 545 -28
547 237 8
268 270 19
268 267 -8
268 837 13
270 269 28
270 839 13
267 244 13
267 840 19
837 553 -19
837 838 -19
351 352 -19
351 55 8
351 327 13
352 52 28
352 638 -8
55 54 -13
55 614 -8
327 328 -28
327 33 19
327 303 28
327 617 13
304 302 -28
304 590 28
304 306 -28
304 7 -13
304 303 -8
302 301 19
302 300 19
302 588 19
302 5 -28
590 33 -13
590 566 8
590 614 8
590 591 13
306 308 28
306 592 13
306 9 28
7 30 -8
7 8 -13
7 567 -19
303 279 28
303 10 -13
303 593 8
238 549 -13
238 810 -8
549 548 -19
549 833 -13
810 812 28
810 809 28
384 386 8
384 382 -28
384 83 19
672 671 19
672 674 19
672 670 -19
548 524 -19
548 241 8
524 500 28
524 220 -13
524 812 8
241 243 8
241 809 -28
241 240 -13
245 552 -8
245 244 19
245 247 28
245 243 8
814 816 -19
814 812 -19
814 526 19
85 386 -8
386 671 13
386 388 13
386 385 28
391 415 19
391 93 -19
391 392 19
391 367 -19
415 438 -13
415 116 -13
415 416 19
93 654 -28
93 95 -28
93 92 -28
392 91 -19
392 677 8
367 368 8
367 343 -19
367 70 19
479 173 28
479 764 -19
479 477 28
479 478 -28
173 196 -13
173 174 8
173 741 28
764 788 8
764 740 -8
764 765 13
764 199 -19
477 762 -19
477 475 19
477 476 -19
478 454 -13
478 176 -8
478 502 13
799 228 -28
799 510 19
799 797 8
799 798 8
228 537 28
228 249 19
228 205 8
510 511 19
510 206 -28
510 486 -19
510 534 -8
797 227 -19
797 796 -8
798 230 -8
798 821 28
798 774 28
519 518 8
519 803 28
519 517 19
519 211 13
518 214 -13
518 542 13
518 806 -28
518 494 28
803 804 13
803 780 8
803 827 28
803 236 -8
517 209 28
517 516 19
517 515 -13
211 781 28
211 233 13
211 212 19
681 120 -28
681 396 13
684 119 8
684 683 19
356 358 13
356 642 28
331 621 -8
331 307 -19
331 37 8
645 81 13
645 644 -13
379 82 -19
379 403 19
379 668 28
358 644 -19
358 357 -19
644 84 -28
644 620 13
644 667 -13
357 333 13
357 381 -19
701 416 13
701 724 -8
701 139 13
701 677 -8
724 748 -19
724 725 -13
724 160 13
139 438 -19
139 138 13
677 678 -28
677 116 8
677 654 19
552 840 8
552 553 -19
840 839 -8
840 838 19
553 555 -19
161 729 -13
161 162 19
161 467 -8
729 727 28
729 731 -8
162 464 8
162 164 8
162 160 13
162 726 -8
467 469 13
467 752 -13
467 465 -19
467 466 28
310 13 -19
310 308 28
310 596 -13
310 312 -19
310 309 -28
13 36 -8
13 573 28
13 14 13
308 594 8
308 307 -13
596 39 28
596 572 19
596 620 8
596 597 -13
312 598 -28
312 15 -19
309 16 19
309 285 19
309 599 13
309 333 -13
555 554 8
555 244 -8
555 839 -19
554 247 13
554 530 -13
244 816 -19
839 815 19
413 414 -19
413 437 -8
413 389 28
414 699 19
414 112 19
414 412 13
437 460 -28
389 390 13
389 365 13
816 815 28
816 818 -28
577 575 -28
577 287 13
16 15 -19
16 14 -13
16 572 8
15 575 -13
15 38 -8
14 307 -28
14 12 28
14 570 13
572 286 8
572 573 8
247 815 8
247 246 8
246 225 -13
246 818 -13
246 269 19
398 96 -13
398 396 -28
398 397 8
398 683 -13
96 73 19
96 97 19
96 119 -19
397 99 -13
397 421 -8
683 707 -8
683 122 -28
683 659 -13
73 374 -8
73 637 -13
73 50 -13
97 99 -13
97 95 13
119 120 -28
119 422 13
581 291 -28
581 21 19
581 580 -19
578 602 8
578 292 28
485 179 13
485 484 -13
485 483 13
179 747 -28
179 202 19
179 180 28
179 156 -8
484 460 19
484 508 -8
483 768 -28
483 482 19
82 81 -8
82 84 28
82 642 -28
81 382 13
84 381 -19
84 83 13
642 665 -28
98 121 -8
98 75 13
98 99 -19
121 424 -19
121 122 19
75 376 8
75 76 13
75 52 -8
99 659 8
54 617 13
54 32 28
614 328 8
614 615 -8
614 638 13
809 786 -13
809 833 28
291 292 13
291 315 -19
292 294 -28
315 316 13
315 605 19
315 339 13
621 620 -28
620 334 -8
438 727 -28
727 725 -8
727 159 -13
727 726 8
138 115 13
138 159 13
115 116 13
115 92 -8
159 465 13
159 160 13
650 651 -8
650 626 -19
650 673 8
650 90 -13
363 339 -13
363 387 28
363 653 -13
366 652 13
366 66 8
366 365 -13
707 422 19
422 424 19
422 421 -19
659 374 -19
659 636 -8
316 602 8
316 318 19
602 626 -8
602 45 -28
602 603 -13
318 21 -8
318 604 -8
318 317 -28
42 603 -8
42 340 -13
36 597 -19
36 334 19
36 37 28
597 307 -8
597 599 -13
334 333 19
37 39 28
37 594 -28
747 745 -19
747 458 -19
747 746 13
745 743 28
745 456 28
745 744 19
458 482 -28
458 435 8
458 459 -19
458 157 -28
746 722 13
746 461 28
21 44 8
125 428 8
125 126 -28
125 690 19
257 258 -8
257 235 -19
257 830 -28
258 827 -19
258 256 19
235 213 8
235 545 -19
235 806 -8
235 236 8
830 828 -19
830 829 -28
830 542 -19
830 832 28
214 213 19
214 216 13
214 212 -13
214 780 -28
213 783 -8
213 190 -13
216 520 -28
216 782 -19
216 218 8
212 516 -8
212 778 -13
212 210 19
780 495 13
780 756 -19
780 781 -13
785 783 -19
785 496 -19
789 500 28
789 788 -13
789 219 -13
786 220 19
786 762 -8
460 461 -19
461 156 -13
461 459 -28
60 83 13
60 38 8
533 532 -13
533 225 19
530 226 -28
530 818 -28
629 66 19
629 339 -13
629 628 -13
626 340 28
288 287 13
288 286 -28
288 574 8
286 284 28
286 285 -19
574 575 -28
574 598 13
421 122 28
468 469 19
468 492 8
468 757 -28
500 197 8
500 476 13
197 762 -19
197 196 -8
197 199 -13
476 452 8
476 174 13
476 765 -19
828 540 28
828 255 -19
828 827 -28
828 826 19
540 516 -8
540 234 -13
540 541 -13
255 256 -19
255 233 -28
827 543 -8
826 253 -19
826 825 19
826 824 8
826 538 19
668 667 -28
668 670 -28
665 689 -19
768 744 -19
768 203 -13
744 180 -8
744 459 -28
203 202 -28
328 326 -28
328 30 8
326 324 -19
326 28 -28
326 612 8
30 52 13
30 31 13
30 591 13
33 31 -28
33 32 19
31 29 -28
31 588 -8
32 9 13
32 593 -19
263 240 19
220 218 -8
220 219 -13
219 196 -19
219 240 -19
299 275 -8
299 300 13
299 589 8
299 323 19
299 6 -19
275 276 -28
275 565 -8
300 3 -13
300 586 19
589 28 19
589 591 -19
589 588 19
589 587 -19
323 324 28
323 29 -28
323 613 13
6 8 -28
6 5 13
6 4 28
6 562 13
370 69 13
370 368 -19
69 92 13
69 47 -28
69 70 8
69 633 13
368 654 -8
368 68 -8
66 44 19
66 89 -19
637 636 19
637 635 13
638 78 -19
294 293 19
294 580 19
293 317 -8
580 604 19
482 771 -8
482 180 -13
832 259 -28
832 544 13
202 225 -28
202 771 19
225 226 -19
514 515 -8
514 490 13
514 210 -8
514 538 -8
514 802 -13
515 207 -28
515 800 8
490 779 13
490 466 -8
490 491 19
210 209 -19
210 776 13
538 539 13
538 232 -13
802 231 8
802 804 -8
333 39 -8
279 280 28
279 569 -13
10 9 13
10 8 28
10 566 28
10 12 28
593 592 -8
593 591 -13
39 38 -13
38 599 28
592 568 19
9 569 -19
569 567 -28
569 571 13
569 568 -19
226 224 13
605 604 19
605 44 13
605 603 -28
604 628 -8
44 342 19
44 45 28
573 575 -13
573 283 8
573 571 28
454 743 -8
454 153 -8
454 455 19
454 431 8
176 178 -28
176 174 13
176 740 19
176 175 19
502 503 8
502 199 -19
502 526 13
575 285 19
78 76 -28
76 636 -28
456 433 -8
456 155 -19
456 457 19
178 180 13
434 432 13
434 719 -19
434 433 -28
434 131 19
434 436 -19
432 431 8
432 129 -13
719 695 19
719 155 -8
433 409 13
433 721 28
433 134 8
131 152 -19
131 696 -19
131 132 -28
436 435 -8
436 133 -19
542 543 13
542 236 13
806 805 -13
806 804 8
494 783 13
494 495 13
494 191 -8
494 470 -8
838 265 -19
838 550 19
520 544 -8
520 496 -19
544 545 -19
496 497 -19
496 472 -28
496 193 -19
381 405 19
381 670 -19
381 382 13
654 630 19
630 631 19
630 344 -28
630 606 28
630 70 -28
598 599 13
632 346 28
632 72 -28
632 633 -19
743 175 -28
743 741 -19
175 152 13
741 739 8
741 452 -19
741 740 8
508 532 8
23 583 -28
23 46 13
23 320 28
23 0 19
583 582 8
46 68 19
46 344 -19
46 607 8
320 319 8
320 606 -13
320 322 19
0 296 -8
0 559 13
253 254 -28
253 231 -28
254 823 13
254 252 8
254 256 8
231 209 28
231 232 13
231 541 28
83 106 19
783 782 19
783 781 -19
782 805 -13
782 758 13
782 497 28
781 779 19
781 492 13
209 779 -13
209 186 13
779 778 -13
779 777 28
186 493 8
186 163 8
186 755 -13
651 653 -28
651 87 19
653 652 -19
653 89 19
87 388 -8
87 110 13
87 88 28
617 615 13
526 550 -28
284 283 13
284 570 8
284 282 -13
283 307 19
570 594 -8
570 571 -19
282 281 -19
282 568 -8
282 280 -28
823 824 -19
823 539 28
823 800 -13
824 251 13
824 822 -8
539 537 13
539 229 -8
539 541 19
800 776 19
800 232 28
722 723 28
324 26 28
324 322 -19
324 610 -28
26 3 13
26 587 -8
322 24 13
322 321 -19
610 634 8
610 611 28
610 51 28
610 586 -13
243 550 8
29 586 28
29 28 8
586 562 -8
586 587 19
28 5 28
28 50 19
190 497 13
190 167 -28
190 759 -13
190 191 -8
612 636 -13
612 613 -8
612 588 -28
259 237 -19
762 738 -19
788 503 -19
340 342 13
340 339 13
68 631 19
68 91 13
631 633 -8
634 348 28
634 635 -19
348 346 -13
635 345 8
635 71 -13
635 633 19
829 545 -8
829 805 28
545 543 -13
495 497 -8
495 493 -13
493 778 -19
493 492 8
493 491 -28
301 8 28
301 591 -28
301 277 -28
8 564 13
277 567 19
277 278 19
71 72 28
374 376 8
537 535 -8
537 821 8
535 227 -28
535 534 -28
821 252 13
821 822 28
24 1 -19
24 47 19
24 25 19
587 297 28
295 319 -19
295 296 13
295 2 -8
295 271 -13
50 51 13
50 613 -28
695 410 -13
695 671 19
695 134 -8
695 696 13
410 409 -13
410 408 8
410 412 28
134 133 8
134 136 -28
134 132 -28
696 694 28
696 698 8
192 169 -13
192 761 13
192 193 28
516 492 -28
516 804 19
492 189 -19
804 233 -8
193 758 28
193 191 -19
760 475 -19
760 736 8
760 761 19
273 274 -13
273 297 28
273 563 13
274 276 28
274 272 19
297 321 -13
297 4 19
563 562 13
563 565 19
563 561 19
563 3 -8
765 196 19
12 568 28
281 571 -19
346 344 -28
346 47 -28
346 345 19
344 343 -13
47 609 28
47 48 -19
345 49 -8
345 321 -13
543 233 28
543 541 -19
233 234 -8
541 825 19
409 385 -19
409 698 13
721 154 8
721 723 8
435 411 -8
435 723 -28
435 136 -13
133 698 8
133 110 19
133 154 8
812 240 -13
778 754 -8
754 469 -8
754 755 -13
754 189 -19
698 700 19
698 697 -28
110 412 -19
110 674 13
154 459 -8
154 155 -19
511 204 8
511 796 8
205 206 8
205 775 13
280 278 -19
280 566 -8
819 250 13
819 796 -19
819 820 -13
250 252 13
250 249 28
796 772 -19
820 248 28
820 822 28
457 152 -19
457 455 -13
457 459 8
52 615 -8
319 25 -28
319 609 -28
319 343 -19
25 582 13
609 611 -28
609 607 -19
343 633 -28
343 48 -28
431 132 13
408 693 8
408 406 13
408 106 13
1 2 28
1 561 28
256 825 13
758 473 13
758 759 -28
88 385 -28
88 90 -28
566 567 28
606 582 -13
606 607 -8
606 48 -8
70 72 -28
615 613 19
613 611 -13
341 365 -13
341 342 -8
341 317 -19
342 628 -28
5 565 -28
156 135 28
156 723 -28
156 157 -19
699 700 13
699 675 -13
112 135 -13
112 113 28
112 676 28
112 89 8
412 411 28
412 697 -19
756 191 -19
756 732 28
756 757 -19
191 189 28
732 168 8
757 755 -13
757 759 -8
252 251 -13
251 229 28
153 152 -19
153 151 13
153 155 -19
455 740 -19
455 453 19
470 168 -19
470 446 8
470 759 13
419 120 19
167 168 19
167 735 13
167 473 -8
759 761 -8
738 739 8
738 174 -28
738 453 -8
738 715 -19
230 229 8
230 232 13
229 207 -19
207 777 -13
45 339 -28
236 234 -13
469 163 28
163 164 19
163 731 -13
132 130 -28
132 693 -19
503 196 -8
276 562 -28
276 278 19
565 564 13
565 567 28
49 51 8
49 48 8
321 611 19
3 4 -28
403 427 19
427 450 19
427 428 13
4 2 13
411 113 -28
411 700 -19
411 387 13
136 135 -13
136 697 8
777 776 13
777 775 28
135 700 -28
475 473 -8
475 169 -8
473 472 -8
169 170 28
169 737 -19
752 776 -8
776 491 28
385 674 8
775 773 28
775 486 -13
775 774 13
450 739 -28
739 737 -28
155 157 -28
466 164 28
466 755 8
491 489 -8
172 174 28
172 170 -28
172 736 19
170 168 8
170 472 -28
736 737 13
736 713 -8
472 761 8
822 249 -13
822 534 13
232 234 -19
296 582 8
582 558 8
564 278 28
564 588 8
424 426 -19
426 428 -13
426 425 28
204 773 -19
204 181 13
204 227 28
405 694 -8
405 406 8
694 693 13
694 129 8
406 691 -13
735 446 13
735 737 -8
390 388 13
390 89 19
390 675 -19
388 673 13
388 387 19
89 90 13
675 652 28
675 676 13
773 772 -28
772 206 13
772 748 19
772 487 -28
715 691 28
715 151 -28
428 713 -28
532 556 13
130 129 -19
130 691 8
129 106 -8
691 667 28
697 673 -13
272 558 -28
272 271 13
248 227 13
113 673 8
387 90 13
387 676 -13
452 151 -8
452 453 -19
673 674 8
674 676 19
106 670 28
558 559 28
558 2 -19
559 561 13
628 652 13
271 561 28
399 688 19
425 126 -19
688 690 -19
486 487 28
667 382 19
748 463 -13
487 489 -19
487 181 19
774 489 -8
689 713 -13
689 690 -13
464 465 -28
120 122 -28
465 463 -8
