127 692 -19
127 148 -8
127 430 13
127 128 28
127 104 -28
692 403 -19
692 691 -13
692 694 -28
692 690 13
148 171 19
148 149 19
148 453 8
148 716 -28
430 432 -8
430 429 -19
430 715 8
430 428 8
128 130 8
128 427 -8
128 126 -19
128 689 13
104 105 -13
104 406 8
104 668 19
104 81 8
523 215 13
523 521 -8
523 522 -13
523 525 13
523 807 -8
215 216 -19
215 192 28
215 785 -28
215 237 13
521 519 19
521 520 13
521 213 8
521 805 13
522 498 19
522 546 -8
522 810 13
522 218 -28
525 217 -19
525 527 28
525 809 -19
525 524 13
807 239 8
807 784 -19
807 831 -28
807 808 -28
289 290 19
289 313 -13
289 579 13
290 576 19
290 288 -8
290 292 19
313 20 -28
313 603 8
313 337 13
313 314 -28
579 577 8
579 19 13
579 581 28
579 578 -19
359 335 8
359 649 -8
359 360 -19
359 383 -28
359 63 -28
335 625 8
335 311 19
335 336 -19
335 41 19
649 85 8
649 651 -8
649 647 13
649 648 -19
360 362 -13
360 646 19
360 358 -8
360 60 -28
383 384 -28
383 672 -13
383 407 -13
383 86 -19
63 65 -28
63 61 -28
63 622 28
63 62 8
706 417 -19
706 704 -28
706 705 -13
706 708 19
417 440 -28
417 393 -8
417 418 8
417 118 -13
704 138 13
704 703 19
704 702 -28
704 415 8
705 142 -8
705 420 -19
705 681 -28
705 728 28
708 707 -19
708 141 -8
708 710 -19
708 419 -8
137 114 -19
137 439 -8
137 702 -8
137 158 -28
114 678 -19
114 91 8
114 416 -28
439 438 -13
439 724 8
439 441 -28
702 701 -13
158 181 -13
158 463 13
158 725 -19
362 62 -19
362 648 -28
362 361 28
362 364 -19
62 625 19
62 40 8
648 624 -19
648 671 -13
648 88 -28
361 65 8
361 651 8
361 337 28
361 385 -8
364 650 28
364 363 -28
364 64 -19
364 366 8
329 35 -13
329 619 -8
329 353 -8
329 330 -13
329 305 13
35 34 8
35 33 -28
35 37 -28
35 592 -19
619 621 -28
619 56 28
619 618 28
619 617 -8
353 377 -19
353 643 8
353 354 19
353 57 28
330 328 8
330 616 -28
330 32 19
330 332 19
305 306 28
305 12 -13
305 281 8
305 595 -13
658 656 -13
658 94 13
658 657 8
658 660 -8
658 369 13
656 655 -13
656 367 28
656 92 -8
94 117 28
94 71 -13
94 95 19
94 396 -19
657 634 8
657 372 -8
657 681 -19
657 97 -19
660 371 -28
660 96 -8
660 659 -8
660 662 8
369 370 -19
369 345 -8
369 393 -19
369 72 8
165 471 -13
165 188 -28
165 166 19
165 733 8
165 143 -8
471 756 8
471 469 -28
471 470 28
471 473 28
188 495 -19
188 211 -19
188 757 -8
188 189 8
166 468 -19
166 168 -13
166 164 -28
166 730 19
733 444 -13
733 735 -28
733 731 13
733 732 19
143 447 -28
143 121 28
143 710 -19
34 595 13
34 11 13
34 332 -8
34 56 -8
595 594 28
595 597 -19
595 593 19
11 12 13
11 571 13
11 308 19
332 334 -28
332 618 28
332 331 13
56 79 -19
56 57 -28
56 356 -28
20 18 -8
20 576 28
20 22 28
20 19 19
18 16 -28
18 311 13
18 574 13
18 17 8
576 600 28
576 577 19
22 315 -13
22 21 28
22 578 19
19 316 -8
19 42 -28
221 791 -13
221 529 -19
221 222 -13
221 198 -19
221 242 -28
791 793 -8
791 789 28
791 502 -8
791 790 19
529 531 19
529 813 13
529 528 -8
529 527 -28
222 220 19
222 526 19
222 224 -28
222 788 28
198 767 -28
198 505 -19
198 199 -8
198 175 13
242 243 -28
242 814 28
242 265 19
242 553 -19
402 404 13
402 401 -28
402 400 -8
402 100 -8
402 687 19
404 102 -8
404 403 -28
404 406 -13
404 689 19
401 103 28
401 377 13
401 425 8
401 690 -13
400 685 8
400 398 -13
400 98 28
400 399 -28
100 664 -13
100 77 28
100 123 -8
100 101 19
687 688 -13
687 711 19
687 663 8
687 126 -8
664 662 28
664 666 -28
664 663 13
664 375 19
77 78 -19
77 54 13
77 641 -19
77 378 19
123 426 -28
123 688 -8
123 124 8
123 144 13
101 103 8
101 99 -28
101 399 -28
101 661 8
600 314 19
600 624 19
600 601 -13
600 43 -13
314 316 28
314 312 8
314 17 -19
624 625 -8
624 65 28
624 338 28
601 40 -13
601 599 -8
601 311 28
601 603 19
43 41 -13
43 337 -28
43 42 -13
43 45 -19
794 817 19
794 795 -13
794 770 28
794 509 -8
817 841 13
817 818 -28
817 533 -19
795 793 -19
795 506 -28
795 225 -28
770 485 -8
770 771 -19
770 746 8
509 507 -8
509 202 -28
509 508 -13
371 74 8
371 395 -13
371 372 13
371 347 28
74 634 28
74 73 -28
74 76 -28
74 72 -8
395 419 13
395 396 8
395 684 28
395 97 8
372 370 -13
372 71 -13
372 374 -19
347 348 -28
347 51 19
347 323 -8
347 637 13
103 102 -19
103 663 -28
103 105 -8
102 79 -8
102 125 13
102 666 -28
663 640 -28
663 378 28
105 403 8
105 665 28
105 107 8
584 27 8
584 585 13
584 608 -19
584 298 -13
584 560 -13
27 29 19
27 321 13
27 26 13
27 25 19
585 24 -8
585 583 19
585 587 -13
585 295 19
608 632 -19
608 322 28
608 49 -19
608 609 28
298 300 8
298 296 -19
298 297 -19
298 1 -13
560 274 8
560 561 -13
560 4 -8
59 57 -28
59 61 -8
59 355 -19
59 58 -8
59 618 -13
57 55 -28
57 616 19
61 60 -13
61 357 -13
61 620 -19
355 356 19
355 331 -8
355 645 -8
355 379 28
58 358 13
58 621 13
58 36 28
58 81 28
618 594 -28
618 642 8
640 80 -8
640 616 8
640 641 -28
640 354 -28
80 377 13
80 79 8
80 82 -28
80 78 -19
616 592 -8
616 617 8
641 351 -19
641 639 -13
641 643 -28
354 54 8
354 352 13
354 356 -19
443 441 8
443 445 28
443 728 28
443 442 -8
441 138 -28
441 440 19
441 726 -13
445 444 28
445 447 28
445 730 -19
445 141 19
728 752 -13
728 729 13
728 164 19
442 142 -28
442 419 -13
442 731 8
442 466 -8
531 815 -19
531 533 -19
531 223 -8
531 530 -13
813 245 -8
813 790 8
813 837 19
813 814 13
528 504 8
528 552 13
528 816 -19
528 224 19
527 219 19
527 811 -8
527 526 -19
625 627 28
625 623 -13
627 337 19
627 64 13
627 629 28
627 626 28
623 621 -8
623 60 -13
623 622 28
623 333 -28
835 266 19
835 836 -19
835 811 -19
835 551 8
266 268 13
266 264 -13
266 265 8
836 548 -28
836 834 -19
836 838 19
836 263 -8
811 243 -28
811 812 -8
811 788 -13
551 549 -8
551 240 13
551 553 13
551 550 19
142 140 28
142 141 -8
140 703 -8
140 139 -19
140 440 -28
141 163 -13
141 119 8
498 195 -19
498 787 -19
498 499 8
498 474 13
195 194 -13
195 197 28
195 193 8
195 760 -13
787 217 13
787 785 19
787 789 8
787 786 -19
499 501 19
499 784 -28
499 497 -8
499 192 -13
474 475 19
474 450 -19
474 172 -8
474 763 28
444 421 13
444 468 8
447 449 -19
447 732 -19
447 446 -13
730 707 -8
730 754 8
730 731 13
712 711 -8
712 423 -19
712 710 -19
712 714 -19
712 144 -13
711 147 -28
711 426 8
711 734 19
423 424 -13
423 124 8
423 399 -8
423 446 -8
710 421 28
710 709 -13
714 425 13
714 716 28
714 146 -19
714 713 -8
144 449 -19
144 167 -28
144 145 8
679 703 -28
679 394 13
679 655 19
679 118 28
679 680 -28
703 418 -28
703 726 -28
394 392 28
394 92 -19
394 393 28
394 396 -19
655 370 -13
655 95 8
655 632 -8
118 117 -28
118 116 13
118 120 -19
680 391 8
680 682 -28
680 678 -19
680 115 28
194 763 -8
194 171 28
194 501 28
194 217 28
763 762 -8
763 765 8
763 761 8
171 172 13
171 477 -19
171 739 -28
501 500 -8
501 786 13
501 503 -28
217 238 8
217 218 -13
311 312 -19
311 287 28
336 334 8
336 622 19
336 338 -28
336 38 28
41 40 19
41 39 -28
41 598 8
662 98 13
662 661 -19
662 373 28
666 377 13
666 668 13
666 665 28
375 351 8
375 78 28
375 399 -28
375 376 -28
766 790 -28
766 481 28
766 767 19
766 201 13
766 742 -13
790 224 13
790 505 -28
481 479 -19
481 480 19
481 483 -28
481 175 19
767 478 -8
767 769 13
767 765 -8
201 504 -13
201 200 -13
201 203 -28
201 199 -28
742 743 8
742 178 -19
742 719 -8
742 457 28
40 338 28
40 17 -13
338 337 19
338 340 -28
17 577 -28
751 462 -19
751 749 -8
751 753 28
751 750 19
751 182 -13
462 438 13
462 486 -19
462 463 13
462 160 8
749 181 -19
749 748 19
753 752 19
753 464 13
753 755 13
753 184 19
750 185 8
750 465 -19
750 774 -19
750 726 8
182 205 13
182 489 -8
182 159 28
182 183 28
262 261 -28
262 264 -19
262 260 8
262 831 19
261 238 8
261 834 8
264 263 13
264 833 13
260 259 -8
260 829 8
260 258 -8
831 832 -28
831 547 -13
377 378 19
378 376 8
378 380 -13
239 546 -19
239 238 13
239 241 8
784 760 8
784 218 19
784 785 -8
808 520 -13
808 806 -28
808 810 -28
808 237 13
109 407 -28
109 108 28
109 111 28
109 107 -19
109 669 28
407 696 -19
407 431 -28
407 408 -8
108 85 8
108 410 -13
108 672 19
108 131 -8
111 409 -19
111 671 13
111 113 28
111 110 8
107 405 13
107 667 19
107 106 -28
669 646 -13
669 670 -8
669 384 28
669 693 13
79 380 19
79 643 13
380 379 -19
380 665 13
380 382 -28
643 645 28
643 642 19
65 64 -8
65 67 -13
64 42 -8
64 87 13
67 66 -19
67 626 -8
67 363 -28
646 622 28
646 647 -19
646 86 -19
622 598 -19
647 645 -19
647 357 -19
647 83 -13
86 85 -19
86 84 28
86 88 -8
449 451 -13
449 734 -8
449 448 -28
451 450 13
451 736 -13
451 146 8
451 453 -8
734 758 -8
734 735 -8
734 170 19
448 147 -13
448 472 -19
448 425 28
448 737 -8
440 729 -19
440 464 8
393 682 8
393 95 13
418 420 19
418 416 -8
418 115 13
841 557 -8
841 842 -8
557 555 -28
557 246 8
557 556 28
842 840 19
842 554 19
842 269 8
147 145 -13
147 149 13
147 146 -19
145 709 -28
145 446 -8
149 450 13
149 713 -19
149 151 13
146 125 -13
146 169 8
504 793 19
504 505 13
504 480 -8
793 223 -8
793 792 -28
505 507 13
505 503 -8
480 456 13
480 178 28
480 769 -28
117 682 -19
117 420 -8
682 681 -28
682 684 -13
420 419 -8
420 422 28
718 429 -13
718 720 13
718 717 -13
718 150 -28
718 716 -19
429 405 -8
429 130 8
429 452 -28
720 152 -8
720 431 8
720 719 -8
720 721 -19
717 153 -28
717 432 -19
717 693 -19
717 740 28
150 455 13
150 129 13
150 173 28
150 151 13
716 715 -8
716 427 19
507 792 -8
507 200 -28
507 506 28
792 768 -19
792 226 -8
792 815 19
200 223 19
200 769 -28
200 177 -28
506 203 -8
506 530 -8
506 482 -28
685 661 -19
685 686 13
685 709 -8
685 124 19
661 376 8
661 638 -8
686 684 8
686 397 28
686 688 8
686 121 -13
709 424 28
709 732 -19
124 126 -8
124 122 -13
223 244 19
223 224 -19
769 768 19
769 771 13
177 178 -19
177 745 -8
177 154 28
177 483 13
512 488 8
512 536 -8
512 208 -19
512 801 -28
512 513 -28
488 185 -19
488 777 -8
488 489 19
488 464 19
536 537 -28
536 824 13
536 230 28
208 207 28
208 210 -19
208 206 19
208 774 -8
801 799 -19
801 800 -8
801 802 -13
513 511 -28
513 515 19
513 798 19
513 205 -13
349 53 -28
349 639 28
349 350 8
349 325 19
349 373 -19
53 55 -28
53 51 28
53 612 28
53 52 -28
639 75 13
639 637 -19
639 638 -13
350 352 19
350 636 8
350 348 -19
350 50 28
325 326 28
325 301 -28
325 615 -8
325 31 -28
373 374 8
373 397 8
373 76 -19
185 183 -13
185 187 19
185 184 13
183 748 13
183 486 8
187 752 28
187 490 19
187 186 8
187 189 -19
184 161 28
184 207 13
184 491 -13
546 834 8
546 547 8
834 833 -19
834 832 -8
547 549 -28
547 545 19
547 237 19
268 270 -13
268 267 13
268 837 19
270 269 19
270 839 -28
267 244 -13
267 840 -19
837 553 -13
837 838 -13
351 352 19
351 55 8
351 327 -13
352 52 -13
352 638 -19
55 54 28
55 614 -13
327 328 -8
327 33 8
327 303 -19
327 617 8
304 302 -28
304 590 8
304 306 -8
304 7 19
304 303 -28
302 301 -28
302 300 19
302 588 -19
302 5 -28
590 33 -13
590 566 -13
590 614 28
590 591 -8
306 308 -28
306 592 -13
306 9 8
7 30 28
7 8 28
7 567 -8
303 279 8
303 10 -8
303 593 -13
238 549 -13
238 810 13
549 548 28
549 833 28
810 812 -8
810 809 -28
384 386 -28
384 382 8
384 83 -13
672 671 28
672 674 8
672 670 19
548 524 13
548 241 8
524 500 -28
524 220 28
524 812 -28
241 243 8
241 809 8
241 240 28
245 552 -13
245 244 8
245 247 19
245 243 28
814 816 -28
814 812 -13
814 526 -28
85 386 28
386 671 -28
386 388 -13
386 385 8
391 415 -13
391 93 19
391 392 8
391 367 -19
415 438 -13
415 116 28
415 416 -8
93 654 8
93 95 19
93 92 -19
392 91 -8
392 677 8
367 368 -8
367 343 -28
367 70 13
479 173 19
479 764 8
479 477 13
479 478 -13
173 196 -8
173 174 8
173 741 19
764 788 13
764 740 13
764 765 8
764 199 19
477 762 28
477 475 -28
477 476 13
478 454 -28
478 176 -28
478 502 -19
799 228 8
799 510 13
799 797 -19
799 798 -13
228 537 8
228 249 8
228 205 -28
510 511 28
510 206 -28
510 486 13
510 534 -13
797 227 -8
797 796 19
798 230 -8
798 821 13
798 774 8
519 518 13
519 803 8
519 517 8
519 211 -28
518 214 28
518 542 -28
518 806 19
518 494 -28
803 804 28
803 780 -19
803 827 8
803 236 -19
517 209 19
517 516 19
517 515 -28
211 781 13
211 233 -19
211 212 13
681 120 -19
681 396 13
684 119 -28
684 683 13
356 358 8
356 642 28
331 621 -19
331 307 13
331 37 -13
645 81 28
645 644 28
379 82 -13
379 403 -28
379 668 -8
358 644 -8
358 357 13
644 84 28
644 620 -8
644 667 -8
357 333 -13
357 381 -8
701 416 -8
701 724 19
701 139 8
701 677 -13
724 748 13
724 725 -19
724 160 28
139 438 -28
139 138 13
677 678 -28
677 116 19
677 654 13
552 840 -28
552 553 8
840 839 28
840 838 28
553 555 8
161 729 -19
161 162 19
161 467 -8
729 727 19
729 731 -8
162 464 13
162 164 13
162 160 19
162 726 -8
467 469 13
467 752 -13
467 465 28
467 466 -28
310 13 -19
310 308 8
310 596 -13
310 312 13
310 309 19
13 36 -13
13 573 8
13 14 19
308 594 -8
308 307 8
596 39 -13
596 572 19
596 620 -19
596 597 13
312 598 -28
312 15 8
309 16 -13
309 285 -13
309 599 -19
309 333 -8
555 554 8
555 244 -8
555 839 -8
554 247 -13
554 530 28
244 816 -13
839 815 28
413 414 -19
413 437 13
413 389 -8
414 699 19
414 112 -19
414 412 -28
437 460 -28
389 390 -8
389 365 28
816 815 19
816 818 19
577 575 -19
577 287 8
16 15 19
16 14 19
16 572 -28
15 575 -19
15 38 13
14 307 -19
14 12 -19
14 570 28
572 286 -28
572 573 -19
247 815 -13
247 246 -13
246 225 -28
246 818 8
246 269 19
398 96 -28
398 396 -19
398 397 -13
398 683 -28
96 73 -13
96 97 -28
96 119 19
397 99 -13
397 421 -28
683 707 13
683 122 28
683 659 13
73 374 -28
73 637 28
73 50 -28
97 99 -13
97 95 13
119 120 8
119 422 19
581 291 13
581 21 28
581 580 19
578 602 28
578 292 -8
485 179 28
485 484 -8
485 483 28
179 747 8
179 202 -8
179 180 -19
179 156 -19
484 460 -19
484 508 19
483 768 -28
483 482 -8
82 81 13
82 84 -8
82 642 8
81 382 28
84 381 8
84 83 -19
642 665 -19
98 121 19
98 75 19
98 99 8
121 424 8
121 122 8
75 376 -19
75 76 -19
75 52 -19
99 659 13
54 617 13
54 32 19
614 328 19
614 615 -13
614 638 28
809 786 28
809 833 28
291 292 -8
291 315 -8
292 294 -13
315 316 -13
315 605 -8
315 339 19
621 620 -19
620 334 -13
438 727 8
727 725 -13
727 159 28
727 726 8
138 115 -13
138 159 -8
115 116 -19
115 92 28
159 465 -8
159 160 28
650 651 28
650 626 13
650 673 19
650 90 8
363 339 -28
363 387 19
363 653 13
366 652 28
366 66 13
366 365 8
707 422 19
422 424 -19
422 421 13
659 374 28
659 636 -8
316 602 8
316 318 8
602 626 -28
602 45 -19
602 603 28
318 21 -28
318 604 -13
318 317 -28
42 603 28
42 340 -8
36 597 13
36 334 -13
36 37 8
597 307 8
597 599 -13
334 333 -19
37 39 -19
37 594 8
747 745 -8
747 458 13
747 746 -19
745 743 19
745 456 -19
745 744 -8
458 482 -28
458 435 -8
458 459 13
458 157 -13
746 722 -28
746 461 -13
21 44 -8
125 428 13
125 126 -13
125 690 -8
257 258 28
257 235 19
257 830 19
258 827 19
258 256 28
235 213 19
235 545 -28
235 806 -13
235 236 -19
830 828 -28
830 829 28
830 542 -28
830 832 -19
214 213 -8
214 216 8
214 212 13
214 780 13
213 783 13
213 190 8
216 520 8
216 782 13
216 218 -28
212 516 -13
212 778 -13
212 210 -8
780 495 -8
780 756 -19
780 781 13
785 783 -28
785 496 28
789 500 -28
789 788 8
789 219 13
786 220 -8
786 762 8
460 461 -13
461 156 -8
461 459 -28
60 83 -28
60 38 -8
533 532 -8
533 225 19
530 226 28
530 818 -8
629 66 -28
629 339 -13
629 628 19
626 340 -28
288 287 13
288 286 13
288 574 -19
286 284 13
286 285 -13
574 575 28
574 598 13
421 122 -13
468 469 -8
468 492 -19
468 757 13
500 197 28
500 476 -28
197 762 8
197 196 -19
197 199 -13
476 452 -13
476 174 28
476 765 8
828 540 -28
828 255 -28
828 827 -8
828 826 28
540 516 -8
540 234 13
540 541 8
255 256 -13
255 233 28
827 543 19
826 253 -28
826 825 28
826 824 28
826 538 19
668 667 19
668 670 19
665 689 -28
768 744 13
768 203 -28
744 180 -13
744 459 -28
203 202 -28
328 326 28
328 30 -28
326 324 -8
326 28 -19
326 612 8
30 52 -19
30 31 19
30 591 -28
33 31 -19
33 32 28
31 29 -19
31 588 -28
32 9 -28
32 593 -13
263 240 -19
220 218 19
220 219 -8
219 196 -28
219 240 -13
299 275 8
299 300 -19
299 589 -8
299 323 -8
299 6 13
275 276 -8
275 565 8
300 3 13
300 586 -8
589 28 -19
589 591 8
589 588 -19
589 587 -28
323 324 -8
323 29 28
323 613 13
6 8 -28
6 5 13
6 4 -28
6 562 -28
370 69 -13
370 368 28
69 92 8
69 47 -8
69 70 -19
69 633 -28
368 654 19
368 68 19
66 44 -28
66 89 -8
637 636 -28
637 635 -28
638 78 8
294 293 -13
294 580 -19
293 317 -19
580 604 28
482 771 8
482 180 -13
832 259 19
832 544 28
202 225 -13
202 771 19
225 226 -13
514 515 -13
514 490 8
514 210 8
514 538 19
514 802 19
515 207 -28
515 800 28
490 779 -28
490 466 -13
490 491 19
210 209 -8
210 776 -8
538 539 13
538 232 -28
802 231 8
802 804 -28
333 39 -19
279 280 8
279 569 -19
10 9 13
10 8 -13
10 566 -8
10 12 -8
593 592 -19
593 591 28
39 38 -28
38 599 -28
592 568 -8
9 569 -19
569 567 28
569 571 -28
569 568 -13
226 224 -8
605 604 28
605 44 -8
605 603 -28
604 628 28
44 342 -8
44 45 -8
573 575 -13
573 283 28
573 571 8
454 743 -19
454 153 19
454 455 19
454 431 -13
176 178 -8
176 174 -13
176 740 28
176 175 -28
502 503 13
502 199 19
502 526 -28
575 285 -28
78 76 -8
76 636 -28
456 433 -13
456 155 -8
456 457 19
178 180 -13
434 432 8
434 719 -28
434 433 -28
434 131 -28
434 436 19
432 431 8
432 129 19
719 695 19
719 155 -13
433 409 13
433 721 -19
433 134 -28
131 152 8
131 696 -8
131 132 -19
436 435 13
436 133 -28
542 543 28
542 236 -13
806 805 13
806 804 13
494 783 13
494 495 -28
494 191 -8
494 470 19
838 265 -13
838 550 19
520 544 -28
520 496 19
544 545 28
496 497 13
496 472 8
496 193 -28
381 405 28
381 670 -28
381 382 8
654 630 -8
630 631 19
630 344 -19
630 606 -19
630 70 -28
598 599 28
632 346 19
632 72 28
632 633 28
743 175 -28
743 741 -8
175 152 -28
741 739 -13
741 452 -19
741 740 -28
508 532 19
23 583 -8
23 46 -19
23 320 28
23 0 19
583 582 -8
46 68 19
46 344 -8
46 607 19
320 319 -19
320 606 -28
320 322 -8
0 296 13
0 559 -19
253 254 19
253 231 19
254 823 -8
254 252 19
254 256 -28
231 209 28
231 232 -28
231 541 28
83 106 -8
783 782 8
783 781 -19
782 805 -28
782 758 -8
782 497 -8
781 779 8
781 492 13
209 779 -19
209 186 28
779 778 -19
779 777 28
186 493 -28
186 163 13
186 755 8
651 653 -8
651 87 8
653 652 19
653 89 -19
87 388 -19
87 110 13
87 88 13
617 615 13
526 550 13
284 283 -13
284 570 19
284 282 8
283 307 -28
570 594 28
570 571 8
282 281 19
282 568 -8
282 280 -8
823 824 19
823 539 8
823 800 28
824 251 -19
824 822 19
539 537 -13
539 229 13
539 541 -19
800 776 -13
800 232 19
722 723 8
324 26 8
324 322 28
324 610 -19
26 3 -28
26 587 -28
322 24 8
322 321 8
610 634 28
610 611 19
610 51 28
610 586 8
243 550 -28
29 586 8
29 28 19
586 562 13
586 587 -19
28 5 28
28 50 19
190 497 -19
190 167 19
190 759 -8
190 191 -28
612 636 8
612 613 19
612 588 28
259 237 8
762 738 -28
788 503 28
340 342 -13
340 339 -28
68 631 8
68 91 -19
631 633 -8
634 348 -28
634 635 -28
348 346 -8
635 345 -19
635 71 -28
635 633 13
829 545 -13
829 805 28
545 543 19
495 497 -28
495 493 28
493 778 -28
493 492 -13
493 491 8
301 8 -8
301 591 13
301 277 -8
8 564 13
277 567 -19
277 278 19
71 72 28
374 376 19
537 535 -8
537 821 28
535 227 13
535 534 -8
821 252 -8
821 822 -8
24 1 28
24 47 13
24 25 -28
587 297 8
295 319 -19
295 296 13
295 2 28
295 271 8
50 51 19
50 613 -19
695 410 -19
695 671 19
695 134 19
695 696 -13
410 409 28
410 408 8
410 412 -13
134 133 -19
134 136 -19
134 132 -13
696 694 -13
696 698 28
192 169 28
192 761 19
192 193 -28
516 492 -8
516 804 28
492 189 28
804 233 28
193 758 -8
193 191 28
760 475 19
760 736 28
760 761 19
273 274 -8
273 297 -8
273 563 19
274 276 -13
274 272 -28
297 321 8
297 4 -13
563 562 -13
563 565 28
563 561 28
563 3 19
765 196 13
12 568 13
281 571 28
346 344 28
346 47 -28
346 345 19
344 343 -13
47 609 28
47 48 19
345 49 19
345 321 28
543 233 -28
543 541 13
233 234 -28
541 825 -28
409 385 -19
409 698 13
721 154 -13
721 723 28
435 411 -28
435 723 -8
435 136 -28
133 698 19
133 110 19
133 154 13
812 240 -8
778 754 28
754 469 8
754 755 13
754 189 -13
698 700 28
698 697 -13
110 412 -8
110 674 -19
154 459 -19
154 155 13
511 204 8
511 796 13
205 206 19
205 775 -8
280 278 -28
280 566 19
819 250 -28
819 796 19
819 820 8
250 252 -8
250 249 -13
796 772 -8
820 248 -28
820 822 -8
457 152 19
457 455 13
457 459 28
52 615 -28
319 25 -19
319 609 -19
319 343 13
25 582 28
609 611 13
609 607 13
343 633 8
343 48 -28
431 132 8
408 693 28
408 406 8
408 106 13
1 2 28
1 561 8
256 825 13
758 473 28
758 759 -19
88 385 -13
88 90 8
566 567 -13
606 582 13
606 607 8
606 48 13
70 72 -19
615 613 8
613 611 -13
341 365 -28
341 342 28
341 317 13
342 628 28
5 565 -8
156 135 -8
156 723 -28
156 157 28
699 700 -28
699 675 19
112 135 28
112 113 8
112 676 -19
112 89 -28
412 411 19
412 697 -19
756 191 -19
756 732 -13
756 757 8
191 189 28
732 168 -8
757 755 -13
757 759 -28
252 251 -8
251 229 28
153 152 19
153 151 28
153 155 -13
455 740 8
455 453 13
470 168 -8
470 446 19
470 759 -13
419 120 19
167 168 28
167 735 19
167 473 19
759 761 28
738 739 13
738 174 -19
738 453 28
738 715 -28
230 229 13
230 232 8
229 207 19
207 777 -13
45 339 19
236 234 -28
469 163 -28
163 164 8
163 731 13
132 130 -28
132 693 28
503 196 19
276 562 -13
276 278 19
565 564 28
565 567 -28
49 51 -8
49 48 28
321 611 19
3 4 8
403 427 -28
427 450 -13
427 428 -28
4 2 -8
411 113 -8
411 700 -8
411 387 -13
136 135 8
136 697 -28
777 776 -19
777 775 8
135 700 19
475 473 8
475 169 -19
473 472 -8
169 170 -13
169 737 13
752 776 -19
776 491 -19
385 674 19
775 773 19
775 486 8
775 774 -13
450 739 13
739 737 19
155 157 28
466 164 8
466 755 8
491 489 -8
172 174 19
172 170 19
172 736 -8
170 168 19
170 472 13
736 737 28
736 713 -19
472 761 8
822 249 -28
822 534 -28
232 234 13
296 582 28
582 558 19
564 278 13
564 588 -28
424 426 -13
426 428 -8
426 425 -28
204 773 -19
204 181 8
204 227 28
405 694 -13
405 406 13
694 693 -8
694 129 -19
406 691 13
735 446 -8
735 737 -8
390 388 28
390 89 8
390 675 19
388 673 -28
388 387 -13
89 90 13
675 652 -28
675 676 -13
773 772 -13
772 206 8
772 748 13
772 487 19
715 691 19
715 151 28
428 713 28
532 556 13
130 129 13
130 691 -13
129 106 -8
691 667 28
697 673 -8
272 558 -8
272 271 -28
248 227 -28
113 673 19
387 90 13
387 676 -28
452 151 -13
452 453 19
673 674 28
674 676 -8
106 670 -19
558 559 8
558 2 -8
559 561 8
628 652 -13
271 561 -13
399 688 -19
425 126 28
688 690 28
486 487 8
667 382 13
748 463 13
487 489 -19
487 181 -28
774 489 -8
689 713 -8
689 690 -13
464 465 -19
120 122 -19
465 463 8
