127 692 28
127 148 28
127 430 -28
127 128 13
127 104 -13
692 403 8
692 691 -8
692 694 -13
692 690 8
148 171 -28
148 149 19
148 453 -28
148 716 28
430 432 13
430 429 19
430 715 -28
430 428 -19
128 130 -8
128 427 8
128 126 8
128 689 13
104 105 8
104 406 13
104 668 13
104 81 -13
523 215 8
523 521 -8
523 522 -28
523 525 28
523 807 -13
215 216 28
215 192 -8
215 785 28
215 237 -19
521 519 13
521 520 -19
521 213 8
521 805 13
522 498 13
522 546 -19
522 810 19
522 218 -19
525 217 -19
525 527 8
525 809 19
525 524 13
807 239 8
807 784 -8
807 831 -13
807 808 19
289 290 -13
289 313 8
289 579 -13
290 576 -8
290 288 13
290 292 -13
313 20 28
313 603 28
313 337 -28
313 314 -8
579 577 -13
579 19 8
579 581 -28
579 578 28
359 335 -8
359 649 8
359 360 19
359 383 -19
359 63 8
335 625 13
335 311 -28
335 336 -8
335 41 -19
649 85 -19
649 651 28
649 647 28
649 648 -28
360 362 19
360 646 -28
360 358 19
360 60 -28
383 384 -8
383 672 -8
383 407 19
383 86 13
63 65 -19
63 61 13
63 622 -28
63 62 13
706 417 8
706 704 19
706 705 -28
706 708 8
417 440 28
417 393 -8
417 418 -28
417 118 -13
704 138 13
704 703 -28
704 702 -19
704 415 19
705 142 -28
705 420 -8
705 681 -19
705 728 -8
708 707 8
708 141 13
708 710 28
708 419 13
137 114 -28
137 439 13
137 702 8
137 158 -19
114 678 -19
114 91 19
114 416 -8
439 438 -8
439 724 19
439 441 8
702 701 -13
158 181 13
158 463 -8
158 725 28
362 62 8
362 648 19
362 361 8
362 364 8
62 625 28
62 40 -28
648 624 19
648 671 28
648 88 -19
361 65 28
361 651 -19
361 337 -28
361 385 -8
364 650 8
364 363 19
364 64 -19
364 366 13
329 35 13
329 619 28
329 353 19
329 330 19
329 305 19
35 34 -8
35 33 13
35 37 19
35 592 8
619 621 -28
619 56 28
619 618 13
619 617 28
353 377 8
353 643 -8
353 354 28
353 57 -19
330 328 -19
330 616 8
330 32 -13
330 332 -28
305 306 -19
305 12 13
305 281 -19
305 595 -8
658 656 8
658 94 13
658 657 -13
658 660 -13
658 369 -19
656 655 8
656 367 19
656 92 28
94 117 19
94 71 13
94 95 -13
94 396 -19
657 634 -19
657 372 -19
657 681 19
657 97 8
660 371 -28
660 96 -13
660 659 -19
660 662 -28
369 370 -28
369 345 -8
369 393 -28
369 72 -28
165 471 -19
165 188 28
165 166 13
165 733 8
165 143 19
471 756 -28
471 469 -28
471 470 -8
471 473 -8
188 495 -19
188 211 -8
188 757 -28
188 189 28
166 468 28
166 168 -13
166 164 -13
166 730 -28
733 444 8
733 735 -13
733 731 19
733 732 13
143 447 13
143 121 -8
143 710 19
34 595 8
34 11 -8
34 332 -13
34 56 8
595 594 -8
595 597 -19
595 593 -13
11 12 -13
11 571 8
11 308 13
332 334 19
332 618 -19
332 331 -19
56 79 -19
56 57 13
56 356 -13
20 18 8
20 576 -8
20 22 -13
20 19 19
18 16 -8
18 311 -19
18 574 19
18 17 28
576 600 28
576 577 -8
22 315 28
22 21 19
22 578 8
19 316 19
19 42 8
221 791 -13
221 529 19
221 222 13
221 198 -8
221 242 -13
791 793 -19
791 789 -28
791 502 8
791 790 -13
529 531 19
529 813 13
529 528 13
529 527 13
222 220 -19
222 526 -19
222 224 -28
222 788 13
198 767 8
198 505 8
198 199 -8
198 175 -13
242 243 -8
242 814 19
242 265 -8
242 553 -28
402 404 8
402 401 19
402 400 -8
402 100 8
402 687 -13
404 102 28
404 403 -28
404 406 -28
404 689 -8
401 103 -13
401 377 -28
401 425 -19
401 690 19
400 685 -28
400 398 -13
400 98 19
400 399 19
100 664 -28
100 77 8
100 123 -28
100 101 -19
687 688 13
687 711 13
687 663 -8
687 126 -28
664 662 -8
664 666 28
664 663 -28
664 375 -19
77 78 8
77 54 13
77 641 13
77 378 -8
123 426 8
123 688 -8
123 124 -8
123 144 8
101 103 28
101 99 28
101 399 19
101 661 -13
600 314 -8
600 624 -13
600 601 19
600 43 28
314 316 -8
314 312 8
314 17 19
624 625 -28
624 65 -19
624 338 -13
601 40 -8
601 599 -13
601 311 28
601 603 19
43 41 -13
43 337 13
43 42 -19
43 45 8
794 817 19
794 795 13
794 770 13
794 509 -19
817 841 8
817 818 -19
817 533 -13
795 793 -19
795 506 -19
795 225 13
770 485 13
770 771 -28
770 746 -8
509 507 -8
509 202 19
509 508 -28
371 74 -28
371 395 -8
371 372 -8
371 347 28
74 634 -28
74 73 19
74 76 -19
74 72 19
395 419 -28
395 396 28
395 684 -8
395 97 -8
372 370 13
372 71 19
372 374 -28
347 348 13
347 51 8
347 323 -13
347 637 -13
103 102 -13
103 663 19
103 105 -28
102 79 -13
102 125 -13
102 666 8
663 640 8
663 378 8
105 403 13
105 665 -13
105 107 -28
584 27 -28
584 585 28
584 608 -28
584 298 -8
584 560 -13
27 29 -28
27 321 13
27 26 28
27 25 8
585 24 -28
585 583 -13
585 587 13
585 295 28
608 632 -19
608 322 8
608 49 -8
608 609 -13
298 300 -28
298 296 -13
298 297 -28
298 1 19
560 274 -13
560 561 -19
560 4 28
59 57 -19
59 61 19
59 355 -8
59 58 19
59 618 8
57 55 -19
57 616 -13
61 60 19
61 357 -19
61 620 19
355 356 -19
355 331 19
355 645 -19
355 379 -28
58 358 -28
58 621 -13
58 36 19
58 81 8
618 594 -19
618 642 19
640 80 28
640 616 8
640 641 -8
640 354 8
80 377 8
80 79 19
80 82 -28
80 78 -19
616 592 19
616 617 -19
641 351 13
641 639 -28
641 643 -28
354 54 28
354 352 -13
354 356 -13
443 441 -19
443 445 -13
443 728 19
443 442 19
441 138 19
441 440 -8
441 726 28
445 444 -28
445 447 13
445 730 19
445 141 -8
728 752 -13
728 729 -19
728 164 -19
442 142 28
442 419 -13
442 731 -28
442 466 -13
531 815 -19
531 533 -8
531 223 19
531 530 -19
813 245 -8
813 790 8
813 837 8
813 814 13
528 504 -8
528 552 28
528 816 13
528 224 13
527 219 28
527 811 -8
527 526 28
625 627 -28
625 623 -8
627 337 -19
627 64 19
627 629 -8
627 626 -8
623 621 8
623 60 -13
623 622 28
623 333 28
835 266 19
835 836 28
835 811 -19
835 551 -28
266 268 13
266 264 13
266 265 -13
836 548 -13
836 834 13
836 838 19
836 263 28
811 243 19
811 812 -8
811 788 8
551 549 19
551 240 8
551 553 -13
551 550 -28
142 140 -19
142 141 -28
140 703 -8
140 139 19
140 440 -8
141 163 13
141 119 -8
498 195 -13
498 787 -8
498 499 -8
498 474 28
195 194 -19
195 197 -8
195 193 -28
195 760 -13
787 217 -19
787 785 13
787 789 28
787 786 28
499 501 13
499 784 -8
499 497 -8
499 192 -13
474 475 8
474 450 -28
474 172 19
474 763 13
444 421 -13
444 468 -13
447 449 8
447 732 -13
447 446 -19
730 707 -8
730 754 19
730 731 13
712 711 -28
712 423 -13
712 710 28
712 714 -19
712 144 8
711 147 -28
711 426 -19
711 734 13
423 424 -8
423 124 8
423 399 8
423 446 28
710 421 -13
710 709 -28
714 425 -8
714 716 19
714 146 13
714 713 -13
144 449 -19
144 167 13
144 145 -8
679 703 8
679 394 8
679 655 -28
679 118 -13
679 680 -19
703 418 -13
703 726 8
394 392 -13
394 92 13
394 393 -19
394 396 13
655 370 28
655 95 -19
655 632 -28
118 117 -8
118 116 8
118 120 28
680 391 19
680 682 -8
680 678 19
680 115 -8
194 763 -8
194 171 -28
194 501 13
194 217 28
763 762 28
763 765 28
763 761 28
171 172 28
171 477 28
171 739 8
501 500 13
501 786 -19
501 503 -13
217 238 8
217 218 -19
311 312 8
311 287 -8
336 334 13
336 622 -19
336 338 -28
336 38 -28
41 40 -13
41 39 -8
41 598 28
662 98 28
662 661 8
662 373 -28
666 377 -13
666 668 8
666 665 -19
375 351 -13
375 78 -19
375 399 -28
375 376 -13
766 790 -28
766 481 19
766 767 13
766 201 19
766 742 13
790 224 -13
790 505 13
481 479 8
481 480 13
481 483 -28
481 175 -28
767 478 28
767 769 -28
767 765 13
201 504 28
201 200 13
201 203 -8
201 199 -28
742 743 28
742 178 -8
742 719 -8
742 457 28
40 338 13
40 17 13
338 337 -13
338 340 19
17 577 8
751 462 8
751 749 19
751 753 8
751 750 28
751 182 8
462 438 -19
462 486 19
462 463 13
462 160 19
749 181 -8
749 748 -28
753 752 19
753 464 -8
753 755 -8
753 184 -13
750 185 19
750 465 -19
750 774 -19
750 726 -28
182 205 8
182 489 28
182 159 -19
182 183 -8
262 261 -28
262 264 8
262 260 -19
262 831 19
261 238 13
261 834 13
264 263 -8
264 833 -8
260 259 -8
260 829 -28
260 258 28
831 832 -19
831 547 -13
377 378 28
378 376 13
378 380 13
239 546 -28
239 238 -28
239 241 28
784 760 8
784 218 8
784 785 -13
808 520 19
808 806 28
808 810 19
808 237 -28
109 407 19
109 108 -13
109 111 -19
109 107 -28
109 669 8
407 696 -8
407 431 -13
407 408 -19
108 85 -28
108 410 8
108 672 -13
108 131 -28
111 409 -13
111 671 -28
111 113 8
111 110 13
107 405 -13
107 667 -28
107 106 -8
669 646 19
669 670 13
669 384 8
669 693 13
79 380 19
79 643 -13
380 379 -13
380 665 13
380 382 28
643 645 -8
643 642 19
65 64 -13
65 67 -13
64 42 -19
64 87 -8
67 66 -19
67 626 -28
67 363 -13
646 622 -8
646 647 -13
646 86 -28
622 598 13
647 645 13
647 357 8
647 83 28
86 85 8
86 84 -28
86 88 8
449 451 -28
449 734 -13
449 448 -28
451 450 28
451 736 28
451 146 -28
451 453 -19
734 758 8
734 735 8
734 170 -13
448 147 13
448 472 13
448 425 -19
448 737 8
440 729 -13
440 464 -19
393 682 19
393 95 -13
418 420 13
418 416 -8
418 115 -13
841 557 13
841 842 -8
557 555 -28
557 246 19
557 556 -8
842 840 -13
842 554 -19
842 269 28
147 145 -8
147 149 28
147 146 -28
145 709 13
145 446 -19
149 450 8
149 713 19
149 151 28
146 125 28
146 169 28
504 793 19
504 505 8
504 480 13
793 223 19
793 792 13
505 507 28
505 503 19
480 456 28
480 178 13
480 769 -8
117 682 -8
117 420 19
682 681 -13
682 684 19
420 419 -28
420 422 -19
718 429 8
718 720 -13
718 717 -19
718 150 -13
718 716 19
429 405 13
429 130 13
429 452 28
720 152 13
720 431 28
720 719 -13
720 721 19
717 153 -19
717 432 -8
717 693 13
717 740 -19
150 455 -13
150 129 13
150 173 -13
150 151 19
716 715 -13
716 427 13
507 792 -28
507 200 -19
507 506 -8
792 768 -13
792 226 -8
792 815 8
200 223 -13
200 769 -13
200 177 -19
506 203 8
506 530 -13
506 482 28
685 661 13
685 686 -13
685 709 28
685 124 28
661 376 28
661 638 13
686 684 -8
686 397 13
686 688 13
686 121 -19
709 424 8
709 732 19
124 126 -28
124 122 28
223 244 28
223 224 19
769 768 8
769 771 13
177 178 13
177 745 -8
177 154 28
177 483 13
512 488 13
512 536 -28
512 208 -8
512 801 -19
512 513 8
488 185 19
488 777 13
488 489 -8
488 464 -19
536 537 -13
536 824 19
536 230 13
208 207 -28
208 210 -19
208 206 28
208 774 -8
801 799 28
801 800 8
801 802 8
513 511 -13
513 515 28
513 798 13
513 205 13
349 53 -8
349 639 13
349 350 -8
349 325 8
349 373 28
53 55 28
53 51 28
53 612 19
53 52 28
639 75 -8
639 637 13
639 638 8
350 352 8
350 636 13
350 348 -8
350 50 28
325 326 -19
325 301 8
325 615 -19
325 31 19
373 374 -28
373 397 -8
373 76 -13
185 183 8
185 187 -13
185 184 19
183 748 13
183 486 28
187 752 -19
187 490 -13
187 186 13
187 189 -28
184 161 13
184 207 -19
184 491 -13
546 834 -13
546 547 -8
834 833 -13
834 832 28
547 549 -13
547 545 28
547 237 -8
268 270 28
268 267 -8
268 837 -28
270 269 -28
270 839 -19
267 244 -8
267 840 13
837 553 28
837 838 -19
351 352 13
351 55 13
351 327 28
352 52 8
352 638 8
55 54 28
55 614 -13
327 328 13
327 33 -19
327 303 -8
327 617 -13
304 302 -19
304 590 13
304 306 28
304 7 -8
304 303 13
302 301 8
302 300 -19
302 588 28
302 5 28
590 33 -19
590 566 -13
590 614 19
590 591 19
306 308 13
306 592 -13
306 9 -8
7 30 -28
7 8 19
7 567 28
303 279 19
303 10 -13
303 593 -19
238 549 -28
238 810 -8
549 548 13
549 833 -8
810 812 28
810 809 -8
384 386 8
384 382 13
384 83 -13
672 671 -19
672 674 -28
672 670 -13
548 524 28
548 241 19
524 500 -8
524 220 -19
524 812 13
241 243 -19
241 809 -28
241 240 8
245 552 19
245 244 28
245 247 -28
245 243 28
814 816 -13
814 812 -19
814 526 8
85 386 -19
386 671 19
386 388 -13
386 385 -13
391 415 -19
391 93 28
391 392 -13
391 367 19
415 438 19
415 116 -28
415 416 8
93 654 13
93 95 8
93 92 8
392 91 13
392 677 -28
367 368 19
367 343 8
367 70 -13
479 173 -19
479 764 -8
479 477 8
479 478 -8
173 196 -28
173 174 -28
173 741 -19
764 788 8
764 740 -28
764 765 13
764 199 19
477 762 28
477 475 28
477 476 -8
478 454 8
478 176 19
478 502 -28
799 228 19
799 510 8
799 797 28
799 798 -8
228 537 19
228 249 -13
228 205 -13
510 511 8
510 206 8
510 486 19
510 534 19
797 227 -28
797 796 13
798 230 -13
798 821 13
798 774 -19
519 518 -8
519 803 19
519 517 28
519 211 13
518 214 19
518 542 13
518 806 -8
518 494 -13
803 804 -8
803 780 28
803 827 -13
803 236 -13
517 209 19
517 516 13
517 515 19
211 781 -19
211 233 -8
211 212 19
681 120 -13
681 396 -19
684 119 19
684 683 28
356 358 8
356 642 28
331 621 -28
331 307 13
331 37 13
645 81 -8
645 644 -13
379 82 8
379 403 -13
379 668 8
358 644 8
358 357 -13
644 84 -28
644 620 13
644 667 -19
357 333 -28
357 381 -13
701 416 -13
701 724 -19
701 139 -19
701 677 19
724 748 8
724 725 -8
724 160 13
139 438 -19
139 138 13
677 678 -28
677 116 -28
677 654 28
552 840 -13
552 553 -28
840 839 28
840 838 -8
553 555 -28
161 729 28
161 162 13
161 467 -13
729 727 -8
729 731 8
162 464 28
162 164 -28
162 160 8
162 726 8
467 469 28
467 752 13
467 465 19
467 466 -19
310 13 8
310 308 28
310 596 8
310 312 -28
310 309 -13
13 36 19
13 573 -28
13 14 19
308 594 -19
308 307 -19
596 39 8
596 572 -28
596 620 -8
596 597 -28
312 598 -19
312 15 28
309 16 28
309 285 -19
309 599 -28
309 333 28
555 554 -19
555 244 -19
555 839 -28
554 247 19
554 530 8
244 816 28
839 815 -19
413 414 8
413 437 8
413 389 8
414 699 8
414 112 28
414 412 28
437 460 19
389 390 8
389 365 13
816 815 -8
816 818 -28
577 575 -13
577 287 19
16 15 13
16 14 13
16 572 13
15 575 8
15 38 28
14 307 -19
14 12 -28
14 570 -19
572 286 28
572 573 13
247 815 8
247 246 8
246 225 -28
246 818 -19
246 269 -28
398 96 28
398 396 -28
398 397 -13
398 683 8
96 73 -13
96 97 28
96 119 8
397 99 -13
397 421 13
683 707 -8
683 122 -28
683 659 -13
73 374 8
73 637 28
73 50 8
97 99 -28
97 95 13
119 120 -19
119 422 -19
581 291 19
581 21 -28
581 580 -19
578 602 28
578 292 -19
485 179 -13
485 484 8
485 483 -13
179 747 8
179 202 13
179 180 -19
179 156 -19
484 460 -13
484 508 19
483 768 -8
483 482 8
82 81 19
82 84 13
82 642 19
81 382 13
84 381 -19
84 83 8
642 665 -28
98 121 13
98 75 19
98 99 -19
121 424 -8
121 122 -28
75 376 -19
75 76 -28
75 52 19
99 659 -13
54 617 -19
54 32 -13
614 328 19
614 615 -19
614 638 8
809 786 19
809 833 -13
291 292 -28
291 315 28
292 294 -28
315 316 13
315 605 -8
315 339 13
621 620 -28
620 334 -13
438 727 19
727 725 -19
727 159 28
727 726 8
138 115 -28
138 159 -28
115 116 -8
115 92 13
159 465 19
159 160 28
650 651 -28
650 626 28
650 673 -28
650 90 -8
363 339 8
363 387 19
363 653 8
366 652 -28
366 66 -19
366 365 8
707 422 8
422 424 28
422 421 13
659 374 -8
659 636 28
316 602 -13
316 318 28
602 626 28
602 45 -13
602 603 -19
318 21 13
318 604 8
318 317 28
42 603 13
42 340 13
36 597 -8
36 334 -13
36 37 13
597 307 13
597 599 -19
334 333 -8
37 39 28
37 594 -28
747 745 19
747 458 -28
747 746 28
745 743 28
745 456 13
745 744 -13
458 482 -13
458 435 19
458 459 -28
458 157 28
746 722 -28
746 461 -8
21 44 -8
125 428 8
125 126 -8
125 690 28
257 258 13
257 235 8
257 830 28
258 827 -28
258 256 28
235 213 -8
235 545 -28
235 806 -19
235 236 -19
830 828 28
830 829 28
830 542 -8
830 832 8
214 213 19
214 216 -28
214 212 28
214 780 8
213 783 -13
213 190 -8
216 520 -13
216 782 8
216 218 13
212 516 8
212 778 8
212 210 -8
780 495 19
780 756 8
780 781 8
785 783 -19
785 496 8
789 500 -8
789 788 -28
789 219 13
786 220 -8
786 762 8
460 461 28
461 156 8
461 459 28
60 83 -19
60 38 -19
533 532 28
533 225 -13
530 226 13
530 818 -8
629 66 19
629 339 28
629 628 28
626 340 -13
288 287 13
288 286 28
288 574 -28
286 284 13
286 285 -13
574 575 28
574 598 -19
421 122 -28
468 469 -19
468 492 19
468 757 -13
500 197 28
500 476 8
197 762 -8
197 196 13
197 199 19
476 452 19
476 174 28
476 765 -8
828 540 8
828 255 -8
828 827 8
828 826 -13
540 516 -8
540 234 -8
540 541 -28
255 256 -19
255 233 13
827 543 -8
826 253 -19
826 825 28
826 824 28
826 538 -13
668 667 8
668 670 19
665 689 28
768 744 -8
768 203 28
744 180 -19
744 459 -19
203 202 -28
328 326 -28
328 30 -13
326 324 19
326 28 8
326 612 13
30 52 -28
30 31 -8
30 591 -13
33 31 28
33 32 13
31 29 -8
31 588 8
32 9 8
32 593 -8
263 240 19
220 218 8
220 219 -8
219 196 28
219 240 13
299 275 -8
299 300 13
299 589 19
299 323 -28
299 6 -19
275 276 8
275 565 13
300 3 13
300 586 13
589 28 19
589 591 -19
589 588 28
589 587 8
323 324 13
323 29 19
323 613 28
6 8 28
6 5 8
6 4 28
6 562 -13
370 69 -28
370 368 28
69 92 -19
69 47 -13
69 70 -13
69 633 8
368 654 28
368 68 28
66 44 28
66 89 -8
637 636 19
637 635 13
638 78 -19
294 293 28
294 580 13
293 317 -13
580 604 19
482 771 -13
482 180 19
832 259 8
832 544 8
202 225 -13
202 771 -19
225 226 -13
514 515 19
514 490 13
514 210 28
514 538 -19
514 802 8
515 207 19
515 800 -8
490 779 -13
490 466 -28
490 491 19
210 209 8
210 776 -13
538 539 -13
538 232 28
802 231 -19
802 804 13
333 39 28
279 280 28
279 569 -8
10 9 -19
10 8 8
10 566 -13
10 12 8
593 592 -19
593 591 8
39 38 28
38 599 -19
592 568 19
9 569 -19
569 567 13
569 571 28
569 568 -28
226 224 -8
605 604 28
605 44 28
605 603 8
604 628 13
44 342 -13
44 45 -8
573 575 -28
573 283 -8
573 571 19
454 743 -19
454 153 -28
454 455 13
454 431 -13
176 178 -8
176 174 19
176 740 28
176 175 13
502 503 -19
502 199 -13
502 526 13
575 285 -8
78 76 19
76 636 19
456 433 13
456 155 -13
456 457 -28
178 180 28
434 432 8
434 719 13
434 433 28
434 131 28
434 436 28
432 431 -8
432 129 19
719 695 28
719 155 -8
433 409 -8
433 721 -8
433 134 13
131 152 8
131 696 -28
131 132 19
436 435 -28
436 133 8
542 543 -13
542 236 -13
806 805 -19
806 804 13
494 783 13
494 495 -28
494 191 19
494 470 -28
838 265 -19
838 550 -28
520 544 13
520 496 -28
544 545 -28
496 497 -8
496 472 -8
496 193 28
381 405 13
381 670 -8
381 382 -13
654 630 19
630 631 19
630 344 -28
630 606 13
630 70 -28
598 599 -8
632 346 28
632 72 19
632 633 -13
743 175 -8
743 741 -19
175 152 19
741 739 -13
741 452 13
741 740 28
508 532 28
23 583 -28
23 46 13
23 320 -8
23 0 28
583 582 28
46 68 28
46 344 -19
46 607 -13
320 319 19
320 606 -28
320 322 8
0 296 -28
0 559 19
253 254 13
253 231 8
254 823 8
254 252 19
254 256 28
231 209 -28
231 232 8
231 541 -13
83 106 -19
783 782 -8
783 781 -19
782 805 19
782 758 28
782 497 -8
781 779 28
781 492 13
209 779 -13
209 186 -28
779 778 13
779 777 13
186 493 -13
186 163 8
186 755 -28
651 653 13
651 87 -28
653 652 8
653 89 19
87 388 19
87 110 13
87 88 13
617 615 13
526 550 -8
284 283 28
284 570 -19
284 282 -28
283 307 8
570 594 19
570 571 8
282 281 -19
282 568 -19
282 280 19
823 824 -28
823 539 13
823 800 -19
824 251 -28
824 822 -28
539 537 -13
539 229 -19
539 541 -19
800 776 13
800 232 -19
722 723 13
324 26 28
324 322 13
324 610 8
26 3 19
26 587 19
322 24 -13
322 321 -28
610 634 28
610 611 8
610 51 28
610 586 -28
243 550 8
29 586 -8
29 28 -8
586 562 19
586 587 -13
28 5 -13
28 50 8
190 497 28
190 167 8
190 759 13
190 191 -13
612 636 19
612 613 -19
612 588 8
259 237 19
762 738 19
788 503 13
340 342 13
340 339 -19
68 631 28
68 91 19
631 633 19
634 348 -8
634 635 28
348 346 8
635 345 8
635 71 -19
635 633 13
829 545 13
829 805 19
545 543 -28
495 497 13
495 493 13
493 778 -8
493 492 -8
493 491 -19
301 8 -28
301 591 -8
301 277 13
8 564 28
277 567 -19
277 278 28
71 72 -8
374 376 19
537 535 19
537 821 -19
535 227 13
535 534 28
821 252 -28
821 822 28
24 1 8
24 47 8
24 25 -28
587 297 19
295 319 8
295 296 -28
295 2 -28
295 271 -28
50 51 28
50 613 -13
695 410 13
695 671 -28
695 134 -13
695 696 13
410 409 -8
410 408 -19
410 412 -19
134 133 -13
134 136 19
134 132 -13
696 694 28
696 698 -13
192 169 -8
192 761 19
192 193 13
516 492 8
516 804 -28
492 189 13
804 233 19
193 758 -28
193 191 13
760 475 28
760 736 -8
760 761 19
273 274 28
273 297 28
273 563 -28
274 276 -28
274 272 -19
297 321 8
297 4 -19
563 562 -8
563 565 -19
563 561 -28
563 3 -13
765 196 -19
12 568 13
281 571 -28
346 344 8
346 47 -19
346 345 -8
344 343 13
47 609 -19
47 48 -13
345 49 -8
345 321 8
543 233 -19
543 541 13
233 234 -8
541 825 13
409 385 -8
409 698 -13
721 154 28
721 723 19
435 411 -28
435 723 28
435 136 19
133 698 -28
133 110 -8
133 154 28
812 240 19
778 754 8
754 469 -28
754 755 -13
754 189 -8
698 700 19
698 697 28
110 412 13
110 674 19
154 459 8
154 155 13
511 204 28
511 796 13
205 206 8
205 775 28
280 278 -8
280 566 13
819 250 8
819 796 -8
819 820 -28
250 252 28
250 249 -13
796 772 13
820 248 19
820 822 13
457 152 8
457 455 13
457 459 19
52 615 19
319 25 -19
319 609 13
319 343 28
25 582 19
609 611 -13
609 607 28
343 633 -19
343 48 -13
431 132 -13
408 693 28
408 406 28
408 106 13
1 2 28
1 561 13
256 825 28
758 473 8
758 759 -28
88 385 19
88 90 13
566 567 -8
606 582 8
606 607 -19
606 48 28
70 72 -19
615 613 -28
613 611 -13
341 365 28
341 342 -19
341 317 28
342 628 28
5 565 -19
156 135 28
156 723 13
156 157 -13
699 700 -13
699 675 -8
112 135 13
112 113 -19
112 676 28
112 89 -8
412 411 8
412 697 13
756 191 -13
756 732 -8
756 757 19
191 189 13
732 168 19
757 755 -13
757 759 -8
252 251 -28
251 229 8
153 152 -13
153 151 19
153 155 13
455 740 8
455 453 -28
470 168 -8
470 446 -8
470 759 -13
419 120 -8
167 168 -28
167 735 28
167 473 -28
759 761 -13
738 739 -19
738 174 8
738 453 8
738 715 -28
230 229 28
230 232 28
229 207 8
207 777 19
45 339 8
236 234 -19
469 163 28
163 164 -19
163 731 -28
132 130 -8
132 693 13
503 196 19
276 562 -19
276 278 -28
565 564 8
565 567 28
49 51 -13
49 48 19
321 611 -8
3 4 -19
403 427 -8
427 450 19
427 428 -28
4 2 28
411 113 -13
411 700 28
411 387 19
136 135 -19
136 697 -19
777 776 8
777 775 -19
135 700 28
475 473 -13
475 169 -13
473 472 -28
169 170 -8
169 737 8
752 776 8
776 491 13
385 674 19
775 773 -19
775 486 -19
775 774 28
450 739 13
739 737 -8
155 157 -8
466 164 19
466 755 28
491 489 28
172 174 -28
172 170 28
172 736 28
170 168 19
170 472 8
736 737 19
736 713 19
472 761 -13
822 249 -28
822 534 -13
232 234 -8
296 582 -13
582 558 19
564 278 28
564 588 -19
424 426 -28
426 428 13
426 425 8
204 773 13
204 181 28
204 227 -13
405 694 13
405 406 13
694 693 -13
694 129 -8
406 691 -19
735 446 -28
735 737 13
390 388 13
390 89 -13
390 675 19
388 673 -8
388 387 -13
89 90 8
675 652 -19
675 676 -19
773 772 19
772 206 -8
772 748 13
772 487 -28
715 691 8
715 151 -8
428 713 -8
532 556 19
130 129 -28
130 691 13
129 106 19
691 667 -19
697 673 -19
272 558 -8
272 271 28
248 227 13
113 673 -28
387 90 13
387 676 8
452 151 28
452 453 -13
673 674 8
674 676 19
106 670 8
558 559 19
558 2 13
559 561 8
628 652 28
271 561 13
399 688 -19
425 126 -8
688 690 28
486 487 13
667 382 -19
748 463 -13
487 489 -28
487 181 19
774 489 28
689 713 -13
689 690 -8
464 465 -13
120 122 -19
465 463 -19
