127 692 28
127 148 -19
127 430 19
127 128 -13
127 104 28
692 403 -28
692 691 19
692 694 19
692 690 -19
148 171 13
148 149 -8
148 453 -19
148 716 13
430 432 -13
430 429 8
430 715 13
430 428 -28
128 130 28
128 427 13
128 126 -19
128 689 8
104 105 -19
104 406 28
104 668 28
104 81 8
523 215 13
523 521 13
523 522 19
523 525 13
523 807 19
215 216 8
215 192 -19
215 785 -28
215 237 19
521 519 28
521 520 -13
521 213 13
521 805 19
522 498 -19
522 546 19
522 810 8
522 218 28
525 217 -8
525 527 -19
525 809 19
525 524 -13
807 239 19
807 784 8
807 831 -13
807 808 13
289 290 -19
289 313 28
289 579 -13
290 576 28
290 288 19
290 292 8
313 20 -28
313 603 -19
313 337 8
313 314 8
579 577 28
579 19 8
579 581 28
579 578 -28
359 335 -8
359 649 13
359 360 -19
359 383 28
359 63 8
335 625 19
335 311 -13
335 336 -28
335 41 8
649 85 -19
649 651 28
649 647 -19
649 648 -19
360 362 13
360 646 -13
360 358 -28
360 60 -13
383 384 -13
383 672 -13
383 407 -19
383 86 19
63 65 -8
63 61 28
63 622 -8
63 62 -28
706 417 8
706 704 -19
706 705 28
706 708 -28
417 440 13
417 393 13
417 418 -13
417 118 8
704 138 19
704 703 13
704 702 -13
704 415 -8
705 142 -19
705 420 -13
705 681 13
705 728 -8
708 707 8
708 141 -28
708 710 -28
708 419 28
137 114 28
137 439 28
137 702 -8
137 158 -13
114 678 13
114 91 8
114 416 -28
439 438 28
439 724 -28
439 441 8
702 701 13
158 181 -13
158 463 28
158 725 -13
362 62 19
362 648 -13
362 361 -19
362 364 8
62 625 -8
62 40 8
648 624 -13
648 671 8
648 88 -28
361 65 -13
361 651 -28
361 337 19
361 385 -28
364 650 19
364 363 -8
364 64 -28
364 366 -19
329 35 13
329 619 -19
329 353 19
329 330 13
329 305 13
35 34 -28
35 33 -28
35 37 8
35 592 -19
619 621 -8
619 56 -13
619 618 19
619 617 -13
353 377 13
353 643 8
353 354 -8
353 57 -8
330 328 19
330 616 -8
330 32 13
330 332 -19
305 306 -19
305 12 8
305 281 13
305 595 8
658 656 8
658 94 19
658 657 13
658 660 19
658 369 -8
656 655 8
656 367 -13
656 92 19
94 117 -28
94 71 -13
94 95 19
94 396 -13
657 634 -13
657 372 28
657 681 -28
657 97 -13
660 371 -19
660 96 -8
660 659 28
660 662 13
369 370 -19
369 345 -28
369 393 28
369 72 -19
165 471 19
165 188 -19
165 166 -8
165 733 -13
165 143 8
471 756 -13
471 469 8
471 470 19
471 473 28
188 495 28
188 211 28
188 757 19
188 189 -28
166 468 19
166 168 28
166 164 13
166 730 -8
733 444 19
733 735 -19
733 731 19
733 732 -28
143 447 28
143 121 19
143 710 28
34 595 19
34 11 -28
34 332 -8
34 56 8
595 594 -13
595 597 19
595 593 28
11 12 28
11 571 28
11 308 -19
332 334 28
332 618 -19
332 331 8
56 79 -28
56 57 8
56 356 -28
20 18 19
20 576 28
20 22 -19
20 19 28
18 16 8
18 311 8
18 574 -19
18 17 28
576 600 -28
576 577 -28
22 315 -8
22 21 13
22 578 13
19 316 -28
19 42 -8
221 791 13
221 529 -13
221 222 19
221 198 13
221 242 -13
791 793 13
791 789 28
791 502 28
791 790 -28
529 531 -28
529 813 -19
529 528 8
529 527 -13
222 220 28
222 526 -8
222 224 19
222 788 19
198 767 19
198 505 28
198 199 8
198 175 19
242 243 8
242 814 -13
242 265 -8
242 553 8
402 404 -8
402 401 -19
402 400 19
402 100 8
402 687 8
404 102 28
404 403 13
404 406 -28
404 689 8
401 103 -19
401 377 -28
401 425 -28
401 690 -19
400 685 -28
400 398 8
400 98 -19
400 399 19
100 664 8
100 77 -8
100 123 -19
100 101 -13
687 688 -19
687 711 13
687 663 19
687 126 13
664 662 -19
664 666 28
664 663 8
664 375 19
77 78 -28
77 54 -13
77 641 8
77 378 -19
123 426 -19
123 688 28
123 124 19
123 144 19
101 103 -28
101 99 -8
101 399 19
101 661 -28
600 314 8
600 624 28
600 601 8
600 43 13
314 316 -13
314 312 13
314 17 -19
624 625 -13
624 65 28
624 338 8
601 40 13
601 599 -8
601 311 19
601 603 -13
43 41 -28
43 337 13
43 42 -13
43 45 19
794 817 -8
794 795 -28
794 770 19
794 509 8
817 841 13
817 818 -28
817 533 8
795 793 -8
795 506 28
795 225 -28
770 485 8
770 771 -8
770 746 19
509 507 19
509 202 8
509 508 -19
371 74 19
371 395 19
371 372 -19
371 347 -13
74 634 -13
74 73 28
74 76 28
74 72 28
395 419 -8
395 396 -19
395 684 -28
395 97 13
372 370 -13
372 71 -28
372 374 28
347 348 -13
347 51 -19
347 323 13
347 637 13
103 102 19
103 663 13
103 105 13
102 79 13
102 125 -13
102 666 13
663 640 8
663 378 -13
105 403 -8
105 665 8
105 107 -19
584 27 -19
584 585 28
584 608 13
584 298 13
584 560 -8
27 29 19
27 321 -28
27 26 -19
27 25 -19
585 24 -19
585 583 -28
585 587 -8
585 295 19
608 632 8
608 322 19
608 49 13
608 609 28
298 300 -28
298 296 -19
298 297 -28
298 1 -19
560 274 28
560 561 -8
560 4 -19
59 57 -13
59 61 19
59 355 13
59 58 -28
59 618 -8
57 55 -19
57 616 13
61 60 8
61 357 13
61 620 19
355 356 28
355 331 28
355 645 8
355 379 -8
58 358 8
58 621 28
58 36 8
58 81 -13
618 594 -8
618 642 -19
640 80 19
640 616 8
640 641 -28
640 354 8
80 377 -19
80 79 -28
80 82 -13
80 78 -8
616 592 -13
616 617 -28
641 351 -13
641 639 8
641 643 28
354 54 -19
354 352 8
354 356 -13
443 441 8
443 445 8
443 728 8
443 442 -8
441 138 -13
441 440 -28
441 726 8
445 444 13
445 447 8
445 730 8
445 141 -19
728 752 -8
728 729 -13
728 164 19
442 142 -19
442 419 8
442 731 28
442 466 -28
531 815 8
531 533 -28
531 223 -13
531 530 19
813 245 -28
813 790 -13
813 837 -28
813 814 8
528 504 19
528 552 -13
528 816 28
528 224 13
527 219 19
527 811 -19
527 526 -8
625 627 8
625 623 13
627 337 8
627 64 -13
627 629 8
627 626 -28
623 621 13
623 60 19
623 622 28
623 333 -8
835 266 -13
835 836 -13
835 811 -13
835 551 -19
266 268 -28
266 264 13
266 265 -13
836 548 -8
836 834 13
836 838 -19
836 263 28
811 243 28
811 812 8
811 788 -8
551 549 13
551 240 13
551 553 -8
551 550 -13
142 140 28
142 141 -28
140 703 -13
140 139 13
140 440 -19
141 163 19
141 119 13
498 195 8
498 787 19
498 499 -13
498 474 8
195 194 8
195 197 -19
195 193 -28
195 760 13
787 217 13
787 785 -19
787 789 -13
787 786 -13
499 501 -19
499 784 -8
499 497 -28
499 192 -13
474 475 -28
474 450 -28
474 172 -19
474 763 -13
444 421 19
444 468 8
447 449 8
447 732 19
447 446 13
730 707 -19
730 754 13
730 731 28
712 711 19
712 423 -13
712 710 -19
712 714 28
712 144 -19
711 147 19
711 426 13
711 734 -19
423 424 -19
423 124 8
423 399 -13
423 446 8
710 421 -13
710 709 8
714 425 -13
714 716 19
714 146 -19
714 713 -8
144 449 -19
144 167 -19
144 145 19
679 703 -19
679 394 8
679 655 -19
679 118 -19
679 680 28
703 418 19
703 726 19
394 392 28
394 92 8
394 393 -8
394 396 -13
655 370 19
655 95 13
655 632 -13
118 117 -28
118 116 8
118 120 19
680 391 13
680 682 13
680 678 8
680 115 19
194 763 -28
194 171 -28
194 501 -8
194 217 28
763 762 -8
763 765 13
763 761 28
171 172 -19
171 477 19
171 739 -28
501 500 28
501 786 -19
501 503 28
217 238 28
217 218 -28
311 312 19
311 287 28
336 334 -13
336 622 28
336 338 -28
336 38 -19
41 40 19
41 39 13
41 598 19
662 98 19
662 661 -28
662 373 28
666 377 19
666 668 13
666 665 19
375 351 28
375 78 19
375 399 -19
375 376 -8
766 790 8
766 481 28
766 767 28
766 201 13
766 742 13
790 224 -19
790 505 -8
481 479 13
481 480 -28
481 483 13
481 175 8
767 478 -19
767 769 -8
767 765 -19
201 504 -8
201 200 13
201 203 -13
201 199 13
742 743 -28
742 178 28
742 719 -28
742 457 -8
40 338 -19
40 17 13
338 337 19
338 340 -8
17 577 28
751 462 -19
751 749 19
751 753 19
751 750 28
751 182 -19
462 438 -19
462 486 8
462 463 13
462 160 -19
749 181 -13
749 748 -8
753 752 19
753 464 -28
753 755 13
753 184 19
750 185 -13
750 465 8
750 774 28
750 726 19
182 205 -13
182 489 -28
182 159 19
182 183 -13
262 261 -28
262 264 -28
262 260 28
262 831 13
261 238 -13
261 834 19
264 263 28
264 833 -13
260 259 13
260 829 -13
260 258 13
831 832 19
831 547 19
377 378 -28
378 376 -28
378 380 -19
239 546 19
239 238 -19
239 241 -28
784 760 28
784 218 -8
784 785 8
808 520 8
808 806 28
808 810 -8
808 237 19
109 407 19
109 108 -28
109 111 -19
109 107 19
109 669 -8
407 696 8
407 431 -8
407 408 -28
108 85 28
108 410 19
108 672 13
108 131 -28
111 409 -28
111 671 8
111 113 8
111 110 28
107 405 -28
107 667 -13
107 106 8
669 646 28
669 670 8
669 384 -28
669 693 19
79 380 13
79 643 -13
380 379 28
380 665 -13
380 382 -28
643 645 13
643 642 -28
65 64 -8
65 67 -8
64 42 19
64 87 -19
67 66 13
67 626 8
67 363 28
646 622 13
646 647 -8
646 86 -19
622 598 -28
647 645 28
647 357 13
647 83 19
86 85 28
86 84 28
86 88 28
449 451 28
449 734 13
449 448 19
451 450 19
451 736 13
451 146 8
451 453 8
734 758 28
734 735 28
734 170 -13
448 147 -19
448 472 -28
448 425 19
448 737 28
440 729 13
440 464 13
393 682 -19
393 95 -19
418 420 -13
418 416 28
418 115 -13
841 557 13
841 842 13
557 555 13
557 246 -28
557 556 8
842 840 19
842 554 13
842 269 -13
147 145 8
147 149 28
147 146 -13
145 709 13
145 446 -19
149 450 19
149 713 -13
149 151 19
146 125 -13
146 169 28
504 793 28
504 505 28
504 480 -28
793 223 28
793 792 -8
505 507 -13
505 503 -19
480 456 13
480 178 -13
480 769 19
117 682 -13
117 420 8
682 681 13
682 684 -19
420 419 -19
420 422 -8
718 429 -28
718 720 19
718 717 -19
718 150 -19
718 716 -19
429 405 -28
429 130 19
429 452 19
720 152 -8
720 431 28
720 719 -28
720 721 13
717 153 -19
717 432 -13
717 693 19
717 740 13
150 455 8
150 129 13
150 173 -28
150 151 19
716 715 8
716 427 13
507 792 28
507 200 13
507 506 -8
792 768 -19
792 226 -8
792 815 28
200 223 19
200 769 19
200 177 -13
506 203 -19
506 530 8
506 482 19
685 661 28
685 686 -8
685 709 -28
685 124 -13
661 376 8
661 638 28
686 684 -28
686 397 -8
686 688 13
686 121 8
709 424 28
709 732 13
124 126 13
124 122 -28
223 244 13
223 224 19
769 768 -13
769 771 19
177 178 -19
177 745 19
177 154 28
177 483 19
512 488 19
512 536 -28
512 208 8
512 801 19
512 513 -28
488 185 19
488 777 28
488 489 28
488 464 -28
536 537 -28
536 824 8
536 230 -8
208 207 8
208 210 -8
208 206 8
208 774 28
801 799 28
801 800 -19
801 802 -19
513 511 -8
513 515 -19
513 798 -19
513 205 8
349 53 -19
349 639 -13
349 350 28
349 325 -8
349 373 13
53 55 -19
53 51 13
53 612 -28
53 52 -13
639 75 -19
639 637 -19
639 638 28
350 352 -13
350 636 8
350 348 28
350 50 -8
325 326 -19
325 301 8
325 615 13
325 31 8
373 374 -8
373 397 -13
373 76 -19
185 183 28
185 187 28
185 184 28
183 748 19
183 486 19
187 752 -19
187 490 19
187 186 8
187 189 -13
184 161 -8
184 207 -8
184 491 -8
546 834 -28
546 547 -28
834 833 13
834 832 -8
547 549 -19
547 545 -13
547 237 -28
268 270 -28
268 267 19
268 837 -13
270 269 -28
270 839 19
267 244 -13
267 840 -13
837 553 -28
837 838 -8
351 352 8
351 55 8
351 327 -13
352 52 -28
352 638 13
55 54 -13
55 614 -28
327 328 8
327 33 19
327 303 19
327 617 28
304 302 -13
304 590 -13
304 306 -13
304 7 28
304 303 13
302 301 -28
302 300 28
302 588 -19
302 5 -19
590 33 -13
590 566 -19
590 614 19
590 591 -19
306 308 28
306 592 -19
306 9 -19
7 30 8
7 8 19
7 567 28
303 279 19
303 10 -8
303 593 8
238 549 19
238 810 -19
549 548 -28
549 833 -13
810 812 -13
810 809 8
384 386 28
384 382 8
384 83 -8
672 671 8
672 674 8
672 670 -13
548 524 19
548 241 -13
524 500 28
524 220 -28
524 812 -28
241 243 19
241 809 -8
241 240 -8
245 552 -19
245 244 19
245 247 -13
245 243 -19
814 816 -28
814 812 -19
814 526 8
85 386 -28
386 671 19
386 388 28
386 385 8
391 415 -28
391 93 -13
391 392 28
391 367 -19
415 438 -28
415 116 28
415 416 -8
93 654 -28
93 95 13
93 92 19
392 91 19
392 677 -13
367 368 -19
367 343 19
367 70 -28
479 173 -8
479 764 19
479 477 8
479 478 -28
173 196 -28
173 174 -19
173 741 -13
764 788 -19
764 740 -13
764 765 -19
764 199 28
477 762 19
477 475 13
477 476 -19
478 454 28
478 176 28
478 502 8
799 228 28
799 510 28
799 797 28
799 798 -13
228 537 -19
228 249 28
228 205 -19
510 511 -28
510 206 13
510 486 13
510 534 -28
797 227 8
797 796 8
798 230 -19
798 821 28
798 774 -8
519 518 8
519 803 -13
519 517 19
519 211 -19
518 214 13
518 542 -13
518 806 -13
518 494 28
803 804 13
803 780 -8
803 827 19
803 236 19
517 209 -28
517 516 -28
517 515 19
211 781 -8
211 233 19
211 212 -13
681 120 -19
681 396 -28
684 119 -19
684 683 19
356 358 8
356 642 8
331 621 -19
331 307 -13
331 37 -28
645 81 19
645 644 8
379 82 19
379 403 -13
379 668 -19
358 644 13
358 357 -8
644 84 -13
644 620 -19
644 667 28
357 333 19
357 381 -8
701 416 8
701 724 -19
701 139 13
701 677 13
724 748 28
724 725 -8
724 160 28
139 438 -8
139 138 -19
677 678 -8
677 116 28
677 654 28
552 840 8
552 553 -13
840 839 13
840 838 -28
553 555 13
161 729 28
161 162 13
161 467 19
729 727 8
729 731 -19
162 464 -13
162 164 -13
162 160 28
162 726 -13
467 469 13
467 752 -28
467 465 13
467 466 19
310 13 8
310 308 -8
310 596 19
310 312 19
310 309 -28
13 36 19
13 573 -28
13 14 -28
308 594 19
308 307 8
596 39 28
596 572 -19
596 620 8
596 597 28
312 598 -13
312 15 19
309 16 28
309 285 8
309 599 19
309 333 -8
555 554 8
555 244 -28
555 839 -19
554 247 -8
554 530 -13
244 816 -28
839 815 -8
413 414 19
413 437 -8
413 389 -13
414 699 28
414 112 8
414 412 -28
437 460 -8
389 390 -28
389 365 28
816 815 -13
816 818 -8
577 575 28
577 287 28
16 15 -13
16 14 19
16 572 13
15 575 13
15 38 19
14 307 8
14 12 13
14 570 28
572 286 8
572 573 -8
247 815 13
247 246 -13
246 225 -8
246 818 -28
246 269 -8
398 96 8
398 396 -8
398 397 13
398 683 13
96 73 19
96 97 28
96 119 8
397 99 -13
397 421 -13
683 707 13
683 122 -19
683 659 -19
73 374 19
73 637 8
73 50 8
97 99 8
97 95 19
119 120 8
119 422 13
581 291 28
581 21 8
581 580 -19
578 602 -19
578 292 28
485 179 19
485 484 -8
485 483 28
179 747 -19
179 202 -13
179 180 28
179 156 8
484 460 -13
484 508 19
483 768 -8
483 482 13
82 81 13
82 84 -13
82 642 13
81 382 13
84 381 -13
84 83 -13
642 665 -19
98 121 13
98 75 -8
98 99 -13
121 424 28
121 122 13
75 376 -13
75 76 -19
75 52 19
99 659 -13
54 617 13
54 32 -8
614 328 28
614 615 8
614 638 8
809 786 -8
809 833 28
291 292 19
291 315 -19
292 294 28
315 316 -19
315 605 28
315 339 28
621 620 8
620 334 -28
438 727 8
727 725 8
727 159 -19
727 726 -19
138 115 -13
138 159 -28
115 116 19
115 92 19
159 465 -19
159 160 13
650 651 -28
650 626 8
650 673 8
650 90 28
363 339 -8
363 387 -8
363 653 19
366 652 8
366 66 -8
366 365 -19
707 422 -19
422 424 -19
422 421 8
659 374 -28
659 636 13
316 602 19
316 318 -19
602 626 8
602 45 19
602 603 -28
318 21 -13
318 604 13
318 317 13
42 603 13
42 340 28
36 597 -28
36 334 -8
36 37 -13
597 307 -19
597 599 28
334 333 8
37 39 19
37 594 28
747 745 -8
747 458 13
747 746 8
745 743 19
745 456 -13
745 744 -28
458 482 -19
458 435 -8
458 459 8
458 157 -13
746 722 28
746 461 -19
21 44 13
125 428 19
125 126 19
125 690 -13
257 258 13
257 235 -8
257 830 19
258 827 19
258 256 -13
235 213 -13
235 545 28
235 806 28
235 236 -13
830 828 -19
830 829 -19
830 542 -28
830 832 28
214 213 19
214 216 -19
214 212 -28
214 780 -28
213 783 -28
213 190 -19
216 520 -8
216 782 19
216 218 -19
212 516 13
212 778 -19
212 210 -8
780 495 28
780 756 19
780 781 19
785 783 13
785 496 -8
789 500 19
789 788 13
789 219 13
786 220 -13
786 762 -19
460 461 -28
461 156 -19
461 459 -13
60 83 8
60 38 8
533 532 28
533 225 -28
530 226 -8
530 818 -19
629 66 13
629 339 8
629 628 -28
626 340 8
288 287 -28
288 286 -19
288 574 8
286 284 -8
286 285 -8
574 575 -28
574 598 19
421 122 -8
468 469 8
468 492 19
468 757 -8
500 197 8
500 476 8
197 762 -13
197 196 -28
197 199 19
476 452 -13
476 174 19
476 765 19
828 540 -8
828 255 -19
828 827 -13
828 826 8
540 516 13
540 234 -13
540 541 -19
255 256 -8
255 233 -13
827 543 8
826 253 -13
826 825 -28
826 824 -28
826 538 8
668 667 -13
668 670 -28
665 689 28
768 744 19
768 203 19
744 180 -8
744 459 -28
203 202 8
328 326 28
328 30 19
326 324 -19
326 28 13
326 612 8
30 52 19
30 31 19
30 591 -8
33 31 -8
33 32 19
31 29 -28
31 588 13
32 9 19
32 593 -19
263 240 28
220 218 -19
220 219 -19
219 196 19
219 240 -19
299 275 -28
299 300 13
299 589 13
299 323 -13
299 6 28
275 276 -28
275 565 -19
300 3 13
300 586 -28
589 28 13
589 591 -13
589 588 13
589 587 8
323 324 13
323 29 -13
323 613 -28
6 8 -19
6 5 28
6 4 13
6 562 -8
370 69 19
370 368 -28
69 92 13
69 47 -28
69 70 -28
69 633 19
368 654 13
368 68 19
66 44 19
66 89 13
637 636 28
637 635 13
638 78 8
294 293 19
294 580 -8
293 317 13
580 604 -28
482 771 -28
482 180 -19
832 259 28
832 544 -8
202 225 -13
202 771 13
225 226 28
514 515 -19
514 490 19
514 210 -19
514 538 -13
514 802 28
515 207 28
515 800 -13
490 779 -19
490 466 -28
490 491 13
210 209 28
210 776 19
538 539 -19
538 232 -8
802 231 -28
802 804 -28
333 39 -13
279 280 28
279 569 -19
10 9 -8
10 8 -19
10 566 -28
10 12 28
593 592 19
593 591 -28
39 38 -8
38 599 13
592 568 8
9 569 28
569 567 13
569 571 -19
569 568 28
226 224 -19
605 604 28
605 44 -19
605 603 28
604 628 19
44 342 13
44 45 28
573 575 -19
573 283 -8
573 571 8
454 743 13
454 153 -28
454 455 -19
454 431 13
176 178 13
176 174 -13
176 740 -13
176 175 28
502 503 13
502 199 -28
502 526 8
575 285 13
78 76 -8
76 636 -8
456 433 -19
456 155 8
456 457 -19
178 180 28
434 432 -8
434 719 13
434 433 28
434 131 -13
434 436 -28
432 431 28
432 129 -28
719 695 28
719 155 -19
433 409 -8
433 721 -28
433 134 -19
131 152 -28
131 696 19
131 132 -13
436 435 -8
436 133 -28
542 543 -28
542 236 28
806 805 19
806 804 13
494 783 -28
494 495 -13
494 191 8
494 470 -13
838 265 -8
838 550 19
520 544 8
520 496 19
544 545 28
496 497 8
496 472 -19
496 193 19
381 405 13
381 670 19
381 382 -13
654 630 -19
630 631 13
630 344 -19
630 606 19
630 70 28
598 599 8
632 346 -19
632 72 -13
632 633 -13
743 175 8
743 741 8
175 152 -19
741 739 -19
741 452 -13
741 740 -13
508 532 19
23 583 19
23 46 -13
23 320 -19
23 0 28
583 582 8
46 68 28
46 344 19
46 607 -8
320 319 8
320 606 13
320 322 28
0 296 -13
0 559 28
253 254 -19
253 231 19
254 823 -28
254 252 -13
254 256 -28
231 209 19
231 232 -13
231 541 28
83 106 13
783 782 -19
783 781 8
782 805 28
782 758 28
782 497 28
781 779 -28
781 492 -8
209 779 -28
209 186 28
779 778 19
779 777 19
186 493 28
186 163 28
186 755 -13
651 653 19
651 87 -28
653 652 -13
653 89 19
87 388 -19
87 110 28
87 88 -13
617 615 8
526 550 -8
284 283 8
284 570 -19
284 282 -19
283 307 28
570 594 -19
570 571 -13
282 281 -8
282 568 28
282 280 -13
823 824 -28
823 539 -28
823 800 -8
824 251 -8
824 822 -13
539 537 19
539 229 -19
539 541 19
800 776 -19
800 232 19
722 723 13
324 26 13
324 322 13
324 610 -28
26 3 8
26 587 -8
322 24 28
322 321 13
610 634 -8
610 611 -8
610 51 13
610 586 19
243 550 -28
29 586 -19
29 28 -28
586 562 -19
586 587 -28
28 5 8
28 50 -13
190 497 19
190 167 -19
190 759 13
190 191 13
612 636 -28
612 613 -8
612 588 -28
259 237 -8
762 738 19
788 503 -13
340 342 -13
340 339 -19
68 631 8
68 91 -19
631 633 -8
634 348 19
634 635 -13
348 346 -28
635 345 19
635 71 28
635 633 28
829 545 19
829 805 28
545 543 -13
495 497 -28
495 493 -13
493 778 19
493 492 -13
493 491 -28
301 8 -13
301 591 -28
301 277 -8
8 564 -8
277 567 -19
277 278 13
71 72 28
374 376 28
537 535 -13
537 821 13
535 227 -13
535 534 8
821 252 -19
821 822 13
24 1 13
24 47 -28
24 25 -13
587 297 -8
295 319 -8
295 296 -8
295 2 8
295 271 28
50 51 -8
50 613 19
695 410 13
695 671 -19
695 134 19
695 696 19
410 409 19
410 408 -19
410 412 8
134 133 -8
134 136 13
134 132 28
696 694 13
696 698 -8
192 169 19
192 761 -19
192 193 -13
516 492 8
516 804 13
492 189 -8
804 233 -19
193 758 28
193 191 -13
760 475 13
760 736 -13
760 761 -19
273 274 -8
273 297 19
273 563 -13
274 276 28
274 272 13
297 321 19
297 4 -28
563 562 19
563 565 19
563 561 -28
563 3 8
765 196 28
12 568 -28
281 571 -19
346 344 28
346 47 -8
346 345 -8
344 343 -8
47 609 8
47 48 19
345 49 28
345 321 -13
543 233 -13
543 541 -13
233 234 19
541 825 19
409 385 28
409 698 -28
721 154 28
721 723 -19
435 411 -13
435 723 13
435 136 -19
133 698 -8
133 110 19
133 154 13
812 240 13
778 754 19
754 469 28
754 755 -19
754 189 -8
698 700 -19
698 697 13
110 412 13
110 674 8
154 459 -8
154 155 13
511 204 13
511 796 28
205 206 -19
205 775 8
280 278 13
280 566 -28
819 250 8
819 796 -28
819 820 13
250 252 8
250 249 28
796 772 -8
820 248 -28
820 822 8
457 152 -8
457 455 -28
457 459 28
52 615 -8
319 25 8
319 609 28
319 343 19
25 582 -19
609 611 13
609 607 8
343 633 13
343 48 13
431 132 19
408 693 13
408 406 19
408 106 28
1 2 28
1 561 19
256 825 -28
758 473 -19
758 759 -13
88 385 -8
88 90 19
566 567 28
606 582 13
606 607 -19
606 48 -28
70 72 -8
615 613 -8
613 611 8
341 365 13
341 342 8
341 317 -13
342 628 -19
5 565 28
156 135 13
156 723 13
156 157 8
699 700 -8
699 675 -13
112 135 -8
112 113 -28
112 676 19
112 89 -13
412 411 8
412 697 -28
756 191 -8
756 732 13
756 757 8
191 189 8
732 168 -19
757 755 28
757 759 28
252 251 -13
251 229 -8
153 152 -28
153 151 -13
153 155 -28
455 740 19
455 453 -19
470 168 -8
470 446 -8
470 759 -13
419 120 -13
167 168 8
167 735 -19
167 473 8
759 761 19
738 739 19
738 174 -19
738 453 13
738 715 28
230 229 -28
230 232 -13
229 207 19
207 777 -19
45 339 13
236 234 8
469 163 28
163 164 28
163 731 -19
132 130 -13
132 693 13
503 196 -13
276 562 -8
276 278 -28
565 564 -19
565 567 19
49 51 8
49 48 8
321 611 8
3 4 -19
403 427 -8
427 450 -8
427 428 -8
4 2 -13
411 113 -13
411 700 -8
411 387 28
136 135 -8
136 697 -13
777 776 -28
777 775 8
135 700 -8
475 473 28
475 169 -13
473 472 19
169 170 -19
169 737 19
752 776 -19
776 491 28
385 674 13
775 773 -19
775 486 -19
775 774 -13
450 739 19
739 737 19
155 157 8
466 164 28
466 755 -8
491 489 -28
172 174 -19
172 170 -13
172 736 8
170 168 -8
170 472 -8
736 737 19
736 713 8
472 761 8
822 249 13
822 534 -19
232 234 -13
296 582 19
582 558 -13
564 278 28
564 588 19
424 426 13
426 428 13
426 425 -28
204 773 8
204 181 13
204 227 28
405 694 -13
405 406 -19
694 693 -28
694 129 -8
406 691 28
735 446 28
735 737 19
390 388 19
390 89 19
390 675 -28
388 673 8
388 387 -28
89 90 -28
675 652 -28
675 676 -19
773 772 -28
772 206 -19
772 748 28
772 487 -13
715 691 -13
715 151 -19
428 713 -13
532 556 13
130 129 19
130 691 -19
129 106 19
691 667 13
697 673 -8
272 558 -19
272 271 -19
248 227 19
113 673 13
387 90 -13
387 676 -13
452 151 28
452 453 19
673 674 13
674 676 -8
106 670 28
558 559 -19
558 2 8
559 561 19
628 652 -13
271 561 28
399 688 -13
425 126 -13
688 690 8
486 487 -8
667 382 19
748 463 19
487 489 13
487 181 -28
774 489 19
689 713 -13
689 690 -28
464 465 8
120 122 -13
465 463 19
