127 692 -13
127 148 -13
127 430 13
127 128 -13
127 104 13
692 403 -13
692 691 13
692 694 19
692 690 28
148 171 -8
148 149 -28
148 453 28
148 716 13
430 432 -19
430 429 13
430 715 8
430 428 8
128 130 -8
128 427 19
128 126 8
128 689 -13
104 105 -28
104 406 -13
104 668 13
104 81 19
523 215 -8
523 521 -19
523 522 19
523 525 8
523 807 -28
215 216 28
215 192 8
215 785 13
215 237 -8
521 519 19
521 520 28
521 213 -8
521 805 28
522 498 8
522 546 -8
522 810 8
522 218 -19
525 217 28
525 527 -28
525 809 -13
525 524 -28
807 239 -28
807 784 28
807 831 -28
807 808 8
289 290 19
289 313 -13
289 579 19
290 576 -13
290 288 -8
290 292 -28
313 20 8
313 603 28
313 337 -19
313 314 -8
579 577 28
579 19 19
579 581 -8
579 578 -19
359 335 -28
359 649 -8
359 360 13
359 383 -13
359 63 8
335 625 13
335 311 19
335 336 19
335 41 -8
649 85 -28
649 651 13
649 647 8
649 648 13
360 362 28
360 646 -19
360 358 -8
360 60 28
383 384 -19
383 672 19
383 407 -28
383 86 28
63 65 -19
63 61 28
63 622 -19
63 62 -8
706 417 -8
706 704 28
706 705 -8
706 708 -19
417 440 28
417 393 -19
417 418 -8
417 118 -28
704 138 8
704 703 8
704 702 13
704 415 19
705 142 -28
705 420 8
705 681 -8
705 728 -19
708 707 28
708 141 13
708 710 19
708 419 28
137 114 -13
137 439 -28
137 702 -13
137 158 -8
114 678 -13
114 91 19
114 416 -8
439 438 -28
439 724 28
439 441 19
702 701 19
158 181 -8
158 463 8
158 725 -19
362 62 19
362 648 19
362 361 -8
362 364 8
62 625 -28
62 40 -19
648 624 13
648 671 -8
648 88 8
361 65 13
361 651 -8
361 337 -13
361 385 -28
364 650 13
364 363 -19
364 64 -8
364 366 -13
329 35 -13
329 619 -28
329 353 -28
329 330 -19
329 305 13
35 34 -13
35 33 28
35 37 -28
35 592 19
619 621 28
619 56 -13
619 618 13
619 617 -28
353 377 -13
353 643 -19
353 354 -28
353 57 28
330 328 -13
330 616 8
330 32 13
330 332 19
305 306 19
305 12 13
305 281 13
305 595 -28
658 656 8
658 94 13
658 657 -28
658 660 8
658 369 19
656 655 19
656 367 -8
656 92 28
94 117 28
94 71 28
94 95 -19
94 396 13
657 634 19
657 372 -28
657 681 -13
657 97 8
660 371 13
660 96 28
660 659 -13
660 662 -13
369 370 -28
369 345 8
369 393 28
369 72 -13
165 471 -8
165 188 8
165 166 28
165 733 -13
165 143 8
471 756 -8
471 469 28
471 470 -8
471 473 -19
188 495 28
188 211 19
188 757 -8
188 189 -28
166 468 -8
166 168 19
166 164 8
166 730 -8
733 444 -13
733 735 8
733 731 -28
733 732 28
143 447 28
143 121 13
143 710 -28
34 595 13
34 11 19
34 332 -8
34 56 28
595 594 8
595 597 -13
595 593 -19
11 12 8
11 571 -19
11 308 -13
332 334 28
332 618 28
332 331 19
56 79 19
56 57 19
56 356 -19
20 18 -8
20 576 -19
20 22 -8
20 19 -28
18 16 19
18 311 -13
18 574 -8
18 17 19
576 600 -28
576 577 8
22 315 13
22 21 -13
22 578 13
19 316 19
19 42 -8
221 791 -19
221 529 -8
221 222 13
221 198 19
221 242 -8
791 793 -19
791 789 -28
791 502 8
791 790 -13
529 531 -28
529 813 28
529 528 -8
529 527 -28
222 220 -28
222 526 -13
222 224 28
222 788 -13
198 767 -19
198 505 -13
198 199 19
198 175 -28
242 243 -28
242 814 28
242 265 8
242 553 8
402 404 -19
402 401 -8
402 400 -19
402 100 -19
402 687 -8
404 102 -28
404 403 28
404 406 -19
404 689 28
401 103 13
401 377 -13
401 425 8
401 690 -13
400 685 13
400 398 -13
400 98 8
400 399 8
100 664 -19
100 77 8
100 123 19
100 101 -13
687 688 -8
687 711 -8
687 663 -13
687 126 13
664 662 19
664 666 8
664 663 19
664 375 -28
77 78 -28
77 54 19
77 641 8
77 378 28
123 426 -28
123 688 8
123 124 -13
123 144 -19
101 103 28
101 99 28
101 399 -28
101 661 -8
600 314 -13
600 624 -28
600 601 -19
600 43 -13
314 316 -19
314 312 8
314 17 19
624 625 -19
624 65 -19
624 338 -28
601 40 13
601 599 -19
601 311 19
601 603 -28
43 41 8
43 337 19
43 42 -13
43 45 28
794 817 8
794 795 13
794 770 13
794 509 -19
817 841 -13
817 818 28
817 533 19
795 793 -13
795 506 28
795 225 -28
770 485 28
770 771 -13
770 746 -8
509 507 28
509 202 8
509 508 -19
371 74 8
371 395 -13
371 372 -19
371 347 -13
74 634 -19
74 73 19
74 76 -28
74 72 13
395 419 -28
395 396 19
395 684 -8
395 97 8
372 370 -13
372 71 -19
372 374 -13
347 348 28
347 51 -8
347 323 -19
347 637 -28
103 102 -13
103 663 13
103 105 -28
102 79 8
102 125 28
102 666 13
663 640 28
663 378 -13
105 403 -8
105 665 -8
105 107 -28
584 27 8
584 585 -13
584 608 19
584 298 -8
584 560 8
27 29 -19
27 321 -8
27 26 8
27 25 13
585 24 -28
585 583 -19
585 587 13
585 295 28
608 632 8
608 322 -13
608 49 -8
608 609 -28
298 300 13
298 296 -28
298 297 -28
298 1 -8
560 274 8
560 561 28
560 4 -19
59 57 -8
59 61 28
59 355 -13
59 58 19
59 618 28
57 55 -13
57 616 -13
61 60 -28
61 357 -28
61 620 19
355 356 -28
355 331 -19
355 645 19
355 379 -28
58 358 -13
58 621 -13
58 36 19
58 81 28
618 594 8
618 642 -19
640 80 -13
640 616 -13
640 641 -8
640 354 -13
80 377 -13
80 79 28
80 82 -13
80 78 19
616 592 8
616 617 8
641 351 19
641 639 -8
641 643 -8
354 54 19
354 352 13
354 356 8
443 441 19
443 445 -13
443 728 19
443 442 -19
441 138 8
441 440 28
441 726 13
445 444 13
445 447 -19
445 730 8
445 141 8
728 752 8
728 729 -28
728 164 28
442 142 -13
442 419 8
442 731 -19
442 466 -19
531 815 -13
531 533 -28
531 223 -13
531 530 -28
813 245 -28
813 790 8
813 837 19
813 814 13
528 504 19
528 552 13
528 816 8
528 224 -8
527 219 -13
527 811 -13
527 526 13
625 627 19
625 623 -19
627 337 13
627 64 19
627 629 19
627 626 19
623 621 -19
623 60 13
623 622 -8
623 333 13
835 266 -19
835 836 13
835 811 13
835 551 -19
266 268 28
266 264 19
266 265 28
836 548 -19
836 834 13
836 838 -19
836 263 19
811 243 13
811 812 28
811 788 -13
551 549 28
551 240 19
551 553 19
551 550 19
142 140 19
142 141 -28
140 703 -13
140 139 -28
140 440 -8
141 163 -8
141 119 19
498 195 -13
498 787 8
498 499 -28
498 474 13
195 194 13
195 197 -28
195 193 28
195 760 -19
787 217 -13
787 785 28
787 789 19
787 786 13
499 501 -19
499 784 28
499 497 -13
499 192 -8
474 475 13
474 450 -13
474 172 -8
474 763 28
444 421 -28
444 468 28
447 449 13
447 732 -19
447 446 -13
730 707 13
730 754 -13
730 731 -13
712 711 -13
712 423 19
712 710 -13
712 714 19
712 144 19
711 147 -13
711 426 -19
711 734 13
423 424 -19
423 124 -19
423 399 13
423 446 -28
710 421 28
710 709 28
714 425 -28
714 716 19
714 146 19
714 713 19
144 449 -13
144 167 -8
144 145 -19
679 703 8
679 394 19
679 655 8
679 118 28
679 680 -8
703 418 19
703 726 -8
394 392 -13
394 92 19
394 393 13
394 396 -28
655 370 -8
655 95 28
655 632 -28
118 117 28
118 116 -28
118 120 -19
680 391 19
680 682 8
680 678 -28
680 115 -13
194 763 -28
194 171 -8
194 501 -28
194 217 -8
763 762 28
763 765 -8
763 761 8
171 172 -8
171 477 -28
171 739 -19
501 500 -8
501 786 28
501 503 -13
217 238 -13
217 218 -13
311 312 -8
311 287 -28
336 334 13
336 622 28
336 338 -28
336 38 -19
41 40 -13
41 39 8
41 598 -19
662 98 -8
662 661 28
662 373 13
666 377 -28
666 668 -13
666 665 19
375 351 13
375 78 -19
375 399 19
375 376 28
766 790 -8
766 481 8
766 767 -8
766 201 13
766 742 -13
790 224 13
790 505 -28
481 479 19
481 480 -19
481 483 -8
481 175 28
767 478 -28
767 769 -8
767 765 19
201 504 -13
201 200 -19
201 203 -19
201 199 13
742 743 19
742 178 8
742 719 13
742 457 -28
40 338 28
40 17 -8
338 337 28
338 340 -19
17 577 -28
751 462 19
751 749 -28
751 753 13
751 750 8
751 182 -28
462 438 19
462 486 -28
462 463 -19
462 160 -28
749 181 19
749 748 -28
753 752 13
753 464 -19
753 755 -28
753 184 -19
750 185 8
750 465 8
750 774 8
750 726 -19
182 205 13
182 489 8
182 159 -19
182 183 19
262 261 13
262 264 -28
262 260 8
262 831 -28
261 238 -28
261 834 19
264 263 -19
264 833 13
260 259 -13
260 829 19
260 258 13
831 832 -19
831 547 28
377 378 13
378 376 28
378 380 -13
239 546 -13
239 238 -28
239 241 13
784 760 19
784 218 28
784 785 -8
808 520 8
808 806 8
808 810 28
808 237 19
109 407 28
109 108 -28
109 111 -19
109 107 13
109 669 -8
407 696 28
407 431 -19
407 408 -13
108 85 13
108 410 28
108 672 -13
108 131 8
111 409 -8
111 671 13
111 113 -13
111 110 -28
107 405 28
107 667 -19
107 106 19
669 646 28
669 670 8
669 384 19
669 693 -28
79 380 -19
79 643 28
380 379 -8
380 665 19
380 382 28
643 645 8
643 642 -13
65 64 -19
65 67 -28
64 42 -28
64 87 19
67 66 8
67 626 -19
67 363 19
646 622 28
646 647 8
646 86 13
622 598 -8
647 645 -28
647 357 8
647 83 19
86 85 13
86 84 -13
86 88 28
449 451 19
449 734 -28
449 448 19
451 450 28
451 736 -28
451 146 13
451 453 -28
734 758 -13
734 735 -8
734 170 -13
448 147 19
448 472 19
448 425 28
448 737 -13
440 729 19
440 464 28
393 682 8
393 95 -8
418 420 -19
418 416 -19
418 115 13
841 557 28
841 842 -13
557 555 -19
557 246 19
557 556 -13
842 840 -13
842 554 -8
842 269 28
147 145 8
147 149 -19
147 146 -19
145 709 28
145 446 -19
149 450 28
149 713 -28
149 151 13
146 125 -28
146 169 -13
504 793 19
504 505 13
504 480 -8
793 223 19
793 792 19
505 507 -8
505 503 -13
480 456 8
480 178 -19
480 769 -8
117 682 8
117 420 13
682 681 -28
682 684 19
420 419 13
420 422 19
718 429 13
718 720 -13
718 717 28
718 150 -28
718 716 -28
429 405 19
429 130 -28
429 452 -8
720 152 19
720 431 13
720 719 13
720 721 13
717 153 8
717 432 -13
717 693 19
717 740 19
150 455 8
150 129 13
150 173 -8
150 151 19
716 715 19
716 427 -28
507 792 8
507 200 28
507 506 -19
792 768 28
792 226 -28
792 815 28
200 223 -13
200 769 13
200 177 -19
506 203 -28
506 530 13
506 482 8
685 661 28
685 686 -19
685 709 13
685 124 28
661 376 -19
661 638 -19
686 684 -19
686 397 28
686 688 19
686 121 8
709 424 8
709 732 13
124 126 -8
124 122 -28
223 244 -8
223 224 28
769 768 -13
769 771 28
177 178 19
177 745 -28
177 154 -28
177 483 -28
512 488 28
512 536 13
512 208 28
512 801 -28
512 513 -8
488 185 13
488 777 13
488 489 13
488 464 8
536 537 -8
536 824 13
536 230 13
208 207 13
208 210 28
208 206 -8
208 774 13
801 799 19
801 800 -8
801 802 8
513 511 8
513 515 19
513 798 8
513 205 -19
349 53 19
349 639 -13
349 350 28
349 325 -28
349 373 -8
53 55 28
53 51 -8
53 612 -8
53 52 28
639 75 -13
639 637 -13
639 638 19
350 352 8
350 636 28
350 348 -13
350 50 19
325 326 -28
325 301 28
325 615 19
325 31 19
373 374 19
373 397 19
373 76 -19
185 183 13
185 187 -28
185 184 13
183 748 19
183 486 -8
187 752 28
187 490 -19
187 186 -28
187 189 13
184 161 -19
184 207 13
184 491 -19
546 834 13
546 547 19
834 833 28
834 832 -28
547 549 28
547 545 13
547 237 28
268 270 19
268 267 -13
268 837 -13
270 269 -13
270 839 28
267 244 -19
267 840 13
837 553 -19
837 838 -19
351 352 28
351 55 8
351 327 13
352 52 -28
352 638 13
55 54 -8
55 614 -28
327 328 -13
327 33 -8
327 303 -13
327 617 8
304 302 8
304 590 -13
304 306 -13
304 7 -8
304 303 -28
302 301 13
302 300 -28
302 588 -8
302 5 19
590 33 -13
590 566 -8
590 614 8
590 591 28
306 308 8
306 592 -28
306 9 19
7 30 -8
7 8 -8
7 567 -13
303 279 19
303 10 28
303 593 -13
238 549 28
238 810 -19
549 548 19
549 833 19
810 812 -13
810 809 -8
384 386 -13
384 382 -13
384 83 19
672 671 19
672 674 19
672 670 -13
548 524 -8
548 241 -13
524 500 -13
524 220 8
524 812 8
241 243 19
241 809 13
241 240 -19
245 552 -28
245 244 19
245 247 28
245 243 -13
814 816 19
814 812 13
814 526 8
85 386 8
386 671 28
386 388 19
386 385 19
391 415 19
391 93 13
391 392 -28
391 367 -28
415 438 28
415 116 8
415 416 19
93 654 19
93 95 13
93 92 -13
392 91 -19
392 677 13
367 368 -8
367 343 -28
367 70 -8
479 173 19
479 764 8
479 477 13
479 478 28
173 196 28
173 174 8
173 741 -13
764 788 -28
764 740 28
764 765 -13
764 199 -28
477 762 8
477 475 -19
477 476 -8
478 454 -13
478 176 -8
478 502 13
799 228 19
799 510 -8
799 797 -13
799 798 -28
228 537 28
228 249 28
228 205 -13
510 511 -13
510 206 -8
510 486 13
510 534 19
797 227 8
797 796 28
798 230 13
798 821 -28
798 774 -13
519 518 28
519 803 19
519 517 19
519 211 -13
518 214 8
518 542 19
518 806 8
518 494 -28
803 804 13
803 780 19
803 827 13
803 236 -28
517 209 -13
517 516 -8
517 515 -8
211 781 -28
211 233 -28
211 212 28
681 120 8
681 396 -19
684 119 -8
684 683 19
356 358 13
356 642 13
331 621 8
331 307 -19
331 37 -19
645 81 19
645 644 13
379 82 19
379 403 19
379 668 -28
358 644 13
358 357 13
644 84 19
644 620 8
644 667 28
357 333 28
357 381 -8
701 416 -8
701 724 -28
701 139 -13
701 677 19
724 748 13
724 725 -8
724 160 28
139 438 13
139 138 8
677 678 -13
677 116 -8
677 654 -13
552 840 -28
552 553 13
840 839 -19
840 838 28
553 555 19
161 729 19
161 162 -19
161 467 -8
729 727 -28
729 731 8
162 464 -8
162 164 13
162 160 13
162 726 -8
467 469 -19
467 752 -8
467 465 -28
467 466 -13
310 13 28
310 308 8
310 596 28
310 312 13
310 309 -8
13 36 -28
13 573 28
13 14 19
308 594 -8
308 307 -13
596 39 13
596 572 -19
596 620 -19
596 597 -28
312 598 -8
312 15 13
309 16 13
309 285 13
309 599 13
309 333 -19
555 554 28
555 244 19
555 839 28
554 247 -8
554 530 13
244 816 -19
839 815 -28
413 414 28
413 437 -28
413 389 -13
414 699 13
414 112 8
414 412 -19
437 460 -8
389 390 -19
389 365 19
816 815 28
816 818 -8
577 575 13
577 287 -28
16 15 13
16 14 -13
16 572 19
15 575 19
15 38 13
14 307 -13
14 12 13
14 570 28
572 286 -13
572 573 19
247 815 -13
247 246 -28
246 225 -28
246 818 28
246 269 28
398 96 19
398 396 -8
398 397 19
398 683 -8
96 73 28
96 97 -13
96 119 19
397 99 -19
397 421 13
683 707 -28
683 122 19
683 659 19
73 374 -8
73 637 13
73 50 -13
97 99 19
97 95 19
119 120 19
119 422 28
581 291 -28
581 21 13
581 580 -13
578 602 -13
578 292 13
485 179 -8
485 484 -19
485 483 -8
179 747 -8
179 202 13
179 180 28
179 156 19
484 460 8
484 508 -13
483 768 13
483 482 -19
82 81 13
82 84 -13
82 642 -13
81 382 19
84 381 8
84 83 28
642 665 -19
98 121 -19
98 75 8
98 99 28
121 424 -8
121 122 -28
75 376 28
75 76 28
75 52 -13
99 659 -28
54 617 8
54 32 8
614 328 -8
614 615 -13
614 638 -8
809 786 13
809 833 19
291 292 13
291 315 -28
292 294 28
315 316 -13
315 605 -28
315 339 -8
621 620 -13
620 334 28
438 727 -13
727 725 -8
727 159 -8
727 726 28
138 115 -19
138 159 -19
115 116 19
115 92 8
159 465 -28
159 160 -19
650 651 -13
650 626 13
650 673 28
650 90 28
363 339 -13
363 387 -13
363 653 -19
366 652 28
366 66 -8
366 365 -8
707 422 -28
422 424 13
422 421 13
659 374 28
659 636 19
316 602 -13
316 318 -19
602 626 13
602 45 8
602 603 28
318 21 13
318 604 8
318 317 -28
42 603 28
42 340 8
36 597 -19
36 334 8
36 37 -8
597 307 -19
597 599 -28
334 333 -19
37 39 -13
37 594 19
747 745 19
747 458 19
747 746 28
745 743 -19
745 456 -19
745 744 -28
458 482 8
458 435 -28
458 459 19
458 157 28
746 722 8
746 461 13
21 44 19
125 428 28
125 126 8
125 690 -19
257 258 -28
257 235 -19
257 830 28
258 827 -19
258 256 13
235 213 28
235 545 13
235 806 -19
235 236 13
830 828 28
830 829 -28
830 542 8
830 832 28
214 213 -19
214 216 -28
214 212 8
214 780 -28
213 783 -8
213 190 -19
216 520 -13
216 782 -28
216 218 -13
212 516 -19
212 778 -28
212 210 19
780 495 -28
780 756 13
780 781 -13
785 783 8
785 496 -28
789 500 -19
789 788 19
789 219 13
786 220 -19
786 762 -8
460 461 -28
461 156 -19
461 459 -28
60 83 -8
60 38 -28
533 532 8
533 225 -13
530 226 19
530 818 -8
629 66 8
629 339 -19
629 628 8
626 340 13
288 287 -8
288 286 -13
288 574 13
286 284 19
286 285 8
574 575 13
574 598 -19
421 122 13
468 469 -19
468 492 28
468 757 28
500 197 -19
500 476 13
197 762 13
197 196 -8
197 199 -19
476 452 19
476 174 8
476 765 19
828 540 8
828 255 -28
828 827 -19
828 826 -28
540 516 -19
540 234 -8
540 541 13
255 256 8
255 233 19
827 543 8
826 253 28
826 825 13
826 824 13
826 538 19
668 667 13
668 670 -8
665 689 -8
768 744 19
768 203 13
744 180 -8
744 459 28
203 202 8
328 326 -8
328 30 8
326 324 28
326 28 8
326 612 13
30 52 -19
30 31 -8
30 591 -8
33 31 28
33 32 28
31 29 -8
31 588 -8
32 9 -19
32 593 28
263 240 -28
220 218 -8
220 219 28
219 196 8
219 240 28
299 275 -28
299 300 -8
299 589 13
299 323 8
299 6 -28
275 276 -28
275 565 -28
300 3 8
300 586 13
589 28 -13
589 591 -19
589 588 -8
589 587 19
323 324 -8
323 29 28
323 613 -13
6 8 -13
6 5 8
6 4 -28
6 562 28
370 69 13
370 368 19
69 92 -19
69 47 19
69 70 28
69 633 -19
368 654 -19
368 68 28
66 44 -13
66 89 -13
637 636 13
637 635 28
638 78 19
294 293 28
294 580 19
293 317 28
580 604 -28
482 771 -13
482 180 8
832 259 8
832 544 -19
202 225 13
202 771 -8
225 226 -8
514 515 8
514 490 13
514 210 13
514 538 19
514 802 13
515 207 13
515 800 -28
490 779 28
490 466 -19
490 491 -19
210 209 -13
210 776 13
538 539 -19
538 232 -8
802 231 -8
802 804 -19
333 39 28
279 280 -13
279 569 -19
10 9 28
10 8 8
10 566 13
10 12 -8
593 592 -13
593 591 13
39 38 -13
38 599 -19
592 568 -28
9 569 28
569 567 -13
569 571 -8
569 568 -28
226 224 -8
605 604 8
605 44 19
605 603 8
604 628 19
44 342 19
44 45 -19
573 575 8
573 283 -13
573 571 -13
454 743 19
454 153 8
454 455 13
454 431 -13
176 178 -13
176 174 13
176 740 -13
176 175 -19
502 503 28
502 199 -13
502 526 -19
575 285 -19
78 76 -28
76 636 -13
456 433 8
456 155 28
456 457 -19
178 180 19
434 432 13
434 719 28
434 433 13
434 131 8
434 436 28
432 431 13
432 129 13
719 695 -13
719 155 -8
433 409 -19
433 721 28
433 134 19
131 152 19
131 696 -28
131 132 -19
436 435 13
436 133 -28
542 543 -19
542 236 -28
806 805 13
806 804 19
494 783 19
494 495 -8
494 191 28
494 470 -8
838 265 -13
838 550 -8
520 544 13
520 496 8
544 545 19
496 497 13
496 472 -19
496 193 -28
381 405 -28
381 670 -28
381 382 13
654 630 -19
630 631 13
630 344 8
630 606 19
630 70 13
598 599 -19
632 346 -28
632 72 13
632 633 19
743 175 13
743 741 -13
175 152 28
741 739 28
741 452 13
741 740 -28
508 532 -28
23 583 8
23 46 -13
23 320 -13
23 0 -8
583 582 8
46 68 8
46 344 19
46 607 -28
320 319 19
320 606 8
320 322 13
0 296 13
0 559 -8
253 254 -13
253 231 -19
254 823 -28
254 252 8
254 256 28
231 209 13
231 232 19
231 541 13
83 106 -28
783 782 -19
783 781 28
782 805 -13
782 758 28
782 497 8
781 779 28
781 492 19
209 779 -28
209 186 19
779 778 -28
779 777 19
186 493 8
186 163 -8
186 755 8
651 653 -19
651 87 -28
653 652 -28
653 89 -8
87 388 -13
87 110 -13
87 88 -28
617 615 -19
526 550 -13
284 283 8
284 570 28
284 282 -19
283 307 13
570 594 8
570 571 -19
282 281 8
282 568 13
282 280 -8
823 824 28
823 539 -28
823 800 -13
824 251 19
824 822 19
539 537 -28
539 229 28
539 541 8
800 776 -28
800 232 19
722 723 13
324 26 -28
324 322 8
324 610 28
26 3 -19
26 587 13
322 24 28
322 321 19
610 634 -13
610 611 13
610 51 13
610 586 19
243 550 -19
29 586 8
29 28 13
586 562 28
586 587 8
28 5 -19
28 50 -13
190 497 -28
190 167 -28
190 759 -13
190 191 19
612 636 8
612 613 -13
612 588 8
259 237 -19
762 738 -8
788 503 19
340 342 19
340 339 8
68 631 -28
68 91 -13
631 633 -8
634 348 -19
634 635 -19
348 346 19
635 345 -13
635 71 28
635 633 -28
829 545 -19
829 805 28
545 543 19
495 497 -13
495 493 -19
493 778 8
493 492 -13
493 491 -8
301 8 19
301 591 19
301 277 -8
8 564 -8
277 567 -19
277 278 13
71 72 -28
374 376 8
537 535 -13
537 821 19
535 227 -8
535 534 -8
821 252 -13
821 822 28
24 1 28
24 47 -13
24 25 -13
587 297 -19
295 319 -19
295 296 28
295 2 28
295 271 -13
50 51 -13
50 613 -13
695 410 -8
695 671 8
695 134 -13
695 696 28
410 409 -13
410 408 -13
410 412 -28
134 133 -8
134 136 8
134 132 28
696 694 8
696 698 19
192 169 19
192 761 19
192 193 -13
516 492 -19
516 804 -8
492 189 -8
804 233 13
193 758 28
193 191 -19
760 475 -28
760 736 -13
760 761 -28
273 274 28
273 297 -19
273 563 19
274 276 -8
274 272 -19
297 321 -28
297 4 -19
563 562 -13
563 565 19
563 561 -28
563 3 -19
765 196 -19
12 568 8
281 571 19
346 344 19
346 47 19
346 345 8
344 343 -19
47 609 8
47 48 8
345 49 28
345 321 13
543 233 8
543 541 13
233 234 8
541 825 -13
409 385 19
409 698 -28
721 154 28
721 723 13
435 411 13
435 723 -8
435 136 8
133 698 19
133 110 -19
133 154 -28
812 240 -19
778 754 -13
754 469 -13
754 755 -13
754 189 19
698 700 -13
698 697 -28
110 412 -13
110 674 -28
154 459 -19
154 155 -19
511 204 -13
511 796 13
205 206 19
205 775 -13
280 278 -19
280 566 19
819 250 19
819 796 8
819 820 8
250 252 -13
250 249 8
796 772 -19
820 248 8
820 822 8
457 152 8
457 455 -28
457 459 13
52 615 -8
319 25 -19
319 609 -19
319 343 13
25 582 19
609 611 13
609 607 -8
343 633 19
343 48 -28
431 132 -13
408 693 -28
408 406 28
408 106 -19
1 2 -28
1 561 -13
256 825 19
758 473 28
758 759 8
88 385 13
88 90 -19
566 567 19
606 582 -13
606 607 8
606 48 -13
70 72 -28
615 613 19
613 611 19
341 365 -8
341 342 28
341 317 19
342 628 -19
5 565 -19
156 135 -8
156 723 28
156 157 -13
699 700 -19
699 675 -13
112 135 -13
112 113 -28
112 676 -13
112 89 8
412 411 8
412 697 8
756 191 8
756 732 28
756 757 -8
191 189 8
732 168 -8
757 755 -13
757 759 -28
252 251 13
251 229 13
153 152 -19
153 151 19
153 155 8
455 740 -8
455 453 8
470 168 8
470 446 13
470 759 -19
419 120 13
167 168 8
167 735 -8
167 473 28
759 761 -8
738 739 -13
738 174 19
738 453 13
738 715 28
230 229 -28
230 232 -28
229 207 -28
207 777 8
45 339 -28
236 234 28
469 163 -13
163 164 -19
163 731 13
132 130 8
132 693 -8
503 196 -8
276 562 19
276 278 -13
565 564 8
565 567 8
49 51 8
49 48 -19
321 611 19
3 4 -13
403 427 -13
427 450 28
427 428 13
4 2 13
411 113 13
411 700 -19
411 387 13
136 135 8
136 697 -28
777 776 19
777 775 13
135 700 13
475 473 8
475 169 19
473 472 -19
169 170 13
169 737 -8
752 776 19
776 491 -13
385 674 13
775 773 -28
775 486 28
775 774 8
450 739 -28
739 737 -8
155 157 -28
466 164 28
466 755 28
491 489 8
172 174 -28
172 170 8
172 736 28
170 168 -8
170 472 13
736 737 -13
736 713 28
472 761 -19
822 249 28
822 534 19
232 234 19
296 582 -8
582 558 8
564 278 28
564 588 -13
424 426 28
426 428 -19
426 425 -13
204 773 -28
204 181 -8
204 227 -13
405 694 -13
405 406 8
694 693 8
694 129 19
406 691 -13
735 446 -19
735 737 -13
390 388 28
390 89 13
390 675 13
388 673 8
388 387 -28
89 90 28
675 652 -13
675 676 19
773 772 28
772 206 28
772 748 28
772 487 -13
715 691 19
715 151 -13
428 713 13
532 556 -13
130 129 -28
130 691 -28
129 106 19
691 667 28
697 673 -8
272 558 -13
272 271 13
248 227 -13
113 673 -8
387 90 28
387 676 -28
452 151 13
452 453 28
673 674 13
674 676 8
106 670 13
558 559 13
558 2 13
559 561 8
628 652 -19
271 561 -13
399 688 8
425 126 -28
688 690 13
486 487 -28
667 382 13
748 463 8
487 489 -13
487 181 -13
774 489 19
689 713 -28
689 690 -28
464 465 -28
120 122 -13
465 463 -8
