127 692 19
127 148 -19
127 430 -19
127 128 -13
127 104 28
692 403 28
692 691 28
692 694 -8
692 690 8
148 171 -8
148 149 19
148 453 8
148 716 -19
430 432 19
430 429 28
430 715 -19
430 428 -8
128 130 8
128 427 19
128 126 19
128 689 -28
104 105 -19
104 406 -13
104 668 -8
104 81 -28
523 215 28
523 521 19
523 522 19
523 525 13
523 807 -13
215 216 -19
215 192 19
215 785 13
215 237 -13
521 519 13
521 520 -19
521 213 8
521 805 8
522 498 19
522 546 -13
522 810 -8
522 218 8
525 217 8
525 527 -19
525 809 -13
525 524 8
807 239 8
807 784 -28
807 831 8
807 808 -28
289 290 -13
289 313 13
289 579 8
290 576 -8
290 288 -8
290 292 -19
313 20 13
313 603 13
313 337 13
313 314 -19
579 577 19
579 19 -13
579 581 8
579 578 -28
359 335 19
359 649 8
359 360 8
359 383 8
359 63 8
335 625 -8
335 311 8
335 336 -19
335 41 19
649 85 13
649 651 8
649 647 19
649 648 8
360 362 28
360 646 19
360 358 28
360 60 13
383 384 -13
383 672 -28
383 407 13
383 86 -13
63 65 -8
63 61 8
63 622 -28
63 62 -19
706 417 8
706 704 -19
706 705 13
706 708 -28
417 440 -28
417 393 8
417 418 13
417 118 -19
704 138 -13
704 703 8
704 702 8
704 415 13
705 142 -19
705 420 -13
705 681 28
705 728 13
708 707 13
708 141 8
708 710 -8
708 419 13
137 114 -28
137 439 13
137 702 -13
137 158 8
114 678 -8
114 91 8
114 416 -13
439 438 -8
439 724 28
439 441 -19
702 701 28
158 181 19
158 463 19
158 725 -8
362 62 -13
362 648 13
362 361 19
362 364 13
62 625 -19
62 40 -19
648 624 -8
648 671 -13
648 88 13
361 65 -8
361 651 19
361 337 8
361 385 -13
364 650 -19
364 363 -28
364 64 -28
364 366 8
329 35 -8
329 619 28
329 353 -13
329 330 -28
329 305 -8
35 34 -19
35 33 -19
35 37 13
35 592 28
619 621 28
619 56 -19
619 618 -28
619 617 19
353 377 -8
353 643 8
353 354 28
353 57 19
330 328 -8
330 616 8
330 32 28
330 332 28
305 306 28
305 12 13
305 281 -13
305 595 -13
658 656 -13
658 94 28
658 657 -19
658 660 8
658 369 -28
656 655 -19
656 367 -13
656 92 8
94 117 8
94 71 8
94 95 13
94 396 -28
657 634 -28
657 372 -28
657 681 -28
657 97 28
660 371 -28
660 96 -13
660 659 28
660 662 -19
369 370 -19
369 345 -13
369 393 19
369 72 -13
165 471 -28
165 188 28
165 166 19
165 733 -13
165 143 -13
471 756 13
471 469 8
471 470 -13
471 473 -13
188 495 -28
188 211 -8
188 757 28
188 189 28
166 468 8
166 168 -8
166 164 13
166 730 -13
733 444 13
733 735 -13
733 731 13
733 732 -19
143 447 13
143 121 19
143 710 13
34 595 -19
34 11 -28
34 332 -28
34 56 19
595 594 -13
595 597 13
595 593 -8
11 12 -8
11 571 19
11 308 -19
332 334 -19
332 618 13
332 331 -13
56 79 19
56 57 -19
56 356 -8
20 18 8
20 576 -28
20 22 28
20 19 -28
18 16 -19
18 311 28
18 574 -19
18 17 28
576 600 -13
576 577 -13
22 315 28
22 21 13
22 578 28
19 316 -19
19 42 -28
221 791 -19
221 529 -19
221 222 13
221 198 -13
221 242 13
791 793 -13
791 789 13
791 502 -19
791 790 28
529 531 8
529 813 13
529 528 -28
529 527 13
222 220 28
222 526 -28
222 224 13
222 788 13
198 767 -19
198 505 -8
198 199 -13
198 175 13
242 243 13
242 814 -28
242 265 -28
242 553 8
402 404 28
402 401 13
402 400 -19
402 100 -8
402 687 -28
404 102 19
404 403 13
404 406 28
404 689 8
401 103 -28
401 377 13
401 425 -13
401 690 -13
400 685 8
400 398 13
400 98 -28
400 399 8
100 664 -28
100 77 13
100 123 -28
100 101 -8
687 688 -28
687 711 -19
687 663 -19
687 126 19
664 662 19
664 666 -8
664 663 13
664 375 8
77 78 8
77 54 8
77 641 -8
77 378 8
123 426 -13
123 688 8
123 124 13
123 144 13
101 103 19
101 99 -28
101 399 8
101 661 19
600 314 8
600 624 -28
600 601 -8
600 43 -19
314 316 -8
314 312 13
314 17 8
624 625 -19
624 65 13
624 338 -19
601 40 -28
601 599 13
601 311 -28
601 603 19
43 41 19
43 337 -28
43 42 -19
43 45 -28
794 817 -8
794 795 -8
794 770 19
794 509 8
817 841 -8
817 818 8
817 533 8
795 793 -19
795 506 -19
795 225 -19
770 485 13
770 771 8
770 746 19
509 507 13
509 202 -19
509 508 28
371 74 13
371 395 19
371 372 -13
371 347 -8
74 634 8
74 73 19
74 76 19
74 72 19
395 419 -19
395 396 28
395 684 19
395 97 28
372 370 13
372 71 28
372 374 -13
347 348 -19
347 51 -28
347 323 13
347 637 8
103 102 13
103 663 19
103 105 -8
102 79 -8
102 125 -19
102 666 -8
663 640 8
663 378 -13
105 403 -28
105 665 -19
105 107 -8
584 27 -8
584 585 8
584 608 -19
584 298 -8
584 560 28
27 29 8
27 321 -19
27 26 -13
27 25 13
585 24 -19
585 583 19
585 587 8
585 295 -19
608 632 -8
608 322 8
608 49 -13
608 609 8
298 300 -19
298 296 -28
298 297 19
298 1 13
560 274 -8
560 561 19
560 4 13
59 57 -13
59 61 -8
59 355 8
59 58 -13
59 618 8
57 55 -8
57 616 -8
61 60 13
61 357 8
61 620 8
355 356 28
355 331 13
355 645 19
355 379 28
58 358 -19
58 621 -8
58 36 8
58 81 19
618 594 28
618 642 28
640 80 19
640 616 19
640 641 28
640 354 -8
80 377 -8
80 79 28
80 82 -8
80 78 13
616 592 28
616 617 13
641 351 -8
641 639 -28
641 643 8
354 54 -19
354 352 28
354 356 28
443 441 8
443 445 28
443 728 13
443 442 8
441 138 -8
441 440 19
441 726 -28
445 444 28
445 447 8
445 730 -19
445 141 -28
728 752 28
728 729 -19
728 164 -8
442 142 28
442 419 28
442 731 8
442 466 8
531 815 -8
531 533 -8
531 223 -28
531 530 -19
813 245 8
813 790 -28
813 837 -19
813 814 -28
528 504 -28
528 552 -19
528 816 -8
528 224 -8
527 219 -13
527 811 19
527 526 8
625 627 8
625 623 -13
627 337 8
627 64 28
627 629 13
627 626 13
623 621 -19
623 60 -19
623 622 28
623 333 -13
835 266 19
835 836 -8
835 811 13
835 551 19
266 268 -19
266 264 8
266 265 13
836 548 19
836 834 13
836 838 8
836 263 -28
811 243 19
811 812 -13
811 788 28
551 549 -8
551 240 -28
551 553 19
551 550 13
142 140 28
142 141 28
140 703 19
140 139 19
140 440 19
141 163 -8
141 119 -28
498 195 8
498 787 8
498 499 -19
498 474 -28
195 194 -8
195 197 28
195 193 -28
195 760 -13
787 217 28
787 785 19
787 789 8
787 786 -8
499 501 -28
499 784 -28
499 497 -13
499 192 28
474 475 19
474 450 -19
474 172 19
474 763 8
444 421 -13
444 468 -13
447 449 -28
447 732 13
447 446 -8
730 707 -8
730 754 8
730 731 19
712 711 -8
712 423 -8
712 710 -8
712 714 -13
712 144 19
711 147 -13
711 426 19
711 734 8
423 424 19
423 124 13
423 399 -19
423 446 13
710 421 8
710 709 8
714 425 -8
714 716 13
714 146 8
714 713 13
144 449 8
144 167 -13
144 145 -8
679 703 -13
679 394 -19
679 655 19
679 118 13
679 680 -8
703 418 19
703 726 13
394 392 8
394 92 13
394 393 8
394 396 13
655 370 13
655 95 19
655 632 19
118 117 -8
118 116 -19
118 120 -19
680 391 -13
680 682 13
680 678 13
680 115 -8
194 763 -28
194 171 -8
194 501 8
194 217 -13
763 762 19
763 765 28
763 761 13
171 172 8
171 477 -13
171 739 13
501 500 19
501 786 -13
501 503 -13
217 238 19
217 218 -8
311 312 -28
311 287 -13
336 334 28
336 622 -28
336 338 -8
336 38 -19
41 40 19
41 39 8
41 598 -8
662 98 -13
662 661 8
662 373 -19
666 377 19
666 668 13
666 665 13
375 351 -13
375 78 13
375 399 -28
375 376 -28
766 790 -19
766 481 -19
766 767 -28
766 201 -8
766 742 -28
790 224 -19
790 505 -19
481 479 28
481 480 13
481 483 -28
481 175 -28
767 478 -13
767 769 -28
767 765 -8
201 504 -13
201 200 -28
201 203 -19
201 199 8
742 743 -8
742 178 28
742 719 -28
742 457 -8
40 338 -28
40 17 8
338 337 8
338 340 -19
17 577 13
751 462 -8
751 749 -19
751 753 13
751 750 -8
751 182 -8
462 438 19
462 486 -13
462 463 -8
462 160 -28
749 181 19
749 748 28
753 752 13
753 464 -13
753 755 -8
753 184 28
750 185 -13
750 465 8
750 774 8
750 726 13
182 205 -19
182 489 28
182 159 -19
182 183 -19
262 261 -8
262 264 28
262 260 13
262 831 -8
261 238 -19
261 834 8
264 263 -19
264 833 19
260 259 19
260 829 -19
260 258 13
831 832 13
831 547 28
377 378 -28
378 376 13
378 380 -28
239 546 -13
239 238 -8
239 241 -13
784 760 -13
784 218 -28
784 785 -13
808 520 13
808 806 -13
808 810 -13
808 237 19
109 407 8
109 108 28
109 111 -8
109 107 -19
109 669 28
407 696 19
407 431 -13
407 408 28
108 85 -19
108 410 28
108 672 -28
108 131 -13
111 409 8
111 671 -13
111 113 -13
111 110 28
107 405 13
107 667 -13
107 106 28
669 646 -13
669 670 8
669 384 -19
669 693 -13
79 380 19
79 643 -19
380 379 -8
380 665 -8
380 382 19
643 645 8
643 642 -19
65 64 19
65 67 19
64 42 -28
64 87 13
67 66 13
67 626 -8
67 363 19
646 622 19
646 647 28
646 86 8
622 598 -8
647 645 28
647 357 -19
647 83 8
86 85 -13
86 84 19
86 88 8
449 451 8
449 734 8
449 448 8
451 450 19
451 736 19
451 146 -13
451 453 28
734 758 19
734 735 8
734 170 19
448 147 13
448 472 13
448 425 19
448 737 8
440 729 -28
440 464 19
393 682 19
393 95 -19
418 420 -8
418 416 -8
418 115 -13
841 557 13
841 842 13
557 555 13
557 246 -13
557 556 28
842 840 8
842 554 -13
842 269 -19
147 145 -28
147 149 -28
147 146 -13
145 709 -19
145 446 -19
149 450 19
149 713 19
149 151 28
146 125 -8
146 169 -28
504 793 -13
504 505 -19
504 480 -19
793 223 -19
793 792 8
505 507 19
505 503 -13
480 456 28
480 178 8
480 769 28
117 682 -13
117 420 -19
682 681 28
682 684 -19
420 419 8
420 422 28
718 429 19
718 720 -13
718 717 -28
718 150 8
718 716 13
429 405 -19
429 130 28
429 452 8
720 152 13
720 431 13
720 719 19
720 721 28
717 153 28
717 432 -28
717 693 -28
717 740 8
150 455 -13
150 129 8
150 173 13
150 151 8
716 715 19
716 427 8
507 792 8
507 200 13
507 506 28
792 768 19
792 226 8
792 815 -8
200 223 19
200 769 19
200 177 -8
506 203 19
506 530 13
506 482 -19
685 661 -8
685 686 19
685 709 -19
685 124 13
661 376 -28
661 638 28
686 684 8
686 397 28
686 688 -13
686 121 28
709 424 -13
709 732 19
124 126 13
124 122 -19
223 244 13
223 224 13
769 768 -8
769 771 -13
177 178 -28
177 745 28
177 154 -19
177 483 -13
512 488 -19
512 536 -13
512 208 -28
512 801 -28
512 513 8
488 185 -13
488 777 19
488 489 -19
488 464 -13
536 537 8
536 824 -28
536 230 28
208 207 -13
208 210 28
208 206 -19
208 774 -28
801 799 -19
801 800 8
801 802 19
513 511 8
513 515 19
513 798 8
513 205 -19
349 53 28
349 639 -19
349 350 19
349 325 -19
349 373 -19
53 55 -19
53 51 -13
53 612 -8
53 52 28
639 75 19
639 637 28
639 638 -13
350 352 -13
350 636 19
350 348 28
350 50 -13
325 326 -19
325 301 -28
325 615 -19
325 31 -19
373 374 -19
373 397 28
373 76 19
185 183 -13
185 187 -28
185 184 -19
183 748 -19
183 486 -19
187 752 8
187 490 8
187 186 -8
187 189 13
184 161 -13
184 207 -13
184 491 -8
546 834 -13
546 547 19
834 833 13
834 832 -19
547 549 -19
547 545 19
547 237 13
268 270 -19
268 267 -8
268 837 -8
270 269 8
270 839 8
267 244 19
267 840 13
837 553 19
837 838 -28
351 352 -28
351 55 8
351 327 8
352 52 -13
352 638 8
55 54 -8
55 614 -28
327 328 -13
327 33 -8
327 303 28
327 617 28
304 302 13
304 590 -19
304 306 -19
304 7 -13
304 303 -13
302 301 -8
302 300 8
302 588 28
302 5 -13
590 33 -8
590 566 -8
590 614 13
590 591 19
306 308 -13
306 592 -13
306 9 28
7 30 13
7 8 -28
7 567 -19
303 279 8
303 10 -13
303 593 8
238 549 -13
238 810 19
549 548 28
549 833 13
810 812 -13
810 809 -8
384 386 -13
384 382 13
384 83 -8
672 671 19
672 674 8
672 670 -28
548 524 -8
548 241 13
524 500 -13
524 220 -13
524 812 -19
241 243 19
241 809 19
241 240 13
245 552 19
245 244 -28
245 247 -13
245 243 -8
814 816 -13
814 812 -13
814 526 -8
85 386 -28
386 671 -13
386 388 -19
386 385 -13
391 415 13
391 93 -28
391 392 -13
391 367 -8
415 438 -19
415 116 -28
415 416 19
93 654 -28
93 95 8
93 92 8
392 91 -19
392 677 8
367 368 -13
367 343 19
367 70 -28
479 173 -28
479 764 28
479 477 19
479 478 19
173 196 28
173 174 13
173 741 -8
764 788 -28
764 740 8
764 765 -19
764 199 13
477 762 19
477 475 -8
477 476 8
478 454 19
478 176 -13
478 502 13
799 228 -8
799 510 13
799 797 19
799 798 13
228 537 19
228 249 28
228 205 13
510 511 28
510 206 8
510 486 -13
510 534 13
797 227 -28
797 796 -13
798 230 8
798 821 28
798 774 19
519 518 -13
519 803 28
519 517 13
519 211 13
518 214 -28
518 542 19
518 806 -19
518 494 -28
803 804 -8
803 780 -8
803 827 -19
803 236 19
517 209 13
517 516 -28
517 515 -19
211 781 -13
211 233 -13
211 212 8
681 120 28
681 396 19
684 119 8
684 683 28
356 358 -13
356 642 28
331 621 -8
331 307 -8
331 37 -28
645 81 28
645 644 8
379 82 13
379 403 13
379 668 28
358 644 13
358 357 -28
644 84 8
644 620 -13
644 667 -28
357 333 13
357 381 -19
701 416 -8
701 724 13
701 139 -13
701 677 28
724 748 13
724 725 -13
724 160 -13
139 438 -28
139 138 -19
677 678 19
677 116 8
677 654 28
552 840 19
552 553 -28
840 839 19
840 838 -28
553 555 -13
161 729 28
161 162 8
161 467 28
729 727 8
729 731 -28
162 464 28
162 164 19
162 160 28
162 726 -28
467 469 8
467 752 -8
467 465 -8
467 466 -19
310 13 28
310 308 8
310 596 -28
310 312 28
310 309 -19
13 36 28
13 573 8
13 14 -13
308 594 19
308 307 13
596 39 13
596 572 -8
596 620 -28
596 597 -19
312 598 -28
312 15 -8
309 16 13
309 285 -28
309 599 -13
309 333 13
555 554 -19
555 244 -8
555 839 -13
554 247 -13
554 530 -28
244 816 19
839 815 -28
413 414 28
413 437 -28
413 389 19
414 699 -19
414 112 19
414 412 28
437 460 -28
389 390 19
389 365 -8
816 815 8
816 818 -28
577 575 19
577 287 -8
16 15 8
16 14 19
16 572 -19
15 575 13
15 38 -13
14 307 8
14 12 -8
14 570 19
572 286 28
572 573 13
247 815 28
247 246 19
246 225 -8
246 818 -13
246 269 28
398 96 -13
398 396 -13
398 397 -19
398 683 -8
96 73 8
96 97 8
96 119 -13
397 99 -28
397 421 -28
683 707 -13
683 122 -8
683 659 13
73 374 19
73 637 -19
73 50 -13
97 99 -13
97 95 -28
119 120 -19
119 422 -13
581 291 28
581 21 28
581 580 -13
578 602 13
578 292 -8
485 179 8
485 484 -28
485 483 8
179 747 8
179 202 8
179 180 19
179 156 8
484 460 28
484 508 28
483 768 -19
483 482 13
82 81 19
82 84 -19
82 642 19
81 382 28
84 381 -8
84 83 13
642 665 -28
98 121 13
98 75 19
98 99 -19
121 424 8
121 122 -19
75 376 -28
75 76 -13
75 52 -28
99 659 -8
54 617 8
54 32 -28
614 328 -19
614 615 13
614 638 8
809 786 -8
809 833 -8
291 292 -8
291 315 8
292 294 19
315 316 -8
315 605 19
315 339 -19
621 620 19
620 334 28
438 727 8
727 725 8
727 159 19
727 726 19
138 115 28
138 159 -8
115 116 8
115 92 -8
159 465 -28
159 160 28
650 651 28
650 626 13
650 673 28
650 90 8
363 339 -8
363 387 -8
363 653 13
366 652 19
366 66 -8
366 365 8
707 422 -8
422 424 13
422 421 -13
659 374 13
659 636 19
316 602 13
316 318 -19
602 626 -28
602 45 -13
602 603 -19
318 21 28
318 604 8
318 317 28
42 603 -8
42 340 -28
36 597 28
36 334 -28
36 37 8
597 307 28
597 599 -13
334 333 13
37 39 8
37 594 13
747 745 -28
747 458 -19
747 746 13
745 743 8
745 456 28
745 744 13
458 482 -28
458 435 19
458 459 13
458 157 -8
746 722 -8
746 461 -8
21 44 -13
125 428 -28
125 126 -13
125 690 -8
257 258 -19
257 235 -8
257 830 19
258 827 -8
258 256 8
235 213 19
235 545 -8
235 806 8
235 236 8
830 828 28
830 829 28
830 542 19
830 832 28
214 213 -28
214 216 -19
214 212 13
214 780 -13
213 783 13
213 190 -28
216 520 -19
216 782 19
216 218 28
212 516 -13
212 778 8
212 210 28
780 495 -8
780 756 13
780 781 -8
785 783 -19
785 496 -19
789 500 -28
789 788 19
789 219 -13
786 220 -13
786 762 -13
460 461 -19
461 156 13
461 459 8
60 83 8
60 38 -8
533 532 -19
533 225 28
530 226 -28
530 818 13
629 66 8
629 339 8
629 628 28
626 340 -28
288 287 -19
288 286 19
288 574 13
286 284 28
286 285 -13
574 575 28
574 598 -13
421 122 19
468 469 -13
468 492 28
468 757 28
500 197 -8
500 476 19
197 762 -19
197 196 19
197 199 -19
476 452 -8
476 174 28
476 765 -8
828 540 13
828 255 13
828 827 -8
828 826 28
540 516 8
540 234 8
540 541 -13
255 256 19
255 233 28
827 543 -19
826 253 -28
826 825 19
826 824 19
826 538 28
668 667 13
668 670 13
665 689 28
768 744 -13
768 203 -8
744 180 -8
744 459 -19
203 202 28
328 326 -13
328 30 8
326 324 -19
326 28 13
326 612 19
30 52 -8
30 31 28
30 591 19
33 31 8
33 32 -19
31 29 8
31 588 -13
32 9 28
32 593 19
263 240 19
220 218 -19
220 219 -8
219 196 -19
219 240 13
299 275 8
299 300 8
299 589 -8
299 323 -13
299 6 -19
275 276 -8
275 565 -8
300 3 19
300 586 13
589 28 -19
589 591 -28
589 588 -28
589 587 19
323 324 19
323 29 -8
323 613 13
6 8 19
6 5 -28
6 4 -19
6 562 -13
370 69 -19
370 368 -19
69 92 13
69 47 -28
69 70 13
69 633 19
368 654 -8
368 68 28
66 44 28
66 89 -19
637 636 -8
637 635 -28
638 78 8
294 293 19
294 580 -28
293 317 8
580 604 13
482 771 -19
482 180 13
832 259 -28
832 544 19
202 225 -13
202 771 28
225 226 8
514 515 -13
514 490 8
514 210 13
514 538 -13
514 802 -13
515 207 13
515 800 8
490 779 -19
490 466 -28
490 491 13
210 209 -28
210 776 8
538 539 8
538 232 13
802 231 13
802 804 28
333 39 19
279 280 -8
279 569 13
10 9 -8
10 8 28
10 566 19
10 12 13
593 592 -28
593 591 -8
39 38 -13
38 599 -8
592 568 -28
9 569 13
569 567 28
569 571 -8
569 568 13
226 224 13
605 604 8
605 44 -13
605 603 28
604 628 13
44 342 -8
44 45 -8
573 575 -8
573 283 19
573 571 -13
454 743 -13
454 153 28
454 455 -19
454 431 19
176 178 8
176 174 19
176 740 -8
176 175 -28
502 503 -19
502 199 -13
502 526 -13
575 285 19
78 76 19
76 636 -19
456 433 8
456 155 -19
456 457 -28
178 180 13
434 432 -19
434 719 8
434 433 -28
434 131 13
434 436 8
432 431 -8
432 129 -19
719 695 -19
719 155 -13
433 409 -28
433 721 8
433 134 -13
131 152 28
131 696 -28
131 132 -19
436 435 19
436 133 -28
542 543 -28
542 236 -8
806 805 8
806 804 13
494 783 -8
494 495 -13
494 191 -28
494 470 13
838 265 -28
838 550 -19
520 544 13
520 496 8
544 545 8
496 497 28
496 472 -8
496 193 -8
381 405 -28
381 670 -19
381 382 -13
654 630 8
630 631 13
630 344 -19
630 606 -19
630 70 -13
598 599 13
632 346 -8
632 72 -13
632 633 13
743 175 -8
743 741 -8
175 152 8
741 739 -19
741 452 -8
741 740 -28
508 532 -13
23 583 -28
23 46 28
23 320 -28
23 0 -8
583 582 -8
46 68 -13
46 344 8
46 607 -19
320 319 8
320 606 8
320 322 -8
0 296 28
0 559 -13
253 254 13
253 231 8
254 823 13
254 252 13
254 256 28
231 209 13
231 232 -13
231 541 28
83 106 13
783 782 -8
783 781 8
782 805 8
782 758 19
782 497 -19
781 779 -13
781 492 19
209 779 -19
209 186 -28
779 778 -13
779 777 8
186 493 -19
186 163 -13
186 755 13
651 653 -8
651 87 8
653 652 8
653 89 -28
87 388 13
87 110 -28
87 88 19
617 615 28
526 550 8
284 283 -28
284 570 -13
284 282 -28
283 307 19
570 594 -13
570 571 8
282 281 19
282 568 13
282 280 28
823 824 -8
823 539 28
823 800 -13
824 251 19
824 822 19
539 537 -13
539 229 13
539 541 13
800 776 -28
800 232 -13
722 723 -28
324 26 -28
324 322 28
324 610 19
26 3 -13
26 587 8
322 24 -13
322 321 -19
610 634 -19
610 611 -19
610 51 28
610 586 28
243 550 -28
29 586 -28
29 28 -13
586 562 -8
586 587 28
28 5 8
28 50 19
190 497 28
190 167 28
190 759 -28
190 191 -8
612 636 -8
612 613 -28
612 588 19
259 237 28
762 738 19
788 503 8
340 342 -13
340 339 -28
68 631 19
68 91 8
631 633 13
634 348 -19
634 635 28
348 346 -28
635 345 -13
635 71 19
635 633 -28
829 545 8
829 805 -8
545 543 -13
495 497 -28
495 493 28
493 778 -28
493 492 8
493 491 -13
301 8 -28
301 591 19
301 277 8
8 564 8
277 567 -19
277 278 -8
71 72 -19
374 376 -19
537 535 8
537 821 -19
535 227 -13
535 534 -8
821 252 19
821 822 13
24 1 -19
24 47 8
24 25 -13
587 297 28
295 319 -8
295 296 -8
295 2 -13
295 271 -28
50 51 8
50 613 28
695 410 -8
695 671 28
695 134 -8
695 696 -8
410 409 -28
410 408 13
410 412 -19
134 133 -19
134 136 -13
134 132 28
696 694 8
696 698 8
192 169 -13
192 761 -28
192 193 -13
516 492 19
516 804 -19
492 189 28
804 233 28
193 758 -19
193 191 28
760 475 19
760 736 -19
760 761 -28
273 274 -28
273 297 13
273 563 -8
274 276 -19
274 272 -19
297 321 19
297 4 -28
563 562 -28
563 565 -28
563 561 8
563 3 -28
765 196 -8
12 568 19
281 571 -28
346 344 13
346 47 19
346 345 28
344 343 -13
47 609 -13
47 48 -8
345 49 13
345 321 8
543 233 19
543 541 13
233 234 -28
541 825 13
409 385 -19
409 698 19
721 154 -13
721 723 19
435 411 19
435 723 -8
435 136 8
133 698 -19
133 110 -13
133 154 8
812 240 28
778 754 28
754 469 8
754 755 28
754 189 -28
698 700 -8
698 697 -28
110 412 -19
110 674 -8
154 459 -13
154 155 -13
511 204 28
511 796 -13
205 206 8
205 775 8
280 278 19
280 566 19
819 250 -28
819 796 -13
819 820 8
250 252 8
250 249 -8
796 772 28
820 248 -19
820 822 8
457 152 -13
457 455 -28
457 459 -8
52 615 19
319 25 -13
319 609 13
319 343 8
25 582 -13
609 611 -13
609 607 -19
343 633 28
343 48 -8
431 132 19
408 693 13
408 406 8
408 106 8
1 2 -8
1 561 -19
256 825 -13
758 473 -28
758 759 -28
88 385 8
88 90 13
566 567 13
606 582 8
606 607 19
606 48 -8
70 72 13
615 613 -19
613 611 13
341 365 19
341 342 19
341 317 28
342 628 13
5 565 -28
156 135 -8
156 723 -28
156 157 28
699 700 -8
699 675 13
112 135 -13
112 113 -8
112 676 -28
112 89 19
412 411 -19
412 697 -28
756 191 13
756 732 -19
756 757 -8
191 189 19
732 168 8
757 755 -28
757 759 8
252 251 -8
251 229 13
153 152 8
153 151 -19
153 155 13
455 740 -8
455 453 19
470 168 -19
470 446 19
470 759 19
419 120 13
167 168 -13
167 735 19
167 473 8
759 761 -28
738 739 -13
738 174 -13
738 453 19
738 715 -28
230 229 -19
230 232 -19
229 207 -8
207 777 -13
45 339 8
236 234 -19
469 163 19
163 164 -13
163 731 19
132 130 19
132 693 13
503 196 -28
276 562 19
276 278 -13
565 564 -19
565 567 -8
49 51 -8
49 48 19
321 611 13
3 4 13
403 427 -19
427 450 -19
427 428 -13
4 2 13
411 113 13
411 700 8
411 387 19
136 135 -28
136 697 -19
777 776 -13
777 775 8
135 700 13
475 473 8
475 169 8
473 472 28
169 170 -13
169 737 -28
752 776 -28
776 491 -13
385 674 -8
775 773 -13
775 486 -19
775 774 19
450 739 8
739 737 -19
155 157 -28
466 164 8
466 755 -28
491 489 -13
172 174 -28
172 170 -28
172 736 -28
170 168 -8
170 472 8
736 737 -19
736 713 28
472 761 -13
822 249 -19
822 534 19
232 234 13
296 582 -13
582 558 -8
564 278 28
564 588 -13
424 426 -19
426 428 28
426 425 -28
204 773 28
204 181 -19
204 227 8
405 694 -13
405 406 -13
694 693 -8
694 129 -13
406 691 -28
735 446 8
735 737 28
390 388 19
390 89 8
390 675 -13
388 673 19
388 387 -28
89 90 -13
675 652 -28
675 676 -19
773 772 28
772 206 13
772 748 -13
772 487 28
715 691 8
715 151 19
428 713 19
532 556 8
130 129 -19
130 691 8
129 106 -13
691 667 19
697 673 8
272 558 -8
272 271 13
248 227 -13
113 673 -19
387 90 -8
387 676 8
452 151 28
452 453 -28
673 674 19
674 676 -19
106 670 -8
558 559 13
558 2 13
559 561 -28
628 652 28
271 561 -8
399 688 13
425 126 -8
688 690 28
486 487 -19
667 382 28
748 463 28
487 489 8
487 181 19
774 489 28
689 713 19
689 690 -28
464 465 -28
120 122 -19
465 463 8
