127 692 -13
127 148 -13
127 430 -19
127 128 28
127 104 -13
692 403 19
692 691 -28
692 694 -13
692 690 -19
148 171 -19
148 149 -13
148 453 -13
148 716 19
430 432 13
430 429 -13
430 715 19
430 428 -28
128 130 8
128 427 -28
128 126 -13
128 689 -19
104 105 -13
104 406 -13
104 668 -13
104 81 13
523 215 -19
523 521 8
523 522 8
523 525 -8
523 807 19
215 216 -19
215 192 -28
215 785 -8
215 237 -28
521 519 -28
521 520 -28
521 213 -13
521 805 19
522 498 -19
522 546 -8
522 810 28
522 218 -8
525 217 -19
525 527 -28
525 809 -28
525 524 28
807 239 8
807 784 -28
807 831 8
807 808 28
289 290 -13
289 313 19
289 579 13
290 576 8
290 288 -8
290 292 -19
313 20 28
313 603 8
313 337 -13
313 314 -28
579 577 28
579 19 8
579 581 -8
579 578 28
359 335 19
359 649 13
359 360 8
359 383 19
359 63 13
335 625 -19
335 311 -13
335 336 13
335 41 -28
649 85 28
649 651 13
649 647 -28
649 648 -28
360 362 -28
360 646 28
360 358 13
360 60 8
383 384 28
383 672 -13
383 407 -28
383 86 19
63 65 -13
63 61 -8
63 622 -19
63 62 -8
706 417 -13
706 704 -8
706 705 -13
706 708 -13
417 440 13
417 393 -28
417 418 19
417 118 -8
704 138 -8
704 703 19
704 702 -28
704 415 13
705 142 -8
705 420 -8
705 681 28
705 728 -8
708 707 8
708 141 8
708 710 19
708 419 19
137 114 -19
137 439 -19
137 702 -13
137 158 -19
114 678 -19
114 91 -13
114 416 -28
439 438 -8
439 724 13
439 441 -28
702 701 28
158 181 -8
158 463 19
158 725 -13
362 62 -13
362 648 19
362 361 28
362 364 13
62 625 -28
62 40 8
648 624 -28
648 671 19
648 88 28
361 65 -13
361 651 8
361 337 -8
361 385 -28
364 650 13
364 363 28
364 64 -13
364 366 13
329 35 -8
329 619 13
329 353 -28
329 330 13
329 305 -13
35 34 19
35 33 -13
35 37 -8
35 592 19
619 621 8
619 56 13
619 618 28
619 617 -19
353 377 -28
353 643 28
353 354 13
353 57 13
330 328 28
330 616 -13
330 32 8
330 332 -28
305 306 8
305 12 19
305 281 -8
305 595 28
658 656 13
658 94 -28
658 657 -19
658 660 -19
658 369 -8
656 655 -13
656 367 -8
656 92 -8
94 117 8
94 71 28
94 95 -8
94 396 8
657 634 28
657 372 8
657 681 13
657 97 -19
660 371 -13
660 96 -19
660 659 19
660 662 28
369 370 19
369 345 19
369 393 -28
369 72 19
165 471 -8
165 188 28
165 166 19
165 733 13
165 143 13
471 756 -8
471 469 -13
471 470 28
471 473 28
188 495 8
188 211 13
188 757 -28
188 189 -28
166 468 28
166 168 8
166 164 8
166 730 28
733 444 19
733 735 28
733 731 8
733 732 8
143 447 19
143 121 -13
143 710 19
34 595 -13
34 11 -19
34 332 -19
34 56 13
595 594 -28
595 597 28
595 593 8
11 12 -19
11 571 28
11 308 13
332 334 13
332 618 28
332 331 -13
56 79 28
56 57 8
56 356 -28
20 18 -28
20 576 13
20 22 -13
20 19 19
18 16 8
18 311 28
18 574 28
18 17 -28
576 600 13
576 577 -13
22 315 -28
22 21 -8
22 578 -8
19 316 13
19 42 13
221 791 19
221 529 -13
221 222 -19
221 198 13
221 242 -8
791 793 -28
791 789 -19
791 502 28
791 790 19
529 531 -8
529 813 19
529 528 19
529 527 28
222 220 -13
222 526 -28
222 224 -28
222 788 -13
198 767 -13
198 505 -28
198 199 -28
198 175 -19
242 243 19
242 814 -28
242 265 13
242 553 -13
402 404 -28
402 401 -8
402 400 8
402 100 -13
402 687 -28
404 102 8
404 403 -28
404 406 28
404 689 -13
401 103 -28
401 377 -19
401 425 28
401 690 8
400 685 -19
400 398 -28
400 98 -8
400 399 -8
100 664 -19
100 77 13
100 123 8
100 101 19
687 688 -19
687 711 8
687 663 -19
687 126 13
664 662 19
664 666 19
664 663 -8
664 375 -8
77 78 13
77 54 8
77 641 -8
77 378 28
123 426 28
123 688 -19
123 124 28
123 144 -28
101 103 19
101 99 -28
101 399 -8
101 661 8
600 314 -8
600 624 19
600 601 -8
600 43 -8
314 316 -8
314 312 13
314 17 8
624 625 28
624 65 -13
624 338 -28
601 40 -19
601 599 8
601 311 -28
601 603 28
43 41 -28
43 337 28
43 42 8
43 45 -19
794 817 -19
794 795 19
794 770 -28
794 509 28
817 841 -28
817 818 8
817 533 -28
795 793 8
795 506 28
795 225 13
770 485 -19
770 771 19
770 746 -8
509 507 8
509 202 -13
509 508 -13
371 74 -8
371 395 19
371 372 8
371 347 28
74 634 19
74 73 19
74 76 19
74 72 28
395 419 -19
395 396 19
395 684 -8
395 97 19
372 370 -13
372 71 28
372 374 -28
347 348 -19
347 51 8
347 323 13
347 637 28
103 102 -8
103 663 -13
103 105 -28
102 79 8
102 125 28
102 666 13
663 640 8
663 378 -13
105 403 19
105 665 -19
105 107 -8
584 27 -28
584 585 28
584 608 -19
584 298 -8
584 560 13
27 29 8
27 321 -28
27 26 -8
27 25 13
585 24 28
585 583 13
585 587 -28
585 295 -19
608 632 -8
608 322 28
608 49 -19
608 609 -13
298 300 8
298 296 -28
298 297 -19
298 1 13
560 274 13
560 561 28
560 4 19
59 57 19
59 61 -28
59 355 -8
59 58 28
59 618 -28
57 55 -28
57 616 13
61 60 19
61 357 -28
61 620 -13
355 356 -13
355 331 -28
355 645 13
355 379 -13
58 358 -8
58 621 19
58 36 -28
58 81 28
618 594 -13
618 642 8
640 80 8
640 616 -13
640 641 19
640 354 -8
80 377 -28
80 79 -8
80 82 -8
80 78 28
616 592 -13
616 617 -19
641 351 8
641 639 -8
641 643 8
354 54 -8
354 352 -8
354 356 19
443 441 -13
443 445 13
443 728 -13
443 442 -13
441 138 -8
441 440 -28
441 726 13
445 444 -28
445 447 13
445 730 -8
445 141 -8
728 752 -28
728 729 8
728 164 -28
442 142 19
442 419 13
442 731 -13
442 466 -19
531 815 -8
531 533 28
531 223 13
531 530 8
813 245 -13
813 790 8
813 837 19
813 814 -19
528 504 13
528 552 -8
528 816 8
528 224 -8
527 219 -28
527 811 -8
527 526 13
625 627 13
625 623 8
627 337 -19
627 64 -13
627 629 -13
627 626 19
623 621 13
623 60 28
623 622 19
623 333 19
835 266 -13
835 836 -19
835 811 -19
835 551 8
266 268 13
266 264 19
266 265 -19
836 548 19
836 834 -8
836 838 -8
836 263 28
811 243 13
811 812 13
811 788 8
551 549 -13
551 240 -13
551 553 -13
551 550 19
142 140 -28
142 141 19
140 703 8
140 139 -19
140 440 -28
141 163 -13
141 119 13
498 195 -28
498 787 -19
498 499 -28
498 474 -13
195 194 -13
195 197 -28
195 193 -19
195 760 8
787 217 28
787 785 19
787 789 13
787 786 -13
499 501 28
499 784 13
499 497 -28
499 192 8
474 475 19
474 450 19
474 172 -19
474 763 -8
444 421 -19
444 468 8
447 449 -13
447 732 13
447 446 13
730 707 28
730 754 -13
730 731 28
712 711 13
712 423 19
712 710 8
712 714 -19
712 144 8
711 147 -28
711 426 13
711 734 -19
423 424 -19
423 124 -13
423 399 -19
423 446 8
710 421 13
710 709 19
714 425 8
714 716 -13
714 146 8
714 713 8
144 449 8
144 167 -28
144 145 19
679 703 13
679 394 13
679 655 -19
679 118 -19
679 680 28
703 418 -8
703 726 -19
394 392 28
394 92 8
394 393 -8
394 396 13
655 370 -28
655 95 -13
655 632 28
118 117 -13
118 116 -19
118 120 -8
680 391 -8
680 682 -13
680 678 13
680 115 -13
194 763 13
194 171 -8
194 501 19
194 217 -19
763 762 8
763 765 -19
763 761 28
171 172 8
171 477 19
171 739 -19
501 500 13
501 786 13
501 503 28
217 238 8
217 218 28
311 312 -28
311 287 13
336 334 13
336 622 -8
336 338 8
336 38 8
41 40 13
41 39 19
41 598 13
662 98 -19
662 661 -28
662 373 8
666 377 -19
666 668 -8
666 665 19
375 351 28
375 78 19
375 399 -28
375 376 19
766 790 -28
766 481 13
766 767 8
766 201 -8
766 742 19
790 224 13
790 505 13
481 479 13
481 480 13
481 483 8
481 175 -28
767 478 19
767 769 -8
767 765 28
201 504 28
201 200 -19
201 203 -19
201 199 28
742 743 -28
742 178 28
742 719 28
742 457 -28
40 338 -13
40 17 -28
338 337 -8
338 340 28
17 577 -13
751 462 28
751 749 -13
751 753 -13
751 750 -19
751 182 13
462 438 -19
462 486 8
462 463 -8
462 160 -19
749 181 -8
749 748 -13
753 752 -8
753 464 28
753 755 19
753 184 -28
750 185 -28
750 465 8
750 774 8
750 726 -19
182 205 -8
182 489 -13
182 159 -28
182 183 13
262 261 -13
262 264 -8
262 260 -28
262 831 -28
261 238 28
261 834 -28
264 263 13
264 833 -28
260 259 -19
260 829 8
260 258 13
831 832 -8
831 547 28
377 378 -13
378 376 -19
378 380 13
239 546 28
239 238 -19
239 241 -19
784 760 -13
784 218 -19
784 785 -13
808 520 -28
808 806 -19
808 810 -13
808 237 -8
109 407 19
109 108 13
109 111 -13
109 107 -13
109 669 -13
407 696 -19
407 431 -19
407 408 19
108 85 -8
108 410 -28
108 672 -28
108 131 13
111 409 -28
111 671 -28
111 113 8
111 110 19
107 405 -8
107 667 19
107 106 -19
669 646 -8
669 670 28
669 384 28
669 693 19
79 380 19
79 643 13
380 379 -28
380 665 -28
380 382 -19
643 645 -19
643 642 8
65 64 -28
65 67 8
64 42 28
64 87 19
67 66 8
67 626 -28
67 363 13
646 622 13
646 647 13
646 86 8
622 598 -8
647 645 -28
647 357 28
647 83 -13
86 85 -19
86 84 -8
86 88 28
449 451 19
449 734 8
449 448 -28
451 450 8
451 736 13
451 146 8
451 453 13
734 758 -8
734 735 19
734 170 -28
448 147 -28
448 472 8
448 425 -13
448 737 8
440 729 13
440 464 -19
393 682 13
393 95 -19
418 420 8
418 416 -19
418 115 8
841 557 -28
841 842 19
557 555 -8
557 246 8
557 556 -13
842 840 -19
842 554 13
842 269 19
147 145 19
147 149 8
147 146 19
145 709 8
145 446 19
149 450 -19
149 713 -13
149 151 8
146 125 -28
146 169 -8
504 793 -19
504 505 13
504 480 -19
793 223 28
793 792 13
505 507 19
505 503 -8
480 456 13
480 178 -13
480 769 -28
117 682 -28
117 420 -19
682 681 8
682 684 -8
420 419 -28
420 422 13
718 429 -28
718 720 -13
718 717 8
718 150 19
718 716 -19
429 405 -19
429 130 19
429 452 -13
720 152 19
720 431 8
720 719 28
720 721 -19
717 153 -8
717 432 28
717 693 -8
717 740 8
150 455 13
150 129 -28
150 173 -19
150 151 28
716 715 8
716 427 8
507 792 28
507 200 -28
507 506 8
792 768 -13
792 226 -13
792 815 8
200 223 13
200 769 28
200 177 13
506 203 13
506 530 -8
506 482 -8
685 661 -8
685 686 19
685 709 19
685 124 8
661 376 13
661 638 19
686 684 -28
686 397 19
686 688 -8
686 121 19
709 424 -8
709 732 -28
124 126 -19
124 122 -28
223 244 13
223 224 -19
769 768 13
769 771 19
177 178 -19
177 745 -19
177 154 8
177 483 -19
512 488 -28
512 536 -28
512 208 19
512 801 -28
512 513 -8
488 185 13
488 777 19
488 489 -8
488 464 -8
536 537 8
536 824 19
536 230 -13
208 207 -28
208 210 -13
208 206 -13
208 774 19
801 799 -19
801 800 19
801 802 8
513 511 -28
513 515 -19
513 798 -8
513 205 -19
349 53 13
349 639 19
349 350 -8
349 325 8
349 373 28
53 55 13
53 51 -8
53 612 28
53 52 -19
639 75 -28
639 637 -13
639 638 -13
350 352 28
350 636 -13
350 348 -19
350 50 19
325 326 8
325 301 -8
325 615 -8
325 31 28
373 374 8
373 397 -19
373 76 28
185 183 13
185 187 -8
185 184 -13
183 748 19
183 486 -19
187 752 -28
187 490 -8
187 186 -8
187 189 -28
184 161 13
184 207 -13
184 491 13
546 834 -8
546 547 -19
834 833 -28
834 832 -8
547 549 -13
547 545 13
547 237 19
268 270 -13
268 267 19
268 837 -28
270 269 -19
270 839 28
267 244 -13
267 840 28
837 553 -8
837 838 28
351 352 13
351 55 -13
351 327 8
352 52 28
352 638 -19
55 54 19
55 614 -13
327 328 8
327 33 -28
327 303 13
327 617 -19
304 302 13
304 590 13
304 306 -13
304 7 28
304 303 28
302 301 -19
302 300 -13
302 588 8
302 5 -13
590 33 8
590 566 -19
590 614 -19
590 591 -19
306 308 -19
306 592 8
306 9 13
7 30 -19
7 8 -8
7 567 13
303 279 28
303 10 -28
303 593 19
238 549 28
238 810 28
549 548 13
549 833 19
810 812 -19
810 809 13
384 386 -19
384 382 13
384 83 19
672 671 -28
672 674 28
672 670 -28
548 524 8
548 241 8
524 500 -8
524 220 -19
524 812 28
241 243 19
241 809 -13
241 240 -8
245 552 19
245 244 -8
245 247 -13
245 243 -19
814 816 -19
814 812 19
814 526 -13
85 386 8
386 671 -13
386 388 -28
386 385 13
391 415 -8
391 93 19
391 392 -19
391 367 -13
415 438 13
415 116 19
415 416 -8
93 654 -13
93 95 -13
93 92 -8
392 91 -13
392 677 -13
367 368 28
367 343 8
367 70 28
479 173 19
479 764 -8
479 477 19
479 478 13
173 196 13
173 174 13
173 741 19
764 788 8
764 740 8
764 765 8
764 199 13
477 762 -28
477 475 -13
477 476 -8
478 454 13
478 176 13
478 502 8
799 228 -13
799 510 -19
799 797 -28
799 798 19
228 537 13
228 249 28
228 205 13
510 511 -19
510 206 8
510 486 -19
510 534 -28
797 227 -19
797 796 -13
798 230 8
798 821 -28
798 774 13
519 518 8
519 803 8
519 517 19
519 211 -13
518 214 -8
518 542 -8
518 806 19
518 494 -28
803 804 -8
803 780 13
803 827 -13
803 236 13
517 209 8
517 516 28
517 515 28
211 781 -19
211 233 13
211 212 -28
681 120 -28
681 396 19
684 119 19
684 683 28
356 358 13
356 642 13
331 621 -8
331 307 -28
331 37 -28
645 81 -8
645 644 -8
379 82 -28
379 403 28
379 668 -28
358 644 28
358 357 8
644 84 13
644 620 -19
644 667 -13
357 333 13
357 381 -28
701 416 8
701 724 -13
701 139 -8
701 677 28
724 748 19
724 725 -8
724 160 19
139 438 -13
139 138 -8
677 678 -13
677 116 8
677 654 -28
552 840 -28
552 553 8
840 839 -8
840 838 -13
553 555 8
161 729 -13
161 162 28
161 467 8
729 727 -8
729 731 13
162 464 28
162 164 -28
162 160 -8
162 726 19
467 469 8
467 752 -13
467 465 -8
467 466 28
310 13 -8
310 308 -19
310 596 8
310 312 28
310 309 28
13 36 28
13 573 -28
13 14 -28
308 594 -8
308 307 8
596 39 19
596 572 -8
596 620 19
596 597 -28
312 598 8
312 15 8
309 16 19
309 285 -19
309 599 -8
309 333 -13
555 554 28
555 244 -13
555 839 -28
554 247 19
554 530 19
244 816 -13
839 815 19
413 414 -28
413 437 28
413 389 8
414 699 13
414 112 28
414 412 19
437 460 19
389 390 28
389 365 8
816 815 -13
816 818 13
577 575 -19
577 287 -8
16 15 -13
16 14 8
16 572 -13
15 575 13
15 38 19
14 307 8
14 12 -8
14 570 -8
572 286 13
572 573 -28
247 815 -19
247 246 28
246 225 -19
246 818 -13
246 269 -13
398 96 13
398 396 13
398 397 13
398 683 19
96 73 13
96 97 -28
96 119 -8
397 99 19
397 421 -28
683 707 8
683 122 8
683 659 8
73 374 -19
73 637 8
73 50 19
97 99 -28
97 95 19
119 120 28
119 422 28
581 291 -13
581 21 -28
581 580 -13
578 602 13
578 292 28
485 179 -19
485 484 -19
485 483 -13
179 747 8
179 202 -8
179 180 19
179 156 19
484 460 -8
484 508 8
483 768 8
483 482 8
82 81 13
82 84 -13
82 642 19
81 382 13
84 381 28
84 83 -19
642 665 -19
98 121 28
98 75 -19
98 99 28
121 424 -8
121 122 19
75 376 8
75 76 -28
75 52 13
99 659 13
54 617 -8
54 32 28
614 328 28
614 615 8
614 638 19
809 786 19
809 833 -8
291 292 -19
291 315 -28
292 294 -19
315 316 13
315 605 -13
315 339 -13
621 620 -28
620 334 13
438 727 -13
727 725 -13
727 159 8
727 726 -8
138 115 13
138 159 -13
115 116 19
115 92 28
159 465 28
159 160 -13
650 651 8
650 626 -28
650 673 8
650 90 -19
363 339 -8
363 387 8
363 653 -13
366 652 -28
366 66 -8
366 365 -28
707 422 19
422 424 19
422 421 -28
659 374 13
659 636 -8
316 602 19
316 318 -28
602 626 -8
602 45 -19
602 603 -28
318 21 28
318 604 19
318 317 28
42 603 13
42 340 -19
36 597 -19
36 334 -13
36 37 13
597 307 -19
597 599 -13
334 333 19
37 39 -13
37 594 19
747 745 -13
747 458 -13
747 746 28
745 743 13
745 456 -13
745 744 28
458 482 19
458 435 13
458 459 13
458 157 -28
746 722 28
746 461 -28
21 44 -28
125 428 13
125 126 -19
125 690 13
257 258 -13
257 235 19
257 830 19
258 827 -8
258 256 -19
235 213 8
235 545 28
235 806 -8
235 236 -19
830 828 -19
830 829 13
830 542 13
830 832 8
214 213 -13
214 216 -19
214 212 -19
214 780 -8
213 783 -13
213 190 8
216 520 8
216 782 -28
216 218 -19
212 516 13
212 778 8
212 210 19
780 495 -13
780 756 -8
780 781 19
785 783 -13
785 496 -19
789 500 -19
789 788 8
789 219 28
786 220 -13
786 762 13
460 461 -13
461 156 13
461 459 -8
60 83 13
60 38 -19
533 532 28
533 225 -19
530 226 -19
530 818 8
629 66 8
629 339 19
629 628 19
626 340 28
288 287 19
288 286 8
288 574 -13
286 284 13
286 285 28
574 575 -28
574 598 -8
421 122 13
468 469 -19
468 492 -13
468 757 28
500 197 28
500 476 19
197 762 8
197 196 28
197 199 28
476 452 -13
476 174 13
476 765 13
828 540 28
828 255 -28
828 827 13
828 826 -13
540 516 13
540 234 -19
540 541 -19
255 256 13
255 233 28
827 543 -8
826 253 8
826 825 -8
826 824 19
826 538 -13
668 667 -28
668 670 19
665 689 19
768 744 -19
768 203 28
744 180 8
744 459 -28
203 202 13
328 326 8
328 30 28
326 324 -19
326 28 -28
326 612 -8
30 52 28
30 31 -8
30 591 -19
33 31 8
33 32 -19
31 29 -13
31 588 -19
32 9 8
32 593 -28
263 240 13
220 218 28
220 219 -28
219 196 -28
219 240 13
299 275 -19
299 300 -19
299 589 19
299 323 28
299 6 -28
275 276 19
275 565 8
300 3 8
300 586 8
589 28 13
589 591 13
589 588 28
589 587 8
323 324 19
323 29 -8
323 613 -28
6 8 28
6 5 -8
6 4 19
6 562 28
370 69 -28
370 368 -19
69 92 -28
69 47 -28
69 70 28
69 633 -19
368 654 8
368 68 -13
66 44 -28
66 89 -28
637 636 -8
637 635 -13
638 78 -28
294 293 -8
294 580 -28
293 317 -13
580 604 -13
482 771 13
482 180 -28
832 259 13
832 544 28
202 225 -19
202 771 28
225 226 -13
514 515 -19
514 490 -28
514 210 19
514 538 -13
514 802 -19
515 207 28
515 800 8
490 779 13
490 466 -8
490 491 13
210 209 28
210 776 -28
538 539 28
538 232 8
802 231 19
802 804 -19
333 39 -13
279 280 -28
279 569 8
10 9 19
10 8 -13
10 566 8
10 12 19
593 592 -13
593 591 28
39 38 8
38 599 -13
592 568 -19
9 569 19
569 567 19
569 571 8
569 568 -8
226 224 28
605 604 19
605 44 -19
605 603 8
604 628 13
44 342 -13
44 45 -19
573 575 13
573 283 -19
573 571 19
454 743 -28
454 153 8
454 455 -28
454 431 28
176 178 -8
176 174 19
176 740 -19
176 175 -28
502 503 8
502 199 -19
502 526 19
575 285 -28
78 76 -8
76 636 13
456 433 -8
456 155 -13
456 457 13
178 180 -8
434 432 19
434 719 8
434 433 13
434 131 -13
434 436 19
432 431 19
432 129 -19
719 695 -28
719 155 -13
433 409 8
433 721 8
433 134 8
131 152 -19
131 696 -19
131 132 13
436 435 -19
436 133 19
542 543 -28
542 236 -19
806 805 8
806 804 13
494 783 13
494 495 8
494 191 28
494 470 -19
838 265 -19
838 550 8
520 544 19
520 496 8
544 545 -8
496 497 -8
496 472 -8
496 193 -28
381 405 28
381 670 -19
381 382 -13
654 630 -8
630 631 -8
630 344 -8
630 606 -19
630 70 28
598 599 13
632 346 -19
632 72 8
632 633 -19
743 175 -19
743 741 -28
175 152 28
741 739 28
741 452 -19
741 740 -28
508 532 8
23 583 13
23 46 -19
23 320 19
23 0 -8
583 582 13
46 68 13
46 344 8
46 607 -19
320 319 13
320 606 28
320 322 13
0 296 -19
0 559 28
253 254 13
253 231 -19
254 823 28
254 252 19
254 256 19
231 209 -28
231 232 13
231 541 8
83 106 -13
783 782 13
783 781 13
782 805 8
782 758 19
782 497 28
781 779 28
781 492 19
209 779 -28
209 186 -28
779 778 13
779 777 8
186 493 -28
186 163 -8
186 755 13
651 653 28
651 87 -8
653 652 -19
653 89 28
87 388 -8
87 110 -19
87 88 19
617 615 -13
526 550 -13
284 283 13
284 570 19
284 282 -8
283 307 8
570 594 -13
570 571 13
282 281 -8
282 568 19
282 280 -13
823 824 -28
823 539 19
823 800 -8
824 251 -8
824 822 8
539 537 13
539 229 -8
539 541 8
800 776 -28
800 232 8
722 723 -13
324 26 8
324 322 28
324 610 8
26 3 19
26 587 19
322 24 19
322 321 -28
610 634 -13
610 611 -13
610 51 13
610 586 8
243 550 8
29 586 13
29 28 -13
586 562 -13
586 587 19
28 5 19
28 50 28
190 497 -13
190 167 -8
190 759 -13
190 191 -13
612 636 8
612 613 28
612 588 13
259 237 -28
762 738 8
788 503 -28
340 342 -28
340 339 -19
68 631 -13
68 91 8
631 633 13
634 348 -28
634 635 28
348 346 19
635 345 19
635 71 -19
635 633 -19
829 545 -28
829 805 -28
545 543 13
495 497 -8
495 493 28
493 778 8
493 492 -13
493 491 -8
301 8 -8
301 591 -28
301 277 8
8 564 -13
277 567 -8
277 278 -28
71 72 8
374 376 19
537 535 19
537 821 8
535 227 -28
535 534 -19
821 252 -19
821 822 -8
24 1 13
24 47 -8
24 25 -19
587 297 -8
295 319 28
295 296 13
295 2 13
295 271 13
50 51 28
50 613 8
695 410 8
695 671 28
695 134 19
695 696 -19
410 409 13
410 408 -28
410 412 19
134 133 28
134 136 -8
134 132 -19
696 694 -13
696 698 -13
192 169 13
192 761 13
192 193 -28
516 492 28
516 804 -8
492 189 28
804 233 -13
193 758 -19
193 191 13
760 475 8
760 736 -28
760 761 19
273 274 -19
273 297 -28
273 563 13
274 276 28
274 272 8
297 321 19
297 4 -8
563 562 28
563 565 13
563 561 -8
563 3 19
765 196 -19
12 568 -13
281 571 -19
346 344 -13
346 47 -28
346 345 13
344 343 8
47 609 -28
47 48 28
345 49 19
345 321 -28
543 233 28
543 541 -8
233 234 28
541 825 19
409 385 13
409 698 13
721 154 8
721 723 19
435 411 -28
435 723 -19
435 136 -28
133 698 -19
133 110 -8
133 154 13
812 240 19
778 754 13
754 469 -8
754 755 28
754 189 -8
698 700 -13
698 697 -19
110 412 13
110 674 -28
154 459 -19
154 155 13
511 204 28
511 796 19
205 206 -28
205 775 -8
280 278 28
280 566 13
819 250 8
819 796 8
819 820 -8
250 252 -28
250 249 13
796 772 -8
820 248 28
820 822 13
457 152 -13
457 455 -28
457 459 -28
52 615 19
319 25 -19
319 609 -19
319 343 -28
25 582 19
609 611 -19
609 607 -8
343 633 8
343 48 8
431 132 -28
408 693 -19
408 406 -28
408 106 -28
1 2 13
1 561 28
256 825 -19
758 473 -13
758 759 -19
88 385 13
88 90 -8
566 567 -19
606 582 -8
606 607 28
606 48 28
70 72 28
615 613 -19
613 611 -13
341 365 13
341 342 13
341 317 -19
342 628 -19
5 565 8
156 135 13
156 723 19
156 157 -13
699 700 28
699 675 -13
112 135 8
112 113 -19
112 676 -13
112 89 -8
412 411 -8
412 697 13
756 191 -13
756 732 -28
756 757 13
191 189 28
732 168 28
757 755 -8
757 759 13
252 251 -28
251 229 8
153 152 -19
153 151 -19
153 155 28
455 740 -13
455 453 -13
470 168 -28
470 446 -8
470 759 -8
419 120 -13
167 168 19
167 735 -13
167 473 -13
759 761 19
738 739 13
738 174 -13
738 453 19
738 715 -8
230 229 8
230 232 -19
229 207 13
207 777 19
45 339 -8
236 234 13
469 163 -8
163 164 -19
163 731 -13
132 130 -8
132 693 13
503 196 -13
276 562 -19
276 278 28
565 564 19
565 567 -19
49 51 -13
49 48 -28
321 611 -13
3 4 13
403 427 -28
427 450 -8
427 428 -28
4 2 28
411 113 -28
411 700 -13
411 387 13
136 135 -19
136 697 -13
777 776 -28
777 775 8
135 700 -13
475 473 -19
475 169 19
473 472 28
169 170 19
169 737 -8
752 776 19
776 491 -13
385 674 8
775 773 -8
775 486 -19
775 774 -8
450 739 28
739 737 -28
155 157 -13
466 164 -8
466 755 -19
491 489 -8
172 174 -8
172 170 13
172 736 13
170 168 8
170 472 19
736 737 -19
736 713 -28
472 761 -13
822 249 28
822 534 19
232 234 8
296 582 19
582 558 28
564 278 -13
564 588 -19
424 426 8
426 428 13
426 425 13
204 773 19
204 181 28
204 227 19
405 694 19
405 406 -19
694 693 19
694 129 19
406 691 8
735 446 -8
735 737 -8
390 388 -28
390 89 28
390 675 -28
388 673 -19
388 387 13
89 90 -19
675 652 28
675 676 -8
773 772 19
772 206 28
772 748 28
772 487 28
715 691 -28
715 151 -19
428 713 28
532 556 -28
130 129 -8
130 691 13
129 106 8
691 667 19
697 673 19
272 558 13
272 271 -28
248 227 28
113 673 19
387 90 19
387 676 19
452 151 -28
452 453 -8
673 674 13
674 676 8
106 670 -8
558 559 -13
558 2 -28
559 561 -8
628 652 13
271 561 -8
399 688 -19
425 126 -8
688 690 8
486 487 13
667 382 -8
748 463 8
487 489 -8
487 181 -8
774 489 28
689 713 13
689 690 28
464 465 -28
120 122 -28
465 463 13
