127 692 28
127 148 -19
127 430 13
127 128 -28
127 104 -8
692 403 13
692 691 -13
692 694 -19
692 690 -13
148 171 -8
148 149 -13
148 453 19
148 716 13
430 432 -28
430 429 28
430 715 -13
430 428 28
128 130 -19
128 427 -13
128 126 28
128 689 28
104 105 28
104 406 8
104 668 -13
104 81 13
523 215 8
523 521 -8
523 522 8
523 525 -28
523 807 28
215 216 -13
215 192 -19
215 785 28
215 237 28
521 519 -28
521 520 -19
521 213 13
521 805 28
522 498 -28
522 546 -19
522 810 -8
522 218 13
525 217 28
525 527 -19
525 809 13
525 524 13
807 239 28
807 784 -19
807 831 -13
807 808 -13
289 290 -8
289 313 13
289 579 28
290 576 8
290 288 8
290 292 28
313 20 -28
313 603 -19
313 337 -8
313 314 -19
579 577 -19
579 19 -28
579 581 -13
579 578 -19
359 335 -8
359 649 -13
359 360 19
359 383 -28
359 63 8
335 625 19
335 311 -19
335 336 -28
335 41 -19
649 85 19
649 651 -8
649 647 -8
649 648 8
360 362 -8
360 646 -19
360 358 28
360 60 8
383 384 13
383 672 -8
383 407 19
383 86 -8
63 65 -8
63 61 8
63 622 -8
63 62 -28
706 417 -8
706 704 -13
706 705 13
706 708 -28
417 440 8
417 393 13
417 418 13
417 118 -28
704 138 8
704 703 -19
704 702 28
704 415 8
705 142 13
705 420 13
705 681 8
705 728 -28
708 707 8
708 141 -8
708 710 -13
708 419 13
137 114 -19
137 439 -8
137 702 8
137 158 28
114 678 -28
114 91 -19
114 416 13
439 438 -19
439 724 13
439 441 8
702 701 19
158 181 -13
158 463 -28
158 725 28
362 62 13
362 648 8
362 361 28
362 364 -28
62 625 13
62 40 -19
648 624 13
648 671 13
648 88 19
361 65 -8
361 651 -8
361 337 -8
361 385 -13
364 650 19
364 363 8
364 64 19
364 366 13
329 35 -28
329 619 8
329 353 13
329 330 8
329 305 -8
35 34 -8
35 33 -13
35 37 19
35 592 -19
619 621 28
619 56 13
619 618 -13
619 617 28
353 377 19
353 643 8
353 354 28
353 57 19
330 328 -28
330 616 -8
330 32 -8
330 332 13
305 306 -13
305 12 13
305 281 28
305 595 13
658 656 19
658 94 -28
658 657 -19
658 660 -28
658 369 -8
656 655 -19
656 367 13
656 92 -28
94 117 19
94 71 13
94 95 28
94 396 -19
657 634 19
657 372 -19
657 681 13
657 97 13
660 371 28
660 96 13
660 659 13
660 662 -13
369 370 -28
369 345 -8
369 393 -19
369 72 -28
165 471 -8
165 188 -13
165 166 8
165 733 -8
165 143 13
471 756 13
471 469 -8
471 470 28
471 473 19
188 495 19
188 211 13
188 757 -19
188 189 19
166 468 13
166 168 -19
166 164 19
166 730 -28
733 444 -8
733 735 -8
733 731 -13
733 732 19
143 447 8
143 121 -19
143 710 -13
34 595 13
34 11 -19
34 332 28
34 56 -13
595 594 28
595 597 8
595 593 13
11 12 13
11 571 28
11 308 -19
332 334 28
332 618 -19
332 331 -8
56 79 8
56 57 -13
56 356 -28
20 18 8
20 576 -13
20 22 28
20 19 8
18 16 8
18 311 19
18 574 8
18 17 -19
576 600 13
576 577 28
22 315 -8
22 21 13
22 578 -13
19 316 19
19 42 8
221 791 -28
221 529 8
221 222 -13
221 198 28
221 242 -13
791 793 -13
791 789 -28
791 502 -13
791 790 -28
529 531 -28
529 813 -28
529 528 28
529 527 -8
222 220 -8
222 526 8
222 224 -28
222 788 -8
198 767 19
198 505 -8
198 199 -8
198 175 19
242 243 -8
242 814 28
242 265 19
242 553 28
402 404 13
402 401 8
402 400 28
402 100 -8
402 687 13
404 102 -19
404 403 8
404 406 8
404 689 13
401 103 -19
401 377 -13
401 425 -19
401 690 8
400 685 28
400 398 19
400 98 28
400 399 -28
100 664 13
100 77 -19
100 123 -13
100 101 28
687 688 -8
687 711 -8
687 663 28
687 126 -8
664 662 -28
664 666 28
664 663 -13
664 375 8
77 78 -19
77 54 -8
77 641 -19
77 378 13
123 426 -19
123 688 28
123 124 8
123 144 8
101 103 -19
101 99 13
101 399 8
101 661 13
600 314 -28
600 624 -13
600 601 -19
600 43 13
314 316 -28
314 312 28
314 17 -19
624 625 -13
624 65 13
624 338 -8
601 40 13
601 599 -19
601 311 28
601 603 -13
43 41 19
43 337 -28
43 42 -13
43 45 28
794 817 28
794 795 -19
794 770 28
794 509 13
817 841 -8
817 818 -13
817 533 -19
795 793 19
795 506 -19
795 225 8
770 485 13
770 771 -8
770 746 -8
509 507 8
509 202 13
509 508 19
371 74 19
371 395 28
371 372 -13
371 347 13
74 634 19
74 73 -19
74 76 8
74 72 -28
395 419 13
395 396 19
395 684 13
395 97 8
372 370 19
372 71 8
372 374 -13
347 348 -19
347 51 -19
347 323 -28
347 637 19
103 102 8
103 663 -8
103 105 13
102 79 -19
102 125 -28
102 666 28
663 640 13
663 378 19
105 403 8
105 665 -13
105 107 -19
584 27 28
584 585 -28
584 608 19
584 298 -19
584 560 -13
27 29 -8
27 321 13
27 26 28
27 25 28
585 24 8
585 583 28
585 587 28
585 295 13
608 632 -13
608 322 -19
608 49 19
608 609 13
298 300 19
298 296 -19
298 297 -8
298 1 -13
560 274 13
560 561 -28
560 4 19
59 57 -28
59 61 19
59 355 -8
59 58 -28
59 618 -8
57 55 8
57 616 -28
61 60 13
61 357 -8
61 620 8
355 356 -19
355 331 -19
355 645 13
355 379 19
58 358 19
58 621 -8
58 36 13
58 81 -19
618 594 19
618 642 28
640 80 13
640 616 19
640 641 -13
640 354 -8
80 377 -8
80 79 13
80 82 -13
80 78 19
616 592 13
616 617 13
641 351 19
641 639 19
641 643 19
354 54 19
354 352 28
354 356 -19
443 441 13
443 445 -13
443 728 -8
443 442 -13
441 138 -8
441 440 -28
441 726 -28
445 444 13
445 447 28
445 730 19
445 141 28
728 752 28
728 729 -13
728 164 -13
442 142 -13
442 419 8
442 731 28
442 466 -28
531 815 19
531 533 19
531 223 -8
531 530 8
813 245 -13
813 790 -8
813 837 13
813 814 -8
528 504 28
528 552 -8
528 816 -28
528 224 13
527 219 -13
527 811 13
527 526 28
625 627 19
625 623 -28
627 337 -28
627 64 13
627 629 28
627 626 -28
623 621 8
623 60 28
623 622 28
623 333 -13
835 266 28
835 836 13
835 811 13
835 551 8
266 268 -13
266 264 -13
266 265 -8
836 548 13
836 834 8
836 838 -13
836 263 -13
811 243 8
811 812 -28
811 788 -13
551 549 -13
551 240 -13
551 553 -8
551 550 -8
142 140 8
142 141 19
140 703 8
140 139 -28
140 440 8
141 163 -19
141 119 8
498 195 8
498 787 28
498 499 8
498 474 19
195 194 13
195 197 -28
195 193 -28
195 760 28
787 217 -8
787 785 -13
787 789 8
787 786 28
499 501 -8
499 784 -28
499 497 28
499 192 -13
474 475 -13
474 450 -28
474 172 28
474 763 19
444 421 -13
444 468 13
447 449 8
447 732 28
447 446 8
730 707 13
730 754 28
730 731 -8
712 711 19
712 423 -28
712 710 -19
712 714 -28
712 144 19
711 147 19
711 426 -19
711 734 -13
423 424 13
423 124 28
423 399 19
423 446 8
710 421 13
710 709 19
714 425 8
714 716 -19
714 146 19
714 713 -19
144 449 8
144 167 -19
144 145 28
679 703 8
679 394 -13
679 655 13
679 118 28
679 680 -19
703 418 -13
703 726 -13
394 392 -19
394 92 -13
394 393 13
394 396 19
655 370 -13
655 95 13
655 632 -19
118 117 -19
118 116 19
118 120 -8
680 391 -13
680 682 13
680 678 8
680 115 -28
194 763 13
194 171 -8
194 501 19
194 217 -28
763 762 -19
763 765 13
763 761 19
171 172 13
171 477 13
171 739 13
501 500 13
501 786 13
501 503 19
217 238 13
217 218 28
311 312 -13
311 287 28
336 334 8
336 622 13
336 338 -28
336 38 19
41 40 13
41 39 19
41 598 8
662 98 -28
662 661 19
662 373 13
666 377 -13
666 668 8
666 665 8
375 351 -8
375 78 -28
375 399 -8
375 376 -8
766 790 8
766 481 -28
766 767 28
766 201 28
766 742 8
790 224 -19
790 505 -8
481 479 -19
481 480 13
481 483 -19
481 175 8
767 478 -13
767 769 28
767 765 -19
201 504 13
201 200 19
201 203 -13
201 199 13
742 743 -13
742 178 -28
742 719 13
742 457 19
40 338 13
40 17 -28
338 337 -28
338 340 8
17 577 -8
751 462 28
751 749 -8
751 753 19
751 750 -19
751 182 -19
462 438 8
462 486 8
462 463 13
462 160 -19
749 181 -13
749 748 13
753 752 -13
753 464 -13
753 755 -28
753 184 -28
750 185 28
750 465 13
750 774 19
750 726 -19
182 205 19
182 489 28
182 159 -19
182 183 -13
262 261 19
262 264 19
262 260 19
262 831 8
261 238 8
261 834 8
264 263 -19
264 833 13
260 259 19
260 829 -8
260 258 8
831 832 13
831 547 -8
377 378 -19
378 376 -8
378 380 8
239 546 -19
239 238 13
239 241 -28
784 760 8
784 218 -19
784 785 13
808 520 -8
808 806 -8
808 810 -19
808 237 -13
109 407 -8
109 108 28
109 111 28
109 107 8
109 669 19
407 696 8
407 431 -8
407 408 28
108 85 28
108 410 -8
108 672 -8
108 131 -28
111 409 -19
111 671 13
111 113 -28
111 110 -8
107 405 13
107 667 -19
107 106 -28
669 646 13
669 670 19
669 384 8
669 693 -19
79 380 -28
79 643 -13
380 379 8
380 665 8
380 382 -8
643 645 19
643 642 19
65 64 19
65 67 19
64 42 -8
64 87 28
67 66 8
67 626 -8
67 363 19
646 622 13
646 647 -8
646 86 -28
622 598 -8
647 645 8
647 357 28
647 83 8
86 85 -28
86 84 28
86 88 -13
449 451 -28
449 734 -13
449 448 8
451 450 -13
451 736 -28
451 146 13
451 453 -28
734 758 13
734 735 -28
734 170 8
448 147 19
448 472 19
448 425 -19
448 737 13
440 729 28
440 464 28
393 682 -13
393 95 -28
418 420 8
418 416 28
418 115 -13
841 557 -13
841 842 -28
557 555 28
557 246 -13
557 556 28
842 840 -13
842 554 -13
842 269 -8
147 145 -13
147 149 8
147 146 8
145 709 19
145 446 -8
149 450 19
149 713 -8
149 151 -13
146 125 13
146 169 -13
504 793 -19
504 505 -8
504 480 8
793 223 8
793 792 13
505 507 -28
505 503 -28
480 456 -8
480 178 13
480 769 -19
117 682 -8
117 420 -28
682 681 -8
682 684 13
420 419 -19
420 422 28
718 429 28
718 720 19
718 717 -19
718 150 -19
718 716 28
429 405 -19
429 130 28
429 452 -28
720 152 -19
720 431 -8
720 719 8
720 721 28
717 153 8
717 432 -8
717 693 8
717 740 -28
150 455 -19
150 129 -13
150 173 8
150 151 13
716 715 -8
716 427 -13
507 792 13
507 200 28
507 506 13
792 768 28
792 226 19
792 815 -13
200 223 19
200 769 -13
200 177 -19
506 203 -28
506 530 19
506 482 13
685 661 -28
685 686 -13
685 709 -13
685 124 28
661 376 28
661 638 28
686 684 8
686 397 19
686 688 -28
686 121 -28
709 424 13
709 732 -13
124 126 28
124 122 19
223 244 -13
223 224 28
769 768 19
769 771 -13
177 178 8
177 745 28
177 154 -19
177 483 -28
512 488 13
512 536 -19
512 208 8
512 801 -13
512 513 28
488 185 8
488 777 -19
488 489 -13
488 464 -13
536 537 -13
536 824 13
536 230 13
208 207 28
208 210 -8
208 206 -28
208 774 8
801 799 19
801 800 28
801 802 -13
513 511 -28
513 515 -28
513 798 -19
513 205 -8
349 53 8
349 639 19
349 350 -8
349 325 -19
349 373 13
53 55 19
53 51 -28
53 612 -8
53 52 -8
639 75 19
639 637 8
639 638 -8
350 352 -13
350 636 -28
350 348 -13
350 50 28
325 326 8
325 301 13
325 615 28
325 31 8
373 374 19
373 397 8
373 76 -8
185 183 19
185 187 -19
185 184 19
183 748 -28
183 486 8
187 752 -28
187 490 -13
187 186 -8
187 189 -8
184 161 28
184 207 -19
184 491 13
546 834 -8
546 547 -28
834 833 -8
834 832 19
547 549 13
547 545 -13
547 237 -19
268 270 28
268 267 28
268 837 -13
270 269 -13
270 839 -28
267 244 -19
267 840 -13
837 553 28
837 838 8
351 352 19
351 55 19
351 327 -28
352 52 -28
352 638 -19
55 54 28
55 614 -13
327 328 13
327 33 -28
327 303 -8
327 617 19
304 302 -19
304 590 8
304 306 8
304 7 8
304 303 -28
302 301 28
302 300 -19
302 588 -13
302 5 -8
590 33 8
590 566 19
590 614 28
590 591 19
306 308 8
306 592 28
306 9 -19
7 30 -28
7 8 -19
7 567 -8
303 279 13
303 10 8
303 593 19
238 549 -19
238 810 28
549 548 13
549 833 28
810 812 -8
810 809 -8
384 386 19
384 382 28
384 83 19
672 671 28
672 674 -13
672 670 8
548 524 8
548 241 19
524 500 -13
524 220 13
524 812 28
241 243 -13
241 809 28
241 240 -19
245 552 8
245 244 -28
245 247 -28
245 243 -13
814 816 8
814 812 -8
814 526 -28
85 386 -28
386 671 -19
386 388 19
386 385 -13
391 415 -8
391 93 13
391 392 19
391 367 -19
415 438 -13
415 116 -8
415 416 -8
93 654 8
93 95 -13
93 92 19
392 91 -19
392 677 -19
367 368 8
367 343 28
367 70 19
479 173 19
479 764 -28
479 477 19
479 478 -13
173 196 -13
173 174 -28
173 741 13
764 788 28
764 740 -8
764 765 -19
764 199 13
477 762 28
477 475 28
477 476 19
478 454 -28
478 176 -19
478 502 -8
799 228 19
799 510 -8
799 797 8
799 798 8
228 537 28
228 249 13
228 205 8
510 511 28
510 206 19
510 486 13
510 534 28
797 227 28
797 796 19
798 230 -13
798 821 8
798 774 28
519 518 8
519 803 8
519 517 -28
519 211 -19
518 214 -13
518 542 -19
518 806 -8
518 494 13
803 804 8
803 780 8
803 827 -19
803 236 -19
517 209 8
517 516 28
517 515 19
211 781 -19
211 233 13
211 212 28
681 120 -8
681 396 19
684 119 -8
684 683 19
356 358 19
356 642 19
331 621 19
331 307 8
331 37 -13
645 81 -19
645 644 13
379 82 -8
379 403 13
379 668 -8
358 644 8
358 357 -8
644 84 -28
644 620 -13
644 667 -13
357 333 19
357 381 -28
701 416 28
701 724 -19
701 139 28
701 677 13
724 748 13
724 725 -8
724 160 28
139 438 19
139 138 13
677 678 19
677 116 -28
677 654 19
552 840 -13
552 553 28
840 839 28
840 838 28
553 555 19
161 729 13
161 162 -13
161 467 13
729 727 -13
729 731 28
162 464 -13
162 164 -28
162 160 -19
162 726 13
467 469 -28
467 752 -19
467 465 -8
467 466 -8
310 13 -8
310 308 -28
310 596 -19
310 312 28
310 309 -19
13 36 19
13 573 -8
13 14 19
308 594 13
308 307 -28
596 39 -8
596 572 -28
596 620 -8
596 597 28
312 598 19
312 15 19
309 16 -8
309 285 28
309 599 -28
309 333 -13
555 554 -28
555 244 8
555 839 19
554 247 19
554 530 -28
244 816 13
839 815 19
413 414 19
413 437 -19
413 389 13
414 699 8
414 112 8
414 412 -19
437 460 28
389 390 19
389 365 -13
816 815 -28
816 818 8
577 575 -28
577 287 -8
16 15 -13
16 14 -19
16 572 -13
15 575 -8
15 38 8
14 307 28
14 12 -13
14 570 19
572 286 28
572 573 13
247 815 -28
247 246 28
246 225 -19
246 818 8
246 269 -13
398 96 -28
398 396 -8
398 397 8
398 683 13
96 73 -19
96 97 -19
96 119 -13
397 99 -13
397 421 -28
683 707 19
683 122 -28
683 659 -28
73 374 13
73 637 -28
73 50 8
97 99 -19
97 95 -13
119 120 13
119 422 -28
581 291 -13
581 21 13
581 580 -13
578 602 -13
578 292 -28
485 179 8
485 484 -8
485 483 13
179 747 28
179 202 8
179 180 -13
179 156 8
484 460 -28
484 508 13
483 768 19
483 482 -19
82 81 8
82 84 13
82 642 8
81 382 8
84 381 -28
84 83 19
642 665 -19
98 121 28
98 75 -19
98 99 28
121 424 8
121 122 8
75 376 -28
75 76 8
75 52 13
99 659 -28
54 617 28
54 32 8
614 328 8
614 615 13
614 638 -19
809 786 19
809 833 -19
291 292 -19
291 315 19
292 294 19
315 316 -19
315 605 8
315 339 -13
621 620 8
620 334 -8
438 727 19
727 725 -13
727 159 -13
727 726 -28
138 115 8
138 159 28
115 116 -13
115 92 -19
159 465 8
159 160 19
650 651 19
650 626 -19
650 673 -19
650 90 -8
363 339 -28
363 387 19
363 653 -13
366 652 -19
366 66 -19
366 365 13
707 422 13
422 424 8
422 421 -19
659 374 -19
659 636 8
316 602 -19
316 318 19
602 626 13
602 45 8
602 603 8
318 21 19
318 604 -28
318 317 -28
42 603 -13
42 340 -19
36 597 -19
36 334 -19
36 37 19
597 307 -28
597 599 -19
334 333 -19
37 39 8
37 594 8
747 745 -19
747 458 13
747 746 -28
745 743 -19
745 456 8
745 744 13
458 482 -19
458 435 -28
458 459 19
458 157 -28
746 722 8
746 461 8
21 44 8
125 428 19
125 126 -8
125 690 -28
257 258 13
257 235 -13
257 830 -28
258 827 -28
258 256 -28
235 213 -28
235 545 19
235 806 -19
235 236 13
830 828 -13
830 829 -8
830 542 -28
830 832 -28
214 213 -28
214 216 -28
214 212 8
214 780 -8
213 783 28
213 190 13
216 520 -13
216 782 -19
216 218 8
212 516 19
212 778 19
212 210 13
780 495 -28
780 756 -8
780 781 8
785 783 28
785 496 -13
789 500 13
789 788 19
789 219 28
786 220 19
786 762 -28
460 461 -28
461 156 -28
461 459 19
60 83 -13
60 38 8
533 532 -8
533 225 19
530 226 19
530 818 19
629 66 19
629 339 19
629 628 -28
626 340 19
288 287 28
288 286 -19
288 574 13
286 284 28
286 285 19
574 575 8
574 598 19
421 122 19
468 469 -8
468 492 -19
468 757 19
500 197 -28
500 476 28
197 762 28
197 196 -19
197 199 19
476 452 -8
476 174 13
476 765 19
828 540 28
828 255 -19
828 827 13
828 826 -28
540 516 28
540 234 13
540 541 13
255 256 19
255 233 -13
827 543 -28
826 253 19
826 825 8
826 824 -19
826 538 19
668 667 -28
668 670 19
665 689 -8
768 744 -8
768 203 -8
744 180 19
744 459 -13
203 202 -8
328 326 28
328 30 8
326 324 19
326 28 19
326 612 28
30 52 8
30 31 -13
30 591 13
33 31 -19
33 32 -28
31 29 13
31 588 -13
32 9 19
32 593 28
263 240 8
220 218 28
220 219 -13
219 196 28
219 240 -28
299 275 -8
299 300 28
299 589 13
299 323 8
299 6 -19
275 276 -13
275 565 8
300 3 -8
300 586 28
589 28 -8
589 591 -19
589 588 28
589 587 -8
323 324 13
323 29 8
323 613 13
6 8 19
6 5 8
6 4 -19
6 562 -8
370 69 28
370 368 19
69 92 28
69 47 19
69 70 19
69 633 28
368 654 8
368 68 8
66 44 -8
66 89 28
637 636 28
637 635 -13
638 78 -19
294 293 -19
294 580 19
293 317 28
580 604 19
482 771 -8
482 180 28
832 259 13
832 544 19
202 225 13
202 771 -8
225 226 -28
514 515 28
514 490 13
514 210 -8
514 538 8
514 802 19
515 207 -8
515 800 13
490 779 19
490 466 -8
490 491 19
210 209 -13
210 776 -13
538 539 13
538 232 -19
802 231 13
802 804 -28
333 39 -19
279 280 28
279 569 -19
10 9 -13
10 8 -13
10 566 8
10 12 -13
593 592 28
593 591 -28
39 38 -13
38 599 19
592 568 8
9 569 -28
569 567 8
569 571 -13
569 568 -13
226 224 19
605 604 19
605 44 -19
605 603 19
604 628 28
44 342 -13
44 45 8
573 575 -13
573 283 -8
573 571 -28
454 743 28
454 153 -19
454 455 8
454 431 -28
176 178 19
176 174 -19
176 740 -8
176 175 19
502 503 -19
502 199 28
502 526 13
575 285 -19
78 76 13
76 636 -8
456 433 19
456 155 -19
456 457 -8
178 180 19
434 432 13
434 719 8
434 433 28
434 131 -13
434 436 -13
432 431 -8
432 129 13
719 695 -28
719 155 13
433 409 28
433 721 -13
433 134 -8
131 152 -19
131 696 13
131 132 -19
436 435 28
436 133 28
542 543 8
542 236 -28
806 805 8
806 804 19
494 783 28
494 495 -28
494 191 -8
494 470 -19
838 265 28
838 550 -19
520 544 8
520 496 13
544 545 -8
496 497 28
496 472 -19
496 193 -28
381 405 19
381 670 19
381 382 -28
654 630 19
630 631 13
630 344 13
630 606 -13
630 70 -8
598 599 19
632 346 -28
632 72 28
632 633 -13
743 175 19
743 741 8
175 152 -8
741 739 -13
741 452 -8
741 740 -13
508 532 13
23 583 28
23 46 19
23 320 -13
23 0 28
583 582 28
46 68 13
46 344 8
46 607 28
320 319 8
320 606 28
320 322 19
0 296 28
0 559 -28
253 254 8
253 231 28
254 823 19
254 252 -28
254 256 19
231 209 -8
231 232 -28
231 541 28
83 106 -8
783 782 28
783 781 -8
782 805 13
782 758 -13
782 497 -8
781 779 -8
781 492 8
209 779 13
209 186 -28
779 778 -8
779 777 -8
186 493 19
186 163 19
186 755 -19
651 653 -28
651 87 8
653 652 -8
653 89 -19
87 388 -19
87 110 13
87 88 -13
617 615 13
526 550 28
284 283 -28
284 570 -13
284 282 -28
283 307 8
570 594 -28
570 571 -13
282 281 13
282 568 -8
282 280 -19
823 824 -8
823 539 -28
823 800 -19
824 251 19
824 822 -8
539 537 8
539 229 -8
539 541 -19
800 776 13
800 232 -19
722 723 -28
324 26 -19
324 322 19
324 610 19
26 3 -28
26 587 -13
322 24 -19
322 321 -13
610 634 -13
610 611 28
610 51 28
610 586 -19
243 550 -13
29 586 -13
29 28 -19
586 562 -8
586 587 8
28 5 28
28 50 28
190 497 -13
190 167 28
190 759 -13
190 191 -19
612 636 28
612 613 28
612 588 8
259 237 8
762 738 8
788 503 8
340 342 -28
340 339 -19
68 631 -19
68 91 -19
631 633 -8
634 348 8
634 635 -13
348 346 13
635 345 13
635 71 -28
635 633 28
829 545 -19
829 805 19
545 543 19
495 497 13
495 493 -13
493 778 28
493 492 8
493 491 28
301 8 -13
301 591 13
301 277 -8
8 564 19
277 567 -8
277 278 13
71 72 8
374 376 -19
537 535 8
537 821 19
535 227 -8
535 534 19
821 252 28
821 822 -13
24 1 28
24 47 -28
24 25 28
587 297 8
295 319 -28
295 296 19
295 2 28
295 271 -19
50 51 28
50 613 -19
695 410 19
695 671 -8
695 134 13
695 696 -28
410 409 28
410 408 -8
410 412 -19
134 133 -19
134 136 28
134 132 -8
696 694 -13
696 698 28
192 169 -8
192 761 -13
192 193 -19
516 492 8
516 804 -8
492 189 -19
804 233 -19
193 758 13
193 191 19
760 475 -28
760 736 -13
760 761 13
273 274 -13
273 297 28
273 563 28
274 276 19
274 272 13
297 321 -8
297 4 -28
563 562 -28
563 565 19
563 561 -8
563 3 -13
765 196 13
12 568 28
281 571 -13
346 344 8
346 47 8
346 345 -28
344 343 -13
47 609 -19
47 48 19
345 49 13
345 321 19
543 233 13
543 541 -8
233 234 -19
541 825 -8
409 385 -13
409 698 -28
721 154 13
721 723 8
435 411 -8
435 723 -13
435 136 -8
133 698 8
133 110 -28
133 154 8
812 240 13
778 754 13
754 469 -8
754 755 -19
754 189 28
698 700 -19
698 697 13
110 412 -19
110 674 -13
154 459 -28
154 155 28
511 204 19
511 796 -13
205 206 -19
205 775 8
280 278 13
280 566 -8
819 250 -28
819 796 -19
819 820 -19
250 252 -13
250 249 -8
796 772 -8
820 248 13
820 822 -13
457 152 19
457 455 19
457 459 -28
52 615 -28
319 25 -13
319 609 8
319 343 8
25 582 -19
609 611 -19
609 607 -28
343 633 -8
343 48 8
431 132 28
408 693 13
408 406 -8
408 106 -19
1 2 -28
1 561 -28
256 825 8
758 473 -13
758 759 19
88 385 -19
88 90 28
566 567 8
606 582 13
606 607 13
606 48 -19
70 72 28
615 613 19
613 611 28
341 365 19
341 342 28
341 317 28
342 628 -8
5 565 13
156 135 -28
156 723 -8
156 157 13
699 700 -13
699 675 19
112 135 -8
112 113 -19
112 676 -19
112 89 19
412 411 28
412 697 -8
756 191 -8
756 732 28
756 757 -19
191 189 -13
732 168 13
757 755 -13
757 759 13
252 251 19
251 229 -28
153 152 19
153 151 -8
153 155 28
455 740 -28
455 453 19
470 168 28
470 446 -19
470 759 -13
419 120 28
167 168 8
167 735 -28
167 473 28
759 761 -19
738 739 28
738 174 13
738 453 28
738 715 -13
230 229 13
230 232 -8
229 207 8
207 777 13
45 339 8
236 234 13
469 163 -13
163 164 13
163 731 -13
132 130 -28
132 693 13
503 196 -13
276 562 13
276 278 -8
565 564 19
565 567 -19
49 51 -8
49 48 13
321 611 28
3 4 13
403 427 13
427 450 8
427 428 -8
4 2 19
411 113 28
411 700 -8
411 387 28
136 135 -8
136 697 13
777 776 -8
777 775 28
135 700 8
475 473 -28
475 169 13
473 472 28
169 170 19
169 737 -28
752 776 -8
776 491 28
385 674 -28
775 773 -13
775 486 28
775 774 -8
450 739 8
739 737 -8
155 157 8
466 164 13
466 755 8
491 489 -19
172 174 -13
172 170 -19
172 736 28
170 168 -19
170 472 28
736 737 -19
736 713 8
472 761 13
822 249 28
822 534 -28
232 234 19
296 582 28
582 558 -13
564 278 -13
564 588 -13
424 426 -19
426 428 28
426 425 -28
204 773 -19
204 181 28
204 227 13
405 694 13
405 406 -13
694 693 -13
694 129 -28
406 691 8
735 446 -13
735 737 -28
390 388 -28
390 89 -19
390 675 -19
388 673 8
388 387 -13
89 90 19
675 652 19
675 676 8
773 772 28
772 206 28
772 748 8
772 487 -8
715 691 28
715 151 -13
428 713 8
532 556 -28
130 129 13
130 691 8
129 106 -28
691 667 -28
697 673 28
272 558 -19
272 271 13
248 227 -13
113 673 8
387 90 28
387 676 8
452 151 13
452 453 -28
673 674 19
674 676 -19
106 670 19
558 559 8
558 2 8
559 561 8
628 652 8
271 561 28
399 688 28
425 126 -8
688 690 8
486 487 -13
667 382 13
748 463 -8
487 489 -19
487 181 -28
774 489 -13
689 713 28
689 690 -13
464 465 -13
120 122 -13
465 463 -19
