127 692 -28
127 148 19
127 430 13
127 128 28
127 104 -8
692 403 -28
692 691 28
692 694 -28
692 690 -28
148 171 -28
148 149 19
148 453 8
148 716 8
430 432 19
430 429 -13
430 715 13
430 428 -28
128 130 8
128 427 -19
128 126 19
128 689 -19
104 105 -13
104 406 -28
104 668 19
104 81 19
523 215 8
523 521 -13
523 522 13
523 525 -8
523 807 19
215 216 -19
215 192 -13
215 785 -13
215 237 13
521 519 -19
521 520 -28
521 213 -13
521 805 -19
522 498 13
522 546 -8
522 810 -13
522 218 13
525 217 -19
525 527 -8
525 809 -13
525 524 19
807 239 -19
807 784 19
807 831 28
807 808 8
289 290 -19
289 313 -13
289 579 -28
290 576 -13
290 288 -8
290 292 -28
313 20 28
313 603 8
313 337 -8
313 314 -8
579 577 -28
579 19 8
579 581 8
579 578 -19
359 335 -28
359 649 -8
359 360 8
359 383 13
359 63 19
335 625 19
335 311 8
335 336 -8
335 41 13
649 85 13
649 651 13
649 647 -28
649 648 -28
360 362 -19
360 646 19
360 358 8
360 60 28
383 384 -8
383 672 28
383 407 13
383 86 28
63 65 -19
63 61 8
63 622 -8
63 62 13
706 417 -28
706 704 19
706 705 -28
706 708 13
417 440 -13
417 393 28
417 418 -13
417 118 -8
704 138 -28
704 703 -13
704 702 28
704 415 -19
705 142 -8
705 420 19
705 681 -8
705 728 8
708 707 19
708 141 -8
708 710 -28
708 419 -8
137 114 19
137 439 13
137 702 8
137 158 13
114 678 19
114 91 -8
114 416 -8
439 438 -28
439 724 19
439 441 -19
702 701 -13
158 181 -8
158 463 -28
158 725 13
362 62 -13
362 648 -19
362 361 -28
362 364 28
62 625 -19
62 40 -13
648 624 8
648 671 -28
648 88 8
361 65 28
361 651 19
361 337 -19
361 385 19
364 650 8
364 363 -13
364 64 -19
364 366 13
329 35 13
329 619 28
329 353 13
329 330 28
329 305 13
35 34 28
35 33 28
35 37 -28
35 592 -28
619 621 13
619 56 19
619 618 -19
619 617 19
353 377 -8
353 643 -8
353 354 28
353 57 19
330 328 -19
330 616 -19
330 32 -28
330 332 28
305 306 19
305 12 -28
305 281 -13
305 595 13
658 656 -8
658 94 28
658 657 -19
658 660 8
658 369 28
656 655 -13
656 367 -8
656 92 28
94 117 13
94 71 -19
94 95 -28
94 396 -28
657 634 -13
657 372 13
657 681 13
657 97 -28
660 371 -8
660 96 -28
660 659 13
660 662 8
369 370 8
369 345 -13
369 393 13
369 72 -28
165 471 13
165 188 -8
165 166 -28
165 733 28
165 143 28
471 756 8
471 469 8
471 470 -19
471 473 -19
188 495 -19
188 211 -8
188 757 13
188 189 -8
166 468 8
166 168 19
166 164 8
166 730 19
733 444 8
733 735 -19
733 731 -13
733 732 -8
143 447 -13
143 121 28
143 710 13
34 595 13
34 11 -13
34 332 19
34 56 -8
595 594 13
595 597 -28
595 593 -28
11 12 19
11 571 28
11 308 -8
332 334 -28
332 618 8
332 331 -28
56 79 13
56 57 19
56 356 -28
20 18 -8
20 576 8
20 22 13
20 19 -19
18 16 8
18 311 -19
18 574 28
18 17 28
576 600 19
576 577 -13
22 315 19
22 21 8
22 578 -28
19 316 -8
19 42 19
221 791 13
221 529 28
221 222 -19
221 198 13
221 242 13
791 793 19
791 789 13
791 502 -28
791 790 -8
529 531 28
529 813 -28
529 528 -13
529 527 28
222 220 -19
222 526 28
222 224 -28
222 788 13
198 767 -19
198 505 -28
198 199 28
198 175 -13
242 243 -8
242 814 13
242 265 -28
242 553 19
402 404 28
402 401 -28
402 400 13
402 100 -13
402 687 19
404 102 -13
404 403 -8
404 406 -28
404 689 -8
401 103 -19
401 377 28
401 425 13
401 690 -19
400 685 -28
400 398 13
400 98 -28
400 399 28
100 664 13
100 77 -28
100 123 8
100 101 -13
687 688 28
687 711 19
687 663 28
687 126 -13
664 662 -8
664 666 -8
664 663 -13
664 375 -19
77 78 -8
77 54 28
77 641 -19
77 378 -19
123 426 -28
123 688 19
123 124 19
123 144 -8
101 103 13
101 99 28
101 399 28
101 661 19
600 314 -8
600 624 -28
600 601 -28
600 43 -8
314 316 -19
314 312 28
314 17 -8
624 625 -13
624 65 8
624 338 -28
601 40 13
601 599 19
601 311 -19
601 603 13
43 41 28
43 337 -28
43 42 -8
43 45 13
794 817 8
794 795 -13
794 770 -13
794 509 13
817 841 28
817 818 13
817 533 -8
795 793 19
795 506 -8
795 225 -19
770 485 -28
770 771 -13
770 746 19
509 507 -13
509 202 -28
509 508 28
371 74 28
371 395 -13
371 372 19
371 347 -19
74 634 -13
74 73 19
74 76 19
74 72 -8
395 419 19
395 396 -8
395 684 -8
395 97 -19
372 370 13
372 71 -8
372 374 28
347 348 -28
347 51 -19
347 323 -28
347 637 28
103 102 -13
103 663 -13
103 105 19
102 79 -28
102 125 19
102 666 -19
663 640 8
663 378 -13
105 403 8
105 665 -28
105 107 -13
584 27 19
584 585 -8
584 608 19
584 298 -13
584 560 -28
27 29 8
27 321 -8
27 26 8
27 25 28
585 24 13
585 583 8
585 587 8
585 295 -13
608 632 -8
608 322 -19
608 49 19
608 609 -8
298 300 28
298 296 -8
298 297 8
298 1 19
560 274 19
560 561 -8
560 4 -8
59 57 -19
59 61 -13
59 355 28
59 58 -8
59 618 19
57 55 -19
57 616 -13
61 60 19
61 357 -19
61 620 28
355 356 28
355 331 8
355 645 -13
355 379 28
58 358 -19
58 621 -13
58 36 19
58 81 13
618 594 -8
618 642 -28
640 80 19
640 616 13
640 641 8
640 354 19
80 377 19
80 79 13
80 82 19
80 78 -13
616 592 -28
616 617 -28
641 351 -13
641 639 19
641 643 -13
354 54 -13
354 352 -8
354 356 -28
443 441 -8
443 445 28
443 728 -28
443 442 8
441 138 8
441 440 28
441 726 8
445 444 -28
445 447 8
445 730 19
445 141 8
728 752 13
728 729 -19
728 164 19
442 142 -19
442 419 13
442 731 8
442 466 -13
531 815 -13
531 533 -19
531 223 19
531 530 -28
813 245 28
813 790 -19
813 837 -28
813 814 19
528 504 -28
528 552 19
528 816 19
528 224 -8
527 219 8
527 811 19
527 526 -19
625 627 -19
625 623 19
627 337 -28
627 64 13
627 629 19
627 626 8
623 621 -8
623 60 19
623 622 19
623 333 8
835 266 -28
835 836 13
835 811 8
835 551 28
266 268 8
266 264 28
266 265 -13
836 548 -28
836 834 8
836 838 -8
836 263 19
811 243 8
811 812 -13
811 788 13
551 549 -19
551 240 -13
551 553 13
551 550 8
142 140 28
142 141 8
140 703 8
140 139 13
140 440 28
141 163 13
141 119 8
498 195 13
498 787 -19
498 499 13
498 474 13
195 194 -19
195 197 -28
195 193 -19
195 760 8
787 217 13
787 785 19
787 789 -8
787 786 8
499 501 28
499 784 19
499 497 28
499 192 28
474 475 -8
474 450 8
474 172 13
474 763 8
444 421 -13
444 468 -8
447 449 19
447 732 -19
447 446 -13
730 707 28
730 754 -19
730 731 -8
712 711 -19
712 423 -19
712 710 -13
712 714 13
712 144 -8
711 147 -19
711 426 -28
711 734 -28
423 424 8
423 124 -13
423 399 -13
423 446 19
710 421 -8
710 709 19
714 425 -28
714 716 13
714 146 13
714 713 13
144 449 28
144 167 13
144 145 -13
679 703 -28
679 394 13
679 655 -8
679 118 -28
679 680 -19
703 418 8
703 726 8
394 392 13
394 92 -28
394 393 -8
394 396 -13
655 370 28
655 95 -13
655 632 -13
118 117 13
118 116 -28
118 120 -28
680 391 8
680 682 -28
680 678 -13
680 115 -13
194 763 19
194 171 -19
194 501 28
194 217 -19
763 762 19
763 765 -28
763 761 13
171 172 13
171 477 8
171 739 19
501 500 8
501 786 -19
501 503 19
217 238 -19
217 218 19
311 312 -13
311 287 13
336 334 8
336 622 -19
336 338 8
336 38 19
41 40 -8
41 39 -8
41 598 -8
662 98 -8
662 661 13
662 373 -19
666 377 28
666 668 -28
666 665 13
375 351 -13
375 78 -19
375 399 8
375 376 -28
766 790 13
766 481 19
766 767 -19
766 201 13
766 742 28
790 224 13
790 505 -13
481 479 19
481 480 -19
481 483 -19
481 175 -8
767 478 -8
767 769 -19
767 765 8
201 504 8
201 200 8
201 203 13
201 199 -8
742 743 28
742 178 -8
742 719 28
742 457 -19
40 338 -19
40 17 8
338 337 -13
338 340 -13
17 577 28
751 462 19
751 749 8
751 753 -13
751 750 28
751 182 28
462 438 -8
462 486 -28
462 463 28
462 160 -8
749 181 -28
749 748 13
753 752 -8
753 464 8
753 755 -19
753 184 -28
750 185 28
750 465 -28
750 774 8
750 726 13
182 205 -28
182 489 28
182 159 19
182 183 -28
262 261 -28
262 264 28
262 260 -13
262 831 8
261 238 -8
261 834 8
264 263 -8
264 833 8
260 259 13
260 829 28
260 258 -19
831 832 19
831 547 -13
377 378 13
378 376 -8
378 380 28
239 546 8
239 238 -8
239 241 19
784 760 28
784 218 -19
784 785 19
808 520 13
808 806 -28
808 810 19
808 237 19
109 407 28
109 108 -19
109 111 -13
109 107 28
109 669 28
407 696 13
407 431 19
407 408 19
108 85 8
108 410 13
108 672 -19
108 131 -28
111 409 -19
111 671 28
111 113 19
111 110 -19
107 405 19
107 667 -28
107 106 -8
669 646 19
669 670 28
669 384 -28
669 693 -8
79 380 -13
79 643 -19
380 379 -8
380 665 19
380 382 13
643 645 -8
643 642 8
65 64 8
65 67 -28
64 42 -8
64 87 13
67 66 19
67 626 13
67 363 -28
646 622 28
646 647 8
646 86 -19
622 598 -19
647 645 -8
647 357 8
647 83 -8
86 85 13
86 84 -19
86 88 -8
449 451 19
449 734 -8
449 448 -28
451 450 -19
451 736 8
451 146 8
451 453 28
734 758 8
734 735 13
734 170 13
448 147 19
448 472 28
448 425 -28
448 737 19
440 729 -28
440 464 19
393 682 8
393 95 8
418 420 -19
418 416 28
418 115 -19
841 557 19
841 842 -8
557 555 -19
557 246 28
557 556 -8
842 840 19
842 554 -28
842 269 28
147 145 -19
147 149 8
147 146 28
145 709 8
145 446 -19
149 450 19
149 713 -8
149 151 -13
146 125 -28
146 169 -8
504 793 -19
504 505 19
504 480 -13
793 223 13
793 792 28
505 507 -19
505 503 -19
480 456 28
480 178 -8
480 769 19
117 682 13
117 420 13
682 681 28
682 684 28
420 419 -8
420 422 19
718 429 -13
718 720 28
718 717 -19
718 150 -8
718 716 28
429 405 13
429 130 -28
429 452 -19
720 152 -8
720 431 -13
720 719 8
720 721 28
717 153 8
717 432 19
717 693 28
717 740 -28
150 455 -13
150 129 19
150 173 8
150 151 28
716 715 28
716 427 -28
507 792 8
507 200 19
507 506 19
792 768 -28
792 226 -19
792 815 8
200 223 28
200 769 28
200 177 28
506 203 -19
506 530 -13
506 482 19
685 661 8
685 686 28
685 709 -13
685 124 -28
661 376 -8
661 638 13
686 684 -28
686 397 8
686 688 -8
686 121 -8
709 424 -8
709 732 13
124 126 8
124 122 -19
223 244 -19
223 224 8
769 768 28
769 771 13
177 178 8
177 745 8
177 154 -28
177 483 8
512 488 -8
512 536 -13
512 208 19
512 801 28
512 513 -28
488 185 -19
488 777 -13
488 489 28
488 464 -19
536 537 -13
536 824 -8
536 230 19
208 207 -8
208 210 -13
208 206 8
208 774 -13
801 799 -13
801 800 -28
801 802 19
513 511 28
513 515 28
513 798 -28
513 205 -13
349 53 -13
349 639 -19
349 350 8
349 325 28
349 373 19
53 55 -13
53 51 19
53 612 28
53 52 13
639 75 -28
639 637 -19
639 638 -13
350 352 13
350 636 -13
350 348 -28
350 50 -19
325 326 28
325 301 -28
325 615 28
325 31 19
373 374 13
373 397 -19
373 76 -19
185 183 28
185 187 -19
185 184 -13
183 748 -28
183 486 13
187 752 19
187 490 28
187 186 19
187 189 19
184 161 28
184 207 -19
184 491 28
546 834 -19
546 547 19
834 833 13
834 832 19
547 549 -13
547 545 -28
547 237 -8
268 270 13
268 267 -19
268 837 8
270 269 -28
270 839 -19
267 244 -28
267 840 -19
837 553 -19
837 838 13
351 352 19
351 55 28
351 327 28
352 52 8
352 638 8
55 54 13
55 614 -8
327 328 -28
327 33 -19
327 303 28
327 617 -13
304 302 -19
304 590 19
304 306 -28
304 7 19
304 303 -28
302 301 -13
302 300 -28
302 588 -28
302 5 28
590 33 8
590 566 -28
590 614 8
590 591 19
306 308 13
306 592 19
306 9 -28
7 30 -13
7 8 19
7 567 -19
303 279 -13
303 10 -8
303 593 -8
238 549 -13
238 810 -19
549 548 -8
549 833 -8
810 812 13
810 809 8
384 386 8
384 382 -13
384 83 19
672 671 -13
672 674 -19
672 670 -28
548 524 -13
548 241 -28
524 500 -19
524 220 19
524 812 8
241 243 8
241 809 28
241 240 -28
245 552 8
245 244 8
245 247 -13
245 243 -13
814 816 19
814 812 -13
814 526 -19
85 386 -13
386 671 19
386 388 28
386 385 -13
391 415 -13
391 93 -13
391 392 13
391 367 13
415 438 8
415 116 -13
415 416 19
93 654 -28
93 95 -8
93 92 8
392 91 -28
392 677 -19
367 368 -28
367 343 13
367 70 -13
479 173 8
479 764 -28
479 477 28
479 478 -8
173 196 -13
173 174 19
173 741 13
764 788 -8
764 740 28
764 765 8
764 199 13
477 762 -19
477 475 8
477 476 8
478 454 8
478 176 19
478 502 19
799 228 19
799 510 8
799 797 -19
799 798 13
228 537 13
228 249 28
228 205 -8
510 511 19
510 206 13
510 486 -13
510 534 19
797 227 -8
797 796 13
798 230 -8
798 821 13
798 774 -13
519 518 -13
519 803 19
519 517 -13
519 211 13
518 214 -13
518 542 -19
518 806 -19
518 494 -13
803 804 8
803 780 28
803 827 -28
803 236 -19
517 209 19
517 516 28
517 515 -8
211 781 -8
211 233 13
211 212 -19
681 120 19
681 396 -28
684 119 8
684 683 -19
356 358 -8
356 642 -13
331 621 13
331 307 13
331 37 19
645 81 8
645 644 -8
379 82 -19
379 403 -13
379 668 -28
358 644 -28
358 357 19
644 84 28
644 620 -13
644 667 -8
357 333 -8
357 381 -8
701 416 13
701 724 -8
701 139 28
701 677 19
724 748 -8
724 725 8
724 160 -19
139 438 -19
139 138 -8
677 678 -28
677 116 19
677 654 28
552 840 -8
552 553 -8
840 839 -19
840 838 19
553 555 28
161 729 -19
161 162 -19
161 467 -8
729 727 -19
729 731 19
162 464 -19
162 164 -13
162 160 28
162 726 13
467 469 28
467 752 28
467 465 -13
467 466 -19
310 13 28
310 308 19
310 596 19
310 312 28
310 309 19
13 36 19
13 573 19
13 14 -19
308 594 28
308 307 13
596 39 28
596 572 8
596 620 -8
596 597 8
312 598 13
312 15 8
309 16 8
309 285 8
309 599 28
309 333 -8
555 554 -13
555 244 -8
555 839 13
554 247 19
554 530 13
244 816 19
839 815 -13
413 414 -19
413 437 13
413 389 8
414 699 -13
414 112 -28
414 412 19
437 460 13
389 390 13
389 365 13
816 815 8
816 818 8
577 575 -28
577 287 13
16 15 -28
16 14 -28
16 572 19
15 575 28
15 38 28
14 307 -8
14 12 -13
14 570 -19
572 286 -28
572 573 -13
247 815 13
247 246 28
246 225 -13
246 818 28
246 269 -8
398 96 28
398 396 28
398 397 -13
398 683 8
96 73 13
96 97 19
96 119 13
397 99 8
397 421 13
683 707 -28
683 122 -8
683 659 -13
73 374 -8
73 637 28
73 50 -13
97 99 19
97 95 -28
119 120 -8
119 422 19
581 291 -28
581 21 13
581 580 8
578 602 -19
578 292 8
485 179 8
485 484 -13
485 483 13
179 747 8
179 202 -13
179 180 13
179 156 19
484 460 13
484 508 -8
483 768 -28
483 482 -8
82 81 8
82 84 -28
82 642 -13
81 382 19
84 381 -28
84 83 -13
642 665 -13
98 121 -28
98 75 13
98 99 -19
121 424 19
121 122 13
75 376 19
75 76 -28
75 52 19
99 659 -13
54 617 -13
54 32 -8
614 328 13
614 615 -13
614 638 28
809 786 -19
809 833 13
291 292 -13
291 315 8
292 294 28
315 316 -13
315 605 -19
315 339 -28
621 620 -28
620 334 -8
438 727 8
727 725 -19
727 159 -19
727 726 -19
138 115 13
138 159 -19
115 116 -19
115 92 28
159 465 13
159 160 -28
650 651 -28
650 626 28
650 673 28
650 90 -8
363 339 -28
363 387 -19
363 653 -13
366 652 19
366 66 -28
366 365 -8
707 422 -19
422 424 13
422 421 -19
659 374 8
659 636 -19
316 602 13
316 318 19
602 626 8
602 45 8
602 603 8
318 21 13
318 604 -19
318 317 28
42 603 -8
42 340 -19
36 597 19
36 334 -19
36 37 -13
597 307 8
597 599 -13
334 333 13
37 39 28
37 594 28
747 745 13
747 458 28
747 746 8
745 743 -19
745 456 -13
745 744 -8
458 482 -13
458 435 -19
458 459 28
458 157 -19
746 722 8
746 461 -8
21 44 19
125 428 -13
125 126 8
125 690 -13
257 258 8
257 235 -28
257 830 -8
258 827 28
258 256 13
235 213 -19
235 545 -13
235 806 28
235 236 -13
830 828 8
830 829 13
830 542 -28
830 832 8
214 213 -8
214 216 -8
214 212 -19
214 780 8
213 783 -8
213 190 19
216 520 -13
216 782 13
216 218 -8
212 516 -13
212 778 -28
212 210 28
780 495 -8
780 756 -28
780 781 -13
785 783 19
785 496 -28
789 500 19
789 788 -8
789 219 8
786 220 -13
786 762 -13
460 461 -8
461 156 8
461 459 -28
60 83 13
60 38 19
533 532 -13
533 225 28
530 226 -13
530 818 19
629 66 -28
629 339 13
629 628 -13
626 340 28
288 287 8
288 286 28
288 574 13
286 284 -13
286 285 -28
574 575 19
574 598 13
421 122 13
468 469 28
468 492 -28
468 757 28
500 197 -19
500 476 -28
197 762 13
197 196 13
197 199 -28
476 452 13
476 174 -28
476 765 -8
828 540 28
828 255 -13
828 827 -19
828 826 -8
540 516 8
540 234 13
540 541 8
255 256 13
255 233 -19
827 543 -8
826 253 13
826 825 28
826 824 -8
826 538 -13
668 667 -8
668 670 -19
665 689 -19
768 744 -8
768 203 -8
744 180 -8
744 459 13
203 202 13
328 326 -19
328 30 -13
326 324 8
326 28 19
326 612 -13
30 52 -19
30 31 -8
30 591 -13
33 31 8
33 32 19
31 29 19
31 588 -13
32 9 -28
32 593 13
263 240 -19
220 218 -28
220 219 28
219 196 -28
219 240 -19
299 275 19
299 300 -13
299 589 13
299 323 -28
299 6 -8
275 276 8
275 565 8
300 3 13
300 586 -28
589 28 -19
589 591 -28
589 588 19
589 587 -28
323 324 13
323 29 13
323 613 -13
6 8 -13
6 5 -19
6 4 13
6 562 -28
370 69 -8
370 368 13
69 92 8
69 47 -8
69 70 8
69 633 13
368 654 13
368 68 -19
66 44 -19
66 89 -8
637 636 28
637 635 -28
638 78 -19
294 293 13
294 580 -8
293 317 8
580 604 -8
482 771 -8
482 180 8
832 259 -8
832 544 19
202 225 -28
202 771 -19
225 226 19
514 515 13
514 490 28
514 210 -8
514 538 8
514 802 -28
515 207 28
515 800 -28
490 779 -19
490 466 -28
490 491 -13
210 209 13
210 776 -28
538 539 19
538 232 8
802 231 8
802 804 -19
333 39 -19
279 280 -8
279 569 8
10 9 -19
10 8 -8
10 566 28
10 12 -8
593 592 8
593 591 8
39 38 -13
38 599 -13
592 568 -8
9 569 -8
569 567 8
569 571 13
569 568 19
226 224 19
605 604 -8
605 44 -13
605 603 19
604 628 -28
44 342 -8
44 45 28
573 575 -13
573 283 28
573 571 -8
454 743 -19
454 153 28
454 455 19
454 431 -19
176 178 28
176 174 28
176 740 13
176 175 13
502 503 19
502 199 -28
502 526 -19
575 285 -13
78 76 -13
76 636 8
456 433 -19
456 155 -8
456 457 -8
178 180 -8
434 432 19
434 719 8
434 433 13
434 131 -13
434 436 -19
432 431 -13
432 129 8
719 695 13
719 155 8
433 409 19
433 721 13
433 134 19
131 152 13
131 696 28
131 132 -28
436 435 -8
436 133 19
542 543 -8
542 236 -19
806 805 -28
806 804 -19
494 783 -8
494 495 8
494 191 -19
494 470 19
838 265 -19
838 550 8
520 544 -28
520 496 28
544 545 28
496 497 -8
496 472 19
496 193 -13
381 405 8
381 670 -28
381 382 8
654 630 8
630 631 -13
630 344 19
630 606 19
630 70 -13
598 599 -13
632 346 8
632 72 13
632 633 -8
743 175 28
743 741 19
175 152 -19
741 739 -28
741 452 8
741 740 13
508 532 -19
23 583 -8
23 46 -8
23 320 -19
23 0 19
583 582 -19
46 68 -8
46 344 -8
46 607 -13
320 319 -13
320 606 28
320 322 -19
0 296 -13
0 559 8
253 254 -8
253 231 -8
254 823 13
254 252 19
254 256 -19
231 209 8
231 232 -28
231 541 -13
83 106 28
783 782 28
783 781 19
782 805 13
782 758 8
782 497 -13
781 779 -28
781 492 -28
209 779 -19
209 186 28
779 778 8
779 777 -8
186 493 19
186 163 28
186 755 13
651 653 -8
651 87 -19
653 652 -8
653 89 -28
87 388 19
87 110 -8
87 88 -8
617 615 -19
526 550 13
284 283 28
284 570 -28
284 282 8
283 307 13
570 594 13
570 571 -19
282 281 19
282 568 -28
282 280 -19
823 824 19
823 539 8
823 800 8
824 251 28
824 822 19
539 537 -28
539 229 -28
539 541 -8
800 776 28
800 232 -19
722 723 13
324 26 28
324 322 -13
324 610 -19
26 3 19
26 587 -19
322 24 19
322 321 28
610 634 13
610 611 -19
610 51 8
610 586 -28
243 550 19
29 586 -13
29 28 8
586 562 -13
586 587 -8
28 5 13
28 50 -13
190 497 19
190 167 -13
190 759 19
190 191 8
612 636 -13
612 613 -19
612 588 8
259 237 -8
762 738 8
788 503 19
340 342 8
340 339 -19
68 631 -8
68 91 8
631 633 -19
634 348 -19
634 635 19
348 346 -8
635 345 19
635 71 19
635 633 28
829 545 19
829 805 28
545 543 19
495 497 -13
495 493 -28
493 778 -8
493 492 -28
493 491 13
301 8 13
301 591 -28
301 277 28
8 564 13
277 567 -13
277 278 8
71 72 -8
374 376 -19
537 535 13
537 821 -13
535 227 -13
535 534 -28
821 252 13
821 822 -8
24 1 -13
24 47 13
24 25 13
587 297 19
295 319 19
295 296 -8
295 2 -8
295 271 -8
50 51 -8
50 613 8
695 410 -28
695 671 8
695 134 19
695 696 8
410 409 -13
410 408 -8
410 412 8
134 133 -8
134 136 -13
134 132 -28
696 694 8
696 698 19
192 169 8
192 761 -19
192 193 -28
516 492 19
516 804 -28
492 189 8
804 233 -19
193 758 -8
193 191 -13
760 475 13
760 736 -13
760 761 13
273 274 19
273 297 28
273 563 -28
274 276 28
274 272 19
297 321 -8
297 4 19
563 562 -8
563 565 8
563 561 -13
563 3 -28
765 196 -19
12 568 28
281 571 13
346 344 -13
346 47 -19
346 345 28
344 343 8
47 609 19
47 48 19
345 49 8
345 321 -13
543 233 19
543 541 28
233 234 13
541 825 -8
409 385 28
409 698 -19
721 154 -8
721 723 -8
435 411 -28
435 723 -19
435 136 28
133 698 -13
133 110 28
133 154 13
812 240 -8
778 754 28
754 469 -19
754 755 -13
754 189 28
698 700 -28
698 697 -28
110 412 28
110 674 28
154 459 -8
154 155 -8
511 204 28
511 796 -28
205 206 13
205 775 -8
280 278 -13
280 566 -28
819 250 -19
819 796 8
819 820 -8
250 252 -28
250 249 8
796 772 19
820 248 8
820 822 28
457 152 -28
457 455 28
457 459 28
52 615 13
319 25 13
319 609 19
319 343 28
25 582 13
609 611 -8
609 607 -8
343 633 8
343 48 13
431 132 8
408 693 -28
408 406 -19
408 106 19
1 2 19
1 561 -8
256 825 -19
758 473 -28
758 759 -28
88 385 -13
88 90 28
566 567 19
606 582 -19
606 607 28
606 48 13
70 72 -8
615 613 -28
613 611 19
341 365 8
341 342 -19
341 317 -8
342 628 8
5 565 8
156 135 -8
156 723 -8
156 157 8
699 700 -28
699 675 -13
112 135 13
112 113 -13
112 676 -13
112 89 -8
412 411 13
412 697 8
756 191 -19
756 732 8
756 757 8
191 189 28
732 168 -28
757 755 -19
757 759 28
252 251 13
251 229 19
153 152 -28
153 151 8
153 155 28
455 740 8
455 453 8
470 168 19
470 446 19
470 759 -28
419 120 -28
167 168 19
167 735 -28
167 473 -8
759 761 28
738 739 28
738 174 -28
738 453 -8
738 715 8
230 229 28
230 232 28
229 207 -8
207 777 19
45 339 8
236 234 -28
469 163 -13
163 164 -13
163 731 -13
132 130 -8
132 693 8
503 196 28
276 562 -13
276 278 -8
565 564 19
565 567 -13
49 51 -28
49 48 -13
321 611 -13
3 4 13
403 427 -13
427 450 19
427 428 8
4 2 -19
411 113 19
411 700 13
411 387 8
136 135 -28
136 697 13
777 776 13
777 775 8
135 700 -28
475 473 19
475 169 8
473 472 28
169 170 28
169 737 8
752 776 13
776 491 -8
385 674 -28
775 773 28
775 486 13
775 774 13
450 739 -8
739 737 19
155 157 28
466 164 8
466 755 13
491 489 -28
172 174 13
172 170 28
172 736 28
170 168 -13
170 472 -28
736 737 28
736 713 13
472 761 28
822 249 28
822 534 28
232 234 8
296 582 -8
582 558 8
564 278 19
564 588 8
424 426 -13
426 428 28
426 425 -19
204 773 8
204 181 19
204 227 -28
405 694 19
405 406 19
694 693 -19
694 129 13
406 691 -8
735 446 8
735 737 13
390 388 -28
390 89 13
390 675 19
388 673 -8
388 387 28
89 90 -8
675 652 13
675 676 28
773 772 19
772 206 8
772 748 -13
772 487 -19
715 691 -28
715 151 -28
428 713 13
532 556 28
130 129 13
130 691 13
129 106 8
691 667 28
697 673 13
272 558 -28
272 271 -13
248 227 -28
113 673 -28
387 90 -28
387 676 -28
452 151 19
452 453 -8
673 674 28
674 676 8
106 670 13
558 559 28
558 2 -8
559 561 -8
628 652 -19
271 561 13
399 688 19
425 126 -28
688 690 13
486 487 -28
667 382 13
748 463 -28
487 489 19
487 181 -8
774 489 -28
689 713 8
689 690 28
464 465 -28
120 122 -8
465 463 28
