127 692 -8
127 148 13
127 430 19
127 128 8
127 104 8
692 403 -13
692 691 13
692 694 8
692 690 -19
148 171 -19
148 149 -28
148 453 -28
148 716 8
430 432 19
430 429 -13
430 715 8
430 428 -28
128 130 -13
128 427 13
128 126 -13
128 689 28
104 105 -19
104 406 8
104 668 -13
104 81 -13
523 215 28
523 521 13
523 522 -19
523 525 -8
523 807 8
215 216 28
215 192 -13
215 785 -13
215 237 -19
521 519 -28
521 520 -19
521 213 8
521 805 -19
522 498 8
522 546 8
522 810 -8
522 218 28
525 217 19
525 527 -13
525 809 -28
525 524 8
807 239 -13
807 784 -8
807 831 13
807 808 -28
289 290 -13
289 313 8
289 579 -28
290 576 -28
290 288 19
290 292 13
313 20 -8
313 603 13
313 337 -28
313 314 -28
579 577 -8
579 19 19
579 581 19
579 578 -8
359 335 8
359 649 -8
359 360 -28
359 383 28
359 63 13
335 625 8
335 311 8
335 336 8
335 41 -8
649 85 19
649 651 -13
649 647 -19
649 648 19
360 362 -13
360 646 -8
360 358 -19
360 60 -8
383 384 -8
383 672 13
383 407 19
383 86 8
63 65 28
63 61 13
63 622 13
63 62 19
706 417 28
706 704 -13
706 705 -13
706 708 -8
417 440 -13
417 393 -28
417 418 13
417 118 28
704 138 13
704 703 13
704 702 -28
704 415 -28
705 142 -8
705 420 -19
705 681 8
705 728 -13
708 707 19
708 141 19
708 710 8
708 419 28
137 114 -28
137 439 -19
137 702 -19
137 158 -28
114 678 19
114 91 -8
114 416 13
439 438 8
439 724 -28
439 441 -28
702 701 8
158 181 -13
158 463 13
158 725 -19
362 62 -8
362 648 13
362 361 -8
362 364 -28
62 625 28
62 40 28
648 624 8
648 671 -13
648 88 -13
361 65 -28
361 651 -13
361 337 8
361 385 -28
364 650 13
364 363 19
364 64 -13
364 366 19
329 35 -8
329 619 13
329 353 28
329 330 19
329 305 -13
35 34 -8
35 33 13
35 37 28
35 592 8
619 621 28
619 56 -19
619 618 -13
619 617 8
353 377 13
353 643 -19
353 354 -28
353 57 -13
330 328 28
330 616 -8
330 32 -13
330 332 8
305 306 -8
305 12 13
305 281 19
305 595 -28
658 656 19
658 94 28
658 657 13
658 660 -8
658 369 -8
656 655 -28
656 367 13
656 92 -8
94 117 -13
94 71 13
94 95 19
94 396 -19
657 634 -8
657 372 -19
657 681 28
657 97 -8
660 371 -19
660 96 -8
660 659 -28
660 662 8
369 370 -13
369 345 28
369 393 -19
369 72 8
165 471 -8
165 188 -19
165 166 -28
165 733 -28
165 143 -28
471 756 19
471 469 -8
471 470 -13
471 473 8
188 495 13
188 211 -13
188 757 -13
188 189 28
166 468 -28
166 168 -8
166 164 -28
166 730 -19
733 444 13
733 735 28
733 731 -13
733 732 13
143 447 -13
143 121 -8
143 710 -28
34 595 19
34 11 13
34 332 -8
34 56 13
595 594 13
595 597 13
595 593 -28
11 12 -28
11 571 -28
11 308 -8
332 334 -13
332 618 -19
332 331 -19
56 79 8
56 57 8
56 356 13
20 18 -28
20 576 -28
20 22 8
20 19 -28
18 16 -13
18 311 19
18 574 -28
18 17 28
576 600 -28
576 577 -8
22 315 8
22 21 19
22 578 13
19 316 19
19 42 -8
221 791 19
221 529 -8
221 222 -8
221 198 19
221 242 19
791 793 -28
791 789 8
791 502 19
791 790 -19
529 531 28
529 813 -13
529 528 -13
529 527 -13
222 220 19
222 526 8
222 224 13
222 788 -13
198 767 13
198 505 -13
198 199 -19
198 175 -19
242 243 19
242 814 -19
242 265 -28
242 553 -28
402 404 8
402 401 28
402 400 -19
402 100 -13
402 687 -13
404 102 -13
404 403 -8
404 406 28
404 689 28
401 103 -19
401 377 -8
401 425 -8
401 690 -13
400 685 19
400 398 28
400 98 -19
400 399 28
100 664 -19
100 77 -8
100 123 13
100 101 -19
687 688 -8
687 711 8
687 663 -13
687 126 -19
664 662 -13
664 666 -28
664 663 19
664 375 13
77 78 -19
77 54 -28
77 641 -13
77 378 -28
123 426 13
123 688 8
123 124 13
123 144 19
101 103 -8
101 99 -28
101 399 8
101 661 -28
600 314 -28
600 624 -13
600 601 -19
600 43 8
314 316 19
314 312 19
314 17 -19
624 625 13
624 65 -19
624 338 -13
601 40 -13
601 599 -28
601 311 -28
601 603 8
43 41 19
43 337 -28
43 42 -19
43 45 -19
794 817 -28
794 795 13
794 770 13
794 509 8
817 841 -19
817 818 -8
817 533 -19
795 793 -8
795 506 8
795 225 -28
770 485 -8
770 771 -28
770 746 -13
509 507 -19
509 202 19
509 508 -13
371 74 -8
371 395 -8
371 372 -28
371 347 19
74 634 -28
74 73 19
74 76 -19
74 72 -19
395 419 19
395 396 13
395 684 8
395 97 -8
372 370 -13
372 71 13
372 374 28
347 348 28
347 51 19
347 323 -8
347 637 28
103 102 13
103 663 -13
103 105 -19
102 79 -19
102 125 19
102 666 -28
663 640 -28
663 378 19
105 403 -19
105 665 28
105 107 13
584 27 28
584 585 8
584 608 -19
584 298 13
584 560 28
27 29 19
27 321 19
27 26 -19
27 25 -28
585 24 19
585 583 19
585 587 8
585 295 19
608 632 -13
608 322 -13
608 49 -28
608 609 13
298 300 -19
298 296 28
298 297 -8
298 1 19
560 274 19
560 561 13
560 4 28
59 57 -13
59 61 -19
59 355 19
59 58 28
59 618 8
57 55 8
57 616 8
61 60 -13
61 357 13
61 620 8
355 356 13
355 331 8
355 645 -13
355 379 8
58 358 -8
58 621 -28
58 36 -28
58 81 -19
618 594 -28
618 642 28
640 80 13
640 616 13
640 641 19
640 354 19
80 377 28
80 79 28
80 82 -13
80 78 -19
616 592 -28
616 617 -28
641 351 13
641 639 8
641 643 -28
354 54 19
354 352 28
354 356 8
443 441 -28
443 445 8
443 728 13
443 442 -19
441 138 -19
441 440 -8
441 726 13
445 444 -28
445 447 -13
445 730 28
445 141 19
728 752 -13
728 729 -28
728 164 19
442 142 -8
442 419 -28
442 731 13
442 466 13
531 815 28
531 533 8
531 223 -28
531 530 -19
813 245 -19
813 790 -19
813 837 -28
813 814 19
528 504 -8
528 552 -13
528 816 -13
528 224 -8
527 219 13
527 811 13
527 526 -19
625 627 -13
625 623 -13
627 337 19
627 64 -19
627 629 -28
627 626 28
623 621 13
623 60 19
623 622 -13
623 333 28
835 266 8
835 836 19
835 811 8
835 551 19
266 268 8
266 264 13
266 265 28
836 548 28
836 834 -13
836 838 28
836 263 -8
811 243 28
811 812 28
811 788 13
551 549 28
551 240 -19
551 553 28
551 550 -13
142 140 -19
142 141 -8
140 703 -8
140 139 28
140 440 -8
141 163 -8
141 119 19
498 195 8
498 787 19
498 499 -8
498 474 -13
195 194 -19
195 197 -8
195 193 28
195 760 -8
787 217 13
787 785 -8
787 789 -13
787 786 13
499 501 -8
499 784 19
499 497 28
499 192 13
474 475 19
474 450 13
474 172 13
474 763 8
444 421 13
444 468 28
447 449 19
447 732 19
447 446 19
730 707 8
730 754 13
730 731 -13
712 711 19
712 423 19
712 710 8
712 714 13
712 144 28
711 147 -13
711 426 8
711 734 -13
423 424 19
423 124 13
423 399 13
423 446 28
710 421 -13
710 709 -13
714 425 8
714 716 13
714 146 8
714 713 28
144 449 28
144 167 -13
144 145 -13
679 703 28
679 394 -13
679 655 19
679 118 8
679 680 13
703 418 -8
703 726 13
394 392 13
394 92 28
394 393 -8
394 396 8
655 370 28
655 95 28
655 632 13
118 117 -13
118 116 -28
118 120 13
680 391 -19
680 682 8
680 678 8
680 115 19
194 763 28
194 171 -28
194 501 8
194 217 -13
763 762 -28
763 765 -28
763 761 -8
171 172 8
171 477 -8
171 739 13
501 500 8
501 786 -13
501 503 -13
217 238 19
217 218 28
311 312 -28
311 287 -13
336 334 -28
336 622 -19
336 338 -8
336 38 -13
41 40 -28
41 39 13
41 598 -13
662 98 -8
662 661 -13
662 373 -19
666 377 19
666 668 -19
666 665 8
375 351 -28
375 78 -8
375 399 -28
375 376 -19
766 790 -8
766 481 -28
766 767 8
766 201 -28
766 742 8
790 224 -13
790 505 -28
481 479 -13
481 480 -28
481 483 28
481 175 -19
767 478 -8
767 769 -19
767 765 28
201 504 -19
201 200 28
201 203 19
201 199 8
742 743 19
742 178 -28
742 719 -8
742 457 28
40 338 -19
40 17 -19
338 337 28
338 340 13
17 577 8
751 462 -28
751 749 19
751 753 -8
751 750 8
751 182 -13
462 438 28
462 486 8
462 463 19
462 160 8
749 181 8
749 748 -19
753 752 -28
753 464 19
753 755 -8
753 184 -28
750 185 -28
750 465 19
750 774 -28
750 726 8
182 205 19
182 489 13
182 159 13
182 183 -13
262 261 28
262 264 -19
262 260 8
262 831 8
261 238 19
261 834 19
264 263 -8
264 833 28
260 259 13
260 829 -8
260 258 -28
831 832 19
831 547 -13
377 378 8
378 376 13
378 380 -8
239 546 28
239 238 -13
239 241 8
784 760 19
784 218 -19
784 785 -19
808 520 -13
808 806 28
808 810 13
808 237 19
109 407 8
109 108 28
109 111 19
109 107 8
109 669 -13
407 696 28
407 431 -28
407 408 8
108 85 19
108 410 13
108 672 19
108 131 -28
111 409 19
111 671 -28
111 113 -28
111 110 -13
107 405 13
107 667 28
107 106 28
669 646 -19
669 670 8
669 384 13
669 693 28
79 380 8
79 643 -8
380 379 -13
380 665 -28
380 382 -28
643 645 8
643 642 13
65 64 19
65 67 -13
64 42 -13
64 87 13
67 66 -28
67 626 28
67 363 -19
646 622 8
646 647 19
646 86 -13
622 598 -13
647 645 -28
647 357 -8
647 83 28
86 85 -28
86 84 -19
86 88 -13
449 451 -19
449 734 8
449 448 8
451 450 -28
451 736 28
451 146 -13
451 453 19
734 758 -19
734 735 -8
734 170 -19
448 147 -28
448 472 8
448 425 -19
448 737 8
440 729 -13
440 464 28
393 682 13
393 95 -19
418 420 -8
418 416 8
418 115 -13
841 557 -8
841 842 19
557 555 13
557 246 28
557 556 -28
842 840 -19
842 554 8
842 269 28
147 145 -19
147 149 -28
147 146 -19
145 709 -28
145 446 -19
149 450 13
149 713 -8
149 151 -13
146 125 13
146 169 -8
504 793 28
504 505 -19
504 480 8
793 223 13
793 792 -13
505 507 13
505 503 -19
480 456 8
480 178 28
480 769 19
117 682 28
117 420 -13
682 681 13
682 684 28
420 419 -13
420 422 28
718 429 -19
718 720 8
718 717 13
718 150 19
718 716 -13
429 405 19
429 130 -8
429 452 -28
720 152 13
720 431 -8
720 719 -13
720 721 -28
717 153 -8
717 432 19
717 693 19
717 740 28
150 455 28
150 129 8
150 173 -8
150 151 -19
716 715 -28
716 427 8
507 792 -28
507 200 8
507 506 -13
792 768 -13
792 226 -28
792 815 -13
200 223 -19
200 769 28
200 177 -13
506 203 -28
506 530 28
506 482 -8
685 661 13
685 686 -8
685 709 8
685 124 -8
661 376 -8
661 638 -13
686 684 8
686 397 -13
686 688 19
686 121 8
709 424 -8
709 732 13
124 126 -19
124 122 -13
223 244 19
223 224 -19
769 768 8
769 771 -8
177 178 28
177 745 -13
177 154 -19
177 483 8
512 488 19
512 536 -28
512 208 -19
512 801 19
512 513 -28
488 185 -8
488 777 8
488 489 13
488 464 8
536 537 -8
536 824 -28
536 230 -13
208 207 28
208 210 -28
208 206 13
208 774 13
801 799 13
801 800 -13
801 802 8
513 511 19
513 515 -8
513 798 28
513 205 28
349 53 28
349 639 28
349 350 13
349 325 -28
349 373 28
53 55 19
53 51 -19
53 612 -13
53 52 -28
639 75 -19
639 637 13
639 638 -19
350 352 -28
350 636 13
350 348 -8
350 50 -8
325 326 -19
325 301 19
325 615 -28
325 31 28
373 374 8
373 397 19
373 76 13
185 183 -8
185 187 -8
185 184 28
183 748 13
183 486 -28
187 752 19
187 490 -8
187 186 -13
187 189 -28
184 161 28
184 207 -19
184 491 8
546 834 -28
546 547 19
834 833 -28
834 832 -28
547 549 8
547 545 8
547 237 28
268 270 13
268 267 -28
268 837 8
270 269 -28
270 839 -28
267 244 -13
267 840 -19
837 553 28
837 838 -28
351 352 19
351 55 13
351 327 -19
352 52 13
352 638 -13
55 54 -19
55 614 28
327 328 19
327 33 19
327 303 19
327 617 19
304 302 28
304 590 8
304 306 -19
304 7 -13
304 303 28
302 301 -19
302 300 -28
302 588 -13
302 5 -19
590 33 13
590 566 -8
590 614 -13
590 591 -19
306 308 13
306 592 -8
306 9 -19
7 30 8
7 8 8
7 567 -28
303 279 -13
303 10 -19
303 593 -28
238 549 19
238 810 -28
549 548 -13
549 833 8
810 812 -19
810 809 13
384 386 -28
384 382 8
384 83 -13
672 671 -13
672 674 28
672 670 8
548 524 19
548 241 -28
524 500 -13
524 220 -19
524 812 13
241 243 -19
241 809 -13
241 240 28
245 552 -28
245 244 19
245 247 -19
245 243 19
814 816 -8
814 812 -8
814 526 8
85 386 -19
386 671 8
386 388 -19
386 385 -28
391 415 -19
391 93 -19
391 392 8
391 367 -19
415 438 -8
415 116 -13
415 416 13
93 654 28
93 95 -19
93 92 -19
392 91 -28
392 677 -28
367 368 13
367 343 28
367 70 -19
479 173 -28
479 764 13
479 477 -28
479 478 -13
173 196 8
173 174 -8
173 741 8
764 788 -13
764 740 13
764 765 28
764 199 28
477 762 -19
477 475 13
477 476 -13
478 454 13
478 176 19
478 502 8
799 228 8
799 510 -28
799 797 -28
799 798 -13
228 537 -19
228 249 -28
228 205 13
510 511 28
510 206 8
510 486 -13
510 534 -28
797 227 8
797 796 -19
798 230 19
798 821 8
798 774 8
519 518 -28
519 803 -28
519 517 19
519 211 28
518 214 -19
518 542 -8
518 806 8
518 494 -28
803 804 -19
803 780 28
803 827 13
803 236 8
517 209 8
517 516 19
517 515 -13
211 781 19
211 233 13
211 212 -28
681 120 -8
681 396 -13
684 119 -13
684 683 -28
356 358 28
356 642 8
331 621 19
331 307 8
331 37 13
645 81 -19
645 644 13
379 82 -8
379 403 13
379 668 28
358 644 19
358 357 8
644 84 28
644 620 -28
644 667 -28
357 333 -28
357 381 -8
701 416 8
701 724 28
701 139 -19
701 677 -19
724 748 13
724 725 -8
724 160 28
139 438 13
139 138 13
677 678 13
677 116 -28
677 654 -28
552 840 8
552 553 -8
840 839 28
840 838 28
553 555 19
161 729 -28
161 162 -13
161 467 13
729 727 19
729 731 -13
162 464 -13
162 164 19
162 160 -19
162 726 -8
467 469 28
467 752 -13
467 465 -19
467 466 19
310 13 -19
310 308 -13
310 596 28
310 312 8
310 309 8
13 36 -19
13 573 -19
13 14 13
308 594 -13
308 307 -13
596 39 13
596 572 8
596 620 -13
596 597 28
312 598 -28
312 15 -28
309 16 19
309 285 28
309 599 19
309 333 -8
555 554 8
555 244 19
555 839 -28
554 247 8
554 530 -19
244 816 -19
839 815 -19
413 414 -19
413 437 -19
413 389 -28
414 699 19
414 112 19
414 412 13
437 460 28
389 390 -8
389 365 -13
816 815 19
816 818 -13
577 575 -13
577 287 -13
16 15 -28
16 14 -13
16 572 -8
15 575 19
15 38 -28
14 307 -19
14 12 -13
14 570 -13
572 286 19
572 573 -28
247 815 28
247 246 -28
246 225 19
246 818 19
246 269 28
398 96 -13
398 396 19
398 397 8
398 683 19
96 73 -19
96 97 8
96 119 -8
397 99 28
397 421 8
683 707 8
683 122 -8
683 659 13
73 374 28
73 637 28
73 50 28
97 99 19
97 95 8
119 120 19
119 422 28
581 291 28
581 21 19
581 580 28
578 602 -13
578 292 -19
485 179 19
485 484 -19
485 483 -28
179 747 -28
179 202 8
179 180 -28
179 156 -13
484 460 -19
484 508 13
483 768 8
483 482 8
82 81 -8
82 84 -13
82 642 -19
81 382 13
84 381 28
84 83 -8
642 665 -19
98 121 28
98 75 28
98 99 -13
121 424 -13
121 122 28
75 376 19
75 76 -19
75 52 -19
99 659 -28
54 617 -19
54 32 -8
614 328 8
614 615 8
614 638 -19
809 786 28
809 833 -19
291 292 -19
291 315 19
292 294 13
315 316 -13
315 605 -8
315 339 13
621 620 19
620 334 13
438 727 -19
727 725 8
727 159 19
727 726 -13
138 115 -13
138 159 -28
115 116 28
115 92 19
159 465 -8
159 160 -8
650 651 19
650 626 -13
650 673 -8
650 90 -13
363 339 13
363 387 -19
363 653 13
366 652 13
366 66 -8
366 365 -13
707 422 13
422 424 28
422 421 28
659 374 -28
659 636 -13
316 602 13
316 318 19
602 626 8
602 45 13
602 603 8
318 21 8
318 604 -8
318 317 -19
42 603 28
42 340 -19
36 597 -19
36 334 19
36 37 28
597 307 28
597 599 8
334 333 -28
37 39 -13
37 594 28
747 745 -19
747 458 8
747 746 8
745 743 19
745 456 -13
745 744 28
458 482 -19
458 435 8
458 459 13
458 157 -8
746 722 13
746 461 -13
21 44 -19
125 428 -8
125 126 -19
125 690 -28
257 258 -8
257 235 -8
257 830 -8
258 827 19
258 256 -28
235 213 -13
235 545 -8
235 806 19
235 236 19
830 828 -28
830 829 19
830 542 28
830 832 13
214 213 -13
214 216 8
214 212 13
214 780 -8
213 783 28
213 190 13
216 520 -13
216 782 8
216 218 13
212 516 -13
212 778 -19
212 210 -13
780 495 -8
780 756 -19
780 781 -19
785 783 28
785 496 -28
789 500 -13
789 788 -13
789 219 -28
786 220 8
786 762 8
460 461 8
461 156 19
461 459 13
60 83 8
60 38 -13
533 532 19
533 225 -28
530 226 13
530 818 13
629 66 8
629 339 -28
629 628 28
626 340 28
288 287 19
288 286 -13
288 574 -13
286 284 -28
286 285 -19
574 575 -19
574 598 -19
421 122 -13
468 469 19
468 492 13
468 757 19
500 197 -19
500 476 28
197 762 -19
197 196 13
197 199 28
476 452 -13
476 174 -8
476 765 -19
828 540 -13
828 255 -13
828 827 -28
828 826 28
540 516 28
540 234 13
540 541 28
255 256 -28
255 233 8
827 543 13
826 253 13
826 825 8
826 824 -19
826 538 13
668 667 -8
668 670 13
665 689 19
768 744 13
768 203 19
744 180 28
744 459 13
203 202 13
328 326 -8
328 30 -28
326 324 19
326 28 -28
326 612 8
30 52 8
30 31 19
30 591 19
33 31 -8
33 32 -8
31 29 28
31 588 13
32 9 13
32 593 -13
263 240 19
220 218 13
220 219 -19
219 196 19
219 240 -19
299 275 -13
299 300 -8
299 589 8
299 323 -8
299 6 -13
275 276 -19
275 565 19
300 3 -28
300 586 19
589 28 -28
589 591 13
589 588 -19
589 587 8
323 324 -19
323 29 -8
323 613 19
6 8 -19
6 5 13
6 4 8
6 562 19
370 69 13
370 368 8
69 92 13
69 47 -8
69 70 19
69 633 19
368 654 8
368 68 19
66 44 -19
66 89 19
637 636 13
637 635 19
638 78 13
294 293 28
294 580 -28
293 317 -13
580 604 -19
482 771 8
482 180 28
832 259 -28
832 544 19
202 225 19
202 771 28
225 226 -8
514 515 -13
514 490 28
514 210 -13
514 538 -13
514 802 13
515 207 -28
515 800 -13
490 779 28
490 466 28
490 491 -28
210 209 8
210 776 28
538 539 -8
538 232 -19
802 231 19
802 804 13
333 39 8
279 280 -19
279 569 -8
10 9 -8
10 8 8
10 566 19
10 12 28
593 592 8
593 591 19
39 38 -8
38 599 -28
592 568 -8
9 569 -28
569 567 28
569 571 -28
569 568 28
226 224 -28
605 604 19
605 44 -13
605 603 8
604 628 -8
44 342 13
44 45 13
573 575 19
573 283 -28
573 571 -13
454 743 28
454 153 28
454 455 -8
454 431 -28
176 178 13
176 174 -28
176 740 -8
176 175 -13
502 503 -13
502 199 -19
502 526 8
575 285 -13
78 76 13
76 636 -13
456 433 19
456 155 13
456 457 13
178 180 13
434 432 19
434 719 -8
434 433 8
434 131 -8
434 436 -13
432 431 19
432 129 -8
719 695 -13
719 155 -8
433 409 8
433 721 -13
433 134 19
131 152 8
131 696 -8
131 132 -13
436 435 -19
436 133 19
542 543 13
542 236 28
806 805 28
806 804 -19
494 783 28
494 495 28
494 191 28
494 470 -19
838 265 19
838 550 13
520 544 13
520 496 19
544 545 -13
496 497 -19
496 472 -13
496 193 -19
381 405 13
381 670 8
381 382 -19
654 630 8
630 631 19
630 344 -8
630 606 19
630 70 -19
598 599 8
632 346 8
632 72 -19
632 633 8
743 175 -8
743 741 28
175 152 -19
741 739 13
741 452 8
741 740 8
508 532 28
23 583 28
23 46 -8
23 320 -8
23 0 8
583 582 -13
46 68 8
46 344 28
46 607 -13
320 319 -13
320 606 -28
320 322 -19
0 296 19
0 559 19
253 254 8
253 231 -8
254 823 -28
254 252 13
254 256 28
231 209 19
231 232 -28
231 541 -8
83 106 19
783 782 28
783 781 -13
782 805 8
782 758 28
782 497 -13
781 779 -8
781 492 8
209 779 -28
209 186 28
779 778 -13
779 777 19
186 493 13
186 163 19
186 755 13
651 653 -19
651 87 19
653 652 13
653 89 19
87 388 -28
87 110 -28
87 88 -28
617 615 19
526 550 -19
284 283 -13
284 570 28
284 282 -13
283 307 -19
570 594 28
570 571 -8
282 281 13
282 568 28
282 280 -13
823 824 -19
823 539 28
823 800 13
824 251 -13
824 822 28
539 537 28
539 229 19
539 541 13
800 776 -8
800 232 13
722 723 13
324 26 19
324 322 19
324 610 28
26 3 19
26 587 13
322 24 28
322 321 -13
610 634 -13
610 611 -19
610 51 -13
610 586 -8
243 550 -13
29 586 -28
29 28 -19
586 562 8
586 587 -13
28 5 13
28 50 -13
190 497 13
190 167 19
190 759 -19
190 191 -19
612 636 8
612 613 8
612 588 19
259 237 -28
762 738 -13
788 503 19
340 342 19
340 339 8
68 631 -13
68 91 -28
631 633 -13
634 348 28
634 635 28
348 346 28
635 345 -13
635 71 -8
635 633 13
829 545 -13
829 805 -13
545 543 -28
495 497 -8
495 493 -28
493 778 8
493 492 19
493 491 -28
301 8 -19
301 591 -13
301 277 8
8 564 13
277 567 19
277 278 28
71 72 -19
374 376 19
537 535 19
537 821 -8
535 227 -28
535 534 -8
821 252 -19
821 822 -28
24 1 8
24 47 -13
24 25 -8
587 297 19
295 319 -8
295 296 -19
295 2 8
295 271 -13
50 51 -28
50 613 13
695 410 -8
695 671 -28
695 134 13
695 696 13
410 409 -19
410 408 8
410 412 19
134 133 -13
134 136 -19
134 132 8
696 694 -13
696 698 -19
192 169 8
192 761 19
192 193 -8
516 492 -28
516 804 19
492 189 8
804 233 -28
193 758 -13
193 191 8
760 475 -28
760 736 13
760 761 -19
273 274 -13
273 297 -28
273 563 19
274 276 13
274 272 -28
297 321 -28
297 4 -13
563 562 -8
563 565 -13
563 561 19
563 3 28
765 196 28
12 568 -28
281 571 -8
346 344 -13
346 47 28
346 345 28
344 343 -13
47 609 -13
47 48 13
345 49 -13
345 321 13
543 233 28
543 541 19
233 234 -28
541 825 -13
409 385 -8
409 698 8
721 154 8
721 723 19
435 411 -13
435 723 13
435 136 -13
133 698 28
133 110 -8
133 154 28
812 240 8
778 754 8
754 469 19
754 755 -13
754 189 28
698 700 -8
698 697 28
110 412 -13
110 674 19
154 459 28
154 155 13
511 204 28
511 796 13
205 206 -28
205 775 -13
280 278 -28
280 566 -13
819 250 -28
819 796 -28
819 820 19
250 252 -8
250 249 -19
796 772 28
820 248 19
820 822 13
457 152 19
457 455 8
457 459 19
52 615 -13
319 25 28
319 609 13
319 343 28
25 582 13
609 611 -19
609 607 8
343 633 -13
343 48 -28
431 132 -8
408 693 8
408 406 28
408 106 28
1 2 19
1 561 8
256 825 -13
758 473 -13
758 759 -8
88 385 -13
88 90 28
566 567 -13
606 582 28
606 607 -8
606 48 -19
70 72 19
615 613 19
613 611 13
341 365 -13
341 342 -13
341 317 19
342 628 13
5 565 19
156 135 -8
156 723 8
156 157 13
699 700 8
699 675 -19
112 135 -8
112 113 13
112 676 8
112 89 13
412 411 19
412 697 -13
756 191 28
756 732 -13
756 757 13
191 189 -13
732 168 19
757 755 -19
757 759 -19
252 251 28
251 229 28
153 152 -19
153 151 -8
153 155 19
455 740 8
455 453 13
470 168 -8
470 446 -19
470 759 -13
419 120 -28
167 168 -13
167 735 -13
167 473 13
759 761 -8
738 739 13
738 174 -13
738 453 13
738 715 -28
230 229 19
230 232 13
229 207 -13
207 777 19
45 339 -19
236 234 -28
469 163 13
163 164 -8
163 731 19
132 130 13
132 693 13
503 196 -13
276 562 8
276 278 13
565 564 -28
565 567 -28
49 51 28
49 48 8
321 611 8
3 4 8
403 427 8
427 450 -13
427 428 13
4 2 28
411 113 -28
411 700 8
411 387 -28
136 135 19
136 697 -19
777 776 -19
777 775 -8
135 700 -28
475 473 -13
475 169 -13
473 472 -8
169 170 -8
169 737 19
752 776 13
776 491 19
385 674 19
775 773 8
775 486 13
775 774 13
450 739 -19
739 737 -8
155 157 28
466 164 -8
466 755 -13
491 489 -28
172 174 8
172 170 -19
172 736 13
170 168 -8
170 472 13
736 737 -28
736 713 13
472 761 -13
822 249 -8
822 534 -28
232 234 -28
296 582 -19
582 558 -28
564 278 -13
564 588 19
424 426 -13
426 428 19
426 425 19
204 773 -28
204 181 -28
204 227 13
405 694 -28
405 406 19
694 693 -19
694 129 -28
406 691 13
735 446 13
735 737 -19
390 388 -28
390 89 19
390 675 -13
388 673 -13
388 387 28
89 90 13
675 652 -8
675 676 13
773 772 28
772 206 13
772 748 -28
772 487 -19
715 691 -19
715 151 -19
428 713 28
532 556 -13
130 129 -13
130 691 -13
129 106 -8
691 667 -28
697 673 19
272 558 -13
272 271 8
248 227 -19
113 673 -13
387 90 8
387 676 -28
452 151 19
452 453 -19
673 674 -28
674 676 13
106 670 -19
558 559 -8
558 2 13
559 561 -13
628 652 19
271 561 8
399 688 -19
425 126 -8
688 690 8
486 487 19
667 382 -19
748 463 19
487 489 8
487 181 13
774 489 -8
689 713 -19
689 690 19
464 465 -8
120 122 -28
465 463 8
