127 692 13
127 148 19
127 430 -13
127 128 -13
127 104 -8
692 403 13
692 691 -13
692 694 8
692 690 -28
148 171 -19
148 149 -19
148 453 19
148 716 -8
430 432 -8
430 429 -28
430 715 19
430 428 -13
128 130 28
128 427 -8
128 126 8
128 689 8
104 105 -19
104 406 -28
104 668 -8
104 81 -19
523 215 13
523 521 -13
523 522 13
523 525 -19
523 807 8
215 216 28
215 192 28
215 785 19
215 237 8
521 519 -28
521 520 -8
521 213 -8
521 805 13
522 498 8
522 546 28
522 810 28
522 218 8
525 217 -13
525 527 28
525 809 -28
525 524 13
807 239 -28
807 784 13
807 831 13
807 808 8
289 290 -8
289 313 -13
289 579 28
290 576 8
290 288 19
290 292 -13
313 20 8
313 603 13
313 337 13
313 314 -19
579 577 28
579 19 28
579 581 28
579 578 -28
359 335 19
359 649 13
359 360 19
359 383 -8
359 63 -28
335 625 -13
335 311 -19
335 336 -13
335 41 -13
649 85 28
649 651 -13
649 647 -8
649 648 -13
360 362 13
360 646 8
360 358 13
360 60 8
383 384 28
383 672 -13
383 407 8
383 86 -19
63 65 -13
63 61 8
63 622 19
63 62 -13
706 417 8
706 704 19
706 705 -19
706 708 8
417 440 19
417 393 -19
417 418 13
417 118 -19
704 138 13
704 703 19
704 702 -13
704 415 -13
705 142 -8
705 420 -28
705 681 -8
705 728 -13
708 707 -13
708 141 8
708 710 8
708 419 8
137 114 -8
137 439 8
137 702 28
137 158 13
114 678 13
114 91 8
114 416 19
439 438 -13
439 724 -19
439 441 -28
702 701 -8
158 181 13
158 463 8
158 725 8
362 62 19
362 648 28
362 361 28
362 364 19
62 625 13
62 40 -13
648 624 -13
648 671 -13
648 88 -28
361 65 28
361 651 28
361 337 -13
361 385 -8
364 650 -8
364 363 -13
364 64 -8
364 366 28
329 35 8
329 619 -19
329 353 28
329 330 -8
329 305 -28
35 34 -8
35 33 -19
35 37 19
35 592 19
619 621 28
619 56 -13
619 618 -8
619 617 -13
353 377 -13
353 643 -8
353 354 -28
353 57 8
330 328 -28
330 616 -13
330 32 -28
330 332 -28
305 306 -13
305 12 -13
305 281 8
305 595 -19
658 656 -19
658 94 19
658 657 28
658 660 13
658 369 28
656 655 28
656 367 -8
656 92 -28
94 117 8
94 71 13
94 95 28
94 396 -28
657 634 -19
657 372 -8
657 681 -13
657 97 8
660 371 8
660 96 -8
660 659 -8
660 662 -13
369 370 13
369 345 13
369 393 8
369 72 19
165 471 -19
165 188 28
165 166 -8
165 733 -8
165 143 -19
471 756 -13
471 469 -8
471 470 -28
471 473 13
188 495 8
188 211 -13
188 757 19
188 189 -13
166 468 -13
166 168 -19
166 164 -8
166 730 -19
733 444 28
733 735 -28
733 731 -13
733 732 8
143 447 -8
143 121 -8
143 710 8
34 595 -28
34 11 13
34 332 -8
34 56 13
595 594 8
595 597 13
595 593 8
11 12 -8
11 571 28
11 308 13
332 334 -28
332 618 28
332 331 -8
56 79 -19
56 57 13
56 356 8
20 18 13
20 576 13
20 22 28
20 19 -28
18 16 -28
18 311 -13
18 574 -13
18 17 -8
576 600 28
576 577 13
22 315 -19
22 21 28
22 578 28
19 316 -19
19 42 -8
221 791 -13
221 529 19
221 222 19
221 198 13
221 242 28
791 793 -13
791 789 19
791 502 -13
791 790 -13
529 531 19
529 813 8
529 528 28
529 527 -13
222 220 13
222 526 19
222 224 8
222 788 -28
198 767 -19
198 505 13
198 199 -13
198 175 -28
242 243 28
242 814 -19
242 265 -28
242 553 28
402 404 -13
402 401 -28
402 400 19
402 100 19
402 687 13
404 102 19
404 403 -28
404 406 -28
404 689 28
401 103 -19
401 377 -19
401 425 -19
401 690 13
400 685 13
400 398 -19
400 98 28
400 399 28
100 664 -19
100 77 -13
100 123 -28
100 101 8
687 688 28
687 711 19
687 663 -19
687 126 8
664 662 28
664 666 13
664 663 -8
664 375 -28
77 78 28
77 54 13
77 641 -13
77 378 19
123 426 19
123 688 -19
123 124 -19
123 144 -8
101 103 28
101 99 -13
101 399 28
101 661 19
600 314 19
600 624 -19
600 601 -19
600 43 8
314 316 -8
314 312 28
314 17 -8
624 625 -19
624 65 8
624 338 13
601 40 -13
601 599 8
601 311 13
601 603 28
43 41 -8
43 337 -19
43 42 8
43 45 8
794 817 -13
794 795 -13
794 770 13
794 509 -19
817 841 8
817 818 -19
817 533 -28
795 793 -8
795 506 8
795 225 -8
770 485 19
770 771 -13
770 746 8
509 507 -19
509 202 -19
509 508 28
371 74 8
371 395 28
371 372 -13
371 347 19
74 634 -28
74 73 8
74 76 -8
74 72 -8
395 419 -28
395 396 28
395 684 19
395 97 19
372 370 -19
372 71 -19
372 374 13
347 348 13
347 51 13
347 323 8
347 637 13
103 102 8
103 663 19
103 105 -8
102 79 13
102 125 19
102 666 -28
663 640 19
663 378 19
105 403 13
105 665 13
105 107 13
584 27 -19
584 585 -13
584 608 -28
584 298 -19
584 560 19
27 29 -28
27 321 -28
27 26 19
27 25 -28
585 24 13
585 583 13
585 587 -19
585 295 -28
608 632 -28
608 322 -19
608 49 28
608 609 8
298 300 -8
298 296 19
298 297 -28
298 1 -13
560 274 -8
560 561 13
560 4 -8
59 57 -8
59 61 28
59 355 13
59 58 28
59 618 28
57 55 19
57 616 -8
61 60 28
61 357 28
61 620 8
355 356 8
355 331 -28
355 645 -19
355 379 -13
58 358 28
58 621 13
58 36 -13
58 81 28
618 594 28
618 642 13
640 80 28
640 616 13
640 641 -8
640 354 -13
80 377 8
80 79 19
80 82 28
80 78 -8
616 592 19
616 617 -13
641 351 -28
641 639 -28
641 643 -19
354 54 -8
354 352 -28
354 356 8
443 441 -19
443 445 28
443 728 28
443 442 -8
441 138 -13
441 440 -8
441 726 -13
445 444 -28
445 447 19
445 730 13
445 141 -13
728 752 -8
728 729 -8
728 164 -19
442 142 13
442 419 -8
442 731 13
442 466 8
531 815 -13
531 533 -19
531 223 -13
531 530 -28
813 245 -19
813 790 8
813 837 -28
813 814 -19
528 504 -13
528 552 8
528 816 8
528 224 19
527 219 19
527 811 -28
527 526 13
625 627 8
625 623 -19
627 337 -13
627 64 -19
627 629 -13
627 626 -8
623 621 8
623 60 13
623 622 28
623 333 13
835 266 -19
835 836 -28
835 811 -28
835 551 -19
266 268 -28
266 264 28
266 265 -13
836 548 13
836 834 13
836 838 -8
836 263 -8
811 243 19
811 812 13
811 788 -19
551 549 28
551 240 8
551 553 -19
551 550 19
142 140 -19
142 141 8
140 703 -28
140 139 -19
140 440 13
141 163 -8
141 119 13
498 195 -8
498 787 28
498 499 -19
498 474 -19
195 194 -28
195 197 28
195 193 -13
195 760 13
787 217 19
787 785 -8
787 789 -19
787 786 -13
499 501 -28
499 784 19
499 497 13
499 192 -28
474 475 28
474 450 -28
474 172 13
474 763 -28
444 421 -8
444 468 -19
447 449 -8
447 732 28
447 446 -8
730 707 13
730 754 13
730 731 -13
712 711 -19
712 423 19
712 710 19
712 714 -13
712 144 28
711 147 -8
711 426 19
711 734 19
423 424 13
423 124 -19
423 399 13
423 446 -8
710 421 -8
710 709 -28
714 425 -28
714 716 -13
714 146 -19
714 713 -28
144 449 13
144 167 -28
144 145 8
679 703 -28
679 394 8
679 655 28
679 118 8
679 680 28
703 418 -19
703 726 28
394 392 -13
394 92 -8
394 393 28
394 396 -13
655 370 -13
655 95 28
655 632 19
118 117 -28
118 116 8
118 120 -13
680 391 -8
680 682 19
680 678 13
680 115 -19
194 763 13
194 171 19
194 501 19
194 217 -13
763 762 19
763 765 -19
763 761 -19
171 172 19
171 477 -19
171 739 -19
501 500 13
501 786 -28
501 503 28
217 238 -13
217 218 19
311 312 -13
311 287 13
336 334 19
336 622 13
336 338 8
336 38 -8
41 40 -13
41 39 -19
41 598 8
662 98 -19
662 661 19
662 373 -8
666 377 28
666 668 -8
666 665 13
375 351 28
375 78 28
375 399 8
375 376 -8
766 790 -8
766 481 19
766 767 28
766 201 19
766 742 -13
790 224 28
790 505 28
481 479 8
481 480 19
481 483 19
481 175 28
767 478 28
767 769 8
767 765 -13
201 504 -28
201 200 28
201 203 28
201 199 -8
742 743 13
742 178 28
742 719 19
742 457 -8
40 338 28
40 17 -13
338 337 28
338 340 -28
17 577 13
751 462 13
751 749 -13
751 753 13
751 750 19
751 182 -8
462 438 -28
462 486 -19
462 463 19
462 160 28
749 181 8
749 748 -13
753 752 -28
753 464 -28
753 755 8
753 184 -13
750 185 28
750 465 28
750 774 -28
750 726 -28
182 205 19
182 489 13
182 159 19
182 183 -13
262 261 -8
262 264 -13
262 260 8
262 831 -19
261 238 19
261 834 28
264 263 19
264 833 28
260 259 8
260 829 8
260 258 13
831 832 -19
831 547 -28
377 378 -8
378 376 19
378 380 13
239 546 19
239 238 8
239 241 -19
784 760 13
784 218 19
784 785 13
808 520 19
808 806 19
808 810 -8
808 237 19
109 407 28
109 108 -8
109 111 -13
109 107 -8
109 669 19
407 696 -8
407 431 -13
407 408 -8
108 85 13
108 410 8
108 672 -28
108 131 -28
111 409 19
111 671 13
111 113 28
111 110 -13
107 405 8
107 667 13
107 106 8
669 646 -19
669 670 28
669 384 28
669 693 28
79 380 13
79 643 -19
380 379 -28
380 665 -13
380 382 13
643 645 -19
643 642 19
65 64 -19
65 67 -8
64 42 28
64 87 -28
67 66 -8
67 626 13
67 363 -13
646 622 8
646 647 -28
646 86 28
622 598 -28
647 645 -19
647 357 -13
647 83 28
86 85 -13
86 84 -19
86 88 19
449 451 -19
449 734 -8
449 448 -13
451 450 -13
451 736 -8
451 146 -19
451 453 19
734 758 19
734 735 19
734 170 -13
448 147 28
448 472 -19
448 425 -13
448 737 13
440 729 -13
440 464 8
393 682 -19
393 95 19
418 420 13
418 416 8
418 115 28
841 557 8
841 842 -28
557 555 -19
557 246 8
557 556 -13
842 840 13
842 554 -8
842 269 13
147 145 13
147 149 -28
147 146 28
145 709 -28
145 446 28
149 450 -8
149 713 -19
149 151 28
146 125 19
146 169 -13
504 793 -13
504 505 28
504 480 19
793 223 8
793 792 28
505 507 -13
505 503 8
480 456 28
480 178 8
480 769 -19
117 682 -19
117 420 -8
682 681 28
682 684 28
420 419 -13
420 422 -28
718 429 13
718 720 13
718 717 19
718 150 -8
718 716 19
429 405 -13
429 130 8
429 452 13
720 152 -13
720 431 8
720 719 -8
720 721 -13
717 153 -8
717 432 28
717 693 -28
717 740 -8
150 455 -28
150 129 8
150 173 13
150 151 -19
716 715 13
716 427 28
507 792 13
507 200 28
507 506 19
792 768 -19
792 226 -19
792 815 -13
200 223 -28
200 769 8
200 177 8
506 203 8
506 530 8
506 482 -8
685 661 28
685 686 13
685 709 -8
685 124 8
661 376 -8
661 638 8
686 684 -28
686 397 19
686 688 19
686 121 19
709 424 -8
709 732 -28
124 126 8
124 122 -19
223 244 -28
223 224 -28
769 768 -19
769 771 -8
177 178 19
177 745 -8
177 154 -8
177 483 -28
512 488 -8
512 536 -8
512 208 -8
512 801 13
512 513 19
488 185 8
488 777 -13
488 489 13
488 464 -28
536 537 -8
536 824 -13
536 230 19
208 207 -28
208 210 -13
208 206 19
208 774 -19
801 799 -19
801 800 19
801 802 -13
513 511 13
513 515 13
513 798 13
513 205 -13
349 53 13
349 639 -19
349 350 -28
349 325 8
349 373 8
53 55 13
53 51 -19
53 612 -19
53 52 8
639 75 28
639 637 -8
639 638 13
350 352 -28
350 636 8
350 348 19
350 50 8
325 326 -28
325 301 -28
325 615 -8
325 31 -28
373 374 28
373 397 19
373 76 8
185 183 -28
185 187 -8
185 184 -8
183 748 -28
183 486 -13
187 752 -28
187 490 28
187 186 19
187 189 8
184 161 -13
184 207 -13
184 491 -19
546 834 19
546 547 -8
834 833 -28
834 832 8
547 549 28
547 545 28
547 237 8
268 270 -8
268 267 8
268 837 -8
270 269 -8
270 839 8
267 244 28
267 840 28
837 553 19
837 838 19
351 352 13
351 55 -28
351 327 -19
352 52 -28
352 638 -19
55 54 8
55 614 8
327 328 -19
327 33 -28
327 303 -19
327 617 19
304 302 -8
304 590 28
304 306 -19
304 7 -8
304 303 8
302 301 -13
302 300 28
302 588 13
302 5 19
590 33 -19
590 566 19
590 614 -19
590 591 -19
306 308 -8
306 592 13
306 9 19
7 30 -19
7 8 13
7 567 -19
303 279 -28
303 10 -19
303 593 8
238 549 8
238 810 -19
549 548 13
549 833 -13
810 812 8
810 809 -8
384 386 -19
384 382 13
384 83 -8
672 671 8
672 674 8
672 670 -13
548 524 28
548 241 8
524 500 8
524 220 -13
524 812 -19
241 243 -19
241 809 28
241 240 -13
245 552 13
245 244 28
245 247 13
245 243 8
814 816 19
814 812 19
814 526 -28
85 386 -28
386 671 -8
386 388 13
386 385 8
391 415 8
391 93 8
391 392 -8
391 367 -8
415 438 -19
415 116 8
415 416 19
93 654 -28
93 95 -28
93 92 -19
392 91 13
392 677 -8
367 368 -28
367 343 13
367 70 -13
479 173 -28
479 764 -13
479 477 19
479 478 -8
173 196 13
173 174 -13
173 741 19
764 788 -28
764 740 19
764 765 8
764 199 -8
477 762 13
477 475 -8
477 476 8
478 454 28
478 176 13
478 502 28
799 228 8
799 510 13
799 797 28
799 798 8
228 537 13
228 249 8
228 205 -28
510 511 19
510 206 19
510 486 -19
510 534 -8
797 227 -28
797 796 13
798 230 -8
798 821 -13
798 774 -13
519 518 -19
519 803 -13
519 517 28
519 211 13
518 214 -13
518 542 13
518 806 -8
518 494 13
803 804 8
803 780 -8
803 827 8
803 236 13
517 209 -28
517 516 13
517 515 28
211 781 13
211 233 -28
211 212 19
681 120 -8
681 396 28
684 119 -13
684 683 28
356 358 19
356 642 -19
331 621 28
331 307 19
331 37 13
645 81 28
645 644 -13
379 82 -8
379 403 13
379 668 -19
358 644 -19
358 357 8
644 84 -28
644 620 -13
644 667 28
357 333 8
357 381 28
701 416 28
701 724 -8
701 139 8
701 677 -13
724 748 -8
724 725 -8
724 160 8
139 438 -13
139 138 -13
677 678 -28
677 116 -28
677 654 19
552 840 -8
552 553 -13
840 839 28
840 838 13
553 555 28
161 729 -13
161 162 -8
161 467 13
729 727 -28
729 731 -8
162 464 -13
162 164 -28
162 160 -28
162 726 -28
467 469 -28
467 752 19
467 465 13
467 466 8
310 13 -28
310 308 -13
310 596 28
310 312 -28
310 309 8
13 36 -8
13 573 -28
13 14 -13
308 594 -13
308 307 28
596 39 8
596 572 19
596 620 8
596 597 28
312 598 -28
312 15 19
309 16 -19
309 285 8
309 599 -8
309 333 19
555 554 13
555 244 8
555 839 -19
554 247 -28
554 530 -19
244 816 -8
839 815 28
413 414 13
413 437 28
413 389 -8
414 699 13
414 112 -19
414 412 13
437 460 -19
389 390 8
389 365 -13
816 815 -13
816 818 -19
577 575 19
577 287 19
16 15 -28
16 14 -13
16 572 13
15 575 -19
15 38 8
14 307 -13
14 12 8
14 570 -8
572 286 28
572 573 13
247 815 -28
247 246 -19
246 225 -19
246 818 -8
246 269 8
398 96 8
398 396 -13
398 397 -13
398 683 -13
96 73 13
96 97 -19
96 119 -19
397 99 -19
397 421 19
683 707 -13
683 122 19
683 659 28
73 374 -13
73 637 -13
73 50 8
97 99 28
97 95 -13
119 120 8
119 422 -8
581 291 8
581 21 -19
581 580 19
578 602 -8
578 292 -8
485 179 -8
485 484 -28
485 483 -28
179 747 13
179 202 -8
179 180 -13
179 156 -19
484 460 13
484 508 28
483 768 -19
483 482 -13
82 81 13
82 84 -8
82 642 -8
81 382 -13
84 381 -19
84 83 -13
642 665 -8
98 121 8
98 75 19
98 99 13
121 424 28
121 122 19
75 376 8
75 76 -19
75 52 28
99 659 -19
54 617 28
54 32 -13
614 328 -13
614 615 -19
614 638 13
809 786 28
809 833 8
291 292 13
291 315 -8
292 294 -19
315 316 28
315 605 13
315 339 -13
621 620 -8
620 334 19
438 727 8
727 725 19
727 159 -13
727 726 8
138 115 -19
138 159 8
115 116 -8
115 92 -13
159 465 28
159 160 28
650 651 -28
650 626 -13
650 673 19
650 90 -8
363 339 -13
363 387 -13
363 653 -28
366 652 28
366 66 13
366 365 -8
707 422 13
422 424 19
422 421 -19
659 374 -28
659 636 -19
316 602 8
316 318 -28
602 626 -28
602 45 -28
602 603 13
318 21 -13
318 604 13
318 317 19
42 603 19
42 340 8
36 597 8
36 334 -19
36 37 -8
597 307 28
597 599 8
334 333 19
37 39 28
37 594 13
747 745 -19
747 458 28
747 746 8
745 743 13
745 456 -13
745 744 8
458 482 -13
458 435 8
458 459 28
458 157 19
746 722 8
746 461 -13
21 44 -13
125 428 28
125 126 -8
125 690 -8
257 258 -19
257 235 8
257 830 -19
258 827 19
258 256 8
235 213 19
235 545 28
235 806 -28
235 236 13
830 828 19
830 829 19
830 542 8
830 832 8
214 213 -19
214 216 -28
214 212 8
214 780 -19
213 783 19
213 190 -8
216 520 -28
216 782 28
216 218 28
212 516 19
212 778 -19
212 210 -8
780 495 -19
780 756 -13
780 781 28
785 783 13
785 496 13
789 500 -28
789 788 13
789 219 -19
786 220 -19
786 762 8
460 461 13
461 156 13
461 459 28
60 83 -19
60 38 -19
533 532 28
533 225 -8
530 226 13
530 818 -8
629 66 -8
629 339 13
629 628 -28
626 340 13
288 287 -8
288 286 -28
288 574 8
286 284 -19
286 285 13
574 575 8
574 598 28
421 122 8
468 469 8
468 492 19
468 757 -28
500 197 -19
500 476 -28
197 762 -19
197 196 8
197 199 -19
476 452 -28
476 174 28
476 765 -8
828 540 -13
828 255 19
828 827 -13
828 826 28
540 516 13
540 234 -13
540 541 -28
255 256 8
255 233 28
827 543 28
826 253 -13
826 825 -13
826 824 8
826 538 8
668 667 -28
668 670 8
665 689 -19
768 744 -13
768 203 28
744 180 -28
744 459 19
203 202 28
328 326 19
328 30 -28
326 324 -8
326 28 -13
326 612 -19
30 52 -13
30 31 -8
30 591 -28
33 31 19
33 32 8
31 29 8
31 588 8
32 9 8
32 593 -28
263 240 28
220 218 28
220 219 28
219 196 -19
219 240 -28
299 275 28
299 300 19
299 589 -28
299 323 8
299 6 28
275 276 -19
275 565 -28
300 3 -28
300 586 8
589 28 19
589 591 28
589 588 -28
589 587 -8
323 324 -13
323 29 19
323 613 -28
6 8 28
6 5 -19
6 4 -19
6 562 -8
370 69 19
370 368 -8
69 92 -13
69 47 -8
69 70 13
69 633 28
368 654 -28
368 68 28
66 44 13
66 89 19
637 636 -28
637 635 -19
638 78 19
294 293 28
294 580 8
293 317 -19
580 604 -28
482 771 8
482 180 8
832 259 -13
832 544 13
202 225 -8
202 771 13
225 226 -8
514 515 13
514 490 -28
514 210 -28
514 538 13
514 802 -13
515 207 19
515 800 8
490 779 19
490 466 8
490 491 19
210 209 28
210 776 -13
538 539 -13
538 232 -28
802 231 -8
802 804 8
333 39 -13
279 280 -13
279 569 8
10 9 13
10 8 -28
10 566 28
10 12 8
593 592 13
593 591 -13
39 38 8
38 599 13
592 568 -19
9 569 28
569 567 19
569 571 -28
569 568 8
226 224 28
605 604 13
605 44 13
605 603 8
604 628 19
44 342 -13
44 45 28
573 575 13
573 283 -19
573 571 13
454 743 -8
454 153 8
454 455 8
454 431 8
176 178 13
176 174 19
176 740 19
176 175 -8
502 503 -13
502 199 -28
502 526 28
575 285 -19
78 76 13
76 636 -19
456 433 28
456 155 28
456 457 -19
178 180 19
434 432 19
434 719 -13
434 433 28
434 131 13
434 436 -19
432 431 19
432 129 8
719 695 28
719 155 -8
433 409 -28
433 721 -13
433 134 -28
131 152 -8
131 696 -8
131 132 13
436 435 19
436 133 -13
542 543 8
542 236 -8
806 805 28
806 804 19
494 783 19
494 495 19
494 191 -19
494 470 -13
838 265 -28
838 550 -8
520 544 -8
520 496 8
544 545 8
496 497 19
496 472 -8
496 193 28
381 405 19
381 670 8
381 382 -8
654 630 -8
630 631 -8
630 344 19
630 606 -13
630 70 -28
598 599 28
632 346 8
632 72 -19
632 633 19
743 175 19
743 741 8
175 152 -13
741 739 8
741 452 8
741 740 8
508 532 28
23 583 8
23 46 -13
23 320 8
23 0 -19
583 582 -8
46 68 13
46 344 13
46 607 -13
320 319 -8
320 606 8
320 322 -28
0 296 19
0 559 28
253 254 8
253 231 -13
254 823 13
254 252 13
254 256 8
231 209 19
231 232 -13
231 541 8
83 106 28
783 782 -19
783 781 -13
782 805 8
782 758 19
782 497 -19
781 779 28
781 492 -8
209 779 8
209 186 -8
779 778 -19
779 777 13
186 493 8
186 163 -19
186 755 19
651 653 -28
651 87 -19
653 652 -13
653 89 -8
87 388 19
87 110 -28
87 88 -19
617 615 -19
526 550 -13
284 283 -13
284 570 19
284 282 28
283 307 13
570 594 -28
570 571 -19
282 281 8
282 568 -8
282 280 19
823 824 -8
823 539 13
823 800 8
824 251 -19
824 822 13
539 537 -28
539 229 28
539 541 19
800 776 -28
800 232 -28
722 723 -19
324 26 13
324 322 8
324 610 13
26 3 -13
26 587 13
322 24 -13
322 321 8
610 634 13
610 611 19
610 51 -8
610 586 8
243 550 13
29 586 28
29 28 19
586 562 -8
586 587 -8
28 5 8
28 50 -8
190 497 -8
190 167 13
190 759 -13
190 191 -19
612 636 -19
612 613 28
612 588 -8
259 237 -19
762 738 13
788 503 -8
340 342 8
340 339 8
68 631 28
68 91 13
631 633 28
634 348 -13
634 635 8
348 346 8
635 345 -13
635 71 28
635 633 19
829 545 -13
829 805 -19
545 543 -19
495 497 -19
495 493 13
493 778 13
493 492 19
493 491 13
301 8 -28
301 591 8
301 277 19
8 564 13
277 567 -28
277 278 8
71 72 -8
374 376 -13
537 535 -8
537 821 -13
535 227 -28
535 534 -8
821 252 -13
821 822 8
24 1 -19
24 47 8
24 25 -8
587 297 -19
295 319 28
295 296 13
295 2 28
295 271 -19
50 51 19
50 613 13
695 410 8
695 671 13
695 134 13
695 696 -13
410 409 19
410 408 -13
410 412 -28
134 133 -28
134 136 8
134 132 8
696 694 19
696 698 -8
192 169 -28
192 761 19
192 193 -19
516 492 28
516 804 -8
492 189 13
804 233 -28
193 758 8
193 191 13
760 475 -8
760 736 -8
760 761 -19
273 274 13
273 297 13
273 563 28
274 276 -28
274 272 -19
297 321 13
297 4 -13
563 562 28
563 565 28
563 561 -19
563 3 13
765 196 28
12 568 8
281 571 13
346 344 19
346 47 19
346 345 13
344 343 13
47 609 8
47 48 13
345 49 13
345 321 8
543 233 19
543 541 -19
233 234 28
541 825 -19
409 385 8
409 698 8
721 154 -28
721 723 19
435 411 -8
435 723 13
435 136 -19
133 698 13
133 110 19
133 154 -19
812 240 -19
778 754 8
754 469 8
754 755 -19
754 189 28
698 700 -8
698 697 19
110 412 -13
110 674 -19
154 459 -13
154 155 -13
511 204 -19
511 796 8
205 206 -28
205 775 -13
280 278 -13
280 566 8
819 250 -28
819 796 -8
819 820 13
250 252 -13
250 249 -28
796 772 13
820 248 -8
820 822 -28
457 152 19
457 455 -19
457 459 19
52 615 13
319 25 28
319 609 28
319 343 13
25 582 -13
609 611 -13
609 607 -19
343 633 -8
343 48 -19
431 132 -13
408 693 28
408 406 28
408 106 -8
1 2 13
1 561 19
256 825 -28
758 473 -8
758 759 -13
88 385 19
88 90 -13
566 567 -19
606 582 -13
606 607 28
606 48 -13
70 72 13
615 613 8
613 611 28
341 365 19
341 342 -28
341 317 13
342 628 19
5 565 -19
156 135 -28
156 723 -28
156 157 8
699 700 -13
699 675 19
112 135 19
112 113 -8
112 676 8
112 89 -19
412 411 -19
412 697 19
756 191 13
756 732 -13
756 757 8
191 189 13
732 168 8
757 755 28
757 759 -8
252 251 -28
251 229 13
153 152 -13
153 151 -28
153 155 -28
455 740 28
455 453 19
470 168 -13
470 446 -13
470 759 19
419 120 8
167 168 13
167 735 28
167 473 -28
759 761 19
738 739 28
738 174 -19
738 453 -19
738 715 -19
230 229 8
230 232 -8
229 207 8
207 777 28
45 339 -8
236 234 19
469 163 28
163 164 -19
163 731 8
132 130 28
132 693 -28
503 196 -28
276 562 -19
276 278 8
565 564 -13
565 567 8
49 51 -19
49 48 -8
321 611 -28
3 4 -13
403 427 19
427 450 -13
427 428 -13
4 2 8
411 113 -13
411 700 28
411 387 -28
136 135 19
136 697 28
777 776 13
777 775 13
135 700 -28
475 473 28
475 169 8
473 472 -28
169 170 -8
169 737 19
752 776 28
776 491 19
385 674 -28
775 773 -19
775 486 -13
775 774 28
450 739 -28
739 737 8
155 157 -8
466 164 -19
466 755 8
491 489 -8
172 174 -19
172 170 -13
172 736 8
170 168 28
170 472 19
736 737 8
736 713 -28
472 761 -19
822 249 19
822 534 28
232 234 -13
296 582 8
582 558 28
564 278 28
564 588 -13
424 426 13
426 428 13
426 425 -8
204 773 -13
204 181 13
204 227 13
405 694 -19
405 406 -8
694 693 -19
694 129 8
406 691 19
735 446 28
735 737 -8
390 388 8
390 89 -8
390 675 -13
388 673 -28
388 387 -28
89 90 -13
675 652 8
675 676 -8
773 772 -8
772 206 -28
772 748 19
772 487 -8
715 691 13
715 151 -28
428 713 -19
532 556 -13
130 129 13
130 691 -28
129 106 -8
691 667 8
697 673 -19
272 558 8
272 271 -13
248 227 8
113 673 -19
387 90 8
387 676 28
452 151 -13
452 453 19
673 674 19
674 676 13
106 670 -19
558 559 -28
558 2 28
559 561 -13
628 652 -8
271 561 -28
399 688 13
425 126 19
688 690 19
486 487 8
667 382 28
748 463 19
487 489 -28
487 181 28
774 489 19
689 713 -8
689 690 -8
464 465 19
120 122 -19
465 463 -13
