127 692 13
127 148 13
127 430 -13
127 128 -19
127 104 13
692 403 19
692 691 19
692 694 -13
692 690 28
148 171 -13
148 149 28
148 453 -28
148 716 28
430 432 -13
430 429 19
430 715 19
430 428 13
128 130 -13
128 427 19
128 126 -8
128 689 8
104 105 19
104 406 28
104 668 -19
104 81 -13
523 215 -8
523 521 28
523 522 -8
523 525 28
523 807 -13
215 216 -13
215 192 -13
215 785 -19
215 237 -8
521 519 19
521 520 28
521 213 -19
521 805 -13
522 498 19
522 546 13
522 810 -13
522 218 8
525 217 28
525 527 -28
525 809 8
525 524 -19
807 239 28
807 784 28
807 831 8
807 808 19
289 290 13
289 313 8
289 579 13
290 576 19
290 288 28
290 292 13
313 20 -8
313 603 8
313 337 -13
313 314 28
579 577 -28
579 19 19
579 581 19
579 578 -19
359 335 -13
359 649 -13
359 360 -13
359 383 -8
359 63 -19
335 625 -13
335 311 13
335 336 -28
335 41 -8
649 85 8
649 651 13
649 647 28
649 648 19
360 362 28
360 646 -28
360 358 8
360 60 13
383 384 19
383 672 -13
383 407 19
383 86 -28
63 65 -8
63 61 19
63 622 -13
63 62 -19
706 417 28
706 704 19
706 705 -8
706 708 -19
417 440 8
417 393 8
417 418 -13
417 118 -19
704 138 13
704 703 -8
704 702 -8
704 415 -13
705 142 19
705 420 28
705 681 -19
705 728 8
708 707 -28
708 141 -13
708 710 -8
708 419 28
137 114 -8
137 439 19
137 702 -19
137 158 19
114 678 13
114 91 -13
114 416 -19
439 438 -28
439 724 -19
439 441 8
702 701 28
158 181 8
158 463 13
158 725 -19
362 62 -8
362 648 -28
362 361 13
362 364 -8
62 625 19
62 40 -13
648 624 13
648 671 -13
648 88 28
361 65 -13
361 651 19
361 337 28
361 385 -28
364 650 28
364 363 8
364 64 -19
364 366 -28
329 35 -8
329 619 -19
329 353 19
329 330 8
329 305 13
35 34 8
35 33 13
35 37 -8
35 592 -19
619 621 -19
619 56 -28
619 618 -19
619 617 -8
353 377 -19
353 643 28
353 354 13
353 57 13
330 328 -19
330 616 -13
330 32 13
330 332 8
305 306 -8
305 12 13
305 281 28
305 595 -8
658 656 28
658 94 -13
658 657 -28
658 660 19
658 369 -8
656 655 -13
656 367 8
656 92 8
94 117 13
94 71 19
94 95 13
94 396 -19
657 634 8
657 372 8
657 681 -8
657 97 13
660 371 -13
660 96 13
660 659 8
660 662 28
369 370 13
369 345 13
369 393 28
369 72 8
165 471 -28
165 188 -8
165 166 19
165 733 28
165 143 13
471 756 8
471 469 -13
471 470 8
471 473 -13
188 495 13
188 211 8
188 757 -13
188 189 8
166 468 -19
166 168 -28
166 164 -8
166 730 28
733 444 -19
733 735 13
733 731 8
733 732 -8
143 447 19
143 121 19
143 710 -13
34 595 19
34 11 -8
34 332 28
34 56 -13
595 594 28
595 597 28
595 593 -13
11 12 19
11 571 -13
11 308 -8
332 334 28
332 618 -13
332 331 -13
56 79 -28
56 57 19
56 356 13
20 18 -19
20 576 19
20 22 19
20 19 13
18 16 19
18 311 8
18 574 28
18 17 -13
576 600 -13
576 577 -28
22 315 13
22 21 -8
22 578 -13
19 316 -19
19 42 -13
221 791 19
221 529 28
221 222 -28
221 198 -13
221 242 -8
791 793 -28
791 789 -8
791 502 -19
791 790 -19
529 531 28
529 813 28
529 528 8
529 527 -8
222 220 13
222 526 13
222 224 -13
222 788 -13
198 767 -28
198 505 13
198 199 -13
198 175 13
242 243 -19
242 814 -28
242 265 8
242 553 13
402 404 -28
402 401 8
402 400 19
402 100 -19
402 687 -19
404 102 13
404 403 -13
404 406 -8
404 689 13
401 103 -13
401 377 -13
401 425 19
401 690 13
400 685 19
400 398 8
400 98 13
400 399 8
100 664 -13
100 77 8
100 123 -8
100 101 28
687 688 13
687 711 13
687 663 28
687 126 28
664 662 28
664 666 8
664 663 -8
664 375 -19
77 78 -13
77 54 -8
77 641 28
77 378 -8
123 426 -13
123 688 -19
123 124 -19
123 144 -28
101 103 -8
101 99 28
101 399 -13
101 661 28
600 314 -19
600 624 8
600 601 13
600 43 13
314 316 8
314 312 13
314 17 8
624 625 -8
624 65 8
624 338 13
601 40 19
601 599 8
601 311 8
601 603 -8
43 41 19
43 337 8
43 42 8
43 45 13
794 817 -19
794 795 13
794 770 28
794 509 -13
817 841 -28
817 818 8
817 533 19
795 793 19
795 506 -13
795 225 13
770 485 13
770 771 -8
770 746 -8
509 507 19
509 202 -19
509 508 -8
371 74 8
371 395 28
371 372 -19
371 347 8
74 634 13
74 73 13
74 76 -19
74 72 8
395 419 8
395 396 -13
395 684 -8
395 97 -8
372 370 19
372 71 -28
372 374 13
347 348 19
347 51 -19
347 323 28
347 637 -13
103 102 8
103 663 8
103 105 28
102 79 28
102 125 -28
102 666 19
663 640 8
663 378 8
105 403 19
105 665 -13
105 107 19
584 27 -8
584 585 13
584 608 -19
584 298 19
584 560 13
27 29 -8
27 321 19
27 26 19
27 25 -8
585 24 -28
585 583 -13
585 587 8
585 295 -8
608 632 -19
608 322 -13
608 49 -8
608 609 19
298 300 19
298 296 -13
298 297 28
298 1 -28
560 274 -28
560 561 -13
560 4 28
59 57 -19
59 61 19
59 355 13
59 58 -8
59 618 19
57 55 13
57 616 -13
61 60 -8
61 357 -8
61 620 -19
355 356 -13
355 331 8
355 645 -8
355 379 -8
58 358 -19
58 621 -8
58 36 -19
58 81 13
618 594 -19
618 642 28
640 80 -13
640 616 -8
640 641 -13
640 354 -13
80 377 -8
80 79 -19
80 82 19
80 78 -28
616 592 -28
616 617 -8
641 351 28
641 639 -8
641 643 -8
354 54 -8
354 352 -8
354 356 19
443 441 19
443 445 28
443 728 19
443 442 -19
441 138 -28
441 440 -28
441 726 8
445 444 28
445 447 19
445 730 -28
445 141 -28
728 752 -8
728 729 28
728 164 -8
442 142 28
442 419 13
442 731 -13
442 466 -8
531 815 -19
531 533 8
531 223 28
531 530 -19
813 245 -8
813 790 -8
813 837 -28
813 814 -19
528 504 8
528 552 -13
528 816 8
528 224 28
527 219 -8
527 811 28
527 526 -19
625 627 19
625 623 -19
627 337 -8
627 64 19
627 629 -28
627 626 -13
623 621 -13
623 60 8
623 622 13
623 333 -8
835 266 -8
835 836 28
835 811 19
835 551 -13
266 268 -8
266 264 -28
266 265 -13
836 548 8
836 834 28
836 838 13
836 263 28
811 243 -28
811 812 -19
811 788 13
551 549 -8
551 240 -19
551 553 28
551 550 19
142 140 19
142 141 -13
140 703 13
140 139 -19
140 440 -19
141 163 8
141 119 28
498 195 -8
498 787 8
498 499 -28
498 474 -13
195 194 -8
195 197 19
195 193 -28
195 760 8
787 217 8
787 785 19
787 789 8
787 786 13
499 501 19
499 784 19
499 497 -28
499 192 13
474 475 -13
474 450 -28
474 172 28
474 763 -28
444 421 -19
444 468 8
447 449 -8
447 732 28
447 446 8
730 707 19
730 754 -19
730 731 8
712 711 -8
712 423 -8
712 710 19
712 714 19
712 144 28
711 147 13
711 426 28
711 734 -13
423 424 -19
423 124 -19
423 399 13
423 446 13
710 421 8
710 709 13
714 425 -13
714 716 28
714 146 -8
714 713 -13
144 449 13
144 167 -28
144 145 -13
679 703 8
679 394 -13
679 655 -8
679 118 8
679 680 -28
703 418 -28
703 726 8
394 392 -8
394 92 28
394 393 28
394 396 -13
655 370 -28
655 95 19
655 632 28
118 117 -19
118 116 13
118 120 -19
680 391 -13
680 682 -28
680 678 -13
680 115 -19
194 763 -13
194 171 13
194 501 28
194 217 -13
763 762 28
763 765 -13
763 761 13
171 172 13
171 477 -19
171 739 -28
501 500 -13
501 786 -8
501 503 -13
217 238 -28
217 218 28
311 312 19
311 287 19
336 334 13
336 622 28
336 338 -8
336 38 13
41 40 -28
41 39 13
41 598 -13
662 98 19
662 661 -8
662 373 19
666 377 -28
666 668 8
666 665 28
375 351 -8
375 78 19
375 399 13
375 376 13
766 790 13
766 481 13
766 767 -19
766 201 8
766 742 28
790 224 -13
790 505 13
481 479 28
481 480 -13
481 483 19
481 175 28
767 478 -28
767 769 -28
767 765 -8
201 504 -8
201 200 -13
201 203 8
201 199 19
742 743 -28
742 178 8
742 719 13
742 457 -28
40 338 19
40 17 -19
338 337 19
338 340 -28
17 577 -19
751 462 -28
751 749 28
751 753 -13
751 750 13
751 182 13
462 438 -13
462 486 13
462 463 13
462 160 -19
749 181 19
749 748 -19
753 752 19
753 464 -8
753 755 -19
753 184 8
750 185 -28
750 465 -19
750 774 13
750 726 -28
182 205 -8
182 489 -8
182 159 28
182 183 8
262 261 -13
262 264 13
262 260 8
262 831 28
261 238 19
261 834 19
264 263 -13
264 833 19
260 259 -8
260 829 19
260 258 -19
831 832 8
831 547 -28
377 378 -19
378 376 19
378 380 8
239 546 8
239 238 8
239 241 -19
784 760 -13
784 218 -28
784 785 28
808 520 8
808 806 8
808 810 -8
808 237 -19
109 407 19
109 108 8
109 111 28
109 107 -8
109 669 19
407 696 28
407 431 -19
407 408 -8
108 85 28
108 410 -19
108 672 -13
108 131 -28
111 409 -13
111 671 -19
111 113 -13
111 110 -19
107 405 19
107 667 -13
107 106 -28
669 646 13
669 670 -19
669 384 28
669 693 -13
79 380 -13
79 643 28
380 379 -13
380 665 13
380 382 28
643 645 19
643 642 -19
65 64 28
65 67 13
64 42 -13
64 87 -8
67 66 13
67 626 28
67 363 -13
646 622 13
646 647 28
646 86 -13
622 598 -8
647 645 -13
647 357 -13
647 83 -8
86 85 19
86 84 8
86 88 28
449 451 -13
449 734 -13
449 448 -8
451 450 -28
451 736 13
451 146 19
451 453 13
734 758 28
734 735 28
734 170 19
448 147 13
448 472 -19
448 425 28
448 737 8
440 729 -19
440 464 28
393 682 -8
393 95 -8
418 420 -13
418 416 13
418 115 -8
841 557 -8
841 842 -19
557 555 28
557 246 19
557 556 -13
842 840 28
842 554 -8
842 269 -28
147 145 13
147 149 -13
147 146 28
145 709 28
145 446 -28
149 450 8
149 713 28
149 151 -8
146 125 8
146 169 8
504 793 13
504 505 -13
504 480 -28
793 223 -28
793 792 8
505 507 19
505 503 -8
480 456 -28
480 178 -8
480 769 19
117 682 -28
117 420 -8
682 681 19
682 684 8
420 419 19
420 422 28
718 429 -19
718 720 28
718 717 8
718 150 19
718 716 28
429 405 19
429 130 -28
429 452 -19
720 152 19
720 431 -28
720 719 -19
720 721 -8
717 153 19
717 432 13
717 693 8
717 740 19
150 455 28
150 129 13
150 173 -8
150 151 13
716 715 -28
716 427 -19
507 792 -8
507 200 -19
507 506 28
792 768 -19
792 226 13
792 815 13
200 223 -8
200 769 -13
200 177 28
506 203 28
506 530 13
506 482 -19
685 661 13
685 686 8
685 709 13
685 124 -8
661 376 19
661 638 -13
686 684 8
686 397 28
686 688 -19
686 121 -8
709 424 19
709 732 13
124 126 -13
124 122 -8
223 244 8
223 224 -28
769 768 19
769 771 -28
177 178 28
177 745 -13
177 154 8
177 483 19
512 488 -19
512 536 8
512 208 19
512 801 -13
512 513 28
488 185 -13
488 777 19
488 489 19
488 464 13
536 537 -28
536 824 19
536 230 19
208 207 -8
208 210 8
208 206 -8
208 774 -28
801 799 19
801 800 8
801 802 19
513 511 -8
513 515 -28
513 798 13
513 205 -13
349 53 -13
349 639 -28
349 350 -13
349 325 -8
349 373 -8
53 55 13
53 51 -28
53 612 19
53 52 -19
639 75 -8
639 637 13
639 638 -8
350 352 19
350 636 28
350 348 -8
350 50 8
325 326 -28
325 301 -19
325 615 8
325 31 -13
373 374 -8
373 397 19
373 76 -28
185 183 19
185 187 13
185 184 -19
183 748 -19
183 486 -13
187 752 -28
187 490 13
187 186 8
187 189 8
184 161 28
184 207 28
184 491 28
546 834 -19
546 547 -8
834 833 28
834 832 19
547 549 -19
547 545 -28
547 237 -28
268 270 19
268 267 -28
268 837 28
270 269 -8
270 839 -8
267 244 -28
267 840 19
837 553 -28
837 838 19
351 352 19
351 55 -8
351 327 19
352 52 28
352 638 28
55 54 13
55 614 -28
327 328 28
327 33 13
327 303 28
327 617 8
304 302 -28
304 590 28
304 306 -13
304 7 28
304 303 -8
302 301 13
302 300 13
302 588 19
302 5 -19
590 33 -8
590 566 19
590 614 -13
590 591 13
306 308 -8
306 592 -28
306 9 19
7 30 -13
7 8 -8
7 567 13
303 279 19
303 10 13
303 593 -28
238 549 28
238 810 -19
549 548 -8
549 833 19
810 812 8
810 809 -8
384 386 -13
384 382 13
384 83 -28
672 671 19
672 674 -19
672 670 13
548 524 28
548 241 -28
524 500 28
524 220 -28
524 812 13
241 243 -19
241 809 13
241 240 -13
245 552 -8
245 244 -28
245 247 13
245 243 -28
814 816 -8
814 812 -28
814 526 28
85 386 -13
386 671 28
386 388 13
386 385 -8
391 415 19
391 93 -19
391 392 28
391 367 19
415 438 13
415 116 -13
415 416 -8
93 654 13
93 95 28
93 92 -19
392 91 -19
392 677 28
367 368 28
367 343 19
367 70 -28
479 173 -28
479 764 -28
479 477 28
479 478 -8
173 196 -13
173 174 -13
173 741 -28
764 788 -8
764 740 -28
764 765 -13
764 199 19
477 762 13
477 475 -8
477 476 -8
478 454 28
478 176 -13
478 502 8
799 228 -8
799 510 19
799 797 28
799 798 -19
228 537 -19
228 249 19
228 205 -19
510 511 19
510 206 28
510 486 -8
510 534 8
797 227 -19
797 796 8
798 230 8
798 821 -13
798 774 -19
519 518 -13
519 803 13
519 517 19
519 211 28
518 214 -13
518 542 28
518 806 19
518 494 -13
803 804 19
803 780 28
803 827 19
803 236 -28
517 209 19
517 516 -19
517 515 -13
211 781 -13
211 233 -19
211 212 19
681 120 19
681 396 -13
684 119 13
684 683 8
356 358 19
356 642 -13
331 621 19
331 307 13
331 37 13
645 81 8
645 644 8
379 82 28
379 403 8
379 668 28
358 644 -8
358 357 19
644 84 -13
644 620 28
644 667 8
357 333 -28
357 381 28
701 416 13
701 724 -28
701 139 8
701 677 8
724 748 -28
724 725 28
724 160 -19
139 438 -19
139 138 -8
677 678 19
677 116 8
677 654 -8
552 840 28
552 553 13
840 839 8
840 838 -8
553 555 -19
161 729 19
161 162 13
161 467 -28
729 727 19
729 731 19
162 464 -8
162 164 28
162 160 19
162 726 8
467 469 -28
467 752 -28
467 465 13
467 466 -8
310 13 -13
310 308 19
310 596 -28
310 312 13
310 309 13
13 36 -13
13 573 -13
13 14 -13
308 594 -13
308 307 28
596 39 -8
596 572 13
596 620 -19
596 597 13
312 598 -28
312 15 8
309 16 28
309 285 28
309 599 -8
309 333 -28
555 554 -28
555 244 -19
555 839 -8
554 247 19
554 530 13
244 816 -19
839 815 -28
413 414 19
413 437 -13
413 389 -19
414 699 8
414 112 -13
414 412 -13
437 460 28
389 390 -19
389 365 19
816 815 13
816 818 -8
577 575 -13
577 287 -19
16 15 19
16 14 -28
16 572 -13
15 575 -13
15 38 28
14 307 -28
14 12 -8
14 570 -19
572 286 8
572 573 8
247 815 -28
247 246 -19
246 225 -28
246 818 -19
246 269 8
398 96 13
398 396 -19
398 397 8
398 683 8
96 73 28
96 97 19
96 119 -28
397 99 -13
397 421 8
683 707 -28
683 122 19
683 659 8
73 374 19
73 637 8
73 50 -13
97 99 28
97 95 13
119 120 -8
119 422 8
581 291 -8
581 21 19
581 580 13
578 602 -13
578 292 19
485 179 -8
485 484 -8
485 483 13
179 747 -13
179 202 -13
179 180 -8
179 156 19
484 460 -13
484 508 -13
483 768 -13
483 482 -19
82 81 -19
82 84 -8
82 642 8
81 382 -8
84 381 -8
84 83 -19
642 665 -8
98 121 8
98 75 13
98 99 8
121 424 19
121 122 -19
75 376 13
75 76 8
75 52 8
99 659 28
54 617 19
54 32 19
614 328 -13
614 615 8
614 638 13
809 786 -13
809 833 28
291 292 28
291 315 8
292 294 13
315 316 -19
315 605 28
315 339 28
621 620 28
620 334 -13
438 727 -13
727 725 -19
727 159 28
727 726 19
138 115 -28
138 159 13
115 116 -28
115 92 -13
159 465 -8
159 160 28
650 651 -19
650 626 13
650 673 -28
650 90 -28
363 339 13
363 387 -19
363 653 28
366 652 8
366 66 -28
366 365 8
707 422 -28
422 424 -8
422 421 8
659 374 -28
659 636 -13
316 602 13
316 318 28
602 626 8
602 45 -8
602 603 -19
318 21 -28
318 604 8
318 317 -19
42 603 -28
42 340 -8
36 597 -19
36 334 8
36 37 19
597 307 -19
597 599 -8
334 333 13
37 39 -8
37 594 13
747 745 -13
747 458 8
747 746 8
745 743 28
745 456 13
745 744 -19
458 482 19
458 435 19
458 459 19
458 157 28
746 722 19
746 461 -19
21 44 8
125 428 -19
125 126 -13
125 690 -8
257 258 -8
257 235 -13
257 830 -19
258 827 19
258 256 -13
235 213 8
235 545 -28
235 806 8
235 236 -19
830 828 28
830 829 -8
830 542 19
830 832 -8
214 213 28
214 216 28
214 212 -8
214 780 13
213 783 19
213 190 13
216 520 -28
216 782 19
216 218 -13
212 516 -8
212 778 -28
212 210 -8
780 495 28
780 756 28
780 781 -28
785 783 19
785 496 -13
789 500 28
789 788 -13
789 219 19
786 220 -19
786 762 19
460 461 -28
461 156 -28
461 459 19
60 83 -28
60 38 13
533 532 8
533 225 -28
530 226 8
530 818 -19
629 66 -19
629 339 -19
629 628 -13
626 340 13
288 287 -28
288 286 -13
288 574 -8
286 284 -8
286 285 28
574 575 -13
574 598 28
421 122 -13
468 469 -19
468 492 -28
468 757 13
500 197 -8
500 476 8
197 762 13
197 196 13
197 199 -8
476 452 -13
476 174 28
476 765 8
828 540 -19
828 255 -8
828 827 -8
828 826 -13
540 516 -8
540 234 13
540 541 -19
255 256 -28
255 233 -13
827 543 8
826 253 28
826 825 19
826 824 13
826 538 -13
668 667 28
668 670 19
665 689 28
768 744 28
768 203 -13
744 180 8
744 459 -28
203 202 -19
328 326 19
328 30 -13
326 324 28
326 28 -28
326 612 19
30 52 8
30 31 13
30 591 8
33 31 -19
33 32 -28
31 29 28
31 588 28
32 9 13
32 593 28
263 240 28
220 218 -28
220 219 -19
219 196 8
219 240 13
299 275 -19
299 300 -13
299 589 19
299 323 -8
299 6 28
275 276 -8
275 565 19
300 3 -19
300 586 -28
589 28 13
589 591 -19
589 588 13
589 587 -19
323 324 8
323 29 -8
323 613 -19
6 8 8
6 5 8
6 4 28
6 562 -8
370 69 13
370 368 -28
69 92 8
69 47 -28
69 70 -28
69 633 13
368 654 28
368 68 19
66 44 -28
66 89 -19
637 636 -28
637 635 -8
638 78 -13
294 293 -13
294 580 -13
293 317 -19
580 604 -8
482 771 13
482 180 -28
832 259 13
832 544 13
202 225 13
202 771 -8
225 226 13
514 515 19
514 490 19
514 210 19
514 538 -13
514 802 19
515 207 19
515 800 -19
490 779 -28
490 466 -28
490 491 28
210 209 28
210 776 -13
538 539 19
538 232 -13
802 231 28
802 804 28
333 39 8
279 280 -28
279 569 13
10 9 -13
10 8 19
10 566 -8
10 12 13
593 592 -8
593 591 -19
39 38 8
38 599 19
592 568 8
9 569 19
569 567 -8
569 571 8
569 568 28
226 224 -13
605 604 8
605 44 19
605 603 -13
604 628 19
44 342 8
44 45 19
573 575 -13
573 283 -13
573 571 -28
454 743 13
454 153 -28
454 455 8
454 431 -8
176 178 -28
176 174 -8
176 740 28
176 175 -19
502 503 8
502 199 19
502 526 8
575 285 13
78 76 8
76 636 8
456 433 -19
456 155 8
456 457 -8
178 180 8
434 432 -28
434 719 -13
434 433 19
434 131 -19
434 436 -13
432 431 8
432 129 19
719 695 -19
719 155 -28
433 409 28
433 721 -28
433 134 28
131 152 -13
131 696 -13
131 132 8
436 435 -28
436 133 8
542 543 -8
542 236 -8
806 805 8
806 804 8
494 783 28
494 495 -8
494 191 19
494 470 -13
838 265 19
838 550 -19
520 544 13
520 496 -13
544 545 -28
496 497 -28
496 472 19
496 193 -28
381 405 28
381 670 -28
381 382 19
654 630 -28
630 631 -13
630 344 28
630 606 -8
630 70 13
598 599 -19
632 346 13
632 72 -28
632 633 -28
743 175 -13
743 741 -13
175 152 8
741 739 8
741 452 19
741 740 -13
508 532 8
23 583 19
23 46 -19
23 320 -19
23 0 -8
583 582 -8
46 68 19
46 344 28
46 607 -8
320 319 28
320 606 -13
320 322 8
0 296 -19
0 559 -8
253 254 19
253 231 -13
254 823 13
254 252 13
254 256 8
231 209 28
231 232 28
231 541 13
83 106 -13
783 782 -8
783 781 13
782 805 13
782 758 -13
782 497 13
781 779 28
781 492 28
209 779 -13
209 186 -28
779 778 -19
779 777 -28
186 493 -19
186 163 19
186 755 19
651 653 -13
651 87 -19
653 652 28
653 89 -19
87 388 13
87 110 13
87 88 8
617 615 -28
526 550 13
284 283 -13
284 570 8
284 282 28
283 307 19
570 594 -8
570 571 -8
282 281 13
282 568 -28
282 280 -13
823 824 19
823 539 19
823 800 -28
824 251 -8
824 822 -8
539 537 28
539 229 28
539 541 28
800 776 -28
800 232 -28
722 723 -19
324 26 8
324 322 8
324 610 -19
26 3 -8
26 587 13
322 24 -8
322 321 19
610 634 19
610 611 19
610 51 -28
610 586 19
243 550 28
29 586 13
29 28 8
586 562 19
586 587 19
28 5 -19
28 50 28
190 497 28
190 167 8
190 759 19
190 191 19
612 636 28
612 613 -19
612 588 -28
259 237 19
762 738 -8
788 503 8
340 342 28
340 339 -28
68 631 -13
68 91 19
631 633 13
634 348 -19
634 635 -13
348 346 19
635 345 -28
635 71 -13
635 633 8
829 545 -8
829 805 -28
545 543 8
495 497 -19
495 493 -8
493 778 8
493 492 -8
493 491 28
301 8 8
301 591 19
301 277 -13
8 564 -13
277 567 13
277 278 28
71 72 28
374 376 -19
537 535 -13
537 821 -28
535 227 -19
535 534 -19
821 252 28
821 822 28
24 1 -28
24 47 -8
24 25 -28
587 297 13
295 319 28
295 296 -8
295 2 -19
295 271 19
50 51 13
50 613 -13
695 410 13
695 671 19
695 134 -19
695 696 8
410 409 28
410 408 -13
410 412 28
134 133 -8
134 136 13
134 132 19
696 694 -19
696 698 -28
192 169 -19
192 761 13
192 193 13
516 492 28
516 804 28
492 189 8
804 233 -19
193 758 19
193 191 -28
760 475 -8
760 736 13
760 761 28
273 274 13
273 297 -8
273 563 -28
274 276 13
274 272 28
297 321 -28
297 4 -28
563 562 -13
563 565 -28
563 561 19
563 3 28
765 196 13
12 568 8
281 571 13
346 344 -28
346 47 -28
346 345 -28
344 343 8
47 609 -8
47 48 28
345 49 13
345 321 13
543 233 -13
543 541 8
233 234 -19
541 825 -8
409 385 8
409 698 -13
721 154 8
721 723 28
435 411 -8
435 723 13
435 136 28
133 698 -28
133 110 28
133 154 -13
812 240 13
778 754 13
754 469 28
754 755 -13
754 189 13
698 700 19
698 697 8
110 412 -28
110 674 -19
154 459 8
154 155 19
511 204 28
511 796 -13
205 206 -19
205 775 19
280 278 13
280 566 8
819 250 28
819 796 -8
819 820 28
250 252 -13
250 249 28
796 772 8
820 248 -19
820 822 -28
457 152 -19
457 455 -13
457 459 -19
52 615 -28
319 25 -13
319 609 13
319 343 -8
25 582 -28
609 611 8
609 607 -8
343 633 19
343 48 8
431 132 -28
408 693 -28
408 406 28
408 106 8
1 2 8
1 561 -13
256 825 19
758 473 19
758 759 28
88 385 -19
88 90 -13
566 567 -28
606 582 -19
606 607 -28
606 48 -13
70 72 -19
615 613 19
613 611 8
341 365 -28
341 342 28
341 317 -19
342 628 19
5 565 -8
156 135 -8
156 723 8
156 157 -19
699 700 19
699 675 28
112 135 8
112 113 -13
112 676 -8
112 89 -19
412 411 8
412 697 -8
756 191 -19
756 732 28
756 757 19
191 189 19
732 168 13
757 755 -13
757 759 8
252 251 28
251 229 -28
153 152 -13
153 151 -28
153 155 19
455 740 8
455 453 -8
470 168 -28
470 446 19
470 759 19
419 120 8
167 168 13
167 735 28
167 473 -13
759 761 19
738 739 -19
738 174 -13
738 453 13
738 715 -13
230 229 -28
230 232 -19
229 207 -28
207 777 -13
45 339 13
236 234 -13
469 163 8
163 164 19
163 731 -28
132 130 -19
132 693 -19
503 196 -28
276 562 -8
276 278 28
565 564 -13
565 567 -19
49 51 -13
49 48 28
321 611 -28
3 4 19
403 427 -19
427 450 19
427 428 28
4 2 8
411 113 -19
411 700 28
411 387 19
136 135 -28
136 697 -8
777 776 8
777 775 28
135 700 -19
475 473 8
475 169 28
473 472 8
169 170 -28
169 737 8
752 776 -28
776 491 -8
385 674 -28
775 773 -28
775 486 -13
775 774 -19
450 739 -28
739 737 -28
155 157 19
466 164 13
466 755 8
491 489 8
172 174 8
172 170 28
172 736 13
170 168 28
170 472 19
736 737 -13
736 713 13
472 761 -8
822 249 -19
822 534 -28
232 234 19
296 582 -8
582 558 8
564 278 -19
564 588 -28
424 426 -28
426 428 -13
426 425 -8
204 773 -28
204 181 -13
204 227 -28
405 694 8
405 406 28
694 693 8
694 129 -13
406 691 -19
735 446 28
735 737 -28
390 388 -19
390 89 -28
390 675 -8
388 673 28
388 387 -13
89 90 -13
675 652 -8
675 676 13
773 772 -13
772 206 28
772 748 19
772 487 -28
715 691 -28
715 151 28
428 713 -19
532 556 -28
130 129 13
130 691 -28
129 106 -19
691 667 28
697 673 -13
272 558 -19
272 271 19
248 227 -19
113 673 -28
387 90 -8
387 676 8
452 151 -8
452 453 -19
673 674 8
674 676 -28
106 670 -19
558 559 8
558 2 13
559 561 -13
628 652 -8
271 561 -19
399 688 28
425 126 -8
688 690 28
486 487 19
667 382 8
748 463 13
487 489 28
487 181 13
774 489 28
689 713 19
689 690 19
464 465 -13
120 122 19
465 463 -13
