1112 1111 28
1112 334 -13
1112 1110 19
1112 1114 -28
1112 722 28
1111 337 8
1111 1083 19
1111 1139 28
1111 725 -8
334 753 19
334 361 -28
334 307 -13
334 335 8
1110 1108 8
1110 332 -13
1110 720 13
1110 1109 -8
1114 336 -13
1114 724 28
1114 1116 19
1114 1113 -19
722 694 -13
722 723 19
722 308 -28
722 750 -8
147 918 -19
147 172 19
147 556 -8
147 148 -13
147 120 19
918 525 28
918 917 -28
918 920 -28
918 916 19
172 199 28
172 173 -19
172 583 28
172 946 -28
556 558 -28
556 555 13
556 945 19
556 554 13
148 150 19
148 553 28
148 146 -28
148 915 -28
120 121 8
120 528 -8
120 890 19
120 93 13
665 251 -28
665 663 28
665 664 28
665 667 28
665 1051 19
251 252 -28
251 224 -19
251 1026 13
251 277 28
663 661 -8
663 662 8
663 249 -19
663 1049 8
664 636 -28
664 692 28
664 1054 19
664 254 13
667 253 -28
667 669 19
667 1053 13
667 666 28
1051 279 -19
1051 1025 -13
1051 1079 13
1051 1052 -19
391 392 28
391 419 -8
391 785 28
392 782 -28
392 390 -19
392 394 28
419 20 -13
419 813 8
419 447 8
419 420 -19
785 783 28
785 19 -13
785 787 8
785 784 19
473 445 19
473 867 -28
473 474 13
473 501 8
473 71 -8
445 839 -28
445 417 28
445 446 -8
445 45 -13
867 97 28
867 869 -8
867 865 -28
867 866 -19
474 476 -19
474 864 -19
474 472 19
474 68 -13
501 502 -28
501 894 -19
501 529 -28
501 98 13
71 73 19
71 69 8
71 836 -8
71 70 13
936 543 -13
936 934 -13
936 935 -8
936 938 -13
543 570 13
543 515 -19
543 544 -13
543 138 -8
934 162 13
934 933 13
934 932 -13
934 541 19
935 166 -13
935 546 28
935 907 19
935 962 13
938 937 -13
938 165 13
938 940 19
938 545 -28
161 134 19
161 569 -13
161 932 -13
161 186 -19
134 904 13
134 107 -19
134 542 19
569 568 8
569 958 -13
569 571 8
932 931 -19
186 213 -13
186 597 -19
186 959 8
476 70 -28
476 866 -19
476 475 28
476 478 -8
70 839 13
70 44 13
866 838 -19
866 893 -13
866 100 -19
475 73 -13
475 869 8
475 447 19
475 503 -28
478 868 -28
478 477 -8
478 72 -19
478 480 13
439 39 8
439 833 28
439 467 -19
439 440 -8
439 411 -8
39 38 19
39 37 8
39 41 -28
39 802 -8
833 835 8
833 64 8
833 832 -8
833 831 8
467 495 -28
467 861 -28
467 468 19
467 65 -8
440 438 13
440 830 -19
440 36 13
440 442 -13
411 412 -19
411 12 -28
411 383 28
411 805 -13
880 878 28
880 110 -28
880 879 8
880 882 28
880 487 -19
878 877 -28
878 485 8
878 108 -13
110 137 -8
110 83 28
110 111 28
110 518 -28
879 852 28
879 490 -13
879 907 -19
879 113 -19
882 489 8
882 112 28
882 881 19
882 884 8
487 488 -19
487 459 19
487 515 28
487 84 13
193 605 19
193 220 19
193 194 -13
193 967 13
193 167 13
605 994 -13
605 603 19
605 604 -13
605 607 -8
220 633 13
220 247 -28
220 995 -13
220 221 -28
194 602 -13
194 196 -13
194 192 -28
194 964 13
967 574 13
967 969 -19
967 965 -13
967 966 19
167 577 8
167 141 -19
167 940 8
705 1091 -28
705 707 19
705 704 28
705 703 28
705 288 8
1091 318 -28
1091 1063 19
1091 1092 28
1091 1119 -13
707 290 -19
707 1093 -13
707 706 -13
704 291 -8
704 676 13
704 732 28
704 1094 19
703 1089 19
703 701 -28
703 286 8
703 702 28
288 289 -8
288 315 -28
288 263 -19
288 1064 -13
539 566 19
539 511 -13
539 540 -19
566 594 -28
566 567 -13
511 512 13
511 483 13
540 132 -19
540 929 -19
540 538 8
289 291 13
289 287 8
289 702 -19
289 1061 -28
315 342 28
315 316 -28
315 733 13
315 1092 -8
263 1038 -19
263 236 19
263 264 8
263 677 13
1064 1063 8
1064 1066 28
1064 1062 -19
1064 674 28
38 805 19
38 11 19
38 442 13
38 64 -19
805 804 -19
805 807 8
805 803 19
11 12 19
11 777 -13
11 414 8
442 444 19
442 832 -19
442 441 -13
64 91 -19
64 65 -28
64 470 19
20 18 8
20 782 19
20 22 13
20 19 8
18 16 -8
18 417 8
18 780 28
18 17 -8
782 810 13
782 783 -8
22 421 -19
22 21 -28
22 784 8
22 24 13
19 422 -8
19 46 13
291 290 13
291 1063 -28
290 1066 -13
290 265 13
290 317 -19
1063 1037 8
1063 677 -28
257 1032 -8
257 671 8
257 258 13
257 230 -8
257 282 -19
1032 1034 -8
1032 1030 8
1032 640 19
1032 1031 -28
671 673 8
671 1057 -19
671 670 19
671 669 19
258 256 -13
258 668 13
258 260 -28
258 1029 -28
230 1005 28
230 643 -8
230 231 8
230 203 -13
282 283 -28
282 1058 13
282 309 -13
282 699 -19
524 526 -28
524 523 -13
524 522 13
524 116 -28
524 913 19
526 118 -28
526 525 -13
526 528 -19
526 915 -28
523 119 -8
523 495 -28
523 551 -8
523 916 8
522 911 -28
522 520 19
522 114 -28
522 521 8
116 886 -19
116 89 -13
116 143 13
116 117 -13
913 914 28
913 941 -28
913 885 13
913 146 19
886 884 8
886 888 -28
886 885 -19
886 493 28
89 90 19
89 62 8
89 859 -13
89 496 -28
143 552 28
143 914 13
143 144 -19
143 168 8
117 119 -8
117 115 8
117 521 -28
117 883 8
810 420 -28
810 838 8
810 811 19
810 47 -28
420 422 19
420 418 -8
420 17 -8
838 839 -28
838 73 -8
838 448 -19
811 44 28
811 809 -19
811 417 -19
811 813 -13
47 45 -28
47 447 13
47 46 -19
47 49 -19
1035 1061 28
1035 1036 28
1035 1008 -28
1035 264 -28
1035 647 8
1061 1089 -19
1061 1062 13
1061 675 -8
1036 1034 -8
1036 644 -28
1036 1038 19
1036 261 -13
1008 619 -8
1008 1009 8
1008 980 -19
1008 237 -28
264 262 -28
264 674 -19
264 266 -28
647 645 -8
647 234 8
647 646 -28
647 649 -19
489 86 -13
489 517 13
489 490 19
489 461 28
86 852 19
86 85 28
86 88 8
86 84 28
517 545 -13
517 518 -13
517 910 -28
517 113 -13
490 488 19
490 83 -8
490 492 19
461 462 -8
461 59 -28
461 433 -19
461 855 8
623 621 8
623 622 -19
623 211 8
623 1011 -19
621 619 28
621 209 13
621 620 8
622 594 -19
622 650 -28
211 238 13
211 212 -8
211 985 13
211 184 19
1011 1012 -28
1011 984 28
753 752 -13
753 1139 -19
753 751 19
753 755 -19
752 337 -13
752 724 -8
752 1142 -8
1139 1140 19
1139 364 19
751 750 8
751 1137 -28
751 749 28
751 332 -28
755 336 8
755 754 13
755 1141 19
755 757 28
119 118 13
119 885 8
119 121 -8
118 91 -28
118 145 19
118 888 -8
885 858 -19
885 496 19
121 525 8
121 887 28
121 123 13
361 1140 8
361 362 -13
307 308 -19
307 1084 -13
307 280 8
307 725 -13
335 337 -19
335 750 -13
335 333 19
335 1109 -28
337 336 -8
337 339 -19
336 363 13
336 309 28
339 754 13
339 338 -28
339 1113 13
339 341 19
794 31 -28
794 795 -19
794 822 28
794 404 -28
794 766 -13
31 33 8
31 431 28
31 30 13
31 29 -28
795 28 -8
795 793 19
795 797 -8
795 401 8
822 850 8
822 432 -13
822 57 -8
822 823 -8
404 406 8
404 402 19
404 403 19
404 1 13
766 376 -19
766 767 -13
766 4 -19
1128 349 8
1128 1127 28
1128 1130 -8
1128 738 -19
1128 1126 19
349 322 -13
349 350 -13
1127 352 8
1127 1099 8
1127 741 -28
1130 351 13
1130 1132 -13
1130 1129 13
1130 740 -13
738 710 -13
738 739 19
738 323 -8
1126 736 -13
1126 347 -13
1126 1125 -19
1126 1124 28
67 65 13
67 69 -8
67 469 13
67 66 19
67 832 -28
65 63 8
65 830 -19
69 68 -28
69 471 13
69 834 -28
469 470 -8
469 441 -19
469 863 -19
469 497 -28
66 472 -8
66 835 19
66 40 8
66 93 28
832 804 13
832 860 13
858 92 19
858 830 28
858 859 -28
858 468 -13
92 495 13
92 91 -19
92 94 8
92 90 -8
830 802 -13
830 831 28
859 465 8
859 857 -8
859 861 -19
468 62 13
468 466 8
468 470 8
573 571 13
573 575 8
573 962 -28
573 572 28
571 162 -28
571 570 8
571 960 28
575 574 -13
575 577 -19
575 964 -8
575 165 8
962 990 -13
962 963 28
962 192 -19
572 166 8
572 545 19
572 965 -8
572 600 -28
673 1059 -8
673 675 -19
673 259 -19
673 672 -8
1057 285 -28
1057 1031 19
1057 1085 -28
1057 1058 19
670 642 -19
670 698 13
670 1060 -19
670 260 -8
669 255 13
669 1055 28
669 668 -13
397 425 13
397 791 -28
397 398 19
425 453 28
425 426 -28
425 26 8
425 819 -28
791 789 -28
791 25 19
791 790 13
398 396 -8
398 788 8
398 400 19
839 841 -13
839 837 19
841 447 13
841 72 28
841 843 28
841 840 8
837 835 19
837 68 -13
837 836 28
837 443 13
1083 310 8
1083 1084 -19
1083 1055 13
1083 697 8
310 312 19
310 308 -19
310 724 -8
310 309 8
1084 694 -8
1084 1082 -8
1084 1086 -8
1055 283 8
1055 1056 19
1055 1029 19
697 695 8
697 280 19
697 699 19
697 696 -8
166 164 -28
166 165 19
164 933 -19
164 163 -28
164 570 -19
165 191 8
165 139 28
636 227 -19
636 1028 -13
636 637 13
636 608 -19
227 226 -28
227 229 28
227 225 -19
227 998 13
1028 253 19
1028 1026 -28
1028 1030 -13
1028 1027 19
637 639 -8
637 1025 -8
637 635 13
637 224 28
608 609 28
608 580 13
608 200 -8
608 1001 28
574 547 -8
574 602 8
577 579 13
577 966 -13
577 576 8
964 937 -28
964 992 -13
964 965 -8
942 941 28
942 549 -28
942 940 28
942 944 -19
942 168 19
941 171 -19
941 552 -8
941 968 -13
549 550 -13
549 144 8
549 521 28
549 576 -13
940 547 -28
940 939 19
944 551 13
944 946 -13
944 170 13
944 943 8
168 579 -19
168 195 13
168 169 8
905 933 19
905 516 -19
905 877 19
905 138 -19
905 906 28
933 544 -28
933 960 -8
516 514 -19
516 108 19
516 515 8
516 518 -19
877 488 19
877 111 8
877 850 -28
138 137 8
138 136 -19
138 140 13
906 513 -8
906 908 28
906 904 -28
906 135 19
226 1001 28
226 199 -13
226 639 -19
226 253 8
1001 1000 8
1001 1003 13
1001 999 -19
199 200 -28
199 611 -28
199 973 -19
639 638 -8
639 1027 -19
639 641 -13
253 278 -19
253 254 19
482 872 -19
482 480 13
482 76 -19
482 484 19
482 481 13
872 899 28
872 873 19
872 106 -19
872 844 28
480 870 13
480 74 19
480 479 -8
76 50 -28
76 103 8
76 77 13
76 845 -13
484 78 -19
484 483 -8
484 874 -28
481 453 -13
481 509 -8
481 79 19
481 875 -19
417 418 -28
417 389 -28
446 444 -13
446 836 -19
446 448 13
446 42 -8
45 44 19
45 43 -8
45 808 13
884 114 8
884 883 -28
884 491 13
888 495 13
888 890 13
888 887 -13
493 465 28
493 90 19
493 521 8
493 494 -19
1004 1031 -13
1004 615 13
1004 1005 28
1004 233 19
1004 976 -28
1031 260 -13
1031 643 28
615 613 8
615 614 -28
615 617 -28
615 203 -8
1005 612 19
1005 1007 -28
1005 1003 -28
233 642 -19
233 232 -28
233 235 28
233 231 13
976 977 19
976 206 -28
976 949 -28
976 587 8
721 720 -28
721 1107 -8
721 723 28
721 303 -19
721 719 -13
720 306 13
720 692 -8
720 748 28
1107 1108 -28
1107 1135 -19
1107 1079 -13
1107 333 -28
723 1109 28
723 305 19
723 725 28
303 330 -28
303 1080 13
303 304 -19
303 277 -28
719 1105 -8
719 717 -19
719 301 19
719 718 -28
44 448 28
44 17 13
448 447 28
448 450 19
17 783 -28
989 596 -13
989 987 8
989 991 -8
989 988 -13
989 214 -19
596 568 -19
596 624 -13
596 597 19
596 188 28
987 213 19
987 986 28
991 990 8
991 598 -13
991 993 13
991 216 -28
988 217 -13
988 599 19
988 1015 -13
988 960 28
214 241 -13
214 627 8
214 187 -28
214 215 28
306 305 19
306 308 19
306 304 28
306 1079 -13
305 278 13
305 1082 -8
305 332 -28
308 1081 28
304 718 13
304 1077 -19
304 302 13
1079 1080 28
1079 693 28
816 426 19
816 817 -28
816 53 -13
816 788 -13
816 844 -19
426 424 -13
426 428 -28
426 23 -28
817 815 8
817 423 28
817 50 8
817 819 13
53 453 13
53 52 -13
53 51 19
788 789 28
788 26 -28
844 845 19
844 79 -28
844 454 19
495 496 8
496 494 13
496 498 8
279 692 19
279 278 19
279 281 28
1025 998 13
1025 254 -13
1025 1026 -19
1052 662 -19
1052 1050 -19
1052 1054 -8
1052 277 -13
125 529 -13
125 124 -8
125 127 28
125 123 -13
125 891 8
529 922 28
529 557 13
529 530 19
124 97 -13
124 532 -13
124 894 -28
124 151 -28
127 531 28
127 893 -19
127 129 8
127 126 13
123 527 -13
123 889 -28
123 122 -19
891 864 -8
891 892 -28
891 502 28
891 919 -13
594 595 -8
595 593 8
595 984 8
595 184 -8
352 350 -8
352 351 19
352 354 19
350 1125 19
350 348 -28
351 324 -19
354 1129 19
354 356 28
354 353 -8
91 498 8
91 861 -13
498 497 28
498 887 8
498 500 -19
861 863 28
861 860 -13
1134 1133 8
1134 1136 19
1134 1132 -19
1134 744 13
1134 355 -13
1133 358 13
1133 1105 -19
1133 747 -28
1136 1135 8
1136 357 28
1136 1138 -19
1136 746 8
1132 1131 -8
1132 742 19
1132 353 8
744 716 -13
744 329 -13
744 745 28
355 356 8
355 328 -19
73 72 19
73 75 8
72 46 8
72 99 -28
75 77 28
75 74 -28
75 840 28
75 477 8
864 836 -28
864 865 28
864 98 -13
836 808 -13
865 863 13
865 471 -8
865 95 -28
98 97 -19
98 96 19
98 100 8
579 581 -8
579 968 19
579 578 -13
581 580 28
581 970 -8
581 170 13
581 583 19
968 996 -28
968 969 -13
968 198 -28
578 171 -28
578 606 19
578 551 -19
578 971 8
570 963 -19
570 598 -28
515 908 13
515 111 13
544 546 -28
544 542 -13
544 135 -13
736 737 19
736 708 13
736 321 -8
737 1123 -13
737 739 13
737 319 -19
708 1098 -8
708 294 -13
708 680 28
708 709 28
321 1095 19
321 323 -8
321 320 13
1099 1071 8
1099 325 8
1099 713 -19
1099 1100 -8
1071 298 13
1071 1072 13
1071 685 -28
1071 1044 8
325 324 8
325 327 -13
325 323 -28
325 740 -19
713 712 -19
713 711 -13
713 295 8
713 715 -19
1100 710 8
1100 1102 -13
1100 1098 19
1100 322 -28
1089 316 8
1089 1117 -19
1089 1090 28
316 318 19
316 314 19
316 730 -19
1117 1145 -19
1117 1118 -13
1117 343 13
1117 731 13
1090 1088 13
1090 700 8
1090 1092 -13
1090 313 -8
171 169 8
171 173 28
171 170 -13
169 939 13
169 576 -8
173 580 -28
173 943 -28
173 175 13
170 145 -28
170 197 -19
642 1034 8
642 643 28
642 614 13
1034 259 28
1034 1033 19
643 645 13
643 641 28
614 586 -28
614 206 -19
614 1007 28
137 908 -28
137 546 13
908 907 28
908 910 -19
546 545 13
546 548 8
948 555 28
948 950 -13
948 947 -19
948 174 28
948 946 13
555 527 8
555 150 8
555 582 -28
950 176 28
950 557 -19
950 949 -13
950 951 -8
947 177 -28
947 558 -13
947 919 -13
947 974 -19
174 585 -13
174 149 -28
174 201 -13
174 175 -19
946 945 13
946 553 -28
645 1033 -19
645 232 -13
645 644 -13
1033 1006 13
1033 262 -28
1033 1059 28
232 259 -19
232 1007 -28
232 205 13
644 235 19
644 672 19
644 616 13
911 883 -13
911 912 28
911 939 -13
911 144 -13
883 494 -19
883 856 -8
912 910 -8
912 519 8
912 914 8
912 141 -13
939 550 28
939 966 -28
144 146 -13
144 142 19
259 284 -8
259 260 8
1007 1006 13
1007 1009 -28
205 206 13
205 979 -13
205 178 19
205 617 -8
654 626 13
654 682 13
654 244 -13
654 1045 8
654 655 -28
626 217 19
626 1018 13
626 627 19
626 598 28
682 710 13
682 683 13
682 1072 -28
682 270 8
244 243 -8
244 246 -8
244 242 -19
244 1015 8
1045 1043 -19
1045 1044 -28
1045 1046 19
655 653 -13
655 657 -19
655 1042 13
655 241 8
463 61 -13
463 857 19
463 464 -28
463 435 28
463 491 28
61 63 8
61 59 28
61 826 -13
61 60 -13
857 87 -8
857 855 8
857 856 19
464 466 13
464 854 -13
464 462 -19
464 58 -8
435 436 -13
435 407 -13
435 829 19
435 35 -28
491 492 28
491 519 8
491 88 13
727 729 -19
727 725 19
727 1113 13
727 726 -19
727 309 -13
729 311 13
729 1115 13
729 731 -19
729 728 19
725 724 28
1113 1141 13
1113 1085 19
726 312 13
726 698 8
726 754 28
726 1116 -28
309 1086 8
217 215 -8
217 219 -13
217 216 19
215 986 -8
215 624 -8
219 990 -28
219 628 28
219 218 28
219 221 -19
216 189 -13
216 243 8
216 629 19
692 1082 -19
692 693 28
1082 1081 -8
1082 1080 13
693 695 -8
693 691 28
693 277 19
312 314 -13
312 311 28
312 1085 19
314 313 28
314 1087 13
314 728 19
311 284 8
311 1088 -13
1085 699 -19
1085 1086 -19
465 466 -28
465 63 13
465 437 -8
466 60 28
466 856 -28
63 62 -28
63 828 -28
437 438 -8
437 37 28
437 409 -19
437 831 28
410 408 8
410 800 13
410 412 -28
410 7 13
410 409 19
408 407 -13
408 406 13
408 798 -19
408 5 8
800 37 8
800 772 -19
800 828 -19
800 801 -8
412 414 19
412 802 -13
412 9 -28
7 34 13
7 8 13
7 773 -13
409 381 28
409 10 13
409 803 19
278 695 -13
278 1054 8
695 694 -13
695 1081 -8
1054 1056 -19
1054 1053 -19
502 504 -8
502 500 -19
502 95 -8
894 893 28
894 896 -28
894 892 -8
694 666 -8
694 281 19
666 638 -19
666 256 8
666 1056 19
281 283 28
281 1053 13
281 280 -28
285 698 8
285 284 19
285 287 -13
285 283 13
1058 1060 28
1058 1056 8
1058 668 -8
358 356 -13
358 357 -13
358 360 -8
356 1131 28
357 330 19
360 359 -13
360 1135 8
360 362 28
97 504 -19
504 893 -28
504 506 -8
504 503 -19
513 541 19
513 109 -19
513 514 -19
513 485 -8
541 568 -28
541 136 13
541 542 -13
109 876 -13
109 111 -13
109 108 -19
514 107 8
514 903 -13
485 486 28
485 457 -19
485 82 -8
613 201 -13
613 1002 -13
613 611 -19
613 612 13
201 228 -28
201 202 28
201 975 -8
1002 1029 13
1002 974 -28
1002 1003 8
1002 231 13
611 1000 13
611 609 -8
611 610 -13
612 584 -19
612 204 -19
612 640 28
1043 268 -8
1043 652 -19
1043 1041 -13
1043 1042 -13
268 683 19
268 293 -28
268 241 19
652 653 -13
652 242 -8
652 624 8
652 680 8
1041 267 13
1041 1040 28
1042 270 19
1042 1069 -28
1042 1015 28
743 741 19
743 742 13
743 324 8
743 745 -19
743 1129 19
741 739 -28
741 322 19
741 740 -19
742 714 19
742 327 28
324 297 19
324 1102 -28
745 326 -28
745 1131 -13
745 747 8
1129 1101 -19
1140 1142 -8
1140 1138 -19
1140 750 8
1142 1141 -19
1142 363 -8
1142 1144 13
1138 359 -8
1138 1137 -28
1138 748 -8
297 715 19
297 298 8
297 271 -8
297 1074 28
1102 712 -13
1102 1104 8
1102 1101 28
567 565 -19
567 956 -8
567 159 13
1105 1077 8
1105 331 19
1105 1106 -8
1077 691 -8
1077 1078 -19
1077 1049 -28
331 330 -13
331 333 28
331 746 19
331 329 8
1106 1108 -13
1106 1104 19
1106 716 -28
1106 328 -8
648 239 -19
648 649 8
648 620 8
648 1039 -13
648 676 13
239 238 -8
239 237 -13
649 651 19
649 236 -19
649 1037 13
620 212 8
620 1012 8
620 592 -19
1039 265 -8
1039 1038 13
676 1066 28
676 266 -28
676 677 28
1108 718 -8
1108 330 -8
718 690 13
718 746 28
330 749 19
661 660 -8
661 1047 -28
661 659 13
661 247 28
660 250 28
660 688 19
660 1050 -19
660 632 8
1047 1048 13
1047 1021 -8
1047 1075 8
1047 276 28
659 245 19
659 658 13
659 657 13
247 1022 13
247 273 -13
247 248 -13
238 265 19
238 1012 28
238 651 -8
265 679 -13
265 266 28
1012 1010 -19
651 650 28
907 140 19
907 518 8
910 139 -13
910 909 -19
470 472 13
470 860 -19
441 835 -8
441 413 13
441 41 13
863 93 -28
863 862 13
497 94 -28
497 525 -13
497 890 -8
472 862 28
472 471 19
862 96 -19
862 834 19
862 889 -28
471 443 -13
471 499 -19
931 542 19
931 958 13
931 163 13
931 903 -28
958 986 13
958 959 -19
958 188 13
163 568 -8
163 162 8
903 904 28
903 136 28
903 876 8
698 1088 8
698 699 -8
1088 1087 28
1088 1086 8
699 701 -13
189 963 28
189 190 -19
189 601 -13
963 961 13
963 965 28
190 598 8
190 192 -19
190 188 -19
190 960 -28
601 603 19
601 990 -8
601 599 8
601 600 -8
318 317 -19
318 732 -13
317 735 -8
317 344 -8
317 1094 -19
732 760 19
732 1122 28
732 733 8
416 13 13
416 414 8
416 806 -13
416 418 28
416 415 8
13 40 -28
13 779 13
13 14 -28
414 804 28
414 413 -13
806 43 -8
806 778 -8
806 834 -8
806 807 28
418 808 -19
418 15 28
415 16 8
415 387 -13
415 809 -8
415 443 13
701 700 13
701 284 -28
701 1087 -28
700 287 8
700 728 -28
700 672 13
284 1060 -28
1087 1059 -8
1087 1115 13
535 928 -19
535 536 -13
535 563 19
535 131 -28
535 507 13
928 157 28
928 927 13
928 926 8
928 930 8
536 925 19
536 128 -13
536 538 -8
536 534 -8
563 158 -19
563 590 19
563 955 -8
131 129 -28
131 897 -19
131 130 -13
131 133 -13
507 900 -13
507 508 -28
507 104 -19
507 479 -19
1060 1059 13
1060 1062 28
710 711 8
710 296 13
711 293 -8
711 1097 13
711 709 -19
296 1069 -8
296 298 -8
296 295 -28
296 294 -28
783 781 13
783 389 8
16 15 19
16 14 -13
16 778 -28
15 781 -19
15 42 -19
14 413 8
14 12 8
14 776 19
778 388 28
778 779 19
1037 1038 -28
1037 266 -8
677 679 -28
677 675 28
287 1059 8
287 286 19
286 261 13
286 1062 -13
286 313 -8
520 112 -13
520 518 -28
520 519 19
520 909 -8
112 85 13
112 113 -8
112 139 -28
519 115 19
519 547 -13
909 937 28
909 142 8
909 881 -28
85 492 -28
85 855 13
85 58 13
113 115 8
113 111 13
139 140 -28
139 548 -13
787 393 -28
787 789 -8
787 21 28
787 786 8
784 812 -8
784 394 19
1066 1065 28
1065 1093 8
1065 679 -13
619 207 -19
619 618 -13
619 617 28
207 981 28
207 234 13
207 208 28
207 180 13
618 590 -8
618 210 -19
618 1010 13
618 646 -8
617 1006 -28
617 616 19
94 93 28
94 96 19
94 860 13
93 500 8
96 499 -13
96 95 -13
860 887 -19
749 747 -28
749 1135 -19
749 748 8
114 141 19
114 87 -28
114 115 28
141 550 -13
141 142 -8
87 494 13
87 88 -28
87 60 13
115 881 -8
62 831 -13
62 36 -19
828 438 -28
828 829 13
828 856 -8
158 156 -8
158 160 28
158 157 -13
158 925 13
156 561 -13
156 155 8
156 154 28
156 923 13
160 927 8
160 564 19
160 159 -8
157 565 -13
157 182 -19
157 130 -8
925 926 -19
925 897 -19
1053 1027 -28
1053 1081 -8
393 394 -19
393 421 19
394 396 28
421 422 8
421 815 28
421 449 8
835 834 13
834 444 -28
1123 1095 -28
1123 348 19
1123 1124 -28
1095 1096 -19
1095 1067 -19
1095 709 -19
348 347 8
1124 346 8
568 961 -8
961 959 -28
961 187 -19
961 960 -8
162 135 13
162 187 -8
135 136 -8
135 108 -28
187 599 19
187 188 -13
868 869 13
868 840 -8
868 895 8
868 102 28
477 449 13
477 505 -28
477 871 -13
937 548 19
548 550 -8
548 547 -13
881 492 -19
881 854 -19
717 1103 13
717 299 19
717 716 19
717 715 19
1103 1131 -8
1103 1104 8
1103 329 19
1103 1075 8
299 1076 8
299 326 -13
299 300 28
299 273 -13
716 302 -8
716 688 13
715 714 -28
715 1101 28
422 812 -19
422 424 -19
812 840 8
812 49 -8
812 813 8
424 21 -13
424 814 -28
424 423 -28
46 813 -19
46 450 -8
789 23 13
789 395 -13
23 50 8
23 24 28
395 396 -28
395 423 28
40 807 8
40 444 19
40 41 -8
807 413 -28
807 809 -13
444 443 28
41 43 8
41 804 28
981 979 -28
981 588 8
981 983 -8
981 980 -13
979 977 19
979 586 19
979 978 -19
588 616 13
588 561 -19
588 589 13
588 181 19
983 590 13
983 985 8
983 982 28
983 209 -13
980 210 -13
980 952 -19
980 591 13
21 48 28
24 786 13
24 26 28
24 423 -13
650 678 -13
145 554 28
145 146 -19
145 916 19
301 328 19
301 302 -28
301 275 28
301 1078 -28
328 329 8
328 747 -28
302 1075 28
302 300 13
275 249 -28
275 691 -8
275 1050 19
275 276 19
1078 1076 -8
1078 688 13
1078 1080 -28
250 249 28
250 252 -8
250 248 19
250 1021 -8
249 1024 -28
249 222 -13
252 662 -13
252 1023 -28
252 254 -8
248 658 -8
248 1019 13
248 246 -8
1021 633 -13
1021 994 -13
1021 1022 28
25 52 19
25 26 19
25 428 8
790 818 8
790 400 19
1026 1024 -13
1026 634 8
1030 638 8
1030 1029 -8
1030 255 -28
1027 256 19
1027 1000 -13
363 364 -13
1145 370 28
1145 1146 19
1145 759 28
370 369 -19
370 368 -13
370 372 -13
1146 367 -28
1146 756 8
1146 1148 13
1146 1144 -28
759 758 -28
759 761 -19
759 340 -19
759 757 -8
590 183 -13
590 591 13
183 952 -8
183 182 -19
183 181 28
183 185 8
591 180 19
591 593 13
591 589 8
68 95 -28
68 42 -28
347 320 -8
320 1098 -28
320 739 28
320 293 13
740 712 -19
675 674 19
675 261 13
672 262 28
672 1062 -8
843 74 13
843 449 8
843 842 -19
843 845 -13
840 450 -28
390 389 -13
390 388 8
390 780 19
388 386 8
388 387 -19
780 781 -19
780 808 19
547 142 -19
602 603 19
602 630 -13
602 995 28
638 229 -13
638 610 13
229 1000 -8
229 228 -28
229 231 28
610 582 28
610 202 -13
610 1003 19
1076 686 -19
1076 1075 8
1076 1074 -8
686 658 -28
686 714 -19
686 274 8
686 687 -19
1075 689 19
1074 1073 8
1074 1072 -28
1074 684 19
890 889 13
890 892 19
887 915 19
210 209 -13
210 208 8
210 212 13
209 236 28
209 182 -28
208 206 8
208 616 19
208 978 -28
212 982 -8
1006 978 -19
1006 235 -19
978 589 -13
235 234 19
235 237 28
438 436 19
438 34 -19
436 434 -13
436 32 19
436 826 19
34 60 28
34 35 19
34 801 8
1109 1137 8
1109 1081 13
332 359 -13
332 333 8
37 35 19
37 36 -19
35 33 28
35 798 -28
36 9 13
36 803 8
256 254 -19
256 255 19
255 228 -19
255 280 28
369 1148 -8
369 342 8
1148 1147 28
1148 758 -19
1148 1150 -8
342 343 19
342 1120 8
342 761 13
405 377 13
405 406 8
405 799 -8
405 433 -8
405 6 -8
377 378 19
377 771 8
406 3 8
406 796 -19
799 32 -19
799 801 -19
799 798 19
799 797 13
433 434 -8
433 33 -28
433 827 28
6 8 -8
6 5 8
6 4 -28
6 768 -8
488 81 13
488 486 28
81 108 19
81 55 19
81 82 -28
81 851 8
486 876 -8
486 80 -13
353 326 19
746 747 -28
77 79 28
77 479 -8
77 842 -8
74 48 13
74 101 13
855 854 28
855 853 -19
856 90 19
739 1125 -8
323 322 28
323 1097 -13
847 453 8
847 78 8
847 846 -8
847 845 8
453 454 -19
78 52 -13
78 105 -13
78 79 8
846 456 28
846 874 19
846 818 8
845 451 -28
396 786 8
786 814 -8
616 1009 13
1080 690 -28
234 261 -8
234 1009 8
261 262 8
1009 1010 13
656 657 -13
656 628 -19
656 246 19
656 684 19
656 1046 -8
657 243 19
657 1044 -13
628 1020 -8
628 600 8
628 629 8
246 245 19
246 1017 13
684 712 -8
684 685 28
684 272 -8
1046 271 8
1046 1048 -13
984 985 -28
984 956 8
443 43 19
1115 1143 -13
1115 1116 19
1115 341 -28
731 730 28
731 313 8
731 733 13
728 756 -8
728 1118 8
381 382 -28
381 775 13
10 9 28
10 8 28
10 772 19
10 12 13
803 802 28
803 801 -13
43 42 19
42 809 -13
313 340 -19
802 774 28
9 775 -8
775 773 -8
775 777 13
775 774 13
262 260 -8
815 814 13
815 48 19
815 813 -28
814 51 -13
814 842 -8
48 452 -8
48 49 -8
512 105 -19
512 510 8
512 901 13
105 106 -19
105 132 -28
105 875 -8
510 508 8
510 899 -8
510 509 8
510 103 -13
901 929 13
901 874 -19
901 902 13
779 781 28
779 385 -28
779 777 19
584 977 -19
584 177 19
584 585 -19
584 557 19
204 206 28
204 202 -28
204 974 -28
204 203 8
640 641 19
640 231 28
640 668 -8
781 387 13
90 88 13
88 854 28
586 559 -28
586 179 13
586 587 -8
560 558 -28
560 949 8
560 559 8
560 151 28
560 562 -19
558 557 13
558 149 -13
949 921 -28
949 179 -13
559 531 19
559 951 19
559 154 8
151 176 -19
151 922 13
151 152 -19
562 561 -8
562 153 -13
333 748 13
688 689 -19
688 276 8
1050 1049 -28
1050 1048 8
632 1024 19
632 633 -13
632 223 28
632 604 -13
1086 696 -19
662 690 -8
662 634 13
690 691 -19
634 635 -28
634 606 19
634 225 -28
499 527 8
499 892 19
499 500 -28
876 848 19
848 849 -19
848 458 13
848 820 -8
848 82 8
1010 236 -8
808 809 -8
850 460 -13
850 84 19
850 851 8
977 203 28
977 975 28
203 176 -8
975 973 13
975 582 -28
975 974 13
712 298 19
298 300 -8
1093 1121 -19
1093 1094 13
679 678 13
646 674 -8
646 1038 -28
646 237 -19
27 793 19
27 54 28
27 430 -13
27 0 19
793 792 -8
54 80 -8
54 458 -19
54 821 -19
430 429 -13
430 820 19
430 432 -19
0 402 28
0 765 13
271 245 13
271 272 -13
271 687 28
95 122 -8
955 957 -28
955 182 -8
955 954 -28
955 953 -8
1024 1023 -19
1024 1022 -13
1023 1049 -8
1023 996 -13
1023 635 -8
1022 1020 28
1022 630 -8
245 1020 -28
245 218 28
1020 1019 -19
1020 1018 8
218 631 8
218 191 28
218 993 28
869 871 -13
869 99 19
871 870 -28
871 101 19
871 873 -19
99 506 -13
99 126 -19
99 100 -13
831 829 19
565 954 13
565 564 -13
954 927 13
954 982 28
954 185 -19
564 957 28
564 537 -8
564 592 -8
182 593 8
130 103 -13
130 900 13
130 538 28
927 538 19
927 899 19
159 132 -8
159 184 28
159 930 -28
668 696 19
1125 1097 -28
1097 1098 -13
1097 1069 8
386 385 -28
386 776 28
386 384 -28
385 413 -8
776 804 -8
776 777 -19
384 383 -28
384 774 28
384 382 13
1072 295 13
1072 1070 28
685 683 8
685 269 -13
685 687 -8
1044 1017 19
1044 272 8
952 953 19
434 30 -13
434 432 28
434 824 13
30 3 -13
30 797 28
432 28 8
432 431 -13
824 852 -13
824 825 8
824 59 28
824 796 -28
985 592 -13
982 593 13
283 696 28
696 724 13
33 796 8
33 32 13
796 768 28
796 797 -8
32 5 -19
32 58 -13
222 635 28
222 195 -28
222 997 28
222 223 13
818 819 13
818 428 -28
400 399 8
826 854 8
826 827 -8
826 798 -19
763 761 13
763 344 13
763 1149 -8
763 762 8
761 1147 -28
761 760 -13
344 371 -28
344 345 -19
344 1122 -13
1149 1150 13
1149 1121 13
762 734 -8
1000 972 8
1029 641 13
1147 372 28
1147 1119 -13
372 371 13
1119 1120 -28
1119 345 13
1119 733 -8
450 452 19
450 449 -28
322 295 19
80 849 -28
80 107 19
849 851 28
852 462 8
852 853 19
462 460 -13
853 459 28
853 83 8
853 851 -13
691 689 28
236 237 -13
633 635 -28
633 631 13
631 1019 28
631 630 13
631 629 -19
132 133 19
132 902 -13
929 956 19
929 930 28
538 537 -19
371 1150 -19
1150 760 8
407 8 -8
407 801 -8
407 379 -8
8 770 -28
379 773 -8
379 380 -13
83 84 13
492 494 -28
683 681 -8
683 1069 -13
681 267 8
681 680 -8
1069 1070 19
28 1 13
28 55 -13
28 29 -28
797 403 -28
401 429 19
401 402 13
401 2 8
401 373 13
58 59 8
58 827 19
957 956 -13
957 184 -28
184 185 13
921 532 13
921 893 8
921 154 -8
921 922 -13
532 531 8
532 530 -28
532 534 -13
154 153 13
154 152 13
922 920 -8
922 924 -19
224 197 -8
224 999 8
224 225 -19
658 630 8
658 1048 -19
630 221 19
1048 273 -28
225 996 -8
225 223 8
998 609 -19
998 970 13
998 999 -8
1096 319 8
1096 1098 -28
319 346 13
319 292 -28
375 376 -13
375 403 28
375 769 28
376 378 -13
376 374 -19
403 431 19
403 4 -8
769 768 -19
769 771 19
769 767 -8
769 3 13
1003 228 19
12 774 -28
383 777 28
483 455 8
460 458 13
460 55 -19
460 459 -13
458 457 -28
55 823 -19
55 56 19
459 57 -28
459 431 28
423 451 -13
50 454 19
50 51 19
819 52 -8
689 273 28
689 687 -13
273 274 -8
687 1073 -19
593 592 8
531 503 -28
531 924 -8
951 178 -8
951 953 -19
561 533 -8
561 953 13
153 924 28
153 126 8
153 178 28
1056 280 8
1019 992 8
992 603 19
992 993 28
992 221 13
924 926 -28
924 923 -28
126 534 8
126 896 -8
178 589 -28
178 179 -28
292 1068 8
292 709 13
292 267 -13
1092 702 -8
1092 1094 28
899 900 13
899 133 -28
1104 714 -13
1104 326 -13
1101 327 -28
1101 1073 19
653 240 13
653 1040 -8
241 242 -19
241 1016 -13
382 380 13
382 772 8
1067 294 -13
1067 1040 -8
1067 1068 28
294 293 -28
1040 1013 -28
1068 1070 -19
587 176 19
587 585 -13
587 589 8
60 829 13
429 29 19
429 823 -13
429 457 28
29 792 -28
823 825 -19
823 821 13
457 851 -13
457 56 -19
714 300 28
300 1073 -28
557 152 13
530 919 13
530 528 28
530 122 28
592 185 -28
1 2 19
1 767 8
758 730 19
758 343 -8
340 1118 -8
340 367 -19
340 341 19
757 756 13
757 1143 13
757 338 -19
326 327 13
996 607 19
996 997 -19
100 503 13
100 102 -19
537 509 -8
537 930 -28
537 133 19
772 773 13
327 329 -28
820 792 -28
820 821 28
820 56 19
82 84 13
829 827 13
827 825 -28
451 51 19
451 479 13
451 452 8
51 49 -8
479 873 8
452 842 28
452 454 8
5 771 -28
180 155 -28
180 953 -8
180 181 28
128 155 -28
128 129 13
128 898 19
128 101 -28
534 533 8
534 923 19
994 223 -8
994 966 -28
994 995 -13
223 221 19
966 196 -28
995 993 -28
995 997 -13
293 1070 -8
129 533 13
129 895 -28
897 508 28
897 870 -13
897 898 -8
295 269 -19
177 176 -28
177 175 28
177 179 8
585 974 -19
585 583 8
604 196 -19
604 576 -8
604 997 28
545 140 -13
195 196 -13
195 969 -19
195 607 13
997 999 -8
972 973 8
972 202 8
972 583 28
972 945 -8
270 269 -28
270 272 -13
269 243 19
243 1018 -8
49 449 19
367 368 -8
756 341 -19
1144 754 28
1144 365 -13
1144 1143 -19
276 274 8
603 191 28
191 192 -28
191 965 28
152 150 -8
152 919 -19
641 228 -8
378 768 -8
378 380 19
771 770 19
771 773 -28
57 59 -13
57 56 -28
431 825 13
368 1143 13
368 366 19
3 4 19
525 553 13
553 580 28
553 554 -19
4 2 -28
533 926 13
533 505 19
1018 1017 8
1018 1016 28
155 926 28
609 607 28
609 197 13
607 606 8
197 198 28
197 971 -19
990 1017 28
1017 629 19
730 702 -28
730 1120 -19
343 345 19
343 341 19
503 896 13
760 345 19
1016 1014 -28
1016 624 -8
1016 1015 -13
678 706 -8
580 973 -19
973 971 8
179 181 -8
600 192 -8
600 993 8
629 627 13
200 202 -13
200 198 8
200 970 28
198 196 28
198 606 -19
970 971 13
970 943 19
103 104 28
103 873 -13
900 898 28
900 902 19
509 902 -28
509 106 -19
1141 366 28
366 365 -13
366 364 -19
898 896 -28
898 505 13
606 999 -8
1070 680 8
734 735 19
734 706 19
735 733 19
735 1121 19
272 274 -8
402 792 8
792 764 -13
365 338 -13
338 1116 -19
770 380 -28
770 798 13
550 552 -13
552 554 13
552 551 13
240 1014 8
240 213 28
240 267 19
527 920 -8
527 528 13
920 919 -13
920 149 28
528 917 -19
969 576 28
969 971 13
508 506 8
508 101 8
506 895 -13
506 505 -28
101 102 13
1014 1013 8
1013 242 28
1013 986 13
1013 625 8
945 917 19
945 175 -28
554 943 19
674 702 13
150 149 19
150 917 13
149 122 8
917 889 8
923 895 28
374 764 -13
374 373 -28
505 102 -8
1137 362 -19
362 364 28
582 175 28
582 583 19
1118 1116 8
1118 1120 28
1120 1122 28
895 896 13
122 892 19
764 765 -28
764 2 19
765 767 -13
842 870 8
454 456 19
874 875 8
373 767 -28
1121 1122 -28
870 104 8
104 106 -19
104 102 -8
521 914 -19
551 146 8
914 916 -28
624 625 -28
889 500 -19
873 875 -19
986 597 -8
625 627 -8
625 213 -8
1015 627 13
915 943 28
915 916 13
399 427 13
427 428 -13
427 455 -28
598 599 -19
140 142 28
456 455 19
456 52 8
599 597 8
