1112 1111 19
1112 334 -19
1112 1110 -8
1112 1114 -28
1112 722 8
1111 337 19
1111 1083 -8
1111 1139 -19
1111 725 8
334 753 -19
334 361 -28
334 307 -28
334 335 -13
1110 1108 8
1110 332 8
1110 720 -8
1110 1109 19
1114 336 8
1114 724 8
1114 1116 19
1114 1113 28
722 694 13
722 723 28
722 308 13
722 750 8
147 918 19
147 172 19
147 556 -13
147 148 -8
147 120 -8
918 525 -13
918 917 -28
918 920 -28
918 916 8
172 199 -13
172 173 -28
172 583 -28
172 946 -8
556 558 -28
556 555 -19
556 945 -19
556 554 19
148 150 -13
148 553 19
148 146 8
148 915 -8
120 121 -19
120 528 -8
120 890 -19
120 93 28
665 251 -19
665 663 -13
665 664 -13
665 667 19
665 1051 28
251 252 -28
251 224 19
251 1026 28
251 277 -13
663 661 -28
663 662 19
663 249 8
663 1049 28
664 636 28
664 692 13
664 1054 13
664 254 19
667 253 -28
667 669 8
667 1053 -28
667 666 -13
1051 279 -8
1051 1025 19
1051 1079 -19
1051 1052 8
391 392 13
391 419 19
391 785 8
392 782 13
392 390 -19
392 394 -8
419 20 8
419 813 -28
419 447 -28
419 420 -28
785 783 -13
785 19 8
785 787 13
785 784 28
473 445 8
473 867 28
473 474 -19
473 501 -13
473 71 28
445 839 19
445 417 13
445 446 -19
445 45 -8
867 97 -19
867 869 -28
867 865 28
867 866 19
474 476 -8
474 864 13
474 472 8
474 68 13
501 502 -8
501 894 -28
501 529 13
501 98 -19
71 73 -8
71 69 28
71 836 19
71 70 -19
936 543 28
936 934 13
936 935 8
936 938 19
543 570 13
543 515 -28
543 544 13
543 138 13
934 162 19
934 933 -28
934 932 -8
934 541 -13
935 166 8
935 546 -8
935 907 13
935 962 19
938 937 -28
938 165 -19
938 940 -28
938 545 -19
161 134 -13
161 569 28
161 932 -19
161 186 -8
134 904 13
134 107 19
134 542 -19
569 568 28
569 958 28
569 571 -19
932 931 8
186 213 8
186 597 28
186 959 -13
476 70 13
476 866 19
476 475 13
476 478 -13
70 839 -19
70 44 -28
866 838 28
866 893 -28
866 100 -19
475 73 -28
475 869 28
475 447 -28
475 503 -19
478 868 19
478 477 19
478 72 13
478 480 13
439 39 13
439 833 -28
439 467 19
439 440 -8
439 411 -13
39 38 -19
39 37 8
39 41 28
39 802 -13
833 835 8
833 64 -19
833 832 -19
833 831 -8
467 495 -8
467 861 13
467 468 -28
467 65 28
440 438 13
440 830 -28
440 36 -28
440 442 19
411 412 28
411 12 13
411 383 -8
411 805 -8
880 878 8
880 110 19
880 879 -19
880 882 8
880 487 8
878 877 -19
878 485 28
878 108 28
110 137 -28
110 83 8
110 111 -8
110 518 13
879 852 -13
879 490 13
879 907 8
879 113 -19
882 489 -19
882 112 -19
882 881 13
882 884 -8
487 488 -8
487 459 19
487 515 -28
487 84 13
193 605 28
193 220 13
193 194 8
193 967 -13
193 167 -28
605 994 13
605 603 -13
605 604 8
605 607 -8
220 633 -8
220 247 19
220 995 -28
220 221 19
194 602 -19
194 196 8
194 192 -8
194 964 19
967 574 -8
967 969 -8
967 965 13
967 966 28
167 577 28
167 141 -8
167 940 28
705 1091 8
705 707 8
705 704 19
705 703 28
705 288 19
1091 318 -8
1091 1063 -8
1091 1092 13
1091 1119 13
707 290 -8
707 1093 -19
707 706 19
704 291 19
704 676 -13
704 732 13
704 1094 -19
703 1089 -8
703 701 -8
703 286 -19
703 702 8
288 289 -8
288 315 19
288 263 13
288 1064 28
539 566 -28
539 511 -8
539 540 -28
566 594 19
566 567 -19
511 512 -8
511 483 -13
540 132 8
540 929 -13
540 538 -28
289 291 -13
289 287 -8
289 702 8
289 1061 -13
315 342 -28
315 316 -13
315 733 -28
315 1092 -8
263 1038 13
263 236 8
263 264 -8
263 677 -8
1064 1063 13
1064 1066 8
1064 1062 28
1064 674 -28
38 805 -13
38 11 13
38 442 -28
38 64 -28
805 804 8
805 807 28
805 803 -28
11 12 -28
11 777 19
11 414 -19
442 444 28
442 832 28
442 441 -8
64 91 13
64 65 13
64 470 -8
20 18 -19
20 782 -8
20 22 19
20 19 -19
18 16 28
18 417 8
18 780 28
18 17 8
782 810 8
782 783 28
22 421 8
22 21 28
22 784 -19
22 24 19
19 422 -8
19 46 8
291 290 -8
291 1063 28
290 1066 8
290 265 -13
290 317 -28
1063 1037 19
1063 677 -13
257 1032 19
257 671 -19
257 258 28
257 230 -19
257 282 8
1032 1034 28
1032 1030 19
1032 640 13
1032 1031 -13
671 673 -19
671 1057 -13
671 670 -19
671 669 8
258 256 -19
258 668 -28
258 260 13
258 1029 -8
230 1005 19
230 643 13
230 231 -19
230 203 8
282 283 -28
282 1058 28
282 309 -19
282 699 -13
524 526 -8
524 523 -19
524 522 8
524 116 -13
524 913 -8
526 118 -19
526 525 -13
526 528 28
526 915 -13
523 119 -13
523 495 8
523 551 19
523 916 28
522 911 -28
522 520 -13
522 114 8
522 521 -8
116 886 8
116 89 -8
116 143 -13
116 117 19
913 914 -19
913 941 19
913 885 8
913 146 19
886 884 8
886 888 28
886 885 -19
886 493 -8
89 90 19
89 62 19
89 859 13
89 496 19
143 552 28
143 914 -19
143 144 13
143 168 19
117 119 -19
117 115 8
117 521 -28
117 883 13
810 420 13
810 838 13
810 811 -13
810 47 8
420 422 -28
420 418 8
420 17 13
838 839 13
838 73 13
838 448 -8
811 44 28
811 809 -8
811 417 8
811 813 13
47 45 19
47 447 -13
47 46 -13
47 49 19
1035 1061 -8
1035 1036 -28
1035 1008 -28
1035 264 19
1035 647 8
1061 1089 -19
1061 1062 -13
1061 675 -28
1036 1034 -19
1036 644 -28
1036 1038 -13
1036 261 19
1008 619 8
1008 1009 -8
1008 980 -8
1008 237 28
264 262 19
264 674 28
264 266 8
647 645 -13
647 234 -8
647 646 19
647 649 -28
489 86 8
489 517 19
489 490 28
489 461 8
86 852 -19
86 85 19
86 88 8
86 84 19
517 545 19
517 518 -13
517 910 8
517 113 28
490 488 8
490 83 13
490 492 -13
461 462 -19
461 59 19
461 433 -13
461 855 -13
623 621 -19
623 622 -28
623 211 19
623 1011 -8
621 619 28
621 209 8
621 620 19
622 594 13
622 650 -13
211 238 -19
211 212 19
211 985 -13
211 184 8
1011 1012 28
1011 984 8
753 752 -28
753 1139 -28
753 751 13
753 755 -28
752 337 -28
752 724 -8
752 1142 28
1139 1140 -28
1139 364 -13
751 750 -28
751 1137 -13
751 749 8
751 332 -19
755 336 8
755 754 8
755 1141 28
755 757 -8
119 118 19
119 885 13
119 121 -13
118 91 13
118 145 13
118 888 -8
885 858 8
885 496 8
121 525 -13
121 887 -8
121 123 13
361 1140 -13
361 362 19
307 308 8
307 1084 8
307 280 -8
307 725 19
335 337 8
335 750 -8
335 333 13
335 1109 -28
337 336 13
337 339 -28
336 363 -19
336 309 13
339 754 -19
339 338 -8
339 1113 -19
339 341 13
794 31 19
794 795 28
794 822 28
794 404 -13
794 766 8
31 33 -13
31 431 19
31 30 -19
31 29 19
795 28 -28
795 793 -13
795 797 -19
795 401 13
822 850 28
822 432 -28
822 57 -13
822 823 -19
404 406 -28
404 402 28
404 403 -8
404 1 13
766 376 13
766 767 28
766 4 -19
1128 349 13
1128 1127 -8
1128 1130 28
1128 738 19
1128 1126 -13
349 322 28
349 350 -19
1127 352 -13
1127 1099 -8
1127 741 -19
1130 351 13
1130 1132 -28
1130 1129 -28
1130 740 19
738 710 -28
738 739 -13
738 323 -28
1126 736 -28
1126 347 -28
1126 1125 28
1126 1124 19
67 65 13
67 69 -28
67 469 -13
67 66 19
67 832 19
65 63 -8
65 830 13
69 68 19
69 471 -8
69 834 -8
469 470 -19
469 441 -28
469 863 19
469 497 28
66 472 -8
66 835 -13
66 40 -28
66 93 13
832 804 -8
832 860 -13
858 92 -8
858 830 -8
858 859 -19
858 468 -13
92 495 -8
92 91 8
92 94 -8
92 90 28
830 802 -19
830 831 8
859 465 28
859 857 -8
859 861 28
468 62 28
468 466 8
468 470 8
573 571 -13
573 575 -19
573 962 8
573 572 -13
571 162 -28
571 570 -28
571 960 -19
575 574 -8
575 577 -28
575 964 28
575 165 28
962 990 8
962 963 19
962 192 -28
572 166 -8
572 545 -8
572 965 -8
572 600 -28
673 1059 -19
673 675 -13
673 259 19
673 672 -19
1057 285 28
1057 1031 -13
1057 1085 -19
1057 1058 8
670 642 -28
670 698 -13
670 1060 -28
670 260 13
669 255 19
669 1055 -13
669 668 19
397 425 -19
397 791 28
397 398 28
425 453 -8
425 426 13
425 26 8
425 819 -28
791 789 -13
791 25 -13
791 790 -19
398 396 13
398 788 13
398 400 -19
839 841 -13
839 837 -19
841 447 -28
841 72 -13
841 843 -13
841 840 -13
837 835 13
837 68 13
837 836 -19
837 443 -8
1083 310 -28
1083 1084 -28
1083 1055 13
1083 697 28
310 312 -28
310 308 19
310 724 -8
310 309 13
1084 694 28
1084 1082 8
1084 1086 -8
1055 283 -19
1055 1056 28
1055 1029 13
697 695 28
697 280 28
697 699 19
697 696 8
166 164 8
166 165 19
164 933 -8
164 163 -28
164 570 -19
165 191 -19
165 139 -28
636 227 -8
636 1028 -8
636 637 28
636 608 19
227 226 -28
227 229 8
227 225 -19
227 998 13
1028 253 13
1028 1026 28
1028 1030 -28
1028 1027 13
637 639 13
637 1025 -28
637 635 13
637 224 8
608 609 19
608 580 -19
608 200 19
608 1001 13
574 547 -28
574 602 -8
577 579 8
577 966 13
577 576 -13
964 937 -8
964 992 13
964 965 28
942 941 8
942 549 -19
942 940 13
942 944 -28
942 168 8
941 171 13
941 552 13
941 968 13
549 550 -28
549 144 -28
549 521 -8
549 576 -8
940 547 -13
940 939 19
944 551 -8
944 946 -28
944 170 -28
944 943 19
168 579 19
168 195 28
168 169 -13
905 933 19
905 516 8
905 877 8
905 138 -13
905 906 -28
933 544 -28
933 960 19
516 514 8
516 108 8
516 515 13
516 518 -28
877 488 -28
877 111 -19
877 850 28
138 137 -28
138 136 -19
138 140 -13
906 513 -13
906 908 28
906 904 28
906 135 -13
226 1001 -13
226 199 -19
226 639 28
226 253 -28
1001 1000 8
1001 1003 -13
1001 999 -8
199 200 -19
199 611 28
199 973 -28
639 638 -8
639 1027 -8
639 641 13
253 278 -13
253 254 -8
482 872 8
482 480 -19
482 76 -13
482 484 -28
482 481 19
872 899 -8
872 873 -28
872 106 -28
872 844 -19
480 870 -28
480 74 19
480 479 13
76 50 8
76 103 -13
76 77 13
76 845 8
484 78 28
484 483 28
484 874 19
481 453 -8
481 509 -8
481 79 -28
481 875 -19
417 418 -19
417 389 -28
446 444 -28
446 836 13
446 448 13
446 42 -19
45 44 -13
45 43 19
45 808 28
884 114 19
884 883 -19
884 491 28
888 495 -13
888 890 -19
888 887 28
493 465 8
493 90 8
493 521 13
493 494 -28
1004 1031 28
1004 615 -19
1004 1005 -8
1004 233 -8
1004 976 28
1031 260 19
1031 643 -8
615 613 8
615 614 -13
615 617 13
615 203 -28
1005 612 -28
1005 1007 -8
1005 1003 19
233 642 19
233 232 8
233 235 -8
233 231 -8
976 977 19
976 206 19
976 949 28
976 587 19
721 720 28
721 1107 13
721 723 19
721 303 8
721 719 -28
720 306 19
720 692 -19
720 748 13
1107 1108 -28
1107 1135 19
1107 1079 -19
1107 333 28
723 1109 -8
723 305 -19
723 725 19
303 330 -13
303 1080 19
303 304 28
303 277 19
719 1105 -28
719 717 -8
719 301 28
719 718 8
44 448 -19
44 17 19
448 447 19
448 450 -19
17 783 13
989 596 -28
989 987 8
989 991 -8
989 988 -19
989 214 -19
596 568 13
596 624 -13
596 597 28
596 188 -19
987 213 -13
987 986 13
991 990 -13
991 598 8
991 993 8
991 216 -8
988 217 28
988 599 8
988 1015 -19
988 960 -13
214 241 -28
214 627 -13
214 187 19
214 215 13
306 305 -8
306 308 28
306 304 -28
306 1079 -28
305 278 28
305 1082 13
305 332 -28
308 1081 -28
304 718 -13
304 1077 -8
304 302 28
1079 1080 -19
1079 693 -28
816 426 -8
816 817 13
816 53 -13
816 788 28
816 844 -19
426 424 13
426 428 19
426 23 19
817 815 28
817 423 8
817 50 19
817 819 8
53 453 -28
53 52 19
53 51 -13
788 789 19
788 26 19
844 845 8
844 79 -13
844 454 19
495 496 -13
496 494 -8
496 498 8
279 692 8
279 278 -28
279 281 -13
1025 998 -19
1025 254 13
1025 1026 -28
1052 662 8
1052 1050 -13
1052 1054 28
1052 277 13
125 529 -28
125 124 19
125 127 13
125 123 -13
125 891 19
529 922 8
529 557 -13
529 530 28
124 97 -13
124 532 -8
124 894 -19
124 151 -8
127 531 28
127 893 -8
127 129 19
127 126 -28
123 527 -8
123 889 19
123 122 19
891 864 13
891 892 -19
891 502 28
891 919 -8
594 595 -13
595 593 8
595 984 28
595 184 28
352 350 -19
352 351 -19
352 354 19
350 1125 -13
350 348 -13
351 324 -19
354 1129 28
354 356 28
354 353 -19
91 498 28
91 861 19
498 497 -13
498 887 8
498 500 -19
861 863 8
861 860 28
1134 1133 -19
1134 1136 -13
1134 1132 13
1134 744 19
1134 355 13
1133 358 -19
1133 1105 8
1133 747 28
1136 1135 -13
1136 357 13
1136 1138 -19
1136 746 19
1132 1131 -28
1132 742 8
1132 353 8
744 716 -8
744 329 13
744 745 -28
355 356 -19
355 328 8
73 72 8
73 75 13
72 46 19
72 99 19
75 77 8
75 74 8
75 840 8
75 477 13
864 836 28
864 865 8
864 98 13
836 808 28
865 863 -8
865 471 19
865 95 -8
98 97 -8
98 96 -28
98 100 8
579 581 13
579 968 19
579 578 13
581 580 -19
581 970 13
581 170 -28
581 583 -8
968 996 13
968 969 28
968 198 -8
578 171 -28
578 606 -19
578 551 13
578 971 -13
570 963 -19
570 598 13
515 908 -28
515 111 -19
544 546 -28
544 542 -8
544 135 19
736 737 -8
736 708 -8
736 321 -8
737 1123 13
737 739 28
737 319 19
708 1098 -13
708 294 28
708 680 -28
708 709 19
321 1095 -28
321 323 13
321 320 8
1099 1071 -19
1099 325 -19
1099 713 8
1099 1100 8
1071 298 -13
1071 1072 19
1071 685 -19
1071 1044 -13
325 324 8
325 327 -28
325 323 -13
325 740 -13
713 712 13
713 711 8
713 295 13
713 715 28
1100 710 19
1100 1102 28
1100 1098 -13
1100 322 -19
1089 316 13
1089 1117 13
1089 1090 -28
316 318 13
316 314 8
316 730 28
1117 1145 13
1117 1118 13
1117 343 -19
1117 731 -8
1090 1088 28
1090 700 8
1090 1092 19
1090 313 28
171 169 8
171 173 -28
171 170 8
169 939 -13
169 576 8
173 580 13
173 943 13
173 175 8
170 145 -19
170 197 -13
642 1034 8
642 643 28
642 614 8
1034 259 13
1034 1033 19
643 645 -13
643 641 8
614 586 -13
614 206 28
614 1007 -19
137 908 -19
137 546 -8
908 907 -13
908 910 -19
546 545 28
546 548 19
948 555 8
948 950 28
948 947 -8
948 174 -13
948 946 19
555 527 13
555 150 19
555 582 -19
950 176 -19
950 557 -8
950 949 28
950 951 -28
947 177 -28
947 558 28
947 919 -13
947 974 28
174 585 -13
174 149 28
174 201 28
174 175 -8
946 945 28
946 553 13
645 1033 -8
645 232 28
645 644 13
1033 1006 8
1033 262 13
1033 1059 8
232 259 -8
232 1007 -19
232 205 13
644 235 -19
644 672 -19
644 616 8
911 883 -8
911 912 13
911 939 8
911 144 13
883 494 28
883 856 8
912 910 -13
912 519 -8
912 914 13
912 141 8
939 550 -28
939 966 -19
144 146 -13
144 142 -13
259 284 28
259 260 13
1007 1006 -19
1007 1009 28
205 206 -28
205 979 -28
205 178 -28
205 617 13
654 626 -8
654 682 -28
654 244 -13
654 1045 -19
654 655 13
626 217 -13
626 1018 -28
626 627 -8
626 598 -19
682 710 -28
682 683 -13
682 1072 13
682 270 -13
244 243 19
244 246 -28
244 242 13
244 1015 -8
1045 1043 -28
1045 1044 13
1045 1046 -8
655 653 -19
655 657 19
655 1042 8
655 241 28
463 61 8
463 857 -28
463 464 13
463 435 19
463 491 -13
61 63 19
61 59 28
61 826 -28
61 60 -13
857 87 13
857 855 -13
857 856 8
464 466 -8
464 854 8
464 462 13
464 58 19
435 436 -8
435 407 13
435 829 28
435 35 19
491 492 13
491 519 28
491 88 19
727 729 8
727 725 -8
727 1113 28
727 726 19
727 309 19
729 311 8
729 1115 -8
729 731 28
729 728 28
725 724 19
1113 1141 -28
1113 1085 -8
726 312 28
726 698 28
726 754 28
726 1116 -28
309 1086 -28
217 215 28
217 219 -13
217 216 -19
215 986 13
215 624 -13
219 990 -28
219 628 -19
219 218 8
219 221 -19
216 189 -13
216 243 28
216 629 28
692 1082 -8
692 693 8
1082 1081 -13
1082 1080 -19
693 695 -8
693 691 28
693 277 -8
312 314 -19
312 311 -19
312 1085 28
314 313 -8
314 1087 8
314 728 8
311 284 -13
311 1088 28
1085 699 -8
1085 1086 28
465 466 13
465 63 13
465 437 -19
466 60 13
466 856 8
63 62 -28
63 828 8
437 438 -8
437 37 -28
437 409 19
437 831 8
410 408 8
410 800 13
410 412 -13
410 7 -19
410 409 -19
408 407 -19
408 406 13
408 798 19
408 5 -28
800 37 28
800 772 -28
800 828 13
800 801 -28
412 414 28
412 802 -28
412 9 13
7 34 28
7 8 -28
7 773 28
409 381 -8
409 10 19
409 803 28
278 695 -28
278 1054 -8
695 694 -28
695 1081 19
1054 1056 -8
1054 1053 8
502 504 13
502 500 8
502 95 -13
894 893 -19
894 896 -13
894 892 -19
694 666 8
694 281 19
666 638 13
666 256 -19
666 1056 19
281 283 13
281 1053 -28
281 280 -28
285 698 -19
285 284 8
285 287 8
285 283 -19
1058 1060 -28
1058 1056 -28
1058 668 -19
358 356 19
358 357 19
358 360 -19
356 1131 19
357 330 28
360 359 -13
360 1135 19
360 362 28
97 504 -13
504 893 19
504 506 -13
504 503 -28
513 541 -13
513 109 28
513 514 8
513 485 19
541 568 -19
541 136 19
541 542 -19
109 876 -19
109 111 -19
109 108 28
514 107 28
514 903 -8
485 486 8
485 457 -19
485 82 13
613 201 28
613 1002 19
613 611 28
613 612 28
201 228 28
201 202 -19
201 975 19
1002 1029 28
1002 974 -8
1002 1003 -19
1002 231 28
611 1000 -28
611 609 -19
611 610 13
612 584 8
612 204 -13
612 640 -13
1043 268 19
1043 652 19
1043 1041 -19
1043 1042 19
268 683 19
268 293 -8
268 241 -19
652 653 -28
652 242 -19
652 624 19
652 680 8
1041 267 19
1041 1040 -13
1042 270 -8
1042 1069 -13
1042 1015 -19
743 741 13
743 742 19
743 324 19
743 745 13
743 1129 13
741 739 13
741 322 -13
741 740 19
742 714 13
742 327 8
324 297 13
324 1102 28
745 326 -28
745 1131 -13
745 747 -28
1129 1101 -19
1140 1142 -8
1140 1138 -19
1140 750 -8
1142 1141 28
1142 363 -28
1142 1144 -19
1138 359 13
1138 1137 -19
1138 748 -28
297 715 -28
297 298 28
297 271 -19
297 1074 28
1102 712 8
1102 1104 -19
1102 1101 -8
567 565 13
567 956 13
567 159 19
1105 1077 8
1105 331 28
1105 1106 -19
1077 691 8
1077 1078 -19
1077 1049 8
331 330 -13
331 333 -13
331 746 13
331 329 13
1106 1108 -19
1106 1104 13
1106 716 19
1106 328 8
648 239 -13
648 649 -28
648 620 8
648 1039 -8
648 676 13
239 238 -28
239 237 -13
649 651 8
649 236 19
649 1037 8
620 212 8
620 1012 28
620 592 19
1039 265 -8
1039 1038 -28
676 1066 -28
676 266 8
676 677 8
1108 718 8
1108 330 13
718 690 -19
718 746 28
330 749 -19
661 660 -28
661 1047 13
661 659 -28
661 247 28
660 250 28
660 688 -28
660 1050 -19
660 632 28
1047 1048 8
1047 1021 -19
1047 1075 -13
1047 276 -8
659 245 -8
659 658 19
659 657 28
247 1022 13
247 273 -28
247 248 8
238 265 8
238 1012 28
238 651 -19
265 679 28
265 266 13
1012 1010 -13
651 650 -13
907 140 -28
907 518 -19
910 139 13
910 909 8
470 472 28
470 860 -19
441 835 -19
441 413 -19
441 41 -8
863 93 -8
863 862 -28
497 94 28
497 525 -28
497 890 -8
472 862 28
472 471 19
862 96 28
862 834 -8
862 889 -8
471 443 -13
471 499 -13
931 542 -19
931 958 28
931 163 -8
931 903 19
958 986 19
958 959 8
958 188 8
163 568 28
163 162 28
903 904 19
903 136 -13
903 876 19
698 1088 28
698 699 19
1088 1087 19
1088 1086 -8
699 701 13
189 963 -13
189 190 -13
189 601 -28
963 961 13
963 965 -13
190 598 8
190 192 13
190 188 19
190 960 -28
601 603 -19
601 990 -19
601 599 8
601 600 -19
318 317 28
318 732 28
317 735 -19
317 344 -19
317 1094 28
732 760 -13
732 1122 8
732 733 8
416 13 -8
416 414 -8
416 806 -19
416 418 -19
416 415 -28
13 40 -8
13 779 -8
13 14 19
414 804 -8
414 413 19
806 43 13
806 778 13
806 834 13
806 807 -8
418 808 19
418 15 13
415 16 28
415 387 19
415 809 28
415 443 -19
701 700 19
701 284 -8
701 1087 -19
700 287 13
700 728 13
700 672 -13
284 1060 -13
1087 1059 -19
1087 1115 -8
535 928 13
535 536 -28
535 563 -8
535 131 13
535 507 8
928 157 -8
928 927 -8
928 926 19
928 930 13
536 925 8
536 128 -13
536 538 -13
536 534 -28
563 158 -19
563 590 8
563 955 -13
131 129 -28
131 897 13
131 130 8
131 133 -28
507 900 8
507 508 -19
507 104 -19
507 479 13
1060 1059 -13
1060 1062 28
710 711 -8
710 296 19
711 293 28
711 1097 -28
711 709 28
296 1069 -8
296 298 -28
296 295 -19
296 294 19
783 781 -19
783 389 28
16 15 28
16 14 -19
16 778 8
15 781 -19
15 42 8
14 413 -13
14 12 19
14 776 28
778 388 -19
778 779 -19
1037 1038 13
1037 266 -19
677 679 -8
677 675 19
287 1059 -19
287 286 -19
286 261 28
286 1062 -8
286 313 -8
520 112 -19
520 518 28
520 519 8
520 909 -8
112 85 8
112 113 -28
112 139 -8
519 115 8
519 547 -28
909 937 28
909 142 -19
909 881 28
85 492 19
85 855 28
85 58 -13
113 115 19
113 111 -28
139 140 13
139 548 28
787 393 -13
787 789 13
787 21 28
787 786 28
784 812 -8
784 394 -13
1066 1065 8
1065 1093 -8
1065 679 -28
619 207 13
619 618 28
619 617 -19
207 981 -8
207 234 -8
207 208 -19
207 180 19
618 590 28
618 210 19
618 1010 -19
618 646 -8
617 1006 13
617 616 28
94 93 19
94 96 19
94 860 -28
93 500 8
96 499 28
96 95 -13
860 887 -19
749 747 -8
749 1135 -8
749 748 13
114 141 8
114 87 8
114 115 28
141 550 28
141 142 13
87 494 28
87 88 13
87 60 8
115 881 -19
62 831 -19
62 36 13
828 438 28
828 829 -8
828 856 -19
158 156 28
158 160 19
158 157 -13
158 925 -13
156 561 -28
156 155 -28
156 154 19
156 923 28
160 927 13
160 564 28
160 159 8
157 565 13
157 182 -28
157 130 13
925 926 -28
925 897 -8
1053 1027 8
1053 1081 19
393 394 -8
393 421 28
394 396 -8
421 422 13
421 815 -13
421 449 13
835 834 8
834 444 28
1123 1095 -28
1123 348 28
1123 1124 -28
1095 1096 8
1095 1067 -19
1095 709 13
348 347 19
1124 346 19
568 961 -8
961 959 8
961 187 13
961 960 13
162 135 28
162 187 8
135 136 28
135 108 -28
187 599 13
187 188 19
868 869 -8
868 840 8
868 895 -8
868 102 13
477 449 19
477 505 13
477 871 28
937 548 13
548 550 -8
548 547 13
881 492 -19
881 854 -28
717 1103 19
717 299 -28
717 716 8
717 715 -19
1103 1131 28
1103 1104 -13
1103 329 13
1103 1075 19
299 1076 28
299 326 -13
299 300 -13
299 273 8
716 302 13
716 688 -19
715 714 -28
715 1101 -8
422 812 13
422 424 13
812 840 -28
812 49 -8
812 813 19
424 21 8
424 814 19
424 423 19
46 813 28
46 450 -19
789 23 8
789 395 -19
23 50 28
23 24 8
395 396 -13
395 423 -28
40 807 13
40 444 19
40 41 28
807 413 13
807 809 13
444 443 28
41 43 -19
41 804 28
981 979 -8
981 588 -19
981 983 -19
981 980 -19
979 977 -28
979 586 -19
979 978 13
588 616 13
588 561 13
588 589 -19
588 181 -8
983 590 28
983 985 -13
983 982 -13
983 209 13
980 210 8
980 952 28
980 591 28
21 48 8
24 786 28
24 26 -19
24 423 -8
650 678 -13
145 554 13
145 146 8
145 916 -19
301 328 -19
301 302 28
301 275 8
301 1078 13
328 329 -28
328 747 8
302 1075 13
302 300 8
275 249 19
275 691 19
275 1050 13
275 276 8
1078 1076 19
1078 688 -8
1078 1080 19
250 249 -13
250 252 -28
250 248 19
250 1021 -8
249 1024 28
249 222 13
252 662 13
252 1023 8
252 254 -13
248 658 8
248 1019 -28
248 246 -28
1021 633 8
1021 994 -8
1021 1022 13
25 52 28
25 26 19
25 428 13
790 818 -28
790 400 -8
1026 1024 8
1026 634 28
1030 638 13
1030 1029 -19
1030 255 -8
1027 256 19
1027 1000 -28
363 364 -13
1145 370 -19
1145 1146 -13
1145 759 13
370 369 19
370 368 28
370 372 -19
1146 367 -28
1146 756 -19
1146 1148 -28
1146 1144 -13
759 758 8
759 761 -28
759 340 -8
759 757 -28
590 183 8
590 591 -13
183 952 -13
183 182 -19
183 181 -13
183 185 -28
591 180 -28
591 593 -8
591 589 -19
68 95 -19
68 42 19
347 320 -13
320 1098 -28
320 739 -28
320 293 -13
740 712 -28
675 674 13
675 261 -8
672 262 -28
672 1062 8
843 74 28
843 449 13
843 842 19
843 845 -28
840 450 13
390 389 -13
390 388 8
390 780 -28
388 386 28
388 387 -19
780 781 8
780 808 -19
547 142 28
602 603 8
602 630 28
602 995 8
638 229 13
638 610 28
229 1000 19
229 228 -19
229 231 8
610 582 19
610 202 28
610 1003 13
1076 686 -19
1076 1075 8
1076 1074 8
686 658 19
686 714 28
686 274 -8
686 687 19
1075 689 -19
1074 1073 -8
1074 1072 -19
1074 684 -19
890 889 -19
890 892 8
887 915 -19
210 209 28
210 208 13
210 212 28
209 236 8
209 182 8
208 206 19
208 616 13
208 978 19
212 982 -13
1006 978 -28
1006 235 28
978 589 -28
235 234 13
235 237 -13
438 436 -13
438 34 -19
436 434 13
436 32 28
436 826 -8
34 60 28
34 35 13
34 801 19
1109 1137 -28
1109 1081 28
332 359 -13
332 333 28
37 35 -8
37 36 -28
35 33 8
35 798 -13
36 9 -19
36 803 28
256 254 -19
256 255 -19
255 228 -28
255 280 -19
369 1148 19
369 342 28
1148 1147 8
1148 758 13
1148 1150 28
342 343 -13
342 1120 -19
342 761 -8
405 377 13
405 406 8
405 799 8
405 433 19
405 6 8
377 378 28
377 771 13
406 3 13
406 796 -28
799 32 -8
799 801 -8
799 798 8
799 797 -8
433 434 28
433 33 8
433 827 -8
6 8 -8
6 5 -19
6 4 13
6 768 8
488 81 -13
488 486 19
81 108 28
81 55 -28
81 82 -28
81 851 13
486 876 -28
486 80 -13
353 326 -28
746 747 28
77 79 -13
77 479 -8
77 842 28
74 48 -19
74 101 -28
855 854 -13
855 853 28
856 90 -13
739 1125 -8
323 322 -8
323 1097 13
847 453 -28
847 78 -8
847 846 -19
847 845 -19
453 454 13
78 52 13
78 105 28
78 79 13
846 456 -19
846 874 13
846 818 -13
845 451 13
396 786 19
786 814 8
616 1009 -8
1080 690 -28
234 261 28
234 1009 -13
261 262 -8
1009 1010 8
656 657 -8
656 628 -13
656 246 13
656 684 -8
656 1046 -28
657 243 13
657 1044 -28
628 1020 8
628 600 19
628 629 -13
246 245 -8
246 1017 -19
684 712 8
684 685 -28
684 272 28
1046 271 28
1046 1048 -8
984 985 -13
984 956 -19
443 43 -8
1115 1143 19
1115 1116 13
1115 341 19
731 730 19
731 313 -28
731 733 -28
728 756 -13
728 1118 13
381 382 8
381 775 8
10 9 -8
10 8 8
10 772 28
10 12 -19
803 802 -28
803 801 8
43 42 19
42 809 19
313 340 -13
802 774 28
9 775 13
775 773 28
775 777 -28
775 774 28
262 260 28
815 814 13
815 48 28
815 813 8
814 51 -13
814 842 13
48 452 -13
48 49 -13
512 105 28
512 510 -8
512 901 -19
105 106 -19
105 132 -28
105 875 -13
510 508 -13
510 899 -13
510 509 8
510 103 -8
901 929 19
901 874 19
901 902 -19
779 781 -13
779 385 -13
779 777 -19
584 977 -19
584 177 -8
584 585 -13
584 557 8
204 206 28
204 202 -8
204 974 -19
204 203 8
640 641 -13
640 231 -19
640 668 13
781 387 8
90 88 19
88 854 8
586 559 -8
586 179 19
586 587 28
560 558 13
560 949 8
560 559 -13
560 151 -13
560 562 -28
558 557 -28
558 149 -19
949 921 -8
949 179 -8
559 531 19
559 951 19
559 154 -8
151 176 -19
151 922 -8
151 152 -13
562 561 -19
562 153 13
333 748 19
688 689 8
688 276 28
1050 1049 -19
1050 1048 13
632 1024 -19
632 633 28
632 223 8
632 604 19
1086 696 -8
662 690 8
662 634 28
690 691 19
634 635 -28
634 606 13
634 225 13
499 527 -19
499 892 8
499 500 -13
876 848 13
848 849 28
848 458 -28
848 820 -13
848 82 8
1010 236 13
808 809 -19
850 460 19
850 84 -13
850 851 -13
977 203 -13
977 975 -28
203 176 -19
975 973 -8
975 582 -8
975 974 13
712 298 -28
298 300 -19
1093 1121 -13
1093 1094 -8
679 678 28
646 674 -13
646 1038 13
646 237 19
27 793 -28
27 54 19
27 430 28
27 0 -19
793 792 -19
54 80 -8
54 458 13
54 821 8
430 429 8
430 820 -19
430 432 19
0 402 -28
0 765 -19
271 245 -8
271 272 -8
271 687 19
95 122 -8
955 957 -19
955 182 8
955 954 13
955 953 19
1024 1023 -28
1024 1022 8
1023 1049 13
1023 996 13
1023 635 -13
1022 1020 -13
1022 630 -8
245 1020 -19
245 218 -13
1020 1019 28
1020 1018 -19
218 631 8
218 191 -8
218 993 19
869 871 19
869 99 -13
871 870 28
871 101 13
871 873 -19
99 506 8
99 126 19
99 100 19
831 829 19
565 954 -19
565 564 8
954 927 19
954 982 19
954 185 -13
564 957 -13
564 537 8
564 592 8
182 593 28
130 103 -8
130 900 28
130 538 13
927 538 13
927 899 28
159 132 28
159 184 -19
159 930 -28
668 696 13
1125 1097 -28
1097 1098 8
1097 1069 -13
386 385 28
386 776 28
386 384 -8
385 413 13
776 804 13
776 777 -8
384 383 19
384 774 -28
384 382 -19
1072 295 8
1072 1070 8
685 683 -28
685 269 13
685 687 -28
1044 1017 -28
1044 272 -28
952 953 13
434 30 -19
434 432 8
434 824 8
30 3 -13
30 797 -28
432 28 19
432 431 19
824 852 -19
824 825 -13
824 59 -13
824 796 28
985 592 19
982 593 28
283 696 13
696 724 -28
33 796 8
33 32 19
796 768 -19
796 797 28
32 5 28
32 58 -19
222 635 8
222 195 -8
222 997 -13
222 223 -8
818 819 -8
818 428 19
400 399 -19
826 854 28
826 827 -8
826 798 -8
763 761 13
763 344 -13
763 1149 -13
763 762 13
761 1147 28
761 760 8
344 371 19
344 345 13
344 1122 -8
1149 1150 28
1149 1121 -8
762 734 8
1000 972 19
1029 641 -19
1147 372 -28
1147 1119 -13
372 371 8
1119 1120 8
1119 345 -19
1119 733 28
450 452 13
450 449 -13
322 295 19
80 849 -8
80 107 -13
849 851 28
852 462 -28
852 853 -19
462 460 -19
853 459 19
853 83 8
853 851 -13
691 689 -13
236 237 -8
633 635 -8
633 631 19
631 1019 13
631 630 8
631 629 -19
132 133 28
132 902 -13
929 956 13
929 930 19
538 537 -19
371 1150 -28
1150 760 28
407 8 19
407 801 13
407 379 13
8 770 -8
379 773 -19
379 380 19
83 84 13
492 494 13
683 681 28
683 1069 13
681 267 -28
681 680 13
1069 1070 -19
28 1 28
28 55 -19
28 29 -19
797 403 -19
401 429 -28
401 402 13
401 2 28
401 373 -19
58 59 -8
58 827 8
957 956 8
957 184 13
184 185 -19
921 532 -13
921 893 -8
921 154 28
921 922 -19
532 531 13
532 530 13
532 534 -8
154 153 28
154 152 -19
922 920 8
922 924 -8
224 197 -19
224 999 19
224 225 19
658 630 19
658 1048 -28
630 221 28
1048 273 19
225 996 19
225 223 19
998 609 -13
998 970 -19
998 999 13
1096 319 -8
1096 1098 13
319 346 -28
319 292 -19
375 376 19
375 403 8
375 769 13
376 378 28
376 374 13
403 431 -13
403 4 19
769 768 8
769 771 -19
769 767 -13
769 3 19
1003 228 13
12 774 -19
383 777 -13
483 455 8
460 458 -13
460 55 19
460 459 8
458 457 28
55 823 -8
55 56 8
459 57 13
459 431 13
423 451 8
50 454 -28
50 51 13
819 52 19
689 273 28
689 687 -19
273 274 8
687 1073 -28
593 592 28
531 503 8
531 924 8
951 178 13
951 953 28
561 533 19
561 953 19
153 924 8
153 126 13
153 178 -13
1056 280 8
1019 992 -8
992 603 -19
992 993 28
992 221 -8
924 926 -28
924 923 -28
126 534 -19
126 896 13
178 589 -28
178 179 8
292 1068 8
292 709 13
292 267 -19
1092 702 -28
1092 1094 13
899 900 13
899 133 13
1104 714 13
1104 326 -19
1101 327 -28
1101 1073 -13
653 240 -8
653 1040 13
241 242 28
241 1016 13
382 380 8
382 772 28
1067 294 19
1067 1040 -8
1067 1068 -13
294 293 -28
1040 1013 -8
1068 1070 -19
587 176 13
587 585 -8
587 589 -19
60 829 -8
429 29 8
429 823 8
429 457 -13
29 792 -13
823 825 13
823 821 -13
457 851 -8
457 56 -13
714 300 -28
300 1073 8
557 152 13
530 919 13
530 528 -28
530 122 -28
592 185 28
1 2 -28
1 767 -13
758 730 -13
758 343 28
340 1118 -19
340 367 8
340 341 -13
757 756 -13
757 1143 28
757 338 28
326 327 -28
996 607 -8
996 997 -13
100 503 -19
100 102 -19
537 509 -8
537 930 8
537 133 13
772 773 8
327 329 -19
820 792 -28
820 821 13
820 56 13
82 84 -8
829 827 19
827 825 13
451 51 19
451 479 28
451 452 -8
51 49 -28
479 873 28
452 842 19
452 454 19
5 771 -8
180 155 13
180 953 -19
180 181 8
128 155 -13
128 129 19
128 898 19
128 101 -13
534 533 8
534 923 -8
994 223 -8
994 966 19
994 995 -13
223 221 -28
966 196 -19
995 993 -13
995 997 13
293 1070 19
129 533 19
129 895 8
897 508 19
897 870 19
897 898 28
295 269 28
177 176 -19
177 175 19
177 179 -13
585 974 13
585 583 -13
604 196 28
604 576 19
604 997 -13
545 140 19
195 196 13
195 969 -8
195 607 -13
997 999 13
972 973 -13
972 202 -19
972 583 8
972 945 13
270 269 19
270 272 13
269 243 28
243 1018 -19
49 449 -8
367 368 19
756 341 8
1144 754 -28
1144 365 -13
1144 1143 -19
276 274 -13
603 191 8
191 192 28
191 965 13
152 150 -28
152 919 19
641 228 -13
378 768 -13
378 380 -8
771 770 13
771 773 28
57 59 19
57 56 28
431 825 -8
368 1143 28
368 366 19
3 4 -13
525 553 -19
553 580 19
553 554 -13
4 2 -28
533 926 13
533 505 19
1018 1017 -19
1018 1016 -19
155 926 28
609 607 19
609 197 19
607 606 8
197 198 19
197 971 8
990 1017 13
1017 629 -19
730 702 13
730 1120 -28
343 345 19
343 341 13
503 896 -19
760 345 13
1016 1014 -13
1016 624 13
1016 1015 19
678 706 -13
580 973 28
973 971 -19
179 181 28
600 192 28
600 993 28
629 627 -28
200 202 13
200 198 8
200 970 13
198 196 28
198 606 -19
970 971 -19
970 943 8
103 104 28
103 873 -13
900 898 -13
900 902 19
509 902 8
509 106 13
1141 366 -13
366 365 19
366 364 -19
898 896 -28
898 505 -19
606 999 13
1070 680 28
734 735 13
734 706 -8
735 733 13
735 1121 19
272 274 -19
402 792 28
792 764 13
365 338 28
338 1116 -28
770 380 -19
770 798 13
550 552 -13
552 554 8
552 551 13
240 1014 13
240 213 13
240 267 8
527 920 8
527 528 8
920 919 8
920 149 -13
528 917 -19
969 576 -28
969 971 -13
508 506 -8
508 101 28
506 895 -19
506 505 -8
101 102 -19
1014 1013 -28
1013 242 13
1013 986 28
1013 625 -13
945 917 -19
945 175 8
554 943 -8
674 702 28
150 149 19
150 917 19
149 122 -28
917 889 -8
923 895 28
374 764 -19
374 373 -19
505 102 -19
1137 362 8
362 364 28
582 175 -13
582 583 8
1118 1116 -28
1118 1120 8
1120 1122 19
895 896 -8
122 892 -8
764 765 8
764 2 -8
765 767 19
842 870 -19
454 456 28
874 875 28
373 767 -13
1121 1122 -28
870 104 -28
104 106 19
104 102 19
521 914 28
551 146 -13
914 916 -19
624 625 -19
889 500 -13
873 875 13
986 597 19
625 627 19
625 213 -19
1015 627 -19
915 943 19
915 916 -13
399 427 -8
427 428 -28
427 455 -8
598 599 -8
140 142 -28
456 455 13
456 52 -8
599 597 28
