1112 1111 -19
1112 334 8
1112 1110 -28
1112 1114 -28
1112 722 -28
1111 337 28
1111 1083 8
1111 1139 8
1111 725 8
334 753 -19
334 361 19
334 307 -13
334 335 -28
1110 1108 13
1110 332 -28
1110 720 13
1110 1109 8
1114 336 -8
1114 724 -28
1114 1116 -28
1114 1113 -13
722 694 -19
722 723 28
722 308 -13
722 750 19
147 918 8
147 172 -19
147 556 19
147 148 13
147 120 28
918 525 -19
918 917 -8
918 920 8
918 916 -8
172 199 -28
172 173 -13
172 583 19
172 946 28
556 558 -8
556 555 19
556 945 19
556 554 -19
148 150 -13
148 553 -19
148 146 13
148 915 -19
120 121 13
120 528 -13
120 890 -8
120 93 -13
665 251 -19
665 663 -8
665 664 -28
665 667 -19
665 1051 28
251 252 19
251 224 19
251 1026 -19
251 277 -13
663 661 -13
663 662 -13
663 249 -13
663 1049 19
664 636 -19
664 692 8
664 1054 19
664 254 -28
667 253 8
667 669 -19
667 1053 -19
667 666 28
1051 279 8
1051 1025 19
1051 1079 -28
1051 1052 -28
391 392 13
391 419 13
391 785 28
392 782 8
392 390 -8
392 394 19
419 20 13
419 813 -13
419 447 -8
419 420 -28
785 783 13
785 19 -19
785 787 -13
785 784 19
473 445 -8
473 867 19
473 474 19
473 501 13
473 71 -13
445 839 8
445 417 -28
445 446 -28
445 45 19
867 97 19
867 869 -8
867 865 -28
867 866 28
474 476 13
474 864 13
474 472 8
474 68 -28
501 502 -19
501 894 -28
501 529 28
501 98 8
71 73 -28
71 69 -28
71 836 28
71 70 19
936 543 13
936 934 -8
936 935 -8
936 938 13
543 570 -19
543 515 -8
543 544 13
543 138 -19
934 162 -19
934 933 8
934 932 -13
934 541 -19
935 166 28
935 546 13
935 907 -13
935 962 -19
938 937 -13
938 165 19
938 940 13
938 545 19
161 134 28
161 569 13
161 932 -8
161 186 8
134 904 -13
134 107 8
134 542 -8
569 568 -8
569 958 -8
569 571 -19
932 931 -19
186 213 -8
186 597 13
186 959 -19
476 70 -13
476 866 13
476 475 28
476 478 -19
70 839 28
70 44 8
866 838 -19
866 893 -13
866 100 19
475 73 13
475 869 28
475 447 19
475 503 -28
478 868 13
478 477 -8
478 72 -8
478 480 -19
439 39 8
439 833 -19
439 467 -13
439 440 -13
439 411 -8
39 38 -28
39 37 -28
39 41 -8
39 802 -19
833 835 13
833 64 28
833 832 -8
833 831 28
467 495 28
467 861 -19
467 468 19
467 65 19
440 438 -13
440 830 28
440 36 -28
440 442 -8
411 412 19
411 12 19
411 383 8
411 805 -19
880 878 19
880 110 8
880 879 -8
880 882 28
880 487 -28
878 877 28
878 485 19
878 108 13
110 137 -8
110 83 8
110 111 19
110 518 8
879 852 8
879 490 28
879 907 8
879 113 -28
882 489 -8
882 112 -13
882 881 13
882 884 13
487 488 -28
487 459 -28
487 515 28
487 84 19
193 605 -8
193 220 -19
193 194 19
193 967 -28
193 167 -19
605 994 -19
605 603 -8
605 604 8
605 607 -28
220 633 -19
220 247 19
220 995 -19
220 221 -28
194 602 19
194 196 -8
194 192 -28
194 964 19
967 574 28
967 969 -8
967 965 28
967 966 -28
167 577 28
167 141 8
167 940 8
705 1091 19
705 707 -19
705 704 -8
705 703 -19
705 288 -19
1091 318 -19
1091 1063 -13
1091 1092 8
1091 1119 13
707 290 -8
707 1093 -8
707 706 28
704 291 8
704 676 19
704 732 -28
704 1094 28
703 1089 19
703 701 13
703 286 -19
703 702 -28
288 289 8
288 315 -8
288 263 19
288 1064 8
539 566 8
539 511 19
539 540 -13
566 594 8
566 567 28
511 512 -8
511 483 28
540 132 -19
540 929 -13
540 538 28
289 291 -8
289 287 -28
289 702 19
289 1061 -8
315 342 19
315 316 13
315 733 -19
315 1092 13
263 1038 8
263 236 28
263 264 19
263 677 -13
1064 1063 -28
1064 1066 8
1064 1062 -28
1064 674 28
38 805 8
38 11 13
38 442 -28
38 64 13
805 804 -19
805 807 8
805 803 8
11 12 -8
11 777 -28
11 414 -28
442 444 -13
442 832 13
442 441 -13
64 91 28
64 65 -28
64 470 -13
20 18 13
20 782 -28
20 22 19
20 19 28
18 16 28
18 417 28
18 780 28
18 17 -13
782 810 -28
782 783 13
22 421 13
22 21 -28
22 784 -19
22 24 -13
19 422 -13
19 46 13
291 290 -8
291 1063 19
290 1066 -19
290 265 13
290 317 28
1063 1037 8
1063 677 19
257 1032 -8
257 671 13
257 258 -19
257 230 -8
257 282 -19
1032 1034 -8
1032 1030 -8
1032 640 28
1032 1031 13
671 673 -19
671 1057 -28
671 670 28
671 669 -8
258 256 19
258 668 -28
258 260 8
258 1029 -13
230 1005 19
230 643 19
230 231 28
230 203 19
282 283 -19
282 1058 -28
282 309 -13
282 699 -19
524 526 19
524 523 -28
524 522 8
524 116 -13
524 913 8
526 118 19
526 525 -19
526 528 28
526 915 -28
523 119 -8
523 495 19
523 551 -13
523 916 28
522 911 -13
522 520 13
522 114 8
522 521 28
116 886 -19
116 89 13
116 143 8
116 117 8
913 914 13
913 941 -28
913 885 19
913 146 13
886 884 -13
886 888 -8
886 885 -19
886 493 -19
89 90 19
89 62 13
89 859 -8
89 496 13
143 552 -8
143 914 -8
143 144 13
143 168 8
117 119 19
117 115 28
117 521 -19
117 883 -8
810 420 13
810 838 -8
810 811 -28
810 47 19
420 422 19
420 418 28
420 17 28
838 839 13
838 73 -13
838 448 -28
811 44 13
811 809 -8
811 417 -19
811 813 8
47 45 19
47 447 8
47 46 -28
47 49 28
1035 1061 13
1035 1036 -8
1035 1008 8
1035 264 -8
1035 647 28
1061 1089 19
1061 1062 -13
1061 675 8
1036 1034 28
1036 644 -19
1036 1038 -13
1036 261 8
1008 619 13
1008 1009 -8
1008 980 -8
1008 237 -13
264 262 -8
264 674 -13
264 266 13
647 645 -28
647 234 13
647 646 -13
647 649 8
489 86 19
489 517 -19
489 490 -8
489 461 8
86 852 -13
86 85 -8
86 88 -13
86 84 8
517 545 -28
517 518 -13
517 910 -13
517 113 19
490 488 -8
490 83 8
490 492 28
461 462 28
461 59 -28
461 433 -28
461 855 13
623 621 -19
623 622 28
623 211 -8
623 1011 19
621 619 -28
621 209 -8
621 620 8
622 594 28
622 650 28
211 238 -19
211 212 -19
211 985 13
211 184 8
1011 1012 8
1011 984 13
753 752 -13
753 1139 8
753 751 -19
753 755 -19
752 337 -8
752 724 -13
752 1142 -19
1139 1140 -19
1139 364 13
751 750 -19
751 1137 -8
751 749 28
751 332 28
755 336 19
755 754 -19
755 1141 -28
755 757 -8
119 118 8
119 885 13
119 121 8
118 91 -8
118 145 13
118 888 -28
885 858 28
885 496 13
121 525 -13
121 887 19
121 123 28
361 1140 28
361 362 8
307 308 -13
307 1084 28
307 280 28
307 725 -19
335 337 -28
335 750 -19
335 333 -8
335 1109 13
337 336 -13
337 339 28
336 363 -13
336 309 28
339 754 8
339 338 19
339 1113 -28
339 341 13
794 31 8
794 795 -28
794 822 -19
794 404 -19
794 766 8
31 33 -13
31 431 -28
31 30 28
31 29 -8
795 28 13
795 793 -13
795 797 -28
795 401 -8
822 850 -8
822 432 28
822 57 -28
822 823 19
404 406 19
404 402 -8
404 403 28
404 1 -19
766 376 -13
766 767 -19
766 4 -8
1128 349 -8
1128 1127 -19
1128 1130 -28
1128 738 -19
1128 1126 -8
349 322 8
349 350 -8
1127 352 28
1127 1099 -28
1127 741 -8
1130 351 -13
1130 1132 -13
1130 1129 -19
1130 740 -13
738 710 19
738 739 -8
738 323 -19
1126 736 -28
1126 347 -8
1126 1125 28
1126 1124 -28
67 65 8
67 69 28
67 469 -28
67 66 -13
67 832 8
65 63 19
65 830 -13
69 68 8
69 471 -13
69 834 -13
469 470 -8
469 441 28
469 863 -28
469 497 -28
66 472 -8
66 835 8
66 40 -8
66 93 28
832 804 28
832 860 -28
858 92 -28
858 830 -13
858 859 28
858 468 19
92 495 19
92 91 -13
92 94 -19
92 90 -13
830 802 28
830 831 28
859 465 19
859 857 -13
859 861 -28
468 62 -19
468 466 -28
468 470 28
573 571 8
573 575 -19
573 962 13
573 572 -19
571 162 8
571 570 -8
571 960 28
575 574 -28
575 577 -13
575 964 28
575 165 -28
962 990 -19
962 963 19
962 192 -13
572 166 -19
572 545 -28
572 965 28
572 600 -13
673 1059 -19
673 675 -19
673 259 -28
673 672 -8
1057 285 8
1057 1031 28
1057 1085 -8
1057 1058 13
670 642 -28
670 698 -28
670 1060 -13
670 260 -8
669 255 13
669 1055 -13
669 668 -19
397 425 -13
397 791 -28
397 398 8
425 453 -8
425 426 13
425 26 19
425 819 13
791 789 -28
791 25 19
791 790 -19
398 396 -13
398 788 8
398 400 13
839 841 19
839 837 -8
841 447 8
841 72 -19
841 843 13
841 840 -19
837 835 28
837 68 -13
837 836 -28
837 443 -19
1083 310 8
1083 1084 -19
1083 1055 -28
1083 697 19
310 312 -28
310 308 13
310 724 -19
310 309 13
1084 694 8
1084 1082 28
1084 1086 -19
1055 283 -13
1055 1056 28
1055 1029 28
697 695 -13
697 280 8
697 699 -8
697 696 -19
166 164 28
166 165 -8
164 933 -13
164 163 -28
164 570 19
165 191 -28
165 139 28
636 227 -19
636 1028 19
636 637 -8
636 608 -19
227 226 -19
227 229 13
227 225 13
227 998 8
1028 253 13
1028 1026 28
1028 1030 -8
1028 1027 8
637 639 -13
637 1025 -19
637 635 19
637 224 -19
608 609 -28
608 580 28
608 200 19
608 1001 -8
574 547 -19
574 602 -19
577 579 13
577 966 13
577 576 -8
964 937 19
964 992 13
964 965 -13
942 941 19
942 549 13
942 940 19
942 944 13
942 168 28
941 171 -28
941 552 -28
941 968 -8
549 550 -8
549 144 -28
549 521 -28
549 576 28
940 547 8
940 939 -8
944 551 -8
944 946 -13
944 170 -28
944 943 28
168 579 28
168 195 13
168 169 -28
905 933 -8
905 516 -19
905 877 -13
905 138 -8
905 906 13
933 544 13
933 960 19
516 514 8
516 108 -8
516 515 -8
516 518 28
877 488 -13
877 111 19
877 850 -8
138 137 -19
138 136 -28
138 140 -19
906 513 -19
906 908 -8
906 904 -28
906 135 -8
226 1001 8
226 199 19
226 639 -13
226 253 13
1001 1000 28
1001 1003 -13
1001 999 8
199 200 -13
199 611 13
199 973 -19
639 638 19
639 1027 -19
639 641 -28
253 278 -8
253 254 -13
482 872 13
482 480 -19
482 76 28
482 484 -28
482 481 -28
872 899 8
872 873 8
872 106 -13
872 844 13
480 870 -13
480 74 -28
480 479 -19
76 50 28
76 103 -13
76 77 -8
76 845 19
484 78 13
484 483 -19
484 874 19
481 453 -28
481 509 8
481 79 19
481 875 -28
417 418 13
417 389 28
446 444 19
446 836 -8
446 448 -13
446 42 19
45 44 -13
45 43 -13
45 808 -13
884 114 19
884 883 13
884 491 13
888 495 13
888 890 -19
888 887 8
493 465 -28
493 90 -13
493 521 -28
493 494 19
1004 1031 19
1004 615 28
1004 1005 28
1004 233 -13
1004 976 -13
1031 260 28
1031 643 -13
615 613 -19
615 614 -19
615 617 8
615 203 8
1005 612 -19
1005 1007 28
1005 1003 13
233 642 28
233 232 -8
233 235 13
233 231 -19
976 977 -28
976 206 -28
976 949 -13
976 587 28
721 720 28
721 1107 28
721 723 19
721 303 28
721 719 13
720 306 13
720 692 -28
720 748 -8
1107 1108 -13
1107 1135 8
1107 1079 -28
1107 333 -8
723 1109 19
723 305 28
723 725 -8
303 330 -13
303 1080 13
303 304 19
303 277 19
719 1105 -19
719 717 -13
719 301 -28
719 718 -19
44 448 28
44 17 -13
448 447 -28
448 450 -19
17 783 -8
989 596 -13
989 987 8
989 991 28
989 988 -28
989 214 -8
596 568 19
596 624 19
596 597 28
596 188 19
987 213 19
987 986 -8
991 990 28
991 598 -13
991 993 13
991 216 -13
988 217 13
988 599 -8
988 1015 -19
988 960 19
214 241 -8
214 627 -19
214 187 13
214 215 19
306 305 -13
306 308 -13
306 304 -8
306 1079 -19
305 278 19
305 1082 19
305 332 -13
308 1081 -28
304 718 19
304 1077 -28
304 302 -8
1079 1080 13
1079 693 -13
816 426 -13
816 817 -8
816 53 -28
816 788 -19
816 844 -8
426 424 8
426 428 -19
426 23 -13
817 815 28
817 423 -13
817 50 -19
817 819 19
53 453 -19
53 52 19
53 51 28
788 789 -13
788 26 -19
844 845 -13
844 79 13
844 454 -8
495 496 -19
496 494 19
496 498 19
279 692 -8
279 278 28
279 281 28
1025 998 8
1025 254 28
1025 1026 -13
1052 662 -28
1052 1050 28
1052 1054 -28
1052 277 -8
125 529 -8
125 124 19
125 127 8
125 123 -28
125 891 -13
529 922 -13
529 557 8
529 530 8
124 97 19
124 532 19
124 894 -13
124 151 -19
127 531 8
127 893 28
127 129 19
127 126 13
123 527 -19
123 889 8
123 122 8
891 864 -8
891 892 -28
891 502 19
891 919 -8
594 595 28
595 593 8
595 984 -19
595 184 28
352 350 -8
352 351 19
352 354 28
350 1125 8
350 348 8
351 324 -13
354 1129 8
354 356 -28
354 353 -28
91 498 19
91 861 -19
498 497 28
498 887 13
498 500 -28
861 863 -13
861 860 28
1134 1133 28
1134 1136 -13
1134 1132 -13
1134 744 13
1134 355 -19
1133 358 -13
1133 1105 -28
1133 747 -19
1136 1135 28
1136 357 19
1136 1138 -8
1136 746 -28
1132 1131 -19
1132 742 -13
1132 353 28
744 716 28
744 329 -28
744 745 -13
355 356 -19
355 328 19
73 72 -19
73 75 19
72 46 -19
72 99 -8
75 77 -19
75 74 -13
75 840 13
75 477 8
864 836 -28
864 865 8
864 98 28
836 808 19
865 863 -13
865 471 -19
865 95 28
98 97 -8
98 96 -8
98 100 28
579 581 -8
579 968 -13
579 578 13
581 580 28
581 970 28
581 170 13
581 583 19
968 996 -8
968 969 -19
968 198 -28
578 171 -13
578 606 -28
578 551 13
578 971 19
570 963 19
570 598 -13
515 908 -28
515 111 -8
544 546 8
544 542 -19
544 135 13
736 737 13
736 708 19
736 321 8
737 1123 28
737 739 8
737 319 13
708 1098 28
708 294 -19
708 680 -13
708 709 -19
321 1095 13
321 323 28
321 320 -13
1099 1071 28
1099 325 13
1099 713 -28
1099 1100 -19
1071 298 -8
1071 1072 28
1071 685 -13
1071 1044 -8
325 324 -13
325 327 8
325 323 8
325 740 -28
713 712 8
713 711 -8
713 295 19
713 715 28
1100 710 13
1100 1102 13
1100 1098 13
1100 322 28
1089 316 -13
1089 1117 13
1089 1090 -8
316 318 -19
316 314 28
316 730 -19
1117 1145 -8
1117 1118 -28
1117 343 -19
1117 731 -13
1090 1088 8
1090 700 -13
1090 1092 -13
1090 313 -13
171 169 -28
171 173 -13
171 170 -19
169 939 8
169 576 28
173 580 28
173 943 13
173 175 -19
170 145 19
170 197 8
642 1034 -19
642 643 28
642 614 -19
1034 259 8
1034 1033 -28
643 645 -13
643 641 19
614 586 28
614 206 13
614 1007 19
137 908 -28
137 546 13
908 907 28
908 910 -13
546 545 8
546 548 8
948 555 8
948 950 19
948 947 -28
948 174 13
948 946 13
555 527 -19
555 150 -8
555 582 8
950 176 19
950 557 -13
950 949 -19
950 951 19
947 177 -28
947 558 8
947 919 -19
947 974 -28
174 585 8
174 149 -28
174 201 -13
174 175 28
946 945 19
946 553 13
645 1033 -13
645 232 8
645 644 19
1033 1006 -13
1033 262 28
1033 1059 -28
232 259 19
232 1007 19
232 205 28
644 235 -13
644 672 19
644 616 -8
911 883 -19
911 912 -13
911 939 19
911 144 -19
883 494 -13
883 856 13
912 910 -19
912 519 -19
912 914 8
912 141 19
939 550 -13
939 966 -28
144 146 8
144 142 -19
259 284 -13
259 260 19
1007 1006 -28
1007 1009 -13
205 206 13
205 979 8
205 178 8
205 617 -8
654 626 8
654 682 13
654 244 19
654 1045 -19
654 655 -13
626 217 -13
626 1018 19
626 627 -19
626 598 8
682 710 8
682 683 -28
682 1072 8
682 270 -28
244 243 19
244 246 -19
244 242 19
244 1015 -13
1045 1043 -19
1045 1044 -8
1045 1046 -8
655 653 13
655 657 8
655 1042 -13
655 241 -13
463 61 8
463 857 8
463 464 8
463 435 -8
463 491 -13
61 63 -13
61 59 -13
61 826 19
61 60 -8
857 87 -28
857 855 19
857 856 -19
464 466 13
464 854 -13
464 462 19
464 58 8
435 436 -28
435 407 -19
435 829 28
435 35 19
491 492 -8
491 519 -8
491 88 -8
727 729 -8
727 725 19
727 1113 -8
727 726 13
727 309 28
729 311 -13
729 1115 19
729 731 19
729 728 19
725 724 8
1113 1141 13
1113 1085 -8
726 312 8
726 698 -8
726 754 -8
726 1116 -13
309 1086 19
217 215 -13
217 219 13
217 216 -19
215 986 13
215 624 19
219 990 -28
219 628 28
219 218 28
219 221 28
216 189 19
216 243 19
216 629 13
692 1082 13
692 693 19
1082 1081 -8
1082 1080 -8
693 695 13
693 691 -28
693 277 -28
312 314 19
312 311 -28
312 1085 8
314 313 8
314 1087 8
314 728 -13
311 284 13
311 1088 -19
1085 699 28
1085 1086 28
465 466 -28
465 63 -19
465 437 -8
466 60 -19
466 856 28
63 62 28
63 828 13
437 438 -19
437 37 -13
437 409 13
437 831 13
410 408 8
410 800 19
410 412 -8
410 7 -19
410 409 13
408 407 -19
408 406 -19
408 798 8
408 5 8
800 37 8
800 772 -28
800 828 -13
800 801 -19
412 414 28
412 802 -28
412 9 -19
7 34 8
7 8 13
7 773 -13
409 381 -28
409 10 -8
409 803 -8
278 695 -28
278 1054 8
695 694 -28
695 1081 -13
1054 1056 -8
1054 1053 8
502 504 -28
502 500 19
502 95 -19
894 893 -8
894 896 28
894 892 19
694 666 19
694 281 8
666 638 28
666 256 -28
666 1056 8
281 283 -13
281 1053 19
281 280 13
285 698 28
285 284 -28
285 287 -19
285 283 8
1058 1060 -8
1058 1056 8
1058 668 19
358 356 19
358 357 -13
358 360 -13
356 1131 -8
357 330 -19
360 359 -19
360 1135 -13
360 362 13
97 504 13
504 893 -19
504 506 -8
504 503 19
513 541 -19
513 109 -19
513 514 -13
513 485 -19
541 568 -19
541 136 19
541 542 28
109 876 13
109 111 28
109 108 -19
514 107 -19
514 903 8
485 486 -13
485 457 13
485 82 13
613 201 19
613 1002 -19
613 611 8
613 612 -19
201 228 -13
201 202 -28
201 975 -19
1002 1029 -28
1002 974 -8
1002 1003 19
1002 231 -28
611 1000 8
611 609 28
611 610 -13
612 584 -8
612 204 19
612 640 -19
1043 268 13
1043 652 -19
1043 1041 13
1043 1042 -8
268 683 8
268 293 13
268 241 13
652 653 -13
652 242 -13
652 624 28
652 680 -19
1041 267 19
1041 1040 8
1042 270 -19
1042 1069 -19
1042 1015 -28
743 741 -13
743 742 13
743 324 -13
743 745 -13
743 1129 -8
741 739 -8
741 322 19
741 740 13
742 714 -13
742 327 -28
324 297 8
324 1102 -13
745 326 19
745 1131 13
745 747 8
1129 1101 19
1140 1142 8
1140 1138 8
1140 750 28
1142 1141 -28
1142 363 13
1142 1144 28
1138 359 28
1138 1137 -28
1138 748 13
297 715 8
297 298 8
297 271 19
297 1074 19
1102 712 8
1102 1104 8
1102 1101 13
567 565 13
567 956 13
567 159 -13
1105 1077 19
1105 331 -28
1105 1106 -28
1077 691 -13
1077 1078 -19
1077 1049 28
331 330 8
331 333 -13
331 746 -13
331 329 -8
1106 1108 28
1106 1104 8
1106 716 19
1106 328 -28
648 239 -28
648 649 13
648 620 19
648 1039 8
648 676 19
239 238 -8
239 237 8
649 651 13
649 236 -13
649 1037 8
620 212 -28
620 1012 -8
620 592 13
1039 265 28
1039 1038 -8
676 1066 -19
676 266 8
676 677 -8
1108 718 19
1108 330 13
718 690 -28
718 746 8
330 749 -28
661 660 -28
661 1047 -28
661 659 -8
661 247 -28
660 250 19
660 688 28
660 1050 13
660 632 -13
1047 1048 -19
1047 1021 28
1047 1075 -19
1047 276 -13
659 245 19
659 658 8
659 657 13
247 1022 -28
247 273 -13
247 248 28
238 265 -19
238 1012 -28
238 651 -8
265 679 28
265 266 -19
1012 1010 -28
651 650 -8
907 140 19
907 518 8
910 139 -19
910 909 13
470 472 8
470 860 -28
441 835 -8
441 413 13
441 41 -19
863 93 19
863 862 -19
497 94 -13
497 525 -13
497 890 -28
472 862 -8
472 471 -28
862 96 28
862 834 28
862 889 13
471 443 -13
471 499 -8
931 542 8
931 958 13
931 163 -13
931 903 28
958 986 -8
958 959 28
958 188 13
163 568 8
163 162 -8
903 904 19
903 136 8
903 876 -8
698 1088 -8
698 699 28
1088 1087 19
1088 1086 13
699 701 -28
189 963 -19
189 190 -28
189 601 13
963 961 -28
963 965 -19
190 598 19
190 192 19
190 188 8
190 960 -19
601 603 -19
601 990 -28
601 599 28
601 600 8
318 317 -19
318 732 13
317 735 8
317 344 28
317 1094 -19
732 760 -19
732 1122 13
732 733 28
416 13 28
416 414 -19
416 806 13
416 418 28
416 415 -19
13 40 -8
13 779 -13
13 14 8
414 804 19
414 413 13
806 43 28
806 778 -13
806 834 -13
806 807 13
418 808 -13
418 15 28
415 16 8
415 387 19
415 809 -8
415 443 -28
701 700 13
701 284 -13
701 1087 -8
700 287 -28
700 728 -28
700 672 -8
284 1060 -19
1087 1059 -13
1087 1115 -13
535 928 -13
535 536 -19
535 563 28
535 131 8
535 507 -8
928 157 -8
928 927 13
928 926 28
928 930 -19
536 925 -13
536 128 13
536 538 -28
536 534 19
563 158 19
563 590 -19
563 955 8
131 129 -28
131 897 -28
131 130 19
131 133 13
507 900 -13
507 508 19
507 104 8
507 479 -13
1060 1059 -13
1060 1062 -19
710 711 8
710 296 28
711 293 -19
711 1097 -8
711 709 -13
296 1069 19
296 298 -13
296 295 -8
296 294 28
783 781 -8
783 389 -28
16 15 -8
16 14 13
16 778 -8
15 781 -19
15 42 -13
14 413 28
14 12 -8
14 776 -13
778 388 8
778 779 -13
1037 1038 28
1037 266 -13
677 679 19
677 675 -13
287 1059 28
287 286 19
286 261 -13
286 1062 19
286 313 13
520 112 -13
520 518 8
520 519 8
520 909 -13
112 85 -13
112 113 8
112 139 -19
519 115 8
519 547 -19
909 937 -13
909 142 19
909 881 -8
85 492 -8
85 855 -19
85 58 28
113 115 28
113 111 13
139 140 -28
139 548 8
787 393 28
787 789 -28
787 21 -19
787 786 28
784 812 19
784 394 -13
1066 1065 -28
1065 1093 13
1065 679 -13
619 207 8
619 618 -19
619 617 8
207 981 8
207 234 -28
207 208 28
207 180 8
618 590 -19
618 210 8
618 1010 28
618 646 13
617 1006 -8
617 616 8
94 93 13
94 96 -13
94 860 -8
93 500 -19
96 499 -28
96 95 8
860 887 -13
749 747 28
749 1135 -13
749 748 8
114 141 -13
114 87 19
114 115 -28
141 550 -8
141 142 -28
87 494 19
87 88 -19
87 60 -28
115 881 -13
62 831 19
62 36 -8
828 438 13
828 829 28
828 856 19
158 156 -28
158 160 8
158 157 8
158 925 -13
156 561 -13
156 155 -19
156 154 8
156 923 -13
160 927 -19
160 564 -19
160 159 -28
157 565 -19
157 182 28
157 130 13
925 926 -28
925 897 -19
1053 1027 13
1053 1081 -8
393 394 19
393 421 28
394 396 13
421 422 19
421 815 -8
421 449 28
835 834 28
834 444 -19
1123 1095 -13
1123 348 -19
1123 1124 -19
1095 1096 -8
1095 1067 8
1095 709 28
348 347 19
1124 346 8
568 961 -28
961 959 -8
961 187 19
961 960 -19
162 135 -19
162 187 19
135 136 -8
135 108 -28
187 599 -28
187 188 -8
868 869 13
868 840 13
868 895 8
868 102 -19
477 449 -8
477 505 13
477 871 28
937 548 -28
548 550 -13
548 547 -13
881 492 -28
881 854 19
717 1103 28
717 299 -19
717 716 8
717 715 8
1103 1131 8
1103 1104 -28
1103 329 -19
1103 1075 -19
299 1076 28
299 326 -19
299 300 -13
299 273 -8
716 302 28
716 688 19
715 714 13
715 1101 -8
422 812 -8
422 424 13
812 840 -19
812 49 -28
812 813 13
424 21 -13
424 814 28
424 423 8
46 813 13
46 450 -13
789 23 -28
789 395 -28
23 50 -8
23 24 -19
395 396 8
395 423 13
40 807 -19
40 444 -19
40 41 -28
807 413 8
807 809 28
444 443 -28
41 43 13
41 804 -8
981 979 -19
981 588 -8
981 983 -19
981 980 13
979 977 13
979 586 8
979 978 13
588 616 -19
588 561 8
588 589 -13
588 181 8
983 590 19
983 985 -8
983 982 13
983 209 8
980 210 8
980 952 -19
980 591 -19
21 48 -8
24 786 -28
24 26 28
24 423 8
650 678 -13
145 554 -19
145 146 -13
145 916 8
301 328 19
301 302 13
301 275 8
301 1078 8
328 329 28
328 747 -28
302 1075 19
302 300 19
275 249 13
275 691 -8
275 1050 -8
275 276 8
1078 1076 -13
1078 688 -19
1078 1080 -19
250 249 -19
250 252 -28
250 248 -28
250 1021 8
249 1024 28
249 222 28
252 662 19
252 1023 -13
252 254 -8
248 658 8
248 1019 -28
248 246 -19
1021 633 13
1021 994 13
1021 1022 -8
25 52 -13
25 26 28
25 428 -28
790 818 8
790 400 -28
1026 1024 8
1026 634 -8
1030 638 8
1030 1029 28
1030 255 8
1027 256 19
1027 1000 19
363 364 -13
1145 370 -8
1145 1146 8
1145 759 8
370 369 19
370 368 19
370 372 -13
1146 367 -19
1146 756 19
1146 1148 -19
1146 1144 19
759 758 28
759 761 19
759 340 -13
759 757 19
590 183 -8
590 591 8
183 952 28
183 182 19
183 181 -28
183 185 -19
591 180 -19
591 593 8
591 589 28
68 95 8
68 42 -13
347 320 -19
320 1098 -8
320 739 13
320 293 -19
740 712 -8
675 674 19
675 261 13
672 262 28
672 1062 -8
843 74 19
843 449 8
843 842 28
843 845 -8
840 450 -13
390 389 28
390 388 28
390 780 -28
388 386 -8
388 387 19
780 781 -13
780 808 -28
547 142 -28
602 603 28
602 630 -28
602 995 8
638 229 8
638 610 -19
229 1000 13
229 228 13
229 231 19
610 582 -19
610 202 13
610 1003 8
1076 686 -28
1076 1075 13
1076 1074 8
686 658 28
686 714 -13
686 274 28
686 687 -28
1075 689 -19
1074 1073 8
1074 1072 -13
1074 684 -28
890 889 -19
890 892 13
887 915 28
210 209 19
210 208 19
210 212 19
209 236 13
209 182 13
208 206 -8
208 616 19
208 978 -8
212 982 28
1006 978 13
1006 235 8
978 589 -28
235 234 28
235 237 19
438 436 19
438 34 -28
436 434 13
436 32 19
436 826 -13
34 60 13
34 35 -28
34 801 19
1109 1137 8
1109 1081 19
332 359 -19
332 333 8
37 35 -8
37 36 8
35 33 19
35 798 -13
36 9 28
36 803 -19
256 254 -13
256 255 28
255 228 -28
255 280 19
369 1148 19
369 342 19
1148 1147 13
1148 758 -13
1148 1150 19
342 343 13
342 1120 -28
342 761 -8
405 377 -28
405 406 -8
405 799 -19
405 433 -13
405 6 19
377 378 -8
377 771 8
406 3 8
406 796 -28
799 32 28
799 801 -19
799 798 -28
799 797 19
433 434 -19
433 33 -13
433 827 28
6 8 8
6 5 -19
6 4 -19
6 768 -13
488 81 -19
488 486 8
81 108 -13
81 55 -13
81 82 28
81 851 -28
486 876 8
486 80 -8
353 326 19
746 747 -28
77 79 -13
77 479 -19
77 842 -13
74 48 -28
74 101 -19
855 854 19
855 853 -19
856 90 28
739 1125 13
323 322 -28
323 1097 -13
847 453 -28
847 78 -19
847 846 -8
847 845 19
453 454 8
78 52 -19
78 105 13
78 79 -8
846 456 19
846 874 -13
846 818 13
845 451 28
396 786 13
786 814 -19
616 1009 -19
1080 690 -8
234 261 13
234 1009 19
261 262 -13
1009 1010 -8
656 657 -13
656 628 28
656 246 13
656 684 -13
656 1046 13
657 243 13
657 1044 28
628 1020 -19
628 600 -8
628 629 8
246 245 19
246 1017 -19
684 712 -19
684 685 -28
684 272 -28
1046 271 -28
1046 1048 8
984 985 13
984 956 13
443 43 -19
1115 1143 -28
1115 1116 28
1115 341 -8
731 730 -19
731 313 -13
731 733 -28
728 756 -28
728 1118 8
381 382 19
381 775 19
10 9 -19
10 8 -19
10 772 -13
10 12 8
803 802 8
803 801 19
43 42 13
42 809 -19
313 340 -28
802 774 13
9 775 -8
775 773 13
775 777 19
775 774 -19
262 260 28
815 814 -19
815 48 -28
815 813 8
814 51 8
814 842 -28
48 452 -13
48 49 -19
512 105 19
512 510 19
512 901 13
105 106 -19
105 132 19
105 875 19
510 508 -13
510 899 28
510 509 -8
510 103 28
901 929 28
901 874 -28
901 902 -8
779 781 8
779 385 19
779 777 -19
584 977 -28
584 177 -13
584 585 8
584 557 13
204 206 -19
204 202 13
204 974 -28
204 203 -8
640 641 -19
640 231 28
640 668 -13
781 387 19
90 88 -13
88 854 8
586 559 -13
586 179 13
586 587 28
560 558 -19
560 949 19
560 559 28
560 151 -19
560 562 -13
558 557 19
558 149 -28
949 921 19
949 179 -19
559 531 -8
559 951 -19
559 154 -13
151 176 -8
151 922 -19
151 152 19
562 561 -19
562 153 -19
333 748 13
688 689 -19
688 276 -28
1050 1049 19
1050 1048 -28
632 1024 19
632 633 13
632 223 28
632 604 8
1086 696 13
662 690 19
662 634 28
690 691 -28
634 635 -19
634 606 28
634 225 8
499 527 -13
499 892 28
499 500 19
876 848 -8
848 849 -19
848 458 -8
848 820 13
848 82 -19
1010 236 28
808 809 28
850 460 8
850 84 19
850 851 8
977 203 -13
977 975 -13
203 176 8
975 973 -19
975 582 8
975 974 -8
712 298 8
298 300 -28
1093 1121 -19
1093 1094 13
679 678 8
646 674 -28
646 1038 -13
646 237 -28
27 793 -28
27 54 8
27 430 -13
27 0 8
793 792 -28
54 80 28
54 458 28
54 821 -8
430 429 -19
430 820 13
430 432 13
0 402 19
0 765 8
271 245 19
271 272 -13
271 687 -8
95 122 13
955 957 -8
955 182 8
955 954 19
955 953 19
1024 1023 13
1024 1022 13
1023 1049 -8
1023 996 -13
1023 635 13
1022 1020 -13
1022 630 8
245 1020 8
245 218 19
1020 1019 -13
1020 1018 28
218 631 -28
218 191 13
218 993 8
869 871 13
869 99 28
871 870 -28
871 101 19
871 873 28
99 506 28
99 126 19
99 100 -19
831 829 19
565 954 28
565 564 19
954 927 -8
954 982 -28
954 185 -8
564 957 -28
564 537 -19
564 592 13
182 593 -19
130 103 -28
130 900 -13
130 538 -8
927 538 -28
927 899 -8
159 132 19
159 184 -8
159 930 -13
668 696 19
1125 1097 -13
1097 1098 8
1097 1069 13
386 385 -19
386 776 28
386 384 19
385 413 -8
776 804 8
776 777 -19
384 383 28
384 774 8
384 382 28
1072 295 -8
1072 1070 -8
685 683 19
685 269 -19
685 687 -13
1044 1017 -28
1044 272 -8
952 953 -13
434 30 8
434 432 28
434 824 -13
30 3 -28
30 797 -28
432 28 -13
432 431 -19
824 852 -19
824 825 -8
824 59 8
824 796 -19
985 592 -13
982 593 13
283 696 -19
696 724 -13
33 796 28
33 32 -13
796 768 13
796 797 19
32 5 19
32 58 19
222 635 13
222 195 -13
222 997 -19
222 223 -13
818 819 13
818 428 -13
400 399 -8
826 854 19
826 827 -28
826 798 -8
763 761 19
763 344 13
763 1149 -13
763 762 -19
761 1147 8
761 760 -28
344 371 -13
344 345 -8
344 1122 13
1149 1150 -28
1149 1121 -8
762 734 8
1000 972 -19
1029 641 -8
1147 372 -19
1147 1119 -8
372 371 19
1119 1120 -19
1119 345 -8
1119 733 -28
450 452 19
450 449 8
322 295 19
80 849 8
80 107 13
849 851 8
852 462 -28
852 853 -19
462 460 19
853 459 -8
853 83 -13
853 851 -8
691 689 28
236 237 -28
633 635 8
633 631 -8
631 1019 28
631 630 -8
631 629 19
132 133 -19
132 902 19
929 956 -8
929 930 -19
538 537 -13
371 1150 28
1150 760 -19
407 8 -19
407 801 -28
407 379 28
8 770 28
379 773 -13
379 380 28
83 84 28
492 494 -28
683 681 -8
683 1069 19
681 267 -28
681 680 -13
1069 1070 13
28 1 -28
28 55 -19
28 29 8
797 403 13
401 429 -13
401 402 8
401 2 13
401 373 -8
58 59 -13
58 827 13
957 956 -8
957 184 28
184 185 -19
921 532 13
921 893 -8
921 154 -28
921 922 -28
532 531 -28
532 530 -19
532 534 13
154 153 -28
154 152 -13
922 920 13
922 924 -28
224 197 -28
224 999 -13
224 225 -28
658 630 8
658 1048 -13
630 221 -13
1048 273 -28
225 996 -8
225 223 -13
998 609 -28
998 970 28
998 999 13
1096 319 28
1096 1098 19
319 346 8
319 292 28
375 376 -19
375 403 28
375 769 8
376 378 13
376 374 -19
403 431 13
403 4 8
769 768 -13
769 771 13
769 767 -28
769 3 -28
1003 228 28
12 774 -8
383 777 28
483 455 -8
460 458 13
460 55 -8
460 459 28
458 457 -8
55 823 -13
55 56 -19
459 57 -19
459 431 -8
423 451 -13
50 454 8
50 51 28
819 52 13
689 273 28
689 687 -19
273 274 -19
687 1073 -13
593 592 13
531 503 -28
531 924 19
951 178 28
951 953 -13
561 533 -13
561 953 13
153 924 -28
153 126 13
153 178 13
1056 280 -8
1019 992 -13
992 603 -13
992 993 -19
992 221 -19
924 926 -8
924 923 -13
126 534 -28
126 896 -8
178 589 -13
178 179 -13
292 1068 19
292 709 13
292 267 -13
1092 702 13
1092 1094 19
899 900 28
899 133 8
1104 714 28
1104 326 -8
1101 327 -13
1101 1073 -28
653 240 -13
653 1040 19
241 242 -28
241 1016 -28
382 380 -8
382 772 -19
1067 294 -13
1067 1040 -8
1067 1068 -19
294 293 -8
1040 1013 13
1068 1070 19
587 176 -19
587 585 8
587 589 19
60 829 13
429 29 -28
429 823 13
429 457 28
29 792 28
823 825 28
823 821 -19
457 851 8
457 56 -19
714 300 13
300 1073 28
557 152 -8
530 919 8
530 528 -8
530 122 28
592 185 -19
1 2 13
1 767 -28
758 730 13
758 343 19
340 1118 28
340 367 -8
340 341 28
757 756 8
757 1143 28
757 338 -19
326 327 -28
996 607 8
996 997 -8
100 503 28
100 102 28
537 509 -13
537 930 13
537 133 19
772 773 13
327 329 8
820 792 13
820 821 8
820 56 -13
82 84 -19
829 827 8
827 825 19
451 51 -28
451 479 19
451 452 -28
51 49 19
479 873 13
452 842 -8
452 454 -28
5 771 -13
180 155 19
180 953 28
180 181 19
128 155 28
128 129 -8
128 898 -8
128 101 -19
534 533 -13
534 923 -28
994 223 -13
994 966 -28
994 995 13
223 221 -28
966 196 -28
995 993 -13
995 997 13
293 1070 19
129 533 -13
129 895 13
897 508 -13
897 870 -28
897 898 -13
295 269 -28
177 176 13
177 175 13
177 179 28
585 974 8
585 583 -28
604 196 19
604 576 -19
604 997 -8
545 140 28
195 196 -13
195 969 -28
195 607 19
997 999 -28
972 973 -8
972 202 -8
972 583 28
972 945 -13
270 269 19
270 272 13
269 243 13
243 1018 -13
49 449 19
367 368 -13
756 341 -28
1144 754 -28
1144 365 -19
1144 1143 13
276 274 -13
603 191 -13
191 192 13
191 965 28
152 150 -28
152 919 8
641 228 13
378 768 -13
378 380 -28
771 770 13
771 773 -13
57 59 -19
57 56 -8
431 825 8
368 1143 8
368 366 -19
3 4 8
525 553 19
553 580 -28
553 554 -13
4 2 -28
533 926 -8
533 505 -8
1018 1017 8
1018 1016 -13
155 926 13
609 607 28
609 197 13
607 606 -13
197 198 -8
197 971 13
990 1017 8
1017 629 -19
730 702 -19
730 1120 8
343 345 13
343 341 19
503 896 19
760 345 -13
1016 1014 -8
1016 624 -8
1016 1015 13
678 706 8
580 973 28
973 971 8
179 181 8
600 192 -13
600 993 -19
629 627 -8
200 202 -19
200 198 -8
200 970 -8
198 196 -28
198 606 13
970 971 -19
970 943 -19
103 104 28
103 873 8
900 898 8
900 902 13
509 902 13
509 106 8
1141 366 28
366 365 -28
366 364 -19
898 896 28
898 505 8
606 999 -28
1070 680 13
734 735 19
734 706 -28
735 733 -8
735 1121 28
272 274 -8
402 792 -19
792 764 -8
365 338 28
338 1116 28
770 380 8
770 798 8
550 552 -19
552 554 -19
552 551 -19
240 1014 28
240 213 28
240 267 -13
527 920 13
527 528 -19
920 919 19
920 149 -8
528 917 28
969 576 8
969 971 13
508 506 8
508 101 8
506 895 28
506 505 -13
101 102 -13
1014 1013 13
1013 242 -8
1013 986 28
1013 625 -19
945 917 8
945 175 13
554 943 -8
674 702 -28
150 149 13
150 917 8
149 122 13
917 889 -19
923 895 -28
374 764 -13
374 373 -13
505 102 19
1137 362 -13
362 364 -13
582 175 8
582 583 8
1118 1116 -28
1118 1120 -13
1120 1122 -28
895 896 -19
122 892 8
764 765 -13
764 2 -19
765 767 -19
842 870 28
454 456 13
874 875 13
373 767 8
1121 1122 -8
870 104 19
104 106 -19
104 102 28
521 914 -8
551 146 13
914 916 -28
624 625 28
889 500 19
873 875 -28
986 597 8
625 627 -28
625 213 -28
1015 627 -13
915 943 -19
915 916 -19
399 427 -19
427 428 -19
427 455 -28
598 599 19
140 142 -28
456 455 -8
456 52 -8
599 597 13
