1112 1111 8
1112 334 -28
1112 1110 13
1112 1114 -13
1112 722 -19
1111 337 19
1111 1083 -19
1111 1139 -19
1111 725 -8
334 753 8
334 361 19
334 307 13
334 335 -13
1110 1108 8
1110 332 -28
1110 720 -19
1110 1109 -19
1114 336 -13
1114 724 -13
1114 1116 -19
1114 1113 19
722 694 13
722 723 -8
722 308 -8
722 750 8
147 918 -19
147 172 -28
147 556 8
147 148 28
147 120 19
918 525 -13
918 917 -28
918 920 28
918 916 13
172 199 -19
172 173 -19
172 583 -19
172 946 28
556 558 -19
556 555 8
556 945 13
556 554 8
148 150 28
148 553 28
148 146 19
148 915 -28
120 121 19
120 528 -28
120 890 19
120 93 -8
665 251 8
665 663 -13
665 664 -8
665 667 -13
665 1051 -13
251 252 13
251 224 19
251 1026 28
251 277 -28
663 661 8
663 662 -13
663 249 -8
663 1049 28
664 636 28
664 692 -13
664 1054 -13
664 254 -19
667 253 -8
667 669 8
667 1053 -13
667 666 8
1051 279 -8
1051 1025 -13
1051 1079 8
1051 1052 -8
391 392 8
391 419 28
391 785 -28
392 782 -8
392 390 28
392 394 19
419 20 -13
419 813 13
419 447 8
419 420 28
785 783 19
785 19 -13
785 787 -19
785 784 -28
473 445 -19
473 867 28
473 474 8
473 501 -28
473 71 28
445 839 28
445 417 -19
445 446 28
445 45 -28
867 97 -28
867 869 28
867 865 -8
867 866 13
474 476 13
474 864 -19
474 472 -8
474 68 -8
501 502 19
501 894 13
501 529 28
501 98 13
71 73 -8
71 69 -19
71 836 -19
71 70 8
936 543 -19
936 934 13
936 935 -28
936 938 -8
543 570 13
543 515 19
543 544 -28
543 138 -28
934 162 -28
934 933 28
934 932 -19
934 541 19
935 166 -8
935 546 -8
935 907 -28
935 962 19
938 937 8
938 165 -8
938 940 -19
938 545 8
161 134 19
161 569 -19
161 932 -8
161 186 -28
134 904 28
134 107 19
134 542 -8
569 568 8
569 958 8
569 571 19
932 931 -19
186 213 19
186 597 -28
186 959 13
476 70 -13
476 866 28
476 475 28
476 478 19
70 839 -19
70 44 -13
866 838 -13
866 893 8
866 100 28
475 73 -19
475 869 8
475 447 19
475 503 28
478 868 -28
478 477 8
478 72 -13
478 480 8
439 39 13
439 833 -8
439 467 19
439 440 8
439 411 -19
39 38 19
39 37 -28
39 41 -8
39 802 19
833 835 -28
833 64 19
833 832 8
833 831 -28
467 495 13
467 861 13
467 468 28
467 65 -8
440 438 -19
440 830 -8
440 36 13
440 442 -28
411 412 -8
411 12 8
411 383 -8
411 805 28
880 878 -13
880 110 19
880 879 -8
880 882 13
880 487 8
878 877 13
878 485 8
878 108 -8
110 137 -19
110 83 -19
110 111 -13
110 518 -8
879 852 28
879 490 19
879 907 -19
879 113 -8
882 489 13
882 112 19
882 881 -8
882 884 -13
487 488 28
487 459 -8
487 515 -19
487 84 13
193 605 -8
193 220 8
193 194 -19
193 967 28
193 167 -28
605 994 19
605 603 -19
605 604 -8
605 607 -19
220 633 -28
220 247 -13
220 995 -19
220 221 13
194 602 -8
194 196 -8
194 192 -28
194 964 8
967 574 -8
967 969 -28
967 965 28
967 966 -8
167 577 -28
167 141 -13
167 940 -13
705 1091 13
705 707 -28
705 704 -8
705 703 19
705 288 -13
1091 318 -28
1091 1063 -28
1091 1092 19
1091 1119 -8
707 290 -13
707 1093 28
707 706 -28
704 291 19
704 676 -19
704 732 28
704 1094 13
703 1089 -8
703 701 19
703 286 19
703 702 28
288 289 28
288 315 -8
288 263 -13
288 1064 28
539 566 -13
539 511 28
539 540 -28
566 594 8
566 567 28
511 512 -13
511 483 -13
540 132 13
540 929 -8
540 538 19
289 291 19
289 287 -8
289 702 -19
289 1061 -8
315 342 19
315 316 -19
315 733 -28
315 1092 19
263 1038 19
263 236 19
263 264 28
263 677 8
1064 1063 -13
1064 1066 19
1064 1062 8
1064 674 -28
38 805 -19
38 11 28
38 442 -19
38 64 8
805 804 -19
805 807 8
805 803 -28
11 12 8
11 777 -28
11 414 19
442 444 -13
442 832 28
442 441 28
64 91 13
64 65 -19
64 470 13
20 18 19
20 782 28
20 22 28
20 19 8
18 16 19
18 417 -28
18 780 -19
18 17 19
782 810 19
782 783 28
22 421 8
22 21 13
22 784 -19
22 24 8
19 422 19
19 46 28
291 290 13
291 1063 -19
290 1066 13
290 265 8
290 317 -8
1063 1037 -8
1063 677 8
257 1032 8
257 671 28
257 258 -19
257 230 28
257 282 19
1032 1034 13
1032 1030 28
1032 640 -13
1032 1031 8
671 673 -8
671 1057 -13
671 670 19
671 669 8
258 256 -19
258 668 28
258 260 -8
258 1029 8
230 1005 -28
230 643 8
230 231 -13
230 203 13
282 283 -13
282 1058 19
282 309 19
282 699 8
524 526 -13
524 523 8
524 522 8
524 116 -19
524 913 28
526 118 -8
526 525 28
526 528 -19
526 915 28
523 119 -19
523 495 -28
523 551 -28
523 916 28
522 911 -28
522 520 28
522 114 -8
522 521 13
116 886 13
116 89 19
116 143 19
116 117 13
913 914 13
913 941 8
913 885 -19
913 146 -19
886 884 -13
886 888 -19
886 885 13
886 493 13
89 90 -8
89 62 28
89 859 -8
89 496 19
143 552 -28
143 914 13
143 144 28
143 168 28
117 119 -28
117 115 -19
117 521 8
117 883 -13
810 420 -28
810 838 13
810 811 19
810 47 28
420 422 19
420 418 8
420 17 -19
838 839 -8
838 73 -13
838 448 -19
811 44 -8
811 809 -19
811 417 -8
811 813 13
47 45 -13
47 447 -13
47 46 -8
47 49 -19
1035 1061 -28
1035 1036 13
1035 1008 28
1035 264 13
1035 647 19
1061 1089 -13
1061 1062 13
1061 675 28
1036 1034 -8
1036 644 28
1036 1038 -13
1036 261 28
1008 619 -13
1008 1009 28
1008 980 -19
1008 237 19
264 262 19
264 674 8
264 266 13
647 645 8
647 234 13
647 646 19
647 649 13
489 86 -13
489 517 28
489 490 -13
489 461 -8
86 852 -8
86 85 -13
86 88 8
86 84 13
517 545 19
517 518 8
517 910 -13
517 113 -8
490 488 8
490 83 19
490 492 -19
461 462 28
461 59 -28
461 433 28
461 855 19
623 621 -8
623 622 13
623 211 8
623 1011 8
621 619 -13
621 209 28
621 620 13
622 594 19
622 650 -28
211 238 8
211 212 -28
211 985 -28
211 184 -13
1011 1012 28
1011 984 28
753 752 13
753 1139 -13
753 751 8
753 755 13
752 337 -8
752 724 -8
752 1142 -28
1139 1140 -8
1139 364 -19
751 750 -8
751 1137 -28
751 749 19
751 332 -19
755 336 19
755 754 -8
755 1141 -13
755 757 -13
119 118 28
119 885 -28
119 121 28
118 91 -28
118 145 -28
118 888 8
885 858 -19
885 496 13
121 525 13
121 887 -13
121 123 -8
361 1140 28
361 362 13
307 308 -28
307 1084 -28
307 280 19
307 725 19
335 337 8
335 750 -8
335 333 28
335 1109 13
337 336 -13
337 339 28
336 363 -8
336 309 -8
339 754 -19
339 338 13
339 1113 28
339 341 -19
794 31 -19
794 795 -19
794 822 19
794 404 -28
794 766 13
31 33 -8
31 431 -8
31 30 -28
31 29 8
795 28 8
795 793 28
795 797 -19
795 401 -19
822 850 8
822 432 8
822 57 28
822 823 19
404 406 -19
404 402 -8
404 403 8
404 1 13
766 376 8
766 767 28
766 4 8
1128 349 8
1128 1127 13
1128 1130 19
1128 738 13
1128 1126 -19
349 322 28
349 350 13
1127 352 8
1127 1099 -28
1127 741 19
1130 351 -13
1130 1132 -19
1130 1129 -19
1130 740 8
738 710 -28
738 739 13
738 323 -28
1126 736 8
1126 347 -28
1126 1125 -13
1126 1124 28
67 65 8
67 69 -19
67 469 -13
67 66 8
67 832 -13
65 63 28
65 830 13
69 68 -28
69 471 -13
69 834 -8
469 470 28
469 441 -28
469 863 19
469 497 28
66 472 28
66 835 -19
66 40 28
66 93 8
832 804 -19
832 860 -13
858 92 13
858 830 -19
858 859 -13
858 468 -13
92 495 8
92 91 13
92 94 -28
92 90 -8
830 802 19
830 831 28
859 465 8
859 857 19
859 861 8
468 62 28
468 466 -13
468 470 -19
573 571 28
573 575 -28
573 962 -19
573 572 28
571 162 -13
571 570 -8
571 960 -28
575 574 -13
575 577 -8
575 964 19
575 165 -19
962 990 19
962 963 19
962 192 -8
572 166 19
572 545 -19
572 965 28
572 600 13
673 1059 -8
673 675 8
673 259 13
673 672 19
1057 285 -28
1057 1031 19
1057 1085 13
1057 1058 28
670 642 -8
670 698 28
670 1060 8
670 260 -19
669 255 -13
669 1055 28
669 668 28
397 425 -8
397 791 -8
397 398 8
425 453 -8
425 426 -19
425 26 -8
425 819 -8
791 789 -8
791 25 -13
791 790 13
398 396 -19
398 788 -28
398 400 28
839 841 -8
839 837 13
841 447 -19
841 72 13
841 843 -19
841 840 13
837 835 19
837 68 28
837 836 8
837 443 19
1083 310 -19
1083 1084 8
1083 1055 -8
1083 697 19
310 312 19
310 308 -28
310 724 13
310 309 28
1084 694 -19
1084 1082 19
1084 1086 8
1055 283 -8
1055 1056 -13
1055 1029 28
697 695 -13
697 280 28
697 699 -13
697 696 28
166 164 -8
166 165 -8
164 933 -13
164 163 13
164 570 13
165 191 -19
165 139 -8
636 227 28
636 1028 8
636 637 -13
636 608 -19
227 226 -28
227 229 28
227 225 -19
227 998 -8
1028 253 -13
1028 1026 -28
1028 1030 -28
1028 1027 -19
637 639 8
637 1025 28
637 635 8
637 224 8
608 609 28
608 580 -19
608 200 -28
608 1001 -8
574 547 -28
574 602 13
577 579 13
577 966 -8
577 576 8
964 937 8
964 992 19
964 965 -13
942 941 -13
942 549 -8
942 940 -13
942 944 28
942 168 -28
941 171 19
941 552 28
941 968 -13
549 550 -8
549 144 13
549 521 -13
549 576 -28
940 547 -8
940 939 -28
944 551 -13
944 946 13
944 170 -28
944 943 8
168 579 19
168 195 13
168 169 13
905 933 -8
905 516 19
905 877 28
905 138 19
905 906 8
933 544 28
933 960 -8
516 514 -19
516 108 -19
516 515 -8
516 518 28
877 488 28
877 111 19
877 850 -28
138 137 13
138 136 13
138 140 -13
906 513 19
906 908 -28
906 904 -28
906 135 19
226 1001 -13
226 199 8
226 639 -19
226 253 8
1001 1000 -8
1001 1003 13
1001 999 -28
199 200 -13
199 611 13
199 973 8
639 638 -19
639 1027 -8
639 641 28
253 278 -28
253 254 28
482 872 -19
482 480 13
482 76 28
482 484 -13
482 481 -8
872 899 13
872 873 8
872 106 -28
872 844 -8
480 870 -13
480 74 28
480 479 13
76 50 19
76 103 13
76 77 -8
76 845 -19
484 78 -13
484 483 19
484 874 -19
481 453 -13
481 509 -8
481 79 28
481 875 8
417 418 8
417 389 -28
446 444 19
446 836 -8
446 448 28
446 42 13
45 44 -13
45 43 -28
45 808 -8
884 114 -28
884 883 8
884 491 19
888 495 -13
888 890 -28
888 887 -13
493 465 8
493 90 28
493 521 19
493 494 -28
1004 1031 8
1004 615 8
1004 1005 19
1004 233 -13
1004 976 28
1031 260 28
1031 643 8
615 613 -28
615 614 -13
615 617 -8
615 203 -28
1005 612 -8
1005 1007 -19
1005 1003 -28
233 642 -19
233 232 -13
233 235 -8
233 231 -13
976 977 -8
976 206 -8
976 949 13
976 587 -19
721 720 -28
721 1107 -13
721 723 -28
721 303 8
721 719 -8
720 306 -19
720 692 28
720 748 -19
1107 1108 13
1107 1135 -19
1107 1079 8
1107 333 -28
723 1109 -8
723 305 -19
723 725 -28
303 330 -8
303 1080 -13
303 304 13
303 277 -19
719 1105 13
719 717 13
719 301 -19
719 718 28
44 448 -28
44 17 28
448 447 28
448 450 8
17 783 -13
989 596 28
989 987 13
989 991 8
989 988 8
989 214 -8
596 568 28
596 624 13
596 597 -19
596 188 28
987 213 8
987 986 28
991 990 13
991 598 -28
991 993 -13
991 216 -28
988 217 -13
988 599 -19
988 1015 -28
988 960 28
214 241 19
214 627 -28
214 187 8
214 215 -19
306 305 8
306 308 8
306 304 -13
306 1079 19
305 278 28
305 1082 8
305 332 28
308 1081 8
304 718 -13
304 1077 -19
304 302 -13
1079 1080 -13
1079 693 -19
816 426 8
816 817 8
816 53 28
816 788 -8
816 844 13
426 424 -13
426 428 8
426 23 -8
817 815 -28
817 423 28
817 50 -19
817 819 13
53 453 19
53 52 -19
53 51 -13
788 789 8
788 26 28
844 845 -19
844 79 -13
844 454 19
495 496 -28
496 494 8
496 498 -8
279 692 -28
279 278 -28
279 281 13
1025 998 -8
1025 254 28
1025 1026 -28
1052 662 19
1052 1050 -28
1052 1054 -28
1052 277 19
125 529 13
125 124 13
125 127 19
125 123 -28
125 891 -19
529 922 -19
529 557 -8
529 530 19
124 97 -28
124 532 13
124 894 8
124 151 19
127 531 8
127 893 28
127 129 13
127 126 19
123 527 -13
123 889 -28
123 122 8
891 864 19
891 892 -13
891 502 -13
891 919 19
594 595 -13
595 593 -8
595 984 13
595 184 13
352 350 -19
352 351 -28
352 354 8
350 1125 -8
350 348 13
351 324 -19
354 1129 19
354 356 -28
354 353 -28
91 498 13
91 861 -19
498 497 -13
498 887 -13
498 500 28
861 863 13
861 860 -19
1134 1133 13
1134 1136 28
1134 1132 8
1134 744 8
1134 355 28
1133 358 -8
1133 1105 -8
1133 747 -19
1136 1135 13
1136 357 8
1136 1138 -19
1136 746 19
1132 1131 13
1132 742 13
1132 353 -8
744 716 -8
744 329 13
744 745 19
355 356 -8
355 328 -28
73 72 -8
73 75 -19
72 46 19
72 99 -19
75 77 -13
75 74 8
75 840 -8
75 477 19
864 836 -8
864 865 -28
864 98 -13
836 808 8
865 863 -28
865 471 28
865 95 -13
98 97 19
98 96 -28
98 100 19
579 581 13
579 968 -8
579 578 8
581 580 13
581 970 -8
581 170 19
581 583 -19
968 996 13
968 969 -19
968 198 -28
578 171 8
578 606 19
578 551 13
578 971 19
570 963 19
570 598 28
515 908 8
515 111 -28
544 546 -8
544 542 13
544 135 28
736 737 8
736 708 19
736 321 28
737 1123 19
737 739 8
737 319 8
708 1098 19
708 294 8
708 680 8
708 709 -19
321 1095 28
321 323 28
321 320 19
1099 1071 19
1099 325 -28
1099 713 -13
1099 1100 13
1071 298 8
1071 1072 19
1071 685 13
1071 1044 28
325 324 -8
325 327 13
325 323 8
325 740 -13
713 712 8
713 711 -8
713 295 8
713 715 -19
1100 710 13
1100 1102 -28
1100 1098 -19
1100 322 8
1089 316 -19
1089 1117 -19
1089 1090 28
316 318 -19
316 314 -13
316 730 13
1117 1145 -19
1117 1118 -13
1117 343 -19
1117 731 -8
1090 1088 13
1090 700 19
1090 1092 -19
1090 313 -13
171 169 -13
171 173 28
171 170 19
169 939 -28
169 576 13
173 580 -19
173 943 13
173 175 13
170 145 -8
170 197 8
642 1034 -19
642 643 -8
642 614 28
1034 259 28
1034 1033 -19
643 645 -8
643 641 -8
614 586 -28
614 206 -8
614 1007 -28
137 908 19
137 546 19
908 907 8
908 910 8
546 545 13
546 548 13
948 555 8
948 950 -13
948 947 -28
948 174 -19
948 946 -13
555 527 -19
555 150 -13
555 582 -28
950 176 8
950 557 19
950 949 -13
950 951 -13
947 177 -8
947 558 13
947 919 8
947 974 -28
174 585 28
174 149 19
174 201 13
174 175 -13
946 945 19
946 553 -13
645 1033 13
645 232 -28
645 644 13
1033 1006 -19
1033 262 28
1033 1059 -8
232 259 -28
232 1007 28
232 205 19
644 235 13
644 672 -28
644 616 -8
911 883 -19
911 912 -13
911 939 -8
911 144 -8
883 494 -8
883 856 -19
912 910 13
912 519 8
912 914 -19
912 141 8
939 550 8
939 966 -8
144 146 8
144 142 -19
259 284 13
259 260 8
1007 1006 -28
1007 1009 28
205 206 28
205 979 19
205 178 19
205 617 -28
654 626 -8
654 682 -13
654 244 8
654 1045 -13
654 655 -8
626 217 -28
626 1018 28
626 627 13
626 598 -28
682 710 28
682 683 28
682 1072 -19
682 270 8
244 243 -8
244 246 28
244 242 28
244 1015 28
1045 1043 8
1045 1044 8
1045 1046 8
655 653 19
655 657 -28
655 1042 13
655 241 -8
463 61 -28
463 857 -8
463 464 -28
463 435 19
463 491 -19
61 63 19
61 59 28
61 826 8
61 60 -13
857 87 13
857 855 19
857 856 13
464 466 -13
464 854 -13
464 462 28
464 58 19
435 436 -13
435 407 -13
435 829 13
435 35 8
491 492 -13
491 519 28
491 88 28
727 729 19
727 725 -28
727 1113 13
727 726 -8
727 309 -13
729 311 19
729 1115 -28
729 731 28
729 728 19
725 724 8
1113 1141 8
1113 1085 19
726 312 -19
726 698 19
726 754 28
726 1116 8
309 1086 13
217 215 -28
217 219 13
217 216 -28
215 986 28
215 624 13
219 990 13
219 628 8
219 218 -13
219 221 19
216 189 28
216 243 -13
216 629 -8
692 1082 -8
692 693 -8
1082 1081 19
1082 1080 13
693 695 -28
693 691 28
693 277 28
312 314 -28
312 311 -13
312 1085 28
314 313 19
314 1087 -13
314 728 -19
311 284 -13
311 1088 13
1085 699 -8
1085 1086 13
465 466 -28
465 63 8
465 437 19
466 60 19
466 856 -19
63 62 -28
63 828 8
437 438 -13
437 37 -19
437 409 -13
437 831 -13
410 408 -28
410 800 8
410 412 -13
410 7 19
410 409 8
408 407 -8
408 406 -19
408 798 -13
408 5 28
800 37 -13
800 772 -28
800 828 19
800 801 28
412 414 19
412 802 8
412 9 19
7 34 -19
7 8 28
7 773 -19
409 381 -13
409 10 -8
409 803 -13
278 695 13
278 1054 13
695 694 8
695 1081 8
1054 1056 8
1054 1053 -13
502 504 -13
502 500 28
502 95 19
894 893 28
894 896 -13
894 892 19
694 666 -8
694 281 13
666 638 28
666 256 8
666 1056 -19
281 283 -28
281 1053 13
281 280 -28
285 698 -19
285 284 13
285 287 19
285 283 -13
1058 1060 28
1058 1056 -19
1058 668 -19
358 356 -19
358 357 13
358 360 28
356 1131 8
357 330 8
360 359 -13
360 1135 -28
360 362 28
97 504 13
504 893 13
504 506 -19
504 503 13
513 541 13
513 109 -8
513 514 -19
513 485 -13
541 568 8
541 136 -28
541 542 -13
109 876 -13
109 111 28
109 108 -19
514 107 -28
514 903 -28
485 486 -13
485 457 -13
485 82 -13
613 201 -13
613 1002 19
613 611 -8
613 612 28
201 228 -19
201 202 13
201 975 19
1002 1029 -19
1002 974 -8
1002 1003 8
1002 231 -19
611 1000 -8
611 609 -13
611 610 19
612 584 -8
612 204 -8
612 640 28
1043 268 -8
1043 652 -8
1043 1041 -13
1043 1042 8
268 683 -13
268 293 13
268 241 28
652 653 -19
652 242 13
652 624 13
652 680 -8
1041 267 -8
1041 1040 19
1042 270 19
1042 1069 -28
1042 1015 28
743 741 -28
743 742 -19
743 324 -19
743 745 28
743 1129 19
741 739 13
741 322 13
741 740 -13
742 714 -13
742 327 -8
324 297 19
324 1102 -28
745 326 19
745 1131 19
745 747 28
1129 1101 8
1140 1142 -28
1140 1138 28
1140 750 -8
1142 1141 8
1142 363 -8
1142 1144 -13
1138 359 8
1138 1137 -13
1138 748 -8
297 715 -13
297 298 -13
297 271 -8
297 1074 19
1102 712 19
1102 1104 -28
1102 1101 -19
567 565 -28
567 956 -13
567 159 -8
1105 1077 19
1105 331 -8
1105 1106 28
1077 691 13
1077 1078 28
1077 1049 13
331 330 8
331 333 -8
331 746 -28
331 329 19
1106 1108 -19
1106 1104 19
1106 716 -28
1106 328 28
648 239 8
648 649 28
648 620 -19
648 1039 8
648 676 19
239 238 13
239 237 28
649 651 -19
649 236 -13
649 1037 8
620 212 -28
620 1012 -8
620 592 -8
1039 265 -13
1039 1038 19
676 1066 -28
676 266 28
676 677 8
1108 718 -19
1108 330 -28
718 690 28
718 746 -8
330 749 -13
661 660 13
661 1047 13
661 659 13
661 247 -8
660 250 -28
660 688 19
660 1050 -19
660 632 -28
1047 1048 -19
1047 1021 28
1047 1075 -19
1047 276 19
659 245 19
659 658 -13
659 657 -28
247 1022 19
247 273 -13
247 248 -8
238 265 28
238 1012 8
238 651 -8
265 679 -28
265 266 -19
1012 1010 13
651 650 -28
907 140 8
907 518 8
910 139 -28
910 909 -19
470 472 19
470 860 -19
441 835 28
441 413 -8
441 41 13
863 93 13
863 862 19
497 94 -13
497 525 28
497 890 -8
472 862 -28
472 471 -28
862 96 13
862 834 -19
862 889 -13
471 443 8
471 499 -19
931 542 19
931 958 -13
931 163 -8
931 903 8
958 986 -28
958 959 -28
958 188 8
163 568 13
163 162 28
903 904 -28
903 136 -8
903 876 -8
698 1088 13
698 699 19
1088 1087 -19
1088 1086 13
699 701 13
189 963 -13
189 190 8
189 601 -19
963 961 8
963 965 28
190 598 8
190 192 -19
190 188 -13
190 960 19
601 603 19
601 990 13
601 599 13
601 600 -19
318 317 -8
318 732 8
317 735 -28
317 344 8
317 1094 -13
732 760 -28
732 1122 -19
732 733 -19
416 13 -19
416 414 -28
416 806 8
416 418 13
416 415 28
13 40 8
13 779 -8
13 14 -8
414 804 8
414 413 -19
806 43 -28
806 778 19
806 834 -28
806 807 -8
418 808 -19
418 15 28
415 16 13
415 387 8
415 809 8
415 443 -8
701 700 28
701 284 -28
701 1087 19
700 287 8
700 728 -13
700 672 28
284 1060 -13
1087 1059 -28
1087 1115 -8
535 928 -28
535 536 28
535 563 -13
535 131 -8
535 507 -8
928 157 -13
928 927 19
928 926 8
928 930 -28
536 925 -28
536 128 -19
536 538 -28
536 534 19
563 158 28
563 590 28
563 955 -28
131 129 13
131 897 13
131 130 -28
131 133 -19
507 900 28
507 508 -13
507 104 -28
507 479 13
1060 1059 -13
1060 1062 8
710 711 13
710 296 -19
711 293 -8
711 1097 13
711 709 -19
296 1069 -28
296 298 -8
296 295 -19
296 294 28
783 781 13
783 389 13
16 15 -13
16 14 -19
16 778 -28
15 781 28
15 42 28
14 413 19
14 12 -28
14 776 28
778 388 19
778 779 19
1037 1038 19
1037 266 13
677 679 28
677 675 -28
287 1059 19
287 286 -13
286 261 -28
286 1062 -28
286 313 -28
520 112 -28
520 518 -13
520 519 8
520 909 28
112 85 28
112 113 -13
112 139 -13
519 115 -19
519 547 13
909 937 13
909 142 -13
909 881 -8
85 492 19
85 855 13
85 58 13
113 115 28
113 111 19
139 140 -28
139 548 -8
787 393 -19
787 789 -13
787 21 -8
787 786 28
784 812 8
784 394 -19
1066 1065 8
1065 1093 28
1065 679 -28
619 207 19
619 618 8
619 617 -28
207 981 28
207 234 13
207 208 8
207 180 28
618 590 28
618 210 28
618 1010 -13
618 646 -19
617 1006 -8
617 616 -28
94 93 8
94 96 13
94 860 13
93 500 19
96 499 28
96 95 -13
860 887 28
749 747 -8
749 1135 -19
749 748 13
114 141 -13
114 87 -19
114 115 -8
141 550 -19
141 142 8
87 494 19
87 88 -19
87 60 -13
115 881 -13
62 831 13
62 36 -8
828 438 -28
828 829 28
828 856 8
158 156 -19
158 160 19
158 157 19
158 925 13
156 561 -13
156 155 13
156 154 19
156 923 13
160 927 19
160 564 -8
160 159 8
157 565 -8
157 182 19
157 130 28
925 926 8
925 897 -8
1053 1027 13
1053 1081 -19
393 394 8
393 421 8
394 396 13
421 422 -13
421 815 -13
421 449 28
835 834 -19
834 444 19
1123 1095 -28
1123 348 28
1123 1124 -13
1095 1096 -13
1095 1067 -19
1095 709 -19
348 347 8
1124 346 8
568 961 -13
961 959 -13
961 187 8
961 960 -8
162 135 -13
162 187 -8
135 136 28
135 108 -13
187 599 -13
187 188 19
868 869 -28
868 840 -19
868 895 -19
868 102 28
477 449 -13
477 505 13
477 871 -13
937 548 19
548 550 19
548 547 28
881 492 -19
881 854 13
717 1103 -13
717 299 -8
717 716 -28
717 715 -28
1103 1131 8
1103 1104 -13
1103 329 -19
1103 1075 -8
299 1076 -19
299 326 -19
299 300 8
299 273 8
716 302 28
716 688 -28
715 714 8
715 1101 -8
422 812 -8
422 424 -19
812 840 28
812 49 28
812 813 28
424 21 -13
424 814 -8
424 423 -8
46 813 19
46 450 -13
789 23 -13
789 395 19
23 50 13
23 24 8
395 396 -19
395 423 -19
40 807 13
40 444 -8
40 41 8
807 413 19
807 809 19
444 443 -13
41 43 28
41 804 19
981 979 19
981 588 -13
981 983 28
981 980 13
979 977 -19
979 586 -28
979 978 -8
588 616 19
588 561 -8
588 589 8
588 181 -28
983 590 -8
983 985 8
983 982 19
983 209 -8
980 210 28
980 952 13
980 591 28
21 48 -19
24 786 -13
24 26 8
24 423 -8
650 678 -13
145 554 -28
145 146 -28
145 916 -28
301 328 8
301 302 28
301 275 -19
301 1078 -13
328 329 -13
328 747 28
302 1075 -19
302 300 13
275 249 -28
275 691 -28
275 1050 8
275 276 19
1078 1076 28
1078 688 -28
1078 1080 -19
250 249 28
250 252 -19
250 248 19
250 1021 19
249 1024 -28
249 222 -8
252 662 28
252 1023 19
252 254 8
248 658 13
248 1019 28
248 246 28
1021 633 -8
1021 994 13
1021 1022 19
25 52 -13
25 26 28
25 428 -19
790 818 -13
790 400 -28
1026 1024 -13
1026 634 -13
1030 638 -19
1030 1029 -19
1030 255 19
1027 256 28
1027 1000 -19
363 364 28
1145 370 -28
1145 1146 -19
1145 759 28
370 369 -28
370 368 8
370 372 28
1146 367 -28
1146 756 -13
1146 1148 -28
1146 1144 13
759 758 -13
759 761 8
759 340 -19
759 757 8
590 183 13
590 591 -13
183 952 -13
183 182 13
183 181 -19
183 185 -28
591 180 -13
591 593 19
591 589 -8
68 95 8
68 42 -13
347 320 8
320 1098 13
320 739 -28
320 293 -19
740 712 13
675 674 -13
675 261 13
672 262 28
672 1062 13
843 74 13
843 449 19
843 842 -28
843 845 -19
840 450 -28
390 389 -28
390 388 13
390 780 8
388 386 13
388 387 -19
780 781 -13
780 808 28
547 142 -13
602 603 8
602 630 13
602 995 -19
638 229 -8
638 610 -13
229 1000 8
229 228 13
229 231 -8
610 582 28
610 202 -28
610 1003 -8
1076 686 8
1076 1075 -8
1076 1074 19
686 658 -8
686 714 -19
686 274 -8
686 687 19
1075 689 8
1074 1073 -28
1074 1072 13
1074 684 13
890 889 19
890 892 -8
887 915 -13
210 209 -13
210 208 13
210 212 -13
209 236 -28
209 182 19
208 206 -13
208 616 13
208 978 -19
212 982 -19
1006 978 -8
1006 235 13
978 589 28
235 234 -28
235 237 -28
438 436 -28
438 34 28
436 434 13
436 32 -28
436 826 -28
34 60 28
34 35 -13
34 801 -13
1109 1137 28
1109 1081 -28
332 359 13
332 333 28
37 35 13
37 36 -28
35 33 -8
35 798 -8
36 9 -19
36 803 -13
256 254 -8
256 255 -8
255 228 28
255 280 28
369 1148 28
369 342 28
1148 1147 13
1148 758 28
1148 1150 8
342 343 -28
342 1120 28
342 761 19
405 377 28
405 406 13
405 799 13
405 433 -13
405 6 -8
377 378 19
377 771 -13
406 3 28
406 796 -19
799 32 -8
799 801 -19
799 798 -19
799 797 8
433 434 -28
433 33 19
433 827 -13
6 8 13
6 5 -19
6 4 8
6 768 -13
488 81 -13
488 486 13
81 108 28
81 55 -28
81 82 -19
81 851 -19
486 876 13
486 80 28
353 326 -19
746 747 -13
77 79 28
77 479 13
77 842 -28
74 48 -19
74 101 -13
855 854 -28
855 853 -8
856 90 13
739 1125 13
323 322 8
323 1097 19
847 453 -8
847 78 13
847 846 -19
847 845 19
453 454 13
78 52 -19
78 105 -13
78 79 -19
846 456 28
846 874 28
846 818 -8
845 451 -8
396 786 28
786 814 19
616 1009 19
1080 690 28
234 261 -8
234 1009 8
261 262 -13
1009 1010 28
656 657 8
656 628 -19
656 246 -8
656 684 13
656 1046 19
657 243 -19
657 1044 -8
628 1020 -19
628 600 -13
628 629 -28
246 245 -28
246 1017 -28
684 712 -19
684 685 -8
684 272 13
1046 271 19
1046 1048 19
984 985 13
984 956 -28
443 43 -8
1115 1143 19
1115 1116 -8
1115 341 19
731 730 -28
731 313 -13
731 733 28
728 756 13
728 1118 -28
381 382 -28
381 775 -28
10 9 -19
10 8 -13
10 772 13
10 12 28
803 802 19
803 801 28
43 42 -13
42 809 -19
313 340 -8
802 774 28
9 775 13
775 773 -13
775 777 -28
775 774 -19
262 260 -8
815 814 19
815 48 8
815 813 19
814 51 28
814 842 -19
48 452 -28
48 49 19
512 105 -8
512 510 28
512 901 28
105 106 -28
105 132 -13
105 875 -8
510 508 -13
510 899 8
510 509 19
510 103 -8
901 929 -8
901 874 8
901 902 28
779 781 8
779 385 -13
779 777 -13
584 977 -13
584 177 28
584 585 13
584 557 -13
204 206 -8
204 202 13
204 974 -28
204 203 -8
640 641 -19
640 231 -13
640 668 -19
781 387 19
90 88 -13
88 854 13
586 559 8
586 179 19
586 587 8
560 558 -13
560 949 -8
560 559 28
560 151 -28
560 562 -19
558 557 28
558 149 8
949 921 -13
949 179 -8
559 531 13
559 951 8
559 154 19
151 176 13
151 922 -28
151 152 19
562 561 28
562 153 -13
333 748 8
688 689 -8
688 276 -19
1050 1049 13
1050 1048 -13
632 1024 -28
632 633 -8
632 223 8
632 604 -28
1086 696 28
662 690 28
662 634 28
690 691 13
634 635 -28
634 606 -8
634 225 13
499 527 -19
499 892 28
499 500 28
876 848 -8
848 849 -8
848 458 -8
848 820 19
848 82 -8
1010 236 28
808 809 -28
850 460 19
850 84 -8
850 851 28
977 203 13
977 975 28
203 176 28
975 973 -8
975 582 19
975 974 28
712 298 28
298 300 28
1093 1121 -8
1093 1094 8
679 678 8
646 674 28
646 1038 -19
646 237 8
27 793 -13
27 54 -13
27 430 19
27 0 -19
793 792 -13
54 80 -19
54 458 -28
54 821 -19
430 429 19
430 820 28
430 432 -13
0 402 13
0 765 -13
271 245 -13
271 272 -8
271 687 -19
95 122 28
955 957 -19
955 182 19
955 954 28
955 953 -8
1024 1023 -28
1024 1022 -19
1023 1049 -13
1023 996 -28
1023 635 -19
1022 1020 -19
1022 630 8
245 1020 13
245 218 -8
1020 1019 8
1020 1018 -13
218 631 -19
218 191 -19
218 993 13
869 871 -19
869 99 8
871 870 28
871 101 -13
871 873 -8
99 506 19
99 126 13
99 100 -19
831 829 -13
565 954 -13
565 564 19
954 927 13
954 982 8
954 185 -13
564 957 19
564 537 13
564 592 -19
182 593 -8
130 103 -19
130 900 13
130 538 19
927 538 13
927 899 -28
159 132 -28
159 184 -8
159 930 13
668 696 -19
1125 1097 19
1097 1098 -13
1097 1069 -19
386 385 -28
386 776 -28
386 384 13
385 413 8
776 804 -13
776 777 28
384 383 19
384 774 8
384 382 -13
1072 295 13
1072 1070 -19
685 683 28
685 269 -19
685 687 -8
1044 1017 13
1044 272 -19
952 953 13
434 30 -8
434 432 -8
434 824 28
30 3 -19
30 797 13
432 28 -13
432 431 28
824 852 -8
824 825 -19
824 59 -28
824 796 13
985 592 28
982 593 -19
283 696 19
696 724 19
33 796 13
33 32 13
796 768 19
796 797 8
32 5 -13
32 58 13
222 635 19
222 195 -19
222 997 -8
222 223 28
818 819 8
818 428 19
400 399 -8
826 854 19
826 827 -13
826 798 -8
763 761 -13
763 344 -28
763 1149 28
763 762 28
761 1147 19
761 760 8
344 371 8
344 345 13
344 1122 -28
1149 1150 -28
1149 1121 -8
762 734 -28
1000 972 19
1029 641 -13
1147 372 -19
1147 1119 -8
372 371 -8
1119 1120 -13
1119 345 28
1119 733 13
450 452 19
450 449 -13
322 295 -28
80 849 -28
80 107 8
849 851 -19
852 462 13
852 853 -28
462 460 -28
853 459 -19
853 83 8
853 851 -13
691 689 28
236 237 -28
633 635 -19
633 631 -13
631 1019 -28
631 630 28
631 629 8
132 133 19
132 902 -28
929 956 19
929 930 8
538 537 8
371 1150 13
1150 760 -19
407 8 -19
407 801 -8
407 379 19
8 770 -13
379 773 19
379 380 8
83 84 -8
492 494 -8
683 681 8
683 1069 -28
681 267 13
681 680 -19
1069 1070 -8
28 1 13
28 55 -19
28 29 28
797 403 -28
401 429 -8
401 402 13
401 2 28
401 373 13
58 59 28
58 827 8
957 956 28
957 184 -13
184 185 -19
921 532 8
921 893 -8
921 154 28
921 922 -28
532 531 13
532 530 -8
532 534 28
154 153 19
154 152 -28
922 920 28
922 924 -8
224 197 -13
224 999 19
224 225 19
658 630 28
658 1048 -19
630 221 -19
1048 273 -28
225 996 8
225 223 -13
998 609 8
998 970 8
998 999 28
1096 319 28
1096 1098 -19
319 346 -28
319 292 -28
375 376 -19
375 403 19
375 769 13
376 378 -19
376 374 8
403 431 -28
403 4 -19
769 768 13
769 771 -13
769 767 13
769 3 -28
1003 228 8
12 774 -28
383 777 28
483 455 8
460 458 28
460 55 -28
460 459 -8
458 457 -28
55 823 28
55 56 28
459 57 28
459 431 28
423 451 -19
50 454 28
50 51 -13
819 52 -8
689 273 8
689 687 28
273 274 19
687 1073 -19
593 592 -8
531 503 -19
531 924 13
951 178 -8
951 953 13
561 533 -28
561 953 8
153 924 -13
153 126 -28
153 178 28
1056 280 13
1019 992 8
992 603 -13
992 993 19
992 221 -28
924 926 -8
924 923 -8
126 534 -28
126 896 -19
178 589 13
178 179 13
292 1068 -28
292 709 13
292 267 -8
1092 702 -8
1092 1094 -13
899 900 -13
899 133 -28
1104 714 -28
1104 326 -28
1101 327 -28
1101 1073 -19
653 240 19
653 1040 -13
241 242 -13
241 1016 28
382 380 8
382 772 -13
1067 294 -13
1067 1040 8
1067 1068 -28
294 293 -8
1040 1013 19
1068 1070 13
587 176 -13
587 585 8
587 589 8
60 829 -19
429 29 -8
429 823 -13
429 457 -19
29 792 8
823 825 19
823 821 -28
457 851 -19
457 56 19
714 300 28
300 1073 -19
557 152 19
530 919 -13
530 528 28
530 122 -28
592 185 19
1 2 -13
1 767 -19
758 730 -8
758 343 19
340 1118 -28
340 367 -28
340 341 8
757 756 8
757 1143 19
757 338 -28
326 327 19
996 607 -19
996 997 -8
100 503 -28
100 102 28
537 509 -19
537 930 -13
537 133 -28
772 773 28
327 329 28
820 792 -19
820 821 19
820 56 -8
82 84 8
829 827 19
827 825 -28
451 51 -8
451 479 8
451 452 -13
51 49 -28
479 873 -13
452 842 -28
452 454 19
5 771 28
180 155 -13
180 953 -8
180 181 -28
128 155 13
128 129 28
128 898 8
128 101 -13
534 533 -28
534 923 -13
994 223 8
994 966 8
994 995 28
223 221 19
966 196 -13
995 993 -13
995 997 8
293 1070 -28
129 533 13
129 895 19
897 508 -13
897 870 19
897 898 -19
295 269 -8
177 176 -28
177 175 28
177 179 -13
585 974 -19
585 583 -13
604 196 -19
604 576 -19
604 997 -19
545 140 13
195 196 8
195 969 -19
195 607 28
997 999 -19
972 973 8
972 202 -13
972 583 -8
972 945 -8
270 269 19
270 272 13
269 243 13
243 1018 -19
49 449 28
367 368 -19
756 341 8
1144 754 8
1144 365 13
1144 1143 -8
276 274 -19
603 191 -28
191 192 -13
191 965 -13
152 150 19
152 919 -8
641 228 28
378 768 19
378 380 -28
771 770 19
771 773 19
57 59 19
57 56 19
431 825 28
368 1143 19
368 366 19
3 4 -8
525 553 8
553 580 -28
553 554 -13
4 2 -13
533 926 8
533 505 -8
1018 1017 -28
1018 1016 28
155 926 -28
609 607 13
609 197 -19
607 606 19
197 198 -28
197 971 -28
990 1017 19
1017 629 -28
730 702 28
730 1120 19
343 345 -8
343 341 13
503 896 -28
760 345 19
1016 1014 -8
1016 624 8
1016 1015 -13
678 706 -8
580 973 -19
973 971 -19
179 181 -19
600 192 28
600 993 28
629 627 -8
200 202 -19
200 198 8
200 970 19
198 196 19
198 606 -19
970 971 19
970 943 28
103 104 -8
103 873 8
900 898 -8
900 902 -8
509 902 -13
509 106 -8
1141 366 8
366 365 8
366 364 -19
898 896 -19
898 505 19
606 999 19
1070 680 8
734 735 8
734 706 -19
735 733 -28
735 1121 13
272 274 8
402 792 -8
792 764 28
365 338 -8
338 1116 28
770 380 28
770 798 -19
550 552 28
552 554 13
552 551 13
240 1014 19
240 213 19
240 267 19
527 920 -13
527 528 -8
920 919 -28
920 149 8
528 917 -28
969 576 -13
969 971 19
508 506 28
508 101 13
506 895 -19
506 505 -28
101 102 19
1014 1013 -8
1013 242 19
1013 986 -19
1013 625 13
945 917 -13
945 175 -28
554 943 8
674 702 -13
150 149 -28
150 917 -28
149 122 28
917 889 -19
923 895 -28
374 764 -19
374 373 -19
505 102 28
1137 362 -13
362 364 -28
582 175 -19
582 583 -8
1118 1116 -28
1118 1120 28
1120 1122 8
895 896 28
122 892 -8
764 765 -8
764 2 -19
765 767 -13
842 870 -13
454 456 8
874 875 28
373 767 13
1121 1122 -13
870 104 -19
104 106 -19
104 102 8
521 914 -13
551 146 -19
914 916 8
624 625 -8
889 500 -19
873 875 28
986 597 -8
625 627 28
625 213 19
1015 627 -13
915 943 19
915 916 -13
399 427 -19
427 428 28
427 455 28
598 599 13
140 142 -13
456 455 8
456 52 -8
599 597 13
