1112 1111 -13
1112 334 19
1112 1110 19
1112 1114 8
1112 722 13
1111 337 13
1111 1083 8
1111 1139 -28
1111 725 28
334 753 8
334 361 -19
334 307 -13
334 335 19
1110 1108 -19
1110 332 -28
1110 720 28
1110 1109 -19
1114 336 13
1114 724 19
1114 1116 28
1114 1113 13
722 694 8
722 723 -8
722 308 -19
722 750 8
147 918 8
147 172 19
147 556 28
147 148 -8
147 120 8
918 525 19
918 917 8
918 920 -28
918 916 -8
172 199 -8
172 173 8
172 583 -13
172 946 28
556 558 19
556 555 13
556 945 13
556 554 -13
148 150 13
148 553 13
148 146 -28
148 915 -28
120 121 -19
120 528 13
120 890 -8
120 93 -28
665 251 -13
665 663 19
665 664 -28
665 667 8
665 1051 13
251 252 -13
251 224 -8
251 1026 -13
251 277 13
663 661 13
663 662 -28
663 249 -28
663 1049 -28
664 636 -8
664 692 -8
664 1054 -13
664 254 28
667 253 -28
667 669 -28
667 1053 -19
667 666 19
1051 279 13
1051 1025 -19
1051 1079 13
1051 1052 -19
391 392 -28
391 419 -13
391 785 13
392 782 -19
392 390 -28
392 394 -19
419 20 -19
419 813 -8
419 447 28
419 420 -28
785 783 13
785 19 -28
785 787 -19
785 784 -19
473 445 -19
473 867 -19
473 474 -19
473 501 13
473 71 13
445 839 -13
445 417 -13
445 446 8
445 45 19
867 97 13
867 869 13
867 865 13
867 866 -13
474 476 19
474 864 -19
474 472 -8
474 68 -28
501 502 -13
501 894 -13
501 529 19
501 98 13
71 73 8
71 69 -8
71 836 19
71 70 8
936 543 -8
936 934 19
936 935 8
936 938 8
543 570 8
543 515 -19
543 544 19
543 138 -8
934 162 13
934 933 13
934 932 -28
934 541 -8
935 166 -8
935 546 -13
935 907 -28
935 962 -28
938 937 -19
938 165 28
938 940 -13
938 545 8
161 134 8
161 569 -28
161 932 28
161 186 -28
134 904 -19
134 107 -8
134 542 28
569 568 -13
569 958 -19
569 571 -13
932 931 28
186 213 -13
186 597 -13
186 959 -13
476 70 13
476 866 -8
476 475 8
476 478 13
70 839 19
70 44 -28
866 838 -19
866 893 28
866 100 -28
475 73 -8
475 869 -28
475 447 8
475 503 13
478 868 -8
478 477 -13
478 72 13
478 480 -19
439 39 8
439 833 28
439 467 -8
439 440 -8
439 411 -8
39 38 -28
39 37 -19
39 41 -8
39 802 -19
833 835 28
833 64 28
833 832 -19
833 831 28
467 495 13
467 861 -13
467 468 8
467 65 28
440 438 19
440 830 -8
440 36 13
440 442 8
411 412 -8
411 12 13
411 383 -8
411 805 -13
880 878 -8
880 110 13
880 879 -13
880 882 19
880 487 19
878 877 28
878 485 13
878 108 -19
110 137 -8
110 83 -28
110 111 28
110 518 13
879 852 8
879 490 -8
879 907 -13
879 113 28
882 489 -19
882 112 19
882 881 19
882 884 -13
487 488 13
487 459 -8
487 515 -19
487 84 28
193 605 -28
193 220 19
193 194 13
193 967 -8
193 167 -19
605 994 8
605 603 -13
605 604 -13
605 607 28
220 633 -28
220 247 8
220 995 28
220 221 -13
194 602 -13
194 196 28
194 192 -8
194 964 8
967 574 19
967 969 -19
967 965 13
967 966 -19
167 577 -28
167 141 -28
167 940 -28
705 1091 13
705 707 -28
705 704 -13
705 703 -19
705 288 13
1091 318 -13
1091 1063 19
1091 1092 -19
1091 1119 -13
707 290 -8
707 1093 -8
707 706 19
704 291 -8
704 676 -8
704 732 -19
704 1094 -8
703 1089 -19
703 701 8
703 286 28
703 702 8
288 289 -8
288 315 -8
288 263 -28
288 1064 13
539 566 -28
539 511 19
539 540 -19
566 594 -13
566 567 -8
511 512 -13
511 483 13
540 132 19
540 929 13
540 538 -28
289 291 -8
289 287 28
289 702 -28
289 1061 8
315 342 -8
315 316 -28
315 733 13
315 1092 -13
263 1038 8
263 236 28
263 264 -28
263 677 8
1064 1063 8
1064 1066 -28
1064 1062 13
1064 674 -28
38 805 13
38 11 -28
38 442 13
38 64 -8
805 804 28
805 807 -28
805 803 13
11 12 19
11 777 8
11 414 -13
442 444 19
442 832 -8
442 441 28
64 91 19
64 65 19
64 470 -13
20 18 8
20 782 -28
20 22 19
20 19 -8
18 16 19
18 417 28
18 780 -28
18 17 -8
782 810 -28
782 783 -28
22 421 28
22 21 -13
22 784 -19
22 24 13
19 422 13
19 46 13
291 290 8
291 1063 13
290 1066 8
290 265 19
290 317 -28
1063 1037 19
1063 677 8
257 1032 -13
257 671 -8
257 258 -28
257 230 -28
257 282 -13
1032 1034 19
1032 1030 -28
1032 640 -13
1032 1031 28
671 673 13
671 1057 28
671 670 -28
671 669 -13
258 256 -13
258 668 -28
258 260 13
258 1029 8
230 1005 -13
230 643 -28
230 231 28
230 203 13
282 283 8
282 1058 -8
282 309 13
282 699 -8
524 526 -13
524 523 19
524 522 -13
524 116 13
524 913 13
526 118 -28
526 525 -13
526 528 -13
526 915 -28
523 119 8
523 495 19
523 551 8
523 916 19
522 911 -28
522 520 13
522 114 28
522 521 28
116 886 19
116 89 -19
116 143 -19
116 117 -19
913 914 -28
913 941 19
913 885 -8
913 146 -19
886 884 -19
886 888 13
886 885 -19
886 493 19
89 90 8
89 62 28
89 859 -13
89 496 19
143 552 28
143 914 28
143 144 -19
143 168 19
117 119 -8
117 115 13
117 521 8
117 883 8
810 420 -8
810 838 -28
810 811 -28
810 47 19
420 422 -13
420 418 19
420 17 -28
838 839 -8
838 73 28
838 448 19
811 44 -19
811 809 -19
811 417 -8
811 813 -13
47 45 8
47 447 -8
47 46 -13
47 49 -19
1035 1061 28
1035 1036 13
1035 1008 -19
1035 264 28
1035 647 -28
1061 1089 -19
1061 1062 -28
1061 675 8
1036 1034 28
1036 644 28
1036 1038 28
1036 261 19
1008 619 -13
1008 1009 8
1008 980 19
1008 237 8
264 262 -8
264 674 -19
264 266 -13
647 645 -8
647 234 -13
647 646 -28
647 649 -13
489 86 19
489 517 19
489 490 -28
489 461 19
86 852 28
86 85 -19
86 88 -13
86 84 -28
517 545 -13
517 518 8
517 910 -13
517 113 19
490 488 13
490 83 -19
490 492 13
461 462 13
461 59 -19
461 433 13
461 855 19
623 621 -13
623 622 -13
623 211 -13
623 1011 -13
621 619 -19
621 209 -19
621 620 -19
622 594 -8
622 650 -28
211 238 -13
211 212 13
211 985 -19
211 184 28
1011 1012 -19
1011 984 8
753 752 8
753 1139 13
753 751 -28
753 755 -19
752 337 13
752 724 28
752 1142 -8
1139 1140 8
1139 364 8
751 750 13
751 1137 -28
751 749 -8
751 332 -8
755 336 8
755 754 19
755 1141 28
755 757 19
119 118 19
119 885 -28
119 121 -13
118 91 19
118 145 -13
118 888 -13
885 858 -19
885 496 -8
121 525 8
121 887 28
121 123 -8
361 1140 19
361 362 13
307 308 -8
307 1084 13
307 280 -8
307 725 28
335 337 -19
335 750 13
335 333 13
335 1109 8
337 336 28
337 339 -19
336 363 13
336 309 19
339 754 -19
339 338 -28
339 1113 19
339 341 19
794 31 28
794 795 -8
794 822 28
794 404 8
794 766 -19
31 33 -19
31 431 -28
31 30 8
31 29 8
795 28 19
795 793 8
795 797 8
795 401 -28
822 850 13
822 432 8
822 57 13
822 823 -8
404 406 -13
404 402 -28
404 403 -28
404 1 8
766 376 8
766 767 -28
766 4 8
1128 349 -19
1128 1127 -8
1128 1130 -28
1128 738 -8
1128 1126 -13
349 322 -13
349 350 -28
1127 352 -19
1127 1099 -13
1127 741 -28
1130 351 8
1130 1132 -19
1130 1129 13
1130 740 13
738 710 -28
738 739 28
738 323 8
1126 736 13
1126 347 28
1126 1125 8
1126 1124 -19
67 65 -8
67 69 -28
67 469 -13
67 66 13
67 832 19
65 63 19
65 830 -28
69 68 -8
69 471 -19
69 834 -19
469 470 8
469 441 19
469 863 13
469 497 8
66 472 -19
66 835 8
66 40 -19
66 93 -19
832 804 -28
832 860 19
858 92 -13
858 830 -19
858 859 -19
858 468 -13
92 495 13
92 91 13
92 94 -28
92 90 13
830 802 -28
830 831 -28
859 465 -28
859 857 -13
859 861 -13
468 62 -8
468 466 -28
468 470 -19
573 571 13
573 575 -13
573 962 13
573 572 -28
571 162 28
571 570 8
571 960 -13
575 574 8
575 577 -28
575 964 13
575 165 8
962 990 13
962 963 -13
962 192 13
572 166 -8
572 545 28
572 965 -19
572 600 19
673 1059 -8
673 675 -8
673 259 -19
673 672 13
1057 285 28
1057 1031 -28
1057 1085 19
1057 1058 -8
670 642 8
670 698 -8
670 1060 19
670 260 -28
669 255 28
669 1055 -19
669 668 13
397 425 -13
397 791 -13
397 398 13
425 453 13
425 426 28
425 26 -8
425 819 -28
791 789 -28
791 25 -19
791 790 28
398 396 -19
398 788 -8
398 400 8
839 841 -19
839 837 -8
841 447 -8
841 72 -13
841 843 -13
841 840 28
837 835 13
837 68 28
837 836 19
837 443 13
1083 310 13
1083 1084 28
1083 1055 19
1083 697 8
310 312 19
310 308 28
310 724 -8
310 309 8
1084 694 28
1084 1082 -19
1084 1086 -8
1055 283 28
1055 1056 8
1055 1029 8
697 695 8
697 280 -13
697 699 28
697 696 -8
166 164 -28
166 165 8
164 933 19
164 163 8
164 570 8
165 191 -28
165 139 8
636 227 13
636 1028 -19
636 637 13
636 608 19
227 226 -8
227 229 -28
227 225 28
227 998 -19
1028 253 -13
1028 1026 28
1028 1030 8
1028 1027 -19
637 639 13
637 1025 19
637 635 8
637 224 19
608 609 -8
608 580 28
608 200 -13
608 1001 -28
574 547 -28
574 602 -28
577 579 28
577 966 -19
577 576 28
964 937 -19
964 992 -8
964 965 -28
942 941 13
942 549 28
942 940 19
942 944 -13
942 168 19
941 171 19
941 552 28
941 968 -8
549 550 28
549 144 13
549 521 8
549 576 -13
940 547 -8
940 939 13
944 551 -13
944 946 -28
944 170 -8
944 943 -13
168 579 28
168 195 -13
168 169 28
905 933 -28
905 516 -28
905 877 -28
905 138 -8
905 906 -8
933 544 28
933 960 13
516 514 13
516 108 -28
516 515 -28
516 518 -13
877 488 -8
877 111 -19
877 850 -19
138 137 -19
138 136 -13
138 140 19
906 513 19
906 908 8
906 904 8
906 135 13
226 1001 19
226 199 -19
226 639 -19
226 253 13
1001 1000 -8
1001 1003 -19
1001 999 -13
199 200 -19
199 611 19
199 973 -19
639 638 -13
639 1027 28
639 641 -13
253 278 8
253 254 -28
482 872 -13
482 480 8
482 76 8
482 484 19
482 481 -19
872 899 -19
872 873 28
872 106 -8
872 844 -13
480 870 19
480 74 -19
480 479 8
76 50 -13
76 103 -13
76 77 -8
76 845 19
484 78 -28
484 483 -13
484 874 -8
481 453 13
481 509 -13
481 79 28
481 875 28
417 418 -28
417 389 -13
446 444 19
446 836 28
446 448 -13
446 42 -19
45 44 -19
45 43 8
45 808 -13
884 114 -19
884 883 19
884 491 28
888 495 -8
888 890 19
888 887 8
493 465 -13
493 90 -19
493 521 -13
493 494 -19
1004 1031 -28
1004 615 -8
1004 1005 -8
1004 233 19
1004 976 -28
1031 260 19
1031 643 13
615 613 19
615 614 19
615 617 -28
615 203 -13
1005 612 28
1005 1007 28
1005 1003 -28
233 642 -28
233 232 19
233 235 -19
233 231 -8
976 977 -19
976 206 -8
976 949 -13
976 587 28
721 720 19
721 1107 -19
721 723 13
721 303 -28
721 719 13
720 306 -13
720 692 -13
720 748 28
1107 1108 -19
1107 1135 28
1107 1079 -8
1107 333 -28
723 1109 -13
723 305 8
723 725 8
303 330 28
303 1080 19
303 304 13
303 277 8
719 1105 -19
719 717 -19
719 301 -28
719 718 8
44 448 8
44 17 -13
448 447 19
448 450 8
17 783 8
989 596 -8
989 987 -28
989 991 19
989 988 -13
989 214 -28
596 568 -8
596 624 -13
596 597 13
596 188 28
987 213 19
987 986 -28
991 990 8
991 598 -19
991 993 -19
991 216 -28
988 217 8
988 599 19
988 1015 -13
988 960 -28
214 241 13
214 627 19
214 187 -28
214 215 13
306 305 -19
306 308 -8
306 304 -28
306 1079 -8
305 278 28
305 1082 13
305 332 -19
308 1081 19
304 718 -13
304 1077 -13
304 302 19
1079 1080 13
1079 693 -19
816 426 28
816 817 8
816 53 -28
816 788 -19
816 844 13
426 424 19
426 428 8
426 23 8
817 815 13
817 423 8
817 50 19
817 819 -8
53 453 28
53 52 19
53 51 -13
788 789 -13
788 26 28
844 845 -28
844 79 -28
844 454 8
495 496 28
496 494 8
496 498 -28
279 692 19
279 278 -8
279 281 8
1025 998 -8
1025 254 8
1025 1026 28
1052 662 13
1052 1050 -13
1052 1054 28
1052 277 13
125 529 -8
125 124 -28
125 127 -8
125 123 -8
125 891 -28
529 922 8
529 557 13
529 530 13
124 97 -19
124 532 -8
124 894 8
124 151 19
127 531 28
127 893 -19
127 129 -8
127 126 -13
123 527 -28
123 889 28
123 122 8
891 864 19
891 892 28
891 502 8
891 919 -8
594 595 -8
595 593 -13
595 984 8
595 184 -8
352 350 13
352 351 -19
352 354 13
350 1125 28
350 348 8
351 324 13
354 1129 -19
354 356 8
354 353 -8
91 498 13
91 861 19
498 497 19
498 887 19
498 500 8
861 863 -8
861 860 -19
1134 1133 -8
1134 1136 -19
1134 1132 19
1134 744 -8
1134 355 13
1133 358 -28
1133 1105 8
1133 747 -19
1136 1135 -28
1136 357 -8
1136 1138 -19
1136 746 -13
1132 1131 28
1132 742 -28
1132 353 -13
744 716 8
744 329 -8
744 745 -28
355 356 -13
355 328 19
73 72 -8
73 75 19
72 46 13
72 99 19
75 77 13
75 74 -19
75 840 8
75 477 -28
864 836 -28
864 865 19
864 98 -19
836 808 -28
865 863 8
865 471 -28
865 95 -19
98 97 19
98 96 -8
98 100 28
579 581 13
579 968 -19
579 578 13
581 580 -19
581 970 -28
581 170 28
581 583 8
968 996 -19
968 969 13
968 198 19
578 171 -8
578 606 -8
578 551 13
578 971 19
570 963 -19
570 598 8
515 908 -13
515 111 -28
544 546 13
544 542 -28
544 135 -13
736 737 13
736 708 -8
736 321 28
737 1123 -19
737 739 28
737 319 19
708 1098 -28
708 294 19
708 680 13
708 709 -8
321 1095 -8
321 323 8
321 320 19
1099 1071 19
1099 325 8
1099 713 13
1099 1100 -19
1071 298 13
1071 1072 -19
1071 685 -19
1071 1044 19
325 324 28
325 327 19
325 323 -19
325 740 -28
713 712 -13
713 711 19
713 295 13
713 715 -13
1100 710 -13
1100 1102 -8
1100 1098 -28
1100 322 -19
1089 316 -8
1089 1117 28
1089 1090 8
316 318 19
316 314 8
316 730 8
1117 1145 -8
1117 1118 -28
1117 343 28
1117 731 8
1090 1088 -28
1090 700 8
1090 1092 13
1090 313 8
171 169 19
171 173 -8
171 170 -19
169 939 13
169 576 13
173 580 28
173 943 19
173 175 -19
170 145 -13
170 197 19
642 1034 -13
642 643 -19
642 614 19
1034 259 -19
1034 1033 -8
643 645 13
643 641 13
614 586 13
614 206 -8
614 1007 -13
137 908 -13
137 546 -19
908 907 -8
908 910 -19
546 545 19
546 548 -19
948 555 19
948 950 28
948 947 8
948 174 28
948 946 -28
555 527 8
555 150 28
555 582 13
950 176 -13
950 557 -13
950 949 -28
950 951 -28
947 177 28
947 558 -13
947 919 28
947 974 28
174 585 13
174 149 -8
174 201 -13
174 175 -8
946 945 -13
946 553 8
645 1033 -28
645 232 -19
645 644 -28
1033 1006 -13
1033 262 -13
1033 1059 19
232 259 -28
232 1007 28
232 205 -28
644 235 13
644 672 28
644 616 8
911 883 13
911 912 -13
911 939 28
911 144 -8
883 494 13
883 856 19
912 910 -13
912 519 13
912 914 13
912 141 -8
939 550 19
939 966 -13
144 146 19
144 142 8
259 284 28
259 260 28
1007 1006 13
1007 1009 13
205 206 28
205 979 -13
205 178 8
205 617 -8
654 626 28
654 682 -8
654 244 28
654 1045 -8
654 655 -28
626 217 28
626 1018 28
626 627 28
626 598 -19
682 710 19
682 683 13
682 1072 -28
682 270 -19
244 243 -28
244 246 -28
244 242 8
244 1015 -8
1045 1043 19
1045 1044 19
1045 1046 -19
655 653 -28
655 657 -8
655 1042 28
655 241 -28
463 61 19
463 857 -28
463 464 -19
463 435 -28
463 491 13
61 63 -19
61 59 8
61 826 19
61 60 -13
857 87 -8
857 855 13
857 856 8
464 466 13
464 854 -19
464 462 28
464 58 8
435 436 -19
435 407 -13
435 829 13
435 35 8
491 492 19
491 519 8
491 88 -19
727 729 -13
727 725 28
727 1113 -28
727 726 28
727 309 8
729 311 19
729 1115 -19
729 731 19
729 728 19
725 724 -19
1113 1141 -13
1113 1085 28
726 312 -8
726 698 13
726 754 19
726 1116 -13
309 1086 -19
217 215 -13
217 219 13
217 216 8
215 986 19
215 624 -8
219 990 28
219 628 8
219 218 19
219 221 -19
216 189 28
216 243 8
216 629 13
692 1082 -19
692 693 13
1082 1081 13
1082 1080 -28
693 695 -28
693 691 28
693 277 -8
312 314 8
312 311 -8
312 1085 13
314 313 13
314 1087 19
314 728 8
311 284 13
311 1088 -8
1085 699 19
1085 1086 -8
465 466 -19
465 63 28
465 437 -13
466 60 19
466 856 -13
63 62 19
63 828 13
437 438 8
437 37 -28
437 409 8
437 831 19
410 408 -13
410 800 -19
410 412 -19
410 7 13
410 409 -8
408 407 28
408 406 -19
408 798 8
408 5 19
800 37 8
800 772 -19
800 828 28
800 801 -19
412 414 -28
412 802 -13
412 9 28
7 34 19
7 8 -28
7 773 -19
409 381 -8
409 10 8
409 803 -8
278 695 -8
278 1054 -19
695 694 28
695 1081 28
1054 1056 -19
1054 1053 28
502 504 -19
502 500 8
502 95 -19
894 893 -28
894 896 28
894 892 13
694 666 -13
694 281 -13
666 638 -8
666 256 19
666 1056 19
281 283 -19
281 1053 -19
281 280 28
285 698 -8
285 284 -19
285 287 -19
285 283 28
1058 1060 -28
1058 1056 19
1058 668 -28
358 356 13
358 357 -13
358 360 -28
356 1131 28
357 330 -8
360 359 28
360 1135 19
360 362 -19
97 504 19
504 893 13
504 506 -13
504 503 -19
513 541 8
513 109 13
513 514 8
513 485 28
541 568 13
541 136 -8
541 542 -28
109 876 -13
109 111 -19
109 108 19
514 107 -19
514 903 -13
485 486 19
485 457 -8
485 82 -19
613 201 13
613 1002 -8
613 611 -19
613 612 13
201 228 -13
201 202 19
201 975 -8
1002 1029 -19
1002 974 -28
1002 1003 19
1002 231 -8
611 1000 -13
611 609 -13
611 610 -28
612 584 -13
612 204 13
612 640 19
1043 268 -8
1043 652 8
1043 1041 -8
1043 1042 -8
268 683 8
268 293 28
268 241 13
652 653 -19
652 242 -13
652 624 -19
652 680 -8
1041 267 28
1041 1040 28
1042 270 28
1042 1069 -28
1042 1015 -8
743 741 -13
743 742 28
743 324 19
743 745 -28
743 1129 -19
741 739 -8
741 322 13
741 740 8
742 714 -8
742 327 -8
324 297 19
324 1102 13
745 326 -8
745 1131 8
745 747 -19
1129 1101 -28
1140 1142 13
1140 1138 13
1140 750 -28
1142 1141 8
1142 363 28
1142 1144 -28
1138 359 28
1138 1137 28
1138 748 8
297 715 -28
297 298 8
297 271 -13
297 1074 8
1102 712 19
1102 1104 -19
1102 1101 28
567 565 -13
567 956 13
567 159 13
1105 1077 -19
1105 331 13
1105 1106 -8
1077 691 8
1077 1078 13
1077 1049 19
331 330 8
331 333 -19
331 746 -28
331 329 -19
1106 1108 8
1106 1104 -13
1106 716 8
1106 328 -19
648 239 -28
648 649 -8
648 620 -28
648 1039 13
648 676 -8
239 238 28
239 237 -19
649 651 28
649 236 -19
649 1037 28
620 212 8
620 1012 8
620 592 19
1039 265 13
1039 1038 -19
676 1066 13
676 266 -13
676 677 8
1108 718 28
1108 330 -19
718 690 8
718 746 -13
330 749 13
661 660 28
661 1047 -13
661 659 -19
661 247 8
660 250 -13
660 688 19
660 1050 -13
660 632 28
1047 1048 13
1047 1021 19
1047 1075 -13
1047 276 8
659 245 -8
659 658 13
659 657 -8
247 1022 8
247 273 -8
247 248 -28
238 265 -8
238 1012 13
238 651 28
265 679 -8
265 266 -13
1012 1010 -19
651 650 8
907 140 -13
907 518 -19
910 139 -19
910 909 8
470 472 -19
470 860 -19
441 835 19
441 413 -19
441 41 -28
863 93 19
863 862 -13
497 94 19
497 525 -8
497 890 8
472 862 -19
472 471 -19
862 96 8
862 834 8
862 889 -28
471 443 -28
471 499 13
931 542 19
931 958 19
931 163 13
931 903 28
958 986 -19
958 959 19
958 188 8
163 568 13
163 162 -13
903 904 -8
903 136 13
903 876 8
698 1088 13
698 699 -28
1088 1087 28
1088 1086 -19
699 701 8
189 963 13
189 190 -8
189 601 19
963 961 8
963 965 19
190 598 -8
190 192 -8
190 188 -8
190 960 -19
601 603 28
601 990 -19
601 599 28
601 600 -13
318 317 -8
318 732 -28
317 735 13
317 344 -13
317 1094 -8
732 760 13
732 1122 -8
732 733 -28
416 13 -19
416 414 -28
416 806 13
416 418 -19
416 415 -8
13 40 -8
13 779 -13
13 14 8
414 804 13
414 413 -13
806 43 28
806 778 -13
806 834 -28
806 807 -19
418 808 8
418 15 -28
415 16 28
415 387 -13
415 809 19
415 443 -13
701 700 28
701 284 -28
701 1087 -19
700 287 -28
700 728 -19
700 672 -8
284 1060 19
1087 1059 19
1087 1115 13
535 928 28
535 536 -28
535 563 -19
535 131 -19
535 507 19
928 157 -19
928 927 -28
928 926 19
928 930 -19
536 925 13
536 128 13
536 538 19
536 534 13
563 158 8
563 590 -8
563 955 -28
131 129 -19
131 897 19
131 130 28
131 133 -13
507 900 -8
507 508 19
507 104 -13
507 479 -28
1060 1059 28
1060 1062 -28
710 711 8
710 296 -28
711 293 13
711 1097 13
711 709 -8
296 1069 -13
296 298 -8
296 295 -13
296 294 19
783 781 8
783 389 -28
16 15 8
16 14 -19
16 778 -13
15 781 19
15 42 28
14 413 -19
14 12 -19
14 776 8
778 388 -19
778 779 13
1037 1038 13
1037 266 19
677 679 -19
677 675 13
287 1059 8
287 286 -13
286 261 19
286 1062 19
286 313 8
520 112 -8
520 518 19
520 519 -19
520 909 -19
112 85 -28
112 113 19
112 139 -28
519 115 19
519 547 13
909 937 -8
909 142 -28
909 881 -19
85 492 -19
85 855 13
85 58 -8
113 115 -28
113 111 -28
139 140 -8
139 548 19
787 393 13
787 789 19
787 21 -13
787 786 -28
784 812 19
784 394 8
1066 1065 28
1065 1093 28
1065 679 13
619 207 -8
619 618 -19
619 617 -19
207 981 -13
207 234 -28
207 208 13
207 180 8
618 590 -19
618 210 8
618 1010 -19
618 646 -13
617 1006 19
617 616 13
94 93 28
94 96 -8
94 860 -19
93 500 19
96 499 13
96 95 8
860 887 19
749 747 -13
749 1135 8
749 748 28
114 141 19
114 87 28
114 115 13
141 550 -8
141 142 -19
87 494 28
87 88 -28
87 60 8
115 881 19
62 831 -13
62 36 -19
828 438 28
828 829 19
828 856 28
158 156 -8
158 160 19
158 157 13
158 925 -13
156 561 -13
156 155 -13
156 154 -19
156 923 -28
160 927 -8
160 564 19
160 159 19
157 565 8
157 182 -19
157 130 -13
925 926 -28
925 897 -13
1053 1027 8
1053 1081 -13
393 394 -19
393 421 8
394 396 8
421 422 19
421 815 28
421 449 -28
835 834 -13
834 444 -8
1123 1095 -19
1123 348 -28
1123 1124 -28
1095 1096 8
1095 1067 13
1095 709 8
348 347 -13
1124 346 19
568 961 -28
961 959 -19
961 187 -19
961 960 19
162 135 13
162 187 -19
135 136 13
135 108 -8
187 599 28
187 188 13
868 869 28
868 840 -13
868 895 8
868 102 19
477 449 28
477 505 -8
477 871 -13
937 548 -13
548 550 -19
548 547 -13
881 492 -8
881 854 28
717 1103 -13
717 299 19
717 716 -28
717 715 -19
1103 1131 13
1103 1104 19
1103 329 28
1103 1075 8
299 1076 -8
299 326 8
299 300 28
299 273 -13
716 302 19
716 688 19
715 714 -28
715 1101 8
422 812 19
422 424 8
812 840 -8
812 49 8
812 813 -19
424 21 19
424 814 -13
424 423 -28
46 813 8
46 450 8
789 23 -19
789 395 -28
23 50 -8
23 24 -8
395 396 -13
395 423 -13
40 807 13
40 444 28
40 41 13
807 413 -13
807 809 13
444 443 -19
41 43 -28
41 804 13
981 979 28
981 588 8
981 983 13
981 980 -28
979 977 -8
979 586 -13
979 978 28
588 616 -13
588 561 -13
588 589 28
588 181 8
983 590 -8
983 985 19
983 982 -13
983 209 -28
980 210 28
980 952 -8
980 591 19
21 48 -8
24 786 13
24 26 -19
24 423 -28
650 678 13
145 554 -13
145 146 13
145 916 -8
301 328 -19
301 302 19
301 275 13
301 1078 13
328 329 -13
328 747 -13
302 1075 13
302 300 8
275 249 8
275 691 28
275 1050 -8
275 276 8
1078 1076 -8
1078 688 -13
1078 1080 -8
250 249 -28
250 252 -19
250 248 8
250 1021 19
249 1024 -8
249 222 -19
252 662 13
252 1023 19
252 254 28
248 658 13
248 1019 -13
248 246 -19
1021 633 8
1021 994 -8
1021 1022 -28
25 52 28
25 26 -28
25 428 8
790 818 13
790 400 8
1026 1024 19
1026 634 -13
1030 638 19
1030 1029 -28
1030 255 -8
1027 256 28
1027 1000 13
363 364 28
1145 370 -8
1145 1146 13
1145 759 -28
370 369 28
370 368 8
370 372 -28
1146 367 -8
1146 756 28
1146 1148 8
1146 1144 -13
759 758 13
759 761 8
759 340 -19
759 757 -19
590 183 -8
590 591 28
183 952 -19
183 182 -19
183 181 -13
183 185 -19
591 180 -8
591 593 19
591 589 -28
68 95 8
68 42 -8
347 320 19
320 1098 13
320 739 -19
320 293 -28
740 712 -13
675 674 8
675 261 -13
672 262 -8
672 1062 -13
843 74 19
843 449 8
843 842 -13
843 845 8
840 450 -19
390 389 -19
390 388 -8
390 780 28
388 386 8
388 387 -28
780 781 -8
780 808 28
547 142 -19
602 603 -19
602 630 -19
602 995 -13
638 229 -19
638 610 13
229 1000 19
229 228 -28
229 231 28
610 582 -8
610 202 -28
610 1003 8
1076 686 13
1076 1075 13
1076 1074 13
686 658 -28
686 714 28
686 274 -8
686 687 -28
1075 689 -19
1074 1073 13
1074 1072 28
1074 684 -28
890 889 8
890 892 -19
887 915 -8
210 209 -8
210 208 -8
210 212 8
209 236 28
209 182 19
208 206 -28
208 616 28
208 978 28
212 982 -8
1006 978 -13
1006 235 8
978 589 19
235 234 -8
235 237 13
438 436 13
438 34 -13
436 434 -19
436 32 -19
436 826 13
34 60 -8
34 35 28
34 801 8
1109 1137 19
1109 1081 -8
332 359 -8
332 333 -19
37 35 -8
37 36 -8
35 33 8
35 798 -8
36 9 8
36 803 -13
256 254 -19
256 255 -8
255 228 -19
255 280 19
369 1148 -8
369 342 -13
1148 1147 -28
1148 758 -28
1148 1150 -13
342 343 -8
342 1120 -8
342 761 -13
405 377 -28
405 406 28
405 799 -13
405 433 -8
405 6 13
377 378 13
377 771 -13
406 3 -13
406 796 28
799 32 -8
799 801 -13
799 798 8
799 797 28
433 434 13
433 33 19
433 827 28
6 8 13
6 5 19
6 4 28
6 768 13
488 81 -8
488 486 -19
81 108 -13
81 55 -13
81 82 -19
81 851 -13
486 876 -28
486 80 19
353 326 13
746 747 19
77 79 13
77 479 13
77 842 -8
74 48 28
74 101 8
855 854 -19
855 853 13
856 90 13
739 1125 -13
323 322 19
323 1097 -19
847 453 -28
847 78 -28
847 846 -13
847 845 19
453 454 8
78 52 -19
78 105 13
78 79 -28
846 456 -13
846 874 -8
846 818 -28
845 451 19
396 786 -13
786 814 13
616 1009 8
1080 690 28
234 261 -28
234 1009 13
261 262 8
1009 1010 -19
656 657 -8
656 628 -8
656 246 28
656 684 8
656 1046 19
657 243 28
657 1044 28
628 1020 -8
628 600 -28
628 629 28
246 245 28
246 1017 -13
684 712 -8
684 685 19
684 272 -19
1046 271 13
1046 1048 8
984 985 8
984 956 -8
443 43 -19
1115 1143 -13
1115 1116 -19
1115 341 8
731 730 13
731 313 -8
731 733 8
728 756 -28
728 1118 28
381 382 -19
381 775 -13
10 9 19
10 8 28
10 772 -8
10 12 -8
803 802 -19
803 801 -8
43 42 28
42 809 28
313 340 -19
802 774 -28
9 775 28
775 773 -19
775 777 8
775 774 -28
262 260 13
815 814 -19
815 48 -13
815 813 8
814 51 -13
814 842 -8
48 452 -13
48 49 -28
512 105 19
512 510 -13
512 901 -19
105 106 19
105 132 -13
105 875 -19
510 508 -19
510 899 28
510 509 19
510 103 8
901 929 13
901 874 19
901 902 28
779 781 -8
779 385 13
779 777 -19
584 977 -28
584 177 -28
584 585 -13
584 557 28
204 206 19
204 202 -19
204 974 13
204 203 19
640 641 8
640 231 13
640 668 -8
781 387 -13
90 88 -28
88 854 -8
586 559 13
586 179 13
586 587 -28
560 558 13
560 949 13
560 559 -8
560 151 -8
560 562 19
558 557 -13
558 149 -19
949 921 -19
949 179 13
559 531 -28
559 951 19
559 154 8
151 176 -8
151 922 19
151 152 -28
562 561 -13
562 153 -8
333 748 13
688 689 19
688 276 8
1050 1049 -13
1050 1048 -8
632 1024 19
632 633 19
632 223 8
632 604 -19
1086 696 19
662 690 8
662 634 -8
690 691 -8
634 635 -13
634 606 -13
634 225 28
499 527 -8
499 892 28
499 500 8
876 848 13
848 849 13
848 458 28
848 820 -19
848 82 -19
1010 236 -19
808 809 -8
850 460 19
850 84 -8
850 851 -13
977 203 8
977 975 28
203 176 -19
975 973 13
975 582 -8
975 974 -19
712 298 -13
298 300 -13
1093 1121 -8
1093 1094 -8
679 678 -13
646 674 13
646 1038 -8
646 237 13
27 793 -19
27 54 19
27 430 -8
27 0 8
793 792 -28
54 80 -8
54 458 -28
54 821 -28
430 429 -28
430 820 -19
430 432 8
0 402 -13
0 765 -8
271 245 -28
271 272 8
271 687 -8
95 122 -19
955 957 -8
955 182 -13
955 954 -8
955 953 -13
1024 1023 8
1024 1022 -8
1023 1049 13
1023 996 -13
1023 635 13
1022 1020 13
1022 630 28
245 1020 28
245 218 8
1020 1019 -28
1020 1018 -8
218 631 -28
218 191 19
218 993 -8
869 871 8
869 99 8
871 870 8
871 101 8
871 873 19
99 506 13
99 126 19
99 100 13
831 829 -19
565 954 -13
565 564 -8
954 927 8
954 982 -13
954 185 19
564 957 13
564 537 13
564 592 8
182 593 19
130 103 13
130 900 28
130 538 -28
927 538 8
927 899 -28
159 132 28
159 184 8
159 930 -28
668 696 -8
1125 1097 19
1097 1098 -8
1097 1069 13
386 385 -28
386 776 8
386 384 28
385 413 -28
776 804 13
776 777 -19
384 383 28
384 774 28
384 382 -8
1072 295 -13
1072 1070 -13
685 683 13
685 269 28
685 687 13
1044 1017 -8
1044 272 -13
952 953 -28
434 30 13
434 432 8
434 824 28
30 3 13
30 797 19
432 28 -8
432 431 -8
824 852 28
824 825 28
824 59 8
824 796 -13
985 592 28
982 593 -19
283 696 -8
696 724 13
33 796 -28
33 32 -8
796 768 -19
796 797 -28
32 5 -28
32 58 -13
222 635 -28
222 195 -19
222 997 19
222 223 8
818 819 -19
818 428 28
400 399 13
826 854 13
826 827 13
826 798 13
763 761 28
763 344 19
763 1149 13
763 762 -19
761 1147 13
761 760 19
344 371 19
344 345 -28
344 1122 28
1149 1150 13
1149 1121 28
762 734 -8
1000 972 13
1029 641 -19
1147 372 19
1147 1119 8
372 371 8
1119 1120 -28
1119 345 13
1119 733 13
450 452 19
450 449 -13
322 295 8
80 849 19
80 107 19
849 851 -13
852 462 28
852 853 19
462 460 8
853 459 -8
853 83 19
853 851 28
691 689 13
236 237 -8
633 635 8
633 631 -28
631 1019 28
631 630 19
631 629 -13
132 133 -19
132 902 8
929 956 -19
929 930 28
538 537 -8
371 1150 -8
1150 760 -13
407 8 -13
407 801 19
407 379 13
8 770 -13
379 773 19
379 380 8
83 84 -28
492 494 13
683 681 -28
683 1069 28
681 267 -19
681 680 19
1069 1070 19
28 1 -13
28 55 13
28 29 -13
797 403 -8
401 429 8
401 402 -28
401 2 -19
401 373 -13
58 59 -8
58 827 -8
957 956 8
957 184 8
184 185 -28
921 532 -13
921 893 -13
921 154 19
921 922 13
532 531 -19
532 530 8
532 534 -13
154 153 19
154 152 -19
922 920 -28
922 924 -19
224 197 28
224 999 19
224 225 19
658 630 28
658 1048 13
630 221 -8
1048 273 -28
225 996 28
225 223 -28
998 609 19
998 970 -8
998 999 -28
1096 319 -8
1096 1098 -28
319 346 8
319 292 13
375 376 -19
375 403 -19
375 769 28
376 378 -13
376 374 19
403 431 19
403 4 28
769 768 19
769 771 28
769 767 -28
769 3 19
1003 228 -28
12 774 -13
383 777 28
483 455 -28
460 458 8
460 55 -19
460 459 8
458 457 -19
55 823 8
55 56 13
459 57 13
459 431 -28
423 451 -19
50 454 -13
50 51 8
819 52 -28
689 273 -13
689 687 -8
273 274 13
687 1073 28
593 592 13
531 503 8
531 924 -8
951 178 13
951 953 -13
561 533 -19
561 953 19
153 924 13
153 126 -28
153 178 -8
1056 280 -13
1019 992 28
992 603 19
992 993 -19
992 221 -28
924 926 19
924 923 -19
126 534 19
126 896 -13
178 589 8
178 179 -8
292 1068 -13
292 709 28
292 267 -8
1092 702 -8
1092 1094 13
899 900 -13
899 133 28
1104 714 8
1104 326 8
1101 327 28
1101 1073 19
653 240 -8
653 1040 28
241 242 28
241 1016 -8
382 380 -28
382 772 13
1067 294 -19
1067 1040 19
1067 1068 13
294 293 -13
1040 1013 -28
1068 1070 13
587 176 -28
587 585 -19
587 589 8
60 829 8
429 29 28
429 823 -13
429 457 -13
29 792 19
823 825 -19
823 821 28
457 851 19
457 56 -8
714 300 13
300 1073 8
557 152 19
530 919 8
530 528 -19
530 122 8
592 185 -13
1 2 -28
1 767 -19
758 730 8
758 343 -13
340 1118 8
340 367 -19
340 341 -19
757 756 8
757 1143 -13
757 338 8
326 327 -28
996 607 28
996 997 -8
100 503 -19
100 102 -8
537 509 13
537 930 19
537 133 -8
772 773 -8
327 329 28
820 792 19
820 821 -8
820 56 -13
82 84 19
829 827 13
827 825 28
451 51 -19
451 479 -13
451 452 8
51 49 13
479 873 19
452 842 -13
452 454 13
5 771 -28
180 155 28
180 953 -19
180 181 19
128 155 -28
128 129 13
128 898 -28
128 101 -8
534 533 -28
534 923 28
994 223 8
994 966 -28
994 995 -28
223 221 13
966 196 -13
995 993 19
995 997 -19
293 1070 8
129 533 -19
129 895 -19
897 508 -19
897 870 -8
897 898 -19
295 269 -13
177 176 8
177 175 19
177 179 28
585 974 -19
585 583 -8
604 196 28
604 576 -19
604 997 -8
545 140 -13
195 196 -8
195 969 -8
195 607 -8
997 999 13
972 973 -19
972 202 8
972 583 -28
972 945 28
270 269 19
270 272 19
269 243 19
243 1018 8
49 449 -8
367 368 -8
756 341 -13
1144 754 13
1144 365 -28
1144 1143 8
276 274 28
603 191 -13
191 192 28
191 965 -8
152 150 -28
152 919 28
641 228 19
378 768 -28
378 380 -8
771 770 -19
771 773 -8
57 59 -28
57 56 -28
431 825 -28
368 1143 8
368 366 -8
3 4 -19
525 553 -28
553 580 -28
553 554 28
4 2 28
533 926 -8
533 505 -19
1018 1017 28
1018 1016 8
155 926 -8
609 607 -13
609 197 28
607 606 -19
197 198 -19
197 971 -8
990 1017 -13
1017 629 8
730 702 -19
730 1120 28
343 345 -8
343 341 13
503 896 -8
760 345 8
1016 1014 13
1016 624 -13
1016 1015 -28
678 706 -28
580 973 13
973 971 -28
179 181 -19
600 192 19
600 993 13
629 627 13
200 202 28
200 198 -19
200 970 13
198 196 -28
198 606 8
970 971 8
970 943 -19
103 104 -19
103 873 -8
900 898 -8
900 902 -13
509 902 -28
509 106 28
1141 366 8
366 365 8
366 364 -28
898 896 19
898 505 -19
606 999 28
1070 680 -19
734 735 -8
734 706 13
735 733 -8
735 1121 -28
272 274 19
402 792 19
792 764 28
365 338 -28
338 1116 -13
770 380 -8
770 798 13
550 552 -28
552 554 13
552 551 -13
240 1014 -8
240 213 13
240 267 -8
527 920 -8
527 528 -28
920 919 -8
920 149 28
528 917 28
969 576 28
969 971 -13
508 506 -8
508 101 13
506 895 -28
506 505 -13
101 102 -13
1014 1013 13
1013 242 -13
1013 986 -8
1013 625 8
945 917 -19
945 175 -13
554 943 19
674 702 -28
150 149 28
150 917 -13
149 122 19
917 889 19
923 895 -28
374 764 8
374 373 28
505 102 -19
1137 362 8
362 364 -13
582 175 28
582 583 -13
1118 1116 -8
1118 1120 -28
1120 1122 19
895 896 -19
122 892 28
764 765 28
764 2 -8
765 767 19
842 870 19
454 456 8
874 875 13
373 767 -8
1121 1122 -28
870 104 13
104 106 -8
104 102 28
521 914 8
551 146 8
914 916 28
624 625 19
889 500 -13
873 875 28
986 597 8
625 627 19
625 213 -13
1015 627 8
915 943 13
915 916 -13
399 427 13
427 428 -8
427 455 -28
598 599 -13
140 142 19
456 455 8
456 52 19
599 597 19
