1112 1111 19
1112 334 19
1112 1110 28
1112 1114 8
1112 722 8
1111 337 -8
1111 1083 -13
1111 1139 -28
1111 725 8
334 753 -8
334 361 8
334 307 -19
334 335 19
1110 1108 -8
1110 332 -8
1110 720 8
1110 1109 -28
1114 336 28
1114 724 19
1114 1116 19
1114 1113 13
722 694 -19
722 723 -13
722 308 8
722 750 -8
147 918 13
147 172 19
147 556 8
147 148 -28
147 120 -8
918 525 8
918 917 -8
918 920 13
918 916 13
172 199 8
172 173 8
172 583 19
172 946 28
556 558 -28
556 555 -8
556 945 28
556 554 -13
148 150 -13
148 553 -8
148 146 -8
148 915 19
120 121 -28
120 528 -13
120 890 8
120 93 13
665 251 8
665 663 19
665 664 19
665 667 8
665 1051 8
251 252 -28
251 224 19
251 1026 19
251 277 28
663 661 -13
663 662 -13
663 249 19
663 1049 13
664 636 -19
664 692 -13
664 1054 8
664 254 -28
667 253 8
667 669 -8
667 1053 19
667 666 -19
1051 279 13
1051 1025 -19
1051 1079 28
1051 1052 19
391 392 28
391 419 -13
391 785 -28
392 782 19
392 390 8
392 394 -28
419 20 -8
419 813 -8
419 447 -8
419 420 -8
785 783 -19
785 19 19
785 787 8
785 784 -8
473 445 8
473 867 13
473 474 -8
473 501 -8
473 71 28
445 839 -28
445 417 8
445 446 19
445 45 13
867 97 -28
867 869 28
867 865 8
867 866 -8
474 476 -8
474 864 -13
474 472 -13
474 68 13
501 502 -13
501 894 28
501 529 -19
501 98 8
71 73 28
71 69 19
71 836 -8
71 70 8
936 543 -28
936 934 -8
936 935 -13
936 938 -8
543 570 -28
543 515 13
543 544 -28
543 138 -13
934 162 13
934 933 8
934 932 8
934 541 13
935 166 -19
935 546 -13
935 907 19
935 962 -13
938 937 19
938 165 19
938 940 -8
938 545 28
161 134 -19
161 569 -13
161 932 28
161 186 -13
134 904 -19
134 107 -13
134 542 -19
569 568 -28
569 958 -28
569 571 -28
932 931 -13
186 213 -28
186 597 -8
186 959 -28
476 70 -28
476 866 28
476 475 19
476 478 -13
70 839 28
70 44 -19
866 838 -19
866 893 -13
866 100 8
475 73 -19
475 869 -19
475 447 -19
475 503 13
478 868 19
478 477 -13
478 72 19
478 480 -8
439 39 19
439 833 13
439 467 -13
439 440 13
439 411 8
39 38 -8
39 37 19
39 41 -28
39 802 28
833 835 13
833 64 -8
833 832 13
833 831 -28
467 495 13
467 861 -28
467 468 -8
467 65 13
440 438 19
440 830 -19
440 36 8
440 442 -28
411 412 -13
411 12 8
411 383 -8
411 805 -13
880 878 -13
880 110 28
880 879 13
880 882 -8
880 487 -8
878 877 -8
878 485 -8
878 108 -8
110 137 -28
110 83 -8
110 111 8
110 518 28
879 852 -19
879 490 -28
879 907 -13
879 113 8
882 489 19
882 112 19
882 881 -8
882 884 8
487 488 -13
487 459 -13
487 515 -19
487 84 8
193 605 -19
193 220 -8
193 194 8
193 967 -28
193 167 28
605 994 19
605 603 -8
605 604 28
605 607 19
220 633 28
220 247 13
220 995 8
220 221 -13
194 602 8
194 196 19
194 192 -8
194 964 -13
967 574 13
967 969 -8
967 965 -19
967 966 19
167 577 19
167 141 -8
167 940 13
705 1091 -19
705 707 8
705 704 -8
705 703 28
705 288 -13
1091 318 13
1091 1063 28
1091 1092 -13
1091 1119 13
707 290 13
707 1093 -8
707 706 -19
704 291 -8
704 676 -13
704 732 8
704 1094 28
703 1089 19
703 701 -28
703 286 13
703 702 13
288 289 28
288 315 -13
288 263 13
288 1064 -13
539 566 -28
539 511 28
539 540 -19
566 594 -28
566 567 -28
511 512 13
511 483 -8
540 132 28
540 929 -8
540 538 -19
289 291 13
289 287 -28
289 702 19
289 1061 -28
315 342 8
315 316 -8
315 733 19
315 1092 -19
263 1038 28
263 236 -19
263 264 28
263 677 19
1064 1063 -19
1064 1066 8
1064 1062 -8
1064 674 -8
38 805 28
38 11 19
38 442 8
38 64 -19
805 804 19
805 807 -13
805 803 13
11 12 -13
11 777 -13
11 414 -13
442 444 -13
442 832 8
442 441 19
64 91 -13
64 65 -28
64 470 19
20 18 13
20 782 -13
20 22 19
20 19 8
18 16 28
18 417 28
18 780 19
18 17 13
782 810 -28
782 783 19
22 421 -19
22 21 -19
22 784 19
22 24 -8
19 422 28
19 46 13
291 290 -28
291 1063 28
290 1066 -28
290 265 -19
290 317 8
1063 1037 28
1063 677 -13
257 1032 13
257 671 13
257 258 -13
257 230 -28
257 282 -8
1032 1034 13
1032 1030 -13
1032 640 19
1032 1031 19
671 673 -19
671 1057 -28
671 670 13
671 669 -19
258 256 8
258 668 -19
258 260 -28
258 1029 13
230 1005 -19
230 643 -19
230 231 28
230 203 28
282 283 -28
282 1058 8
282 309 -19
282 699 -19
524 526 19
524 523 28
524 522 28
524 116 13
524 913 -13
526 118 13
526 525 28
526 528 -19
526 915 8
523 119 28
523 495 28
523 551 -19
523 916 -28
522 911 13
522 520 -19
522 114 28
522 521 -19
116 886 -19
116 89 28
116 143 -13
116 117 13
913 914 8
913 941 -19
913 885 -28
913 146 -8
886 884 -28
886 888 -19
886 885 19
886 493 -13
89 90 19
89 62 28
89 859 -28
89 496 -28
143 552 28
143 914 19
143 144 -13
143 168 8
117 119 -8
117 115 28
117 521 13
117 883 13
810 420 -8
810 838 8
810 811 -28
810 47 -19
420 422 8
420 418 13
420 17 -13
838 839 -28
838 73 8
838 448 -8
811 44 13
811 809 -28
811 417 13
811 813 28
47 45 -13
47 447 -8
47 46 8
47 49 -28
1035 1061 -19
1035 1036 -8
1035 1008 8
1035 264 -28
1035 647 19
1061 1089 8
1061 1062 -19
1061 675 8
1036 1034 8
1036 644 -8
1036 1038 28
1036 261 -19
1008 619 13
1008 1009 13
1008 980 -28
1008 237 -8
264 262 8
264 674 -13
264 266 13
647 645 -28
647 234 -28
647 646 -28
647 649 28
489 86 28
489 517 13
489 490 -19
489 461 13
86 852 -19
86 85 -8
86 88 28
86 84 -8
517 545 -13
517 518 8
517 910 28
517 113 8
490 488 -8
490 83 28
490 492 13
461 462 -28
461 59 8
461 433 -28
461 855 -28
623 621 13
623 622 13
623 211 19
623 1011 -28
621 619 19
621 209 28
621 620 8
622 594 -8
622 650 -8
211 238 19
211 212 19
211 985 -28
211 184 19
1011 1012 19
1011 984 28
753 752 28
753 1139 -28
753 751 -8
753 755 -13
752 337 13
752 724 13
752 1142 19
1139 1140 8
1139 364 -13
751 750 28
751 1137 -8
751 749 28
751 332 -13
755 336 19
755 754 8
755 1141 8
755 757 8
119 118 -13
119 885 28
119 121 -28
118 91 -13
118 145 -8
118 888 -8
885 858 -8
885 496 19
121 525 -13
121 887 13
121 123 13
361 1140 -19
361 362 -28
307 308 -8
307 1084 -8
307 280 -19
307 725 -8
335 337 -13
335 750 28
335 333 -13
335 1109 -19
337 336 13
337 339 -13
336 363 -19
336 309 -13
339 754 -13
339 338 8
339 1113 13
339 341 -8
794 31 -8
794 795 8
794 822 28
794 404 8
794 766 28
31 33 19
31 431 8
31 30 28
31 29 -28
795 28 13
795 793 8
795 797 28
795 401 13
822 850 28
822 432 13
822 57 19
822 823 -28
404 406 28
404 402 8
404 403 -28
404 1 -8
766 376 -13
766 767 -19
766 4 19
1128 349 -19
1128 1127 13
1128 1130 -19
1128 738 8
1128 1126 -8
349 322 19
349 350 -13
1127 352 -13
1127 1099 -13
1127 741 -28
1130 351 8
1130 1132 -13
1130 1129 -19
1130 740 -13
738 710 13
738 739 28
738 323 -8
1126 736 -19
1126 347 -19
1126 1125 -19
1126 1124 -13
67 65 19
67 69 -28
67 469 -19
67 66 -19
67 832 19
65 63 -19
65 830 19
69 68 19
69 471 13
69 834 8
469 470 13
469 441 -8
469 863 -13
469 497 -8
66 472 8
66 835 19
66 40 13
66 93 -19
832 804 13
832 860 -13
858 92 28
858 830 -28
858 859 -28
858 468 19
92 495 8
92 91 -28
92 94 19
92 90 -13
830 802 -19
830 831 28
859 465 -28
859 857 -13
859 861 28
468 62 -13
468 466 -19
468 470 19
573 571 -13
573 575 28
573 962 13
573 572 8
571 162 -28
571 570 -13
571 960 13
575 574 28
575 577 -13
575 964 8
575 165 28
962 990 -19
962 963 13
962 192 -19
572 166 19
572 545 -8
572 965 -8
572 600 28
673 1059 -28
673 675 28
673 259 -8
673 672 13
1057 285 8
1057 1031 28
1057 1085 28
1057 1058 28
670 642 13
670 698 13
670 1060 8
670 260 13
669 255 28
669 1055 -28
669 668 -28
397 425 -13
397 791 8
397 398 -13
425 453 -8
425 426 -19
425 26 -28
425 819 19
791 789 -28
791 25 -28
791 790 -28
398 396 8
398 788 -8
398 400 19
839 841 13
839 837 8
841 447 -28
841 72 -28
841 843 -28
841 840 19
837 835 13
837 68 -28
837 836 -8
837 443 -28
1083 310 -28
1083 1084 -19
1083 1055 -8
1083 697 -8
310 312 -8
310 308 28
310 724 8
310 309 -8
1084 694 13
1084 1082 13
1084 1086 28
1055 283 -8
1055 1056 -13
1055 1029 -28
697 695 -8
697 280 19
697 699 28
697 696 -28
166 164 -8
166 165 13
164 933 -28
164 163 -13
164 570 28
165 191 -13
165 139 -19
636 227 8
636 1028 -8
636 637 13
636 608 -13
227 226 -28
227 229 8
227 225 -8
227 998 28
1028 253 19
1028 1026 -13
1028 1030 8
1028 1027 -19
637 639 28
637 1025 13
637 635 -13
637 224 19
608 609 -28
608 580 8
608 200 28
608 1001 -28
574 547 28
574 602 8
577 579 -19
577 966 -8
577 576 19
964 937 -8
964 992 -8
964 965 -13
942 941 19
942 549 -19
942 940 -8
942 944 13
942 168 -19
941 171 -8
941 552 -19
941 968 -28
549 550 19
549 144 -13
549 521 13
549 576 -19
940 547 -13
940 939 -8
944 551 8
944 946 8
944 170 13
944 943 19
168 579 19
168 195 13
168 169 -28
905 933 -8
905 516 -19
905 877 8
905 138 -8
905 906 -8
933 544 -8
933 960 -8
516 514 19
516 108 8
516 515 8
516 518 13
877 488 -28
877 111 -19
877 850 13
138 137 19
138 136 28
138 140 -28
906 513 13
906 908 -19
906 904 8
906 135 8
226 1001 -19
226 199 -28
226 639 28
226 253 13
1001 1000 13
1001 1003 -19
1001 999 28
199 200 -8
199 611 19
199 973 -13
639 638 -19
639 1027 -28
639 641 -28
253 278 19
253 254 8
482 872 -19
482 480 8
482 76 -13
482 484 -13
482 481 13
872 899 28
872 873 -19
872 106 -13
872 844 8
480 870 -19
480 74 -28
480 479 -19
76 50 28
76 103 13
76 77 -8
76 845 19
484 78 13
484 483 -8
484 874 -19
481 453 8
481 509 -19
481 79 19
481 875 19
417 418 13
417 389 -19
446 444 -19
446 836 13
446 448 -19
446 42 8
45 44 19
45 43 28
45 808 -19
884 114 19
884 883 -19
884 491 8
888 495 28
888 890 -8
888 887 -8
493 465 -19
493 90 -13
493 521 -8
493 494 13
1004 1031 8
1004 615 -13
1004 1005 -19
1004 233 -13
1004 976 -13
1031 260 28
1031 643 -19
615 613 -8
615 614 19
615 617 19
615 203 13
1005 612 13
1005 1007 -19
1005 1003 -8
233 642 8
233 232 19
233 235 -28
233 231 19
976 977 -13
976 206 19
976 949 -8
976 587 -19
721 720 8
721 1107 19
721 723 28
721 303 -13
721 719 28
720 306 -28
720 692 -8
720 748 13
1107 1108 8
1107 1135 8
1107 1079 -13
1107 333 -28
723 1109 -19
723 305 -28
723 725 -8
303 330 19
303 1080 -13
303 304 8
303 277 -8
719 1105 -28
719 717 13
719 301 -19
719 718 28
44 448 -19
44 17 -8
448 447 -8
448 450 -19
17 783 -8
989 596 19
989 987 -13
989 991 8
989 988 -28
989 214 19
596 568 19
596 624 -8
596 597 -8
596 188 13
987 213 28
987 986 -28
991 990 -8
991 598 8
991 993 13
991 216 19
988 217 -13
988 599 -13
988 1015 28
988 960 28
214 241 -8
214 627 19
214 187 28
214 215 19
306 305 13
306 308 -28
306 304 -28
306 1079 -19
305 278 -19
305 1082 -13
305 332 -13
308 1081 28
304 718 -13
304 1077 8
304 302 13
1079 1080 -13
1079 693 8
816 426 13
816 817 19
816 53 8
816 788 -19
816 844 28
426 424 -28
426 428 19
426 23 -8
817 815 28
817 423 -13
817 50 28
817 819 -19
53 453 -28
53 52 -8
53 51 -28
788 789 -28
788 26 13
844 845 8
844 79 -28
844 454 19
495 496 -28
496 494 28
496 498 13
279 692 -19
279 278 13
279 281 -13
1025 998 8
1025 254 -19
1025 1026 -8
1052 662 -13
1052 1050 -13
1052 1054 -8
1052 277 19
125 529 8
125 124 28
125 127 -8
125 123 13
125 891 -28
529 922 -28
529 557 19
529 530 28
124 97 8
124 532 13
124 894 -13
124 151 8
127 531 8
127 893 13
127 129 -8
127 126 19
123 527 -13
123 889 -19
123 122 8
891 864 -8
891 892 28
891 502 28
891 919 -8
594 595 -19
595 593 13
595 984 13
595 184 -13
352 350 -28
352 351 13
352 354 13
350 1125 8
350 348 8
351 324 28
354 1129 28
354 356 -13
354 353 -28
91 498 13
91 861 -13
498 497 8
498 887 -13
498 500 19
861 863 -8
861 860 -13
1134 1133 -13
1134 1136 19
1134 1132 8
1134 744 28
1134 355 13
1133 358 28
1133 1105 -13
1133 747 -13
1136 1135 13
1136 357 -13
1136 1138 19
1136 746 13
1132 1131 -13
1132 742 28
1132 353 -13
744 716 -8
744 329 -28
744 745 -8
355 356 -8
355 328 19
73 72 -19
73 75 8
72 46 28
72 99 -28
75 77 19
75 74 28
75 840 -8
75 477 13
864 836 -13
864 865 -19
864 98 13
836 808 8
865 863 19
865 471 19
865 95 -8
98 97 -19
98 96 -13
98 100 -8
579 581 8
579 968 19
579 578 28
581 580 28
581 970 -19
581 170 13
581 583 8
968 996 28
968 969 13
968 198 13
578 171 -19
578 606 19
578 551 8
578 971 28
570 963 13
570 598 13
515 908 -13
515 111 28
544 546 -28
544 542 19
544 135 28
736 737 13
736 708 -19
736 321 -13
737 1123 8
737 739 -28
737 319 -19
708 1098 -19
708 294 28
708 680 -28
708 709 -19
321 1095 8
321 323 -8
321 320 13
1099 1071 -13
1099 325 28
1099 713 -13
1099 1100 -28
1071 298 8
1071 1072 8
1071 685 -19
1071 1044 28
325 324 -13
325 327 -8
325 323 13
325 740 -8
713 712 28
713 711 -28
713 295 28
713 715 13
1100 710 -28
1100 1102 19
1100 1098 -28
1100 322 -8
1089 316 -13
1089 1117 -8
1089 1090 -13
316 318 -8
316 314 28
316 730 19
1117 1145 -19
1117 1118 -19
1117 343 13
1117 731 19
1090 1088 -8
1090 700 -19
1090 1092 19
1090 313 19
171 169 19
171 173 -28
171 170 8
169 939 13
169 576 -13
173 580 19
173 943 28
173 175 19
170 145 13
170 197 19
642 1034 -19
642 643 -8
642 614 19
1034 259 -8
1034 1033 28
643 645 28
643 641 -13
614 586 -8
614 206 28
614 1007 -13
137 908 28
137 546 28
908 907 -13
908 910 8
546 545 19
546 548 -13
948 555 -28
948 950 19
948 947 -19
948 174 8
948 946 -19
555 527 8
555 150 28
555 582 13
950 176 19
950 557 -8
950 949 8
950 951 -8
947 177 -13
947 558 13
947 919 -19
947 974 19
174 585 28
174 149 13
174 201 -8
174 175 19
946 945 -13
946 553 28
645 1033 19
645 232 -28
645 644 13
1033 1006 -19
1033 262 -19
1033 1059 13
232 259 -8
232 1007 -8
232 205 -8
644 235 -8
644 672 19
644 616 13
911 883 -28
911 912 8
911 939 28
911 144 -19
883 494 19
883 856 -8
912 910 -8
912 519 19
912 914 8
912 141 -19
939 550 -13
939 966 -13
144 146 -19
144 142 -28
259 284 19
259 260 -19
1007 1006 -19
1007 1009 -8
205 206 -8
205 979 -28
205 178 19
205 617 28
654 626 -13
654 682 28
654 244 -28
654 1045 -19
654 655 19
626 217 -13
626 1018 13
626 627 -28
626 598 8
682 710 19
682 683 -19
682 1072 -8
682 270 28
244 243 28
244 246 -8
244 242 -13
244 1015 28
1045 1043 -19
1045 1044 -8
1045 1046 19
655 653 -28
655 657 19
655 1042 13
655 241 8
463 61 -8
463 857 19
463 464 -13
463 435 8
463 491 -19
61 63 -19
61 59 28
61 826 -13
61 60 -13
857 87 13
857 855 -13
857 856 -19
464 466 13
464 854 19
464 462 -13
464 58 8
435 436 -13
435 407 19
435 829 -19
435 35 28
491 492 13
491 519 -28
491 88 -13
727 729 28
727 725 -28
727 1113 28
727 726 28
727 309 8
729 311 -8
729 1115 19
729 731 -28
729 728 13
725 724 13
1113 1141 -13
1113 1085 -19
726 312 -28
726 698 8
726 754 28
726 1116 -13
309 1086 -19
217 215 8
217 219 -28
217 216 28
215 986 -8
215 624 8
219 990 -28
219 628 -28
219 218 -13
219 221 8
216 189 -19
216 243 -19
216 629 19
692 1082 19
692 693 28
1082 1081 -28
1082 1080 13
693 695 -13
693 691 19
693 277 13
312 314 8
312 311 8
312 1085 8
314 313 28
314 1087 19
314 728 -28
311 284 -28
311 1088 -28
1085 699 -28
1085 1086 -8
465 466 -13
465 63 8
465 437 -8
466 60 13
466 856 -19
63 62 -19
63 828 -13
437 438 8
437 37 19
437 409 -8
437 831 -13
410 408 -13
410 800 -8
410 412 -13
410 7 -13
410 409 13
408 407 8
408 406 -8
408 798 19
408 5 -19
800 37 28
800 772 19
800 828 -13
800 801 13
412 414 -13
412 802 8
412 9 8
7 34 -19
7 8 -13
7 773 -19
409 381 8
409 10 28
409 803 -19
278 695 -13
278 1054 28
695 694 19
695 1081 -8
1054 1056 -13
1054 1053 28
502 504 -19
502 500 -8
502 95 19
894 893 28
894 896 13
894 892 -19
694 666 -28
694 281 -13
666 638 28
666 256 28
666 1056 28
281 283 19
281 1053 -8
281 280 19
285 698 28
285 284 19
285 287 -13
285 283 13
1058 1060 28
1058 1056 28
1058 668 -8
358 356 -13
358 357 8
358 360 -8
356 1131 -8
357 330 28
360 359 19
360 1135 -28
360 362 -19
97 504 13
504 893 -28
504 506 -13
504 503 -28
513 541 -13
513 109 28
513 514 -19
513 485 -8
541 568 -28
541 136 -28
541 542 -8
109 876 -19
109 111 -19
109 108 28
514 107 13
514 903 28
485 486 -13
485 457 -28
485 82 -13
613 201 19
613 1002 -28
613 611 19
613 612 8
201 228 28
201 202 -28
201 975 -13
1002 1029 -13
1002 974 28
1002 1003 -8
1002 231 28
611 1000 -28
611 609 13
611 610 19
612 584 -28
612 204 8
612 640 -13
1043 268 19
1043 652 13
1043 1041 8
1043 1042 8
268 683 -19
268 293 -28
268 241 8
652 653 13
652 242 -13
652 624 -8
652 680 13
1041 267 -19
1041 1040 19
1042 270 8
1042 1069 -13
1042 1015 13
743 741 -8
743 742 -13
743 324 -13
743 745 13
743 1129 -8
741 739 8
741 322 13
741 740 -8
742 714 -28
742 327 -8
324 297 -19
324 1102 -8
745 326 13
745 1131 13
745 747 8
1129 1101 -28
1140 1142 -13
1140 1138 -8
1140 750 8
1142 1141 28
1142 363 -28
1142 1144 -28
1138 359 -8
1138 1137 -13
1138 748 -13
297 715 -8
297 298 8
297 271 -8
297 1074 -8
1102 712 -8
1102 1104 -13
1102 1101 28
567 565 -28
567 956 -13
567 159 -28
1105 1077 -13
1105 331 -28
1105 1106 -8
1077 691 -19
1077 1078 -28
1077 1049 -8
331 330 -13
331 333 -19
331 746 19
331 329 8
1106 1108 8
1106 1104 19
1106 716 28
1106 328 8
648 239 13
648 649 8
648 620 -13
648 1039 -28
648 676 28
239 238 8
239 237 -13
649 651 8
649 236 -28
649 1037 19
620 212 -19
620 1012 19
620 592 8
1039 265 -28
1039 1038 -28
676 1066 -28
676 266 -13
676 677 -28
1108 718 28
1108 330 28
718 690 28
718 746 8
330 749 -19
661 660 -28
661 1047 -13
661 659 8
661 247 -13
660 250 -19
660 688 -19
660 1050 -28
660 632 19
1047 1048 28
1047 1021 19
1047 1075 -28
1047 276 19
659 245 -8
659 658 19
659 657 8
247 1022 -19
247 273 -28
247 248 13
238 265 -13
238 1012 19
238 651 8
265 679 13
265 266 -8
1012 1010 19
651 650 13
907 140 -28
907 518 -13
910 139 -13
910 909 28
470 472 28
470 860 19
441 835 13
441 413 -13
441 41 -28
863 93 -19
863 862 28
497 94 -8
497 525 -13
497 890 28
472 862 19
472 471 -28
862 96 -13
862 834 -28
862 889 -13
471 443 -13
471 499 28
931 542 28
931 958 8
931 163 13
931 903 -28
958 986 -13
958 959 8
958 188 -19
163 568 -19
163 162 8
903 904 -13
903 136 8
903 876 -13
698 1088 19
698 699 19
1088 1087 -19
1088 1086 19
699 701 19
189 963 -19
189 190 19
189 601 28
963 961 8
963 965 -28
190 598 -8
190 192 28
190 188 13
190 960 -28
601 603 28
601 990 -8
601 599 28
601 600 8
318 317 8
318 732 -19
317 735 8
317 344 8
317 1094 13
732 760 13
732 1122 19
732 733 8
416 13 19
416 414 19
416 806 -19
416 418 8
416 415 13
13 40 19
13 779 28
13 14 28
414 804 -19
414 413 -8
806 43 28
806 778 28
806 834 19
806 807 -8
418 808 -13
418 15 13
415 16 8
415 387 -28
415 809 -8
415 443 -13
701 700 28
701 284 13
701 1087 8
700 287 -28
700 728 28
700 672 -13
284 1060 -8
1087 1059 -19
1087 1115 19
535 928 13
535 536 8
535 563 19
535 131 -8
535 507 -8
928 157 13
928 927 -28
928 926 19
928 930 13
536 925 8
536 128 8
536 538 -8
536 534 13
563 158 -8
563 590 -19
563 955 13
131 129 19
131 897 -28
131 130 28
131 133 -19
507 900 -28
507 508 8
507 104 8
507 479 13
1060 1059 19
1060 1062 -8
710 711 -8
710 296 -13
711 293 -8
711 1097 13
711 709 -13
296 1069 8
296 298 19
296 295 -19
296 294 -19
783 781 -8
783 389 -13
16 15 -19
16 14 8
16 778 13
15 781 13
15 42 8
14 413 28
14 12 8
14 776 -28
778 388 -13
778 779 -19
1037 1038 -13
1037 266 -13
677 679 -19
677 675 -28
287 1059 13
287 286 -28
286 261 19
286 1062 -8
286 313 -13
520 112 28
520 518 28
520 519 19
520 909 -8
112 85 19
112 113 -13
112 139 19
519 115 28
519 547 13
909 937 8
909 142 19
909 881 13
85 492 -19
85 855 -8
85 58 -8
113 115 -28
113 111 -13
139 140 -8
139 548 19
787 393 8
787 789 13
787 21 13
787 786 -19
784 812 -8
784 394 19
1066 1065 -19
1065 1093 8
1065 679 28
619 207 28
619 618 -13
619 617 13
207 981 19
207 234 -13
207 208 13
207 180 13
618 590 13
618 210 28
618 1010 8
618 646 -8
617 1006 8
617 616 28
94 93 -19
94 96 13
94 860 -28
93 500 -19
96 499 19
96 95 8
860 887 -28
749 747 28
749 1135 -19
749 748 19
114 141 13
114 87 19
114 115 28
141 550 -13
141 142 13
87 494 13
87 88 -13
87 60 28
115 881 -8
62 831 19
62 36 13
828 438 -28
828 829 -28
828 856 -28
158 156 13
158 160 -28
158 157 28
158 925 19
156 561 28
156 155 8
156 154 8
156 923 -28
160 927 -19
160 564 -13
160 159 28
157 565 28
157 182 -13
157 130 8
925 926 -28
925 897 28
1053 1027 -28
1053 1081 -8
393 394 -8
393 421 28
394 396 -8
421 422 -8
421 815 -19
421 449 -19
835 834 19
834 444 28
1123 1095 -8
1123 348 13
1123 1124 28
1095 1096 19
1095 1067 -28
1095 709 -28
348 347 13
1124 346 8
568 961 -8
961 959 19
961 187 19
961 960 13
162 135 13
162 187 -19
135 136 -8
135 108 -13
187 599 13
187 188 -8
868 869 8
868 840 19
868 895 -8
868 102 8
477 449 -8
477 505 19
477 871 8
937 548 -28
548 550 -13
548 547 -28
881 492 28
881 854 -13
717 1103 8
717 299 8
717 716 -28
717 715 -19
1103 1131 8
1103 1104 -28
1103 329 13
1103 1075 8
299 1076 -13
299 326 8
299 300 28
299 273 28
716 302 -8
716 688 -19
715 714 -19
715 1101 -8
422 812 13
422 424 -8
812 840 -8
812 49 19
812 813 8
424 21 -13
424 814 -28
424 423 19
46 813 -13
46 450 -13
789 23 -19
789 395 28
23 50 -8
23 24 -28
395 396 19
395 423 -8
40 807 -28
40 444 8
40 41 -8
807 413 -28
807 809 8
444 443 19
41 43 -19
41 804 -28
981 979 19
981 588 19
981 983 -28
981 980 19
979 977 -19
979 586 -19
979 978 -8
588 616 8
588 561 -8
588 589 -8
588 181 28
983 590 -8
983 985 -19
983 982 19
983 209 -19
980 210 -19
980 952 13
980 591 28
21 48 -8
24 786 -13
24 26 28
24 423 -13
650 678 13
145 554 8
145 146 -28
145 916 -13
301 328 19
301 302 8
301 275 -28
301 1078 -19
328 329 19
328 747 19
302 1075 28
302 300 -19
275 249 -19
275 691 8
275 1050 -28
275 276 19
1078 1076 19
1078 688 19
1078 1080 13
250 249 -19
250 252 -19
250 248 19
250 1021 -28
249 1024 -28
249 222 28
252 662 28
252 1023 -28
252 254 -19
248 658 -28
248 1019 28
248 246 -19
1021 633 28
1021 994 -8
1021 1022 28
25 52 8
25 26 -13
25 428 -28
790 818 -13
790 400 28
1026 1024 -28
1026 634 19
1030 638 8
1030 1029 -13
1030 255 8
1027 256 28
1027 1000 19
363 364 -28
1145 370 19
1145 1146 -28
1145 759 -8
370 369 -8
370 368 13
370 372 8
1146 367 -19
1146 756 -8
1146 1148 19
1146 1144 -28
759 758 -13
759 761 28
759 340 13
759 757 -8
590 183 -19
590 591 -28
183 952 28
183 182 19
183 181 28
183 185 -19
591 180 19
591 593 13
591 589 8
68 95 -13
68 42 -8
347 320 -28
320 1098 19
320 739 -8
320 293 13
740 712 -19
675 674 8
675 261 28
672 262 28
672 1062 -19
843 74 -13
843 449 -13
843 842 8
843 845 13
840 450 -19
390 389 -19
390 388 28
390 780 8
388 386 -19
388 387 -19
780 781 -19
780 808 -13
547 142 -28
602 603 -19
602 630 28
602 995 -13
638 229 13
638 610 28
229 1000 13
229 228 -19
229 231 28
610 582 -13
610 202 -28
610 1003 19
1076 686 13
1076 1075 8
1076 1074 8
686 658 19
686 714 -19
686 274 28
686 687 -13
1075 689 19
1074 1073 28
1074 1072 -28
1074 684 -8
890 889 -13
890 892 -19
887 915 8
210 209 -28
210 208 8
210 212 -19
209 236 -8
209 182 13
208 206 -28
208 616 13
208 978 28
212 982 -19
1006 978 28
1006 235 -19
978 589 -13
235 234 13
235 237 -19
438 436 -28
438 34 8
436 434 -19
436 32 -28
436 826 -8
34 60 13
34 35 -19
34 801 8
1109 1137 13
1109 1081 -19
332 359 -8
332 333 28
37 35 -13
37 36 19
35 33 -8
35 798 13
36 9 13
36 803 8
256 254 -28
256 255 -28
255 228 -28
255 280 19
369 1148 -19
369 342 19
1148 1147 -19
1148 758 -19
1148 1150 19
342 343 19
342 1120 -13
342 761 -13
405 377 13
405 406 -28
405 799 13
405 433 8
405 6 -8
377 378 13
377 771 8
406 3 19
406 796 8
799 32 -8
799 801 -28
799 798 28
799 797 -19
433 434 28
433 33 28
433 827 28
6 8 8
6 5 8
6 4 -13
6 768 13
488 81 28
488 486 -13
81 108 -13
81 55 -13
81 82 19
81 851 8
486 876 8
486 80 13
353 326 28
746 747 8
77 79 -19
77 479 -13
77 842 -8
74 48 -28
74 101 19
855 854 -28
855 853 13
856 90 13
739 1125 8
323 322 -13
323 1097 13
847 453 -19
847 78 -19
847 846 -28
847 845 28
453 454 13
78 52 -19
78 105 -19
78 79 -28
846 456 13
846 874 13
846 818 -13
845 451 28
396 786 -19
786 814 -19
616 1009 13
1080 690 -8
234 261 -8
234 1009 19
261 262 28
1009 1010 -28
656 657 19
656 628 -13
656 246 13
656 684 13
656 1046 -8
657 243 13
657 1044 -8
628 1020 -8
628 600 -8
628 629 8
246 245 -13
246 1017 19
684 712 -28
684 685 13
684 272 19
1046 271 -28
1046 1048 28
984 985 28
984 956 -28
443 43 -8
1115 1143 -28
1115 1116 13
1115 341 -28
731 730 19
731 313 8
731 733 -28
728 756 8
728 1118 19
381 382 19
381 775 -8
10 9 8
10 8 19
10 772 -28
10 12 -13
803 802 28
803 801 8
43 42 13
42 809 8
313 340 -8
802 774 -8
9 775 8
775 773 13
775 777 28
775 774 -8
262 260 13
815 814 8
815 48 -19
815 813 13
814 51 -28
814 842 -19
48 452 -13
48 49 -13
512 105 -13
512 510 -19
512 901 -19
105 106 13
105 132 13
105 875 19
510 508 28
510 899 8
510 509 19
510 103 -8
901 929 -13
901 874 -13
901 902 -8
779 781 -8
779 385 28
779 777 -19
584 977 28
584 177 -28
584 585 8
584 557 8
204 206 13
204 202 8
204 974 -28
204 203 13
640 641 28
640 231 28
640 668 28
781 387 -19
90 88 28
88 854 -13
586 559 28
586 179 13
586 587 8
560 558 28
560 949 -28
560 559 -13
560 151 28
560 562 28
558 557 -28
558 149 -8
949 921 28
949 179 -13
559 531 8
559 951 13
559 154 -8
151 176 28
151 922 19
151 152 -28
562 561 13
562 153 -8
333 748 -8
688 689 13
688 276 13
1050 1049 13
1050 1048 -19
632 1024 -13
632 633 -8
632 223 13
632 604 13
1086 696 -13
662 690 28
662 634 -28
690 691 19
634 635 13
634 606 28
634 225 19
499 527 -28
499 892 -19
499 500 -8
876 848 -8
848 849 13
848 458 -8
848 820 -13
848 82 28
1010 236 8
808 809 -13
850 460 -8
850 84 -19
850 851 13
977 203 28
977 975 -13
203 176 19
975 973 -13
975 582 8
975 974 8
712 298 -8
298 300 -19
1093 1121 8
1093 1094 -19
679 678 13
646 674 -13
646 1038 28
646 237 -28
27 793 28
27 54 -8
27 430 -28
27 0 19
793 792 8
54 80 19
54 458 8
54 821 28
430 429 13
430 820 -8
430 432 8
0 402 28
0 765 -8
271 245 28
271 272 -19
271 687 28
95 122 -8
955 957 -28
955 182 -13
955 954 -13
955 953 -8
1024 1023 13
1024 1022 -19
1023 1049 13
1023 996 28
1023 635 13
1022 1020 -8
1022 630 -28
245 1020 -13
245 218 -19
1020 1019 8
1020 1018 -19
218 631 -8
218 191 28
218 993 13
869 871 13
869 99 -28
871 870 19
871 101 -28
871 873 -28
99 506 -19
99 126 13
99 100 28
831 829 -13
565 954 8
565 564 13
954 927 28
954 982 -13
954 185 -28
564 957 19
564 537 19
564 592 -13
182 593 -8
130 103 -28
130 900 -13
130 538 28
927 538 8
927 899 13
159 132 28
159 184 28
159 930 -19
668 696 13
1125 1097 13
1097 1098 -19
1097 1069 8
386 385 -28
386 776 -13
386 384 -13
385 413 -19
776 804 -13
776 777 -19
384 383 -28
384 774 28
384 382 8
1072 295 -8
1072 1070 28
685 683 19
685 269 28
685 687 -28
1044 1017 -19
1044 272 8
952 953 19
434 30 -8
434 432 28
434 824 19
30 3 19
30 797 -8
432 28 -8
432 431 -8
824 852 -28
824 825 8
824 59 13
824 796 28
985 592 19
982 593 -28
283 696 -8
696 724 13
33 796 -28
33 32 -28
796 768 -19
796 797 -8
32 5 -28
32 58 -28
222 635 8
222 195 19
222 997 13
222 223 -13
818 819 -28
818 428 -28
400 399 28
826 854 8
826 827 -8
826 798 -28
763 761 -8
763 344 -8
763 1149 -13
763 762 -19
761 1147 -13
761 760 -28
344 371 13
344 345 -19
344 1122 13
1149 1150 28
1149 1121 13
762 734 -28
1000 972 -28
1029 641 28
1147 372 19
1147 1119 8
372 371 -28
1119 1120 28
1119 345 -19
1119 733 19
450 452 28
450 449 19
322 295 -13
80 849 -28
80 107 8
849 851 13
852 462 28
852 853 19
462 460 -8
853 459 28
853 83 -19
853 851 28
691 689 19
236 237 28
633 635 8
633 631 8
631 1019 -19
631 630 8
631 629 -19
132 133 28
132 902 -28
929 956 28
929 930 13
538 537 -28
371 1150 28
1150 760 -19
407 8 8
407 801 -28
407 379 19
8 770 -13
379 773 -13
379 380 -19
83 84 8
492 494 19
683 681 13
683 1069 -8
681 267 13
681 680 8
1069 1070 28
28 1 28
28 55 8
28 29 28
797 403 -8
401 429 -13
401 402 -19
401 2 19
401 373 -19
58 59 -28
58 827 13
957 956 8
957 184 -19
184 185 -13
921 532 28
921 893 28
921 154 -28
921 922 19
532 531 8
532 530 -13
532 534 8
154 153 13
154 152 -8
922 920 28
922 924 -28
224 197 -13
224 999 -19
224 225 -28
658 630 13
658 1048 -28
630 221 8
1048 273 -28
225 996 8
225 223 13
998 609 13
998 970 8
998 999 -8
1096 319 19
1096 1098 -28
319 346 -19
319 292 -13
375 376 28
375 403 -19
375 769 13
376 378 19
376 374 13
403 431 8
403 4 -28
769 768 -19
769 771 28
769 767 -13
769 3 -19
1003 228 -28
12 774 13
383 777 -28
483 455 -28
460 458 -8
460 55 8
460 459 19
458 457 8
55 823 -8
55 56 8
459 57 28
459 431 8
423 451 -8
50 454 13
50 51 8
819 52 19
689 273 19
689 687 -19
273 274 -19
687 1073 -13
593 592 28
531 503 19
531 924 -13
951 178 -8
951 953 -19
561 533 -19
561 953 13
153 924 8
153 126 19
153 178 8
1056 280 28
1019 992 28
992 603 28
992 993 -13
992 221 8
924 926 -28
924 923 28
126 534 -8
126 896 8
178 589 -19
178 179 -28
292 1068 8
292 709 -19
292 267 -28
1092 702 13
1092 1094 19
899 900 28
899 133 -13
1104 714 19
1104 326 28
1101 327 -13
1101 1073 -8
653 240 28
653 1040 13
241 242 -28
241 1016 -28
382 380 -8
382 772 13
1067 294 -19
1067 1040 -28
1067 1068 28
294 293 -8
1040 1013 28
1068 1070 28
587 176 19
587 585 28
587 589 19
60 829 -28
429 29 8
429 823 -8
429 457 19
29 792 8
823 825 -8
823 821 -19
457 851 8
457 56 -19
714 300 -8
300 1073 28
557 152 8
530 919 19
530 528 13
530 122 28
592 185 13
1 2 -19
1 767 8
758 730 -28
758 343 -8
340 1118 8
340 367 19
340 341 28
757 756 -13
757 1143 -8
757 338 -13
326 327 28
996 607 -13
996 997 28
100 503 -13
100 102 8
537 509 13
537 930 -19
537 133 -19
772 773 -8
327 329 13
820 792 -28
820 821 13
820 56 8
82 84 13
829 827 28
827 825 -8
451 51 28
451 479 28
451 452 -28
51 49 -8
479 873 -8
452 842 13
452 454 -28
5 771 -13
180 155 8
180 953 -13
180 181 -8
128 155 -8
128 129 -13
128 898 19
128 101 -19
534 533 -13
534 923 8
994 223 13
994 966 28
994 995 -19
223 221 -8
966 196 13
995 993 28
995 997 -19
293 1070 19
129 533 -28
129 895 28
897 508 -13
897 870 -8
897 898 -8
295 269 -19
177 176 28
177 175 28
177 179 -19
585 974 28
585 583 19
604 196 -8
604 576 -8
604 997 -28
545 140 -13
195 196 -13
195 969 28
195 607 -19
997 999 -13
972 973 -13
972 202 -13
972 583 -19
972 945 28
270 269 -19
270 272 -19
269 243 19
243 1018 19
49 449 -13
367 368 -13
756 341 19
1144 754 19
1144 365 -8
1144 1143 8
276 274 13
603 191 8
191 192 -8
191 965 -19
152 150 -13
152 919 28
641 228 -13
378 768 -8
378 380 13
771 770 -13
771 773 28
57 59 8
57 56 -28
431 825 8
368 1143 -28
368 366 13
3 4 8
525 553 -28
553 580 -8
553 554 19
4 2 19
533 926 19
533 505 8
1018 1017 -19
1018 1016 13
155 926 19
609 607 -19
609 197 -19
607 606 28
197 198 -19
197 971 28
990 1017 13
1017 629 -13
730 702 -19
730 1120 13
343 345 -19
343 341 -28
503 896 28
760 345 -28
1016 1014 28
1016 624 -28
1016 1015 28
678 706 -8
580 973 -8
973 971 -19
179 181 28
600 192 -19
600 993 -13
629 627 8
200 202 19
200 198 8
200 970 28
198 196 8
198 606 -8
970 971 -28
970 943 28
103 104 -8
103 873 19
900 898 -19
900 902 8
509 902 -19
509 106 8
1141 366 -8
366 365 -13
366 364 -13
898 896 -8
898 505 13
606 999 28
1070 680 -13
734 735 19
734 706 -13
735 733 -13
735 1121 -13
272 274 19
402 792 19
792 764 -13
365 338 8
338 1116 -13
770 380 19
770 798 -8
550 552 13
552 554 8
552 551 19
240 1014 -19
240 213 19
240 267 19
527 920 -8
527 528 19
920 919 -13
920 149 -13
528 917 28
969 576 28
969 971 19
508 506 19
508 101 -19
506 895 19
506 505 19
101 102 -8
1014 1013 -13
1013 242 8
1013 986 -19
1013 625 28
945 917 -28
945 175 -8
554 943 -28
674 702 -28
150 149 -28
150 917 -28
149 122 13
917 889 -19
923 895 -8
374 764 8
374 373 19
505 102 -28
1137 362 8
362 364 8
582 175 28
582 583 -19
1118 1116 19
1118 1120 28
1120 1122 -28
895 896 -8
122 892 -8
764 765 8
764 2 -13
765 767 28
842 870 19
454 456 19
874 875 8
373 767 -28
1121 1122 -19
870 104 8
104 106 -19
104 102 -19
521 914 13
551 146 -13
914 916 8
624 625 19
889 500 28
873 875 28
986 597 -19
625 627 13
625 213 -28
1015 627 28
915 943 -8
915 916 13
399 427 28
427 428 28
427 455 -19
598 599 -19
140 142 19
456 455 19
456 52 -13
599 597 -13
