1112 1111 19
1112 334 -28
1112 1110 28
1112 1114 -13
1112 722 -8
1111 337 -19
1111 1083 28
1111 1139 13
1111 725 13
334 753 8
334 361 28
334 307 -8
334 335 -8
1110 1108 19
1110 332 -19
1110 720 -8
1110 1109 -28
1114 336 28
1114 724 8
1114 1116 -8
1114 1113 28
722 694 28
722 723 8
722 308 -19
722 750 8
147 918 -19
147 172 28
147 556 19
147 148 19
147 120 28
918 525 8
918 917 13
918 920 -28
918 916 8
172 199 13
172 173 28
172 583 28
172 946 28
556 558 -28
556 555 19
556 945 -8
556 554 19
148 150 -28
148 553 -13
148 146 -13
148 915 28
120 121 19
120 528 8
120 890 -8
120 93 13
665 251 13
665 663 19
665 664 -8
665 667 -8
665 1051 8
251 252 -19
251 224 -28
251 1026 -8
251 277 -8
663 661 -13
663 662 28
663 249 13
663 1049 -19
664 636 -28
664 692 -13
664 1054 28
664 254 28
667 253 -19
667 669 -13
667 1053 19
667 666 13
1051 279 19
1051 1025 28
1051 1079 13
1051 1052 8
391 392 -19
391 419 -28
391 785 -28
392 782 -13
392 390 28
392 394 -8
419 20 -28
419 813 -19
419 447 -28
419 420 -13
785 783 -13
785 19 -13
785 787 -28
785 784 -13
473 445 13
473 867 -13
473 474 -13
473 501 19
473 71 -13
445 839 -19
445 417 13
445 446 13
445 45 -13
867 97 -13
867 869 -8
867 865 -19
867 866 19
474 476 -28
474 864 8
474 472 13
474 68 8
501 502 -19
501 894 -28
501 529 8
501 98 19
71 73 8
71 69 -8
71 836 -19
71 70 -28
936 543 19
936 934 8
936 935 -28
936 938 19
543 570 -19
543 515 -28
543 544 -19
543 138 -13
934 162 8
934 933 -8
934 932 -28
934 541 19
935 166 -8
935 546 -13
935 907 -28
935 962 -8
938 937 -28
938 165 -19
938 940 19
938 545 19
161 134 8
161 569 28
161 932 -28
161 186 19
134 904 13
134 107 13
134 542 28
569 568 8
569 958 -19
569 571 -19
932 931 28
186 213 13
186 597 -19
186 959 28
476 70 19
476 866 19
476 475 -13
476 478 8
70 839 13
70 44 19
866 838 19
866 893 -13
866 100 13
475 73 28
475 869 8
475 447 -28
475 503 28
478 868 -19
478 477 19
478 72 8
478 480 28
439 39 -8
439 833 -8
439 467 28
439 440 13
439 411 13
39 38 13
39 37 -19
39 41 28
39 802 -13
833 835 19
833 64 -8
833 832 -19
833 831 -19
467 495 19
467 861 -19
467 468 -13
467 65 28
440 438 -13
440 830 13
440 36 -8
440 442 28
411 412 -19
411 12 -19
411 383 19
411 805 8
880 878 19
880 110 -19
880 879 -19
880 882 13
880 487 19
878 877 19
878 485 8
878 108 8
110 137 19
110 83 -13
110 111 -8
110 518 8
879 852 28
879 490 8
879 907 28
879 113 28
882 489 8
882 112 28
882 881 -19
882 884 13
487 488 -28
487 459 13
487 515 13
487 84 8
193 605 19
193 220 28
193 194 -28
193 967 -8
193 167 -19
605 994 -13
605 603 -8
605 604 -19
605 607 -8
220 633 -13
220 247 -19
220 995 -28
220 221 28
194 602 8
194 196 19
194 192 -28
194 964 -19
967 574 8
967 969 -8
967 965 8
967 966 -28
167 577 8
167 141 28
167 940 -19
705 1091 13
705 707 13
705 704 -8
705 703 -28
705 288 -8
1091 318 -13
1091 1063 13
1091 1092 -8
1091 1119 19
707 290 13
707 1093 13
707 706 -19
704 291 8
704 676 28
704 732 -13
704 1094 28
703 1089 -8
703 701 -8
703 286 8
703 702 8
288 289 28
288 315 -19
288 263 -19
288 1064 -19
539 566 -19
539 511 13
539 540 28
566 594 19
566 567 -28
511 512 -8
511 483 13
540 132 19
540 929 -19
540 538 -13
289 291 13
289 287 28
289 702 13
289 1061 13
315 342 -13
315 316 8
315 733 13
315 1092 13
263 1038 19
263 236 19
263 264 -28
263 677 13
1064 1063 13
1064 1066 28
1064 1062 19
1064 674 -28
38 805 13
38 11 19
38 442 8
38 64 19
805 804 28
805 807 -19
805 803 -13
11 12 -19
11 777 19
11 414 8
442 444 28
442 832 13
442 441 8
64 91 -28
64 65 13
64 470 19
20 18 19
20 782 28
20 22 -13
20 19 -19
18 16 8
18 417 13
18 780 -13
18 17 -19
782 810 -28
782 783 -28
22 421 -28
22 21 -13
22 784 13
22 24 -19
19 422 -8
19 46 -13
291 290 8
291 1063 -13
290 1066 13
290 265 -19
290 317 -8
1063 1037 13
1063 677 -19
257 1032 -8
257 671 -13
257 258 -19
257 230 -19
257 282 13
1032 1034 28
1032 1030 -28
1032 640 19
1032 1031 -8
671 673 -28
671 1057 28
671 670 8
671 669 -8
258 256 19
258 668 28
258 260 -13
258 1029 28
230 1005 -8
230 643 -19
230 231 13
230 203 -19
282 283 -28
282 1058 -28
282 309 -8
282 699 13
524 526 19
524 523 -19
524 522 -8
524 116 19
524 913 -19
526 118 19
526 525 28
526 528 28
526 915 -8
523 119 -8
523 495 -8
523 551 19
523 916 -13
522 911 28
522 520 -19
522 114 -13
522 521 -19
116 886 -8
116 89 -13
116 143 8
116 117 19
913 914 -13
913 941 -8
913 885 -28
913 146 -13
886 884 13
886 888 19
886 885 13
886 493 28
89 90 8
89 62 19
89 859 19
89 496 -28
143 552 28
143 914 19
143 144 -13
143 168 8
117 119 -8
117 115 -13
117 521 -19
117 883 13
810 420 8
810 838 -8
810 811 -28
810 47 8
420 422 -13
420 418 -28
420 17 19
838 839 13
838 73 13
838 448 28
811 44 19
811 809 19
811 417 -19
811 813 -19
47 45 -28
47 447 8
47 46 19
47 49 28
1035 1061 -8
1035 1036 -13
1035 1008 -28
1035 264 -19
1035 647 -13
1061 1089 19
1061 1062 -8
1061 675 28
1036 1034 -8
1036 644 8
1036 1038 8
1036 261 -13
1008 619 8
1008 1009 -28
1008 980 -19
1008 237 -19
264 262 -19
264 674 -8
264 266 13
647 645 -28
647 234 28
647 646 13
647 649 -13
489 86 13
489 517 -28
489 490 -19
489 461 -13
86 852 13
86 85 13
86 88 8
86 84 13
517 545 -13
517 518 13
517 910 13
517 113 13
490 488 28
490 83 19
490 492 -19
461 462 13
461 59 -19
461 433 -8
461 855 8
623 621 13
623 622 -13
623 211 -13
623 1011 19
621 619 -13
621 209 13
621 620 -19
622 594 19
622 650 -13
211 238 19
211 212 19
211 985 -28
211 184 -8
1011 1012 8
1011 984 28
753 752 -28
753 1139 19
753 751 13
753 755 8
752 337 28
752 724 13
752 1142 8
1139 1140 19
1139 364 -19
751 750 -19
751 1137 -8
751 749 -19
751 332 19
755 336 -13
755 754 8
755 1141 -19
755 757 -13
119 118 -28
119 885 13
119 121 13
118 91 19
118 145 28
118 888 -8
885 858 -13
885 496 19
121 525 19
121 887 -19
121 123 -13
361 1140 -28
361 362 -19
307 308 -19
307 1084 -8
307 280 8
307 725 13
335 337 -8
335 750 19
335 333 -28
335 1109 13
337 336 8
337 339 8
336 363 28
336 309 -28
339 754 -28
339 338 28
339 1113 19
339 341 28
794 31 13
794 795 -8
794 822 8
794 404 19
794 766 -13
31 33 -28
31 431 -19
31 30 8
31 29 -13
795 28 -28
795 793 -8
795 797 28
795 401 -28
822 850 28
822 432 -19
822 57 13
822 823 -19
404 406 -8
404 402 8
404 403 -13
404 1 -13
766 376 -28
766 767 19
766 4 -28
1128 349 -19
1128 1127 -13
1128 1130 -8
1128 738 13
1128 1126 13
349 322 19
349 350 13
1127 352 13
1127 1099 -8
1127 741 8
1130 351 -19
1130 1132 -8
1130 1129 -8
1130 740 -28
738 710 -19
738 739 28
738 323 8
1126 736 13
1126 347 -19
1126 1125 -28
1126 1124 8
67 65 28
67 69 -28
67 469 8
67 66 -13
67 832 -19
65 63 19
65 830 -8
69 68 8
69 471 -8
69 834 19
469 470 28
469 441 -13
469 863 -13
469 497 8
66 472 -19
66 835 8
66 40 -8
66 93 19
832 804 8
832 860 19
858 92 -13
858 830 28
858 859 -19
858 468 -28
92 495 13
92 91 28
92 94 8
92 90 -8
830 802 -8
830 831 19
859 465 28
859 857 -28
859 861 28
468 62 28
468 466 -28
468 470 -8
573 571 -19
573 575 -19
573 962 8
573 572 -28
571 162 19
571 570 13
571 960 8
575 574 19
575 577 -19
575 964 13
575 165 19
962 990 -8
962 963 -19
962 192 28
572 166 8
572 545 -28
572 965 8
572 600 28
673 1059 19
673 675 -8
673 259 -28
673 672 8
1057 285 8
1057 1031 28
1057 1085 8
1057 1058 -8
670 642 19
670 698 13
670 1060 -28
670 260 -19
669 255 13
669 1055 8
669 668 -28
397 425 19
397 791 19
397 398 -28
425 453 8
425 426 -13
425 26 -28
425 819 19
791 789 28
791 25 19
791 790 28
398 396 13
398 788 -8
398 400 8
839 841 -13
839 837 -19
841 447 -19
841 72 -8
841 843 -13
841 840 -28
837 835 -13
837 68 -8
837 836 28
837 443 28
1083 310 13
1083 1084 19
1083 1055 28
1083 697 19
310 312 -13
310 308 19
310 724 13
310 309 8
1084 694 8
1084 1082 -19
1084 1086 8
1055 283 -28
1055 1056 8
1055 1029 -28
697 695 19
697 280 -13
697 699 19
697 696 -8
166 164 19
166 165 19
164 933 13
164 163 8
164 570 8
165 191 -19
165 139 -13
636 227 -8
636 1028 -28
636 637 13
636 608 -8
227 226 8
227 229 -8
227 225 -13
227 998 8
1028 253 8
1028 1026 19
1028 1030 -19
1028 1027 -19
637 639 13
637 1025 19
637 635 28
637 224 -19
608 609 13
608 580 13
608 200 -13
608 1001 -28
574 547 8
574 602 -28
577 579 8
577 966 -13
577 576 -13
964 937 13
964 992 -13
964 965 19
942 941 13
942 549 -8
942 940 8
942 944 -28
942 168 8
941 171 28
941 552 28
941 968 -8
549 550 28
549 144 19
549 521 -13
549 576 13
940 547 -13
940 939 19
944 551 -8
944 946 28
944 170 19
944 943 -19
168 579 28
168 195 19
168 169 19
905 933 8
905 516 8
905 877 13
905 138 -13
905 906 13
933 544 -13
933 960 28
516 514 8
516 108 -19
516 515 -13
516 518 8
877 488 19
877 111 8
877 850 -8
138 137 8
138 136 8
138 140 -19
906 513 -19
906 908 19
906 904 28
906 135 -13
226 1001 8
226 199 -28
226 639 28
226 253 8
1001 1000 13
1001 1003 28
1001 999 -28
199 200 -13
199 611 -28
199 973 -28
639 638 13
639 1027 -8
639 641 -19
253 278 -19
253 254 19
482 872 -19
482 480 -19
482 76 28
482 484 28
482 481 -13
872 899 -19
872 873 -13
872 106 8
872 844 8
480 870 13
480 74 -19
480 479 19
76 50 -8
76 103 19
76 77 19
76 845 13
484 78 19
484 483 19
484 874 28
481 453 -13
481 509 19
481 79 -19
481 875 28
417 418 -19
417 389 -13
446 444 -19
446 836 13
446 448 13
446 42 -19
45 44 -8
45 43 13
45 808 -19
884 114 19
884 883 -28
884 491 28
888 495 28
888 890 19
888 887 13
493 465 28
493 90 13
493 521 -8
493 494 -19
1004 1031 13
1004 615 -8
1004 1005 19
1004 233 -8
1004 976 28
1031 260 13
1031 643 -13
615 613 28
615 614 19
615 617 -13
615 203 19
1005 612 -28
1005 1007 13
1005 1003 19
233 642 13
233 232 -28
233 235 19
233 231 -28
976 977 13
976 206 -13
976 949 -19
976 587 8
721 720 8
721 1107 13
721 723 -8
721 303 -8
721 719 8
720 306 -28
720 692 19
720 748 19
1107 1108 19
1107 1135 -28
1107 1079 8
1107 333 19
723 1109 -8
723 305 13
723 725 19
303 330 28
303 1080 -28
303 304 -28
303 277 28
719 1105 28
719 717 -28
719 301 28
719 718 28
44 448 -13
44 17 28
448 447 -28
448 450 -19
17 783 -28
989 596 -13
989 987 8
989 991 -8
989 988 13
989 214 13
596 568 -28
596 624 -8
596 597 -8
596 188 28
987 213 -13
987 986 -13
991 990 28
991 598 -28
991 993 -8
991 216 -13
988 217 28
988 599 28
988 1015 28
988 960 -13
214 241 8
214 627 13
214 187 19
214 215 13
306 305 -19
306 308 -8
306 304 -19
306 1079 28
305 278 -28
305 1082 -19
305 332 19
308 1081 -13
304 718 -13
304 1077 -19
304 302 8
1079 1080 -8
1079 693 -8
816 426 -13
816 817 8
816 53 13
816 788 19
816 844 -28
426 424 -19
426 428 13
426 23 -19
817 815 13
817 423 8
817 50 8
817 819 -8
53 453 19
53 52 19
53 51 13
788 789 8
788 26 8
844 845 -13
844 79 8
844 454 8
495 496 8
496 494 19
496 498 -28
279 692 -19
279 278 -28
279 281 -8
1025 998 -13
1025 254 19
1025 1026 -8
1052 662 19
1052 1050 -13
1052 1054 19
1052 277 -19
125 529 19
125 124 -8
125 127 -19
125 123 -19
125 891 8
529 922 28
529 557 28
529 530 19
124 97 8
124 532 -8
124 894 13
124 151 -8
127 531 8
127 893 19
127 129 8
127 126 8
123 527 8
123 889 -28
123 122 19
891 864 -19
891 892 -19
891 502 -8
891 919 -19
594 595 8
595 593 8
595 984 -28
595 184 8
352 350 -8
352 351 13
352 354 19
350 1125 -8
350 348 13
351 324 28
354 1129 8
354 356 8
354 353 13
91 498 13
91 861 -19
498 497 -13
498 887 -13
498 500 -28
861 863 -13
861 860 -8
1134 1133 -13
1134 1136 -13
1134 1132 28
1134 744 -13
1134 355 -28
1133 358 -13
1133 1105 13
1133 747 19
1136 1135 19
1136 357 28
1136 1138 -13
1136 746 28
1132 1131 -28
1132 742 13
1132 353 -19
744 716 -8
744 329 -8
744 745 -8
355 356 8
355 328 -19
73 72 -19
73 75 13
72 46 28
72 99 28
75 77 13
75 74 -13
75 840 -28
75 477 -19
864 836 28
864 865 -19
864 98 8
836 808 -19
865 863 -19
865 471 -8
865 95 -28
98 97 -28
98 96 -8
98 100 -19
579 581 -19
579 968 -13
579 578 28
581 580 -13
581 970 -28
581 170 28
581 583 -8
968 996 -8
968 969 13
968 198 28
578 171 -19
578 606 8
578 551 8
578 971 8
570 963 13
570 598 -13
515 908 -28
515 111 8
544 546 -13
544 542 13
544 135 -28
736 737 13
736 708 19
736 321 28
737 1123 19
737 739 8
737 319 -8
708 1098 8
708 294 -13
708 680 19
708 709 28
321 1095 -8
321 323 -8
321 320 -19
1099 1071 28
1099 325 13
1099 713 13
1099 1100 -19
1071 298 28
1071 1072 -8
1071 685 -13
1071 1044 -8
325 324 -19
325 327 -13
325 323 -8
325 740 -28
713 712 19
713 711 -28
713 295 28
713 715 -13
1100 710 8
1100 1102 -13
1100 1098 28
1100 322 19
1089 316 28
1089 1117 -28
1089 1090 19
316 318 19
316 314 19
316 730 8
1117 1145 13
1117 1118 -13
1117 343 19
1117 731 -28
1090 1088 8
1090 700 13
1090 1092 13
1090 313 -28
171 169 28
171 173 -19
171 170 -19
169 939 19
169 576 -19
173 580 -13
173 943 8
173 175 -13
170 145 28
170 197 -28
642 1034 28
642 643 -28
642 614 28
1034 259 -28
1034 1033 13
643 645 13
643 641 -28
614 586 28
614 206 19
614 1007 19
137 908 19
137 546 28
908 907 13
908 910 -28
546 545 8
546 548 8
948 555 8
948 950 -19
948 947 13
948 174 -13
948 946 13
555 527 -13
555 150 28
555 582 -8
950 176 -19
950 557 -13
950 949 -19
950 951 19
947 177 -28
947 558 -8
947 919 -8
947 974 -28
174 585 8
174 149 19
174 201 19
174 175 -19
946 945 -8
946 553 19
645 1033 -28
645 232 28
645 644 -8
1033 1006 13
1033 262 13
1033 1059 -8
232 259 -19
232 1007 13
232 205 -13
644 235 19
644 672 8
644 616 28
911 883 -13
911 912 -13
911 939 -28
911 144 -8
883 494 19
883 856 8
912 910 19
912 519 28
912 914 13
912 141 -8
939 550 -13
939 966 -28
144 146 -19
144 142 13
259 284 -19
259 260 19
1007 1006 -8
1007 1009 8
205 206 -28
205 979 8
205 178 -28
205 617 8
654 626 -13
654 682 -13
654 244 -19
654 1045 -19
654 655 13
626 217 13
626 1018 -28
626 627 13
626 598 -13
682 710 13
682 683 -28
682 1072 28
682 270 -19
244 243 13
244 246 19
244 242 -19
244 1015 19
1045 1043 13
1045 1044 -8
1045 1046 -19
655 653 -19
655 657 28
655 1042 8
655 241 -8
463 61 28
463 857 19
463 464 8
463 435 -28
463 491 28
61 63 28
61 59 -8
61 826 -8
61 60 -8
857 87 13
857 855 -13
857 856 -13
464 466 -8
464 854 -13
464 462 28
464 58 -13
435 436 8
435 407 13
435 829 -19
435 35 -13
491 492 -28
491 519 -19
491 88 -8
727 729 19
727 725 13
727 1113 19
727 726 -19
727 309 -8
729 311 19
729 1115 13
729 731 19
729 728 19
725 724 28
1113 1141 -28
1113 1085 8
726 312 19
726 698 13
726 754 -8
726 1116 28
309 1086 -28
217 215 -8
217 219 -19
217 216 -28
215 986 -28
215 624 -28
219 990 8
219 628 28
219 218 28
219 221 8
216 189 28
216 243 -8
216 629 19
692 1082 -13
692 693 13
1082 1081 13
1082 1080 28
693 695 -28
693 691 -28
693 277 28
312 314 -19
312 311 19
312 1085 28
314 313 -28
314 1087 19
314 728 28
311 284 -13
311 1088 -28
1085 699 28
1085 1086 -28
465 466 13
465 63 13
465 437 8
466 60 19
466 856 -8
63 62 -28
63 828 19
437 438 13
437 37 -19
437 409 -19
437 831 19
410 408 8
410 800 28
410 412 -8
410 7 13
410 409 -28
408 407 8
408 406 -13
408 798 8
408 5 -19
800 37 8
800 772 -13
800 828 -8
800 801 -8
412 414 28
412 802 19
412 9 8
7 34 19
7 8 8
7 773 -13
409 381 -19
409 10 28
409 803 -19
278 695 -8
278 1054 -8
695 694 -13
695 1081 28
1054 1056 -8
1054 1053 -28
502 504 -8
502 500 -13
502 95 -19
894 893 -8
894 896 -28
894 892 -13
694 666 13
694 281 -19
666 638 19
666 256 -8
666 1056 19
281 283 -28
281 1053 -8
281 280 -19
285 698 -13
285 284 -19
285 287 13
285 283 -28
1058 1060 -13
1058 1056 -19
1058 668 13
358 356 -19
358 357 -28
358 360 -13
356 1131 19
357 330 -28
360 359 -19
360 1135 -19
360 362 -19
97 504 -8
504 893 8
504 506 -8
504 503 28
513 541 -19
513 109 8
513 514 -19
513 485 -13
541 568 13
541 136 28
541 542 -13
109 876 -8
109 111 -8
109 108 -8
514 107 -28
514 903 -28
485 486 -19
485 457 -19
485 82 -13
613 201 13
613 1002 -13
613 611 19
613 612 28
201 228 8
201 202 -8
201 975 -28
1002 1029 13
1002 974 13
1002 1003 -19
1002 231 13
611 1000 28
611 609 -8
611 610 28
612 584 28
612 204 -13
612 640 -19
1043 268 -28
1043 652 28
1043 1041 13
1043 1042 -19
268 683 -28
268 293 8
268 241 -19
652 653 -28
652 242 19
652 624 -13
652 680 8
1041 267 8
1041 1040 28
1042 270 -8
1042 1069 28
1042 1015 -19
743 741 -28
743 742 28
743 324 8
743 745 -19
743 1129 -28
741 739 19
741 322 13
741 740 28
742 714 -28
742 327 19
324 297 -13
324 1102 8
745 326 8
745 1131 19
745 747 -19
1129 1101 8
1140 1142 8
1140 1138 13
1140 750 19
1142 1141 -19
1142 363 8
1142 1144 8
1138 359 19
1138 1137 -19
1138 748 -19
297 715 -13
297 298 -13
297 271 8
297 1074 28
1102 712 -28
1102 1104 -19
1102 1101 -8
567 565 13
567 956 8
567 159 -19
1105 1077 -8
1105 331 -13
1105 1106 -8
1077 691 -19
1077 1078 -8
1077 1049 -28
331 330 -13
331 333 -28
331 746 -13
331 329 19
1106 1108 13
1106 1104 28
1106 716 28
1106 328 19
648 239 -28
648 649 -8
648 620 19
648 1039 19
648 676 -13
239 238 -13
239 237 8
649 651 13
649 236 -13
649 1037 8
620 212 8
620 1012 8
620 592 -28
1039 265 8
1039 1038 -13
676 1066 -19
676 266 28
676 677 13
1108 718 13
1108 330 -28
718 690 -8
718 746 -8
330 749 -28
661 660 8
661 1047 -28
661 659 -8
661 247 -13
660 250 28
660 688 -28
660 1050 8
660 632 -28
1047 1048 19
1047 1021 -28
1047 1075 13
1047 276 -19
659 245 13
659 658 28
659 657 19
247 1022 -13
247 273 -28
247 248 13
238 265 19
238 1012 19
238 651 -28
265 679 -19
265 266 8
1012 1010 -13
651 650 -13
907 140 19
907 518 8
910 139 -13
910 909 -28
470 472 19
470 860 19
441 835 -28
441 413 -8
441 41 19
863 93 8
863 862 19
497 94 13
497 525 -8
497 890 19
472 862 -19
472 471 -8
862 96 -13
862 834 13
862 889 -13
471 443 -13
471 499 28
931 542 8
931 958 -28
931 163 28
931 903 -19
958 986 -28
958 959 19
958 188 19
163 568 -19
163 162 28
903 904 13
903 136 -28
903 876 -8
698 1088 -8
698 699 19
1088 1087 28
1088 1086 -19
699 701 -8
189 963 -8
189 190 13
189 601 13
963 961 -13
963 965 13
190 598 -28
190 192 19
190 188 8
190 960 -28
601 603 19
601 990 -19
601 599 28
601 600 -8
318 317 19
318 732 -8
317 735 8
317 344 28
317 1094 19
732 760 -28
732 1122 -28
732 733 13
416 13 -8
416 414 8
416 806 -28
416 418 8
416 415 -19
13 40 13
13 779 28
13 14 -13
414 804 -13
414 413 28
806 43 8
806 778 19
806 834 -28
806 807 -28
418 808 13
418 15 8
415 16 13
415 387 -28
415 809 28
415 443 -19
701 700 28
701 284 8
701 1087 13
700 287 -13
700 728 8
700 672 -8
284 1060 19
1087 1059 -28
1087 1115 28
535 928 13
535 536 8
535 563 13
535 131 -8
535 507 13
928 157 -13
928 927 -19
928 926 8
928 930 28
536 925 13
536 128 13
536 538 -19
536 534 -8
563 158 -19
563 590 -28
563 955 -19
131 129 -19
131 897 -19
131 130 -13
131 133 -19
507 900 -28
507 508 -19
507 104 -8
507 479 8
1060 1059 28
1060 1062 -8
710 711 -13
710 296 13
711 293 8
711 1097 -28
711 709 28
296 1069 -8
296 298 -8
296 295 -13
296 294 19
783 781 19
783 389 -19
16 15 28
16 14 -8
16 778 8
15 781 19
15 42 -13
14 413 -13
14 12 8
14 776 28
778 388 19
778 779 13
1037 1038 -19
1037 266 -19
677 679 19
677 675 13
287 1059 13
287 286 -28
286 261 -19
286 1062 8
286 313 8
520 112 13
520 518 -13
520 519 19
520 909 19
112 85 -28
112 113 28
112 139 13
519 115 8
519 547 -13
909 937 -19
909 142 -8
909 881 -13
85 492 19
85 855 19
85 58 19
113 115 -13
113 111 -13
139 140 13
139 548 -19
787 393 28
787 789 -19
787 21 28
787 786 19
784 812 28
784 394 -19
1066 1065 8
1065 1093 -13
1065 679 13
619 207 -8
619 618 8
619 617 28
207 981 13
207 234 13
207 208 8
207 180 8
618 590 -8
618 210 13
618 1010 28
618 646 -13
617 1006 -8
617 616 28
94 93 -8
94 96 -13
94 860 -19
93 500 -8
96 499 -28
96 95 28
860 887 -8
749 747 8
749 1135 19
749 748 -19
114 141 -19
114 87 13
114 115 28
141 550 -8
141 142 13
87 494 28
87 88 -8
87 60 -13
115 881 -28
62 831 -19
62 36 -8
828 438 -19
828 829 -8
828 856 8
158 156 19
158 160 28
158 157 -13
158 925 19
156 561 8
156 155 -8
156 154 -8
156 923 -8
160 927 -13
160 564 19
160 159 13
157 565 -28
157 182 -13
157 130 -13
925 926 -8
925 897 -19
1053 1027 -8
1053 1081 13
393 394 -28
393 421 -28
394 396 -28
421 422 -28
421 815 28
421 449 19
835 834 19
834 444 19
1123 1095 8
1123 348 8
1123 1124 -8
1095 1096 -28
1095 1067 -28
1095 709 -19
348 347 13
1124 346 -28
568 961 -13
961 959 8
961 187 13
961 960 -19
162 135 -19
162 187 13
135 136 28
135 108 28
187 599 -13
187 188 13
868 869 -13
868 840 -28
868 895 8
868 102 8
477 449 -28
477 505 13
477 871 28
937 548 -19
548 550 -8
548 547 -13
881 492 -19
881 854 -13
717 1103 8
717 299 13
717 716 -8
717 715 -8
1103 1131 8
1103 1104 19
1103 329 13
1103 1075 19
299 1076 28
299 326 28
299 300 19
299 273 13
716 302 19
716 688 -13
715 714 -8
715 1101 -13
422 812 28
422 424 13
812 840 13
812 49 19
812 813 19
424 21 -19
424 814 19
424 423 -8
46 813 -8
46 450 19
789 23 -28
789 395 -13
23 50 19
23 24 -8
395 396 -8
395 423 13
40 807 28
40 444 19
40 41 19
807 413 8
807 809 -8
444 443 -13
41 43 -28
41 804 -13
981 979 -19
981 588 8
981 983 28
981 980 -8
979 977 -28
979 586 28
979 978 8
588 616 8
588 561 13
588 589 8
588 181 -13
983 590 -8
983 985 -8
983 982 -19
983 209 -19
980 210 28
980 952 19
980 591 -28
21 48 -28
24 786 -19
24 26 28
24 423 -28
650 678 -13
145 554 -13
145 146 -13
145 916 -8
301 328 8
301 302 13
301 275 8
301 1078 19
328 329 8
328 747 13
302 1075 -13
302 300 8
275 249 28
275 691 28
275 1050 -8
275 276 -13
1078 1076 -28
1078 688 8
1078 1080 -13
250 249 13
250 252 19
250 248 13
250 1021 8
249 1024 -28
249 222 -19
252 662 -8
252 1023 13
252 254 -8
248 658 19
248 1019 -28
248 246 28
1021 633 19
1021 994 -8
1021 1022 -8
25 52 -8
25 26 13
25 428 -19
790 818 -13
790 400 -13
1026 1024 -13
1026 634 -28
1030 638 13
1030 1029 13
1030 255 13
1027 256 19
1027 1000 -19
363 364 -13
1145 370 -13
1145 1146 8
1145 759 -28
370 369 28
370 368 -8
370 372 13
1146 367 -13
1146 756 -13
1146 1148 -13
1146 1144 -28
759 758 19
759 761 -13
759 340 -28
759 757 -28
590 183 13
590 591 13
183 952 -13
183 182 -19
183 181 8
183 185 28
591 180 13
591 593 8
591 589 8
68 95 19
68 42 -19
347 320 28
320 1098 -8
320 739 13
320 293 -13
740 712 13
675 674 28
675 261 -28
672 262 -8
672 1062 -8
843 74 -28
843 449 -13
843 842 -19
843 845 19
840 450 13
390 389 28
390 388 8
390 780 28
388 386 13
388 387 -28
780 781 28
780 808 -19
547 142 -13
602 603 8
602 630 19
602 995 -8
638 229 -13
638 610 13
229 1000 -8
229 228 28
229 231 -13
610 582 8
610 202 -8
610 1003 -19
1076 686 -13
1076 1075 13
1076 1074 19
686 658 -28
686 714 13
686 274 28
686 687 28
1075 689 -28
1074 1073 19
1074 1072 -19
1074 684 13
890 889 -8
890 892 8
887 915 28
210 209 8
210 208 8
210 212 13
209 236 -28
209 182 13
208 206 13
208 616 28
208 978 -13
212 982 19
1006 978 -28
1006 235 -19
978 589 8
235 234 13
235 237 28
438 436 8
438 34 -28
436 434 -19
436 32 -13
436 826 13
34 60 -8
34 35 -8
34 801 -19
1109 1137 -13
1109 1081 8
332 359 13
332 333 8
37 35 -13
37 36 -28
35 33 -8
35 798 28
36 9 -13
36 803 13
256 254 -28
256 255 28
255 228 -13
255 280 -28
369 1148 19
369 342 19
1148 1147 28
1148 758 -13
1148 1150 -19
342 343 -28
342 1120 19
342 761 8
405 377 -19
405 406 13
405 799 -13
405 433 8
405 6 -19
377 378 -28
377 771 -13
406 3 -13
406 796 -19
799 32 28
799 801 -19
799 798 -28
799 797 -19
433 434 8
433 33 8
433 827 -19
6 8 -19
6 5 -28
6 4 28
6 768 8
488 81 28
488 486 8
81 108 -8
81 55 28
81 82 28
81 851 13
486 876 28
486 80 19
353 326 -8
746 747 -8
77 79 -19
77 479 -8
77 842 -28
74 48 13
74 101 -19
855 854 -19
855 853 -13
856 90 -28
739 1125 -19
323 322 13
323 1097 8
847 453 -8
847 78 13
847 846 -8
847 845 13
453 454 19
78 52 -13
78 105 28
78 79 -19
846 456 8
846 874 -13
846 818 8
845 451 28
396 786 28
786 814 -8
616 1009 19
1080 690 19
234 261 -13
234 1009 -28
261 262 -13
1009 1010 13
656 657 13
656 628 13
656 246 -28
656 684 -13
656 1046 13
657 243 -13
657 1044 28
628 1020 13
628 600 19
628 629 13
246 245 19
246 1017 8
684 712 -19
684 685 13
684 272 -19
1046 271 13
1046 1048 13
984 985 -8
984 956 28
443 43 -8
1115 1143 -28
1115 1116 13
1115 341 -8
731 730 -19
731 313 -13
731 733 28
728 756 -28
728 1118 8
381 382 -13
381 775 8
10 9 8
10 8 8
10 772 13
10 12 19
803 802 8
803 801 28
43 42 8
42 809 -13
313 340 -13
802 774 13
9 775 8
775 773 -19
775 777 -19
775 774 28
262 260 -19
815 814 13
815 48 19
815 813 28
814 51 -28
814 842 13
48 452 -19
48 49 13
512 105 19
512 510 -28
512 901 8
105 106 13
105 132 8
105 875 -19
510 508 28
510 899 -13
510 509 -13
510 103 13
901 929 -8
901 874 -19
901 902 13
779 781 -13
779 385 19
779 777 19
584 977 13
584 177 28
584 585 -8
584 557 8
204 206 13
204 202 -28
204 974 13
204 203 -28
640 641 28
640 231 28
640 668 -19
781 387 -8
90 88 -13
88 854 8
586 559 -8
586 179 13
586 587 28
560 558 8
560 949 13
560 559 28
560 151 -13
560 562 8
558 557 13
558 149 19
949 921 28
949 179 -28
559 531 28
559 951 8
559 154 13
151 176 13
151 922 -19
151 152 13
562 561 -8
562 153 -28
333 748 28
688 689 8
688 276 -19
1050 1049 -13
1050 1048 -28
632 1024 19
632 633 13
632 223 13
632 604 28
1086 696 28
662 690 -19
662 634 -28
690 691 8
634 635 28
634 606 13
634 225 -8
499 527 28
499 892 13
499 500 19
876 848 19
848 849 -19
848 458 -8
848 820 8
848 82 -19
1010 236 -8
808 809 -13
850 460 8
850 84 -8
850 851 19
977 203 28
977 975 -28
203 176 -28
975 973 -19
975 582 -28
975 974 19
712 298 13
298 300 19
1093 1121 8
1093 1094 -8
679 678 -13
646 674 -8
646 1038 -28
646 237 -13
27 793 -28
27 54 -13
27 430 -8
27 0 13
793 792 28
54 80 -8
54 458 -13
54 821 19
430 429 -13
430 820 -28
430 432 -28
0 402 28
0 765 28
271 245 8
271 272 -8
271 687 13
95 122 -19
955 957 -19
955 182 28
955 954 -28
955 953 -28
1024 1023 13
1024 1022 13
1023 1049 -8
1023 996 -8
1023 635 -19
1022 1020 8
1022 630 -28
245 1020 8
245 218 -19
1020 1019 -8
1020 1018 28
218 631 19
218 191 28
218 993 -13
869 871 28
869 99 -8
871 870 -8
871 101 19
871 873 -8
99 506 -19
99 126 -19
99 100 28
831 829 -13
565 954 28
565 564 19
954 927 -28
954 982 8
954 185 -19
564 957 -8
564 537 -8
564 592 -19
182 593 13
130 103 28
130 900 8
130 538 -19
927 538 -8
927 899 13
159 132 28
159 184 8
159 930 8
668 696 28
1125 1097 -8
1097 1098 -28
1097 1069 -19
386 385 28
386 776 28
386 384 -19
385 413 8
776 804 28
776 777 13
384 383 -13
384 774 -13
384 382 19
1072 295 -19
1072 1070 -28
685 683 8
685 269 -13
685 687 28
1044 1017 8
1044 272 -13
952 953 -19
434 30 19
434 432 -28
434 824 8
30 3 13
30 797 -28
432 28 -28
432 431 -13
824 852 13
824 825 -13
824 59 28
824 796 13
985 592 -28
982 593 28
283 696 -19
696 724 19
33 796 19
33 32 -28
796 768 13
796 797 -28
32 5 28
32 58 -19
222 635 -28
222 195 19
222 997 13
222 223 -19
818 819 -13
818 428 19
400 399 19
826 854 -19
826 827 -13
826 798 13
763 761 -28
763 344 8
763 1149 -8
763 762 -28
761 1147 -28
761 760 13
344 371 -28
344 345 8
344 1122 19
1149 1150 13
1149 1121 13
762 734 28
1000 972 28
1029 641 -28
1147 372 -28
1147 1119 -8
372 371 -19
1119 1120 -28
1119 345 13
1119 733 -28
450 452 13
450 449 19
322 295 -8
80 849 -19
80 107 -28
849 851 19
852 462 19
852 853 19
462 460 -28
853 459 -8
853 83 -8
853 851 28
691 689 -8
236 237 -19
633 635 13
633 631 19
631 1019 28
631 630 13
631 629 13
132 133 -8
132 902 28
929 956 -19
929 930 -28
538 537 -28
371 1150 8
1150 760 -28
407 8 -19
407 801 -19
407 379 28
8 770 13
379 773 -13
379 380 13
83 84 -8
492 494 8
683 681 8
683 1069 -8
681 267 -13
681 680 19
1069 1070 -19
28 1 8
28 55 13
28 29 -8
797 403 13
401 429 8
401 402 -8
401 2 -28
401 373 -13
58 59 -28
58 827 -13
957 956 13
957 184 13
184 185 19
921 532 -8
921 893 -28
921 154 -28
921 922 13
532 531 28
532 530 -8
532 534 -8
154 153 -28
154 152 -19
922 920 8
922 924 13
224 197 8
224 999 -19
224 225 -8
658 630 28
658 1048 -28
630 221 -19
1048 273 19
225 996 -8
225 223 -13
998 609 19
998 970 19
998 999 8
1096 319 13
1096 1098 28
319 346 -19
319 292 8
375 376 19
375 403 -13
375 769 -19
376 378 -28
376 374 13
403 431 -8
403 4 13
769 768 -19
769 771 28
769 767 13
769 3 -8
1003 228 -28
12 774 -28
383 777 13
483 455 -28
460 458 -19
460 55 8
460 459 -13
458 457 -8
55 823 -19
55 56 19
459 57 -19
459 431 19
423 451 28
50 454 13
50 51 19
819 52 -28
689 273 -28
689 687 -8
273 274 -13
687 1073 -8
593 592 8
531 503 -28
531 924 -8
951 178 13
951 953 19
561 533 28
561 953 -28
153 924 -28
153 126 13
153 178 13
1056 280 -28
1019 992 28
992 603 -13
992 993 28
992 221 -19
924 926 13
924 923 13
126 534 -8
126 896 13
178 589 -19
178 179 -13
292 1068 13
292 709 -28
292 267 -28
1092 702 19
1092 1094 19
899 900 28
899 133 13
1104 714 8
1104 326 13
1101 327 8
1101 1073 -28
653 240 13
653 1040 8
241 242 -13
241 1016 -13
382 380 -8
382 772 28
1067 294 -28
1067 1040 19
1067 1068 -13
294 293 -28
1040 1013 13
1068 1070 -28
587 176 -28
587 585 -19
587 589 8
60 829 28
429 29 8
429 823 13
429 457 -28
29 792 13
823 825 28
823 821 13
457 851 8
457 56 -28
714 300 28
300 1073 28
557 152 -28
530 919 19
530 528 -28
530 122 13
592 185 -13
1 2 8
1 767 19
758 730 13
758 343 28
340 1118 -8
340 367 13
340 341 -13
757 756 28
757 1143 8
757 338 13
326 327 19
996 607 -19
996 997 -28
100 503 -8
100 102 -19
537 509 28
537 930 -19
537 133 28
772 773 -13
327 329 -8
820 792 -13
820 821 8
820 56 19
82 84 -13
829 827 28
827 825 -28
451 51 -13
451 479 28
451 452 19
51 49 -8
479 873 -8
452 842 28
452 454 8
5 771 28
180 155 -13
180 953 -8
180 181 -13
128 155 -8
128 129 -8
128 898 28
128 101 13
534 533 -8
534 923 -8
994 223 28
994 966 8
994 995 19
223 221 -13
966 196 28
995 993 -19
995 997 -28
293 1070 13
129 533 8
129 895 28
897 508 -8
897 870 13
897 898 -8
295 269 28
177 176 13
177 175 -13
177 179 19
585 974 -13
585 583 19
604 196 -28
604 576 13
604 997 -13
545 140 -8
195 196 13
195 969 -28
195 607 19
997 999 13
972 973 8
972 202 -8
972 583 28
972 945 -13
270 269 19
270 272 28
269 243 8
243 1018 -28
49 449 13
367 368 -28
756 341 13
1144 754 -8
1144 365 13
1144 1143 -19
276 274 28
603 191 -8
191 192 -19
191 965 19
152 150 -19
152 919 -19
641 228 28
378 768 -13
378 380 19
771 770 -19
771 773 28
57 59 13
57 56 28
431 825 -19
368 1143 -8
368 366 13
3 4 -19
525 553 28
553 580 28
553 554 -19
4 2 28
533 926 28
533 505 8
1018 1017 -8
1018 1016 -28
155 926 -8
609 607 8
609 197 -13
607 606 -13
197 198 -28
197 971 -19
990 1017 13
1017 629 -19
730 702 -19
730 1120 -19
343 345 28
343 341 -19
503 896 13
760 345 -8
1016 1014 -8
1016 624 19
1016 1015 -8
678 706 13
580 973 28
973 971 28
179 181 28
600 192 19
600 993 -8
629 627 -13
200 202 -13
200 198 13
200 970 -8
198 196 8
198 606 8
970 971 -13
970 943 -8
103 104 28
103 873 -8
900 898 28
900 902 8
509 902 8
509 106 28
1141 366 28
366 365 -8
366 364 19
898 896 8
898 505 19
606 999 19
1070 680 -28
734 735 -8
734 706 8
735 733 -8
735 1121 -28
272 274 28
402 792 28
792 764 13
365 338 -13
338 1116 -28
770 380 -28
770 798 -28
550 552 -19
552 554 -13
552 551 -19
240 1014 13
240 213 -19
240 267 -13
527 920 -19
527 528 -19
920 919 -13
920 149 13
528 917 8
969 576 -8
969 971 8
508 506 -19
508 101 13
506 895 8
506 505 -19
101 102 8
1014 1013 13
1013 242 -13
1013 986 -19
1013 625 8
945 917 -19
945 175 -13
554 943 19
674 702 -19
150 149 -13
150 917 -28
149 122 -8
917 889 -19
923 895 -13
374 764 -19
374 373 8
505 102 8
1137 362 -28
362 364 28
582 175 -8
582 583 -13
1118 1116 8
1118 1120 19
1120 1122 28
895 896 13
122 892 28
764 765 -13
764 2 -28
765 767 28
842 870 13
454 456 8
874 875 8
373 767 -19
1121 1122 8
870 104 -28
104 106 -19
104 102 8
521 914 8
551 146 19
914 916 28
624 625 28
889 500 -19
873 875 -8
986 597 -19
625 627 28
625 213 -28
1015 627 8
915 943 -19
915 916 8
399 427 -8
427 428 19
427 455 -19
598 599 -28
140 142 13
456 455 19
456 52 -13
599 597 13
