1112 1111 -8
1112 334 -28
1112 1110 -28
1112 1114 8
1112 722 8
1111 337 -13
1111 1083 -8
1111 1139 8
1111 725 13
334 753 19
334 361 -19
334 307 28
334 335 -8
1110 1108 -8
1110 332 -19
1110 720 -8
1110 1109 -28
1114 336 13
1114 724 -13
1114 1116 13
1114 1113 -8
722 694 -13
722 723 28
722 308 -28
722 750 -19
147 918 -13
147 172 13
147 556 -13
147 148 13
147 120 13
918 525 -13
918 917 -8
918 920 -28
918 916 -28
172 199 19
172 173 -28
172 583 8
172 946 19
556 558 8
556 555 -19
556 945 28
556 554 8
148 150 8
148 553 -19
148 146 -19
148 915 13
120 121 -19
120 528 -19
120 890 19
120 93 19
665 251 28
665 663 -28
665 664 -8
665 667 -28
665 1051 -19
251 252 -13
251 224 -13
251 1026 8
251 277 28
663 661 19
663 662 -19
663 249 13
663 1049 -8
664 636 -19
664 692 28
664 1054 19
664 254 13
667 253 -19
667 669 -13
667 1053 28
667 666 8
1051 279 13
1051 1025 19
1051 1079 13
1051 1052 -13
391 392 13
391 419 28
391 785 8
392 782 -8
392 390 19
392 394 -19
419 20 -13
419 813 8
419 447 -8
419 420 8
785 783 13
785 19 13
785 787 28
785 784 -13
473 445 -28
473 867 -28
473 474 -13
473 501 8
473 71 -8
445 839 13
445 417 -13
445 446 -19
445 45 -8
867 97 8
867 869 -13
867 865 13
867 866 13
474 476 -19
474 864 -28
474 472 13
474 68 -19
501 502 19
501 894 -8
501 529 -28
501 98 8
71 73 -13
71 69 -28
71 836 -8
71 70 -8
936 543 -28
936 934 -8
936 935 -8
936 938 -13
543 570 -13
543 515 -8
543 544 13
543 138 -19
934 162 -19
934 933 28
934 932 13
934 541 -13
935 166 -13
935 546 -19
935 907 8
935 962 -8
938 937 -28
938 165 19
938 940 13
938 545 28
161 134 8
161 569 -8
161 932 -13
161 186 8
134 904 -19
134 107 -13
134 542 -8
569 568 -13
569 958 -13
569 571 -19
932 931 -8
186 213 28
186 597 -13
186 959 -8
476 70 13
476 866 28
476 475 8
476 478 -19
70 839 -8
70 44 -8
866 838 -8
866 893 8
866 100 -13
475 73 -8
475 869 -28
475 447 19
475 503 -28
478 868 -19
478 477 -8
478 72 -19
478 480 19
439 39 -8
439 833 13
439 467 -19
439 440 19
439 411 -19
39 38 -28
39 37 -19
39 41 -13
39 802 -28
833 835 -8
833 64 19
833 832 13
833 831 -8
467 495 -13
467 861 -28
467 468 8
467 65 19
440 438 -13
440 830 -8
440 36 -13
440 442 8
411 412 -13
411 12 -13
411 383 -13
411 805 19
880 878 -19
880 110 -8
880 879 -8
880 882 28
880 487 -8
878 877 8
878 485 28
878 108 19
110 137 -19
110 83 -8
110 111 8
110 518 8
879 852 -19
879 490 8
879 907 13
879 113 -19
882 489 28
882 112 -8
882 881 8
882 884 28
487 488 19
487 459 19
487 515 28
487 84 28
193 605 19
193 220 13
193 194 -13
193 967 13
193 167 28
605 994 -28
605 603 -28
605 604 19
605 607 28
220 633 -8
220 247 -8
220 995 -13
220 221 -28
194 602 28
194 196 -8
194 192 -8
194 964 -28
967 574 28
967 969 28
967 965 -19
967 966 13
167 577 28
167 141 13
167 940 8
705 1091 -28
705 707 -13
705 704 -28
705 703 19
705 288 -19
1091 318 8
1091 1063 -28
1091 1092 -8
1091 1119 19
707 290 13
707 1093 -28
707 706 28
704 291 13
704 676 8
704 732 -19
704 1094 19
703 1089 -28
703 701 28
703 286 -19
703 702 13
288 289 -19
288 315 -28
288 263 -28
288 1064 -13
539 566 -8
539 511 13
539 540 -28
566 594 13
566 567 -8
511 512 -8
511 483 13
540 132 19
540 929 8
540 538 13
289 291 19
289 287 -28
289 702 28
289 1061 28
315 342 -28
315 316 19
315 733 -13
315 1092 19
263 1038 8
263 236 -19
263 264 28
263 677 8
1064 1063 28
1064 1066 19
1064 1062 -19
1064 674 13
38 805 -19
38 11 28
38 442 13
38 64 -19
805 804 -13
805 807 13
805 803 -28
11 12 19
11 777 13
11 414 -28
442 444 -13
442 832 8
442 441 -8
64 91 8
64 65 19
64 470 13
20 18 -13
20 782 -8
20 22 -19
20 19 13
18 16 13
18 417 28
18 780 13
18 17 -13
782 810 28
782 783 28
22 421 -8
22 21 -8
22 784 13
22 24 13
19 422 13
19 46 19
291 290 -19
291 1063 -13
290 1066 -28
290 265 13
290 317 -8
1063 1037 -19
1063 677 -13
257 1032 -28
257 671 -13
257 258 -28
257 230 -13
257 282 13
1032 1034 -19
1032 1030 -28
1032 640 -13
1032 1031 -8
671 673 -13
671 1057 28
671 670 8
671 669 28
258 256 19
258 668 28
258 260 -8
258 1029 19
230 1005 13
230 643 -19
230 231 28
230 203 13
282 283 -8
282 1058 -13
282 309 8
282 699 -8
524 526 8
524 523 13
524 522 -13
524 116 28
524 913 13
526 118 -28
526 525 13
526 528 28
526 915 13
523 119 -28
523 495 -8
523 551 28
523 916 -13
522 911 -19
522 520 -13
522 114 28
522 521 19
116 886 28
116 89 -8
116 143 -19
116 117 -13
913 914 -13
913 941 -8
913 885 8
913 146 19
886 884 13
886 888 -19
886 885 8
886 493 13
89 90 19
89 62 -19
89 859 -8
89 496 13
143 552 -28
143 914 -13
143 144 -28
143 168 -28
117 119 8
117 115 -19
117 521 28
117 883 13
810 420 -19
810 838 28
810 811 28
810 47 -13
420 422 28
420 418 -19
420 17 28
838 839 13
838 73 8
838 448 -8
811 44 -19
811 809 -8
811 417 -13
811 813 13
47 45 -8
47 447 -8
47 46 -19
47 49 8
1035 1061 19
1035 1036 -28
1035 1008 8
1035 264 -13
1035 647 19
1061 1089 19
1061 1062 13
1061 675 -19
1036 1034 -8
1036 644 -28
1036 1038 28
1036 261 -19
1008 619 8
1008 1009 8
1008 980 28
1008 237 -28
264 262 19
264 674 28
264 266 -8
647 645 8
647 234 -19
647 646 13
647 649 28
489 86 13
489 517 19
489 490 -8
489 461 8
86 852 -28
86 85 28
86 88 -19
86 84 13
517 545 -19
517 518 13
517 910 28
517 113 28
490 488 -8
490 83 -13
490 492 -13
461 462 -19
461 59 -28
461 433 19
461 855 -28
623 621 -13
623 622 13
623 211 19
623 1011 -8
621 619 -8
621 209 -19
621 620 -8
622 594 -13
622 650 -13
211 238 -13
211 212 13
211 985 13
211 184 28
1011 1012 28
1011 984 -19
753 752 -13
753 1139 28
753 751 8
753 755 -28
752 337 -8
752 724 -8
752 1142 8
1139 1140 13
1139 364 -28
751 750 -13
751 1137 19
751 749 8
751 332 28
755 336 -19
755 754 28
755 1141 28
755 757 8
119 118 8
119 885 -19
119 121 19
118 91 -13
118 145 -19
118 888 13
885 858 -13
885 496 28
121 525 -19
121 887 28
121 123 -28
361 1140 -13
361 362 28
307 308 -28
307 1084 -13
307 280 13
307 725 -13
335 337 8
335 750 13
335 333 28
335 1109 28
337 336 28
337 339 28
336 363 19
336 309 -28
339 754 -8
339 338 13
339 1113 -13
339 341 8
794 31 -19
794 795 -28
794 822 -28
794 404 28
794 766 -8
31 33 19
31 431 -28
31 30 8
31 29 -19
795 28 -28
795 793 13
795 797 -8
795 401 8
822 850 -13
822 432 -8
822 57 13
822 823 -13
404 406 -13
404 402 -28
404 403 -13
404 1 -19
766 376 -19
766 767 -28
766 4 28
1128 349 -19
1128 1127 -8
1128 1130 19
1128 738 -19
1128 1126 -13
349 322 19
349 350 19
1127 352 19
1127 1099 -13
1127 741 -19
1130 351 13
1130 1132 13
1130 1129 -19
1130 740 19
738 710 13
738 739 -13
738 323 19
1126 736 -13
1126 347 13
1126 1125 8
1126 1124 -28
67 65 -8
67 69 -13
67 469 28
67 66 -28
67 832 19
65 63 -13
65 830 19
69 68 -28
69 471 28
69 834 13
469 470 28
469 441 -19
469 863 8
469 497 -13
66 472 -19
66 835 -13
66 40 8
66 93 -8
832 804 -19
832 860 28
858 92 -8
858 830 28
858 859 -19
858 468 13
92 495 -13
92 91 13
92 94 19
92 90 19
830 802 -8
830 831 19
859 465 8
859 857 19
859 861 28
468 62 -13
468 466 -19
468 470 28
573 571 13
573 575 -13
573 962 19
573 572 -8
571 162 -8
571 570 8
571 960 13
575 574 13
575 577 8
575 964 -28
575 165 8
962 990 19
962 963 -28
962 192 8
572 166 -13
572 545 -13
572 965 19
572 600 -8
673 1059 28
673 675 -19
673 259 -13
673 672 -28
1057 285 28
1057 1031 -19
1057 1085 8
1057 1058 13
670 642 -19
670 698 19
670 1060 -8
670 260 8
669 255 19
669 1055 19
669 668 -13
397 425 19
397 791 19
397 398 -13
425 453 -8
425 426 -19
425 26 -8
425 819 8
791 789 13
791 25 19
791 790 -28
398 396 28
398 788 -8
398 400 28
839 841 8
839 837 -19
841 447 19
841 72 -8
841 843 8
841 840 19
837 835 -19
837 68 28
837 836 -13
837 443 -8
1083 310 -28
1083 1084 -19
1083 1055 -28
1083 697 -8
310 312 -13
310 308 8
310 724 -28
310 309 19
1084 694 -28
1084 1082 -8
1084 1086 -8
1055 283 28
1055 1056 28
1055 1029 -8
697 695 -8
697 280 -8
697 699 -19
697 696 -13
166 164 28
166 165 13
164 933 -28
164 163 -28
164 570 -8
165 191 28
165 139 19
636 227 28
636 1028 -8
636 637 -19
636 608 -19
227 226 -28
227 229 -28
227 225 -8
227 998 28
1028 253 13
1028 1026 -8
1028 1030 8
1028 1027 -19
637 639 13
637 1025 -8
637 635 13
637 224 -28
608 609 28
608 580 8
608 200 -13
608 1001 19
574 547 28
574 602 -28
577 579 -13
577 966 -19
577 576 -8
964 937 28
964 992 19
964 965 13
942 941 19
942 549 -13
942 940 28
942 944 19
942 168 -19
941 171 13
941 552 8
941 968 -13
549 550 19
549 144 13
549 521 -8
549 576 28
940 547 8
940 939 -13
944 551 8
944 946 8
944 170 -19
944 943 -13
168 579 19
168 195 -8
168 169 -13
905 933 8
905 516 -28
905 877 13
905 138 8
905 906 19
933 544 28
933 960 -13
516 514 -13
516 108 28
516 515 8
516 518 -13
877 488 19
877 111 19
877 850 28
138 137 8
138 136 -13
138 140 -28
906 513 13
906 908 28
906 904 -19
906 135 8
226 1001 -19
226 199 -19
226 639 28
226 253 -19
1001 1000 19
1001 1003 -28
1001 999 13
199 200 19
199 611 19
199 973 19
639 638 13
639 1027 -28
639 641 19
253 278 28
253 254 -13
482 872 28
482 480 13
482 76 -13
482 484 8
482 481 19
872 899 -13
872 873 28
872 106 -8
872 844 8
480 870 -19
480 74 -13
480 479 8
76 50 -13
76 103 -8
76 77 13
76 845 -19
484 78 13
484 483 19
484 874 -19
481 453 -28
481 509 28
481 79 -28
481 875 8
417 418 -19
417 389 -28
446 444 19
446 836 -19
446 448 -13
446 42 -8
45 44 28
45 43 -8
45 808 13
884 114 28
884 883 -8
884 491 -19
888 495 28
888 890 -28
888 887 -8
493 465 19
493 90 -13
493 521 -8
493 494 8
1004 1031 -28
1004 615 13
1004 1005 -28
1004 233 -28
1004 976 13
1031 260 -19
1031 643 -13
615 613 -8
615 614 -28
615 617 -8
615 203 13
1005 612 8
1005 1007 -19
1005 1003 -8
233 642 -13
233 232 -13
233 235 -13
233 231 28
976 977 13
976 206 -19
976 949 13
976 587 -8
721 720 8
721 1107 -8
721 723 13
721 303 -19
721 719 -13
720 306 8
720 692 -13
720 748 19
1107 1108 -19
1107 1135 -8
1107 1079 28
1107 333 -19
723 1109 8
723 305 -8
723 725 -13
303 330 -8
303 1080 8
303 304 -13
303 277 -19
719 1105 -28
719 717 28
719 301 8
719 718 28
44 448 28
44 17 13
448 447 -8
448 450 -8
17 783 13
989 596 -8
989 987 -8
989 991 -13
989 988 -28
989 214 -8
596 568 8
596 624 -28
596 597 8
596 188 19
987 213 19
987 986 -8
991 990 -19
991 598 -8
991 993 -8
991 216 13
988 217 -8
988 599 -28
988 1015 -19
988 960 -8
214 241 -19
214 627 -8
214 187 13
214 215 -13
306 305 28
306 308 28
306 304 8
306 1079 19
305 278 -28
305 1082 -28
305 332 -28
308 1081 13
304 718 -19
304 1077 -8
304 302 8
1079 1080 -19
1079 693 -28
816 426 19
816 817 -28
816 53 28
816 788 -28
816 844 13
426 424 -19
426 428 -28
426 23 28
817 815 28
817 423 19
817 50 28
817 819 -28
53 453 -19
53 52 -8
53 51 8
788 789 28
788 26 -8
844 845 8
844 79 28
844 454 -8
495 496 19
496 494 -28
496 498 -28
279 692 -8
279 278 -8
279 281 28
1025 998 13
1025 254 -13
1025 1026 -13
1052 662 19
1052 1050 19
1052 1054 -19
1052 277 -19
125 529 19
125 124 28
125 127 -28
125 123 -28
125 891 28
529 922 8
529 557 -13
529 530 13
124 97 -8
124 532 28
124 894 -19
124 151 19
127 531 28
127 893 -19
127 129 19
127 126 -13
123 527 19
123 889 -19
123 122 8
891 864 -8
891 892 -8
891 502 -13
891 919 19
594 595 13
595 593 -28
595 984 -28
595 184 28
352 350 13
352 351 13
352 354 -19
350 1125 8
350 348 13
351 324 19
354 1129 8
354 356 -13
354 353 28
91 498 -13
91 861 -28
498 497 28
498 887 -28
498 500 8
861 863 -8
861 860 -8
1134 1133 -8
1134 1136 8
1134 1132 8
1134 744 -19
1134 355 19
1133 358 -13
1133 1105 -8
1133 747 -8
1136 1135 -13
1136 357 -13
1136 1138 -19
1136 746 -19
1132 1131 19
1132 742 19
1132 353 13
744 716 8
744 329 28
744 745 -8
355 356 -8
355 328 -13
73 72 8
73 75 -19
72 46 28
72 99 8
75 77 -13
75 74 -28
75 840 19
75 477 -19
864 836 -8
864 865 8
864 98 -28
836 808 -28
865 863 13
865 471 8
865 95 19
98 97 -13
98 96 -8
98 100 -13
579 581 -19
579 968 8
579 578 -8
581 580 -8
581 970 19
581 170 28
581 583 -19
968 996 13
968 969 -19
968 198 -13
578 171 -13
578 606 19
578 551 8
578 971 -13
570 963 13
570 598 -13
515 908 -19
515 111 -19
544 546 8
544 542 13
544 135 -19
736 737 -28
736 708 -28
736 321 -28
737 1123 -8
737 739 19
737 319 -8
708 1098 13
708 294 -13
708 680 -28
708 709 19
321 1095 28
321 323 13
321 320 -8
1099 1071 -19
1099 325 -8
1099 713 -8
1099 1100 -8
1071 298 19
1071 1072 -13
1071 685 28
1071 1044 -13
325 324 -8
325 327 19
325 323 -19
325 740 -19
713 712 -28
713 711 13
713 295 28
713 715 -28
1100 710 8
1100 1102 -8
1100 1098 13
1100 322 -8
1089 316 13
1089 1117 19
1089 1090 -28
316 318 -28
316 314 -28
316 730 8
1117 1145 -13
1117 1118 -8
1117 343 -8
1117 731 -19
1090 1088 -28
1090 700 8
1090 1092 13
1090 313 19
171 169 -13
171 173 28
171 170 -13
169 939 19
169 576 19
173 580 19
173 943 8
173 175 -13
170 145 13
170 197 19
642 1034 -19
642 643 8
642 614 -28
1034 259 -8
1034 1033 19
643 645 -19
643 641 8
614 586 8
614 206 -13
614 1007 13
137 908 8
137 546 13
908 907 -19
908 910 28
546 545 -8
546 548 19
948 555 -8
948 950 19
948 947 8
948 174 13
948 946 -8
555 527 -13
555 150 28
555 582 13
950 176 -13
950 557 -19
950 949 -19
950 951 -13
947 177 -19
947 558 -28
947 919 -8
947 974 -28
174 585 13
174 149 28
174 201 19
174 175 13
946 945 13
946 553 -28
645 1033 19
645 232 -8
645 644 -28
1033 1006 19
1033 262 -13
1033 1059 28
232 259 28
232 1007 28
232 205 19
644 235 -8
644 672 -19
644 616 13
911 883 8
911 912 28
911 939 19
911 144 -8
883 494 -13
883 856 19
912 910 8
912 519 13
912 914 -8
912 141 -13
939 550 -8
939 966 -28
144 146 -19
144 142 -19
259 284 -19
259 260 8
1007 1006 28
1007 1009 13
205 206 -13
205 979 13
205 178 -28
205 617 19
654 626 8
654 682 13
654 244 -8
654 1045 -8
654 655 28
626 217 -13
626 1018 -28
626 627 -8
626 598 28
682 710 8
682 683 -19
682 1072 -8
682 270 -8
244 243 -8
244 246 13
244 242 8
244 1015 -8
1045 1043 19
1045 1044 -13
1045 1046 19
655 653 -28
655 657 -28
655 1042 -28
655 241 -8
463 61 -28
463 857 -28
463 464 -8
463 435 8
463 491 -19
61 63 -28
61 59 19
61 826 8
61 60 13
857 87 13
857 855 -28
857 856 28
464 466 -19
464 854 -13
464 462 -28
464 58 -13
435 436 -8
435 407 -28
435 829 19
435 35 13
491 492 13
491 519 -28
491 88 19
727 729 -13
727 725 -13
727 1113 13
727 726 19
727 309 19
729 311 19
729 1115 8
729 731 19
729 728 19
725 724 13
1113 1141 28
1113 1085 -13
726 312 -13
726 698 28
726 754 -19
726 1116 -19
309 1086 -19
217 215 -19
217 219 -19
217 216 -13
215 986 -8
215 624 -28
219 990 28
219 628 -8
219 218 -19
219 221 19
216 189 28
216 243 19
216 629 28
692 1082 8
692 693 28
1082 1081 8
1082 1080 28
693 695 28
693 691 -13
693 277 -13
312 314 -19
312 311 -19
312 1085 19
314 313 8
314 1087 -8
314 728 -13
311 284 -8
311 1088 8
1085 699 -8
1085 1086 8
465 466 -19
465 63 -8
465 437 -19
466 60 13
466 856 -8
63 62 28
63 828 19
437 438 28
437 37 -19
437 409 -13
437 831 13
410 408 13
410 800 -8
410 412 -28
410 7 -13
410 409 13
408 407 -19
408 406 19
408 798 19
408 5 -19
800 37 -8
800 772 19
800 828 -13
800 801 -19
412 414 28
412 802 -13
412 9 28
7 34 28
7 8 28
7 773 -19
409 381 -28
409 10 13
409 803 13
278 695 13
278 1054 8
695 694 28
695 1081 13
1054 1056 -8
1054 1053 -13
502 504 28
502 500 -19
502 95 -13
894 893 -8
894 896 8
894 892 19
694 666 -28
694 281 13
666 638 8
666 256 -28
666 1056 -19
281 283 -19
281 1053 -19
281 280 -8
285 698 -19
285 284 -13
285 287 8
285 283 8
1058 1060 -13
1058 1056 -13
1058 668 -28
358 356 -13
358 357 28
358 360 13
356 1131 -19
357 330 -8
360 359 8
360 1135 -13
360 362 19
97 504 -19
504 893 8
504 506 -13
504 503 13
513 541 13
513 109 8
513 514 -28
513 485 -28
541 568 -8
541 136 8
541 542 19
109 876 19
109 111 -19
109 108 -19
514 107 -19
514 903 8
485 486 19
485 457 13
485 82 28
613 201 -13
613 1002 -13
613 611 13
613 612 -13
201 228 19
201 202 19
201 975 8
1002 1029 -8
1002 974 19
1002 1003 19
1002 231 13
611 1000 -19
611 609 -8
611 610 -28
612 584 -28
612 204 -8
612 640 -8
1043 268 28
1043 652 -28
1043 1041 -19
1043 1042 -28
268 683 -19
268 293 -13
268 241 -13
652 653 8
652 242 28
652 624 8
652 680 19
1041 267 -19
1041 1040 13
1042 270 -8
1042 1069 -8
1042 1015 -28
743 741 -13
743 742 19
743 324 28
743 745 13
743 1129 -8
741 739 -28
741 322 19
741 740 -19
742 714 -28
742 327 -28
324 297 -13
324 1102 19
745 326 8
745 1131 28
745 747 -13
1129 1101 8
1140 1142 -13
1140 1138 -28
1140 750 -28
1142 1141 28
1142 363 13
1142 1144 13
1138 359 8
1138 1137 -13
1138 748 13
297 715 -13
297 298 -19
297 271 -28
297 1074 -19
1102 712 13
1102 1104 13
1102 1101 -19
567 565 19
567 956 13
567 159 -13
1105 1077 -13
1105 331 8
1105 1106 13
1077 691 19
1077 1078 28
1077 1049 -19
331 330 -13
331 333 -28
331 746 -8
331 329 -13
1106 1108 -13
1106 1104 28
1106 716 13
1106 328 28
648 239 8
648 649 -28
648 620 -13
648 1039 28
648 676 28
239 238 8
239 237 28
649 651 -28
649 236 13
649 1037 -13
620 212 28
620 1012 28
620 592 13
1039 265 -28
1039 1038 13
676 1066 28
676 266 -28
676 677 -19
1108 718 28
1108 330 -28
718 690 -28
718 746 28
330 749 19
661 660 19
661 1047 13
661 659 -19
661 247 -19
660 250 -28
660 688 -28
660 1050 13
660 632 -19
1047 1048 -8
1047 1021 13
1047 1075 -8
1047 276 -19
659 245 -28
659 658 -13
659 657 -13
247 1022 -8
247 273 28
247 248 -19
238 265 -8
238 1012 28
238 651 -13
265 679 -28
265 266 8
1012 1010 -13
651 650 13
907 140 8
907 518 -13
910 139 -28
910 909 -28
470 472 -19
470 860 28
441 835 13
441 413 -13
441 41 28
863 93 19
863 862 -28
497 94 13
497 525 13
497 890 -28
472 862 -28
472 471 19
862 96 13
862 834 13
862 889 13
471 443 -28
471 499 -19
931 542 -8
931 958 -8
931 163 -13
931 903 13
958 986 28
958 959 13
958 188 -13
163 568 13
163 162 28
903 904 8
903 136 8
903 876 -8
698 1088 13
698 699 -28
1088 1087 19
1088 1086 -19
699 701 -8
189 963 8
189 190 -19
189 601 13
963 961 28
963 965 28
190 598 -28
190 192 13
190 188 -19
190 960 -13
601 603 8
601 990 -19
601 599 -13
601 600 -8
318 317 19
318 732 -19
317 735 -8
317 344 13
317 1094 -19
732 760 -8
732 1122 19
732 733 28
416 13 13
416 414 -19
416 806 28
416 418 8
416 415 -13
13 40 -19
13 779 -19
13 14 13
414 804 -8
414 413 19
806 43 28
806 778 13
806 834 19
806 807 8
418 808 -13
418 15 -28
415 16 -8
415 387 -28
415 809 -19
415 443 8
701 700 13
701 284 13
701 1087 -13
700 287 13
700 728 -13
700 672 8
284 1060 -8
1087 1059 19
1087 1115 -8
535 928 13
535 536 13
535 563 19
535 131 28
535 507 19
928 157 -28
928 927 28
928 926 -19
928 930 19
536 925 8
536 128 -8
536 538 -19
536 534 8
563 158 13
563 590 -19
563 955 8
131 129 -28
131 897 -19
131 130 -8
131 133 -19
507 900 8
507 508 -28
507 104 28
507 479 -28
1060 1059 13
1060 1062 13
710 711 28
710 296 -19
711 293 13
711 1097 -28
711 709 13
296 1069 8
296 298 19
296 295 19
296 294 28
783 781 -19
783 389 28
16 15 -8
16 14 19
16 778 -13
15 781 13
15 42 13
14 413 8
14 12 -13
14 776 -28
778 388 13
778 779 -19
1037 1038 13
1037 266 -19
677 679 19
677 675 -8
287 1059 13
287 286 -8
286 261 -13
286 1062 28
286 313 28
520 112 13
520 518 -28
520 519 -28
520 909 -13
112 85 8
112 113 13
112 139 8
519 115 28
519 547 19
909 937 -28
909 142 8
909 881 19
85 492 19
85 855 -28
85 58 -28
113 115 13
113 111 8
139 140 -19
139 548 13
787 393 8
787 789 -28
787 21 -28
787 786 28
784 812 28
784 394 19
1066 1065 -8
1065 1093 28
1065 679 19
619 207 13
619 618 19
619 617 8
207 981 -8
207 234 -8
207 208 -19
207 180 8
618 590 -28
618 210 -19
618 1010 -13
618 646 -13
617 1006 -13
617 616 8
94 93 -19
94 96 28
94 860 -13
93 500 28
96 499 19
96 95 -28
860 887 13
749 747 13
749 1135 28
749 748 -28
114 141 13
114 87 28
114 115 -8
141 550 -19
141 142 -13
87 494 28
87 88 -28
87 60 -13
115 881 -19
62 831 -28
62 36 -28
828 438 8
828 829 8
828 856 13
158 156 -19
158 160 -19
158 157 8
158 925 -19
156 561 28
156 155 8
156 154 8
156 923 -19
160 927 -28
160 564 13
160 159 -8
157 565 -13
157 182 -19
157 130 -19
925 926 13
925 897 13
1053 1027 -19
1053 1081 28
393 394 -8
393 421 28
394 396 -8
421 422 -19
421 815 13
421 449 8
835 834 19
834 444 19
1123 1095 13
1123 348 28
1123 1124 -8
1095 1096 -13
1095 1067 8
1095 709 -8
348 347 -8
1124 346 -8
568 961 28
961 959 -28
961 187 -8
961 960 -28
162 135 -8
162 187 -19
135 136 19
135 108 28
187 599 13
187 188 -8
868 869 19
868 840 13
868 895 -13
868 102 -8
477 449 -19
477 505 -8
477 871 8
937 548 -28
548 550 28
548 547 13
881 492 -8
881 854 -19
717 1103 -8
717 299 -13
717 716 -19
717 715 -28
1103 1131 28
1103 1104 8
1103 329 -28
1103 1075 -19
299 1076 -28
299 326 8
299 300 19
299 273 -28
716 302 8
716 688 13
715 714 8
715 1101 8
422 812 8
422 424 -28
812 840 8
812 49 -8
812 813 -19
424 21 -19
424 814 -13
424 423 -19
46 813 -28
46 450 -13
789 23 -8
789 395 8
23 50 -28
23 24 13
395 396 -8
395 423 8
40 807 -8
40 444 8
40 41 -28
807 413 -8
807 809 8
444 443 19
41 43 -13
41 804 -28
981 979 28
981 588 -8
981 983 19
981 980 -8
979 977 13
979 586 28
979 978 28
588 616 13
588 561 8
588 589 -8
588 181 -8
983 590 8
983 985 8
983 982 -8
983 209 8
980 210 -28
980 952 -8
980 591 -8
21 48 -13
24 786 -13
24 26 -8
24 423 8
650 678 -28
145 554 -28
145 146 -19
145 916 -8
301 328 -13
301 302 13
301 275 13
301 1078 -19
328 329 -28
328 747 -8
302 1075 -19
302 300 -13
275 249 -28
275 691 28
275 1050 8
275 276 28
1078 1076 -28
1078 688 13
1078 1080 28
250 249 -8
250 252 8
250 248 -8
250 1021 -13
249 1024 -19
249 222 -28
252 662 13
252 1023 19
252 254 8
248 658 -13
248 1019 -19
248 246 -19
1021 633 8
1021 994 8
1021 1022 19
25 52 -28
25 26 -8
25 428 -8
790 818 28
790 400 19
1026 1024 28
1026 634 8
1030 638 13
1030 1029 -8
1030 255 -8
1027 256 -8
1027 1000 13
363 364 19
1145 370 -13
1145 1146 28
1145 759 8
370 369 19
370 368 -13
370 372 -13
1146 367 8
1146 756 -28
1146 1148 -28
1146 1144 -19
759 758 -19
759 761 -19
759 340 19
759 757 -19
590 183 28
590 591 13
183 952 19
183 182 13
183 181 19
183 185 -19
591 180 28
591 593 13
591 589 13
68 95 19
68 42 -13
347 320 13
320 1098 8
320 739 19
320 293 28
740 712 8
675 674 8
675 261 -8
672 262 13
672 1062 19
843 74 -28
843 449 19
843 842 -19
843 845 -28
840 450 13
390 389 -19
390 388 -8
390 780 -13
388 386 8
388 387 -19
780 781 -13
780 808 13
547 142 -13
602 603 13
602 630 -13
602 995 -13
638 229 8
638 610 19
229 1000 -28
229 228 -13
229 231 -28
610 582 8
610 202 -8
610 1003 8
1076 686 28
1076 1075 19
1076 1074 -28
686 658 -8
686 714 -8
686 274 28
686 687 8
1075 689 -19
1074 1073 13
1074 1072 -8
1074 684 13
890 889 19
890 892 -13
887 915 -19
210 209 19
210 208 -13
210 212 -19
209 236 -8
209 182 -8
208 206 -19
208 616 -19
208 978 -8
212 982 -28
1006 978 -19
1006 235 -19
978 589 13
235 234 -19
235 237 -8
438 436 19
438 34 -19
436 434 -28
436 32 13
436 826 13
34 60 19
34 35 13
34 801 28
1109 1137 -19
1109 1081 -13
332 359 -13
332 333 -19
37 35 -13
37 36 -19
35 33 13
35 798 8
36 9 13
36 803 -13
256 254 13
256 255 13
255 228 -19
255 280 13
369 1148 -19
369 342 8
1148 1147 13
1148 758 13
1148 1150 8
342 343 8
342 1120 -19
342 761 -28
405 377 8
405 406 28
405 799 8
405 433 19
405 6 28
377 378 13
377 771 8
406 3 -19
406 796 -13
799 32 8
799 801 -19
799 798 19
799 797 13
433 434 19
433 33 13
433 827 19
6 8 13
6 5 19
6 4 -13
6 768 28
488 81 -19
488 486 28
81 108 -8
81 55 -28
81 82 19
81 851 -8
486 876 -19
486 80 8
353 326 19
746 747 -8
77 79 28
77 479 -19
77 842 28
74 48 -8
74 101 -8
855 854 19
855 853 28
856 90 -28
739 1125 28
323 322 13
323 1097 -13
847 453 19
847 78 28
847 846 13
847 845 19
453 454 19
78 52 -28
78 105 28
78 79 -19
846 456 19
846 874 -28
846 818 19
845 451 -28
396 786 -28
786 814 8
616 1009 19
1080 690 -19
234 261 -19
234 1009 -13
261 262 -8
1009 1010 13
656 657 -19
656 628 -19
656 246 28
656 684 13
656 1046 19
657 243 -19
657 1044 28
628 1020 13
628 600 -8
628 629 8
246 245 8
246 1017 28
684 712 8
684 685 -8
684 272 13
1046 271 -13
1046 1048 28
984 985 19
984 956 -28
443 43 -8
1115 1143 13
1115 1116 28
1115 341 -8
731 730 19
731 313 -28
731 733 8
728 756 -19
728 1118 -8
381 382 19
381 775 8
10 9 -13
10 8 28
10 772 -19
10 12 8
803 802 19
803 801 8
43 42 19
42 809 13
313 340 8
802 774 -19
9 775 8
775 773 13
775 777 -8
775 774 28
262 260 13
815 814 13
815 48 28
815 813 13
814 51 28
814 842 19
48 452 8
48 49 -19
512 105 -19
512 510 -8
512 901 -19
105 106 -19
105 132 13
105 875 13
510 508 -13
510 899 -28
510 509 -19
510 103 -19
901 929 28
901 874 28
901 902 -8
779 781 13
779 385 8
779 777 -28
584 977 13
584 177 19
584 585 13
584 557 -28
204 206 -28
204 202 -13
204 974 8
204 203 28
640 641 -8
640 231 28
640 668 -13
781 387 28
90 88 -8
88 854 -13
586 559 -19
586 179 -8
586 587 -8
560 558 8
560 949 13
560 559 -19
560 151 -13
560 562 8
558 557 13
558 149 -19
949 921 19
949 179 13
559 531 19
559 951 -19
559 154 8
151 176 28
151 922 28
151 152 8
562 561 -28
562 153 -8
333 748 -28
688 689 -19
688 276 -8
1050 1049 8
1050 1048 8
632 1024 28
632 633 -13
632 223 19
632 604 19
1086 696 28
662 690 19
662 634 13
690 691 -28
634 635 -28
634 606 -8
634 225 13
499 527 8
499 892 28
499 500 13
876 848 -19
848 849 28
848 458 -28
848 820 -13
848 82 -28
1010 236 -19
808 809 19
850 460 19
850 84 19
850 851 -19
977 203 -13
977 975 19
203 176 -13
975 973 13
975 582 19
975 974 28
712 298 28
298 300 -13
1093 1121 -28
1093 1094 19
679 678 -8
646 674 19
646 1038 19
646 237 -13
27 793 -19
27 54 8
27 430 8
27 0 13
793 792 -8
54 80 19
54 458 8
54 821 19
430 429 13
430 820 28
430 432 13
0 402 -13
0 765 -28
271 245 -19
271 272 -28
271 687 19
95 122 28
955 957 8
955 182 -8
955 954 -19
955 953 -19
1024 1023 13
1024 1022 -28
1023 1049 28
1023 996 -8
1023 635 28
1022 1020 28
1022 630 8
245 1020 -8
245 218 -19
1020 1019 -8
1020 1018 -8
218 631 -8
218 191 -13
218 993 -13
869 871 19
869 99 -28
871 870 -19
871 101 -28
871 873 -13
99 506 13
99 126 19
99 100 8
831 829 -28
565 954 19
565 564 -13
954 927 -13
954 982 13
954 185 28
564 957 28
564 537 -28
564 592 13
182 593 8
130 103 -19
130 900 -13
130 538 19
927 538 8
927 899 8
159 132 -19
159 184 19
159 930 19
668 696 8
1125 1097 -28
1097 1098 13
1097 1069 8
386 385 -28
386 776 13
386 384 8
385 413 -13
776 804 13
776 777 28
384 383 -8
384 774 19
384 382 -28
1072 295 13
1072 1070 -28
685 683 -13
685 269 13
685 687 -8
1044 1017 28
1044 272 13
952 953 -13
434 30 13
434 432 -13
434 824 -28
30 3 28
30 797 13
432 28 -8
432 431 19
824 852 -13
824 825 28
824 59 -19
824 796 28
985 592 -8
982 593 -28
283 696 -13
696 724 8
33 796 19
33 32 28
796 768 8
796 797 -19
32 5 8
32 58 13
222 635 -28
222 195 13
222 997 19
222 223 19
818 819 -8
818 428 28
400 399 -19
826 854 28
826 827 19
826 798 -13
763 761 -13
763 344 13
763 1149 8
763 762 -19
761 1147 28
761 760 13
344 371 13
344 345 -28
344 1122 -8
1149 1150 19
1149 1121 28
762 734 -28
1000 972 19
1029 641 13
1147 372 8
1147 1119 8
372 371 19
1119 1120 13
1119 345 28
1119 733 28
450 452 -19
450 449 -8
322 295 19
80 849 8
80 107 13
849 851 13
852 462 -19
852 853 -19
462 460 -19
853 459 -19
853 83 8
853 851 19
691 689 -13
236 237 -8
633 635 13
633 631 -13
631 1019 13
631 630 -8
631 629 -19
132 133 -8
132 902 8
929 956 13
929 930 -19
538 537 -28
371 1150 -8
1150 760 13
407 8 28
407 801 -28
407 379 28
8 770 -8
379 773 -19
379 380 -28
83 84 28
492 494 -8
683 681 8
683 1069 8
681 267 -28
681 680 19
1069 1070 -8
28 1 19
28 55 19
28 29 -19
797 403 -13
401 429 -8
401 402 19
401 2 -8
401 373 28
58 59 8
58 827 -19
957 956 -19
957 184 28
184 185 -28
921 532 19
921 893 -8
921 154 28
921 922 19
532 531 -19
532 530 13
532 534 19
154 153 -28
154 152 -19
922 920 13
922 924 -19
224 197 28
224 999 19
224 225 -28
658 630 19
658 1048 13
630 221 19
1048 273 13
225 996 28
225 223 -19
998 609 -13
998 970 -28
998 999 -13
1096 319 -19
1096 1098 19
319 346 28
319 292 -28
375 376 13
375 403 13
375 769 13
376 378 19
376 374 -28
403 431 -13
403 4 13
769 768 -8
769 771 8
769 767 -28
769 3 -13
1003 228 28
12 774 19
383 777 -13
483 455 19
460 458 28
460 55 8
460 459 -19
458 457 19
55 823 8
55 56 -8
459 57 -8
459 431 8
423 451 -28
50 454 -19
50 51 28
819 52 -28
689 273 13
689 687 -19
273 274 -28
687 1073 -28
593 592 -8
531 503 8
531 924 8
951 178 -19
951 953 13
561 533 19
561 953 19
153 924 19
153 126 8
153 178 -8
1056 280 28
1019 992 13
992 603 13
992 993 -13
992 221 28
924 926 -28
924 923 8
126 534 -8
126 896 13
178 589 -8
178 179 13
292 1068 13
292 709 -19
292 267 28
1092 702 -19
1092 1094 8
899 900 -8
899 133 -28
1104 714 13
1104 326 -19
1101 327 -8
1101 1073 28
653 240 -13
653 1040 13
241 242 13
241 1016 13
382 380 -13
382 772 -28
1067 294 -13
1067 1040 -28
1067 1068 -13
294 293 28
1040 1013 28
1068 1070 -19
587 176 -8
587 585 19
587 589 19
60 829 -8
429 29 8
429 823 -8
429 457 8
29 792 -8
823 825 19
823 821 -19
457 851 28
457 56 -19
714 300 13
300 1073 -19
557 152 13
530 919 -8
530 528 -28
530 122 -13
592 185 13
1 2 -13
1 767 -19
758 730 -19
758 343 19
340 1118 28
340 367 -28
340 341 -28
757 756 -28
757 1143 -28
757 338 -13
326 327 8
996 607 8
996 997 28
100 503 -19
100 102 28
537 509 19
537 930 8
537 133 8
772 773 -19
327 329 -28
820 792 -13
820 821 13
820 56 -8
82 84 13
829 827 -8
827 825 -28
451 51 -13
451 479 -8
451 452 8
51 49 -13
479 873 19
452 842 19
452 454 28
5 771 -19
180 155 19
180 953 8
180 181 13
128 155 -13
128 129 -19
128 898 8
128 101 19
534 533 19
534 923 -28
994 223 -8
994 966 -13
994 995 8
223 221 -13
966 196 -28
995 993 -13
995 997 -13
293 1070 -8
129 533 8
129 895 -28
897 508 8
897 870 -28
897 898 28
295 269 19
177 176 -28
177 175 -8
177 179 8
585 974 13
585 583 -19
604 196 -8
604 576 -8
604 997 -28
545 140 28
195 196 13
195 969 -8
195 607 -19
997 999 -13
972 973 -13
972 202 13
972 583 -8
972 945 -8
270 269 19
270 272 -28
269 243 8
243 1018 -13
49 449 -8
367 368 -19
756 341 8
1144 754 19
1144 365 13
1144 1143 -28
276 274 28
603 191 -13
191 192 -8
191 965 19
152 150 28
152 919 8
641 228 -13
378 768 -19
378 380 13
771 770 19
771 773 28
57 59 -13
57 56 -13
431 825 19
368 1143 -13
368 366 -8
3 4 19
525 553 8
553 580 19
553 554 8
4 2 13
533 926 13
533 505 -13
1018 1017 8
1018 1016 -28
155 926 28
609 607 -8
609 197 -13
607 606 19
197 198 -28
197 971 -8
990 1017 8
1017 629 28
730 702 -13
730 1120 8
343 345 13
343 341 -28
503 896 -28
760 345 -8
1016 1014 -8
1016 624 -28
1016 1015 8
678 706 13
580 973 8
973 971 -28
179 181 8
600 192 -13
600 993 -19
629 627 28
200 202 -13
200 198 -28
200 970 19
198 196 28
198 606 -13
970 971 19
970 943 -8
103 104 -13
103 873 19
900 898 -19
900 902 28
509 902 13
509 106 -19
1141 366 19
366 365 -28
366 364 -8
898 896 19
898 505 -28
606 999 -8
1070 680 -19
734 735 8
734 706 19
735 733 13
735 1121 13
272 274 -8
402 792 -8
792 764 -13
365 338 8
338 1116 13
770 380 8
770 798 19
550 552 -19
552 554 28
552 551 -8
240 1014 28
240 213 13
240 267 8
527 920 8
527 528 8
920 919 -13
920 149 -28
528 917 -8
969 576 -13
969 971 -19
508 506 -13
508 101 -13
506 895 -28
506 505 -8
101 102 -19
1014 1013 8
1013 242 -8
1013 986 -13
1013 625 -13
945 917 -8
945 175 28
554 943 -8
674 702 8
150 149 19
150 917 -8
149 122 -13
917 889 -13
923 895 -19
374 764 8
374 373 19
505 102 -13
1137 362 -13
362 364 28
582 175 28
582 583 -28
1118 1116 8
1118 1120 28
1120 1122 13
895 896 8
122 892 19
764 765 19
764 2 -13
765 767 -8
842 870 -8
454 456 -28
874 875 -19
373 767 28
1121 1122 8
870 104 -19
104 106 13
104 102 -13
521 914 19
551 146 -8
914 916 28
624 625 -19
889 500 -28
873 875 13
986 597 8
625 627 -13
625 213 13
1015 627 28
915 943 -19
915 916 -8
399 427 19
427 428 8
427 455 19
598 599 -28
140 142 13
456 455 -28
456 52 -8
599 597 13
