1112 1111 -13
1112 334 -28
1112 1110 -28
1112 1114 -28
1112 722 -19
1111 337 13
1111 1083 -19
1111 1139 -28
1111 725 28
334 753 8
334 361 -28
334 307 19
334 335 13
1110 1108 13
1110 332 -8
1110 720 -13
1110 1109 -28
1114 336 -8
1114 724 -8
1114 1116 -28
1114 1113 -13
722 694 19
722 723 -8
722 308 -28
722 750 -19
147 918 -28
147 172 13
147 556 8
147 148 -19
147 120 8
918 525 -8
918 917 -8
918 920 -8
918 916 19
172 199 8
172 173 -8
172 583 19
172 946 -19
556 558 -28
556 555 8
556 945 -28
556 554 -8
148 150 -8
148 553 -28
148 146 -28
148 915 28
120 121 28
120 528 8
120 890 -28
120 93 -8
665 251 13
665 663 -19
665 664 28
665 667 13
665 1051 -28
251 252 13
251 224 8
251 1026 -13
251 277 -19
663 661 8
663 662 -13
663 249 -28
663 1049 -8
664 636 28
664 692 -8
664 1054 19
664 254 28
667 253 8
667 669 -28
667 1053 -8
667 666 28
1051 279 -13
1051 1025 13
1051 1079 19
1051 1052 28
391 392 19
391 419 13
391 785 -13
392 782 8
392 390 19
392 394 -8
419 20 13
419 813 -28
419 447 28
419 420 -28
785 783 8
785 19 19
785 787 13
785 784 -28
473 445 -19
473 867 -8
473 474 -8
473 501 -19
473 71 28
445 839 -8
445 417 8
445 446 -8
445 45 8
867 97 -28
867 869 8
867 865 -28
867 866 13
474 476 8
474 864 -13
474 472 19
474 68 -8
501 502 -13
501 894 -19
501 529 19
501 98 -28
71 73 -8
71 69 28
71 836 28
71 70 19
936 543 -19
936 934 19
936 935 28
936 938 -13
543 570 -28
543 515 -8
543 544 28
543 138 -13
934 162 -28
934 933 28
934 932 -8
934 541 -28
935 166 8
935 546 -13
935 907 8
935 962 13
938 937 19
938 165 19
938 940 -13
938 545 8
161 134 -28
161 569 -13
161 932 -28
161 186 -28
134 904 -19
134 107 19
134 542 13
569 568 28
569 958 13
569 571 -8
932 931 -28
186 213 13
186 597 -28
186 959 28
476 70 -13
476 866 13
476 475 28
476 478 -19
70 839 -28
70 44 19
866 838 -13
866 893 28
866 100 13
475 73 -28
475 869 -28
475 447 -19
475 503 -28
478 868 8
478 477 28
478 72 -28
478 480 19
439 39 -8
439 833 -19
439 467 -28
439 440 -8
439 411 -8
39 38 -13
39 37 8
39 41 -28
39 802 -19
833 835 -19
833 64 -8
833 832 -8
833 831 28
467 495 28
467 861 13
467 468 -28
467 65 19
440 438 -8
440 830 -28
440 36 28
440 442 -28
411 412 -28
411 12 -28
411 383 -13
411 805 -28
880 878 13
880 110 19
880 879 19
880 882 -28
880 487 -19
878 877 -28
878 485 28
878 108 -28
110 137 -13
110 83 8
110 111 -28
110 518 -28
879 852 19
879 490 8
879 907 -28
879 113 8
882 489 -28
882 112 8
882 881 19
882 884 19
487 488 -19
487 459 13
487 515 19
487 84 -19
193 605 -19
193 220 19
193 194 8
193 967 -8
193 167 -8
605 994 13
605 603 13
605 604 19
605 607 -13
220 633 28
220 247 8
220 995 19
220 221 8
194 602 8
194 196 -13
194 192 8
194 964 -13
967 574 -13
967 969 28
967 965 -19
967 966 8
167 577 13
167 141 19
167 940 -28
705 1091 19
705 707 -13
705 704 8
705 703 13
705 288 13
1091 318 -28
1091 1063 -13
1091 1092 28
1091 1119 19
707 290 -19
707 1093 -8
707 706 19
704 291 28
704 676 28
704 732 -19
704 1094 -8
703 1089 -8
703 701 19
703 286 28
703 702 -13
288 289 13
288 315 -8
288 263 13
288 1064 -28
539 566 -19
539 511 13
539 540 -19
566 594 8
566 567 28
511 512 8
511 483 -13
540 132 13
540 929 -19
540 538 -13
289 291 -28
289 287 -28
289 702 8
289 1061 -13
315 342 -19
315 316 28
315 733 8
315 1092 -8
263 1038 8
263 236 28
263 264 -8
263 677 13
1064 1063 -8
1064 1066 -13
1064 1062 -19
1064 674 19
38 805 19
38 11 -19
38 442 8
38 64 19
805 804 28
805 807 -19
805 803 -13
11 12 13
11 777 28
11 414 28
442 444 -19
442 832 -28
442 441 -13
64 91 -19
64 65 -8
64 470 8
20 18 8
20 782 13
20 22 13
20 19 8
18 16 -28
18 417 8
18 780 19
18 17 -13
782 810 -8
782 783 8
22 421 -28
22 21 8
22 784 -13
22 24 28
19 422 -19
19 46 28
291 290 8
291 1063 28
290 1066 -19
290 265 -8
290 317 19
1063 1037 -8
1063 677 19
257 1032 -8
257 671 13
257 258 -28
257 230 13
257 282 13
1032 1034 8
1032 1030 -28
1032 640 28
1032 1031 -13
671 673 8
671 1057 8
671 670 -8
671 669 19
258 256 8
258 668 8
258 260 19
258 1029 -13
230 1005 8
230 643 -19
230 231 -28
230 203 -13
282 283 19
282 1058 8
282 309 8
282 699 -19
524 526 -13
524 523 28
524 522 13
524 116 8
524 913 -13
526 118 -19
526 525 19
526 528 -8
526 915 13
523 119 13
523 495 -19
523 551 -8
523 916 -28
522 911 -28
522 520 19
522 114 13
522 521 8
116 886 8
116 89 -13
116 143 8
116 117 -28
913 914 13
913 941 -28
913 885 -28
913 146 28
886 884 -8
886 888 -13
886 885 28
886 493 13
89 90 -13
89 62 8
89 859 -13
89 496 -8
143 552 -19
143 914 -19
143 144 19
143 168 -13
117 119 28
117 115 28
117 521 -19
117 883 -28
810 420 -28
810 838 -13
810 811 13
810 47 19
420 422 19
420 418 8
420 17 19
838 839 13
838 73 -28
838 448 13
811 44 -28
811 809 -28
811 417 -13
811 813 13
47 45 -13
47 447 28
47 46 8
47 49 8
1035 1061 28
1035 1036 -28
1035 1008 -13
1035 264 13
1035 647 -8
1061 1089 13
1061 1062 -19
1061 675 8
1036 1034 -19
1036 644 28
1036 1038 19
1036 261 28
1008 619 8
1008 1009 -19
1008 980 13
1008 237 8
264 262 19
264 674 13
264 266 -19
647 645 -28
647 234 19
647 646 13
647 649 13
489 86 -8
489 517 -8
489 490 -28
489 461 28
86 852 -13
86 85 28
86 88 -13
86 84 19
517 545 -19
517 518 -13
517 910 -19
517 113 -13
490 488 13
490 83 13
490 492 28
461 462 -28
461 59 13
461 433 -28
461 855 -13
623 621 19
623 622 -19
623 211 13
623 1011 8
621 619 13
621 209 28
621 620 -13
622 594 -28
622 650 -28
211 238 8
211 212 -28
211 985 13
211 184 19
1011 1012 13
1011 984 19
753 752 -19
753 1139 -28
753 751 19
753 755 -8
752 337 -13
752 724 -13
752 1142 -13
1139 1140 -13
1139 364 -19
751 750 19
751 1137 -13
751 749 19
751 332 8
755 336 8
755 754 28
755 1141 13
755 757 19
119 118 13
119 885 -8
119 121 8
118 91 -19
118 145 -19
118 888 -19
885 858 28
885 496 -13
121 525 19
121 887 19
121 123 -19
361 1140 13
361 362 -8
307 308 -19
307 1084 -19
307 280 13
307 725 -8
335 337 13
335 750 8
335 333 19
335 1109 19
337 336 28
337 339 -8
336 363 8
336 309 13
339 754 13
339 338 -8
339 1113 -8
339 341 13
794 31 8
794 795 13
794 822 19
794 404 28
794 766 -13
31 33 13
31 431 13
31 30 13
31 29 -8
795 28 19
795 793 -19
795 797 8
795 401 19
822 850 28
822 432 -13
822 57 13
822 823 -13
404 406 28
404 402 -8
404 403 19
404 1 28
766 376 8
766 767 -19
766 4 19
1128 349 8
1128 1127 -13
1128 1130 -28
1128 738 19
1128 1126 28
349 322 -8
349 350 8
1127 352 -13
1127 1099 8
1127 741 -28
1130 351 8
1130 1132 8
1130 1129 13
1130 740 13
738 710 -19
738 739 -19
738 323 -28
1126 736 19
1126 347 -28
1126 1125 -13
1126 1124 -13
67 65 -19
67 69 19
67 469 -8
67 66 -13
67 832 -13
65 63 -28
65 830 -8
69 68 28
69 471 28
69 834 19
469 470 13
469 441 8
469 863 -8
469 497 28
66 472 28
66 835 -13
66 40 13
66 93 -19
832 804 28
832 860 8
858 92 -8
858 830 -19
858 859 28
858 468 -19
92 495 28
92 91 -8
92 94 13
92 90 -28
830 802 28
830 831 8
859 465 -13
859 857 28
859 861 -13
468 62 -28
468 466 28
468 470 -19
573 571 -13
573 575 19
573 962 -28
573 572 -13
571 162 -8
571 570 19
571 960 -28
575 574 28
575 577 28
575 964 13
575 165 19
962 990 8
962 963 -28
962 192 -19
572 166 8
572 545 19
572 965 8
572 600 -28
673 1059 -28
673 675 -28
673 259 -13
673 672 8
1057 285 19
1057 1031 13
1057 1085 -8
1057 1058 8
670 642 -13
670 698 -28
670 1060 -8
670 260 -13
669 255 -19
669 1055 28
669 668 8
397 425 -19
397 791 -13
397 398 -19
425 453 -28
425 426 -13
425 26 -19
425 819 -28
791 789 13
791 25 19
791 790 28
398 396 28
398 788 -8
398 400 -13
839 841 19
839 837 8
841 447 28
841 72 -8
841 843 19
841 840 13
837 835 8
837 68 -13
837 836 -19
837 443 13
1083 310 -8
1083 1084 -28
1083 1055 8
1083 697 13
310 312 19
310 308 13
310 724 8
310 309 -8
1084 694 13
1084 1082 -8
1084 1086 -13
1055 283 -13
1055 1056 28
1055 1029 28
697 695 -19
697 280 19
697 699 -13
697 696 -28
166 164 -19
166 165 8
164 933 -28
164 163 19
164 570 -13
165 191 13
165 139 -13
636 227 8
636 1028 -19
636 637 19
636 608 -13
227 226 -8
227 229 28
227 225 -8
227 998 28
1028 253 -19
1028 1026 28
1028 1030 -28
1028 1027 8
637 639 19
637 1025 -8
637 635 19
637 224 8
608 609 19
608 580 -19
608 200 19
608 1001 -8
574 547 -13
574 602 -13
577 579 -19
577 966 -28
577 576 -19
964 937 -28
964 992 19
964 965 -13
942 941 8
942 549 -8
942 940 8
942 944 8
942 168 -13
941 171 28
941 552 28
941 968 19
549 550 -28
549 144 19
549 521 28
549 576 8
940 547 -8
940 939 -13
944 551 28
944 946 -13
944 170 19
944 943 28
168 579 13
168 195 13
168 169 -28
905 933 -28
905 516 8
905 877 -19
905 138 -19
905 906 8
933 544 -8
933 960 28
516 514 19
516 108 28
516 515 8
516 518 -13
877 488 13
877 111 -8
877 850 28
138 137 28
138 136 28
138 140 8
906 513 13
906 908 28
906 904 -13
906 135 19
226 1001 8
226 199 13
226 639 13
226 253 -8
1001 1000 -8
1001 1003 -19
1001 999 28
199 200 8
199 611 -8
199 973 -19
639 638 19
639 1027 -19
639 641 -19
253 278 19
253 254 13
482 872 19
482 480 28
482 76 8
482 484 8
482 481 -28
872 899 -28
872 873 19
872 106 -8
872 844 -28
480 870 28
480 74 -8
480 479 28
76 50 -19
76 103 -13
76 77 -19
76 845 -13
484 78 -28
484 483 28
484 874 19
481 453 -19
481 509 -13
481 79 -28
481 875 28
417 418 13
417 389 -19
446 444 8
446 836 8
446 448 -8
446 42 8
45 44 19
45 43 8
45 808 -19
884 114 -28
884 883 -8
884 491 19
888 495 -28
888 890 28
888 887 -13
493 465 13
493 90 -19
493 521 -28
493 494 8
1004 1031 19
1004 615 8
1004 1005 19
1004 233 -8
1004 976 19
1031 260 8
1031 643 -19
615 613 -19
615 614 19
615 617 8
615 203 -28
1005 612 13
1005 1007 19
1005 1003 -13
233 642 28
233 232 -8
233 235 28
233 231 -8
976 977 -19
976 206 28
976 949 -13
976 587 -19
721 720 -19
721 1107 -8
721 723 -19
721 303 -13
721 719 19
720 306 -19
720 692 -8
720 748 -28
1107 1108 -19
1107 1135 28
1107 1079 -8
1107 333 -13
723 1109 -19
723 305 8
723 725 -28
303 330 -8
303 1080 -19
303 304 -28
303 277 -13
719 1105 8
719 717 19
719 301 8
719 718 -13
44 448 -28
44 17 -19
448 447 13
448 450 13
17 783 -28
989 596 -13
989 987 -28
989 991 -13
989 988 -8
989 214 -28
596 568 -28
596 624 8
596 597 28
596 188 -19
987 213 -13
987 986 -13
991 990 19
991 598 -19
991 993 -8
991 216 -13
988 217 8
988 599 13
988 1015 -19
988 960 28
214 241 19
214 627 -28
214 187 28
214 215 13
306 305 -28
306 308 -28
306 304 -8
306 1079 19
305 278 -13
305 1082 -8
305 332 -28
308 1081 8
304 718 -19
304 1077 -13
304 302 8
1079 1080 -13
1079 693 -8
816 426 28
816 817 19
816 53 -8
816 788 8
816 844 8
426 424 13
426 428 -28
426 23 -28
817 815 8
817 423 28
817 50 13
817 819 -8
53 453 -8
53 52 28
53 51 8
788 789 8
788 26 8
844 845 -13
844 79 8
844 454 13
495 496 28
496 494 -19
496 498 8
279 692 28
279 278 19
279 281 -28
1025 998 19
1025 254 -19
1025 1026 19
1052 662 -8
1052 1050 8
1052 1054 28
1052 277 19
125 529 -13
125 124 -28
125 127 19
125 123 28
125 891 8
529 922 19
529 557 -8
529 530 28
124 97 -13
124 532 -19
124 894 -28
124 151 8
127 531 -13
127 893 -19
127 129 13
127 126 28
123 527 8
123 889 28
123 122 19
891 864 19
891 892 -19
891 502 28
891 919 8
594 595 -28
595 593 8
595 984 28
595 184 8
352 350 -13
352 351 -13
352 354 -28
350 1125 13
350 348 19
351 324 8
354 1129 -19
354 356 13
354 353 -19
91 498 -28
91 861 8
498 497 19
498 887 28
498 500 28
861 863 -8
861 860 19
1134 1133 8
1134 1136 -13
1134 1132 -19
1134 744 -8
1134 355 -8
1133 358 -13
1133 1105 -13
1133 747 -19
1136 1135 -8
1136 357 19
1136 1138 -28
1136 746 28
1132 1131 19
1132 742 13
1132 353 -8
744 716 13
744 329 8
744 745 13
355 356 -19
355 328 -19
73 72 -19
73 75 -13
72 46 -28
72 99 13
75 77 -8
75 74 -28
75 840 -8
75 477 -28
864 836 -13
864 865 -13
864 98 19
836 808 8
865 863 8
865 471 28
865 95 13
98 97 -19
98 96 13
98 100 -13
579 581 19
579 968 -28
579 578 -8
581 580 8
581 970 28
581 170 -13
581 583 13
968 996 19
968 969 -28
968 198 -8
578 171 -19
578 606 -28
578 551 -8
578 971 19
570 963 -8
570 598 19
515 908 -19
515 111 19
544 546 19
544 542 13
544 135 19
736 737 -13
736 708 -8
736 321 8
737 1123 -8
737 739 19
737 319 13
708 1098 28
708 294 -8
708 680 19
708 709 28
321 1095 13
321 323 -28
321 320 -28
1099 1071 -19
1099 325 19
1099 713 8
1099 1100 -8
1071 298 13
1071 1072 8
1071 685 -19
1071 1044 8
325 324 -13
325 327 19
325 323 13
325 740 28
713 712 19
713 711 -28
713 295 19
713 715 -8
1100 710 8
1100 1102 -13
1100 1098 -19
1100 322 -19
1089 316 28
1089 1117 -28
1089 1090 -19
316 318 19
316 314 -19
316 730 19
1117 1145 -19
1117 1118 -13
1117 343 -8
1117 731 8
1090 1088 -19
1090 700 19
1090 1092 -28
1090 313 13
171 169 -19
171 173 -19
171 170 -28
169 939 28
169 576 -19
173 580 13
173 943 -13
173 175 -28
170 145 13
170 197 8
642 1034 -28
642 643 -8
642 614 -8
1034 259 8
1034 1033 13
643 645 -19
643 641 13
614 586 -13
614 206 -19
614 1007 -28
137 908 13
137 546 -19
908 907 -19
908 910 13
546 545 8
546 548 -8
948 555 28
948 950 -28
948 947 13
948 174 -13
948 946 13
555 527 -8
555 150 13
555 582 -19
950 176 -28
950 557 8
950 949 13
950 951 -19
947 177 -13
947 558 -19
947 919 13
947 974 -8
174 585 -28
174 149 19
174 201 -19
174 175 -19
946 945 -8
946 553 -19
645 1033 28
645 232 -19
645 644 -28
1033 1006 8
1033 262 8
1033 1059 28
232 259 -28
232 1007 -28
232 205 13
644 235 13
644 672 8
644 616 -28
911 883 -19
911 912 8
911 939 -13
911 144 -13
883 494 28
883 856 19
912 910 28
912 519 19
912 914 13
912 141 -28
939 550 28
939 966 8
144 146 28
144 142 -8
259 284 -19
259 260 -8
1007 1006 28
1007 1009 -8
205 206 28
205 979 19
205 178 -28
205 617 -13
654 626 -8
654 682 28
654 244 -19
654 1045 19
654 655 -28
626 217 -19
626 1018 -19
626 627 -28
626 598 13
682 710 19
682 683 -28
682 1072 13
682 270 13
244 243 -8
244 246 28
244 242 28
244 1015 -28
1045 1043 -19
1045 1044 28
1045 1046 13
655 653 -13
655 657 -8
655 1042 13
655 241 19
463 61 -13
463 857 28
463 464 -19
463 435 19
463 491 -19
61 63 28
61 59 28
61 826 -19
61 60 -8
857 87 -13
857 855 19
857 856 19
464 466 13
464 854 -19
464 462 -19
464 58 -13
435 436 -19
435 407 -8
435 829 -13
435 35 -28
491 492 28
491 519 -28
491 88 28
727 729 28
727 725 -13
727 1113 -8
727 726 -28
727 309 -28
729 311 8
729 1115 28
729 731 28
729 728 -13
725 724 8
1113 1141 13
1113 1085 -19
726 312 -13
726 698 -28
726 754 13
726 1116 -13
309 1086 -19
217 215 8
217 219 -13
217 216 19
215 986 19
215 624 -19
219 990 -28
219 628 19
219 218 -19
219 221 13
216 189 19
216 243 19
216 629 28
692 1082 -8
692 693 -28
1082 1081 -13
1082 1080 -8
693 695 28
693 691 -28
693 277 -8
312 314 -8
312 311 -13
312 1085 19
314 313 -13
314 1087 -13
314 728 19
311 284 13
311 1088 -8
1085 699 -28
1085 1086 28
465 466 -19
465 63 8
465 437 19
466 60 -8
466 856 -19
63 62 -13
63 828 -19
437 438 19
437 37 -13
437 409 -8
437 831 13
410 408 19
410 800 -8
410 412 28
410 7 -13
410 409 -19
408 407 -8
408 406 -13
408 798 13
408 5 19
800 37 13
800 772 -28
800 828 13
800 801 8
412 414 28
412 802 19
412 9 -19
7 34 -28
7 8 28
7 773 -28
409 381 8
409 10 28
409 803 13
278 695 -13
278 1054 -28
695 694 -8
695 1081 -19
1054 1056 -28
1054 1053 28
502 504 -13
502 500 -19
502 95 19
894 893 -19
894 896 28
894 892 8
694 666 -13
694 281 8
666 638 -28
666 256 28
666 1056 19
281 283 13
281 1053 -19
281 280 -13
285 698 28
285 284 -28
285 287 8
285 283 -28
1058 1060 -13
1058 1056 -8
1058 668 -13
358 356 28
358 357 8
358 360 -28
356 1131 -8
357 330 28
360 359 13
360 1135 13
360 362 28
97 504 8
504 893 -28
504 506 -19
504 503 28
513 541 28
513 109 13
513 514 -28
513 485 -8
541 568 13
541 136 8
541 542 28
109 876 28
109 111 -19
109 108 28
514 107 19
514 903 -19
485 486 8
485 457 -19
485 82 -13
613 201 -19
613 1002 13
613 611 28
613 612 -19
201 228 -13
201 202 28
201 975 -13
1002 1029 -28
1002 974 19
1002 1003 13
1002 231 28
611 1000 -13
611 609 -13
611 610 8
612 584 -13
612 204 19
612 640 13
1043 268 13
1043 652 28
1043 1041 8
1043 1042 -13
268 683 -13
268 293 13
268 241 13
652 653 13
652 242 13
652 624 -13
652 680 19
1041 267 -8
1041 1040 19
1042 270 19
1042 1069 -13
1042 1015 8
743 741 -8
743 742 -19
743 324 13
743 745 28
743 1129 -28
741 739 -8
741 322 -28
741 740 -13
742 714 -19
742 327 -13
324 297 -19
324 1102 13
745 326 -28
745 1131 -19
745 747 -13
1129 1101 19
1140 1142 -28
1140 1138 28
1140 750 -28
1142 1141 8
1142 363 -28
1142 1144 -8
1138 359 19
1138 1137 -28
1138 748 -28
297 715 -28
297 298 -28
297 271 13
297 1074 19
1102 712 28
1102 1104 19
1102 1101 -13
567 565 -8
567 956 19
567 159 28
1105 1077 19
1105 331 13
1105 1106 8
1077 691 8
1077 1078 19
1077 1049 28
331 330 28
331 333 -28
331 746 13
331 329 -28
1106 1108 -8
1106 1104 19
1106 716 -13
1106 328 28
648 239 -13
648 649 28
648 620 -28
648 1039 -28
648 676 13
239 238 -13
239 237 -19
649 651 28
649 236 -28
649 1037 -28
620 212 -28
620 1012 -19
620 592 28
1039 265 -19
1039 1038 13
676 1066 13
676 266 13
676 677 -13
1108 718 -13
1108 330 -8
718 690 8
718 746 13
330 749 -8
661 660 -28
661 1047 -28
661 659 -19
661 247 8
660 250 28
660 688 -8
660 1050 -13
660 632 -19
1047 1048 -8
1047 1021 -28
1047 1075 13
1047 276 8
659 245 19
659 658 28
659 657 -28
247 1022 28
247 273 -19
247 248 -13
238 265 -8
238 1012 13
238 651 8
265 679 28
265 266 -19
1012 1010 19
651 650 19
907 140 -8
907 518 -19
910 139 -8
910 909 -13
470 472 -28
470 860 -19
441 835 28
441 413 -8
441 41 13
863 93 8
863 862 8
497 94 -19
497 525 19
497 890 8
472 862 -28
472 471 -13
862 96 -28
862 834 19
862 889 19
471 443 19
471 499 28
931 542 -19
931 958 8
931 163 -8
931 903 -13
958 986 13
958 959 19
958 188 19
163 568 13
163 162 13
903 904 28
903 136 -19
903 876 8
698 1088 28
698 699 -8
1088 1087 13
1088 1086 19
699 701 13
189 963 8
189 190 8
189 601 -28
963 961 28
963 965 19
190 598 28
190 192 -19
190 188 -13
190 960 19
601 603 8
601 990 13
601 599 -19
601 600 -19
318 317 19
318 732 28
317 735 19
317 344 -28
317 1094 28
732 760 -28
732 1122 -28
732 733 -19
416 13 19
416 414 13
416 806 28
416 418 8
416 415 -8
13 40 -28
13 779 13
13 14 8
414 804 -28
414 413 8
806 43 -8
806 778 19
806 834 -13
806 807 8
418 808 -28
418 15 -28
415 16 13
415 387 -28
415 809 8
415 443 -28
701 700 -13
701 284 -8
701 1087 19
700 287 -19
700 728 13
700 672 13
284 1060 8
1087 1059 13
1087 1115 -19
535 928 19
535 536 13
535 563 -13
535 131 19
535 507 -8
928 157 -13
928 927 8
928 926 -28
928 930 28
536 925 28
536 128 19
536 538 19
536 534 28
563 158 13
563 590 -28
563 955 13
131 129 28
131 897 -8
131 130 8
131 133 13
507 900 -28
507 508 28
507 104 8
507 479 -8
1060 1059 13
1060 1062 13
710 711 13
710 296 13
711 293 -13
711 1097 8
711 709 -19
296 1069 -8
296 298 -13
296 295 -19
296 294 28
783 781 13
783 389 -13
16 15 8
16 14 -13
16 778 19
15 781 -19
15 42 13
14 413 28
14 12 8
14 776 -28
778 388 8
778 779 -28
1037 1038 -19
1037 266 19
677 679 -13
677 675 28
287 1059 -13
287 286 19
286 261 -8
286 1062 -8
286 313 19
520 112 13
520 518 -8
520 519 8
520 909 -13
112 85 -19
112 113 28
112 139 8
519 115 8
519 547 19
909 937 -13
909 142 28
909 881 28
85 492 -28
85 855 -8
85 58 -13
113 115 19
113 111 -28
139 140 19
139 548 8
787 393 8
787 789 -28
787 21 13
787 786 -13
784 812 28
784 394 -8
1066 1065 -8
1065 1093 -13
1065 679 19
619 207 -8
619 618 19
619 617 28
207 981 13
207 234 19
207 208 -13
207 180 -13
618 590 -28
618 210 8
618 1010 28
618 646 28
617 1006 28
617 616 19
94 93 28
94 96 -28
94 860 -19
93 500 -28
96 499 -8
96 95 8
860 887 -8
749 747 -28
749 1135 -8
749 748 -19
114 141 -28
114 87 8
114 115 19
141 550 -13
141 142 -13
87 494 -19
87 88 28
87 60 -19
115 881 -8
62 831 13
62 36 -13
828 438 -8
828 829 19
828 856 8
158 156 13
158 160 -13
158 157 28
158 925 -13
156 561 -28
156 155 13
156 154 -28
156 923 -8
160 927 19
160 564 -8
160 159 -28
157 565 -13
157 182 -13
157 130 19
925 926 28
925 897 19
1053 1027 -28
1053 1081 -8
393 394 19
393 421 28
394 396 28
421 422 19
421 815 28
421 449 -28
835 834 -13
834 444 -8
1123 1095 8
1123 348 19
1123 1124 28
1095 1096 13
1095 1067 -28
1095 709 28
348 347 28
1124 346 -19
568 961 13
961 959 -8
961 187 -28
961 960 19
162 135 -28
162 187 28
135 136 -8
135 108 13
187 599 -28
187 188 -28
868 869 -13
868 840 8
868 895 19
868 102 19
477 449 28
477 505 19
477 871 19
937 548 -28
548 550 28
548 547 13
881 492 -13
881 854 19
717 1103 19
717 299 -13
717 716 -28
717 715 8
1103 1131 -28
1103 1104 -13
1103 329 8
1103 1075 13
299 1076 -19
299 326 -19
299 300 28
299 273 28
716 302 8
716 688 19
715 714 -28
715 1101 28
422 812 -13
422 424 -19
812 840 8
812 49 -13
812 813 -8
424 21 19
424 814 8
424 423 -19
46 813 28
46 450 28
789 23 -8
789 395 -8
23 50 28
23 24 -19
395 396 -28
395 423 -13
40 807 28
40 444 -28
40 41 8
807 413 19
807 809 -13
444 443 8
41 43 -13
41 804 19
981 979 -19
981 588 28
981 983 8
981 980 28
979 977 28
979 586 -19
979 978 8
588 616 -28
588 561 19
588 589 -13
588 181 19
983 590 -8
983 985 -13
983 982 13
983 209 13
980 210 13
980 952 -19
980 591 8
21 48 13
24 786 13
24 26 -19
24 423 -13
650 678 13
145 554 -19
145 146 -19
145 916 28
301 328 28
301 302 -8
301 275 -19
301 1078 8
328 329 -19
328 747 -19
302 1075 19
302 300 -13
275 249 -28
275 691 28
275 1050 19
275 276 13
1078 1076 28
1078 688 8
1078 1080 8
250 249 13
250 252 -19
250 248 -13
250 1021 -19
249 1024 19
249 222 -19
252 662 -28
252 1023 -19
252 254 13
248 658 28
248 1019 -8
248 246 -19
1021 633 -8
1021 994 -28
1021 1022 -28
25 52 -8
25 26 -13
25 428 13
790 818 13
790 400 -8
1026 1024 19
1026 634 13
1030 638 28
1030 1029 -8
1030 255 -19
1027 256 19
1027 1000 28
363 364 8
1145 370 19
1145 1146 -8
1145 759 8
370 369 13
370 368 13
370 372 -13
1146 367 19
1146 756 28
1146 1148 -28
1146 1144 -8
759 758 8
759 761 13
759 340 -19
759 757 -8
590 183 13
590 591 -19
183 952 13
183 182 13
183 181 28
183 185 13
591 180 -8
591 593 19
591 589 19
68 95 -8
68 42 -8
347 320 -8
320 1098 -19
320 739 -28
320 293 -8
740 712 -19
675 674 8
675 261 13
672 262 28
672 1062 -19
843 74 -8
843 449 -13
843 842 28
843 845 19
840 450 -13
390 389 8
390 388 -8
390 780 -13
388 386 28
388 387 13
780 781 28
780 808 13
547 142 13
602 603 8
602 630 19
602 995 19
638 229 -8
638 610 -13
229 1000 19
229 228 13
229 231 -8
610 582 -19
610 202 -19
610 1003 -19
1076 686 -19
1076 1075 -28
1076 1074 -19
686 658 28
686 714 28
686 274 -19
686 687 -19
1075 689 -8
1074 1073 -13
1074 1072 19
1074 684 19
890 889 19
890 892 -13
887 915 19
210 209 -28
210 208 -19
210 212 8
209 236 13
209 182 19
208 206 13
208 616 -13
208 978 8
212 982 13
1006 978 13
1006 235 28
978 589 -8
235 234 -8
235 237 8
438 436 19
438 34 28
436 434 -8
436 32 13
436 826 28
34 60 13
34 35 -19
34 801 28
1109 1137 28
1109 1081 -13
332 359 -19
332 333 28
37 35 -8
37 36 -19
35 33 8
35 798 13
36 9 -13
36 803 -13
256 254 -8
256 255 -8
255 228 -13
255 280 19
369 1148 -8
369 342 -13
1148 1147 28
1148 758 13
1148 1150 -19
342 343 -13
342 1120 8
342 761 -19
405 377 28
405 406 -13
405 799 -8
405 433 28
405 6 -8
377 378 -19
377 771 8
406 3 13
406 796 19
799 32 -19
799 801 -8
799 798 -13
799 797 8
433 434 8
433 33 13
433 827 13
6 8 28
6 5 8
6 4 13
6 768 19
488 81 -28
488 486 13
81 108 13
81 55 -19
81 82 8
81 851 -8
486 876 28
486 80 -13
353 326 8
746 747 8
77 79 -19
77 479 -28
77 842 -19
74 48 -8
74 101 13
855 854 -19
855 853 19
856 90 8
739 1125 -13
323 322 -13
323 1097 -13
847 453 13
847 78 19
847 846 13
847 845 -8
453 454 8
78 52 -28
78 105 13
78 79 8
846 456 19
846 874 -28
846 818 -13
845 451 -19
396 786 19
786 814 8
616 1009 19
1080 690 13
234 261 28
234 1009 19
261 262 8
1009 1010 19
656 657 19
656 628 19
656 246 -8
656 684 19
656 1046 8
657 243 13
657 1044 -8
628 1020 -13
628 600 -28
628 629 -13
246 245 13
246 1017 19
684 712 -19
684 685 28
684 272 28
1046 271 -19
1046 1048 8
984 985 19
984 956 -13
443 43 -28
1115 1143 -19
1115 1116 -13
1115 341 19
731 730 -13
731 313 19
731 733 8
728 756 -19
728 1118 -28
381 382 28
381 775 13
10 9 28
10 8 -28
10 772 19
10 12 28
803 802 19
803 801 19
43 42 13
42 809 -8
313 340 19
802 774 -28
9 775 -19
775 773 28
775 777 -19
775 774 -13
262 260 -28
815 814 28
815 48 -13
815 813 -13
814 51 19
814 842 -28
48 452 8
48 49 19
512 105 19
512 510 -13
512 901 -8
105 106 19
105 132 28
105 875 -19
510 508 19
510 899 -28
510 509 28
510 103 19
901 929 -8
901 874 -8
901 902 13
779 781 13
779 385 8
779 777 -13
584 977 -8
584 177 -19
584 585 -19
584 557 -13
204 206 -19
204 202 -28
204 974 8
204 203 8
640 641 13
640 231 13
640 668 -13
781 387 28
90 88 -28
88 854 -19
586 559 -28
586 179 28
586 587 28
560 558 -8
560 949 -8
560 559 8
560 151 -8
560 562 28
558 557 -8
558 149 -8
949 921 -19
949 179 28
559 531 -19
559 951 -8
559 154 -8
151 176 -13
151 922 8
151 152 28
562 561 -8
562 153 19
333 748 19
688 689 19
688 276 8
1050 1049 8
1050 1048 -19
632 1024 -28
632 633 19
632 223 -28
632 604 13
1086 696 -13
662 690 -28
662 634 -8
690 691 -28
634 635 8
634 606 13
634 225 13
499 527 8
499 892 -8
499 500 19
876 848 -8
848 849 13
848 458 -8
848 820 8
848 82 8
1010 236 -19
808 809 8
850 460 -13
850 84 -8
850 851 28
977 203 -19
977 975 -13
203 176 -28
975 973 -19
975 582 13
975 974 -19
712 298 -8
298 300 13
1093 1121 -19
1093 1094 -13
679 678 8
646 674 -28
646 1038 -13
646 237 19
27 793 -13
27 54 13
27 430 -19
27 0 -28
793 792 -19
54 80 28
54 458 13
54 821 -8
430 429 -13
430 820 8
430 432 -19
0 402 28
0 765 -8
271 245 28
271 272 -19
271 687 -28
95 122 8
955 957 -28
955 182 -19
955 954 -8
955 953 28
1024 1023 -19
1024 1022 13
1023 1049 -28
1023 996 13
1023 635 -28
1022 1020 -8
1022 630 -28
245 1020 8
245 218 -13
1020 1019 -8
1020 1018 13
218 631 -28
218 191 -13
218 993 -19
869 871 -8
869 99 -19
871 870 28
871 101 -28
871 873 13
99 506 -8
99 126 13
99 100 -19
831 829 -19
565 954 -8
565 564 -28
954 927 19
954 982 19
954 185 8
564 957 19
564 537 13
564 592 8
182 593 -28
130 103 -19
130 900 8
130 538 -28
927 538 -13
927 899 -13
159 132 -19
159 184 -8
159 930 28
668 696 -19
1125 1097 13
1097 1098 19
1097 1069 19
386 385 28
386 776 19
386 384 -8
385 413 -13
776 804 28
776 777 -8
384 383 -8
384 774 -13
384 382 -8
1072 295 19
1072 1070 -8
685 683 28
685 269 -28
685 687 -8
1044 1017 -19
1044 272 -8
952 953 -28
434 30 -8
434 432 -19
434 824 13
30 3 -28
30 797 -28
432 28 13
432 431 -28
824 852 -8
824 825 19
824 59 -8
824 796 8
985 592 8
982 593 13
283 696 19
696 724 -19
33 796 -8
33 32 28
796 768 28
796 797 8
32 5 13
32 58 13
222 635 19
222 195 -28
222 997 -19
222 223 -13
818 819 -28
818 428 13
400 399 -13
826 854 19
826 827 8
826 798 19
763 761 13
763 344 28
763 1149 13
763 762 -13
761 1147 -28
761 760 -28
344 371 -8
344 345 28
344 1122 -28
1149 1150 19
1149 1121 8
762 734 -28
1000 972 13
1029 641 19
1147 372 -28
1147 1119 -8
372 371 28
1119 1120 -13
1119 345 19
1119 733 28
450 452 -28
450 449 -8
322 295 8
80 849 8
80 107 13
849 851 13
852 462 8
852 853 -8
462 460 -13
853 459 -28
853 83 -19
853 851 28
691 689 8
236 237 -8
633 635 -19
633 631 28
631 1019 8
631 630 28
631 629 -13
132 133 13
132 902 28
929 956 -8
929 930 -19
538 537 13
371 1150 -28
1150 760 28
407 8 8
407 801 13
407 379 -13
8 770 28
379 773 19
379 380 13
83 84 28
492 494 -13
683 681 -8
683 1069 -28
681 267 19
681 680 -28
1069 1070 28
28 1 -19
28 55 28
28 29 -8
797 403 28
401 429 -8
401 402 8
401 2 -19
401 373 -13
58 59 -13
58 827 19
957 956 13
957 184 -19
184 185 -19
921 532 -13
921 893 28
921 154 -8
921 922 13
532 531 -8
532 530 28
532 534 -8
154 153 8
154 152 -19
922 920 19
922 924 28
224 197 -19
224 999 -19
224 225 -13
658 630 28
658 1048 13
630 221 -19
1048 273 -28
225 996 8
225 223 13
998 609 -8
998 970 19
998 999 -19
1096 319 8
1096 1098 -8
319 346 28
319 292 -13
375 376 8
375 403 28
375 769 13
376 378 -28
376 374 -19
403 431 28
403 4 -28
769 768 8
769 771 8
769 767 19
769 3 -28
1003 228 -28
12 774 28
383 777 -13
483 455 28
460 458 -28
460 55 -28
460 459 13
458 457 -8
55 823 -19
55 56 8
459 57 19
459 431 28
423 451 19
50 454 -8
50 51 13
819 52 -19
689 273 -13
689 687 8
273 274 19
687 1073 -19
593 592 8
531 503 -13
531 924 13
951 178 -8
951 953 -19
561 533 8
561 953 8
153 924 8
153 126 -28
153 178 13
1056 280 -19
1019 992 -19
992 603 -13
992 993 28
992 221 -19
924 926 -28
924 923 28
126 534 -13
126 896 -28
178 589 8
178 179 8
292 1068 -28
292 709 -28
292 267 -8
1092 702 13
1092 1094 28
899 900 8
899 133 -13
1104 714 8
1104 326 -19
1101 327 -28
1101 1073 28
653 240 19
653 1040 19
241 242 13
241 1016 -13
382 380 -13
382 772 -8
1067 294 -19
1067 1040 19
1067 1068 19
294 293 -8
1040 1013 13
1068 1070 28
587 176 -19
587 585 -19
587 589 -8
60 829 -13
429 29 -8
429 823 19
429 457 -28
29 792 8
823 825 -8
823 821 8
457 851 -8
457 56 -13
714 300 19
300 1073 28
557 152 -28
530 919 -8
530 528 19
530 122 -19
592 185 13
1 2 -19
1 767 8
758 730 -19
758 343 -28
340 1118 8
340 367 28
340 341 -28
757 756 13
757 1143 8
757 338 -13
326 327 -13
996 607 8
996 997 -13
100 503 -19
100 102 28
537 509 8
537 930 -8
537 133 19
772 773 13
327 329 8
820 792 -19
820 821 19
820 56 -19
82 84 13
829 827 28
827 825 -19
451 51 8
451 479 28
451 452 28
51 49 19
479 873 8
452 842 19
452 454 13
5 771 -28
180 155 -28
180 953 -8
180 181 19
128 155 8
128 129 -19
128 898 28
128 101 -8
534 533 -19
534 923 19
994 223 -28
994 966 -13
994 995 28
223 221 8
966 196 -28
995 993 13
995 997 -8
293 1070 -8
129 533 -28
129 895 -8
897 508 19
897 870 28
897 898 28
295 269 8
177 176 -19
177 175 -8
177 179 8
585 974 -28
585 583 -19
604 196 13
604 576 19
604 997 8
545 140 8
195 196 19
195 969 19
195 607 -19
997 999 28
972 973 28
972 202 28
972 583 -19
972 945 13
270 269 -28
270 272 19
269 243 -19
243 1018 13
49 449 -19
367 368 -13
756 341 13
1144 754 8
1144 365 13
1144 1143 -19
276 274 -19
603 191 -13
191 192 13
191 965 -28
152 150 -8
152 919 -8
641 228 -19
378 768 -28
378 380 -28
771 770 28
771 773 -19
57 59 13
57 56 -19
431 825 19
368 1143 8
368 366 28
3 4 -19
525 553 -28
553 580 -28
553 554 13
4 2 28
533 926 -28
533 505 -8
1018 1017 -8
1018 1016 8
155 926 -8
609 607 -28
609 197 13
607 606 -8
197 198 28
197 971 -8
990 1017 8
1017 629 19
730 702 13
730 1120 -13
343 345 8
343 341 -28
503 896 13
760 345 -19
1016 1014 -19
1016 624 -8
1016 1015 -13
678 706 -8
580 973 -19
973 971 13
179 181 -19
600 192 13
600 993 13
629 627 13
200 202 28
200 198 28
200 970 -19
198 196 19
198 606 8
970 971 28
970 943 -19
103 104 13
103 873 -28
900 898 -8
900 902 -19
509 902 19
509 106 19
1141 366 28
366 365 -13
366 364 -8
898 896 13
898 505 19
606 999 28
1070 680 -8
734 735 -13
734 706 -8
735 733 8
735 1121 8
272 274 -19
402 792 19
792 764 28
365 338 -19
338 1116 8
770 380 8
770 798 -28
550 552 13
552 554 -8
552 551 -8
240 1014 13
240 213 28
240 267 19
527 920 -8
527 528 -28
920 919 -13
920 149 -19
528 917 -28
969 576 -8
969 971 -19
508 506 8
508 101 -19
506 895 28
506 505 -19
101 102 28
1014 1013 -8
1013 242 13
1013 986 -19
1013 625 -19
945 917 -19
945 175 13
554 943 -19
674 702 -19
150 149 19
150 917 13
149 122 -28
917 889 -19
923 895 -28
374 764 28
374 373 -19
505 102 19
1137 362 -13
362 364 -28
582 175 -28
582 583 28
1118 1116 8
1118 1120 -19
1120 1122 28
895 896 13
122 892 -13
764 765 8
764 2 -28
765 767 -8
842 870 8
454 456 -8
874 875 28
373 767 -28
1121 1122 -13
870 104 28
104 106 -8
104 102 -13
521 914 13
551 146 -13
914 916 -28
624 625 28
889 500 -19
873 875 -13
986 597 13
625 627 28
625 213 -19
1015 627 13
915 943 -13
915 916 19
399 427 -13
427 428 -19
427 455 -8
598 599 -13
140 142 13
456 455 28
456 52 19
599 597 -8
