1112 1111 19
1112 334 -13
1112 1110 8
1112 1114 -19
1112 722 28
1111 337 -8
1111 1083 19
1111 1139 13
1111 725 13
334 753 -13
334 361 8
334 307 -19
334 335 13
1110 1108 -13
1110 332 -13
1110 720 -8
1110 1109 -8
1114 336 -13
1114 724 8
1114 1116 -28
1114 1113 -19
722 694 -13
722 723 8
722 308 -19
722 750 -19
147 918 19
147 172 -13
147 556 -8
147 148 19
147 120 8
918 525 19
918 917 28
918 920 -8
918 916 28
172 199 8
172 173 28
172 583 -8
172 946 -13
556 558 -13
556 555 -19
556 945 13
556 554 -28
148 150 -8
148 553 13
148 146 -28
148 915 -28
120 121 8
120 528 19
120 890 -28
120 93 -28
665 251 19
665 663 -8
665 664 -19
665 667 13
665 1051 28
251 252 8
251 224 28
251 1026 -19
251 277 -19
663 661 -28
663 662 -13
663 249 28
663 1049 -13
664 636 -19
664 692 19
664 1054 -8
664 254 8
667 253 -13
667 669 -19
667 1053 -8
667 666 -13
1051 279 -19
1051 1025 28
1051 1079 19
1051 1052 8
391 392 19
391 419 13
391 785 -13
392 782 -19
392 390 8
392 394 -8
419 20 28
419 813 -8
419 447 -13
419 420 -19
785 783 19
785 19 -19
785 787 19
785 784 13
473 445 28
473 867 13
473 474 8
473 501 -13
473 71 -13
445 839 28
445 417 -8
445 446 -28
445 45 8
867 97 -19
867 869 -8
867 865 -28
867 866 -8
474 476 28
474 864 19
474 472 13
474 68 -19
501 502 19
501 894 13
501 529 19
501 98 -19
71 73 -13
71 69 19
71 836 13
71 70 -13
936 543 19
936 934 -13
936 935 19
936 938 -19
543 570 13
543 515 -13
543 544 8
543 138 8
934 162 13
934 933 -8
934 932 -8
934 541 -13
935 166 -19
935 546 8
935 907 -19
935 962 13
938 937 13
938 165 28
938 940 28
938 545 19
161 134 28
161 569 8
161 932 13
161 186 -8
134 904 -8
134 107 -19
134 542 -8
569 568 -13
569 958 -28
569 571 13
932 931 28
186 213 -28
186 597 -19
186 959 19
476 70 19
476 866 -19
476 475 -19
476 478 -13
70 839 -8
70 44 -28
866 838 -13
866 893 13
866 100 -13
475 73 19
475 869 -19
475 447 13
475 503 13
478 868 -13
478 477 -8
478 72 19
478 480 28
439 39 28
439 833 -8
439 467 28
439 440 28
439 411 8
39 38 13
39 37 -28
39 41 8
39 802 28
833 835 13
833 64 -28
833 832 -8
833 831 28
467 495 -13
467 861 8
467 468 8
467 65 19
440 438 13
440 830 8
440 36 -8
440 442 -13
411 412 28
411 12 8
411 383 13
411 805 -13
880 878 -28
880 110 28
880 879 -13
880 882 13
880 487 -19
878 877 8
878 485 -13
878 108 13
110 137 13
110 83 -13
110 111 -19
110 518 19
879 852 19
879 490 19
879 907 19
879 113 -8
882 489 -19
882 112 28
882 881 13
882 884 8
487 488 -19
487 459 -19
487 515 -8
487 84 28
193 605 -19
193 220 -28
193 194 -13
193 967 28
193 167 -8
605 994 -19
605 603 -13
605 604 -19
605 607 -19
220 633 -19
220 247 -8
220 995 13
220 221 28
194 602 8
194 196 28
194 192 -13
194 964 -13
967 574 13
967 969 -19
967 965 19
967 966 -19
167 577 8
167 141 -8
167 940 -19
705 1091 -19
705 707 -19
705 704 -13
705 703 19
705 288 -19
1091 318 19
1091 1063 -8
1091 1092 -8
1091 1119 -13
707 290 -19
707 1093 13
707 706 -28
704 291 -19
704 676 -13
704 732 -13
704 1094 -8
703 1089 -19
703 701 -28
703 286 -8
703 702 -19
288 289 19
288 315 -8
288 263 -13
288 1064 13
539 566 28
539 511 -19
539 540 19
566 594 -13
566 567 -8
511 512 -19
511 483 -8
540 132 28
540 929 -8
540 538 -28
289 291 -19
289 287 -28
289 702 13
289 1061 -13
315 342 28
315 316 19
315 733 8
315 1092 19
263 1038 28
263 236 28
263 264 28
263 677 8
1064 1063 -8
1064 1066 8
1064 1062 -19
1064 674 -19
38 805 8
38 11 8
38 442 19
38 64 -19
805 804 8
805 807 -13
805 803 28
11 12 28
11 777 13
11 414 28
442 444 19
442 832 -19
442 441 28
64 91 -28
64 65 -19
64 470 19
20 18 28
20 782 -13
20 22 -8
20 19 19
18 16 13
18 417 -28
18 780 28
18 17 -8
782 810 13
782 783 -8
22 421 19
22 21 13
22 784 28
22 24 13
19 422 19
19 46 8
291 290 -8
291 1063 -8
290 1066 -28
290 265 19
290 317 19
1063 1037 28
1063 677 -13
257 1032 13
257 671 19
257 258 28
257 230 -28
257 282 19
1032 1034 13
1032 1030 8
1032 640 -8
1032 1031 8
671 673 8
671 1057 8
671 670 8
671 669 19
258 256 -28
258 668 8
258 260 -13
258 1029 19
230 1005 8
230 643 -8
230 231 -13
230 203 -13
282 283 -8
282 1058 13
282 309 -8
282 699 28
524 526 13
524 523 19
524 522 28
524 116 -19
524 913 8
526 118 -19
526 525 -13
526 528 -13
526 915 -8
523 119 -13
523 495 28
523 551 13
523 916 -13
522 911 19
522 520 -13
522 114 19
522 521 -8
116 886 -8
116 89 -13
116 143 -28
116 117 13
913 914 -13
913 941 19
913 885 8
913 146 28
886 884 -28
886 888 8
886 885 -19
886 493 -28
89 90 19
89 62 -8
89 859 19
89 496 -8
143 552 -13
143 914 28
143 144 -8
143 168 -19
117 119 -19
117 115 -28
117 521 -19
117 883 -8
810 420 -13
810 838 13
810 811 28
810 47 -8
420 422 8
420 418 -8
420 17 28
838 839 8
838 73 -13
838 448 8
811 44 -28
811 809 13
811 417 -8
811 813 -28
47 45 -13
47 447 19
47 46 -28
47 49 28
1035 1061 19
1035 1036 19
1035 1008 -28
1035 264 -13
1035 647 -28
1061 1089 -19
1061 1062 -28
1061 675 8
1036 1034 -13
1036 644 8
1036 1038 -13
1036 261 -28
1008 619 -13
1008 1009 13
1008 980 8
1008 237 28
264 262 -8
264 674 8
264 266 -8
647 645 8
647 234 8
647 646 -13
647 649 -19
489 86 -8
489 517 8
489 490 -19
489 461 -13
86 852 8
86 85 8
86 88 -13
86 84 19
517 545 -8
517 518 19
517 910 -28
517 113 28
490 488 28
490 83 -8
490 492 -13
461 462 28
461 59 28
461 433 8
461 855 13
623 621 28
623 622 19
623 211 -19
623 1011 19
621 619 19
621 209 8
621 620 19
622 594 -8
622 650 19
211 238 8
211 212 13
211 985 13
211 184 28
1011 1012 13
1011 984 8
753 752 -28
753 1139 28
753 751 13
753 755 13
752 337 -19
752 724 28
752 1142 19
1139 1140 28
1139 364 -28
751 750 19
751 1137 8
751 749 -8
751 332 -19
755 336 28
755 754 28
755 1141 -28
755 757 8
119 118 28
119 885 28
119 121 13
118 91 19
118 145 8
118 888 -28
885 858 -28
885 496 28
121 525 -28
121 887 -13
121 123 -13
361 1140 8
361 362 -13
307 308 -19
307 1084 -8
307 280 -19
307 725 19
335 337 28
335 750 28
335 333 -8
335 1109 28
337 336 8
337 339 8
336 363 -28
336 309 -19
339 754 -13
339 338 -8
339 1113 19
339 341 8
794 31 19
794 795 -19
794 822 -19
794 404 -28
794 766 28
31 33 28
31 431 19
31 30 -8
31 29 -28
795 28 -8
795 793 -13
795 797 13
795 401 -8
822 850 19
822 432 -8
822 57 -28
822 823 8
404 406 -28
404 402 8
404 403 -13
404 1 19
766 376 -19
766 767 28
766 4 -19
1128 349 -28
1128 1127 -13
1128 1130 28
1128 738 -13
1128 1126 28
349 322 -13
349 350 8
1127 352 -19
1127 1099 -13
1127 741 13
1130 351 13
1130 1132 19
1130 1129 19
1130 740 -13
738 710 8
738 739 -19
738 323 28
1126 736 19
1126 347 13
1126 1125 28
1126 1124 8
67 65 -19
67 69 -19
67 469 13
67 66 19
67 832 28
65 63 -28
65 830 -13
69 68 -8
69 471 -13
69 834 19
469 470 -19
469 441 -28
469 863 13
469 497 28
66 472 13
66 835 13
66 40 -8
66 93 -13
832 804 8
832 860 -13
858 92 -19
858 830 13
858 859 8
858 468 13
92 495 -19
92 91 13
92 94 28
92 90 8
830 802 8
830 831 8
859 465 -19
859 857 8
859 861 13
468 62 8
468 466 -28
468 470 13
573 571 -13
573 575 -8
573 962 8
573 572 19
571 162 -28
571 570 -13
571 960 28
575 574 8
575 577 -8
575 964 28
575 165 -28
962 990 -8
962 963 -19
962 192 13
572 166 -28
572 545 8
572 965 8
572 600 13
673 1059 -19
673 675 28
673 259 13
673 672 -13
1057 285 -8
1057 1031 -8
1057 1085 19
1057 1058 13
670 642 -28
670 698 -19
670 1060 -28
670 260 -8
669 255 -19
669 1055 13
669 668 13
397 425 -19
397 791 -13
397 398 19
425 453 28
425 426 -8
425 26 13
425 819 19
791 789 -28
791 25 -28
791 790 -28
398 396 -13
398 788 13
398 400 -13
839 841 13
839 837 8
841 447 -13
841 72 -28
841 843 -28
841 840 -8
837 835 -28
837 68 13
837 836 -28
837 443 19
1083 310 8
1083 1084 8
1083 1055 13
1083 697 -28
310 312 -19
310 308 -28
310 724 28
310 309 19
1084 694 19
1084 1082 19
1084 1086 -19
1055 283 28
1055 1056 -28
1055 1029 28
697 695 28
697 280 28
697 699 -19
697 696 -13
166 164 19
166 165 19
164 933 -8
164 163 -8
164 570 8
165 191 -19
165 139 8
636 227 -19
636 1028 8
636 637 -19
636 608 -19
227 226 13
227 229 -28
227 225 -28
227 998 8
1028 253 8
1028 1026 28
1028 1030 -8
1028 1027 19
637 639 -19
637 1025 13
637 635 28
637 224 28
608 609 19
608 580 -8
608 200 -8
608 1001 8
574 547 -19
574 602 -19
577 579 8
577 966 8
577 576 -13
964 937 -19
964 992 13
964 965 -19
942 941 13
942 549 -13
942 940 -19
942 944 13
942 168 -19
941 171 13
941 552 8
941 968 -8
549 550 13
549 144 -19
549 521 8
549 576 -8
940 547 -8
940 939 19
944 551 13
944 946 19
944 170 -19
944 943 -13
168 579 8
168 195 13
168 169 -8
905 933 13
905 516 -13
905 877 8
905 138 -8
905 906 13
933 544 -13
933 960 13
516 514 -8
516 108 19
516 515 -28
516 518 19
877 488 -19
877 111 -19
877 850 8
138 137 13
138 136 13
138 140 -8
906 513 13
906 908 -8
906 904 28
906 135 13
226 1001 -13
226 199 19
226 639 8
226 253 13
1001 1000 -13
1001 1003 -13
1001 999 -8
199 200 -28
199 611 13
199 973 -13
639 638 -28
639 1027 8
639 641 -13
253 278 28
253 254 8
482 872 8
482 480 8
482 76 8
482 484 -13
482 481 19
872 899 -28
872 873 -28
872 106 8
872 844 -13
480 870 13
480 74 -8
480 479 -13
76 50 -28
76 103 -8
76 77 -13
76 845 -13
484 78 28
484 483 19
484 874 -28
481 453 -28
481 509 -13
481 79 -8
481 875 28
417 418 13
417 389 -13
446 444 28
446 836 28
446 448 28
446 42 8
45 44 -19
45 43 28
45 808 13
884 114 13
884 883 -13
884 491 19
888 495 8
888 890 8
888 887 -13
493 465 -8
493 90 8
493 521 -28
493 494 -13
1004 1031 28
1004 615 -8
1004 1005 13
1004 233 8
1004 976 -13
1031 260 -13
1031 643 -13
615 613 8
615 614 -8
615 617 19
615 203 -13
1005 612 8
1005 1007 19
1005 1003 8
233 642 -8
233 232 -19
233 235 13
233 231 -28
976 977 -28
976 206 28
976 949 28
976 587 8
721 720 19
721 1107 -8
721 723 -8
721 303 -8
721 719 8
720 306 -19
720 692 -19
720 748 -19
1107 1108 -8
1107 1135 -28
1107 1079 28
1107 333 -19
723 1109 -19
723 305 -28
723 725 19
303 330 28
303 1080 19
303 304 13
303 277 -28
719 1105 8
719 717 19
719 301 13
719 718 -19
44 448 13
44 17 13
448 447 -19
448 450 -19
17 783 19
989 596 -8
989 987 28
989 991 -19
989 988 -28
989 214 13
596 568 -19
596 624 19
596 597 -8
596 188 -19
987 213 28
987 986 8
991 990 -13
991 598 -8
991 993 13
991 216 19
988 217 -28
988 599 -28
988 1015 -8
988 960 -8
214 241 -28
214 627 19
214 187 8
214 215 13
306 305 -13
306 308 13
306 304 8
306 1079 13
305 278 19
305 1082 28
305 332 -19
308 1081 13
304 718 -28
304 1077 28
304 302 19
1079 1080 -28
1079 693 -28
816 426 28
816 817 -13
816 53 19
816 788 28
816 844 8
426 424 -28
426 428 28
426 23 13
817 815 8
817 423 -19
817 50 8
817 819 19
53 453 -13
53 52 -28
53 51 19
788 789 19
788 26 -19
844 845 -8
844 79 -28
844 454 19
495 496 -13
496 494 -28
496 498 19
279 692 19
279 278 -19
279 281 13
1025 998 8
1025 254 -28
1025 1026 8
1052 662 19
1052 1050 13
1052 1054 -19
1052 277 -8
125 529 19
125 124 -28
125 127 -19
125 123 -13
125 891 19
529 922 8
529 557 -13
529 530 -19
124 97 -28
124 532 -28
124 894 -13
124 151 8
127 531 28
127 893 28
127 129 8
127 126 19
123 527 -28
123 889 19
123 122 19
891 864 13
891 892 -28
891 502 13
891 919 -28
594 595 28
595 593 19
595 984 19
595 184 13
352 350 19
352 351 -19
352 354 13
350 1125 28
350 348 -13
351 324 -19
354 1129 -19
354 356 19
354 353 28
91 498 -13
91 861 -8
498 497 8
498 887 13
498 500 -28
861 863 -19
861 860 19
1134 1133 -13
1134 1136 -8
1134 1132 8
1134 744 8
1134 355 13
1133 358 8
1133 1105 28
1133 747 -13
1136 1135 -19
1136 357 -8
1136 1138 28
1136 746 28
1132 1131 28
1132 742 13
1132 353 -28
744 716 8
744 329 -8
744 745 19
355 356 28
355 328 -8
73 72 -13
73 75 -28
72 46 28
72 99 -19
75 77 8
75 74 19
75 840 -8
75 477 13
864 836 28
864 865 8
864 98 8
836 808 28
865 863 8
865 471 -28
865 95 28
98 97 -19
98 96 -28
98 100 19
579 581 13
579 968 8
579 578 -13
581 580 19
581 970 19
581 170 -13
581 583 13
968 996 13
968 969 -19
968 198 -13
578 171 8
578 606 -8
578 551 -8
578 971 -19
570 963 -28
570 598 -19
515 908 -13
515 111 13
544 546 13
544 542 -19
544 135 -28
736 737 -13
736 708 19
736 321 8
737 1123 -13
737 739 -19
737 319 -19
708 1098 -13
708 294 -28
708 680 -28
708 709 -13
321 1095 -8
321 323 -28
321 320 -8
1099 1071 -13
1099 325 19
1099 713 13
1099 1100 19
1071 298 -28
1071 1072 -19
1071 685 -28
1071 1044 28
325 324 -13
325 327 28
325 323 -19
325 740 -13
713 712 28
713 711 -19
713 295 -19
713 715 -28
1100 710 8
1100 1102 19
1100 1098 8
1100 322 -8
1089 316 8
1089 1117 13
1089 1090 28
316 318 -19
316 314 13
316 730 19
1117 1145 -19
1117 1118 28
1117 343 8
1117 731 8
1090 1088 -28
1090 700 8
1090 1092 -13
1090 313 8
171 169 8
171 173 13
171 170 28
169 939 -19
169 576 28
173 580 28
173 943 -13
173 175 8
170 145 -8
170 197 8
642 1034 28
642 643 13
642 614 -8
1034 259 -19
1034 1033 -8
643 645 19
643 641 19
614 586 19
614 206 -28
614 1007 -8
137 908 -19
137 546 -8
908 907 8
908 910 -19
546 545 28
546 548 8
948 555 19
948 950 -13
948 947 -28
948 174 19
948 946 -13
555 527 13
555 150 28
555 582 -28
950 176 -28
950 557 28
950 949 -19
950 951 -19
947 177 -28
947 558 -28
947 919 -19
947 974 -13
174 585 19
174 149 -28
174 201 19
174 175 -19
946 945 -19
946 553 13
645 1033 -13
645 232 8
645 644 -8
1033 1006 13
1033 262 -8
1033 1059 8
232 259 28
232 1007 -13
232 205 -19
644 235 8
644 672 -28
644 616 -28
911 883 8
911 912 -13
911 939 -19
911 144 28
883 494 -13
883 856 13
912 910 -13
912 519 13
912 914 8
912 141 19
939 550 8
939 966 -8
144 146 -13
144 142 13
259 284 28
259 260 -28
1007 1006 -19
1007 1009 19
205 206 -19
205 979 19
205 178 19
205 617 -13
654 626 -8
654 682 -28
654 244 8
654 1045 -28
654 655 8
626 217 8
626 1018 19
626 627 -28
626 598 19
682 710 19
682 683 8
682 1072 19
682 270 -8
244 243 -28
244 246 -19
244 242 19
244 1015 13
1045 1043 8
1045 1044 -19
1045 1046 -19
655 653 -28
655 657 13
655 1042 -13
655 241 -13
463 61 8
463 857 19
463 464 -19
463 435 13
463 491 -19
61 63 13
61 59 28
61 826 -19
61 60 -28
857 87 8
857 855 -8
857 856 19
464 466 19
464 854 -19
464 462 -13
464 58 -8
435 436 13
435 407 13
435 829 19
435 35 -28
491 492 -13
491 519 8
491 88 8
727 729 -13
727 725 -8
727 1113 19
727 726 13
727 309 -19
729 311 -13
729 1115 -8
729 731 -19
729 728 -13
725 724 8
1113 1141 -28
1113 1085 -19
726 312 -28
726 698 -13
726 754 8
726 1116 -13
309 1086 13
217 215 -19
217 219 -19
217 216 -19
215 986 8
215 624 8
219 990 -28
219 628 8
219 218 -19
219 221 28
216 189 -28
216 243 19
216 629 -8
692 1082 19
692 693 19
1082 1081 -13
1082 1080 28
693 695 -28
693 691 -19
693 277 8
312 314 13
312 311 -19
312 1085 8
314 313 8
314 1087 8
314 728 28
311 284 28
311 1088 -28
1085 699 -19
1085 1086 19
465 466 -8
465 63 28
465 437 13
466 60 28
466 856 -28
63 62 8
63 828 19
437 438 28
437 37 -28
437 409 -8
437 831 8
410 408 19
410 800 8
410 412 28
410 7 -8
410 409 -13
408 407 28
408 406 -19
408 798 19
408 5 -8
800 37 -8
800 772 13
800 828 8
800 801 8
412 414 28
412 802 28
412 9 -28
7 34 -19
7 8 13
7 773 -19
409 381 28
409 10 -28
409 803 -13
278 695 28
278 1054 -13
695 694 -8
695 1081 28
1054 1056 13
1054 1053 28
502 504 28
502 500 -13
502 95 -19
894 893 13
894 896 13
894 892 8
694 666 -28
694 281 28
666 638 13
666 256 -13
666 1056 -8
281 283 8
281 1053 13
281 280 28
285 698 28
285 284 19
285 287 -8
285 283 19
1058 1060 19
1058 1056 28
1058 668 19
358 356 28
358 357 8
358 360 -8
356 1131 8
357 330 -8
360 359 19
360 1135 28
360 362 -28
97 504 -13
504 893 13
504 506 13
504 503 -19
513 541 8
513 109 -28
513 514 8
513 485 -8
541 568 -19
541 136 19
541 542 28
109 876 13
109 111 -28
109 108 8
514 107 -28
514 903 -19
485 486 8
485 457 -19
485 82 -8
613 201 13
613 1002 13
613 611 8
613 612 -19
201 228 -28
201 202 13
201 975 -13
1002 1029 8
1002 974 -28
1002 1003 19
1002 231 -28
611 1000 -13
611 609 13
611 610 8
612 584 13
612 204 19
612 640 -13
1043 268 19
1043 652 -8
1043 1041 13
1043 1042 13
268 683 -8
268 293 19
268 241 28
652 653 19
652 242 19
652 624 -8
652 680 28
1041 267 -8
1041 1040 19
1042 270 13
1042 1069 19
1042 1015 19
743 741 -8
743 742 8
743 324 19
743 745 -8
743 1129 8
741 739 -8
741 322 19
741 740 28
742 714 28
742 327 -8
324 297 -28
324 1102 13
745 326 -8
745 1131 -19
745 747 13
1129 1101 -13
1140 1142 8
1140 1138 19
1140 750 -8
1142 1141 -28
1142 363 -13
1142 1144 -28
1138 359 -13
1138 1137 8
1138 748 8
297 715 19
297 298 13
297 271 8
297 1074 8
1102 712 -19
1102 1104 -28
1102 1101 19
567 565 -28
567 956 -19
567 159 -28
1105 1077 -19
1105 331 -28
1105 1106 8
1077 691 -8
1077 1078 -8
1077 1049 19
331 330 19
331 333 13
331 746 -13
331 329 13
1106 1108 28
1106 1104 -28
1106 716 -8
1106 328 13
648 239 28
648 649 8
648 620 -28
648 1039 -13
648 676 28
239 238 -19
239 237 -13
649 651 8
649 236 -28
649 1037 13
620 212 -8
620 1012 28
620 592 8
1039 265 -28
1039 1038 -28
676 1066 -19
676 266 -13
676 677 28
1108 718 -19
1108 330 -8
718 690 28
718 746 -8
330 749 -8
661 660 28
661 1047 8
661 659 -13
661 247 13
660 250 19
660 688 -28
660 1050 28
660 632 -28
1047 1048 8
1047 1021 28
1047 1075 8
1047 276 -13
659 245 13
659 658 -8
659 657 -8
247 1022 19
247 273 -8
247 248 19
238 265 -19
238 1012 13
238 651 -28
265 679 8
265 266 8
1012 1010 13
651 650 -28
907 140 -28
907 518 -8
910 139 8
910 909 19
470 472 -19
470 860 13
441 835 -8
441 413 19
441 41 -8
863 93 -19
863 862 -19
497 94 -13
497 525 -28
497 890 -28
472 862 -28
472 471 19
862 96 -28
862 834 -8
862 889 -19
471 443 28
471 499 8
931 542 -13
931 958 28
931 163 13
931 903 -28
958 986 -19
958 959 8
958 188 -19
163 568 -8
163 162 -28
903 904 19
903 136 19
903 876 8
698 1088 8
698 699 -19
1088 1087 -28
1088 1086 -8
699 701 -19
189 963 -13
189 190 -19
189 601 19
963 961 -13
963 965 -8
190 598 19
190 192 -8
190 188 -13
190 960 -28
601 603 -8
601 990 -8
601 599 19
601 600 13
318 317 -8
318 732 -8
317 735 13
317 344 28
317 1094 -28
732 760 -8
732 1122 -8
732 733 13
416 13 19
416 414 -8
416 806 -28
416 418 13
416 415 -19
13 40 8
13 779 -13
13 14 -19
414 804 -28
414 413 19
806 43 13
806 778 19
806 834 -28
806 807 -8
418 808 8
418 15 13
415 16 28
415 387 13
415 809 19
415 443 28
701 700 -28
701 284 8
701 1087 13
700 287 -8
700 728 -8
700 672 13
284 1060 13
1087 1059 8
1087 1115 -8
535 928 -19
535 536 28
535 563 28
535 131 8
535 507 19
928 157 -28
928 927 19
928 926 -13
928 930 19
536 925 8
536 128 13
536 538 13
536 534 -19
563 158 -8
563 590 19
563 955 -28
131 129 -19
131 897 28
131 130 -19
131 133 -19
507 900 -28
507 508 -13
507 104 28
507 479 -28
1060 1059 -8
1060 1062 13
710 711 13
710 296 19
711 293 -8
711 1097 28
711 709 -8
296 1069 -13
296 298 13
296 295 -8
296 294 -28
783 781 28
783 389 -28
16 15 19
16 14 -28
16 778 13
15 781 8
15 42 19
14 413 -13
14 12 28
14 776 8
778 388 -13
778 779 28
1037 1038 28
1037 266 -19
677 679 -28
677 675 -8
287 1059 13
287 286 8
286 261 8
286 1062 -13
286 313 8
520 112 19
520 518 13
520 519 19
520 909 -28
112 85 13
112 113 -19
112 139 -28
519 115 19
519 547 28
909 937 8
909 142 -28
909 881 -8
85 492 -19
85 855 -28
85 58 -19
113 115 28
113 111 13
139 140 28
139 548 -13
787 393 -8
787 789 19
787 21 28
787 786 -8
784 812 -28
784 394 28
1066 1065 -13
1065 1093 -13
1065 679 19
619 207 19
619 618 8
619 617 13
207 981 -19
207 234 19
207 208 28
207 180 -13
618 590 -13
618 210 -28
618 1010 13
618 646 19
617 1006 8
617 616 28
94 93 -19
94 96 -8
94 860 28
93 500 -13
96 499 19
96 95 13
860 887 8
749 747 -8
749 1135 -28
749 748 -19
114 141 19
114 87 13
114 115 28
141 550 19
141 142 19
87 494 28
87 88 8
87 60 -8
115 881 8
62 831 -8
62 36 13
828 438 -13
828 829 -28
828 856 13
158 156 -8
158 160 -8
158 157 8
158 925 -19
156 561 -8
156 155 -19
156 154 -8
156 923 28
160 927 -8
160 564 -13
160 159 -13
157 565 8
157 182 -13
157 130 28
925 926 -28
925 897 -13
1053 1027 -13
1053 1081 8
393 394 28
393 421 -28
394 396 -8
421 422 28
421 815 -8
421 449 -19
835 834 -13
834 444 13
1123 1095 13
1123 348 19
1123 1124 -8
1095 1096 -19
1095 1067 -19
1095 709 -28
348 347 -28
1124 346 28
568 961 -28
961 959 28
961 187 19
961 960 -8
162 135 28
162 187 13
135 136 -28
135 108 -28
187 599 -19
187 188 19
868 869 -13
868 840 -8
868 895 8
868 102 -13
477 449 28
477 505 -19
477 871 -13
937 548 13
548 550 28
548 547 13
881 492 8
881 854 28
717 1103 19
717 299 -19
717 716 -28
717 715 -13
1103 1131 -19
1103 1104 -28
1103 329 -13
1103 1075 -13
299 1076 -28
299 326 -8
299 300 -13
299 273 -8
716 302 -8
716 688 19
715 714 -8
715 1101 13
422 812 -19
422 424 8
812 840 -19
812 49 -28
812 813 13
424 21 -19
424 814 19
424 423 28
46 813 13
46 450 13
789 23 19
789 395 19
23 50 -13
23 24 -19
395 396 -13
395 423 13
40 807 -19
40 444 28
40 41 -13
807 413 8
807 809 -13
444 443 8
41 43 -8
41 804 -13
981 979 -8
981 588 -28
981 983 -19
981 980 8
979 977 -13
979 586 8
979 978 -8
588 616 8
588 561 8
588 589 -13
588 181 28
983 590 -28
983 985 -28
983 982 -19
983 209 -8
980 210 19
980 952 19
980 591 -28
21 48 -8
24 786 -19
24 26 -13
24 423 8
650 678 -28
145 554 19
145 146 13
145 916 -8
301 328 13
301 302 -8
301 275 8
301 1078 -13
328 329 -28
328 747 -8
302 1075 28
302 300 28
275 249 -8
275 691 28
275 1050 -28
275 276 -28
1078 1076 -8
1078 688 28
1078 1080 -8
250 249 -19
250 252 -28
250 248 19
250 1021 -28
249 1024 28
249 222 19
252 662 13
252 1023 -13
252 254 19
248 658 8
248 1019 -28
248 246 28
1021 633 8
1021 994 13
1021 1022 13
25 52 8
25 26 -19
25 428 -19
790 818 -28
790 400 -13
1026 1024 -28
1026 634 -19
1030 638 -8
1030 1029 19
1030 255 -8
1027 256 13
1027 1000 28
363 364 -13
1145 370 -19
1145 1146 -28
1145 759 13
370 369 -28
370 368 -8
370 372 28
1146 367 -19
1146 756 -19
1146 1148 -13
1146 1144 -19
759 758 13
759 761 -28
759 340 -8
759 757 13
590 183 -28
590 591 -13
183 952 -8
183 182 13
183 181 -8
183 185 28
591 180 -13
591 593 8
591 589 -28
68 95 28
68 42 -13
347 320 -13
320 1098 13
320 739 -13
320 293 13
740 712 -19
675 674 -19
675 261 -13
672 262 19
672 1062 -8
843 74 -28
843 449 -8
843 842 -28
843 845 8
840 450 8
390 389 13
390 388 8
390 780 -28
388 386 -28
388 387 -19
780 781 -19
780 808 -28
547 142 28
602 603 28
602 630 8
602 995 -13
638 229 28
638 610 19
229 1000 13
229 228 -8
229 231 8
610 582 -13
610 202 -19
610 1003 8
1076 686 13
1076 1075 -13
1076 1074 28
686 658 8
686 714 -8
686 274 -13
686 687 -8
1075 689 28
1074 1073 -28
1074 1072 -28
1074 684 -8
890 889 -13
890 892 19
887 915 28
210 209 8
210 208 13
210 212 -28
209 236 -28
209 182 -13
208 206 -13
208 616 -8
208 978 -28
212 982 -19
1006 978 -28
1006 235 19
978 589 19
235 234 13
235 237 28
438 436 13
438 34 -8
436 434 13
436 32 28
436 826 -13
34 60 -13
34 35 -8
34 801 28
1109 1137 8
1109 1081 19
332 359 -8
332 333 -13
37 35 -28
37 36 -19
35 33 19
35 798 28
36 9 28
36 803 19
256 254 8
256 255 8
255 228 -8
255 280 28
369 1148 -13
369 342 -28
1148 1147 -28
1148 758 19
1148 1150 -19
342 343 19
342 1120 -13
342 761 -8
405 377 -19
405 406 -19
405 799 -8
405 433 -8
405 6 13
377 378 -19
377 771 28
406 3 -28
406 796 28
799 32 13
799 801 13
799 798 19
799 797 28
433 434 -28
433 33 -28
433 827 8
6 8 -13
6 5 -28
6 4 -13
6 768 -19
488 81 19
488 486 -13
81 108 8
81 55 28
81 82 -19
81 851 8
486 876 13
486 80 -19
353 326 13
746 747 28
77 79 -8
77 479 -8
77 842 13
74 48 -19
74 101 -13
855 854 13
855 853 -19
856 90 28
739 1125 -28
323 322 -28
323 1097 -8
847 453 -19
847 78 -19
847 846 13
847 845 -28
453 454 28
78 52 -8
78 105 -19
78 79 -19
846 456 -28
846 874 -13
846 818 8
845 451 -19
396 786 8
786 814 28
616 1009 19
1080 690 -8
234 261 13
234 1009 -13
261 262 -19
1009 1010 19
656 657 -13
656 628 -28
656 246 -28
656 684 -13
656 1046 28
657 243 -8
657 1044 -8
628 1020 8
628 600 13
628 629 28
246 245 19
246 1017 28
684 712 -19
684 685 28
684 272 19
1046 271 13
1046 1048 -28
984 985 -8
984 956 28
443 43 -28
1115 1143 -28
1115 1116 -8
1115 341 -28
731 730 -28
731 313 -8
731 733 28
728 756 -13
728 1118 13
381 382 19
381 775 -28
10 9 8
10 8 -13
10 772 8
10 12 -19
803 802 19
803 801 28
43 42 -19
42 809 -28
313 340 -19
802 774 -28
9 775 13
775 773 -28
775 777 -13
775 774 13
262 260 -28
815 814 19
815 48 -8
815 813 19
814 51 13
814 842 -8
48 452 -13
48 49 -28
512 105 -28
512 510 28
512 901 -28
105 106 -13
105 132 8
105 875 -28
510 508 28
510 899 19
510 509 28
510 103 -8
901 929 8
901 874 28
901 902 -28
779 781 8
779 385 -19
779 777 19
584 977 19
584 177 19
584 585 -19
584 557 13
204 206 19
204 202 28
204 974 -28
204 203 -28
640 641 -13
640 231 13
640 668 13
781 387 13
90 88 -19
88 854 28
586 559 13
586 179 13
586 587 -8
560 558 19
560 949 28
560 559 -19
560 151 19
560 562 -28
558 557 13
558 149 -19
949 921 -8
949 179 -13
559 531 -28
559 951 13
559 154 -19
151 176 13
151 922 -13
151 152 28
562 561 -8
562 153 -13
333 748 8
688 689 28
688 276 -19
1050 1049 -28
1050 1048 8
632 1024 -28
632 633 -19
632 223 19
632 604 13
1086 696 19
662 690 8
662 634 19
690 691 13
634 635 -8
634 606 -13
634 225 19
499 527 8
499 892 28
499 500 13
876 848 -13
848 849 -8
848 458 -28
848 820 13
848 82 28
1010 236 -28
808 809 13
850 460 -13
850 84 19
850 851 -28
977 203 -13
977 975 -19
203 176 8
975 973 -19
975 582 -8
975 974 13
712 298 8
298 300 -8
1093 1121 -28
1093 1094 19
679 678 13
646 674 -13
646 1038 8
646 237 28
27 793 28
27 54 -13
27 430 13
27 0 13
793 792 -28
54 80 -8
54 458 -19
54 821 -8
430 429 -8
430 820 -19
430 432 -13
0 402 -19
0 765 28
271 245 8
271 272 8
271 687 -19
95 122 28
955 957 -8
955 182 8
955 954 8
955 953 -8
1024 1023 -19
1024 1022 -13
1023 1049 -13
1023 996 -8
1023 635 -28
1022 1020 -13
1022 630 -13
245 1020 -8
245 218 28
1020 1019 19
1020 1018 -28
218 631 -28
218 191 19
218 993 -13
869 871 -13
869 99 -8
871 870 -13
871 101 -19
871 873 -8
99 506 28
99 126 -28
99 100 13
831 829 -8
565 954 13
565 564 -13
954 927 13
954 982 19
954 185 -8
564 957 -28
564 537 13
564 592 -13
182 593 -28
130 103 28
130 900 19
130 538 -19
927 538 -8
927 899 -13
159 132 19
159 184 13
159 930 -8
668 696 8
1125 1097 -28
1097 1098 28
1097 1069 13
386 385 -8
386 776 -13
386 384 -8
385 413 -8
776 804 13
776 777 -19
384 383 13
384 774 28
384 382 28
1072 295 -13
1072 1070 19
685 683 19
685 269 19
685 687 -19
1044 1017 13
1044 272 8
952 953 -8
434 30 8
434 432 -8
434 824 -13
30 3 13
30 797 -28
432 28 -13
432 431 -28
824 852 13
824 825 -8
824 59 13
824 796 -19
985 592 8
982 593 -28
283 696 8
696 724 -28
33 796 -19
33 32 -19
796 768 19
796 797 -28
32 5 13
32 58 -19
222 635 19
222 195 -13
222 997 -19
222 223 8
818 819 8
818 428 -19
400 399 -28
826 854 13
826 827 28
826 798 19
763 761 -8
763 344 -13
763 1149 -19
763 762 -13
761 1147 19
761 760 -8
344 371 13
344 345 19
344 1122 8
1149 1150 28
1149 1121 -13
762 734 19
1000 972 13
1029 641 8
1147 372 -8
1147 1119 28
372 371 19
1119 1120 28
1119 345 19
1119 733 -19
450 452 -19
450 449 8
322 295 -19
80 849 13
80 107 -28
849 851 -28
852 462 8
852 853 -13
462 460 -19
853 459 -28
853 83 19
853 851 -13
691 689 8
236 237 -19
633 635 -8
633 631 -13
631 1019 -13
631 630 19
631 629 28
132 133 -8
132 902 -8
929 956 -8
929 930 19
538 537 -28
371 1150 28
1150 760 13
407 8 28
407 801 19
407 379 -19
8 770 -28
379 773 -28
379 380 -13
83 84 8
492 494 -28
683 681 28
683 1069 8
681 267 -13
681 680 -28
1069 1070 -8
28 1 -8
28 55 13
28 29 13
797 403 -19
401 429 28
401 402 -8
401 2 -8
401 373 -28
58 59 28
58 827 -13
957 956 19
957 184 -13
184 185 8
921 532 -8
921 893 -8
921 154 -19
921 922 13
532 531 28
532 530 -13
532 534 -13
154 153 -13
154 152 13
922 920 19
922 924 13
224 197 28
224 999 -19
224 225 8
658 630 -8
658 1048 19
630 221 -13
1048 273 -13
225 996 -13
225 223 -28
998 609 -8
998 970 -28
998 999 -28
1096 319 13
1096 1098 -28
319 346 19
319 292 -8
375 376 28
375 403 13
375 769 -28
376 378 8
376 374 13
403 431 -13
403 4 -13
769 768 8
769 771 -19
769 767 -8
769 3 -13
1003 228 -19
12 774 -8
383 777 8
483 455 13
460 458 -19
460 55 8
460 459 -13
458 457 13
55 823 -8
55 56 28
459 57 28
459 431 -13
423 451 -28
50 454 -19
50 51 28
819 52 8
689 273 -28
689 687 -8
273 274 -13
687 1073 8
593 592 -19
531 503 -28
531 924 8
951 178 -28
951 953 -8
561 533 28
561 953 -19
153 924 28
153 126 8
153 178 -8
1056 280 -19
1019 992 19
992 603 13
992 993 13
992 221 -19
924 926 -19
924 923 19
126 534 -19
126 896 13
178 589 -28
178 179 28
292 1068 -19
292 709 -28
292 267 28
1092 702 19
1092 1094 13
899 900 -28
899 133 -13
1104 714 -28
1104 326 -19
1101 327 -8
1101 1073 19
653 240 -13
653 1040 19
241 242 28
241 1016 -13
382 380 -13
382 772 19
1067 294 -19
1067 1040 -28
1067 1068 -19
294 293 13
1040 1013 -8
1068 1070 8
587 176 -19
587 585 19
587 589 -8
60 829 13
429 29 13
429 823 -13
429 457 -19
29 792 -8
823 825 13
823 821 -28
457 851 13
457 56 -28
714 300 -28
300 1073 -28
557 152 8
530 919 -19
530 528 8
530 122 -13
592 185 13
1 2 -28
1 767 19
758 730 28
758 343 -13
340 1118 19
340 367 -19
340 341 -8
757 756 8
757 1143 -28
757 338 -19
326 327 -19
996 607 -13
996 997 -13
100 503 13
100 102 -8
537 509 8
537 930 -8
537 133 8
772 773 19
327 329 28
820 792 -28
820 821 8
820 56 13
82 84 -28
829 827 19
827 825 8
451 51 8
451 479 -8
451 452 -8
51 49 -8
479 873 -28
452 842 -13
452 454 -8
5 771 -28
180 155 -13
180 953 28
180 181 -28
128 155 19
128 129 28
128 898 -13
128 101 -8
534 533 19
534 923 19
994 223 -8
994 966 28
994 995 -28
223 221 13
966 196 13
995 993 13
995 997 28
293 1070 -8
129 533 -8
129 895 19
897 508 19
897 870 -8
897 898 13
295 269 19
177 176 -8
177 175 13
177 179 28
585 974 28
585 583 13
604 196 -28
604 576 19
604 997 8
545 140 -8
195 196 -28
195 969 -13
195 607 8
997 999 28
972 973 28
972 202 8
972 583 -13
972 945 28
270 269 -13
270 272 28
269 243 28
243 1018 -13
49 449 -19
367 368 28
756 341 8
1144 754 -19
1144 365 8
1144 1143 28
276 274 -13
603 191 8
191 192 -28
191 965 -8
152 150 -28
152 919 -8
641 228 -8
378 768 -19
378 380 28
771 770 -13
771 773 28
57 59 -28
57 56 -8
431 825 13
368 1143 -13
368 366 -28
3 4 -8
525 553 -19
553 580 -13
553 554 -13
4 2 19
533 926 -19
533 505 -28
1018 1017 -13
1018 1016 28
155 926 -8
609 607 28
609 197 -8
607 606 -13
197 198 28
197 971 -19
990 1017 19
1017 629 -28
730 702 -8
730 1120 -8
343 345 -8
343 341 19
503 896 8
760 345 -28
1016 1014 -28
1016 624 19
1016 1015 -28
678 706 8
580 973 -13
973 971 -19
179 181 28
600 192 -28
600 993 8
629 627 -8
200 202 -19
200 198 -28
200 970 -19
198 196 -19
198 606 -28
970 971 28
970 943 -13
103 104 -8
103 873 -28
900 898 -8
900 902 -19
509 902 13
509 106 28
1141 366 13
366 365 -28
366 364 -13
898 896 -28
898 505 -8
606 999 -19
1070 680 8
734 735 -28
734 706 -13
735 733 -13
735 1121 -13
272 274 13
402 792 19
792 764 -13
365 338 -8
338 1116 13
770 380 28
770 798 -8
550 552 -13
552 554 19
552 551 -28
240 1014 13
240 213 28
240 267 -28
527 920 13
527 528 28
920 919 28
920 149 19
528 917 -13
969 576 28
969 971 -28
508 506 -8
508 101 8
506 895 28
506 505 -28
101 102 13
1014 1013 -19
1013 242 -13
1013 986 -13
1013 625 13
945 917 -28
945 175 13
554 943 19
674 702 -19
150 149 -13
150 917 -28
149 122 -8
917 889 8
923 895 28
374 764 8
374 373 -19
505 102 19
1137 362 28
362 364 -8
582 175 -8
582 583 -19
1118 1116 13
1118 1120 13
1120 1122 -19
895 896 -13
122 892 -19
764 765 -28
764 2 -19
765 767 8
842 870 -13
454 456 -13
874 875 -19
373 767 -13
1121 1122 -19
870 104 -19
104 106 19
104 102 -28
521 914 -8
551 146 28
914 916 19
624 625 8
889 500 -8
873 875 13
986 597 -19
625 627 19
625 213 -13
1015 627 -19
915 943 13
915 916 28
399 427 -8
427 428 -19
427 455 13
598 599 -8
140 142 -19
456 455 19
456 52 -13
599 597 -8
