1112 1111 28
1112 334 8
1112 1110 -13
1112 1114 -28
1112 722 -13
1111 337 -13
1111 1083 8
1111 1139 13
1111 725 28
334 753 -13
334 361 -28
334 307 -13
334 335 -28
1110 1108 8
1110 332 13
1110 720 -13
1110 1109 -13
1114 336 28
1114 724 8
1114 1116 -19
1114 1113 19
722 694 13
722 723 28
722 308 13
722 750 28
147 918 -13
147 172 -13
147 556 -19
147 148 -28
147 120 19
918 525 28
918 917 -28
918 920 8
918 916 13
172 199 28
172 173 -28
172 583 -19
172 946 -28
556 558 8
556 555 19
556 945 28
556 554 8
148 150 -13
148 553 -13
148 146 -13
148 915 8
120 121 19
120 528 -8
120 890 28
120 93 -13
665 251 19
665 663 8
665 664 13
665 667 19
665 1051 -13
251 252 -28
251 224 13
251 1026 28
251 277 -28
663 661 8
663 662 -28
663 249 -13
663 1049 19
664 636 -19
664 692 19
664 1054 -8
664 254 28
667 253 -13
667 669 -13
667 1053 -13
667 666 28
1051 279 13
1051 1025 28
1051 1079 13
1051 1052 -19
391 392 -19
391 419 19
391 785 -19
392 782 13
392 390 -8
392 394 -28
419 20 -28
419 813 -8
419 447 28
419 420 8
785 783 28
785 19 -13
785 787 8
785 784 13
473 445 -13
473 867 28
473 474 19
473 501 -13
473 71 -28
445 839 -28
445 417 -13
445 446 -13
445 45 8
867 97 13
867 869 8
867 865 -19
867 866 -8
474 476 -8
474 864 -19
474 472 19
474 68 8
501 502 8
501 894 -28
501 529 8
501 98 13
71 73 19
71 69 8
71 836 8
71 70 -19
936 543 -8
936 934 28
936 935 -13
936 938 -13
543 570 28
543 515 19
543 544 8
543 138 -19
934 162 8
934 933 -19
934 932 8
934 541 -8
935 166 -13
935 546 8
935 907 19
935 962 -13
938 937 -28
938 165 8
938 940 13
938 545 8
161 134 -8
161 569 19
161 932 -19
161 186 13
134 904 19
134 107 -28
134 542 19
569 568 -19
569 958 8
569 571 8
932 931 13
186 213 28
186 597 -13
186 959 8
476 70 -19
476 866 -13
476 475 -8
476 478 28
70 839 28
70 44 -19
866 838 -28
866 893 28
866 100 28
475 73 13
475 869 8
475 447 8
475 503 8
478 868 8
478 477 28
478 72 -13
478 480 -8
439 39 -8
439 833 8
439 467 8
439 440 -8
439 411 -8
39 38 -19
39 37 -28
39 41 8
39 802 -8
833 835 8
833 64 8
833 832 -28
833 831 -13
467 495 8
467 861 -13
467 468 -13
467 65 19
440 438 -8
440 830 19
440 36 19
440 442 -19
411 412 8
411 12 -8
411 383 -19
411 805 28
880 878 8
880 110 13
880 879 8
880 882 19
880 487 19
878 877 13
878 485 19
878 108 13
110 137 8
110 83 13
110 111 28
110 518 -19
879 852 -8
879 490 -19
879 907 19
879 113 -13
882 489 8
882 112 -13
882 881 -8
882 884 -19
487 488 28
487 459 -28
487 515 -8
487 84 19
193 605 13
193 220 13
193 194 -19
193 967 -13
193 167 28
605 994 19
605 603 13
605 604 13
605 607 -19
220 633 -28
220 247 8
220 995 13
220 221 -13
194 602 -28
194 196 8
194 192 13
194 964 8
967 574 13
967 969 28
967 965 -28
967 966 -19
167 577 -13
167 141 19
167 940 8
705 1091 -19
705 707 -28
705 704 19
705 703 -13
705 288 8
1091 318 19
1091 1063 19
1091 1092 8
1091 1119 -8
707 290 -13
707 1093 -8
707 706 13
704 291 -8
704 676 28
704 732 28
704 1094 8
703 1089 -19
703 701 28
703 286 28
703 702 13
288 289 -8
288 315 13
288 263 28
288 1064 -19
539 566 -13
539 511 8
539 540 -13
566 594 -13
566 567 8
511 512 -8
511 483 8
540 132 -8
540 929 -8
540 538 28
289 291 19
289 287 -13
289 702 8
289 1061 -28
315 342 -19
315 316 19
315 733 8
315 1092 -13
263 1038 -19
263 236 13
263 264 8
263 677 -19
1064 1063 28
1064 1066 -19
1064 1062 28
1064 674 -8
38 805 -19
38 11 -13
38 442 -28
38 64 28
805 804 19
805 807 19
805 803 -19
11 12 -19
11 777 13
11 414 -13
442 444 -13
442 832 -8
442 441 -13
64 91 -8
64 65 28
64 470 -19
20 18 -28
20 782 8
20 22 19
20 19 -28
18 16 -19
18 417 -13
18 780 28
18 17 -19
782 810 -28
782 783 -13
22 421 -8
22 21 8
22 784 28
22 24 -8
19 422 -28
19 46 19
291 290 -19
291 1063 13
290 1066 -13
290 265 -28
290 317 -8
1063 1037 8
1063 677 -13
257 1032 28
257 671 28
257 258 -28
257 230 19
257 282 -19
1032 1034 19
1032 1030 -13
1032 640 -28
1032 1031 -19
671 673 13
671 1057 19
671 670 19
671 669 -19
258 256 19
258 668 13
258 260 19
258 1029 19
230 1005 13
230 643 8
230 231 -8
230 203 8
282 283 8
282 1058 8
282 309 8
282 699 13
524 526 -28
524 523 -13
524 522 -13
524 116 -19
524 913 13
526 118 -28
526 525 13
526 528 19
526 915 19
523 119 -13
523 495 -13
523 551 -8
523 916 8
522 911 13
522 520 -13
522 114 -28
522 521 -13
116 886 -19
116 89 13
116 143 13
116 117 -8
913 914 -13
913 941 -13
913 885 -19
913 146 8
886 884 8
886 888 13
886 885 28
886 493 -8
89 90 8
89 62 -19
89 859 -8
89 496 -8
143 552 28
143 914 -13
143 144 -8
143 168 19
117 119 13
117 115 28
117 521 -13
117 883 8
810 420 -13
810 838 13
810 811 19
810 47 13
420 422 13
420 418 13
420 17 8
838 839 -8
838 73 -28
838 448 13
811 44 -28
811 809 -13
811 417 -28
811 813 -13
47 45 28
47 447 8
47 46 -8
47 49 -8
1035 1061 -19
1035 1036 -13
1035 1008 -19
1035 264 28
1035 647 13
1061 1089 -28
1061 1062 -8
1061 675 -28
1036 1034 8
1036 644 13
1036 1038 19
1036 261 -19
1008 619 -8
1008 1009 28
1008 980 28
1008 237 8
264 262 -8
264 674 8
264 266 28
647 645 -28
647 234 -13
647 646 13
647 649 8
489 86 -28
489 517 28
489 490 13
489 461 -28
86 852 -8
86 85 -28
86 88 -13
86 84 -8
517 545 28
517 518 13
517 910 -8
517 113 13
490 488 13
490 83 19
490 492 -8
461 462 -19
461 59 -19
461 433 19
461 855 19
623 621 13
623 622 -19
623 211 -28
623 1011 8
621 619 -8
621 209 -28
621 620 8
622 594 -19
622 650 8
211 238 -19
211 212 8
211 985 -13
211 184 8
1011 1012 28
1011 984 13
753 752 -13
753 1139 -28
753 751 -13
753 755 -28
752 337 19
752 724 -8
752 1142 28
1139 1140 -28
1139 364 28
751 750 8
751 1137 -19
751 749 -19
751 332 -19
755 336 -19
755 754 8
755 1141 8
755 757 -8
119 118 -13
119 885 19
119 121 13
118 91 28
118 145 19
118 888 -8
885 858 13
885 496 13
121 525 -19
121 887 -8
121 123 8
361 1140 28
361 362 -19
307 308 -8
307 1084 -28
307 280 -19
307 725 -19
335 337 28
335 750 -19
335 333 -28
335 1109 13
337 336 -13
337 339 28
336 363 -28
336 309 28
339 754 8
339 338 13
339 1113 13
339 341 28
794 31 19
794 795 13
794 822 -19
794 404 28
794 766 -19
31 33 -13
31 431 -8
31 30 -13
31 29 -19
795 28 -8
795 793 28
795 797 -13
795 401 8
822 850 19
822 432 8
822 57 -28
822 823 19
404 406 -13
404 402 -19
404 403 -28
404 1 -28
766 376 19
766 767 -28
766 4 19
1128 349 19
1128 1127 -13
1128 1130 8
1128 738 13
1128 1126 8
349 322 -8
349 350 13
1127 352 13
1127 1099 -19
1127 741 28
1130 351 13
1130 1132 28
1130 1129 8
1130 740 13
738 710 -19
738 739 -28
738 323 -8
1126 736 28
1126 347 19
1126 1125 28
1126 1124 -19
67 65 -8
67 69 19
67 469 13
67 66 -13
67 832 13
65 63 13
65 830 28
69 68 19
69 471 13
69 834 -13
469 470 -8
469 441 8
469 863 13
469 497 13
66 472 28
66 835 -19
66 40 28
66 93 -28
832 804 -13
832 860 8
858 92 -19
858 830 -8
858 859 28
858 468 19
92 495 -13
92 91 -28
92 94 -8
92 90 13
830 802 -8
830 831 -19
859 465 19
859 857 28
859 861 28
468 62 8
468 466 28
468 470 8
573 571 -19
573 575 -19
573 962 -19
573 572 19
571 162 13
571 570 13
571 960 8
575 574 -8
575 577 28
575 964 19
575 165 -8
962 990 -8
962 963 -19
962 192 -28
572 166 -19
572 545 -28
572 965 -8
572 600 -8
673 1059 28
673 675 -8
673 259 -8
673 672 -28
1057 285 -19
1057 1031 -28
1057 1085 -19
1057 1058 -8
670 642 19
670 698 28
670 1060 28
670 260 28
669 255 19
669 1055 13
669 668 -8
397 425 8
397 791 8
397 398 -19
425 453 28
425 426 13
425 26 -8
425 819 28
791 789 -28
791 25 28
791 790 -19
398 396 19
398 788 13
398 400 13
839 841 8
839 837 -28
841 447 19
841 72 8
841 843 19
841 840 19
837 835 8
837 68 -8
837 836 13
837 443 28
1083 310 -28
1083 1084 13
1083 1055 -13
1083 697 28
310 312 19
310 308 28
310 724 19
310 309 19
1084 694 -19
1084 1082 8
1084 1086 -19
1055 283 -19
1055 1056 8
1055 1029 8
697 695 -8
697 280 -13
697 699 -19
697 696 19
166 164 19
166 165 8
164 933 -8
164 163 28
164 570 -13
165 191 13
165 139 19
636 227 -19
636 1028 -19
636 637 -19
636 608 28
227 226 13
227 229 19
227 225 8
227 998 -19
1028 253 19
1028 1026 28
1028 1030 19
1028 1027 -13
637 639 19
637 1025 19
637 635 -19
637 224 -13
608 609 -13
608 580 8
608 200 -28
608 1001 -19
574 547 19
574 602 13
577 579 -8
577 966 -8
577 576 13
964 937 -28
964 992 19
964 965 -28
942 941 -28
942 549 -19
942 940 -8
942 944 28
942 168 -13
941 171 -19
941 552 -8
941 968 -13
549 550 -19
549 144 8
549 521 -13
549 576 8
940 547 19
940 939 -13
944 551 -13
944 946 -8
944 170 -28
944 943 -19
168 579 8
168 195 -28
168 169 -13
905 933 13
905 516 -19
905 877 -13
905 138 -28
905 906 -13
933 544 8
933 960 8
516 514 13
516 108 -13
516 515 8
516 518 19
877 488 28
877 111 -28
877 850 -19
138 137 -19
138 136 -13
138 140 8
906 513 -13
906 908 13
906 904 28
906 135 -19
226 1001 13
226 199 13
226 639 -19
226 253 -28
1001 1000 -19
1001 1003 8
1001 999 -8
199 200 -19
199 611 13
199 973 -8
639 638 -19
639 1027 19
639 641 8
253 278 -13
253 254 19
482 872 8
482 480 8
482 76 13
482 484 -8
482 481 -28
872 899 -28
872 873 19
872 106 -8
872 844 28
480 870 -13
480 74 19
480 479 -8
76 50 13
76 103 28
76 77 -19
76 845 19
484 78 -13
484 483 -28
484 874 -28
481 453 13
481 509 19
481 79 8
481 875 -19
417 418 19
417 389 13
446 444 13
446 836 -8
446 448 -13
446 42 19
45 44 -19
45 43 8
45 808 -8
884 114 -28
884 883 13
884 491 -13
888 495 -13
888 890 -8
888 887 19
493 465 28
493 90 28
493 521 28
493 494 -19
1004 1031 19
1004 615 -19
1004 1005 -19
1004 233 -19
1004 976 -19
1031 260 -19
1031 643 13
615 613 -19
615 614 19
615 617 19
615 203 -19
1005 612 -19
1005 1007 8
1005 1003 -8
233 642 -19
233 232 8
233 235 13
233 231 19
976 977 -28
976 206 -13
976 949 -19
976 587 19
721 720 28
721 1107 13
721 723 -13
721 303 28
721 719 -19
720 306 -28
720 692 -8
720 748 -28
1107 1108 -8
1107 1135 -8
1107 1079 -19
1107 333 19
723 1109 13
723 305 -28
723 725 -19
303 330 -28
303 1080 28
303 304 19
303 277 -28
719 1105 -13
719 717 19
719 301 13
719 718 19
44 448 -13
44 17 19
448 447 28
448 450 19
17 783 13
989 596 28
989 987 -13
989 991 19
989 988 19
989 214 -8
596 568 -13
596 624 -19
596 597 13
596 188 -19
987 213 19
987 986 -8
991 990 13
991 598 -13
991 993 -19
991 216 -19
988 217 -13
988 599 -28
988 1015 -19
988 960 -19
214 241 -28
214 627 -8
214 187 19
214 215 8
306 305 13
306 308 -8
306 304 8
306 1079 -13
305 278 19
305 1082 13
305 332 -28
308 1081 28
304 718 -8
304 1077 -28
304 302 13
1079 1080 -28
1079 693 -28
816 426 -19
816 817 -28
816 53 -28
816 788 -19
816 844 19
426 424 -8
426 428 13
426 23 28
817 815 19
817 423 8
817 50 -19
817 819 -8
53 453 28
53 52 -8
53 51 -8
788 789 13
788 26 -19
844 845 -28
844 79 8
844 454 -28
495 496 -28
496 494 19
496 498 28
279 692 13
279 278 -8
279 281 13
1025 998 -19
1025 254 -13
1025 1026 -19
1052 662 -19
1052 1050 19
1052 1054 19
1052 277 -28
125 529 -28
125 124 28
125 127 13
125 123 28
125 891 8
529 922 8
529 557 -8
529 530 28
124 97 19
124 532 19
124 894 8
124 151 19
127 531 -8
127 893 -13
127 129 8
127 126 -13
123 527 -19
123 889 -28
123 122 -19
891 864 -19
891 892 28
891 502 28
891 919 28
594 595 8
595 593 -13
595 984 8
595 184 13
352 350 13
352 351 -28
352 354 -8
350 1125 -28
350 348 28
351 324 28
354 1129 -28
354 356 19
354 353 28
91 498 19
91 861 -28
498 497 -8
498 887 8
498 500 -8
861 863 13
861 860 19
1134 1133 -28
1134 1136 13
1134 1132 -8
1134 744 -13
1134 355 -28
1133 358 -8
1133 1105 19
1133 747 28
1136 1135 19
1136 357 -28
1136 1138 28
1136 746 -19
1132 1131 13
1132 742 28
1132 353 28
744 716 -19
744 329 13
744 745 -19
355 356 19
355 328 -19
73 72 13
73 75 19
72 46 -8
72 99 -8
75 77 -28
75 74 -13
75 840 -19
75 477 13
864 836 28
864 865 8
864 98 13
836 808 -28
865 863 -19
865 471 19
865 95 -13
98 97 19
98 96 -28
98 100 8
579 581 -8
579 968 -8
579 578 -19
581 580 19
581 970 19
581 170 13
581 583 -28
968 996 -28
968 969 -13
968 198 -28
578 171 -28
578 606 28
578 551 -19
578 971 -13
570 963 8
570 598 -19
515 908 28
515 111 19
544 546 -8
544 542 -13
544 135 13
736 737 -28
736 708 8
736 321 -8
737 1123 19
737 739 8
737 319 -13
708 1098 -13
708 294 -13
708 680 28
708 709 8
321 1095 8
321 323 -8
321 320 -13
1099 1071 8
1099 325 -19
1099 713 -13
1099 1100 -8
1071 298 -28
1071 1072 -8
1071 685 -19
1071 1044 8
325 324 13
325 327 -28
325 323 -13
325 740 28
713 712 -13
713 711 -8
713 295 -13
713 715 8
1100 710 28
1100 1102 8
1100 1098 19
1100 322 8
1089 316 -13
1089 1117 -19
1089 1090 13
316 318 28
316 314 28
316 730 19
1117 1145 28
1117 1118 -28
1117 343 8
1117 731 19
1090 1088 28
1090 700 28
1090 1092 19
1090 313 28
171 169 19
171 173 13
171 170 -8
169 939 -28
169 576 8
173 580 13
173 943 -19
173 175 -19
170 145 28
170 197 -28
642 1034 -28
642 643 13
642 614 19
1034 259 -13
1034 1033 28
643 645 19
643 641 -19
614 586 -28
614 206 -8
614 1007 28
137 908 -19
137 546 -19
908 907 -13
908 910 8
546 545 19
546 548 28
948 555 28
948 950 -28
948 947 13
948 174 28
948 946 -28
555 527 -19
555 150 19
555 582 -28
950 176 -28
950 557 -13
950 949 28
950 951 -28
947 177 19
947 558 13
947 919 13
947 974 -28
174 585 -19
174 149 -19
174 201 19
174 175 -28
946 945 28
946 553 -28
645 1033 -13
645 232 -19
645 644 -8
1033 1006 -19
1033 262 28
1033 1059 -28
232 259 19
232 1007 19
232 205 13
644 235 28
644 672 -13
644 616 8
911 883 -8
911 912 -28
911 939 19
911 144 28
883 494 -28
883 856 -28
912 910 -19
912 519 -28
912 914 19
912 141 13
939 550 -28
939 966 8
144 146 13
144 142 19
259 284 19
259 260 -13
1007 1006 -8
1007 1009 -8
205 206 -19
205 979 -28
205 178 -8
205 617 -13
654 626 8
654 682 -13
654 244 -19
654 1045 19
654 655 -8
626 217 -19
626 1018 8
626 627 -8
626 598 -8
682 710 28
682 683 28
682 1072 -19
682 270 19
244 243 13
244 246 19
244 242 -28
244 1015 28
1045 1043 19
1045 1044 -19
1045 1046 28
655 653 8
655 657 -13
655 1042 -8
655 241 13
463 61 8
463 857 -8
463 464 -13
463 435 -8
463 491 19
61 63 13
61 59 -8
61 826 13
61 60 -13
857 87 28
857 855 -13
857 856 8
464 466 -19
464 854 28
464 462 -19
464 58 -19
435 436 13
435 407 28
435 829 13
435 35 13
491 492 -19
491 519 -13
491 88 13
727 729 28
727 725 28
727 1113 13
727 726 -13
727 309 28
729 311 -13
729 1115 13
729 731 13
729 728 13
725 724 -19
1113 1141 13
1113 1085 -13
726 312 8
726 698 28
726 754 19
726 1116 19
309 1086 -13
217 215 19
217 219 -13
217 216 -28
215 986 8
215 624 -19
219 990 28
219 628 28
219 218 -13
219 221 19
216 189 -19
216 243 13
216 629 -19
692 1082 -8
692 693 19
1082 1081 8
1082 1080 19
693 695 28
693 691 13
693 277 -13
312 314 -13
312 311 -8
312 1085 8
314 313 19
314 1087 -28
314 728 8
311 284 13
311 1088 19
1085 699 -8
1085 1086 -8
465 466 -28
465 63 19
465 437 -28
466 60 28
466 856 8
63 62 28
63 828 19
437 438 -13
437 37 -13
437 409 13
437 831 28
410 408 -8
410 800 -28
410 412 19
410 7 -19
410 409 8
408 407 -28
408 406 -13
408 798 13
408 5 28
800 37 19
800 772 -19
800 828 -28
800 801 -19
412 414 8
412 802 -28
412 9 -28
7 34 -28
7 8 -19
7 773 13
409 381 -19
409 10 28
409 803 28
278 695 -13
278 1054 28
695 694 -28
695 1081 13
1054 1056 -13
1054 1053 -28
502 504 -13
502 500 -13
502 95 -28
894 893 13
894 896 -19
894 892 -13
694 666 -13
694 281 -19
666 638 -13
666 256 19
666 1056 -19
281 283 -8
281 1053 -19
281 280 -28
285 698 8
285 284 -28
285 287 28
285 283 -13
1058 1060 -13
1058 1056 -13
1058 668 -28
358 356 8
358 357 -19
358 360 8
356 1131 -13
357 330 13
360 359 -13
360 1135 -8
360 362 28
97 504 -28
504 893 28
504 506 28
504 503 -13
513 541 -28
513 109 -13
513 514 13
513 485 13
541 568 -13
541 136 -19
541 542 13
109 876 -28
109 111 13
109 108 -28
514 107 -28
514 903 -19
485 486 8
485 457 28
485 82 28
613 201 13
613 1002 8
613 611 8
613 612 8
201 228 8
201 202 -8
201 975 28
1002 1029 -19
1002 974 -28
1002 1003 8
1002 231 -13
611 1000 -19
611 609 13
611 610 28
612 584 -13
612 204 28
612 640 -19
1043 268 -13
1043 652 8
1043 1041 -28
1043 1042 -8
268 683 -13
268 293 -28
268 241 -28
652 653 8
652 242 -28
652 624 13
652 680 -13
1041 267 -28
1041 1040 -13
1042 270 -8
1042 1069 28
1042 1015 19
743 741 -28
743 742 8
743 324 19
743 745 13
743 1129 8
741 739 -28
741 322 13
741 740 -19
742 714 28
742 327 -28
324 297 -19
324 1102 -8
745 326 -19
745 1131 13
745 747 -13
1129 1101 28
1140 1142 -8
1140 1138 -19
1140 750 8
1142 1141 8
1142 363 8
1142 1144 -13
1138 359 8
1138 1137 13
1138 748 -13
297 715 8
297 298 28
297 271 8
297 1074 -8
1102 712 28
1102 1104 -28
1102 1101 28
567 565 13
567 956 28
567 159 13
1105 1077 8
1105 331 19
1105 1106 28
1077 691 8
1077 1078 -19
1077 1049 -13
331 330 -19
331 333 -13
331 746 13
331 329 28
1106 1108 19
1106 1104 13
1106 716 -28
1106 328 28
648 239 -28
648 649 8
648 620 19
648 1039 19
648 676 -13
239 238 -8
239 237 28
649 651 19
649 236 28
649 1037 8
620 212 8
620 1012 8
620 592 -13
1039 265 28
1039 1038 -19
676 1066 -13
676 266 -28
676 677 -28
1108 718 19
1108 330 13
718 690 -19
718 746 8
330 749 13
661 660 -28
661 1047 -13
661 659 19
661 247 28
660 250 19
660 688 -28
660 1050 -8
660 632 28
1047 1048 -8
1047 1021 19
1047 1075 -19
1047 276 13
659 245 19
659 658 19
659 657 -19
247 1022 -28
247 273 -28
247 248 13
238 265 -28
238 1012 -8
238 651 8
265 679 28
265 266 -8
1012 1010 -13
651 650 -8
907 140 -13
907 518 8
910 139 -8
910 909 -8
470 472 -13
470 860 -13
441 835 -19
441 413 28
441 41 -19
863 93 -8
863 862 -13
497 94 -13
497 525 8
497 890 13
472 862 28
472 471 -28
862 96 13
862 834 -28
862 889 13
471 443 19
471 499 19
931 542 13
931 958 -19
931 163 -8
931 903 8
958 986 -19
958 959 8
958 188 28
163 568 19
163 162 -19
903 904 -8
903 136 28
903 876 19
698 1088 8
698 699 -13
1088 1087 28
1088 1086 -28
699 701 8
189 963 8
189 190 -28
189 601 -19
963 961 -13
963 965 -13
190 598 28
190 192 -8
190 188 -28
190 960 -28
601 603 8
601 990 8
601 599 8
601 600 -8
318 317 13
318 732 -19
317 735 19
317 344 8
317 1094 -19
732 760 -8
732 1122 -19
732 733 -8
416 13 8
416 414 -8
416 806 -19
416 418 19
416 415 -8
13 40 13
13 779 28
13 14 13
414 804 -28
414 413 -28
806 43 28
806 778 -8
806 834 -13
806 807 28
418 808 -28
418 15 -19
415 16 -8
415 387 19
415 809 -13
415 443 -19
701 700 -28
701 284 8
701 1087 28
700 287 8
700 728 8
700 672 -8
284 1060 -8
1087 1059 -19
1087 1115 -28
535 928 -8
535 536 19
535 563 -8
535 131 -19
535 507 -19
928 157 13
928 927 28
928 926 8
928 930 13
536 925 28
536 128 -13
536 538 19
536 534 -19
563 158 13
563 590 -13
563 955 -8
131 129 28
131 897 -28
131 130 -28
131 133 13
507 900 -8
507 508 -19
507 104 -28
507 479 -28
1060 1059 -8
1060 1062 -28
710 711 -13
710 296 -13
711 293 -13
711 1097 19
711 709 -28
296 1069 -13
296 298 -8
296 295 8
296 294 -13
783 781 -8
783 389 -28
16 15 -8
16 14 -13
16 778 8
15 781 -8
15 42 -28
14 413 8
14 12 13
14 776 13
778 388 -8
778 779 -28
1037 1038 13
1037 266 -13
677 679 13
677 675 13
287 1059 -13
287 286 -8
286 261 -8
286 1062 -13
286 313 13
520 112 -8
520 518 19
520 519 19
520 909 13
112 85 -8
112 113 13
112 139 13
519 115 19
519 547 19
909 937 28
909 142 -28
909 881 13
85 492 19
85 855 8
85 58 -13
113 115 13
113 111 13
139 140 -8
139 548 19
787 393 -28
787 789 13
787 21 19
787 786 -19
784 812 28
784 394 -28
1066 1065 13
1065 1093 19
1065 679 -28
619 207 13
619 618 -28
619 617 -28
207 981 -19
207 234 28
207 208 28
207 180 8
618 590 8
618 210 13
618 1010 19
618 646 -13
617 1006 19
617 616 -19
94 93 28
94 96 -28
94 860 -28
93 500 -13
96 499 -8
96 95 -28
860 887 19
749 747 13
749 1135 8
749 748 8
114 141 19
114 87 -13
114 115 -19
141 550 -28
141 142 -13
87 494 -19
87 88 8
87 60 -28
115 881 28
62 831 8
62 36 -8
828 438 13
828 829 13
828 856 -13
158 156 13
158 160 -28
158 157 8
158 925 8
156 561 19
156 155 28
156 154 -8
156 923 -13
160 927 8
160 564 8
160 159 28
157 565 -8
157 182 -28
157 130 8
925 926 8
925 897 19
1053 1027 -8
1053 1081 -19
393 394 -19
393 421 19
394 396 -8
421 422 19
421 815 8
421 449 -19
835 834 8
834 444 13
1123 1095 8
1123 348 -8
1123 1124 -28
1095 1096 -8
1095 1067 -19
1095 709 13
348 347 13
1124 346 13
568 961 -13
961 959 -28
961 187 8
961 960 -8
162 135 19
162 187 -19
135 136 -8
135 108 19
187 599 8
187 188 -28
868 869 -19
868 840 28
868 895 -28
868 102 8
477 449 -19
477 505 13
477 871 -13
937 548 19
548 550 -13
548 547 -28
881 492 19
881 854 -28
717 1103 8
717 299 8
717 716 -8
717 715 19
1103 1131 -28
1103 1104 -19
1103 329 -28
1103 1075 -28
299 1076 8
299 326 -28
299 300 -8
299 273 19
716 302 13
716 688 -19
715 714 13
715 1101 8
422 812 19
422 424 -8
812 840 -8
812 49 8
812 813 -13
424 21 13
424 814 28
424 423 -28
46 813 -13
46 450 19
789 23 -8
789 395 28
23 50 -28
23 24 -28
395 396 8
395 423 13
40 807 28
40 444 -8
40 41 28
807 413 13
807 809 13
444 443 -28
41 43 -8
41 804 13
981 979 19
981 588 19
981 983 -8
981 980 19
979 977 -8
979 586 -13
979 978 8
588 616 -8
588 561 -13
588 589 8
588 181 -19
983 590 -19
983 985 -19
983 982 19
983 209 13
980 210 -28
980 952 -19
980 591 19
21 48 19
24 786 8
24 26 28
24 423 13
650 678 -13
145 554 -19
145 146 -28
145 916 28
301 328 8
301 302 -28
301 275 -19
301 1078 -13
328 329 28
328 747 -13
302 1075 8
302 300 19
275 249 -28
275 691 19
275 1050 28
275 276 13
1078 1076 -28
1078 688 13
1078 1080 13
250 249 19
250 252 19
250 248 -8
250 1021 8
249 1024 -28
249 222 19
252 662 -28
252 1023 -13
252 254 -13
248 658 8
248 1019 19
248 246 13
1021 633 13
1021 994 28
1021 1022 -13
25 52 -8
25 26 8
25 428 19
790 818 28
790 400 19
1026 1024 19
1026 634 -13
1030 638 28
1030 1029 8
1030 255 19
1027 256 -8
1027 1000 -19
363 364 -28
1145 370 28
1145 1146 19
1145 759 -19
370 369 -19
370 368 -8
370 372 13
1146 367 8
1146 756 -8
1146 1148 28
1146 1144 -8
759 758 28
759 761 19
759 340 -13
759 757 13
590 183 8
590 591 19
183 952 8
183 182 8
183 181 -8
183 185 8
591 180 13
591 593 28
591 589 13
68 95 -13
68 42 28
347 320 -13
320 1098 13
320 739 -19
320 293 -19
740 712 8
675 674 -19
675 261 13
672 262 8
672 1062 8
843 74 -13
843 449 28
843 842 13
843 845 -19
840 450 -28
390 389 -8
390 388 19
390 780 -8
388 386 -28
388 387 -19
780 781 -28
780 808 28
547 142 -28
602 603 -13
602 630 -13
602 995 8
638 229 -8
638 610 -19
229 1000 28
229 228 -13
229 231 -28
610 582 -13
610 202 19
610 1003 13
1076 686 -13
1076 1075 -28
1076 1074 28
686 658 19
686 714 -13
686 274 19
686 687 -28
1075 689 19
1074 1073 -13
1074 1072 13
1074 684 19
890 889 -13
890 892 -8
887 915 -28
210 209 -19
210 208 28
210 212 13
209 236 28
209 182 -28
208 206 19
208 616 13
208 978 8
212 982 -19
1006 978 28
1006 235 -19
978 589 28
235 234 -13
235 237 13
438 436 19
438 34 -28
436 434 -8
436 32 -19
436 826 8
34 60 28
34 35 -8
34 801 19
1109 1137 -28
1109 1081 -13
332 359 13
332 333 28
37 35 -13
37 36 13
35 33 8
35 798 -13
36 9 -28
36 803 8
256 254 -13
256 255 -13
255 228 -19
255 280 8
369 1148 8
369 342 13
1148 1147 13
1148 758 -13
1148 1150 -19
342 343 -13
342 1120 -8
342 761 -19
405 377 13
405 406 13
405 799 -13
405 433 -28
405 6 -8
377 378 -28
377 771 -13
406 3 28
406 796 13
799 32 -8
799 801 -13
799 798 -28
799 797 -19
433 434 28
433 33 8
433 827 -8
6 8 19
6 5 8
6 4 13
6 768 8
488 81 -13
488 486 -28
81 108 13
81 55 28
81 82 -28
81 851 -13
486 876 -28
486 80 -19
353 326 28
746 747 13
77 79 19
77 479 -19
77 842 28
74 48 -13
74 101 13
855 854 28
855 853 -13
856 90 19
739 1125 8
323 322 28
323 1097 19
847 453 13
847 78 13
847 846 -28
847 845 13
453 454 28
78 52 28
78 105 -13
78 79 -28
846 456 28
846 874 -28
846 818 -13
845 451 13
396 786 28
786 814 -19
616 1009 -8
1080 690 -19
234 261 13
234 1009 13
261 262 -19
1009 1010 8
656 657 13
656 628 13
656 246 8
656 684 28
656 1046 19
657 243 13
657 1044 -13
628 1020 -8
628 600 -8
628 629 -28
246 245 19
246 1017 19
684 712 28
684 685 19
684 272 -28
1046 271 8
1046 1048 28
984 985 28
984 956 -28
443 43 19
1115 1143 -28
1115 1116 -13
1115 341 8
731 730 19
731 313 -8
731 733 19
728 756 -28
728 1118 13
381 382 -28
381 775 28
10 9 -28
10 8 19
10 772 13
10 12 -8
803 802 28
803 801 -28
43 42 -19
42 809 -28
313 340 28
802 774 13
9 775 -8
775 773 28
775 777 28
775 774 -13
262 260 8
815 814 -13
815 48 -19
815 813 -13
814 51 -13
814 842 8
48 452 -28
48 49 13
512 105 -8
512 510 -8
512 901 -28
105 106 8
105 132 13
105 875 19
510 508 19
510 899 28
510 509 -19
510 103 -8
901 929 -19
901 874 8
901 902 -28
779 781 -19
779 385 -28
779 777 19
584 977 13
584 177 13
584 585 -13
584 557 28
204 206 19
204 202 -13
204 974 13
204 203 -28
640 641 28
640 231 28
640 668 -28
781 387 13
90 88 28
88 854 -28
586 559 8
586 179 -8
586 587 13
560 558 28
560 949 -19
560 559 28
560 151 -8
560 562 8
558 557 13
558 149 28
949 921 8
949 179 19
559 531 -28
559 951 28
559 154 19
151 176 8
151 922 19
151 152 -8
562 561 -13
562 153 13
333 748 -19
688 689 8
688 276 13
1050 1049 -8
1050 1048 28
632 1024 -19
632 633 28
632 223 28
632 604 28
1086 696 13
662 690 -13
662 634 8
690 691 28
634 635 -8
634 606 19
634 225 13
499 527 -19
499 892 13
499 500 19
876 848 28
848 849 8
848 458 28
848 820 -13
848 82 -19
1010 236 -28
808 809 -8
850 460 28
850 84 -28
850 851 -19
977 203 -13
977 975 -28
203 176 -28
975 973 28
975 582 -13
975 974 -28
712 298 19
298 300 -28
1093 1121 8
1093 1094 -28
679 678 -28
646 674 13
646 1038 19
646 237 28
27 793 -28
27 54 -8
27 430 -13
27 0 -8
793 792 -28
54 80 8
54 458 -19
54 821 19
430 429 19
430 820 13
430 432 28
0 402 -13
0 765 28
271 245 -8
271 272 8
271 687 8
95 122 -28
955 957 8
955 182 -8
955 954 -8
955 953 28
1024 1023 28
1024 1022 8
1023 1049 -19
1023 996 13
1023 635 8
1022 1020 19
1022 630 -28
245 1020 -28
245 218 -19
1020 1019 28
1020 1018 -8
218 631 13
218 191 13
218 993 19
869 871 -19
869 99 -8
871 870 19
871 101 -8
871 873 -19
99 506 -28
99 126 -28
99 100 28
831 829 28
565 954 -8
565 564 28
954 927 -8
954 982 28
954 185 -8
564 957 -28
564 537 8
564 592 28
182 593 -28
130 103 19
130 900 13
130 538 -19
927 538 -19
927 899 13
159 132 -19
159 184 13
159 930 -28
668 696 -8
1125 1097 13
1097 1098 8
1097 1069 -8
386 385 -13
386 776 13
386 384 -28
385 413 -13
776 804 19
776 777 19
384 383 -8
384 774 -19
384 382 8
1072 295 -28
1072 1070 -8
685 683 19
685 269 -19
685 687 -8
1044 1017 -13
1044 272 -28
952 953 19
434 30 28
434 432 -8
434 824 -13
30 3 13
30 797 -8
432 28 -28
432 431 -28
824 852 -19
824 825 -8
824 59 -8
824 796 19
985 592 -8
982 593 13
283 696 13
696 724 -28
33 796 28
33 32 13
796 768 -28
796 797 -28
32 5 -28
32 58 -19
222 635 -8
222 195 8
222 997 -19
222 223 -28
818 819 8
818 428 -13
400 399 -28
826 854 13
826 827 19
826 798 13
763 761 -13
763 344 -13
763 1149 19
763 762 19
761 1147 -28
761 760 -19
344 371 8
344 345 28
344 1122 -13
1149 1150 -28
1149 1121 -8
762 734 -13
1000 972 -13
1029 641 28
1147 372 -28
1147 1119 19
372 371 19
1119 1120 13
1119 345 -13
1119 733 -13
450 452 -28
450 449 -28
322 295 8
80 849 -28
80 107 13
849 851 -19
852 462 13
852 853 13
462 460 -19
853 459 -8
853 83 19
853 851 -19
691 689 28
236 237 -13
633 635 13
633 631 13
631 1019 8
631 630 -13
631 629 -8
132 133 8
132 902 8
929 956 -28
929 930 -19
538 537 -19
371 1150 8
1150 760 8
407 8 19
407 801 -8
407 379 -8
8 770 -19
379 773 -8
379 380 -19
83 84 -13
492 494 -28
683 681 -28
683 1069 -19
681 267 -28
681 680 13
1069 1070 19
28 1 13
28 55 -13
28 29 13
797 403 -13
401 429 19
401 402 -8
401 2 -8
401 373 -19
58 59 -28
58 827 13
957 956 13
957 184 13
184 185 -13
921 532 13
921 893 8
921 154 19
921 922 19
532 531 28
532 530 -28
532 534 8
154 153 8
154 152 -8
922 920 -13
922 924 19
224 197 13
224 999 28
224 225 -19
658 630 28
658 1048 13
630 221 28
1048 273 -28
225 996 -8
225 223 8
998 609 19
998 970 -19
998 999 -19
1096 319 -13
1096 1098 28
319 346 -28
319 292 -8
375 376 -8
375 403 -28
375 769 -28
376 378 19
376 374 -28
403 431 -28
403 4 8
769 768 28
769 771 -28
769 767 8
769 3 28
1003 228 28
12 774 28
383 777 28
483 455 -28
460 458 -19
460 55 -8
460 459 -8
458 457 -8
55 823 13
55 56 13
459 57 -19
459 431 13
423 451 8
50 454 28
50 51 19
819 52 -28
689 273 -28
689 687 19
273 274 -19
687 1073 -8
593 592 -28
531 503 13
531 924 8
951 178 28
951 953 13
561 533 28
561 953 28
153 924 13
153 126 -28
153 178 -28
1056 280 -28
1019 992 -19
992 603 19
992 993 -13
992 221 -13
924 926 -13
924 923 13
126 534 -28
126 896 19
178 589 19
178 179 28
292 1068 -8
292 709 -28
292 267 -28
1092 702 -13
1092 1094 -13
899 900 -19
899 133 -13
1104 714 -28
1104 326 8
1101 327 13
1101 1073 13
653 240 13
653 1040 -13
241 242 -28
241 1016 -13
382 380 -13
382 772 8
1067 294 19
1067 1040 -19
1067 1068 -13
294 293 -13
1040 1013 28
1068 1070 8
587 176 8
587 585 -8
587 589 -19
60 829 -28
429 29 13
429 823 -8
429 457 13
29 792 28
823 825 28
823 821 -8
457 851 -19
457 56 -13
714 300 -8
300 1073 8
557 152 -28
530 919 -13
530 528 13
530 122 -28
592 185 8
1 2 -13
1 767 19
758 730 8
758 343 -19
340 1118 -13
340 367 -19
340 341 -28
757 756 13
757 1143 28
757 338 -19
326 327 28
996 607 -8
996 997 13
100 503 -8
100 102 -19
537 509 -8
537 930 -28
537 133 -19
772 773 8
327 329 -28
820 792 8
820 821 -19
820 56 13
82 84 28
829 827 -19
827 825 -8
451 51 -13
451 479 -28
451 452 -8
51 49 -8
479 873 -19
452 842 -8
452 454 -19
5 771 -13
180 155 -13
180 953 19
180 181 8
128 155 -13
128 129 -8
128 898 13
128 101 -19
534 533 -19
534 923 -28
994 223 13
994 966 13
994 995 -8
223 221 8
966 196 -28
995 993 19
995 997 28
293 1070 -13
129 533 -28
129 895 -8
897 508 13
897 870 -13
897 898 13
295 269 -19
177 176 8
177 175 13
177 179 -13
585 974 8
585 583 -8
604 196 -19
604 576 19
604 997 -19
545 140 -19
195 196 -8
195 969 -19
195 607 -13
997 999 -28
972 973 8
972 202 13
972 583 -19
972 945 -8
270 269 -28
270 272 -19
269 243 -28
243 1018 28
49 449 -13
367 368 -8
756 341 13
1144 754 8
1144 365 13
1144 1143 28
276 274 -13
603 191 -8
191 192 -28
191 965 -28
152 150 -28
152 919 19
641 228 -13
378 768 8
378 380 -19
771 770 28
771 773 -19
57 59 -8
57 56 8
431 825 19
368 1143 8
368 366 19
3 4 19
525 553 8
553 580 -19
553 554 8
4 2 28
533 926 8
533 505 13
1018 1017 -8
1018 1016 -28
155 926 28
609 607 -28
609 197 -13
607 606 -8
197 198 19
197 971 28
990 1017 13
1017 629 19
730 702 19
730 1120 -8
343 345 -28
343 341 -19
503 896 -19
760 345 8
1016 1014 -19
1016 624 -19
1016 1015 13
678 706 -19
580 973 -28
973 971 -13
179 181 -28
600 192 19
600 993 -13
629 627 19
200 202 19
200 198 19
200 970 -28
198 196 -13
198 606 8
970 971 19
970 943 -28
103 104 19
103 873 -19
900 898 -8
900 902 13
509 902 13
509 106 13
1141 366 -13
366 365 28
366 364 13
898 896 13
898 505 -28
606 999 -8
1070 680 13
734 735 -8
734 706 28
735 733 19
735 1121 19
272 274 8
402 792 8
792 764 8
365 338 -8
338 1116 -13
770 380 -13
770 798 19
550 552 19
552 554 -19
552 551 28
240 1014 -8
240 213 19
240 267 -8
527 920 -8
527 528 -19
920 919 -8
920 149 -8
528 917 19
969 576 8
969 971 8
508 506 13
508 101 28
506 895 -8
506 505 -28
101 102 -19
1014 1013 28
1013 242 8
1013 986 19
1013 625 28
945 917 13
945 175 -19
554 943 -8
674 702 -19
150 149 13
150 917 -19
149 122 19
917 889 8
923 895 19
374 764 28
374 373 -19
505 102 8
1137 362 28
362 364 19
582 175 19
582 583 -19
1118 1116 19
1118 1120 13
1120 1122 -13
895 896 13
122 892 -28
764 765 28
764 2 8
765 767 -19
842 870 13
454 456 28
874 875 -8
373 767 -28
1121 1122 28
870 104 -8
104 106 8
104 102 -13
521 914 -13
551 146 -28
914 916 -8
624 625 -8
889 500 28
873 875 -28
986 597 -28
625 627 13
625 213 -8
1015 627 19
915 943 28
915 916 -13
399 427 -28
427 428 -28
427 455 8
598 599 28
140 142 28
456 455 -19
456 52 -13
599 597 -8
