1112 1111 -8
1112 334 -8
1112 1110 -19
1112 1114 28
1112 722 -19
1111 337 -19
1111 1083 -19
1111 1139 19
1111 725 -28
334 753 -8
334 361 -19
334 307 -8
334 335 19
1110 1108 -28
1110 332 28
1110 720 19
1110 1109 8
1114 336 -13
1114 724 -19
1114 1116 8
1114 1113 -8
722 694 28
722 723 13
722 308 -28
722 750 13
147 918 28
147 172 19
147 556 -13
147 148 13
147 120 28
918 525 -13
918 917 28
918 920 -19
918 916 19
172 199 28
172 173 -28
172 583 -19
172 946 8
556 558 -28
556 555 -8
556 945 -13
556 554 -13
148 150 -13
148 553 13
148 146 -8
148 915 13
120 121 19
120 528 28
120 890 19
120 93 -8
665 251 -19
665 663 -13
665 664 28
665 667 -13
665 1051 28
251 252 -28
251 224 13
251 1026 13
251 277 28
663 661 8
663 662 -19
663 249 28
663 1049 13
664 636 -19
664 692 -8
664 1054 28
664 254 28
667 253 28
667 669 8
667 1053 -13
667 666 13
1051 279 -28
1051 1025 -19
1051 1079 -13
1051 1052 19
391 392 13
391 419 28
391 785 -28
392 782 -19
392 390 -13
392 394 8
419 20 8
419 813 8
419 447 19
419 420 13
785 783 8
785 19 -13
785 787 13
785 784 -8
473 445 -8
473 867 13
473 474 -19
473 501 -19
473 71 19
445 839 19
445 417 -28
445 446 28
445 45 -8
867 97 8
867 869 19
867 865 19
867 866 -19
474 476 -13
474 864 -8
474 472 8
474 68 -8
501 502 28
501 894 -28
501 529 8
501 98 -8
71 73 19
71 69 13
71 836 19
71 70 -19
936 543 19
936 934 -19
936 935 -8
936 938 8
543 570 -13
543 515 28
543 544 -8
543 138 8
934 162 19
934 933 -13
934 932 -8
934 541 13
935 166 13
935 546 -28
935 907 -28
935 962 13
938 937 8
938 165 13
938 940 28
938 545 13
161 134 28
161 569 19
161 932 -28
161 186 8
134 904 19
134 107 28
134 542 19
569 568 -28
569 958 -28
569 571 -19
932 931 -8
186 213 19
186 597 8
186 959 -19
476 70 28
476 866 28
476 475 19
476 478 19
70 839 -8
70 44 -8
866 838 28
866 893 -13
866 100 -13
475 73 13
475 869 13
475 447 -19
475 503 -28
478 868 -19
478 477 -28
478 72 -8
478 480 -19
439 39 -28
439 833 13
439 467 -8
439 440 -28
439 411 28
39 38 13
39 37 28
39 41 8
39 802 13
833 835 8
833 64 19
833 832 8
833 831 -13
467 495 -13
467 861 8
467 468 8
467 65 8
440 438 28
440 830 13
440 36 19
440 442 13
411 412 -28
411 12 28
411 383 -19
411 805 19
880 878 -19
880 110 -28
880 879 -28
880 882 13
880 487 28
878 877 -13
878 485 19
878 108 -8
110 137 8
110 83 13
110 111 -19
110 518 -28
879 852 -8
879 490 -13
879 907 19
879 113 -13
882 489 -28
882 112 28
882 881 13
882 884 28
487 488 -19
487 459 -19
487 515 -8
487 84 13
193 605 13
193 220 -28
193 194 19
193 967 28
193 167 -28
605 994 -28
605 603 -19
605 604 -8
605 607 8
220 633 19
220 247 -28
220 995 13
220 221 -8
194 602 28
194 196 8
194 192 -13
194 964 19
967 574 19
967 969 -8
967 965 19
967 966 19
167 577 8
167 141 -8
167 940 8
705 1091 13
705 707 8
705 704 19
705 703 19
705 288 13
1091 318 -19
1091 1063 -8
1091 1092 8
1091 1119 13
707 290 13
707 1093 -8
707 706 13
704 291 28
704 676 8
704 732 19
704 1094 -13
703 1089 -13
703 701 8
703 286 -13
703 702 28
288 289 28
288 315 8
288 263 -8
288 1064 -19
539 566 19
539 511 13
539 540 19
566 594 -28
566 567 8
511 512 13
511 483 19
540 132 -8
540 929 28
540 538 28
289 291 -8
289 287 13
289 702 28
289 1061 -8
315 342 8
315 316 8
315 733 -8
315 1092 19
263 1038 19
263 236 19
263 264 13
263 677 -8
1064 1063 28
1064 1066 -28
1064 1062 13
1064 674 19
38 805 19
38 11 8
38 442 8
38 64 -13
805 804 -19
805 807 19
805 803 28
11 12 -8
11 777 13
11 414 -28
442 444 -8
442 832 -19
442 441 -13
64 91 -13
64 65 -8
64 470 8
20 18 -8
20 782 13
20 22 8
20 19 19
18 16 28
18 417 28
18 780 -8
18 17 -13
782 810 8
782 783 -13
22 421 -28
22 21 -19
22 784 8
22 24 -19
19 422 -8
19 46 28
291 290 13
291 1063 -19
290 1066 -28
290 265 -13
290 317 -8
1063 1037 -19
1063 677 -19
257 1032 19
257 671 28
257 258 -19
257 230 19
257 282 -13
1032 1034 8
1032 1030 19
1032 640 19
1032 1031 19
671 673 -19
671 1057 13
671 670 -8
671 669 -19
258 256 13
258 668 -13
258 260 -8
258 1029 8
230 1005 19
230 643 -28
230 231 -19
230 203 -13
282 283 -13
282 1058 -28
282 309 -13
282 699 -28
524 526 -13
524 523 -13
524 522 28
524 116 8
524 913 13
526 118 13
526 525 -8
526 528 -28
526 915 -28
523 119 8
523 495 -13
523 551 -13
523 916 -19
522 911 -13
522 520 -19
522 114 -13
522 521 28
116 886 -28
116 89 19
116 143 -8
116 117 -19
913 914 -28
913 941 13
913 885 -8
913 146 13
886 884 -19
886 888 13
886 885 8
886 493 -19
89 90 28
89 62 -28
89 859 13
89 496 -19
143 552 -28
143 914 -13
143 144 -19
143 168 19
117 119 -8
117 115 -28
117 521 8
117 883 -13
810 420 -19
810 838 -28
810 811 8
810 47 8
420 422 19
420 418 13
420 17 13
838 839 -28
838 73 13
838 448 -28
811 44 8
811 809 28
811 417 13
811 813 28
47 45 19
47 447 28
47 46 19
47 49 8
1035 1061 28
1035 1036 -8
1035 1008 13
1035 264 -8
1035 647 -19
1061 1089 -13
1061 1062 -13
1061 675 8
1036 1034 28
1036 644 28
1036 1038 -13
1036 261 19
1008 619 -8
1008 1009 -13
1008 980 -13
1008 237 -28
264 262 13
264 674 13
264 266 -8
647 645 8
647 234 19
647 646 -8
647 649 28
489 86 28
489 517 -19
489 490 28
489 461 -28
86 852 -8
86 85 28
86 88 19
86 84 -19
517 545 8
517 518 -28
517 910 -8
517 113 13
490 488 28
490 83 -28
490 492 -13
461 462 -13
461 59 19
461 433 -28
461 855 -19
623 621 19
623 622 -19
623 211 19
623 1011 28
621 619 -13
621 209 19
621 620 -8
622 594 8
622 650 -19
211 238 -13
211 212 8
211 985 8
211 184 13
1011 1012 28
1011 984 -13
753 752 -19
753 1139 -19
753 751 -19
753 755 13
752 337 28
752 724 8
752 1142 -19
1139 1140 -28
1139 364 28
751 750 19
751 1137 8
751 749 28
751 332 19
755 336 -28
755 754 -8
755 1141 -13
755 757 -8
119 118 -19
119 885 19
119 121 8
118 91 28
118 145 28
118 888 -19
885 858 -19
885 496 8
121 525 19
121 887 -28
121 123 -19
361 1140 -28
361 362 -8
307 308 -19
307 1084 -28
307 280 28
307 725 -8
335 337 8
335 750 19
335 333 19
335 1109 -28
337 336 -8
337 339 -13
336 363 19
336 309 -19
339 754 -13
339 338 8
339 1113 -19
339 341 28
794 31 -13
794 795 -13
794 822 13
794 404 13
794 766 -28
31 33 19
31 431 -28
31 30 28
31 29 28
795 28 -13
795 793 13
795 797 8
795 401 -19
822 850 -13
822 432 8
822 57 -13
822 823 19
404 406 -19
404 402 -19
404 403 13
404 1 8
766 376 -13
766 767 13
766 4 -19
1128 349 -8
1128 1127 19
1128 1130 19
1128 738 8
1128 1126 -19
349 322 13
349 350 13
1127 352 28
1127 1099 19
1127 741 8
1130 351 -13
1130 1132 28
1130 1129 -13
1130 740 28
738 710 -19
738 739 8
738 323 -8
1126 736 -13
1126 347 28
1126 1125 -13
1126 1124 -28
67 65 28
67 69 8
67 469 28
67 66 8
67 832 13
65 63 13
65 830 13
69 68 8
69 471 8
69 834 -19
469 470 19
469 441 -8
469 863 -13
469 497 28
66 472 8
66 835 19
66 40 -19
66 93 19
832 804 -28
832 860 -8
858 92 8
858 830 -8
858 859 -19
858 468 28
92 495 -8
92 91 19
92 94 -8
92 90 -13
830 802 13
830 831 -28
859 465 -8
859 857 13
859 861 13
468 62 -13
468 466 8
468 470 13
573 571 -13
573 575 -13
573 962 19
573 572 -19
571 162 -28
571 570 13
571 960 -8
575 574 8
575 577 -13
575 964 -8
575 165 -28
962 990 8
962 963 8
962 192 -19
572 166 -13
572 545 19
572 965 -8
572 600 -19
673 1059 8
673 675 28
673 259 13
673 672 -28
1057 285 -19
1057 1031 -19
1057 1085 28
1057 1058 -13
670 642 -8
670 698 19
670 1060 19
670 260 -13
669 255 -13
669 1055 28
669 668 13
397 425 -8
397 791 13
397 398 -28
425 453 19
425 426 -19
425 26 -19
425 819 28
791 789 -28
791 25 -8
791 790 -28
398 396 -8
398 788 -8
398 400 -19
839 841 28
839 837 -28
841 447 -28
841 72 8
841 843 -13
841 840 -13
837 835 19
837 68 -13
837 836 -19
837 443 28
1083 310 -13
1083 1084 -13
1083 1055 -28
1083 697 -28
310 312 -28
310 308 -19
310 724 -13
310 309 -13
1084 694 -13
1084 1082 8
1084 1086 13
1055 283 13
1055 1056 -19
1055 1029 8
697 695 -8
697 280 -19
697 699 13
697 696 19
166 164 28
166 165 13
164 933 13
164 163 19
164 570 19
165 191 -8
165 139 8
636 227 -13
636 1028 -19
636 637 -8
636 608 8
227 226 -13
227 229 28
227 225 13
227 998 -19
1028 253 19
1028 1026 -28
1028 1030 28
1028 1027 -13
637 639 -28
637 1025 28
637 635 -19
637 224 -8
608 609 -19
608 580 28
608 200 -28
608 1001 13
574 547 13
574 602 -13
577 579 28
577 966 8
577 576 -13
964 937 8
964 992 -19
964 965 28
942 941 8
942 549 -19
942 940 28
942 944 -28
942 168 -8
941 171 -28
941 552 19
941 968 -13
549 550 28
549 144 -13
549 521 28
549 576 -19
940 547 28
940 939 8
944 551 -13
944 946 -28
944 170 8
944 943 19
168 579 13
168 195 19
168 169 8
905 933 19
905 516 13
905 877 28
905 138 -8
905 906 19
933 544 19
933 960 -19
516 514 28
516 108 -8
516 515 13
516 518 -19
877 488 28
877 111 -28
877 850 -13
138 137 13
138 136 -28
138 140 13
906 513 -8
906 908 13
906 904 8
906 135 13
226 1001 -13
226 199 -28
226 639 19
226 253 -8
1001 1000 -13
1001 1003 -13
1001 999 -28
199 200 13
199 611 -28
199 973 19
639 638 13
639 1027 -13
639 641 -19
253 278 -28
253 254 28
482 872 -19
482 480 -13
482 76 19
482 484 13
482 481 28
872 899 -28
872 873 -8
872 106 -28
872 844 -19
480 870 -19
480 74 19
480 479 8
76 50 -13
76 103 -8
76 77 19
76 845 -28
484 78 19
484 483 19
484 874 -8
481 453 8
481 509 8
481 79 19
481 875 13
417 418 -28
417 389 13
446 444 -13
446 836 -28
446 448 -28
446 42 13
45 44 -28
45 43 -19
45 808 -28
884 114 -8
884 883 13
884 491 -28
888 495 13
888 890 -8
888 887 -8
493 465 -13
493 90 8
493 521 -8
493 494 -13
1004 1031 8
1004 615 -8
1004 1005 8
1004 233 -19
1004 976 28
1031 260 -8
1031 643 19
615 613 -8
615 614 19
615 617 13
615 203 -8
1005 612 8
1005 1007 28
1005 1003 -19
233 642 -8
233 232 -8
233 235 -13
233 231 -8
976 977 28
976 206 -28
976 949 19
976 587 19
721 720 8
721 1107 -28
721 723 13
721 303 28
721 719 -13
720 306 -8
720 692 19
720 748 -28
1107 1108 13
1107 1135 19
1107 1079 8
1107 333 -13
723 1109 19
723 305 -28
723 725 -8
303 330 -28
303 1080 19
303 304 8
303 277 -13
719 1105 -8
719 717 -13
719 301 -13
719 718 -13
44 448 19
44 17 -28
448 447 -19
448 450 8
17 783 -8
989 596 19
989 987 -13
989 991 -13
989 988 -19
989 214 -19
596 568 -19
596 624 -13
596 597 -19
596 188 -28
987 213 28
987 986 28
991 990 -19
991 598 8
991 993 28
991 216 -28
988 217 19
988 599 -28
988 1015 19
988 960 -8
214 241 -8
214 627 -19
214 187 -28
214 215 8
306 305 28
306 308 13
306 304 -19
306 1079 -8
305 278 19
305 1082 -13
305 332 -19
308 1081 -19
304 718 8
304 1077 -8
304 302 28
1079 1080 -19
1079 693 13
816 426 8
816 817 28
816 53 13
816 788 -28
816 844 -28
426 424 8
426 428 19
426 23 13
817 815 -8
817 423 -19
817 50 13
817 819 -13
53 453 -13
53 52 -28
53 51 8
788 789 -13
788 26 -28
844 845 -19
844 79 19
844 454 -28
495 496 8
496 494 19
496 498 -13
279 692 -19
279 278 28
279 281 -19
1025 998 28
1025 254 8
1025 1026 -13
1052 662 19
1052 1050 8
1052 1054 -8
1052 277 -8
125 529 13
125 124 -19
125 127 -8
125 123 19
125 891 -28
529 922 19
529 557 8
529 530 -13
124 97 28
124 532 -13
124 894 -28
124 151 19
127 531 13
127 893 28
127 129 13
127 126 -28
123 527 -8
123 889 -28
123 122 13
891 864 -8
891 892 13
891 502 8
891 919 -13
594 595 -13
595 593 8
595 984 8
595 184 28
352 350 13
352 351 28
352 354 19
350 1125 8
350 348 -19
351 324 -13
354 1129 28
354 356 -28
354 353 -19
91 498 28
91 861 -28
498 497 8
498 887 19
498 500 -19
861 863 13
861 860 28
1134 1133 -8
1134 1136 13
1134 1132 8
1134 744 28
1134 355 28
1133 358 -13
1133 1105 -19
1133 747 -28
1136 1135 19
1136 357 -19
1136 1138 -28
1136 746 28
1132 1131 -13
1132 742 28
1132 353 8
744 716 19
744 329 -13
744 745 28
355 356 -28
355 328 13
73 72 13
73 75 19
72 46 -8
72 99 19
75 77 -28
75 74 8
75 840 8
75 477 -19
864 836 -28
864 865 28
864 98 8
836 808 -19
865 863 -19
865 471 13
865 95 28
98 97 8
98 96 28
98 100 -19
579 581 -28
579 968 13
579 578 28
581 580 8
581 970 19
581 170 -28
581 583 8
968 996 -8
968 969 -13
968 198 -13
578 171 19
578 606 -8
578 551 -19
578 971 -28
570 963 8
570 598 28
515 908 28
515 111 -19
544 546 -8
544 542 -19
544 135 -19
736 737 -28
736 708 8
736 321 19
737 1123 -8
737 739 19
737 319 19
708 1098 19
708 294 -28
708 680 28
708 709 -8
321 1095 28
321 323 13
321 320 -19
1099 1071 13
1099 325 19
1099 713 -28
1099 1100 -28
1071 298 19
1071 1072 13
1071 685 8
1071 1044 -13
325 324 -28
325 327 8
325 323 -19
325 740 13
713 712 -13
713 711 -13
713 295 -13
713 715 28
1100 710 -19
1100 1102 19
1100 1098 8
1100 322 -19
1089 316 -19
1089 1117 8
1089 1090 -13
316 318 -28
316 314 -13
316 730 19
1117 1145 -13
1117 1118 8
1117 343 -19
1117 731 13
1090 1088 19
1090 700 28
1090 1092 8
1090 313 19
171 169 8
171 173 -28
171 170 28
169 939 19
169 576 -8
173 580 8
173 943 13
173 175 28
170 145 -13
170 197 13
642 1034 -19
642 643 19
642 614 -19
1034 259 28
1034 1033 -8
643 645 -28
643 641 13
614 586 -13
614 206 19
614 1007 13
137 908 8
137 546 -19
908 907 -8
908 910 8
546 545 -13
546 548 8
948 555 -8
948 950 19
948 947 -13
948 174 -8
948 946 28
555 527 19
555 150 -19
555 582 8
950 176 -8
950 557 -28
950 949 8
950 951 8
947 177 -19
947 558 -28
947 919 13
947 974 28
174 585 8
174 149 -28
174 201 28
174 175 -28
946 945 13
946 553 -19
645 1033 -19
645 232 19
645 644 -8
1033 1006 -28
1033 262 19
1033 1059 -19
232 259 -19
232 1007 -28
232 205 13
644 235 -28
644 672 -19
644 616 -8
911 883 -19
911 912 -13
911 939 19
911 144 8
883 494 -19
883 856 28
912 910 -13
912 519 8
912 914 -8
912 141 19
939 550 8
939 966 -28
144 146 28
144 142 -19
259 284 28
259 260 -28
1007 1006 8
1007 1009 28
205 206 19
205 979 -8
205 178 -19
205 617 -28
654 626 -28
654 682 13
654 244 19
654 1045 13
654 655 8
626 217 -28
626 1018 28
626 627 -8
626 598 -19
682 710 -28
682 683 19
682 1072 8
682 270 -13
244 243 8
244 246 13
244 242 13
244 1015 8
1045 1043 -28
1045 1044 13
1045 1046 -19
655 653 8
655 657 -8
655 1042 -28
655 241 -8
463 61 13
463 857 -8
463 464 -8
463 435 -19
463 491 8
61 63 -13
61 59 -8
61 826 28
61 60 8
857 87 -8
857 855 13
857 856 13
464 466 19
464 854 13
464 462 13
464 58 -28
435 436 -28
435 407 -13
435 829 -28
435 35 -28
491 492 28
491 519 8
491 88 -28
727 729 -13
727 725 13
727 1113 8
727 726 19
727 309 8
729 311 28
729 1115 28
729 731 28
729 728 -13
725 724 13
1113 1141 -8
1113 1085 13
726 312 -28
726 698 -8
726 754 -19
726 1116 8
309 1086 13
217 215 -19
217 219 28
217 216 13
215 986 8
215 624 -13
219 990 8
219 628 -8
219 218 -8
219 221 28
216 189 8
216 243 -8
216 629 -13
692 1082 28
692 693 28
1082 1081 -8
1082 1080 -28
693 695 -13
693 691 -13
693 277 -19
312 314 19
312 311 28
312 1085 13
314 313 -28
314 1087 -19
314 728 19
311 284 -28
311 1088 19
1085 699 -8
1085 1086 8
465 466 -19
465 63 13
465 437 -13
466 60 -19
466 856 -19
63 62 -28
63 828 -13
437 438 28
437 37 19
437 409 19
437 831 -13
410 408 19
410 800 8
410 412 -13
410 7 -28
410 409 19
408 407 -19
408 406 19
408 798 28
408 5 -13
800 37 -8
800 772 -19
800 828 13
800 801 -13
412 414 -19
412 802 8
412 9 -19
7 34 -8
7 8 -28
7 773 -19
409 381 13
409 10 -28
409 803 -8
278 695 28
278 1054 8
695 694 -19
695 1081 -13
1054 1056 28
1054 1053 28
502 504 -28
502 500 -8
502 95 -19
894 893 19
894 896 -19
894 892 13
694 666 13
694 281 19
666 638 8
666 256 8
666 1056 28
281 283 19
281 1053 13
281 280 13
285 698 19
285 284 -13
285 287 8
285 283 13
1058 1060 13
1058 1056 28
1058 668 -13
358 356 -13
358 357 -13
358 360 19
356 1131 19
357 330 -28
360 359 -28
360 1135 -8
360 362 -19
97 504 13
504 893 8
504 506 28
504 503 -19
513 541 -8
513 109 19
513 514 -19
513 485 8
541 568 19
541 136 13
541 542 -19
109 876 8
109 111 28
109 108 -13
514 107 19
514 903 13
485 486 19
485 457 -19
485 82 -19
613 201 -13
613 1002 -19
613 611 -8
613 612 13
201 228 -19
201 202 -19
201 975 13
1002 1029 -13
1002 974 -28
1002 1003 19
1002 231 28
611 1000 13
611 609 28
611 610 -19
612 584 -8
612 204 -19
612 640 8
1043 268 -13
1043 652 -8
1043 1041 8
1043 1042 -19
268 683 -8
268 293 -13
268 241 8
652 653 28
652 242 8
652 624 -8
652 680 19
1041 267 -8
1041 1040 28
1042 270 -19
1042 1069 -19
1042 1015 28
743 741 28
743 742 8
743 324 13
743 745 -28
743 1129 19
741 739 13
741 322 19
741 740 28
742 714 -8
742 327 8
324 297 -8
324 1102 19
745 326 -28
745 1131 19
745 747 -28
1129 1101 8
1140 1142 28
1140 1138 -13
1140 750 -13
1142 1141 28
1142 363 8
1142 1144 28
1138 359 -19
1138 1137 -8
1138 748 -13
297 715 8
297 298 8
297 271 -28
297 1074 8
1102 712 28
1102 1104 28
1102 1101 28
567 565 8
567 956 -13
567 159 -13
1105 1077 -13
1105 331 13
1105 1106 -8
1077 691 -8
1077 1078 -28
1077 1049 -28
331 330 -8
331 333 13
331 746 -19
331 329 28
1106 1108 8
1106 1104 -8
1106 716 8
1106 328 -19
648 239 13
648 649 13
648 620 13
648 1039 -8
648 676 -19
239 238 -19
239 237 -13
649 651 8
649 236 -28
649 1037 -28
620 212 -28
620 1012 -19
620 592 28
1039 265 -8
1039 1038 13
676 1066 -8
676 266 -19
676 677 -13
1108 718 -13
1108 330 -13
718 690 -13
718 746 28
330 749 -19
661 660 19
661 1047 -13
661 659 28
661 247 13
660 250 -19
660 688 -28
660 1050 28
660 632 -28
1047 1048 8
1047 1021 -8
1047 1075 -28
1047 276 19
659 245 -8
659 658 -8
659 657 -8
247 1022 19
247 273 -28
247 248 28
238 265 -8
238 1012 8
238 651 28
265 679 8
265 266 -19
1012 1010 -13
651 650 19
907 140 -8
907 518 28
910 139 13
910 909 19
470 472 -13
470 860 -13
441 835 -8
441 413 -13
441 41 -8
863 93 -28
863 862 28
497 94 13
497 525 28
497 890 -8
472 862 8
472 471 19
862 96 8
862 834 -19
862 889 -8
471 443 -19
471 499 -8
931 542 -13
931 958 -28
931 163 -13
931 903 8
958 986 -28
958 959 -8
958 188 13
163 568 19
163 162 -8
903 904 28
903 136 13
903 876 28
698 1088 19
698 699 28
1088 1087 13
1088 1086 13
699 701 13
189 963 13
189 190 -8
189 601 19
963 961 -13
963 965 -13
190 598 13
190 192 28
190 188 -28
190 960 -13
601 603 -19
601 990 8
601 599 -8
601 600 13
318 317 -28
318 732 -19
317 735 19
317 344 8
317 1094 13
732 760 8
732 1122 -19
732 733 -8
416 13 -28
416 414 28
416 806 -8
416 418 28
416 415 28
13 40 -13
13 779 8
13 14 19
414 804 13
414 413 -8
806 43 19
806 778 -19
806 834 -13
806 807 8
418 808 -19
418 15 -28
415 16 -13
415 387 13
415 809 -28
415 443 -28
701 700 19
701 284 -19
701 1087 -19
700 287 8
700 728 19
700 672 -8
284 1060 -8
1087 1059 8
1087 1115 19
535 928 -13
535 536 -8
535 563 8
535 131 13
535 507 -13
928 157 8
928 927 -19
928 926 19
928 930 -8
536 925 -28
536 128 8
536 538 -13
536 534 13
563 158 -13
563 590 -13
563 955 28
131 129 28
131 897 8
131 130 28
131 133 -8
507 900 -8
507 508 -13
507 104 19
507 479 -8
1060 1059 -28
1060 1062 13
710 711 8
710 296 -13
711 293 -13
711 1097 -8
711 709 28
296 1069 -13
296 298 19
296 295 13
296 294 -19
783 781 -8
783 389 28
16 15 8
16 14 8
16 778 -19
15 781 -13
15 42 28
14 413 13
14 12 -28
14 776 8
778 388 19
778 779 -8
1037 1038 13
1037 266 13
677 679 19
677 675 -28
287 1059 28
287 286 -13
286 261 8
286 1062 -19
286 313 28
520 112 -13
520 518 -13
520 519 8
520 909 -19
112 85 13
112 113 19
112 139 19
519 115 -13
519 547 13
909 937 -8
909 142 8
909 881 -28
85 492 28
85 855 -28
85 58 -13
113 115 28
113 111 -13
139 140 13
139 548 -8
787 393 8
787 789 -8
787 21 -8
787 786 -13
784 812 8
784 394 28
1066 1065 13
1065 1093 19
1065 679 -13
619 207 13
619 618 19
619 617 -19
207 981 8
207 234 -28
207 208 -13
207 180 19
618 590 -19
618 210 28
618 1010 28
618 646 -28
617 1006 -19
617 616 -8
94 93 -8
94 96 -8
94 860 28
93 500 -8
96 499 19
96 95 19
860 887 13
749 747 28
749 1135 28
749 748 -13
114 141 -8
114 87 -19
114 115 13
141 550 -19
141 142 -13
87 494 28
87 88 -8
87 60 -13
115 881 13
62 831 -19
62 36 -28
828 438 28
828 829 -19
828 856 -28
158 156 -8
158 160 -19
158 157 -28
158 925 13
156 561 19
156 155 13
156 154 28
156 923 19
160 927 19
160 564 8
160 159 -13
157 565 -19
157 182 19
157 130 19
925 926 -8
925 897 -19
1053 1027 28
1053 1081 -8
393 394 8
393 421 28
394 396 19
421 422 -13
421 815 28
421 449 -13
835 834 -8
834 444 13
1123 1095 -8
1123 348 8
1123 1124 -19
1095 1096 28
1095 1067 -19
1095 709 28
348 347 8
1124 346 -13
568 961 -8
961 959 19
961 187 28
961 960 13
162 135 -28
162 187 8
135 136 -13
135 108 -8
187 599 28
187 188 28
868 869 -19
868 840 28
868 895 -8
868 102 -19
477 449 19
477 505 -19
477 871 -19
937 548 -19
548 550 -28
548 547 8
881 492 -19
881 854 -28
717 1103 19
717 299 8
717 716 8
717 715 -28
1103 1131 -13
1103 1104 -13
1103 329 13
1103 1075 8
299 1076 8
299 326 28
299 300 28
299 273 -8
716 302 19
716 688 13
715 714 19
715 1101 19
422 812 -28
422 424 13
812 840 19
812 49 8
812 813 19
424 21 -13
424 814 19
424 423 28
46 813 -13
46 450 28
789 23 -8
789 395 19
23 50 13
23 24 -28
395 396 -28
395 423 8
40 807 -19
40 444 -28
40 41 28
807 413 -19
807 809 28
444 443 -8
41 43 -28
41 804 28
981 979 -8
981 588 19
981 983 19
981 980 -8
979 977 -28
979 586 -13
979 978 -8
588 616 -13
588 561 19
588 589 -28
588 181 -13
983 590 28
983 985 -8
983 982 13
983 209 19
980 210 28
980 952 -13
980 591 -8
21 48 -19
24 786 13
24 26 13
24 423 -28
650 678 -13
145 554 -28
145 146 -13
145 916 -19
301 328 -28
301 302 -8
301 275 28
301 1078 -8
328 329 -8
328 747 8
302 1075 19
302 300 8
275 249 -13
275 691 8
275 1050 -19
275 276 13
1078 1076 -8
1078 688 -19
1078 1080 -13
250 249 -28
250 252 28
250 248 28
250 1021 13
249 1024 19
249 222 -13
252 662 -13
252 1023 28
252 254 -13
248 658 -28
248 1019 19
248 246 19
1021 633 -13
1021 994 13
1021 1022 -13
25 52 19
25 26 8
25 428 -19
790 818 -13
790 400 -13
1026 1024 13
1026 634 19
1030 638 28
1030 1029 19
1030 255 -8
1027 256 -19
1027 1000 -28
363 364 8
1145 370 8
1145 1146 28
1145 759 -19
370 369 8
370 368 28
370 372 -19
1146 367 8
1146 756 -8
1146 1148 13
1146 1144 -13
759 758 -8
759 761 8
759 340 -8
759 757 -28
590 183 -28
590 591 -19
183 952 19
183 182 -8
183 181 -19
183 185 28
591 180 -8
591 593 -8
591 589 13
68 95 13
68 42 13
347 320 8
320 1098 -13
320 739 19
320 293 28
740 712 -28
675 674 28
675 261 8
672 262 28
672 1062 19
843 74 13
843 449 13
843 842 -28
843 845 -13
840 450 -19
390 389 28
390 388 8
390 780 28
388 386 28
388 387 -19
780 781 19
780 808 -28
547 142 -19
602 603 28
602 630 -13
602 995 -19
638 229 -13
638 610 13
229 1000 -13
229 228 -28
229 231 19
610 582 13
610 202 -13
610 1003 8
1076 686 13
1076 1075 8
1076 1074 13
686 658 8
686 714 8
686 274 -8
686 687 -19
1075 689 19
1074 1073 19
1074 1072 13
1074 684 19
890 889 -13
890 892 -28
887 915 13
210 209 -19
210 208 -28
210 212 28
209 236 19
209 182 -13
208 206 -8
208 616 -28
208 978 -28
212 982 -28
1006 978 8
1006 235 -28
978 589 8
235 234 -8
235 237 -8
438 436 -28
438 34 -28
436 434 19
436 32 28
436 826 13
34 60 13
34 35 8
34 801 -19
1109 1137 28
1109 1081 -8
332 359 8
332 333 -28
37 35 -8
37 36 19
35 33 -8
35 798 28
36 9 -28
36 803 -28
256 254 13
256 255 -19
255 228 19
255 280 -8
369 1148 8
369 342 -28
1148 1147 -28
1148 758 19
1148 1150 -8
342 343 13
342 1120 8
342 761 -13
405 377 19
405 406 13
405 799 -19
405 433 -13
405 6 -28
377 378 28
377 771 -8
406 3 8
406 796 -19
799 32 28
799 801 -28
799 798 19
799 797 19
433 434 -19
433 33 -19
433 827 -13
6 8 19
6 5 -8
6 4 -19
6 768 8
488 81 8
488 486 -8
81 108 -28
81 55 -8
81 82 -13
81 851 19
486 876 -13
486 80 28
353 326 -8
746 747 8
77 79 28
77 479 -19
77 842 19
74 48 -13
74 101 -19
855 854 8
855 853 -8
856 90 28
739 1125 -8
323 322 -8
323 1097 19
847 453 19
847 78 -19
847 846 8
847 845 -19
453 454 -13
78 52 -28
78 105 -8
78 79 13
846 456 28
846 874 19
846 818 13
845 451 8
396 786 13
786 814 28
616 1009 28
1080 690 13
234 261 -19
234 1009 -28
261 262 -8
1009 1010 19
656 657 28
656 628 -28
656 246 -19
656 684 8
656 1046 -8
657 243 13
657 1044 28
628 1020 8
628 600 -19
628 629 13
246 245 13
246 1017 -19
684 712 28
684 685 28
684 272 -19
1046 271 -28
1046 1048 -28
984 985 8
984 956 13
443 43 19
1115 1143 8
1115 1116 -13
1115 341 13
731 730 8
731 313 13
731 733 -8
728 756 -19
728 1118 -8
381 382 -19
381 775 13
10 9 19
10 8 -19
10 772 -8
10 12 13
803 802 -19
803 801 19
43 42 19
42 809 19
313 340 13
802 774 8
9 775 28
775 773 -19
775 777 8
775 774 -19
262 260 28
815 814 -13
815 48 28
815 813 -19
814 51 13
814 842 19
48 452 -19
48 49 8
512 105 -19
512 510 -28
512 901 -13
105 106 28
105 132 -13
105 875 13
510 508 -19
510 899 -8
510 509 -8
510 103 28
901 929 -8
901 874 8
901 902 19
779 781 -8
779 385 8
779 777 8
584 977 19
584 177 8
584 585 19
584 557 8
204 206 8
204 202 8
204 974 19
204 203 -8
640 641 19
640 231 28
640 668 28
781 387 13
90 88 19
88 854 19
586 559 13
586 179 -28
586 587 28
560 558 -28
560 949 13
560 559 19
560 151 19
560 562 19
558 557 13
558 149 19
949 921 28
949 179 13
559 531 28
559 951 13
559 154 -8
151 176 19
151 922 19
151 152 13
562 561 13
562 153 8
333 748 -28
688 689 19
688 276 -13
1050 1049 -8
1050 1048 13
632 1024 -13
632 633 8
632 223 28
632 604 8
1086 696 8
662 690 13
662 634 -19
690 691 19
634 635 28
634 606 8
634 225 13
499 527 -8
499 892 19
499 500 -28
876 848 -13
848 849 -19
848 458 28
848 820 -19
848 82 8
1010 236 8
808 809 13
850 460 -13
850 84 13
850 851 -28
977 203 -19
977 975 8
203 176 -19
975 973 -19
975 582 13
975 974 19
712 298 8
298 300 -28
1093 1121 -13
1093 1094 8
679 678 -28
646 674 19
646 1038 -13
646 237 8
27 793 28
27 54 -8
27 430 -13
27 0 -19
793 792 13
54 80 -13
54 458 -28
54 821 -8
430 429 28
430 820 28
430 432 28
0 402 8
0 765 -13
271 245 19
271 272 -19
271 687 8
95 122 8
955 957 19
955 182 -8
955 954 -13
955 953 28
1024 1023 -8
1024 1022 -8
1023 1049 8
1023 996 -8
1023 635 -8
1022 1020 19
1022 630 13
245 1020 -19
245 218 8
1020 1019 13
1020 1018 8
218 631 19
218 191 13
218 993 -19
869 871 13
869 99 -19
871 870 8
871 101 -28
871 873 -19
99 506 19
99 126 -13
99 100 -8
831 829 19
565 954 19
565 564 -19
954 927 -13
954 982 8
954 185 -8
564 957 8
564 537 -13
564 592 28
182 593 28
130 103 -19
130 900 -19
130 538 -28
927 538 13
927 899 -19
159 132 13
159 184 -8
159 930 -8
668 696 28
1125 1097 -8
1097 1098 -8
1097 1069 -13
386 385 13
386 776 -13
386 384 19
385 413 -8
776 804 -13
776 777 -19
384 383 8
384 774 -19
384 382 -13
1072 295 13
1072 1070 13
685 683 -8
685 269 28
685 687 -13
1044 1017 8
1044 272 8
952 953 8
434 30 -19
434 432 8
434 824 19
30 3 13
30 797 -19
432 28 19
432 431 28
824 852 13
824 825 -13
824 59 28
824 796 28
985 592 -13
982 593 -13
283 696 -13
696 724 -19
33 796 8
33 32 19
796 768 -28
796 797 19
32 5 -13
32 58 -8
222 635 19
222 195 28
222 997 -19
222 223 28
818 819 -19
818 428 -8
400 399 13
826 854 -13
826 827 -28
826 798 19
763 761 -8
763 344 8
763 1149 -28
763 762 19
761 1147 -19
761 760 19
344 371 8
344 345 -28
344 1122 -13
1149 1150 28
1149 1121 13
762 734 -28
1000 972 8
1029 641 -19
1147 372 -8
1147 1119 13
372 371 19
1119 1120 -19
1119 345 28
1119 733 -13
450 452 13
450 449 -28
322 295 19
80 849 13
80 107 19
849 851 -28
852 462 -8
852 853 13
462 460 8
853 459 -13
853 83 -13
853 851 28
691 689 -19
236 237 -19
633 635 -13
633 631 28
631 1019 13
631 630 -19
631 629 -28
132 133 28
132 902 28
929 956 19
929 930 -13
538 537 19
371 1150 -13
1150 760 -8
407 8 28
407 801 19
407 379 19
8 770 -8
379 773 -28
379 380 19
83 84 -13
492 494 -19
683 681 -13
683 1069 28
681 267 19
681 680 8
1069 1070 8
28 1 19
28 55 8
28 29 28
797 403 -19
401 429 -28
401 402 13
401 2 -28
401 373 -19
58 59 19
58 827 28
957 956 -19
957 184 28
184 185 -8
921 532 -13
921 893 -8
921 154 13
921 922 13
532 531 -28
532 530 -28
532 534 -13
154 153 -8
154 152 13
922 920 -13
922 924 13
224 197 19
224 999 8
224 225 -19
658 630 -13
658 1048 -28
630 221 -28
1048 273 19
225 996 19
225 223 -28
998 609 8
998 970 -8
998 999 -8
1096 319 -28
1096 1098 -28
319 346 28
319 292 19
375 376 13
375 403 -8
375 769 8
376 378 13
376 374 -13
403 431 8
403 4 28
769 768 13
769 771 13
769 767 -8
769 3 13
1003 228 -19
12 774 28
383 777 8
483 455 19
460 458 28
460 55 -8
460 459 19
458 457 -28
55 823 -8
55 56 8
459 57 -19
459 431 -28
423 451 -19
50 454 -28
50 51 8
819 52 -13
689 273 13
689 687 -13
273 274 -13
687 1073 -13
593 592 28
531 503 -8
531 924 -19
951 178 -28
951 953 19
561 533 8
561 953 -8
153 924 19
153 126 -28
153 178 19
1056 280 -8
1019 992 -13
992 603 -8
992 993 28
992 221 28
924 926 19
924 923 -8
126 534 13
126 896 13
178 589 -13
178 179 -19
292 1068 -8
292 709 -13
292 267 -13
1092 702 8
1092 1094 -28
899 900 -8
899 133 -8
1104 714 13
1104 326 -28
1101 327 -19
1101 1073 28
653 240 -13
653 1040 19
241 242 19
241 1016 13
382 380 -28
382 772 -28
1067 294 28
1067 1040 -13
1067 1068 13
294 293 -28
1040 1013 -8
1068 1070 -8
587 176 -13
587 585 -28
587 589 -28
60 829 -19
429 29 -19
429 823 -8
429 457 13
29 792 -8
823 825 -13
823 821 28
457 851 8
457 56 -8
714 300 -8
300 1073 -28
557 152 8
530 919 -13
530 528 19
530 122 -13
592 185 8
1 2 -8
1 767 -8
758 730 8
758 343 -28
340 1118 28
340 367 19
340 341 13
757 756 -28
757 1143 -13
757 338 13
326 327 13
996 607 -13
996 997 -8
100 503 8
100 102 28
537 509 13
537 930 -8
537 133 13
772 773 -28
327 329 13
820 792 -28
820 821 19
820 56 -19
82 84 19
829 827 -19
827 825 8
451 51 -19
451 479 -19
451 452 8
51 49 -28
479 873 -19
452 842 -28
452 454 -8
5 771 8
180 155 13
180 953 -19
180 181 -28
128 155 13
128 129 19
128 898 28
128 101 13
534 533 13
534 923 13
994 223 -13
994 966 -8
994 995 19
223 221 -13
966 196 19
995 993 13
995 997 8
293 1070 19
129 533 -13
129 895 -19
897 508 -19
897 870 -13
897 898 8
295 269 -19
177 176 -28
177 175 19
177 179 -28
585 974 28
585 583 -8
604 196 8
604 576 19
604 997 13
545 140 -19
195 196 8
195 969 -28
195 607 8
997 999 8
972 973 13
972 202 13
972 583 -13
972 945 13
270 269 19
270 272 8
269 243 28
243 1018 -28
49 449 -28
367 368 -8
756 341 28
1144 754 -13
1144 365 -13
1144 1143 28
276 274 -13
603 191 19
191 192 -19
191 965 -13
152 150 -19
152 919 -13
641 228 -19
378 768 -13
378 380 19
771 770 19
771 773 19
57 59 -8
57 56 -8
431 825 -13
368 1143 13
368 366 28
3 4 -8
525 553 -19
553 580 -28
553 554 -8
4 2 -13
533 926 -19
533 505 13
1018 1017 28
1018 1016 -13
155 926 13
609 607 8
609 197 28
607 606 13
197 198 28
197 971 -8
990 1017 -28
1017 629 28
730 702 -19
730 1120 28
343 345 -19
343 341 -19
503 896 19
760 345 28
1016 1014 28
1016 624 -19
1016 1015 8
678 706 -28
580 973 28
973 971 8
179 181 -13
600 192 -8
600 993 28
629 627 -19
200 202 -28
200 198 -28
200 970 19
198 196 8
198 606 13
970 971 28
970 943 8
103 104 -19
103 873 -13
900 898 -28
900 902 -13
509 902 -13
509 106 -19
1141 366 -19
366 365 8
366 364 -13
898 896 -8
898 505 13
606 999 -19
1070 680 28
734 735 -8
734 706 8
735 733 -13
735 1121 -8
272 274 13
402 792 -13
792 764 -8
365 338 13
338 1116 19
770 380 8
770 798 -8
550 552 13
552 554 -19
552 551 19
240 1014 8
240 213 8
240 267 -19
527 920 -13
527 528 -19
920 919 -8
920 149 8
528 917 -19
969 576 -28
969 971 -13
508 506 -19
508 101 -13
506 895 -8
506 505 19
101 102 28
1014 1013 8
1013 242 8
1013 986 8
1013 625 -13
945 917 -13
945 175 -28
554 943 13
674 702 -8
150 149 -28
150 917 8
149 122 -8
917 889 -28
923 895 13
374 764 8
374 373 28
505 102 -8
1137 362 -19
362 364 -13
582 175 -28
582 583 19
1118 1116 19
1118 1120 -19
1120 1122 8
895 896 -13
122 892 -13
764 765 -13
764 2 19
765 767 8
842 870 13
454 456 28
874 875 -28
373 767 19
1121 1122 -28
870 104 28
104 106 28
104 102 -19
521 914 -8
551 146 -28
914 916 -13
624 625 -13
889 500 -8
873 875 13
986 597 -19
625 627 13
625 213 13
1015 627 -28
915 943 -8
915 916 -8
399 427 28
427 428 -13
427 455 8
598 599 28
140 142 -19
456 455 28
456 52 -19
599 597 13
