1112 1111 8
1112 334 28
1112 1110 28
1112 1114 13
1112 722 28
1111 337 -19
1111 1083 -28
1111 1139 19
1111 725 8
334 753 -8
334 361 28
334 307 -28
334 335 13
1110 1108 -13
1110 332 28
1110 720 8
1110 1109 8
1114 336 8
1114 724 19
1114 1116 -28
1114 1113 28
722 694 13
722 723 -28
722 308 -13
722 750 -28
147 918 -8
147 172 -13
147 556 -19
147 148 19
147 120 -28
918 525 8
918 917 -28
918 920 -28
918 916 13
172 199 -28
172 173 13
172 583 -28
172 946 8
556 558 19
556 555 -19
556 945 19
556 554 28
148 150 8
148 553 -28
148 146 28
148 915 -28
120 121 13
120 528 28
120 890 -8
120 93 8
665 251 -19
665 663 19
665 664 -13
665 667 13
665 1051 28
251 252 -8
251 224 -13
251 1026 13
251 277 -28
663 661 13
663 662 -28
663 249 8
663 1049 -19
664 636 13
664 692 19
664 1054 -28
664 254 -28
667 253 -13
667 669 28
667 1053 8
667 666 8
1051 279 -19
1051 1025 -28
1051 1079 19
1051 1052 -28
391 392 28
391 419 -19
391 785 28
392 782 -28
392 390 -8
392 394 19
419 20 8
419 813 13
419 447 -19
419 420 -8
785 783 -19
785 19 -13
785 787 19
785 784 8
473 445 -8
473 867 -19
473 474 -19
473 501 28
473 71 -28
445 839 8
445 417 -28
445 446 -13
445 45 8
867 97 8
867 869 -19
867 865 -19
867 866 19
474 476 -19
474 864 8
474 472 28
474 68 13
501 502 -19
501 894 13
501 529 28
501 98 8
71 73 28
71 69 28
71 836 19
71 70 -28
936 543 19
936 934 -19
936 935 -13
936 938 28
543 570 -28
543 515 13
543 544 -19
543 138 -19
934 162 8
934 933 28
934 932 13
934 541 -28
935 166 -19
935 546 -28
935 907 -19
935 962 -13
938 937 -19
938 165 -8
938 940 8
938 545 28
161 134 19
161 569 -19
161 932 13
161 186 19
134 904 -19
134 107 -28
134 542 8
569 568 19
569 958 19
569 571 -13
932 931 8
186 213 -19
186 597 -28
186 959 -13
476 70 8
476 866 -13
476 475 -8
476 478 -13
70 839 19
70 44 13
866 838 -8
866 893 28
866 100 -28
475 73 -28
475 869 13
475 447 -19
475 503 -8
478 868 28
478 477 8
478 72 13
478 480 19
439 39 8
439 833 -28
439 467 13
439 440 -8
439 411 19
39 38 -19
39 37 -13
39 41 28
39 802 -28
833 835 -19
833 64 28
833 832 13
833 831 13
467 495 -19
467 861 8
467 468 13
467 65 19
440 438 28
440 830 -8
440 36 -28
440 442 -8
411 412 -13
411 12 -8
411 383 -13
411 805 28
880 878 -19
880 110 -8
880 879 19
880 882 28
880 487 13
878 877 13
878 485 28
878 108 -28
110 137 -19
110 83 -8
110 111 -8
110 518 19
879 852 8
879 490 -8
879 907 13
879 113 8
882 489 -8
882 112 -8
882 881 8
882 884 8
487 488 19
487 459 13
487 515 -19
487 84 13
193 605 13
193 220 28
193 194 13
193 967 19
193 167 8
605 994 19
605 603 -19
605 604 8
605 607 -19
220 633 -13
220 247 -28
220 995 28
220 221 8
194 602 -28
194 196 -28
194 192 13
194 964 -19
967 574 28
967 969 -19
967 965 19
967 966 28
167 577 -19
167 141 -8
167 940 -19
705 1091 -13
705 707 19
705 704 -13
705 703 -8
705 288 19
1091 318 -19
1091 1063 8
1091 1092 -19
1091 1119 -13
707 290 -19
707 1093 8
707 706 8
704 291 19
704 676 -8
704 732 -13
704 1094 28
703 1089 28
703 701 -13
703 286 28
703 702 13
288 289 -13
288 315 -19
288 263 -8
288 1064 28
539 566 -8
539 511 -13
539 540 19
566 594 19
566 567 28
511 512 28
511 483 13
540 132 19
540 929 19
540 538 19
289 291 -13
289 287 -13
289 702 -28
289 1061 -28
315 342 8
315 316 8
315 733 8
315 1092 -19
263 1038 19
263 236 -28
263 264 -13
263 677 -19
1064 1063 13
1064 1066 8
1064 1062 -13
1064 674 8
38 805 13
38 11 -28
38 442 -13
38 64 -8
805 804 -13
805 807 -19
805 803 28
11 12 8
11 777 -19
11 414 -28
442 444 13
442 832 13
442 441 -13
64 91 -8
64 65 -8
64 470 -8
20 18 -13
20 782 -19
20 22 -13
20 19 -13
18 16 -28
18 417 -13
18 780 -13
18 17 19
782 810 8
782 783 -28
22 421 8
22 21 13
22 784 -19
22 24 8
19 422 -19
19 46 -19
291 290 -28
291 1063 13
290 1066 8
290 265 -28
290 317 8
1063 1037 -28
1063 677 -13
257 1032 -8
257 671 -13
257 258 -8
257 230 28
257 282 -28
1032 1034 19
1032 1030 -19
1032 640 -28
1032 1031 19
671 673 19
671 1057 19
671 670 8
671 669 19
258 256 -19
258 668 28
258 260 -8
258 1029 28
230 1005 13
230 643 -13
230 231 19
230 203 -8
282 283 -28
282 1058 -19
282 309 -28
282 699 13
524 526 -19
524 523 19
524 522 -19
524 116 19
524 913 -28
526 118 -19
526 525 13
526 528 -19
526 915 8
523 119 28
523 495 19
523 551 -19
523 916 -19
522 911 13
522 520 -13
522 114 8
522 521 13
116 886 -19
116 89 8
116 143 19
116 117 8
913 914 8
913 941 -19
913 885 -13
913 146 -28
886 884 -8
886 888 -13
886 885 28
886 493 -19
89 90 13
89 62 -8
89 859 -19
89 496 19
143 552 -28
143 914 -13
143 144 -19
143 168 8
117 119 -13
117 115 -19
117 521 8
117 883 -8
810 420 -28
810 838 -8
810 811 -8
810 47 19
420 422 -13
420 418 13
420 17 8
838 839 19
838 73 19
838 448 -19
811 44 -19
811 809 -28
811 417 13
811 813 13
47 45 13
47 447 -8
47 46 28
47 49 8
1035 1061 13
1035 1036 -13
1035 1008 19
1035 264 -8
1035 647 -19
1061 1089 28
1061 1062 13
1061 675 19
1036 1034 -13
1036 644 19
1036 1038 -8
1036 261 19
1008 619 28
1008 1009 -8
1008 980 -8
1008 237 8
264 262 28
264 674 28
264 266 19
647 645 8
647 234 -13
647 646 19
647 649 13
489 86 -28
489 517 -19
489 490 -28
489 461 -13
86 852 19
86 85 -13
86 88 -19
86 84 8
517 545 -8
517 518 -19
517 910 -13
517 113 8
490 488 -19
490 83 28
490 492 -28
461 462 19
461 59 13
461 433 8
461 855 -19
623 621 19
623 622 -28
623 211 19
623 1011 -19
621 619 -19
621 209 -28
621 620 28
622 594 8
622 650 -8
211 238 -8
211 212 -8
211 985 -28
211 184 -28
1011 1012 13
1011 984 19
753 752 -8
753 1139 19
753 751 -8
753 755 13
752 337 -19
752 724 19
752 1142 -28
1139 1140 -28
1139 364 -13
751 750 13
751 1137 -19
751 749 -8
751 332 13
755 336 -28
755 754 -28
755 1141 13
755 757 8
119 118 19
119 885 8
119 121 -13
118 91 13
118 145 13
118 888 -28
885 858 -28
885 496 28
121 525 -28
121 887 19
121 123 28
361 1140 28
361 362 -28
307 308 8
307 1084 13
307 280 -19
307 725 19
335 337 28
335 750 -28
335 333 19
335 1109 28
337 336 -19
337 339 28
336 363 -28
336 309 -28
339 754 -13
339 338 28
339 1113 28
339 341 -28
794 31 -13
794 795 -28
794 822 28
794 404 -19
794 766 19
31 33 -28
31 431 -28
31 30 19
31 29 -8
795 28 28
795 793 -28
795 797 -19
795 401 28
822 850 8
822 432 -13
822 57 -28
822 823 19
404 406 19
404 402 28
404 403 19
404 1 -13
766 376 13
766 767 -28
766 4 13
1128 349 8
1128 1127 -28
1128 1130 -8
1128 738 28
1128 1126 -28
349 322 -8
349 350 -19
1127 352 -8
1127 1099 -19
1127 741 13
1130 351 8
1130 1132 -13
1130 1129 28
1130 740 28
738 710 -8
738 739 19
738 323 -8
1126 736 8
1126 347 -8
1126 1125 -19
1126 1124 -8
67 65 -19
67 69 13
67 469 8
67 66 19
67 832 13
65 63 -8
65 830 -8
69 68 -8
69 471 8
69 834 8
469 470 8
469 441 -8
469 863 8
469 497 -19
66 472 8
66 835 -13
66 40 -19
66 93 28
832 804 -8
832 860 -28
858 92 -19
858 830 -8
858 859 28
858 468 -8
92 495 19
92 91 28
92 94 -8
92 90 19
830 802 19
830 831 -28
859 465 -13
859 857 28
859 861 13
468 62 -28
468 466 13
468 470 13
573 571 -13
573 575 8
573 962 -28
573 572 -19
571 162 28
571 570 -19
571 960 -8
575 574 -8
575 577 -28
575 964 -13
575 165 19
962 990 -28
962 963 8
962 192 -8
572 166 28
572 545 19
572 965 -28
572 600 13
673 1059 -19
673 675 8
673 259 19
673 672 -13
1057 285 -13
1057 1031 -8
1057 1085 -19
1057 1058 -28
670 642 13
670 698 19
670 1060 8
670 260 8
669 255 -19
669 1055 13
669 668 8
397 425 13
397 791 28
397 398 28
425 453 -8
425 426 8
425 26 19
425 819 -8
791 789 -8
791 25 -13
791 790 13
398 396 -28
398 788 8
398 400 19
839 841 -19
839 837 8
841 447 28
841 72 -8
841 843 8
841 840 -8
837 835 -8
837 68 -8
837 836 8
837 443 28
1083 310 -8
1083 1084 8
1083 1055 28
1083 697 13
310 312 -28
310 308 -13
310 724 -28
310 309 -28
1084 694 -8
1084 1082 -19
1084 1086 -8
1055 283 -8
1055 1056 -19
1055 1029 -28
697 695 13
697 280 28
697 699 13
697 696 13
166 164 -28
166 165 -13
164 933 -8
164 163 19
164 570 13
165 191 -28
165 139 13
636 227 28
636 1028 19
636 637 -28
636 608 13
227 226 -28
227 229 19
227 225 -8
227 998 -8
1028 253 8
1028 1026 13
1028 1030 13
1028 1027 -8
637 639 -8
637 1025 -13
637 635 19
637 224 -19
608 609 8
608 580 -19
608 200 -19
608 1001 13
574 547 -19
574 602 -8
577 579 8
577 966 28
577 576 28
964 937 -13
964 992 -28
964 965 -13
942 941 13
942 549 13
942 940 28
942 944 28
942 168 28
941 171 13
941 552 28
941 968 -13
549 550 -13
549 144 -8
549 521 -8
549 576 8
940 547 19
940 939 -28
944 551 28
944 946 -8
944 170 -13
944 943 -28
168 579 8
168 195 -28
168 169 -19
905 933 13
905 516 -19
905 877 8
905 138 8
905 906 -13
933 544 8
933 960 -13
516 514 -13
516 108 -28
516 515 -8
516 518 13
877 488 28
877 111 -28
877 850 28
138 137 -8
138 136 -28
138 140 -13
906 513 -8
906 908 -28
906 904 -13
906 135 -8
226 1001 -13
226 199 -28
226 639 -28
226 253 -13
1001 1000 -13
1001 1003 -13
1001 999 19
199 200 19
199 611 8
199 973 8
639 638 8
639 1027 -13
639 641 8
253 278 -8
253 254 -19
482 872 -19
482 480 13
482 76 -19
482 484 13
482 481 -28
872 899 -19
872 873 28
872 106 -19
872 844 -28
480 870 -8
480 74 19
480 479 -28
76 50 -28
76 103 -13
76 77 13
76 845 -8
484 78 8
484 483 -8
484 874 -28
481 453 13
481 509 19
481 79 8
481 875 8
417 418 -8
417 389 8
446 444 -8
446 836 19
446 448 8
446 42 -19
45 44 -13
45 43 -28
45 808 -8
884 114 -19
884 883 13
884 491 13
888 495 -28
888 890 8
888 887 8
493 465 28
493 90 -8
493 521 -19
493 494 -13
1004 1031 8
1004 615 28
1004 1005 19
1004 233 13
1004 976 -8
1031 260 28
1031 643 13
615 613 -8
615 614 -8
615 617 -13
615 203 28
1005 612 -28
1005 1007 13
1005 1003 13
233 642 8
233 232 -28
233 235 19
233 231 8
976 977 -13
976 206 -8
976 949 19
976 587 8
721 720 -13
721 1107 13
721 723 -19
721 303 13
721 719 -13
720 306 19
720 692 -8
720 748 -19
1107 1108 8
1107 1135 13
1107 1079 8
1107 333 -19
723 1109 8
723 305 8
723 725 -13
303 330 -8
303 1080 -8
303 304 28
303 277 -8
719 1105 28
719 717 8
719 301 -13
719 718 -28
44 448 28
44 17 28
448 447 28
448 450 -8
17 783 8
989 596 -28
989 987 28
989 991 8
989 988 28
989 214 8
596 568 -19
596 624 28
596 597 8
596 188 -19
987 213 -8
987 986 8
991 990 -28
991 598 -8
991 993 28
991 216 13
988 217 -8
988 599 19
988 1015 -13
988 960 8
214 241 -8
214 627 -13
214 187 -28
214 215 -28
306 305 -28
306 308 28
306 304 -8
306 1079 -19
305 278 -28
305 1082 -13
305 332 -19
308 1081 28
304 718 28
304 1077 28
304 302 19
1079 1080 -28
1079 693 19
816 426 19
816 817 -28
816 53 -8
816 788 -19
816 844 -19
426 424 28
426 428 8
426 23 13
817 815 -28
817 423 -8
817 50 -19
817 819 -8
53 453 19
53 52 28
53 51 8
788 789 19
788 26 28
844 845 28
844 79 -19
844 454 -8
495 496 13
496 494 -19
496 498 8
279 692 19
279 278 8
279 281 -13
1025 998 19
1025 254 -28
1025 1026 -8
1052 662 28
1052 1050 13
1052 1054 -8
1052 277 13
125 529 -28
125 124 19
125 127 13
125 123 19
125 891 -8
529 922 19
529 557 -13
529 530 -28
124 97 -19
124 532 13
124 894 -19
124 151 -19
127 531 -8
127 893 -8
127 129 -13
127 126 -13
123 527 -28
123 889 19
123 122 19
891 864 -8
891 892 19
891 502 28
891 919 -8
594 595 13
595 593 -28
595 984 -13
595 184 -8
352 350 -13
352 351 19
352 354 -13
350 1125 -28
350 348 -28
351 324 28
354 1129 -8
354 356 -28
354 353 -13
91 498 -13
91 861 8
498 497 -8
498 887 -19
498 500 28
861 863 13
861 860 8
1134 1133 28
1134 1136 28
1134 1132 -13
1134 744 8
1134 355 13
1133 358 13
1133 1105 28
1133 747 -13
1136 1135 -28
1136 357 19
1136 1138 8
1136 746 28
1132 1131 8
1132 742 19
1132 353 -28
744 716 28
744 329 8
744 745 -13
355 356 28
355 328 13
73 72 13
73 75 19
72 46 -19
72 99 28
75 77 -8
75 74 -28
75 840 -19
75 477 -28
864 836 -19
864 865 8
864 98 -13
836 808 28
865 863 -13
865 471 28
865 95 8
98 97 8
98 96 19
98 100 19
579 581 28
579 968 -13
579 578 8
581 580 -28
581 970 -28
581 170 13
581 583 -8
968 996 13
968 969 13
968 198 8
578 171 13
578 606 -13
578 551 8
578 971 8
570 963 28
570 598 28
515 908 8
515 111 -19
544 546 -28
544 542 13
544 135 -28
736 737 -8
736 708 -28
736 321 -13
737 1123 -19
737 739 28
737 319 13
708 1098 -8
708 294 8
708 680 13
708 709 -28
321 1095 28
321 323 -19
321 320 28
1099 1071 -28
1099 325 8
1099 713 19
1099 1100 -28
1071 298 13
1071 1072 19
1071 685 28
1071 1044 13
325 324 13
325 327 -13
325 323 8
325 740 -28
713 712 13
713 711 8
713 295 -8
713 715 19
1100 710 19
1100 1102 -28
1100 1098 -8
1100 322 -8
1089 316 13
1089 1117 -8
1089 1090 19
316 318 -19
316 314 -19
316 730 -13
1117 1145 -28
1117 1118 28
1117 343 -28
1117 731 -8
1090 1088 8
1090 700 8
1090 1092 -28
1090 313 -13
171 169 -8
171 173 -28
171 170 -8
169 939 -28
169 576 -28
173 580 -13
173 943 -28
173 175 -13
170 145 28
170 197 -19
642 1034 8
642 643 -19
642 614 8
1034 259 13
1034 1033 -8
643 645 8
643 641 8
614 586 -13
614 206 13
614 1007 -19
137 908 -13
137 546 -8
908 907 -28
908 910 -28
546 545 19
546 548 28
948 555 -8
948 950 8
948 947 28
948 174 28
948 946 28
555 527 8
555 150 19
555 582 19
950 176 13
950 557 19
950 949 -8
950 951 -13
947 177 13
947 558 -8
947 919 -19
947 974 -8
174 585 -19
174 149 -28
174 201 28
174 175 -13
946 945 -8
946 553 19
645 1033 -8
645 232 28
645 644 13
1033 1006 19
1033 262 -19
1033 1059 8
232 259 19
232 1007 8
232 205 -13
644 235 8
644 672 -19
644 616 -8
911 883 28
911 912 -28
911 939 19
911 144 -19
883 494 -8
883 856 13
912 910 -8
912 519 8
912 914 28
912 141 8
939 550 -28
939 966 -13
144 146 -13
144 142 13
259 284 -13
259 260 -13
1007 1006 8
1007 1009 -13
205 206 28
205 979 -8
205 178 -8
205 617 -28
654 626 -19
654 682 28
654 244 -13
654 1045 -19
654 655 -28
626 217 -19
626 1018 13
626 627 8
626 598 -13
682 710 19
682 683 8
682 1072 -13
682 270 13
244 243 -8
244 246 8
244 242 13
244 1015 -28
1045 1043 28
1045 1044 28
1045 1046 13
655 653 -19
655 657 13
655 1042 -13
655 241 19
463 61 19
463 857 -8
463 464 -28
463 435 -19
463 491 28
61 63 19
61 59 8
61 826 -28
61 60 8
857 87 -13
857 855 28
857 856 -13
464 466 -8
464 854 13
464 462 8
464 58 -8
435 436 -8
435 407 -28
435 829 13
435 35 8
491 492 -28
491 519 -19
491 88 -28
727 729 28
727 725 28
727 1113 -13
727 726 19
727 309 19
729 311 -8
729 1115 -19
729 731 13
729 728 -8
725 724 -28
1113 1141 8
1113 1085 19
726 312 13
726 698 19
726 754 -28
726 1116 19
309 1086 8
217 215 -28
217 219 -19
217 216 28
215 986 13
215 624 -13
219 990 8
219 628 8
219 218 -13
219 221 -13
216 189 -28
216 243 -13
216 629 13
692 1082 13
692 693 28
1082 1081 28
1082 1080 19
693 695 19
693 691 -19
693 277 13
312 314 19
312 311 28
312 1085 -19
314 313 -19
314 1087 -28
314 728 13
311 284 13
311 1088 13
1085 699 -13
1085 1086 -13
465 466 -8
465 63 8
465 437 13
466 60 -8
466 856 19
63 62 -13
63 828 13
437 438 13
437 37 8
437 409 -19
437 831 -8
410 408 -13
410 800 -19
410 412 8
410 7 19
410 409 -13
408 407 8
408 406 28
408 798 -28
408 5 -13
800 37 28
800 772 -19
800 828 28
800 801 13
412 414 -13
412 802 19
412 9 28
7 34 28
7 8 -13
7 773 13
409 381 19
409 10 19
409 803 19
278 695 -8
278 1054 8
695 694 13
695 1081 -28
1054 1056 8
1054 1053 -28
502 504 -19
502 500 -19
502 95 19
894 893 8
894 896 -13
894 892 -19
694 666 -19
694 281 -8
666 638 -13
666 256 -13
666 1056 -19
281 283 -28
281 1053 19
281 280 -13
285 698 19
285 284 -28
285 287 28
285 283 19
1058 1060 19
1058 1056 13
1058 668 -8
358 356 -19
358 357 8
358 360 8
356 1131 8
357 330 13
360 359 -19
360 1135 28
360 362 -8
97 504 28
504 893 28
504 506 8
504 503 -19
513 541 13
513 109 13
513 514 28
513 485 19
541 568 28
541 136 28
541 542 13
109 876 -8
109 111 13
109 108 -28
514 107 8
514 903 8
485 486 -28
485 457 13
485 82 -19
613 201 -19
613 1002 -19
613 611 -28
613 612 8
201 228 -19
201 202 28
201 975 19
1002 1029 8
1002 974 28
1002 1003 13
1002 231 -13
611 1000 -13
611 609 19
611 610 28
612 584 19
612 204 19
612 640 28
1043 268 28
1043 652 -28
1043 1041 8
1043 1042 -19
268 683 8
268 293 -8
268 241 19
652 653 19
652 242 8
652 624 -8
652 680 13
1041 267 -28
1041 1040 -13
1042 270 13
1042 1069 19
1042 1015 19
743 741 19
743 742 -13
743 324 28
743 745 -28
743 1129 -13
741 739 28
741 322 19
741 740 28
742 714 19
742 327 19
324 297 -8
324 1102 8
745 326 13
745 1131 -19
745 747 13
1129 1101 19
1140 1142 13
1140 1138 13
1140 750 -13
1142 1141 -8
1142 363 19
1142 1144 -13
1138 359 13
1138 1137 -8
1138 748 8
297 715 13
297 298 -19
297 271 13
297 1074 -13
1102 712 13
1102 1104 28
1102 1101 19
567 565 -13
567 956 8
567 159 8
1105 1077 13
1105 331 19
1105 1106 -8
1077 691 -13
1077 1078 -13
1077 1049 8
331 330 28
331 333 -8
331 746 -8
331 329 28
1106 1108 -13
1106 1104 -13
1106 716 -19
1106 328 -19
648 239 -13
648 649 13
648 620 19
648 1039 -19
648 676 19
239 238 -19
239 237 -8
649 651 -19
649 236 -8
649 1037 8
620 212 -8
620 1012 8
620 592 28
1039 265 28
1039 1038 8
676 1066 -19
676 266 -13
676 677 28
1108 718 -19
1108 330 -19
718 690 19
718 746 -13
330 749 -28
661 660 19
661 1047 -13
661 659 19
661 247 -28
660 250 28
660 688 13
660 1050 13
660 632 -8
1047 1048 -8
1047 1021 -19
1047 1075 19
1047 276 -8
659 245 -28
659 658 19
659 657 -28
247 1022 19
247 273 -19
247 248 -19
238 265 -13
238 1012 -28
238 651 -8
265 679 28
265 266 8
1012 1010 19
651 650 8
907 140 -8
907 518 8
910 139 19
910 909 8
470 472 19
470 860 13
441 835 13
441 413 -28
441 41 -28
863 93 19
863 862 8
497 94 -13
497 525 19
497 890 -13
472 862 -13
472 471 -13
862 96 19
862 834 19
862 889 19
471 443 13
471 499 -28
931 542 8
931 958 8
931 163 19
931 903 28
958 986 8
958 959 -19
958 188 -8
163 568 -8
163 162 13
903 904 -8
903 136 -19
903 876 -13
698 1088 13
698 699 19
1088 1087 28
1088 1086 19
699 701 -28
189 963 -8
189 190 19
189 601 -13
963 961 -19
963 965 -13
190 598 28
190 192 13
190 188 13
190 960 13
601 603 -8
601 990 -19
601 599 28
601 600 8
318 317 -13
318 732 13
317 735 8
317 344 28
317 1094 -13
732 760 -19
732 1122 8
732 733 28
416 13 13
416 414 -28
416 806 -28
416 418 19
416 415 28
13 40 28
13 779 19
13 14 -28
414 804 8
414 413 13
806 43 28
806 778 -13
806 834 -19
806 807 -13
418 808 -19
418 15 -8
415 16 -19
415 387 -28
415 809 -28
415 443 13
701 700 -28
701 284 28
701 1087 28
700 287 8
700 728 19
700 672 8
284 1060 -13
1087 1059 28
1087 1115 -19
535 928 8
535 536 -28
535 563 28
535 131 13
535 507 28
928 157 19
928 927 -8
928 926 -8
928 930 28
536 925 -8
536 128 -28
536 538 -19
536 534 28
563 158 -8
563 590 8
563 955 -8
131 129 8
131 897 13
131 130 19
131 133 28
507 900 -28
507 508 -8
507 104 8
507 479 -28
1060 1059 -8
1060 1062 -13
710 711 -19
710 296 -19
711 293 8
711 1097 13
711 709 8
296 1069 -8
296 298 28
296 295 -28
296 294 -19
783 781 -19
783 389 19
16 15 -13
16 14 -13
16 778 -8
15 781 28
15 42 28
14 413 19
14 12 -19
14 776 -13
778 388 19
778 779 19
1037 1038 -19
1037 266 8
677 679 8
677 675 13
287 1059 -13
287 286 -13
286 261 -8
286 1062 28
286 313 13
520 112 -28
520 518 8
520 519 28
520 909 19
112 85 -19
112 113 -19
112 139 -28
519 115 28
519 547 -19
909 937 8
909 142 -19
909 881 -28
85 492 13
85 855 13
85 58 19
113 115 -8
113 111 13
139 140 -28
139 548 -19
787 393 -8
787 789 -8
787 21 -19
787 786 -19
784 812 8
784 394 -28
1066 1065 -13
1065 1093 -28
1065 679 -28
619 207 13
619 618 -19
619 617 28
207 981 19
207 234 13
207 208 13
207 180 -19
618 590 13
618 210 13
618 1010 -19
618 646 -8
617 1006 -28
617 616 19
94 93 -8
94 96 -28
94 860 -13
93 500 -8
96 499 19
96 95 8
860 887 -28
749 747 -8
749 1135 -28
749 748 -13
114 141 19
114 87 13
114 115 -8
141 550 28
141 142 8
87 494 28
87 88 19
87 60 13
115 881 19
62 831 -28
62 36 -13
828 438 -8
828 829 -8
828 856 -28
158 156 -13
158 160 13
158 157 8
158 925 28
156 561 -28
156 155 13
156 154 8
156 923 -8
160 927 -19
160 564 -8
160 159 8
157 565 -13
157 182 -28
157 130 -13
925 926 19
925 897 13
1053 1027 13
1053 1081 8
393 394 -19
393 421 -28
394 396 -19
421 422 28
421 815 8
421 449 28
835 834 28
834 444 -19
1123 1095 -13
1123 348 -19
1123 1124 -8
1095 1096 8
1095 1067 -28
1095 709 -13
348 347 13
1124 346 13
568 961 -28
961 959 -28
961 187 8
961 960 19
162 135 13
162 187 19
135 136 -13
135 108 28
187 599 13
187 188 13
868 869 8
868 840 28
868 895 28
868 102 19
477 449 28
477 505 19
477 871 -28
937 548 -13
548 550 -19
548 547 -13
881 492 28
881 854 -8
717 1103 -13
717 299 -28
717 716 -13
717 715 -19
1103 1131 -8
1103 1104 8
1103 329 28
1103 1075 -13
299 1076 -19
299 326 8
299 300 8
299 273 -8
716 302 28
716 688 -19
715 714 8
715 1101 -19
422 812 -28
422 424 -19
812 840 -19
812 49 -13
812 813 -13
424 21 -8
424 814 -8
424 423 -19
46 813 -13
46 450 8
789 23 -13
789 395 -8
23 50 -28
23 24 8
395 396 -8
395 423 28
40 807 19
40 444 -8
40 41 -8
807 413 -19
807 809 28
444 443 19
41 43 28
41 804 13
981 979 -13
981 588 28
981 983 -13
981 980 8
979 977 -19
979 586 -8
979 978 -8
588 616 19
588 561 13
588 589 28
588 181 28
983 590 8
983 985 -8
983 982 13
983 209 -19
980 210 -28
980 952 8
980 591 8
21 48 -13
24 786 8
24 26 -19
24 423 28
650 678 -28
145 554 28
145 146 -28
145 916 28
301 328 8
301 302 19
301 275 -28
301 1078 19
328 329 8
328 747 8
302 1075 -28
302 300 13
275 249 -28
275 691 19
275 1050 19
275 276 19
1078 1076 28
1078 688 -8
1078 1080 19
250 249 -19
250 252 -19
250 248 -13
250 1021 -8
249 1024 -13
249 222 -8
252 662 19
252 1023 13
252 254 13
248 658 -8
248 1019 8
248 246 -19
1021 633 8
1021 994 8
1021 1022 -8
25 52 -28
25 26 8
25 428 8
790 818 -19
790 400 19
1026 1024 19
1026 634 19
1030 638 -19
1030 1029 13
1030 255 -8
1027 256 28
1027 1000 -19
363 364 19
1145 370 -28
1145 1146 8
1145 759 8
370 369 -8
370 368 28
370 372 8
1146 367 13
1146 756 -28
1146 1148 8
1146 1144 19
759 758 19
759 761 13
759 340 -19
759 757 -13
590 183 -19
590 591 -8
183 952 -19
183 182 -13
183 181 -8
183 185 8
591 180 -19
591 593 -8
591 589 13
68 95 8
68 42 8
347 320 -13
320 1098 -19
320 739 28
320 293 8
740 712 -8
675 674 28
675 261 28
672 262 -19
672 1062 8
843 74 -13
843 449 13
843 842 -28
843 845 13
840 450 -19
390 389 13
390 388 -28
390 780 8
388 386 -8
388 387 -8
780 781 19
780 808 13
547 142 -8
602 603 28
602 630 8
602 995 13
638 229 13
638 610 -13
229 1000 13
229 228 -13
229 231 13
610 582 28
610 202 -13
610 1003 -28
1076 686 13
1076 1075 8
1076 1074 -8
686 658 -13
686 714 8
686 274 -8
686 687 28
1075 689 28
1074 1073 -19
1074 1072 28
1074 684 -28
890 889 28
890 892 8
887 915 8
210 209 13
210 208 28
210 212 28
209 236 19
209 182 28
208 206 -13
208 616 19
208 978 -13
212 982 28
1006 978 -13
1006 235 28
978 589 -28
235 234 -8
235 237 -8
438 436 13
438 34 -13
436 434 28
436 32 -13
436 826 8
34 60 -13
34 35 -28
34 801 -19
1109 1137 8
1109 1081 -28
332 359 -19
332 333 -13
37 35 -13
37 36 -19
35 33 -13
35 798 -8
36 9 -19
36 803 -13
256 254 8
256 255 28
255 228 -8
255 280 28
369 1148 28
369 342 19
1148 1147 -28
1148 758 -19
1148 1150 -13
342 343 -8
342 1120 13
342 761 -8
405 377 -8
405 406 -13
405 799 13
405 433 28
405 6 -19
377 378 -13
377 771 8
406 3 13
406 796 -28
799 32 19
799 801 8
799 798 -19
799 797 13
433 434 13
433 33 28
433 827 28
6 8 19
6 5 28
6 4 8
6 768 -28
488 81 -8
488 486 8
81 108 -8
81 55 -13
81 82 13
81 851 8
486 876 8
486 80 8
353 326 8
746 747 13
77 79 -28
77 479 -8
77 842 28
74 48 -28
74 101 -8
855 854 19
855 853 -19
856 90 28
739 1125 -19
323 322 19
323 1097 13
847 453 -28
847 78 19
847 846 -13
847 845 -8
453 454 -28
78 52 19
78 105 -28
78 79 19
846 456 -19
846 874 -28
846 818 28
845 451 -19
396 786 19
786 814 8
616 1009 28
1080 690 28
234 261 -13
234 1009 -28
261 262 8
1009 1010 -8
656 657 8
656 628 -28
656 246 -28
656 684 28
656 1046 -13
657 243 -19
657 1044 28
628 1020 -19
628 600 -28
628 629 13
246 245 13
246 1017 -8
684 712 28
684 685 -8
684 272 8
1046 271 -13
1046 1048 -13
984 985 8
984 956 28
443 43 8
1115 1143 -8
1115 1116 13
1115 341 8
731 730 -13
731 313 -19
731 733 13
728 756 8
728 1118 13
381 382 13
381 775 -13
10 9 8
10 8 13
10 772 -13
10 12 8
803 802 13
803 801 -19
43 42 -13
42 809 -19
313 340 -28
802 774 -8
9 775 -19
775 773 -28
775 777 -19
775 774 13
262 260 8
815 814 19
815 48 -28
815 813 19
814 51 -8
814 842 13
48 452 8
48 49 13
512 105 8
512 510 -8
512 901 -28
105 106 -8
105 132 -19
105 875 19
510 508 13
510 899 13
510 509 -28
510 103 -13
901 929 19
901 874 19
901 902 8
779 781 8
779 385 -28
779 777 13
584 977 8
584 177 8
584 585 -19
584 557 19
204 206 -8
204 202 -19
204 974 28
204 203 8
640 641 8
640 231 13
640 668 -28
781 387 -13
90 88 19
88 854 -28
586 559 28
586 179 -19
586 587 13
560 558 -28
560 949 28
560 559 19
560 151 28
560 562 -28
558 557 -19
558 149 -28
949 921 8
949 179 8
559 531 28
559 951 -13
559 154 13
151 176 -28
151 922 8
151 152 -28
562 561 19
562 153 -28
333 748 8
688 689 19
688 276 -28
1050 1049 -19
1050 1048 -19
632 1024 19
632 633 13
632 223 -8
632 604 13
1086 696 -28
662 690 -13
662 634 13
690 691 -28
634 635 -28
634 606 19
634 225 -28
499 527 -19
499 892 -19
499 500 8
876 848 13
848 849 -8
848 458 -13
848 820 28
848 82 19
1010 236 -13
808 809 13
850 460 -13
850 84 13
850 851 -19
977 203 19
977 975 19
203 176 8
975 973 28
975 582 13
975 974 -28
712 298 13
298 300 -8
1093 1121 8
1093 1094 -8
679 678 -28
646 674 28
646 1038 -28
646 237 8
27 793 -13
27 54 -28
27 430 19
27 0 28
793 792 28
54 80 -19
54 458 -8
54 821 8
430 429 28
430 820 13
430 432 13
0 402 13
0 765 -13
271 245 -13
271 272 13
271 687 28
95 122 -28
955 957 28
955 182 8
955 954 -13
955 953 -28
1024 1023 8
1024 1022 8
1023 1049 -19
1023 996 28
1023 635 -28
1022 1020 13
1022 630 -19
245 1020 -8
245 218 28
1020 1019 -8
1020 1018 -19
218 631 -28
218 191 19
218 993 -19
869 871 -28
869 99 13
871 870 8
871 101 -8
871 873 -13
99 506 -8
99 126 -13
99 100 19
831 829 -8
565 954 -28
565 564 8
954 927 13
954 982 -28
954 185 28
564 957 -28
564 537 28
564 592 -28
182 593 28
130 103 -19
130 900 8
130 538 -19
927 538 -28
927 899 28
159 132 -13
159 184 -13
159 930 13
668 696 19
1125 1097 28
1097 1098 13
1097 1069 -19
386 385 19
386 776 -19
386 384 -19
385 413 -19
776 804 8
776 777 -28
384 383 8
384 774 19
384 382 13
1072 295 19
1072 1070 -28
685 683 19
685 269 13
685 687 -28
1044 1017 28
1044 272 -8
952 953 -28
434 30 -8
434 432 -28
434 824 19
30 3 -13
30 797 -8
432 28 19
432 431 -13
824 852 19
824 825 8
824 59 -13
824 796 28
985 592 -28
982 593 8
283 696 -13
696 724 -28
33 796 -19
33 32 19
796 768 -8
796 797 8
32 5 -8
32 58 19
222 635 19
222 195 8
222 997 19
222 223 -8
818 819 28
818 428 13
400 399 -13
826 854 13
826 827 -19
826 798 13
763 761 28
763 344 -28
763 1149 19
763 762 28
761 1147 -8
761 760 8
344 371 -13
344 345 8
344 1122 13
1149 1150 -28
1149 1121 8
762 734 13
1000 972 -28
1029 641 -13
1147 372 -19
1147 1119 28
372 371 28
1119 1120 8
1119 345 19
1119 733 -8
450 452 -28
450 449 -19
322 295 8
80 849 -13
80 107 13
849 851 28
852 462 -19
852 853 -13
462 460 28
853 459 19
853 83 -28
853 851 -13
691 689 -8
236 237 8
633 635 -19
633 631 13
631 1019 13
631 630 -19
631 629 13
132 133 19
132 902 8
929 956 8
929 930 19
538 537 8
371 1150 8
1150 760 -19
407 8 -28
407 801 19
407 379 -28
8 770 19
379 773 -8
379 380 -13
83 84 -28
492 494 -8
683 681 -13
683 1069 19
681 267 -13
681 680 28
1069 1070 -8
28 1 -8
28 55 19
28 29 -19
797 403 -13
401 429 13
401 402 -13
401 2 19
401 373 -28
58 59 -19
58 827 8
957 956 -28
957 184 -8
184 185 28
921 532 -8
921 893 13
921 154 19
921 922 -8
532 531 -13
532 530 -28
532 534 -28
154 153 -19
154 152 13
922 920 13
922 924 13
224 197 8
224 999 -13
224 225 8
658 630 8
658 1048 -19
630 221 19
1048 273 -8
225 996 -8
225 223 19
998 609 -19
998 970 13
998 999 13
1096 319 19
1096 1098 13
319 346 -8
319 292 -19
375 376 8
375 403 -28
375 769 8
376 378 -28
376 374 -8
403 431 28
403 4 13
769 768 -19
769 771 19
769 767 13
769 3 -19
1003 228 19
12 774 28
383 777 -13
483 455 -28
460 458 19
460 55 8
460 459 8
458 457 -13
55 823 -13
55 56 28
459 57 8
459 431 13
423 451 -19
50 454 28
50 51 13
819 52 28
689 273 -13
689 687 -19
273 274 -19
687 1073 13
593 592 28
531 503 13
531 924 28
951 178 -13
951 953 -19
561 533 19
561 953 -13
153 924 -28
153 126 -28
153 178 28
1056 280 8
1019 992 28
992 603 13
992 993 19
992 221 13
924 926 -28
924 923 -19
126 534 -8
126 896 8
178 589 28
178 179 19
292 1068 -28
292 709 -13
292 267 13
1092 702 8
1092 1094 28
899 900 19
899 133 19
1104 714 13
1104 326 -28
1101 327 -19
1101 1073 -19
653 240 -13
653 1040 -13
241 242 -28
241 1016 28
382 380 8
382 772 -19
1067 294 -19
1067 1040 -8
1067 1068 28
294 293 -13
1040 1013 13
1068 1070 -8
587 176 -13
587 585 -13
587 589 28
60 829 -8
429 29 -8
429 823 19
429 457 -13
29 792 13
823 825 8
823 821 -8
457 851 -19
457 56 19
714 300 -13
300 1073 -19
557 152 -28
530 919 28
530 528 8
530 122 -28
592 185 -8
1 2 -13
1 767 -8
758 730 -13
758 343 -19
340 1118 -8
340 367 -8
340 341 -8
757 756 28
757 1143 13
757 338 -8
326 327 13
996 607 28
996 997 13
100 503 19
100 102 28
537 509 13
537 930 13
537 133 19
772 773 28
327 329 -13
820 792 -19
820 821 28
820 56 28
82 84 -8
829 827 -19
827 825 -19
451 51 28
451 479 19
451 452 13
51 49 -28
479 873 -28
452 842 -19
452 454 -13
5 771 -8
180 155 -8
180 953 13
180 181 -19
128 155 28
128 129 8
128 898 28
128 101 -28
534 533 -28
534 923 28
994 223 -13
994 966 13
994 995 8
223 221 -8
966 196 -19
995 993 -19
995 997 19
293 1070 -19
129 533 8
129 895 8
897 508 8
897 870 -19
897 898 -28
295 269 19
177 176 8
177 175 -28
177 179 -28
585 974 -8
585 583 -28
604 196 13
604 576 -13
604 997 13
545 140 -8
195 196 -8
195 969 13
195 607 -28
997 999 -19
972 973 13
972 202 28
972 583 8
972 945 -13
270 269 -13
270 272 19
269 243 13
243 1018 -19
49 449 8
367 368 28
756 341 19
1144 754 28
1144 365 8
1144 1143 28
276 274 19
603 191 -13
191 192 -13
191 965 13
152 150 19
152 919 -19
641 228 -8
378 768 -28
378 380 19
771 770 13
771 773 -28
57 59 -8
57 56 13
431 825 19
368 1143 13
368 366 19
3 4 -28
525 553 -19
553 580 28
553 554 -13
4 2 -13
533 926 -19
533 505 -13
1018 1017 -8
1018 1016 13
155 926 -28
609 607 13
609 197 19
607 606 -8
197 198 -8
197 971 -28
990 1017 -19
1017 629 -13
730 702 19
730 1120 8
343 345 13
343 341 -28
503 896 -28
760 345 -13
1016 1014 -13
1016 624 -19
1016 1015 28
678 706 13
580 973 -28
973 971 -13
179 181 -19
600 192 -13
600 993 -8
629 627 -28
200 202 -13
200 198 -8
200 970 8
198 196 19
198 606 -28
970 971 8
970 943 8
103 104 13
103 873 -28
900 898 28
900 902 19
509 902 8
509 106 8
1141 366 28
366 365 19
366 364 8
898 896 -8
898 505 19
606 999 -28
1070 680 -13
734 735 19
734 706 -8
735 733 13
735 1121 -8
272 274 8
402 792 -28
792 764 -28
365 338 -28
338 1116 -19
770 380 8
770 798 19
550 552 13
552 554 -19
552 551 8
240 1014 -19
240 213 -28
240 267 19
527 920 -8
527 528 8
920 919 8
920 149 -13
528 917 -19
969 576 -28
969 971 -19
508 506 19
508 101 -8
506 895 8
506 505 -8
101 102 19
1014 1013 8
1013 242 -28
1013 986 -28
1013 625 28
945 917 8
945 175 -28
554 943 8
674 702 8
150 149 19
150 917 -28
149 122 8
917 889 8
923 895 -19
374 764 8
374 373 8
505 102 8
1137 362 13
362 364 -28
582 175 -19
582 583 28
1118 1116 -19
1118 1120 28
1120 1122 19
895 896 -8
122 892 -8
764 765 -19
764 2 19
765 767 -19
842 870 -13
454 456 -8
874 875 -13
373 767 28
1121 1122 19
870 104 -19
104 106 19
104 102 -19
521 914 -19
551 146 13
914 916 28
624 625 -13
889 500 -13
873 875 13
986 597 -28
625 627 -13
625 213 8
1015 627 -13
915 943 28
915 916 -8
399 427 -19
427 428 13
427 455 -28
598 599 28
140 142 28
456 455 -19
456 52 -28
599 597 13
