1112 1111 -19
1112 334 -28
1112 1110 -13
1112 1114 8
1112 722 -28
1111 337 -28
1111 1083 8
1111 1139 19
1111 725 13
334 753 -28
334 361 13
334 307 13
334 335 19
1110 1108 19
1110 332 8
1110 720 8
1110 1109 19
1114 336 -13
1114 724 -13
1114 1116 -28
1114 1113 -13
722 694 28
722 723 -13
722 308 13
722 750 -28
147 918 -13
147 172 -8
147 556 19
147 148 8
147 120 8
918 525 -19
918 917 -28
918 920 -19
918 916 -8
172 199 -13
172 173 -8
172 583 -28
172 946 -19
556 558 -8
556 555 -13
556 945 -13
556 554 -8
148 150 28
148 553 -13
148 146 28
148 915 -8
120 121 -13
120 528 19
120 890 -13
120 93 -28
665 251 28
665 663 -13
665 664 13
665 667 -28
665 1051 19
251 252 -28
251 224 19
251 1026 19
251 277 -28
663 661 28
663 662 -19
663 249 13
663 1049 -13
664 636 -13
664 692 28
664 1054 -13
664 254 8
667 253 28
667 669 8
667 1053 -19
667 666 28
1051 279 -13
1051 1025 -28
1051 1079 -13
1051 1052 -19
391 392 19
391 419 28
391 785 28
392 782 -13
392 390 19
392 394 13
419 20 -28
419 813 -28
419 447 -28
419 420 -19
785 783 -13
785 19 8
785 787 19
785 784 8
473 445 13
473 867 -8
473 474 -19
473 501 28
473 71 -28
445 839 13
445 417 -19
445 446 19
445 45 -28
867 97 -13
867 869 -28
867 865 19
867 866 13
474 476 -8
474 864 19
474 472 19
474 68 -19
501 502 19
501 894 13
501 529 19
501 98 -8
71 73 13
71 69 8
71 836 -8
71 70 13
936 543 -13
936 934 -8
936 935 -8
936 938 19
543 570 28
543 515 19
543 544 -19
543 138 19
934 162 -28
934 933 19
934 932 28
934 541 -13
935 166 28
935 546 -13
935 907 8
935 962 -19
938 937 19
938 165 28
938 940 8
938 545 19
161 134 13
161 569 19
161 932 28
161 186 8
134 904 -19
134 107 -19
134 542 28
569 568 13
569 958 -28
569 571 13
932 931 -19
186 213 -28
186 597 8
186 959 -8
476 70 -8
476 866 -19
476 475 -28
476 478 -8
70 839 -8
70 44 19
866 838 -13
866 893 8
866 100 -19
475 73 8
475 869 13
475 447 -8
475 503 28
478 868 13
478 477 -28
478 72 -28
478 480 19
439 39 13
439 833 -28
439 467 28
439 440 -19
439 411 19
39 38 28
39 37 8
39 41 -8
39 802 -8
833 835 19
833 64 28
833 832 -28
833 831 8
467 495 13
467 861 -28
467 468 28
467 65 8
440 438 19
440 830 -19
440 36 8
440 442 13
411 412 19
411 12 -19
411 383 -28
411 805 -8
880 878 -19
880 110 13
880 879 8
880 882 19
880 487 13
878 877 -13
878 485 28
878 108 -8
110 137 19
110 83 -8
110 111 13
110 518 -19
879 852 -8
879 490 -8
879 907 8
879 113 -28
882 489 28
882 112 8
882 881 -13
882 884 -19
487 488 -8
487 459 28
487 515 -8
487 84 28
193 605 -19
193 220 8
193 194 13
193 967 19
193 167 13
605 994 8
605 603 13
605 604 -13
605 607 -28
220 633 8
220 247 -13
220 995 -28
220 221 8
194 602 -28
194 196 8
194 192 28
194 964 -19
967 574 -13
967 969 19
967 965 28
967 966 -8
167 577 -28
167 141 28
167 940 -28
705 1091 13
705 707 -19
705 704 -8
705 703 8
705 288 28
1091 318 8
1091 1063 -8
1091 1092 -13
1091 1119 13
707 290 19
707 1093 28
707 706 -28
704 291 8
704 676 19
704 732 -19
704 1094 8
703 1089 8
703 701 -13
703 286 28
703 702 13
288 289 -13
288 315 -28
288 263 19
288 1064 28
539 566 -13
539 511 -8
539 540 -28
566 594 28
566 567 -19
511 512 28
511 483 13
540 132 8
540 929 13
540 538 8
289 291 28
289 287 13
289 702 -13
289 1061 -8
315 342 8
315 316 28
315 733 -28
315 1092 13
263 1038 8
263 236 -8
263 264 8
263 677 -8
1064 1063 -19
1064 1066 -8
1064 1062 -8
1064 674 -28
38 805 -13
38 11 -13
38 442 -8
38 64 19
805 804 -13
805 807 28
805 803 -13
11 12 -8
11 777 -28
11 414 -28
442 444 28
442 832 19
442 441 28
64 91 19
64 65 -8
64 470 19
20 18 13
20 782 8
20 22 8
20 19 -28
18 16 -8
18 417 13
18 780 19
18 17 19
782 810 28
782 783 -19
22 421 8
22 21 19
22 784 -13
22 24 13
19 422 13
19 46 28
291 290 -8
291 1063 13
290 1066 -13
290 265 -28
290 317 8
1063 1037 28
1063 677 -13
257 1032 19
257 671 -28
257 258 28
257 230 8
257 282 19
1032 1034 -13
1032 1030 13
1032 640 19
1032 1031 28
671 673 -8
671 1057 -8
671 670 19
671 669 13
258 256 -28
258 668 19
258 260 -13
258 1029 19
230 1005 -28
230 643 19
230 231 -8
230 203 -13
282 283 -19
282 1058 -13
282 309 28
282 699 -13
524 526 -19
524 523 28
524 522 19
524 116 19
524 913 -19
526 118 -28
526 525 -8
526 528 -19
526 915 -19
523 119 8
523 495 8
523 551 8
523 916 28
522 911 8
522 520 -19
522 114 8
522 521 19
116 886 8
116 89 28
116 143 8
116 117 -13
913 914 -13
913 941 8
913 885 19
913 146 -28
886 884 -28
886 888 -28
886 885 13
886 493 19
89 90 -28
89 62 19
89 859 -19
89 496 -28
143 552 19
143 914 28
143 144 19
143 168 8
117 119 -8
117 115 19
117 521 13
117 883 8
810 420 28
810 838 13
810 811 13
810 47 -13
420 422 -8
420 418 13
420 17 19
838 839 13
838 73 8
838 448 8
811 44 -28
811 809 -8
811 417 -8
811 813 -13
47 45 19
47 447 8
47 46 -19
47 49 19
1035 1061 -28
1035 1036 -8
1035 1008 -19
1035 264 -13
1035 647 8
1061 1089 -13
1061 1062 13
1061 675 19
1036 1034 8
1036 644 -13
1036 1038 -13
1036 261 13
1008 619 13
1008 1009 28
1008 980 8
1008 237 -28
264 262 19
264 674 -13
264 266 28
647 645 8
647 234 8
647 646 -8
647 649 -28
489 86 28
489 517 -8
489 490 19
489 461 -8
86 852 19
86 85 19
86 88 -8
86 84 8
517 545 -13
517 518 28
517 910 -19
517 113 -8
490 488 13
490 83 13
490 492 -19
461 462 13
461 59 8
461 433 13
461 855 13
623 621 8
623 622 19
623 211 -13
623 1011 -8
621 619 13
621 209 19
621 620 -19
622 594 -13
622 650 -13
211 238 8
211 212 -8
211 985 13
211 184 -19
1011 1012 -19
1011 984 8
753 752 13
753 1139 -8
753 751 13
753 755 19
752 337 -19
752 724 -28
752 1142 19
1139 1140 28
1139 364 -28
751 750 -8
751 1137 -8
751 749 -8
751 332 19
755 336 8
755 754 -8
755 1141 8
755 757 28
119 118 -8
119 885 8
119 121 -28
118 91 19
118 145 28
118 888 -19
885 858 19
885 496 13
121 525 -13
121 887 8
121 123 -8
361 1140 8
361 362 -8
307 308 8
307 1084 -8
307 280 -28
307 725 13
335 337 19
335 750 -19
335 333 -28
335 1109 -8
337 336 28
337 339 19
336 363 28
336 309 19
339 754 8
339 338 -28
339 1113 -13
339 341 -13
794 31 -28
794 795 19
794 822 8
794 404 13
794 766 -28
31 33 13
31 431 8
31 30 -8
31 29 -8
795 28 19
795 793 -19
795 797 -13
795 401 19
822 850 -8
822 432 19
822 57 -13
822 823 -8
404 406 8
404 402 28
404 403 13
404 1 13
766 376 8
766 767 8
766 4 8
1128 349 -19
1128 1127 28
1128 1130 28
1128 738 -19
1128 1126 -8
349 322 28
349 350 28
1127 352 13
1127 1099 -19
1127 741 -28
1130 351 -28
1130 1132 8
1130 1129 -28
1130 740 -8
738 710 -13
738 739 -8
738 323 -13
1126 736 8
1126 347 8
1126 1125 28
1126 1124 19
67 65 19
67 69 -28
67 469 -13
67 66 -13
67 832 13
65 63 8
65 830 -8
69 68 13
69 471 -28
69 834 28
469 470 -13
469 441 19
469 863 -19
469 497 -28
66 472 19
66 835 28
66 40 8
66 93 8
832 804 -28
832 860 8
858 92 -28
858 830 -28
858 859 -19
858 468 8
92 495 -8
92 91 8
92 94 19
92 90 -8
830 802 13
830 831 -28
859 465 -8
859 857 -19
859 861 -28
468 62 19
468 466 -19
468 470 -13
573 571 28
573 575 -19
573 962 13
573 572 28
571 162 -28
571 570 -19
571 960 8
575 574 8
575 577 -8
575 964 28
575 165 -28
962 990 -8
962 963 -28
962 192 -19
572 166 8
572 545 19
572 965 -8
572 600 -28
673 1059 -28
673 675 19
673 259 28
673 672 19
1057 285 -8
1057 1031 13
1057 1085 -13
1057 1058 8
670 642 -28
670 698 -28
670 1060 13
670 260 -13
669 255 -13
669 1055 13
669 668 28
397 425 19
397 791 8
397 398 13
425 453 8
425 426 -13
425 26 -13
425 819 8
791 789 -13
791 25 -19
791 790 8
398 396 -8
398 788 -8
398 400 -19
839 841 28
839 837 -13
841 447 -19
841 72 19
841 843 8
841 840 28
837 835 -8
837 68 28
837 836 28
837 443 28
1083 310 -28
1083 1084 -13
1083 1055 19
1083 697 -28
310 312 19
310 308 13
310 724 8
310 309 -28
1084 694 -19
1084 1082 -13
1084 1086 -19
1055 283 13
1055 1056 28
1055 1029 8
697 695 -8
697 280 -13
697 699 8
697 696 -8
166 164 -8
166 165 28
164 933 8
164 163 13
164 570 -13
165 191 13
165 139 28
636 227 8
636 1028 19
636 637 -13
636 608 -8
227 226 -8
227 229 28
227 225 19
227 998 8
1028 253 -13
1028 1026 -13
1028 1030 19
1028 1027 13
637 639 13
637 1025 -13
637 635 -19
637 224 8
608 609 13
608 580 19
608 200 -8
608 1001 28
574 547 -13
574 602 -13
577 579 19
577 966 -19
577 576 -8
964 937 8
964 992 -8
964 965 8
942 941 -8
942 549 -28
942 940 -8
942 944 -8
942 168 28
941 171 28
941 552 -13
941 968 -19
549 550 19
549 144 28
549 521 28
549 576 -28
940 547 -13
940 939 13
944 551 28
944 946 8
944 170 -28
944 943 -13
168 579 -28
168 195 13
168 169 -8
905 933 -19
905 516 -8
905 877 13
905 138 28
905 906 -28
933 544 19
933 960 19
516 514 28
516 108 -8
516 515 19
516 518 -28
877 488 8
877 111 28
877 850 8
138 137 19
138 136 28
138 140 -8
906 513 8
906 908 -28
906 904 -19
906 135 -19
226 1001 -8
226 199 -13
226 639 19
226 253 -13
1001 1000 -8
1001 1003 19
1001 999 -8
199 200 8
199 611 -19
199 973 8
639 638 -28
639 1027 -28
639 641 -13
253 278 -19
253 254 -13
482 872 19
482 480 -28
482 76 -19
482 484 19
482 481 28
872 899 8
872 873 -19
872 106 -13
872 844 -19
480 870 13
480 74 28
480 479 13
76 50 19
76 103 13
76 77 -28
76 845 -28
484 78 -8
484 483 -8
484 874 13
481 453 19
481 509 8
481 79 28
481 875 -28
417 418 -8
417 389 28
446 444 13
446 836 28
446 448 -28
446 42 -8
45 44 13
45 43 -28
45 808 -19
884 114 8
884 883 -13
884 491 -8
888 495 13
888 890 -8
888 887 28
493 465 -13
493 90 -8
493 521 19
493 494 -28
1004 1031 -19
1004 615 8
1004 1005 -8
1004 233 -13
1004 976 -28
1031 260 -13
1031 643 -19
615 613 28
615 614 -19
615 617 -28
615 203 8
1005 612 -13
1005 1007 19
1005 1003 -13
233 642 28
233 232 8
233 235 8
233 231 -19
976 977 -28
976 206 -28
976 949 28
976 587 -28
721 720 19
721 1107 19
721 723 13
721 303 -13
721 719 -19
720 306 -13
720 692 13
720 748 8
1107 1108 19
1107 1135 -13
1107 1079 19
1107 333 19
723 1109 28
723 305 -13
723 725 -19
303 330 8
303 1080 -28
303 304 8
303 277 28
719 1105 13
719 717 13
719 301 -8
719 718 -8
44 448 28
44 17 -28
448 447 -8
448 450 -19
17 783 19
989 596 -19
989 987 -28
989 991 19
989 988 28
989 214 -13
596 568 28
596 624 -13
596 597 -19
596 188 -28
987 213 -8
987 986 19
991 990 -28
991 598 -19
991 993 13
991 216 13
988 217 19
988 599 28
988 1015 28
988 960 8
214 241 13
214 627 8
214 187 -28
214 215 19
306 305 8
306 308 -8
306 304 19
306 1079 -28
305 278 -13
305 1082 -8
305 332 -8
308 1081 -13
304 718 28
304 1077 -13
304 302 8
1079 1080 -8
1079 693 -13
816 426 13
816 817 -8
816 53 8
816 788 -28
816 844 -8
426 424 -19
426 428 -8
426 23 19
817 815 8
817 423 -13
817 50 13
817 819 -13
53 453 13
53 52 -19
53 51 -8
788 789 -19
788 26 8
844 845 8
844 79 8
844 454 -13
495 496 -8
496 494 13
496 498 -19
279 692 -13
279 278 28
279 281 13
1025 998 28
1025 254 -8
1025 1026 -28
1052 662 -28
1052 1050 -28
1052 1054 13
1052 277 28
125 529 -19
125 124 13
125 127 -19
125 123 13
125 891 -19
529 922 -13
529 557 -13
529 530 -8
124 97 19
124 532 19
124 894 13
124 151 19
127 531 8
127 893 28
127 129 8
127 126 -8
123 527 -19
123 889 28
123 122 -8
891 864 13
891 892 8
891 502 13
891 919 -28
594 595 13
595 593 -28
595 984 13
595 184 -8
352 350 13
352 351 -19
352 354 19
350 1125 13
350 348 19
351 324 -19
354 1129 8
354 356 -28
354 353 -13
91 498 13
91 861 -19
498 497 28
498 887 28
498 500 -13
861 863 -8
861 860 13
1134 1133 -13
1134 1136 8
1134 1132 13
1134 744 -28
1134 355 -13
1133 358 -28
1133 1105 -19
1133 747 -8
1136 1135 13
1136 357 -13
1136 1138 -28
1136 746 28
1132 1131 13
1132 742 13
1132 353 28
744 716 8
744 329 -28
744 745 13
355 356 19
355 328 8
73 72 -28
73 75 -28
72 46 8
72 99 13
75 77 8
75 74 -19
75 840 -13
75 477 -13
864 836 8
864 865 8
864 98 -13
836 808 -19
865 863 -19
865 471 28
865 95 -19
98 97 -8
98 96 28
98 100 -8
579 581 -8
579 968 19
579 578 28
581 580 -28
581 970 -8
581 170 -8
581 583 -19
968 996 -13
968 969 -19
968 198 8
578 171 -13
578 606 -8
578 551 13
578 971 13
570 963 -28
570 598 -28
515 908 -8
515 111 13
544 546 28
544 542 13
544 135 8
736 737 19
736 708 -19
736 321 8
737 1123 28
737 739 8
737 319 28
708 1098 -13
708 294 13
708 680 28
708 709 -8
321 1095 28
321 323 13
321 320 13
1099 1071 13
1099 325 -19
1099 713 -28
1099 1100 -8
1071 298 -13
1071 1072 -13
1071 685 13
1071 1044 -28
325 324 28
325 327 13
325 323 13
325 740 13
713 712 -19
713 711 28
713 295 8
713 715 13
1100 710 -8
1100 1102 13
1100 1098 13
1100 322 -8
1089 316 13
1089 1117 28
1089 1090 19
316 318 -8
316 314 -19
316 730 -19
1117 1145 -8
1117 1118 13
1117 343 -13
1117 731 28
1090 1088 -8
1090 700 19
1090 1092 8
1090 313 28
171 169 -28
171 173 8
171 170 -8
169 939 8
169 576 -13
173 580 13
173 943 19
173 175 28
170 145 19
170 197 -19
642 1034 13
642 643 -19
642 614 -19
1034 259 13
1034 1033 -19
643 645 -13
643 641 13
614 586 8
614 206 -19
614 1007 -8
137 908 -28
137 546 19
908 907 -19
908 910 19
546 545 19
546 548 19
948 555 -19
948 950 -19
948 947 -8
948 174 -13
948 946 13
555 527 -13
555 150 8
555 582 19
950 176 28
950 557 -13
950 949 13
950 951 28
947 177 28
947 558 13
947 919 19
947 974 -8
174 585 28
174 149 19
174 201 8
174 175 13
946 945 -13
946 553 -8
645 1033 -13
645 232 -28
645 644 -19
1033 1006 -8
1033 262 28
1033 1059 13
232 259 -28
232 1007 19
232 205 -19
644 235 13
644 672 -28
644 616 -8
911 883 -28
911 912 8
911 939 -19
911 144 -8
883 494 -13
883 856 8
912 910 13
912 519 28
912 914 -8
912 141 13
939 550 13
939 966 28
144 146 -8
144 142 -28
259 284 -13
259 260 19
1007 1006 -19
1007 1009 19
205 206 28
205 979 13
205 178 -19
205 617 -13
654 626 -19
654 682 13
654 244 -19
654 1045 -19
654 655 -8
626 217 -28
626 1018 13
626 627 8
626 598 -13
682 710 8
682 683 -8
682 1072 -8
682 270 -19
244 243 19
244 246 -28
244 242 -19
244 1015 28
1045 1043 -19
1045 1044 -13
1045 1046 28
655 653 19
655 657 28
655 1042 -19
655 241 28
463 61 28
463 857 19
463 464 8
463 435 28
463 491 19
61 63 -13
61 59 -19
61 826 28
61 60 -19
857 87 28
857 855 -19
857 856 13
464 466 -28
464 854 -19
464 462 28
464 58 -19
435 436 8
435 407 -13
435 829 -28
435 35 -8
491 492 19
491 519 28
491 88 -13
727 729 13
727 725 8
727 1113 -28
727 726 -8
727 309 28
729 311 -8
729 1115 13
729 731 -19
729 728 -28
725 724 -19
1113 1141 -28
1113 1085 19
726 312 19
726 698 -8
726 754 -13
726 1116 -13
309 1086 -8
217 215 8
217 219 -8
217 216 -19
215 986 13
215 624 -13
219 990 8
219 628 -13
219 218 -28
219 221 28
216 189 -13
216 243 -13
216 629 -19
692 1082 -28
692 693 28
1082 1081 -28
1082 1080 19
693 695 -8
693 691 -28
693 277 13
312 314 19
312 311 19
312 1085 13
314 313 -19
314 1087 8
314 728 28
311 284 -8
311 1088 8
1085 699 13
1085 1086 -8
465 466 -8
465 63 8
465 437 -8
466 60 -19
466 856 19
63 62 -28
63 828 13
437 438 19
437 37 8
437 409 13
437 831 -19
410 408 -28
410 800 28
410 412 -28
410 7 8
410 409 -28
408 407 -28
408 406 -28
408 798 19
408 5 28
800 37 -8
800 772 -8
800 828 -13
800 801 28
412 414 28
412 802 13
412 9 -8
7 34 -28
7 8 -8
7 773 -28
409 381 -19
409 10 8
409 803 -28
278 695 8
278 1054 19
695 694 -13
695 1081 -28
1054 1056 -13
1054 1053 28
502 504 19
502 500 -8
502 95 28
894 893 -28
894 896 -13
894 892 -8
694 666 28
694 281 13
666 638 28
666 256 19
666 1056 13
281 283 -19
281 1053 -8
281 280 -8
285 698 13
285 284 -8
285 287 -28
285 283 19
1058 1060 19
1058 1056 28
1058 668 -13
358 356 -19
358 357 -8
358 360 19
356 1131 -19
357 330 -28
360 359 19
360 1135 -28
360 362 -19
97 504 -19
504 893 -19
504 506 -28
504 503 19
513 541 -28
513 109 -8
513 514 -19
513 485 8
541 568 28
541 136 -13
541 542 19
109 876 -19
109 111 -13
109 108 19
514 107 -13
514 903 19
485 486 8
485 457 8
485 82 -8
613 201 13
613 1002 13
613 611 -19
613 612 -13
201 228 -8
201 202 -13
201 975 19
1002 1029 13
1002 974 19
1002 1003 -28
1002 231 19
611 1000 19
611 609 -19
611 610 -19
612 584 28
612 204 8
612 640 8
1043 268 8
1043 652 -28
1043 1041 19
1043 1042 8
268 683 19
268 293 19
268 241 -13
652 653 13
652 242 28
652 624 -28
652 680 19
1041 267 28
1041 1040 28
1042 270 -28
1042 1069 -19
1042 1015 28
743 741 -19
743 742 -13
743 324 13
743 745 28
743 1129 -13
741 739 -13
741 322 -28
741 740 8
742 714 28
742 327 -8
324 297 -8
324 1102 -19
745 326 -19
745 1131 -19
745 747 -8
1129 1101 8
1140 1142 -28
1140 1138 -19
1140 750 8
1142 1141 -13
1142 363 13
1142 1144 -13
1138 359 13
1138 1137 19
1138 748 8
297 715 -8
297 298 8
297 271 -13
297 1074 -13
1102 712 -13
1102 1104 19
1102 1101 -13
567 565 13
567 956 -8
567 159 13
1105 1077 28
1105 331 13
1105 1106 8
1077 691 -19
1077 1078 19
1077 1049 -19
331 330 13
331 333 -8
331 746 28
331 329 13
1106 1108 8
1106 1104 19
1106 716 8
1106 328 28
648 239 -28
648 649 8
648 620 19
648 1039 13
648 676 -8
239 238 28
239 237 -8
649 651 13
649 236 8
649 1037 19
620 212 -13
620 1012 28
620 592 28
1039 265 28
1039 1038 -8
676 1066 19
676 266 19
676 677 -13
1108 718 -8
1108 330 8
718 690 8
718 746 8
330 749 13
661 660 19
661 1047 19
661 659 8
661 247 -28
660 250 28
660 688 19
660 1050 -28
660 632 8
1047 1048 -13
1047 1021 -19
1047 1075 -19
1047 276 -19
659 245 28
659 658 -13
659 657 8
247 1022 19
247 273 -28
247 248 -28
238 265 -13
238 1012 19
238 651 8
265 679 -19
265 266 28
1012 1010 -13
651 650 28
907 140 -8
907 518 19
910 139 -28
910 909 -19
470 472 -19
470 860 -13
441 835 -28
441 413 13
441 41 -28
863 93 28
863 862 19
497 94 -28
497 525 -28
497 890 -8
472 862 -13
472 471 -8
862 96 8
862 834 28
862 889 28
471 443 -28
471 499 -13
931 542 19
931 958 -13
931 163 -8
931 903 13
958 986 -19
958 959 19
958 188 13
163 568 19
163 162 13
903 904 19
903 136 19
903 876 13
698 1088 -13
698 699 19
1088 1087 8
1088 1086 13
699 701 -8
189 963 19
189 190 -28
189 601 -13
963 961 -8
963 965 -13
190 598 8
190 192 -8
190 188 -28
190 960 28
601 603 -8
601 990 13
601 599 -28
601 600 -8
318 317 -28
318 732 -19
317 735 -8
317 344 8
317 1094 8
732 760 28
732 1122 -19
732 733 -28
416 13 -8
416 414 -28
416 806 -28
416 418 -8
416 415 8
13 40 13
13 779 19
13 14 28
414 804 -8
414 413 -13
806 43 13
806 778 -8
806 834 13
806 807 -8
418 808 -28
418 15 13
415 16 8
415 387 13
415 809 19
415 443 19
701 700 19
701 284 8
701 1087 -28
700 287 -8
700 728 19
700 672 -19
284 1060 -13
1087 1059 -28
1087 1115 -13
535 928 19
535 536 -19
535 563 8
535 131 -28
535 507 8
928 157 -8
928 927 8
928 926 -28
928 930 28
536 925 28
536 128 -28
536 538 13
536 534 13
563 158 -13
563 590 -19
563 955 28
131 129 -13
131 897 28
131 130 -28
131 133 -13
507 900 19
507 508 -8
507 104 28
507 479 19
1060 1059 13
1060 1062 -28
710 711 -28
710 296 -13
711 293 13
711 1097 -8
711 709 28
296 1069 8
296 298 8
296 295 -19
296 294 19
783 781 28
783 389 -19
16 15 28
16 14 -28
16 778 -13
15 781 13
15 42 13
14 413 -8
14 12 -19
14 776 -13
778 388 19
778 779 19
1037 1038 8
1037 266 -19
677 679 -8
677 675 -19
287 1059 -28
287 286 19
286 261 -28
286 1062 -28
286 313 28
520 112 -19
520 518 13
520 519 -28
520 909 8
112 85 -8
112 113 28
112 139 -19
519 115 -8
519 547 -13
909 937 28
909 142 -8
909 881 -8
85 492 -19
85 855 8
85 58 13
113 115 -8
113 111 -8
139 140 13
139 548 8
787 393 19
787 789 28
787 21 13
787 786 19
784 812 -8
784 394 28
1066 1065 28
1065 1093 13
1065 679 -28
619 207 13
619 618 13
619 617 19
207 981 -13
207 234 13
207 208 -19
207 180 -13
618 590 -19
618 210 -13
618 1010 -28
618 646 -13
617 1006 19
617 616 28
94 93 13
94 96 28
94 860 13
93 500 19
96 499 19
96 95 28
860 887 19
749 747 13
749 1135 28
749 748 8
114 141 13
114 87 13
114 115 -19
141 550 8
141 142 -13
87 494 8
87 88 19
87 60 8
115 881 -13
62 831 -19
62 36 8
828 438 28
828 829 8
828 856 -8
158 156 -19
158 160 8
158 157 28
158 925 -28
156 561 -19
156 155 -28
156 154 13
156 923 8
160 927 -8
160 564 -28
160 159 -28
157 565 -8
157 182 13
157 130 8
925 926 -8
925 897 8
1053 1027 -13
1053 1081 8
393 394 -19
393 421 13
394 396 -28
421 422 8
421 815 13
421 449 8
835 834 -19
834 444 -19
1123 1095 -8
1123 348 19
1123 1124 -19
1095 1096 28
1095 1067 28
1095 709 13
348 347 -13
1124 346 28
568 961 28
961 959 8
961 187 13
961 960 28
162 135 8
162 187 13
135 136 13
135 108 8
187 599 8
187 188 -8
868 869 -13
868 840 28
868 895 8
868 102 28
477 449 -8
477 505 -28
477 871 -13
937 548 28
548 550 -8
548 547 28
881 492 -28
881 854 -19
717 1103 13
717 299 -28
717 716 -28
717 715 -13
1103 1131 19
1103 1104 28
1103 329 8
1103 1075 -13
299 1076 -13
299 326 -8
299 300 -13
299 273 19
716 302 -28
716 688 -8
715 714 13
715 1101 -28
422 812 19
422 424 13
812 840 -19
812 49 28
812 813 -28
424 21 -19
424 814 -8
424 423 -28
46 813 -13
46 450 8
789 23 -13
789 395 -28
23 50 28
23 24 -8
395 396 -13
395 423 -19
40 807 -8
40 444 -13
40 41 8
807 413 -28
807 809 19
444 443 -8
41 43 -8
41 804 8
981 979 19
981 588 13
981 983 28
981 980 -8
979 977 28
979 586 -28
979 978 -13
588 616 28
588 561 -8
588 589 19
588 181 -8
983 590 28
983 985 8
983 982 8
983 209 28
980 210 -28
980 952 13
980 591 -8
21 48 -8
24 786 13
24 26 28
24 423 -28
650 678 19
145 554 -28
145 146 28
145 916 -19
301 328 13
301 302 28
301 275 28
301 1078 13
328 329 -8
328 747 28
302 1075 8
302 300 -8
275 249 28
275 691 19
275 1050 8
275 276 -8
1078 1076 -8
1078 688 -28
1078 1080 13
250 249 8
250 252 -19
250 248 19
250 1021 -8
249 1024 -19
249 222 -19
252 662 -13
252 1023 -8
252 254 19
248 658 -13
248 1019 8
248 246 -13
1021 633 8
1021 994 -28
1021 1022 19
25 52 8
25 26 28
25 428 -8
790 818 19
790 400 -19
1026 1024 28
1026 634 -13
1030 638 8
1030 1029 13
1030 255 -19
1027 256 19
1027 1000 8
363 364 -8
1145 370 -8
1145 1146 -19
1145 759 19
370 369 19
370 368 8
370 372 19
1146 367 -13
1146 756 -19
1146 1148 -8
1146 1144 19
759 758 13
759 761 8
759 340 8
759 757 19
590 183 -28
590 591 8
183 952 19
183 182 8
183 181 -19
183 185 -13
591 180 -13
591 593 -19
591 589 28
68 95 -19
68 42 -13
347 320 8
320 1098 8
320 739 28
320 293 -13
740 712 19
675 674 -19
675 261 -28
672 262 19
672 1062 13
843 74 -13
843 449 13
843 842 -13
843 845 13
840 450 13
390 389 -28
390 388 -13
390 780 28
388 386 -28
388 387 -13
780 781 19
780 808 -19
547 142 -19
602 603 -8
602 630 -28
602 995 28
638 229 19
638 610 -19
229 1000 -8
229 228 19
229 231 -13
610 582 -28
610 202 28
610 1003 8
1076 686 13
1076 1075 13
1076 1074 -8
686 658 -13
686 714 -8
686 274 -19
686 687 19
1075 689 28
1074 1073 8
1074 1072 28
1074 684 -28
890 889 8
890 892 19
887 915 -13
210 209 13
210 208 19
210 212 -8
209 236 28
209 182 -19
208 206 -13
208 616 19
208 978 13
212 982 -19
1006 978 -8
1006 235 -8
978 589 -13
235 234 -19
235 237 -13
438 436 8
438 34 -8
436 434 8
436 32 19
436 826 -8
34 60 28
34 35 8
34 801 -28
1109 1137 8
1109 1081 19
332 359 19
332 333 -13
37 35 28
37 36 -8
35 33 -8
35 798 -28
36 9 -19
36 803 -19
256 254 13
256 255 -28
255 228 19
255 280 -13
369 1148 -19
369 342 28
1148 1147 -28
1148 758 13
1148 1150 -28
342 343 -8
342 1120 -13
342 761 13
405 377 8
405 406 8
405 799 -28
405 433 -13
405 6 13
377 378 -13
377 771 19
406 3 28
406 796 19
799 32 -19
799 801 -28
799 798 -19
799 797 13
433 434 13
433 33 19
433 827 8
6 8 13
6 5 -13
6 4 -28
6 768 28
488 81 8
488 486 19
81 108 28
81 55 -8
81 82 19
81 851 19
486 876 -19
486 80 28
353 326 19
746 747 13
77 79 8
77 479 -28
77 842 13
74 48 19
74 101 19
855 854 -19
855 853 -19
856 90 -8
739 1125 -13
323 322 -19
323 1097 28
847 453 -13
847 78 8
847 846 8
847 845 28
453 454 -19
78 52 13
78 105 -8
78 79 8
846 456 28
846 874 13
846 818 8
845 451 28
396 786 13
786 814 13
616 1009 8
1080 690 19
234 261 13
234 1009 -19
261 262 -28
1009 1010 13
656 657 13
656 628 28
656 246 28
656 684 8
656 1046 8
657 243 -28
657 1044 13
628 1020 -13
628 600 -13
628 629 -19
246 245 -28
246 1017 13
684 712 -19
684 685 13
684 272 -19
1046 271 28
1046 1048 8
984 985 -8
984 956 28
443 43 13
1115 1143 8
1115 1116 13
1115 341 13
731 730 -28
731 313 -8
731 733 8
728 756 -8
728 1118 -19
381 382 -28
381 775 -13
10 9 28
10 8 28
10 772 -19
10 12 8
803 802 -13
803 801 28
43 42 8
42 809 28
313 340 13
802 774 -19
9 775 13
775 773 28
775 777 -13
775 774 -8
262 260 13
815 814 8
815 48 -19
815 813 -8
814 51 -28
814 842 8
48 452 28
48 49 13
512 105 13
512 510 19
512 901 -28
105 106 -13
105 132 8
105 875 19
510 508 13
510 899 28
510 509 -19
510 103 -28
901 929 -19
901 874 19
901 902 -13
779 781 -19
779 385 -28
779 777 19
584 977 -13
584 177 19
584 585 -13
584 557 -13
204 206 13
204 202 13
204 974 28
204 203 -19
640 641 28
640 231 19
640 668 19
781 387 28
90 88 -19
88 854 -19
586 559 19
586 179 13
586 587 28
560 558 28
560 949 19
560 559 -19
560 151 -8
560 562 -28
558 557 8
558 149 -13
949 921 19
949 179 -8
559 531 19
559 951 -8
559 154 19
151 176 -8
151 922 -19
151 152 -28
562 561 19
562 153 -19
333 748 13
688 689 -13
688 276 -28
1050 1049 13
1050 1048 -8
632 1024 -8
632 633 -28
632 223 -13
632 604 8
1086 696 -8
662 690 28
662 634 -19
690 691 -8
634 635 -13
634 606 28
634 225 -8
499 527 8
499 892 13
499 500 -28
876 848 -13
848 849 -13
848 458 13
848 820 -28
848 82 13
1010 236 -8
808 809 8
850 460 -13
850 84 19
850 851 -28
977 203 19
977 975 8
203 176 -13
975 973 -8
975 582 13
975 974 -13
712 298 -8
298 300 13
1093 1121 8
1093 1094 -8
679 678 19
646 674 -13
646 1038 -13
646 237 8
27 793 -19
27 54 -19
27 430 -28
27 0 28
793 792 8
54 80 13
54 458 8
54 821 28
430 429 -8
430 820 -13
430 432 -13
0 402 19
0 765 19
271 245 13
271 272 8
271 687 -8
95 122 -8
955 957 -28
955 182 8
955 954 28
955 953 -19
1024 1023 -19
1024 1022 13
1023 1049 -19
1023 996 13
1023 635 -19
1022 1020 -13
1022 630 13
245 1020 -8
245 218 28
1020 1019 -28
1020 1018 13
218 631 28
218 191 -13
218 993 -8
869 871 -28
869 99 -8
871 870 19
871 101 19
871 873 28
99 506 -19
99 126 28
99 100 -28
831 829 8
565 954 -19
565 564 28
954 927 -19
954 982 -13
954 185 8
564 957 13
564 537 13
564 592 -19
182 593 -28
130 103 -28
130 900 13
130 538 -19
927 538 19
927 899 -28
159 132 19
159 184 -13
159 930 8
668 696 13
1125 1097 8
1097 1098 -8
1097 1069 13
386 385 13
386 776 -19
386 384 28
385 413 -19
776 804 -8
776 777 13
384 383 -8
384 774 8
384 382 -19
1072 295 -19
1072 1070 -8
685 683 -13
685 269 -19
685 687 28
1044 1017 -28
1044 272 8
952 953 8
434 30 -8
434 432 -19
434 824 13
30 3 19
30 797 19
432 28 -13
432 431 -8
824 852 -13
824 825 -8
824 59 -19
824 796 19
985 592 -8
982 593 -13
283 696 8
696 724 13
33 796 28
33 32 -19
796 768 8
796 797 28
32 5 -8
32 58 28
222 635 19
222 195 -8
222 997 8
222 223 28
818 819 8
818 428 -8
400 399 -13
826 854 -28
826 827 -28
826 798 -8
763 761 -19
763 344 28
763 1149 28
763 762 -28
761 1147 13
761 760 -8
344 371 19
344 345 8
344 1122 8
1149 1150 13
1149 1121 -28
762 734 28
1000 972 -8
1029 641 8
1147 372 13
1147 1119 13
372 371 13
1119 1120 -13
1119 345 -8
1119 733 -19
450 452 -19
450 449 13
322 295 -8
80 849 -13
80 107 8
849 851 -28
852 462 -8
852 853 28
462 460 -13
853 459 -19
853 83 13
853 851 19
691 689 8
236 237 -13
633 635 19
633 631 28
631 1019 -19
631 630 -28
631 629 19
132 133 19
132 902 8
929 956 13
929 930 -28
538 537 -13
371 1150 -8
1150 760 8
407 8 8
407 801 -8
407 379 -13
8 770 28
379 773 8
379 380 13
83 84 -13
492 494 -8
683 681 19
683 1069 -19
681 267 19
681 680 -8
1069 1070 28
28 1 -13
28 55 28
28 29 -13
797 403 28
401 429 -8
401 402 19
401 2 -19
401 373 -8
58 59 -13
58 827 -13
957 956 -13
957 184 28
184 185 -13
921 532 -19
921 893 13
921 154 13
921 922 8
532 531 13
532 530 -13
532 534 19
154 153 8
154 152 19
922 920 8
922 924 -8
224 197 8
224 999 13
224 225 -13
658 630 -8
658 1048 8
630 221 -8
1048 273 -19
225 996 -13
225 223 13
998 609 13
998 970 8
998 999 8
1096 319 -8
1096 1098 28
319 346 -28
319 292 28
375 376 -19
375 403 -28
375 769 -19
376 378 28
376 374 -8
403 431 -8
403 4 -19
769 768 -19
769 771 -28
769 767 8
769 3 -28
1003 228 28
12 774 -28
383 777 -19
483 455 13
460 458 13
460 55 13
460 459 -19
458 457 13
55 823 -13
55 56 -13
459 57 -8
459 431 -8
423 451 13
50 454 -19
50 51 -28
819 52 -8
689 273 -8
689 687 28
273 274 8
687 1073 28
593 592 13
531 503 8
531 924 -8
951 178 28
951 953 8
561 533 -8
561 953 13
153 924 -8
153 126 13
153 178 -28
1056 280 -19
1019 992 8
992 603 19
992 993 19
992 221 8
924 926 -8
924 923 8
126 534 -19
126 896 19
178 589 13
178 179 13
292 1068 13
292 709 13
292 267 8
1092 702 -19
1092 1094 8
899 900 13
899 133 8
1104 714 -19
1104 326 28
1101 327 19
1101 1073 -28
653 240 -8
653 1040 -19
241 242 -28
241 1016 -28
382 380 -8
382 772 -28
1067 294 -28
1067 1040 13
1067 1068 13
294 293 19
1040 1013 -28
1068 1070 28
587 176 19
587 585 28
587 589 28
60 829 -13
429 29 8
429 823 8
429 457 28
29 792 13
823 825 8
823 821 13
457 851 28
457 56 -8
714 300 19
300 1073 -8
557 152 8
530 919 -13
530 528 -13
530 122 8
592 185 28
1 2 -19
1 767 13
758 730 -19
758 343 28
340 1118 28
340 367 -19
340 341 -8
757 756 19
757 1143 13
757 338 -19
326 327 13
996 607 -13
996 997 -19
100 503 -13
100 102 -8
537 509 19
537 930 -19
537 133 28
772 773 19
327 329 -13
820 792 -28
820 821 -8
820 56 -8
82 84 28
829 827 13
827 825 -13
451 51 -19
451 479 -13
451 452 -28
51 49 -13
479 873 -28
452 842 8
452 454 8
5 771 -8
180 155 19
180 953 28
180 181 13
128 155 8
128 129 28
128 898 -28
128 101 13
534 533 8
534 923 -13
994 223 -19
994 966 -28
994 995 13
223 221 8
966 196 -8
995 993 -13
995 997 -8
293 1070 -8
129 533 28
129 895 8
897 508 -19
897 870 -13
897 898 19
295 269 13
177 176 19
177 175 13
177 179 13
585 974 28
585 583 28
604 196 19
604 576 8
604 997 -13
545 140 -13
195 196 -13
195 969 13
195 607 -28
997 999 13
972 973 -19
972 202 -19
972 583 -13
972 945 28
270 269 -19
270 272 13
269 243 19
243 1018 28
49 449 -19
367 368 -13
756 341 -13
1144 754 8
1144 365 -19
1144 1143 28
276 274 -8
603 191 -19
191 192 -13
191 965 -19
152 150 -8
152 919 19
641 228 8
378 768 13
378 380 19
771 770 13
771 773 8
57 59 19
57 56 28
431 825 -28
368 1143 -8
368 366 8
3 4 19
525 553 19
553 580 8
553 554 13
4 2 13
533 926 -19
533 505 13
1018 1017 19
1018 1016 19
155 926 19
609 607 -8
609 197 8
607 606 -28
197 198 19
197 971 13
990 1017 28
1017 629 -13
730 702 -28
730 1120 19
343 345 -13
343 341 -19
503 896 8
760 345 8
1016 1014 -13
1016 624 28
1016 1015 -8
678 706 13
580 973 13
973 971 28
179 181 8
600 192 -19
600 993 28
629 627 -8
200 202 28
200 198 -28
200 970 -19
198 196 -13
198 606 13
970 971 -19
970 943 -8
103 104 28
103 873 19
900 898 28
900 902 8
509 902 -8
509 106 -13
1141 366 -8
366 365 -8
366 364 8
898 896 13
898 505 13
606 999 -8
1070 680 13
734 735 28
734 706 19
735 733 13
735 1121 -28
272 274 -28
402 792 -13
792 764 13
365 338 8
338 1116 -13
770 380 13
770 798 -19
550 552 19
552 554 13
552 551 -28
240 1014 28
240 213 -8
240 267 28
527 920 -8
527 528 -19
920 919 -13
920 149 19
528 917 -19
969 576 -13
969 971 -19
508 506 -28
508 101 28
506 895 8
506 505 -8
101 102 8
1014 1013 19
1013 242 8
1013 986 -13
1013 625 -8
945 917 -19
945 175 -28
554 943 -8
674 702 -28
150 149 28
150 917 28
149 122 8
917 889 28
923 895 28
374 764 -8
374 373 28
505 102 -13
1137 362 19
362 364 -19
582 175 8
582 583 -13
1118 1116 8
1118 1120 13
1120 1122 -28
895 896 -28
122 892 28
764 765 19
764 2 -8
765 767 -13
842 870 -13
454 456 13
874 875 -8
373 767 8
1121 1122 28
870 104 13
104 106 -8
104 102 -8
521 914 8
551 146 -8
914 916 -28
624 625 19
889 500 -13
873 875 -19
986 597 8
625 627 -19
625 213 28
1015 627 19
915 943 8
915 916 -19
399 427 -28
427 428 28
427 455 -13
598 599 -8
140 142 -8
456 455 -13
456 52 13
599 597 13
