1112 1111 28
1112 334 -13
1112 1110 19
1112 1114 19
1112 722 -28
1111 337 -13
1111 1083 -13
1111 1139 8
1111 725 8
334 753 28
334 361 28
334 307 13
334 335 13
1110 1108 13
1110 332 8
1110 720 13
1110 1109 28
1114 336 8
1114 724 19
1114 1116 -28
1114 1113 19
722 694 19
722 723 -28
722 308 -8
722 750 -28
147 918 -19
147 172 -13
147 556 -19
147 148 19
147 120 8
918 525 -13
918 917 19
918 920 13
918 916 -13
172 199 19
172 173 -28
172 583 28
172 946 -28
556 558 19
556 555 -8
556 945 19
556 554 -13
148 150 8
148 553 13
148 146 -13
148 915 8
120 121 -28
120 528 -8
120 890 19
120 93 -8
665 251 -28
665 663 8
665 664 -28
665 667 8
665 1051 19
251 252 8
251 224 13
251 1026 28
251 277 -8
663 661 -19
663 662 -19
663 249 28
663 1049 28
664 636 -19
664 692 -8
664 1054 19
664 254 -28
667 253 -19
667 669 19
667 1053 28
667 666 8
1051 279 -13
1051 1025 -19
1051 1079 8
1051 1052 28
391 392 28
391 419 -8
391 785 8
392 782 8
392 390 -19
392 394 -19
419 20 13
419 813 -28
419 447 8
419 420 -13
785 783 8
785 19 13
785 787 28
785 784 -28
473 445 -19
473 867 19
473 474 8
473 501 -19
473 71 -8
445 839 -8
445 417 -13
445 446 -13
445 45 -19
867 97 13
867 869 -19
867 865 28
867 866 28
474 476 -28
474 864 19
474 472 19
474 68 -19
501 502 -19
501 894 -28
501 529 13
501 98 -13
71 73 -28
71 69 -19
71 836 28
71 70 -28
936 543 -8
936 934 -13
936 935 19
936 938 19
543 570 -28
543 515 -13
543 544 13
543 138 28
934 162 -13
934 933 -13
934 932 19
934 541 8
935 166 19
935 546 -13
935 907 28
935 962 28
938 937 -28
938 165 -28
938 940 -28
938 545 8
161 134 -19
161 569 -28
161 932 -8
161 186 -28
134 904 -28
134 107 -19
134 542 8
569 568 -8
569 958 -28
569 571 13
932 931 13
186 213 28
186 597 -8
186 959 13
476 70 8
476 866 8
476 475 8
476 478 28
70 839 13
70 44 19
866 838 19
866 893 8
866 100 28
475 73 8
475 869 -19
475 447 8
475 503 13
478 868 13
478 477 8
478 72 -19
478 480 13
439 39 8
439 833 -28
439 467 28
439 440 28
439 411 13
39 38 -13
39 37 8
39 41 -28
39 802 -19
833 835 19
833 64 8
833 832 13
833 831 -28
467 495 8
467 861 28
467 468 19
467 65 -19
440 438 -28
440 830 28
440 36 -8
440 442 28
411 412 -8
411 12 -8
411 383 8
411 805 -19
880 878 -13
880 110 -13
880 879 -19
880 882 19
880 487 -8
878 877 13
878 485 19
878 108 19
110 137 -8
110 83 13
110 111 -28
110 518 8
879 852 -28
879 490 -19
879 907 -13
879 113 28
882 489 -19
882 112 -28
882 881 19
882 884 -13
487 488 -13
487 459 19
487 515 28
487 84 -28
193 605 28
193 220 8
193 194 28
193 967 28
193 167 -13
605 994 -13
605 603 -19
605 604 -13
605 607 28
220 633 19
220 247 -13
220 995 13
220 221 -13
194 602 13
194 196 13
194 192 13
194 964 8
967 574 8
967 969 -13
967 965 -8
967 966 8
167 577 -8
167 141 -28
167 940 28
705 1091 -28
705 707 19
705 704 -28
705 703 8
705 288 -19
1091 318 13
1091 1063 -13
1091 1092 -13
1091 1119 -13
707 290 -8
707 1093 19
707 706 -19
704 291 -28
704 676 13
704 732 13
704 1094 19
703 1089 -19
703 701 19
703 286 -13
703 702 19
288 289 -8
288 315 -28
288 263 28
288 1064 13
539 566 13
539 511 -8
539 540 8
566 594 -8
566 567 8
511 512 -28
511 483 8
540 132 8
540 929 13
540 538 -13
289 291 -19
289 287 -28
289 702 -8
289 1061 28
315 342 8
315 316 13
315 733 28
315 1092 -8
263 1038 19
263 236 -28
263 264 -28
263 677 -19
1064 1063 -28
1064 1066 -8
1064 1062 -13
1064 674 -28
38 805 -8
38 11 -28
38 442 -28
38 64 19
805 804 8
805 807 -13
805 803 -13
11 12 -19
11 777 -8
11 414 19
442 444 19
442 832 -13
442 441 -19
64 91 -8
64 65 -19
64 470 13
20 18 -19
20 782 -19
20 22 19
20 19 -8
18 16 13
18 417 13
18 780 28
18 17 13
782 810 -28
782 783 -28
22 421 -19
22 21 19
22 784 28
22 24 -8
19 422 -13
19 46 8
291 290 -28
291 1063 -28
290 1066 -13
290 265 19
290 317 -13
1063 1037 28
1063 677 13
257 1032 8
257 671 -8
257 258 28
257 230 13
257 282 -28
1032 1034 8
1032 1030 -13
1032 640 28
1032 1031 -28
671 673 28
671 1057 19
671 670 -19
671 669 13
258 256 28
258 668 19
258 260 -13
258 1029 28
230 1005 -13
230 643 -28
230 231 13
230 203 -19
282 283 -28
282 1058 8
282 309 -13
282 699 -13
524 526 19
524 523 8
524 522 13
524 116 -19
524 913 -8
526 118 -8
526 525 13
526 528 -8
526 915 -8
523 119 13
523 495 -28
523 551 28
523 916 8
522 911 -19
522 520 -13
522 114 28
522 521 -8
116 886 -28
116 89 -13
116 143 19
116 117 8
913 914 -19
913 941 19
913 885 -28
913 146 -8
886 884 -19
886 888 13
886 885 -28
886 493 -19
89 90 28
89 62 -28
89 859 -19
89 496 -13
143 552 -13
143 914 -28
143 144 -8
143 168 -19
117 119 -13
117 115 28
117 521 28
117 883 13
810 420 19
810 838 -28
810 811 -13
810 47 8
420 422 -19
420 418 8
420 17 13
838 839 28
838 73 -28
838 448 -28
811 44 -8
811 809 19
811 417 -8
811 813 -13
47 45 28
47 447 -19
47 46 -8
47 49 -13
1035 1061 13
1035 1036 -19
1035 1008 -8
1035 264 19
1035 647 19
1061 1089 -8
1061 1062 -13
1061 675 28
1036 1034 -13
1036 644 -8
1036 1038 28
1036 261 8
1008 619 8
1008 1009 -19
1008 980 19
1008 237 28
264 262 -8
264 674 28
264 266 28
647 645 -13
647 234 -19
647 646 19
647 649 -19
489 86 28
489 517 8
489 490 19
489 461 -13
86 852 -13
86 85 8
86 88 -28
86 84 -13
517 545 -13
517 518 13
517 910 -28
517 113 -28
490 488 28
490 83 19
490 492 -8
461 462 -28
461 59 28
461 433 28
461 855 -13
623 621 19
623 622 13
623 211 -19
623 1011 -19
621 619 -13
621 209 -28
621 620 13
622 594 -28
622 650 28
211 238 8
211 212 19
211 985 19
211 184 -13
1011 1012 -19
1011 984 -19
753 752 -19
753 1139 19
753 751 -28
753 755 19
752 337 19
752 724 19
752 1142 13
1139 1140 -13
1139 364 8
751 750 13
751 1137 -28
751 749 13
751 332 19
755 336 -28
755 754 19
755 1141 -8
755 757 -13
119 118 -28
119 885 13
119 121 8
118 91 -13
118 145 -13
118 888 -13
885 858 -8
885 496 19
121 525 -8
121 887 19
121 123 8
361 1140 13
361 362 -28
307 308 19
307 1084 8
307 280 13
307 725 -19
335 337 -13
335 750 -19
335 333 19
335 1109 -8
337 336 19
337 339 19
336 363 28
336 309 -13
339 754 -13
339 338 -19
339 1113 8
339 341 -13
794 31 -28
794 795 -19
794 822 -13
794 404 -13
794 766 -8
31 33 -19
31 431 8
31 30 -13
31 29 19
795 28 -28
795 793 -8
795 797 13
795 401 8
822 850 13
822 432 -28
822 57 19
822 823 28
404 406 8
404 402 -28
404 403 -13
404 1 -13
766 376 -28
766 767 -13
766 4 8
1128 349 -28
1128 1127 -8
1128 1130 -13
1128 738 -19
1128 1126 -19
349 322 13
349 350 19
1127 352 28
1127 1099 -13
1127 741 8
1130 351 28
1130 1132 19
1130 1129 28
1130 740 8
738 710 -28
738 739 -28
738 323 -13
1126 736 -8
1126 347 13
1126 1125 28
1126 1124 13
67 65 8
67 69 -19
67 469 -19
67 66 -19
67 832 -19
65 63 28
65 830 -28
69 68 8
69 471 13
69 834 -13
469 470 8
469 441 -13
469 863 8
469 497 -28
66 472 -19
66 835 -8
66 40 13
66 93 8
832 804 13
832 860 13
858 92 19
858 830 -28
858 859 8
858 468 -19
92 495 28
92 91 -8
92 94 -8
92 90 -19
830 802 8
830 831 13
859 465 -13
859 857 -28
859 861 -28
468 62 19
468 466 -8
468 470 8
573 571 8
573 575 28
573 962 -13
573 572 -19
571 162 28
571 570 19
571 960 -13
575 574 -8
575 577 19
575 964 -28
575 165 19
962 990 19
962 963 13
962 192 8
572 166 -19
572 545 19
572 965 19
572 600 -13
673 1059 -19
673 675 8
673 259 -28
673 672 -19
1057 285 -19
1057 1031 -13
1057 1085 -13
1057 1058 -8
670 642 8
670 698 -19
670 1060 8
670 260 -13
669 255 8
669 1055 -13
669 668 -19
397 425 19
397 791 19
397 398 -13
425 453 -28
425 426 28
425 26 -19
425 819 8
791 789 28
791 25 -13
791 790 -19
398 396 -19
398 788 -19
398 400 -28
839 841 -8
839 837 19
841 447 -13
841 72 13
841 843 -28
841 840 19
837 835 -19
837 68 -13
837 836 8
837 443 13
1083 310 13
1083 1084 28
1083 1055 -28
1083 697 8
310 312 28
310 308 8
310 724 28
310 309 19
1084 694 -8
1084 1082 -13
1084 1086 28
1055 283 -28
1055 1056 28
1055 1029 13
697 695 -28
697 280 -28
697 699 -28
697 696 13
166 164 19
166 165 -8
164 933 -28
164 163 -13
164 570 8
165 191 -13
165 139 19
636 227 -8
636 1028 -13
636 637 -28
636 608 28
227 226 -8
227 229 8
227 225 -13
227 998 28
1028 253 -8
1028 1026 -8
1028 1030 19
1028 1027 -8
637 639 -13
637 1025 -28
637 635 28
637 224 -28
608 609 19
608 580 13
608 200 -8
608 1001 -13
574 547 -28
574 602 19
577 579 -8
577 966 19
577 576 8
964 937 19
964 992 -13
964 965 -8
942 941 -8
942 549 8
942 940 -13
942 944 28
942 168 -8
941 171 13
941 552 -28
941 968 13
549 550 19
549 144 19
549 521 -28
549 576 13
940 547 -28
940 939 8
944 551 -8
944 946 8
944 170 28
944 943 -19
168 579 13
168 195 -28
168 169 -19
905 933 -13
905 516 8
905 877 -13
905 138 13
905 906 19
933 544 13
933 960 28
516 514 -13
516 108 -28
516 515 13
516 518 19
877 488 -13
877 111 -8
877 850 13
138 137 -19
138 136 13
138 140 -8
906 513 -28
906 908 28
906 904 28
906 135 -8
226 1001 -28
226 199 19
226 639 -19
226 253 -13
1001 1000 8
1001 1003 -19
1001 999 -8
199 200 -28
199 611 -13
199 973 -13
639 638 -28
639 1027 -8
639 641 8
253 278 28
253 254 -13
482 872 19
482 480 19
482 76 28
482 484 8
482 481 28
872 899 -28
872 873 19
872 106 13
872 844 -8
480 870 8
480 74 -19
480 479 19
76 50 13
76 103 -19
76 77 -8
76 845 28
484 78 28
484 483 28
484 874 -28
481 453 8
481 509 -8
481 79 13
481 875 28
417 418 -28
417 389 -8
446 444 8
446 836 13
446 448 13
446 42 -13
45 44 -13
45 43 -8
45 808 -13
884 114 19
884 883 -8
884 491 -13
888 495 -13
888 890 28
888 887 -8
493 465 -8
493 90 -19
493 521 -28
493 494 -13
1004 1031 28
1004 615 8
1004 1005 28
1004 233 8
1004 976 28
1031 260 13
1031 643 -8
615 613 28
615 614 13
615 617 8
615 203 28
1005 612 -28
1005 1007 -19
1005 1003 19
233 642 19
233 232 -28
233 235 -19
233 231 8
976 977 -13
976 206 -13
976 949 19
976 587 -19
721 720 8
721 1107 8
721 723 -13
721 303 -13
721 719 -13
720 306 -19
720 692 8
720 748 13
1107 1108 28
1107 1135 -28
1107 1079 -19
1107 333 -13
723 1109 -28
723 305 -8
723 725 -19
303 330 -19
303 1080 -19
303 304 -19
303 277 -13
719 1105 28
719 717 19
719 301 -28
719 718 28
44 448 8
44 17 13
448 447 -8
448 450 -19
17 783 -13
989 596 28
989 987 -28
989 991 19
989 988 -13
989 214 -28
596 568 -13
596 624 -13
596 597 -28
596 188 8
987 213 -19
987 986 -19
991 990 19
991 598 -8
991 993 28
991 216 8
988 217 8
988 599 8
988 1015 13
988 960 -8
214 241 -28
214 627 -19
214 187 -8
214 215 -8
306 305 28
306 308 -28
306 304 -13
306 1079 -8
305 278 -13
305 1082 28
305 332 19
308 1081 -13
304 718 13
304 1077 8
304 302 -19
1079 1080 -8
1079 693 28
816 426 -8
816 817 -13
816 53 19
816 788 -28
816 844 -19
426 424 13
426 428 8
426 23 28
817 815 -13
817 423 8
817 50 8
817 819 8
53 453 -13
53 52 -13
53 51 28
788 789 28
788 26 8
844 845 8
844 79 -8
844 454 13
495 496 -13
496 494 -19
496 498 19
279 692 -13
279 278 8
279 281 -28
1025 998 8
1025 254 -8
1025 1026 13
1052 662 -13
1052 1050 13
1052 1054 13
1052 277 -8
125 529 13
125 124 -8
125 127 13
125 123 -19
125 891 19
529 922 13
529 557 -28
529 530 8
124 97 28
124 532 -13
124 894 8
124 151 8
127 531 13
127 893 -19
127 129 -8
127 126 -19
123 527 13
123 889 28
123 122 -19
891 864 -13
891 892 -19
891 502 8
891 919 -13
594 595 -13
595 593 -28
595 984 -13
595 184 -19
352 350 13
352 351 19
352 354 13
350 1125 28
350 348 -13
351 324 8
354 1129 28
354 356 -13
354 353 -8
91 498 -8
91 861 -28
498 497 19
498 887 8
498 500 -8
861 863 -8
861 860 28
1134 1133 8
1134 1136 -13
1134 1132 -8
1134 744 8
1134 355 -8
1133 358 -28
1133 1105 28
1133 747 -28
1136 1135 28
1136 357 -28
1136 1138 13
1136 746 19
1132 1131 28
1132 742 13
1132 353 19
744 716 -13
744 329 -19
744 745 -13
355 356 -28
355 328 -13
73 72 28
73 75 -13
72 46 8
72 99 8
75 77 19
75 74 13
75 840 8
75 477 8
864 836 8
864 865 28
864 98 19
836 808 -19
865 863 -19
865 471 28
865 95 8
98 97 13
98 96 -28
98 100 28
579 581 -13
579 968 19
579 578 13
581 580 -13
581 970 8
581 170 28
581 583 -28
968 996 8
968 969 13
968 198 -19
578 171 28
578 606 13
578 551 -13
578 971 19
570 963 8
570 598 8
515 908 13
515 111 28
544 546 8
544 542 -8
544 135 8
736 737 13
736 708 8
736 321 19
737 1123 -19
737 739 -28
737 319 8
708 1098 -28
708 294 -13
708 680 19
708 709 13
321 1095 -13
321 323 13
321 320 13
1099 1071 -28
1099 325 13
1099 713 -8
1099 1100 8
1071 298 -28
1071 1072 28
1071 685 13
1071 1044 -19
325 324 -19
325 327 8
325 323 8
325 740 13
713 712 19
713 711 8
713 295 19
713 715 -8
1100 710 13
1100 1102 -13
1100 1098 28
1100 322 -28
1089 316 8
1089 1117 -28
1089 1090 8
316 318 28
316 314 8
316 730 -13
1117 1145 -13
1117 1118 -13
1117 343 -8
1117 731 -13
1090 1088 -13
1090 700 -13
1090 1092 -19
1090 313 28
171 169 -8
171 173 19
171 170 -13
169 939 -28
169 576 13
173 580 -19
173 943 8
173 175 -19
170 145 8
170 197 -8
642 1034 8
642 643 28
642 614 28
1034 259 -19
1034 1033 28
643 645 19
643 641 -13
614 586 -28
614 206 28
614 1007 -19
137 908 28
137 546 -28
908 907 -19
908 910 -28
546 545 -13
546 548 -13
948 555 8
948 950 19
948 947 19
948 174 28
948 946 -8
555 527 -19
555 150 -19
555 582 28
950 176 -19
950 557 8
950 949 -19
950 951 8
947 177 8
947 558 8
947 919 -13
947 974 28
174 585 -8
174 149 -8
174 201 13
174 175 -19
946 945 28
946 553 28
645 1033 8
645 232 13
645 644 13
1033 1006 13
1033 262 -13
1033 1059 28
232 259 8
232 1007 8
232 205 19
644 235 19
644 672 -8
644 616 13
911 883 13
911 912 19
911 939 8
911 144 8
883 494 19
883 856 -13
912 910 19
912 519 13
912 914 28
912 141 -13
939 550 -28
939 966 28
144 146 -28
144 142 19
259 284 -13
259 260 -19
1007 1006 -8
1007 1009 -13
205 206 -28
205 979 -19
205 178 -19
205 617 -28
654 626 -13
654 682 -28
654 244 19
654 1045 8
654 655 -13
626 217 -19
626 1018 -19
626 627 -28
626 598 19
682 710 -8
682 683 8
682 1072 13
682 270 -19
244 243 -13
244 246 -19
244 242 8
244 1015 28
1045 1043 28
1045 1044 13
1045 1046 -28
655 653 -13
655 657 13
655 1042 8
655 241 -13
463 61 19
463 857 13
463 464 -13
463 435 -19
463 491 8
61 63 28
61 59 8
61 826 -8
61 60 19
857 87 -28
857 855 -8
857 856 19
464 466 28
464 854 13
464 462 -8
464 58 28
435 436 28
435 407 8
435 829 8
435 35 28
491 492 13
491 519 -8
491 88 13
727 729 28
727 725 13
727 1113 -19
727 726 -19
727 309 -13
729 311 -8
729 1115 -8
729 731 -19
729 728 -28
725 724 -13
1113 1141 28
1113 1085 8
726 312 -19
726 698 -28
726 754 -8
726 1116 13
309 1086 -13
217 215 13
217 219 13
217 216 -19
215 986 -8
215 624 13
219 990 28
219 628 13
219 218 -8
219 221 -8
216 189 8
216 243 19
216 629 -19
692 1082 13
692 693 -13
1082 1081 -19
1082 1080 13
693 695 13
693 691 -13
693 277 -8
312 314 -13
312 311 19
312 1085 -28
314 313 19
314 1087 13
314 728 -28
311 284 13
311 1088 -8
1085 699 -19
1085 1086 28
465 466 -8
465 63 19
465 437 8
466 60 19
466 856 -28
63 62 13
63 828 -28
437 438 8
437 37 19
437 409 -19
437 831 13
410 408 -19
410 800 -13
410 412 8
410 7 -13
410 409 -8
408 407 -13
408 406 28
408 798 -19
408 5 -8
800 37 8
800 772 19
800 828 13
800 801 19
412 414 -19
412 802 19
412 9 13
7 34 8
7 8 19
7 773 -8
409 381 -28
409 10 28
409 803 -13
278 695 -19
278 1054 -19
695 694 -28
695 1081 28
1054 1056 8
1054 1053 8
502 504 8
502 500 -19
502 95 13
894 893 -8
894 896 28
894 892 19
694 666 -28
694 281 -19
666 638 19
666 256 19
666 1056 -13
281 283 -13
281 1053 -19
281 280 13
285 698 -13
285 284 -13
285 287 13
285 283 19
1058 1060 13
1058 1056 13
1058 668 19
358 356 8
358 357 -19
358 360 -19
356 1131 -8
357 330 8
360 359 -28
360 1135 19
360 362 -19
97 504 -8
504 893 -8
504 506 -13
504 503 8
513 541 -13
513 109 19
513 514 19
513 485 19
541 568 13
541 136 -19
541 542 13
109 876 -28
109 111 19
109 108 19
514 107 -19
514 903 -19
485 486 8
485 457 -8
485 82 28
613 201 -8
613 1002 -28
613 611 28
613 612 13
201 228 -28
201 202 8
201 975 28
1002 1029 13
1002 974 -19
1002 1003 -28
1002 231 19
611 1000 19
611 609 8
611 610 -19
612 584 13
612 204 8
612 640 28
1043 268 -8
1043 652 13
1043 1041 -13
1043 1042 -28
268 683 19
268 293 8
268 241 13
652 653 8
652 242 -13
652 624 -28
652 680 28
1041 267 -8
1041 1040 13
1042 270 13
1042 1069 -28
1042 1015 28
743 741 28
743 742 -8
743 324 13
743 745 -8
743 1129 13
741 739 8
741 322 -8
741 740 -13
742 714 -13
742 327 28
324 297 19
324 1102 19
745 326 -13
745 1131 8
745 747 -8
1129 1101 -13
1140 1142 -13
1140 1138 13
1140 750 8
1142 1141 -19
1142 363 -28
1142 1144 8
1138 359 -8
1138 1137 -19
1138 748 -28
297 715 13
297 298 13
297 271 -19
297 1074 13
1102 712 -28
1102 1104 28
1102 1101 -28
567 565 19
567 956 28
567 159 -13
1105 1077 -28
1105 331 28
1105 1106 -8
1077 691 -13
1077 1078 -28
1077 1049 19
331 330 28
331 333 -8
331 746 -19
331 329 19
1106 1108 -13
1106 1104 -28
1106 716 -13
1106 328 28
648 239 8
648 649 -19
648 620 -8
648 1039 -19
648 676 8
239 238 -13
239 237 -28
649 651 -19
649 236 8
649 1037 -8
620 212 8
620 1012 28
620 592 -13
1039 265 13
1039 1038 -28
676 1066 28
676 266 -13
676 677 19
1108 718 13
1108 330 -19
718 690 -13
718 746 -28
330 749 -28
661 660 13
661 1047 8
661 659 19
661 247 8
660 250 19
660 688 19
660 1050 8
660 632 -19
1047 1048 19
1047 1021 -13
1047 1075 -19
1047 276 8
659 245 8
659 658 8
659 657 8
247 1022 19
247 273 -19
247 248 28
238 265 -28
238 1012 28
238 651 8
265 679 -28
265 266 -28
1012 1010 13
651 650 28
907 140 13
907 518 -28
910 139 13
910 909 -13
470 472 19
470 860 8
441 835 -13
441 413 13
441 41 13
863 93 -19
863 862 8
497 94 -19
497 525 13
497 890 13
472 862 19
472 471 -19
862 96 -8
862 834 8
862 889 -8
471 443 19
471 499 -8
931 542 8
931 958 19
931 163 8
931 903 -13
958 986 -28
958 959 13
958 188 -19
163 568 28
163 162 -8
903 904 -28
903 136 -8
903 876 -28
698 1088 -19
698 699 13
1088 1087 -19
1088 1086 8
699 701 8
189 963 -19
189 190 28
189 601 28
963 961 -8
963 965 13
190 598 19
190 192 -28
190 188 28
190 960 28
601 603 13
601 990 8
601 599 -19
601 600 28
318 317 8
318 732 -13
317 735 19
317 344 -19
317 1094 8
732 760 -28
732 1122 8
732 733 13
416 13 -13
416 414 19
416 806 19
416 418 8
416 415 13
13 40 -28
13 779 19
13 14 -28
414 804 28
414 413 8
806 43 -28
806 778 8
806 834 8
806 807 28
418 808 8
418 15 13
415 16 -8
415 387 28
415 809 13
415 443 -19
701 700 19
701 284 28
701 1087 -19
700 287 13
700 728 -28
700 672 -28
284 1060 -28
1087 1059 28
1087 1115 8
535 928 -13
535 536 28
535 563 -28
535 131 13
535 507 8
928 157 19
928 927 28
928 926 -8
928 930 13
536 925 -8
536 128 8
536 538 -8
536 534 19
563 158 19
563 590 -8
563 955 19
131 129 -8
131 897 -19
131 130 -13
131 133 -19
507 900 -8
507 508 13
507 104 28
507 479 -13
1060 1059 -13
1060 1062 19
710 711 19
710 296 -28
711 293 19
711 1097 -8
711 709 -13
296 1069 28
296 298 13
296 295 -13
296 294 28
783 781 13
783 389 28
16 15 19
16 14 8
16 778 -28
15 781 -13
15 42 8
14 413 19
14 12 19
14 776 -8
778 388 13
778 779 -28
1037 1038 -28
1037 266 -13
677 679 -13
677 675 8
287 1059 -8
287 286 8
286 261 -28
286 1062 8
286 313 -19
520 112 19
520 518 28
520 519 -8
520 909 -8
112 85 13
112 113 -13
112 139 -8
519 115 19
519 547 8
909 937 -13
909 142 13
909 881 -28
85 492 8
85 855 -28
85 58 -19
113 115 8
113 111 -28
139 140 -13
139 548 8
787 393 28
787 789 19
787 21 28
787 786 28
784 812 8
784 394 8
1066 1065 13
1065 1093 -13
1065 679 13
619 207 13
619 618 -8
619 617 -8
207 981 -19
207 234 19
207 208 -19
207 180 -8
618 590 19
618 210 28
618 1010 28
618 646 13
617 1006 13
617 616 28
94 93 19
94 96 28
94 860 -13
93 500 8
96 499 -19
96 95 -19
860 887 -19
749 747 8
749 1135 28
749 748 8
114 141 19
114 87 -8
114 115 -13
141 550 -19
141 142 28
87 494 -8
87 88 8
87 60 8
115 881 -28
62 831 -8
62 36 13
828 438 -13
828 829 -19
828 856 -19
158 156 -19
158 160 28
158 157 -8
158 925 -19
156 561 -28
156 155 -28
156 154 -13
156 923 28
160 927 8
160 564 -19
160 159 -19
157 565 -13
157 182 8
157 130 -13
925 926 13
925 897 13
1053 1027 -8
1053 1081 -19
393 394 28
393 421 28
394 396 13
421 422 8
421 815 -28
421 449 19
835 834 19
834 444 -13
1123 1095 8
1123 348 -13
1123 1124 -28
1095 1096 -19
1095 1067 19
1095 709 8
348 347 -13
1124 346 19
568 961 19
961 959 -8
961 187 -19
961 960 -28
162 135 -8
162 187 13
135 136 8
135 108 28
187 599 -28
187 188 -13
868 869 19
868 840 -13
868 895 -28
868 102 -19
477 449 19
477 505 13
477 871 28
937 548 -8
548 550 13
548 547 19
881 492 19
881 854 28
717 1103 13
717 299 -19
717 716 28
717 715 28
1103 1131 8
1103 1104 -13
1103 329 8
1103 1075 -28
299 1076 28
299 326 28
299 300 28
299 273 8
716 302 28
716 688 8
715 714 19
715 1101 -28
422 812 -28
422 424 28
812 840 19
812 49 -19
812 813 8
424 21 19
424 814 28
424 423 -28
46 813 -28
46 450 -19
789 23 28
789 395 19
23 50 -13
23 24 -28
395 396 -13
395 423 -19
40 807 19
40 444 19
40 41 8
807 413 8
807 809 8
444 443 -8
41 43 28
41 804 -19
981 979 28
981 588 19
981 983 -8
981 980 19
979 977 -13
979 586 13
979 978 8
588 616 -13
588 561 -28
588 589 -8
588 181 -19
983 590 8
983 985 -13
983 982 13
983 209 28
980 210 28
980 952 -19
980 591 -8
21 48 8
24 786 -8
24 26 19
24 423 -8
650 678 -8
145 554 -8
145 146 19
145 916 13
301 328 -28
301 302 -13
301 275 -19
301 1078 -19
328 329 19
328 747 19
302 1075 19
302 300 8
275 249 -13
275 691 -19
275 1050 19
275 276 -13
1078 1076 -19
1078 688 13
1078 1080 -19
250 249 -19
250 252 19
250 248 -28
250 1021 19
249 1024 -28
249 222 -19
252 662 -28
252 1023 8
252 254 8
248 658 19
248 1019 -8
248 246 8
1021 633 28
1021 994 -28
1021 1022 -19
25 52 -28
25 26 8
25 428 8
790 818 -13
790 400 -13
1026 1024 28
1026 634 -13
1030 638 -28
1030 1029 8
1030 255 28
1027 256 8
1027 1000 19
363 364 19
1145 370 -28
1145 1146 -8
1145 759 19
370 369 13
370 368 13
370 372 13
1146 367 19
1146 756 28
1146 1148 8
1146 1144 28
759 758 -19
759 761 13
759 340 28
759 757 -28
590 183 -13
590 591 -28
183 952 -28
183 182 28
183 181 28
183 185 8
591 180 13
591 593 19
591 589 19
68 95 8
68 42 -13
347 320 -19
320 1098 -8
320 739 -28
320 293 28
740 712 28
675 674 19
675 261 -28
672 262 -13
672 1062 19
843 74 8
843 449 -8
843 842 19
843 845 -28
840 450 13
390 389 -19
390 388 -13
390 780 19
388 386 -8
388 387 8
780 781 -13
780 808 -13
547 142 -13
602 603 -8
602 630 8
602 995 19
638 229 -28
638 610 -19
229 1000 8
229 228 -28
229 231 8
610 582 8
610 202 -8
610 1003 8
1076 686 -28
1076 1075 8
1076 1074 -13
686 658 13
686 714 -28
686 274 -13
686 687 8
1075 689 -13
1074 1073 -8
1074 1072 19
1074 684 13
890 889 28
890 892 -13
887 915 19
210 209 19
210 208 -28
210 212 19
209 236 -13
209 182 -13
208 206 19
208 616 8
208 978 8
212 982 19
1006 978 -8
1006 235 -13
978 589 -8
235 234 -8
235 237 -19
438 436 -13
438 34 -13
436 434 19
436 32 -13
436 826 19
34 60 19
34 35 -28
34 801 -19
1109 1137 13
1109 1081 -8
332 359 -13
332 333 13
37 35 -13
37 36 8
35 33 28
35 798 -8
36 9 19
36 803 19
256 254 28
256 255 -28
255 228 -13
255 280 -13
369 1148 28
369 342 8
1148 1147 -8
1148 758 13
1148 1150 -19
342 343 8
342 1120 -13
342 761 8
405 377 -19
405 406 -8
405 799 -19
405 433 19
405 6 8
377 378 19
377 771 19
406 3 19
406 796 19
799 32 -28
799 801 8
799 798 13
799 797 -28
433 434 8
433 33 19
433 827 8
6 8 19
6 5 -8
6 4 28
6 768 -28
488 81 8
488 486 8
81 108 -19
81 55 13
81 82 -8
81 851 8
486 876 -8
486 80 13
353 326 13
746 747 -19
77 79 28
77 479 28
77 842 13
74 48 -8
74 101 -19
855 854 -28
855 853 -28
856 90 -8
739 1125 19
323 322 -19
323 1097 8
847 453 -28
847 78 -8
847 846 -28
847 845 -28
453 454 8
78 52 -19
78 105 13
78 79 -13
846 456 19
846 874 13
846 818 -28
845 451 19
396 786 -8
786 814 -19
616 1009 -28
1080 690 8
234 261 28
234 1009 -8
261 262 8
1009 1010 28
656 657 8
656 628 13
656 246 19
656 684 19
656 1046 28
657 243 8
657 1044 -28
628 1020 19
628 600 8
628 629 8
246 245 -13
246 1017 -28
684 712 -19
684 685 -28
684 272 13
1046 271 19
1046 1048 -28
984 985 -19
984 956 -13
443 43 -8
1115 1143 8
1115 1116 -13
1115 341 -8
731 730 -28
731 313 -8
731 733 8
728 756 -19
728 1118 -19
381 382 13
381 775 8
10 9 28
10 8 -13
10 772 -28
10 12 -8
803 802 8
803 801 13
43 42 -13
42 809 -28
313 340 28
802 774 -13
9 775 19
775 773 -19
775 777 -19
775 774 -19
262 260 -19
815 814 8
815 48 -28
815 813 -28
814 51 8
814 842 -13
48 452 28
48 49 -19
512 105 -19
512 510 -13
512 901 28
105 106 13
105 132 8
105 875 -8
510 508 -8
510 899 -13
510 509 -8
510 103 28
901 929 28
901 874 -28
901 902 13
779 781 -8
779 385 13
779 777 13
584 977 19
584 177 13
584 585 -8
584 557 -8
204 206 19
204 202 13
204 974 -19
204 203 28
640 641 -19
640 231 8
640 668 13
781 387 -13
90 88 -19
88 854 -13
586 559 8
586 179 -19
586 587 -19
560 558 -28
560 949 -28
560 559 -13
560 151 13
560 562 -19
558 557 13
558 149 -8
949 921 -28
949 179 13
559 531 -8
559 951 -19
559 154 13
151 176 19
151 922 13
151 152 13
562 561 13
562 153 -28
333 748 28
688 689 -8
688 276 19
1050 1049 -28
1050 1048 8
632 1024 -19
632 633 -19
632 223 8
632 604 -13
1086 696 19
662 690 -8
662 634 13
690 691 28
634 635 13
634 606 -8
634 225 -8
499 527 13
499 892 -19
499 500 -8
876 848 8
848 849 -28
848 458 -28
848 820 8
848 82 8
1010 236 -13
808 809 13
850 460 -8
850 84 -8
850 851 -19
977 203 28
977 975 28
203 176 -8
975 973 -28
975 582 8
975 974 28
712 298 -19
298 300 19
1093 1121 8
1093 1094 8
679 678 -8
646 674 -8
646 1038 13
646 237 -13
27 793 -19
27 54 28
27 430 19
27 0 -28
793 792 8
54 80 19
54 458 19
54 821 13
430 429 -28
430 820 -28
430 432 13
0 402 -28
0 765 -13
271 245 28
271 272 -13
271 687 28
95 122 8
955 957 -19
955 182 28
955 954 13
955 953 19
1024 1023 -8
1024 1022 -8
1023 1049 8
1023 996 19
1023 635 28
1022 1020 -13
1022 630 19
245 1020 8
245 218 19
1020 1019 -8
1020 1018 13
218 631 -13
218 191 -19
218 993 28
869 871 -28
869 99 -13
871 870 -28
871 101 -28
871 873 -13
99 506 19
99 126 -8
99 100 13
831 829 13
565 954 28
565 564 19
954 927 -19
954 982 13
954 185 -8
564 957 -19
564 537 28
564 592 8
182 593 28
130 103 28
130 900 13
130 538 8
927 538 -8
927 899 -19
159 132 -19
159 184 -13
159 930 -28
668 696 19
1125 1097 -28
1097 1098 19
1097 1069 -13
386 385 28
386 776 13
386 384 19
385 413 19
776 804 28
776 777 -13
384 383 -28
384 774 -13
384 382 13
1072 295 8
1072 1070 28
685 683 19
685 269 8
685 687 13
1044 1017 13
1044 272 -8
952 953 -13
434 30 -8
434 432 -28
434 824 -8
30 3 -28
30 797 8
432 28 13
432 431 19
824 852 19
824 825 19
824 59 -28
824 796 -8
985 592 -28
982 593 19
283 696 19
696 724 13
33 796 -13
33 32 19
796 768 -13
796 797 -13
32 5 28
32 58 19
222 635 -28
222 195 28
222 997 -28
222 223 -13
818 819 -28
818 428 8
400 399 8
826 854 -8
826 827 -13
826 798 19
763 761 28
763 344 19
763 1149 -13
763 762 -13
761 1147 8
761 760 -28
344 371 19
344 345 28
344 1122 -8
1149 1150 13
1149 1121 13
762 734 -8
1000 972 13
1029 641 -19
1147 372 8
1147 1119 -19
372 371 -28
1119 1120 19
1119 345 8
1119 733 28
450 452 -28
450 449 19
322 295 -19
80 849 -8
80 107 -13
849 851 -8
852 462 28
852 853 -19
462 460 -19
853 459 8
853 83 -19
853 851 -28
691 689 -28
236 237 19
633 635 -19
633 631 28
631 1019 13
631 630 8
631 629 13
132 133 -13
132 902 13
929 956 -19
929 930 13
538 537 -13
371 1150 28
1150 760 -13
407 8 -19
407 801 8
407 379 -8
8 770 13
379 773 19
379 380 28
83 84 13
492 494 28
683 681 -19
683 1069 -8
681 267 -8
681 680 8
1069 1070 13
28 1 8
28 55 8
28 29 -19
797 403 -28
401 429 13
401 402 28
401 2 28
401 373 8
58 59 28
58 827 13
957 956 -19
957 184 28
184 185 28
921 532 19
921 893 -8
921 154 -13
921 922 -13
532 531 -28
532 530 8
532 534 13
154 153 13
154 152 19
922 920 -8
922 924 19
224 197 8
224 999 19
224 225 -8
658 630 28
658 1048 -28
630 221 8
1048 273 19
225 996 -19
225 223 13
998 609 -19
998 970 -13
998 999 -13
1096 319 -8
1096 1098 19
319 346 -19
319 292 -19
375 376 13
375 403 19
375 769 -28
376 378 -8
376 374 8
403 431 8
403 4 -19
769 768 -28
769 771 -13
769 767 -13
769 3 -8
1003 228 28
12 774 8
383 777 28
483 455 -13
460 458 -13
460 55 28
460 459 13
458 457 19
55 823 19
55 56 -28
459 57 8
459 431 -19
423 451 13
50 454 19
50 51 -28
819 52 -19
689 273 -19
689 687 19
273 274 -28
687 1073 8
593 592 28
531 503 -13
531 924 8
951 178 -19
951 953 28
561 533 28
561 953 13
153 924 8
153 126 -8
153 178 13
1056 280 28
1019 992 19
992 603 13
992 993 -8
992 221 19
924 926 -28
924 923 -8
126 534 -19
126 896 -8
178 589 19
178 179 -13
292 1068 -19
292 709 -13
292 267 -19
1092 702 -19
1092 1094 28
899 900 13
899 133 -28
1104 714 19
1104 326 19
1101 327 -19
1101 1073 13
653 240 -28
653 1040 -19
241 242 -13
241 1016 -8
382 380 28
382 772 19
1067 294 -28
1067 1040 28
1067 1068 19
294 293 -13
1040 1013 13
1068 1070 -28
587 176 28
587 585 -19
587 589 8
60 829 28
429 29 8
429 823 -28
429 457 -28
29 792 19
823 825 -28
823 821 -13
457 851 28
457 56 -13
714 300 -19
300 1073 -13
557 152 -13
530 919 -13
530 528 28
530 122 -19
592 185 8
1 2 -28
1 767 8
758 730 19
758 343 28
340 1118 -13
340 367 -19
340 341 13
757 756 8
757 1143 28
757 338 -13
326 327 -8
996 607 8
996 997 -13
100 503 -13
100 102 8
537 509 19
537 930 -8
537 133 -13
772 773 -8
327 329 -8
820 792 13
820 821 -28
820 56 28
82 84 -8
829 827 -13
827 825 28
451 51 -19
451 479 8
451 452 8
51 49 -13
479 873 13
452 842 -13
452 454 -28
5 771 8
180 155 28
180 953 13
180 181 -8
128 155 -19
128 129 8
128 898 -13
128 101 13
534 533 13
534 923 13
994 223 28
994 966 8
994 995 28
223 221 8
966 196 -8
995 993 8
995 997 -8
293 1070 19
129 533 -28
129 895 -8
897 508 8
897 870 8
897 898 -8
295 269 13
177 176 -8
177 175 8
177 179 19
585 974 -28
585 583 -28
604 196 28
604 576 -13
604 997 13
545 140 19
195 196 28
195 969 -8
195 607 -19
997 999 19
972 973 -28
972 202 19
972 583 -19
972 945 13
270 269 13
270 272 8
269 243 -8
243 1018 19
49 449 19
367 368 -19
756 341 -28
1144 754 -8
1144 365 8
1144 1143 -28
276 274 19
603 191 -19
191 192 19
191 965 -19
152 150 19
152 919 -8
641 228 8
378 768 8
378 380 19
771 770 -28
771 773 -28
57 59 -28
57 56 -13
431 825 -28
368 1143 8
368 366 28
3 4 -28
525 553 -13
553 580 8
553 554 8
4 2 -8
533 926 19
533 505 -28
1018 1017 28
1018 1016 19
155 926 -13
609 607 -28
609 197 -19
607 606 28
197 198 19
197 971 -8
990 1017 -8
1017 629 28
730 702 -19
730 1120 19
343 345 -13
343 341 8
503 896 8
760 345 -8
1016 1014 -19
1016 624 19
1016 1015 8
678 706 19
580 973 13
973 971 -8
179 181 19
600 192 -13
600 993 -28
629 627 8
200 202 19
200 198 -8
200 970 13
198 196 8
198 606 13
970 971 13
970 943 28
103 104 28
103 873 -28
900 898 13
900 902 -8
509 902 -13
509 106 -19
1141 366 -28
366 365 -8
366 364 13
898 896 8
898 505 8
606 999 19
1070 680 -13
734 735 8
734 706 -13
735 733 -13
735 1121 13
272 274 8
402 792 -19
792 764 8
365 338 -19
338 1116 13
770 380 -13
770 798 19
550 552 8
552 554 28
552 551 -28
240 1014 13
240 213 -28
240 267 -28
527 920 19
527 528 28
920 919 13
920 149 8
528 917 -28
969 576 -19
969 971 28
508 506 19
508 101 -19
506 895 19
506 505 19
101 102 19
1014 1013 -13
1013 242 -28
1013 986 19
1013 625 8
945 917 8
945 175 19
554 943 -28
674 702 19
150 149 -19
150 917 -8
149 122 -19
917 889 19
923 895 19
374 764 -8
374 373 -19
505 102 -19
1137 362 -13
362 364 -13
582 175 -28
582 583 -13
1118 1116 28
1118 1120 19
1120 1122 -8
895 896 28
122 892 -19
764 765 -19
764 2 -28
765 767 13
842 870 -8
454 456 8
874 875 -13
373 767 8
1121 1122 8
870 104 19
104 106 28
104 102 28
521 914 -19
551 146 -28
914 916 -19
624 625 8
889 500 13
873 875 -19
986 597 -8
625 627 -13
625 213 8
1015 627 13
915 943 -19
915 916 -13
399 427 -13
427 428 13
427 455 -8
598 599 28
140 142 28
456 455 19
456 52 -19
599 597 -13
