1112 1111 -8
1112 334 -13
1112 1110 13
1112 1114 -13
1112 722 13
1111 337 19
1111 1083 19
1111 1139 -19
1111 725 -13
334 753 19
334 361 8
334 307 13
334 335 8
1110 1108 8
1110 332 19
1110 720 19
1110 1109 8
1114 336 -28
1114 724 -13
1114 1116 -13
1114 1113 28
722 694 -19
722 723 8
722 308 28
722 750 8
147 918 -19
147 172 -19
147 556 8
147 148 -13
147 120 28
918 525 19
918 917 19
918 920 13
918 916 8
172 199 -28
172 173 28
172 583 -13
172 946 28
556 558 8
556 555 -8
556 945 -8
556 554 -13
148 150 13
148 553 -19
148 146 -28
148 915 -19
120 121 8
120 528 13
120 890 -28
120 93 -19
665 251 8
665 663 19
665 664 13
665 667 19
665 1051 13
251 252 13
251 224 8
251 1026 -19
251 277 28
663 661 -8
663 662 -13
663 249 -8
663 1049 19
664 636 -8
664 692 -8
664 1054 19
664 254 8
667 253 -13
667 669 -13
667 1053 13
667 666 -13
1051 279 8
1051 1025 19
1051 1079 -19
1051 1052 28
391 392 -28
391 419 19
391 785 -19
392 782 -28
392 390 -8
392 394 28
419 20 -13
419 813 -13
419 447 28
419 420 -28
785 783 -19
785 19 -19
785 787 -13
785 784 28
473 445 13
473 867 8
473 474 -28
473 501 13
473 71 19
445 839 13
445 417 -28
445 446 19
445 45 8
867 97 8
867 869 28
867 865 -13
867 866 13
474 476 19
474 864 -19
474 472 13
474 68 19
501 502 -28
501 894 -19
501 529 -13
501 98 8
71 73 -28
71 69 -28
71 836 -13
71 70 -8
936 543 19
936 934 -13
936 935 13
936 938 8
543 570 -8
543 515 -19
543 544 8
543 138 8
934 162 28
934 933 19
934 932 8
934 541 -28
935 166 -28
935 546 19
935 907 -13
935 962 -28
938 937 -19
938 165 -28
938 940 28
938 545 8
161 134 8
161 569 -19
161 932 -28
161 186 -8
134 904 8
134 107 -8
134 542 -19
569 568 -19
569 958 19
569 571 -8
932 931 -13
186 213 19
186 597 28
186 959 8
476 70 -19
476 866 28
476 475 -8
476 478 -28
70 839 -28
70 44 -19
866 838 -8
866 893 -8
866 100 28
475 73 19
475 869 -19
475 447 8
475 503 -13
478 868 19
478 477 -28
478 72 28
478 480 -28
439 39 -8
439 833 13
439 467 -19
439 440 -8
439 411 -28
39 38 -8
39 37 13
39 41 19
39 802 -13
833 835 -28
833 64 -19
833 832 28
833 831 -28
467 495 28
467 861 -28
467 468 -19
467 65 28
440 438 -19
440 830 28
440 36 19
440 442 19
411 412 8
411 12 -28
411 383 19
411 805 19
880 878 -8
880 110 19
880 879 -13
880 882 -19
880 487 8
878 877 -13
878 485 28
878 108 -8
110 137 -19
110 83 -8
110 111 19
110 518 -13
879 852 13
879 490 -8
879 907 19
879 113 -13
882 489 13
882 112 13
882 881 28
882 884 13
487 488 -8
487 459 -28
487 515 28
487 84 28
193 605 -28
193 220 -28
193 194 -28
193 967 -28
193 167 13
605 994 8
605 603 28
605 604 -19
605 607 -28
220 633 -28
220 247 -8
220 995 -28
220 221 -13
194 602 8
194 196 -13
194 192 -8
194 964 -28
967 574 8
967 969 28
967 965 -19
967 966 19
167 577 28
167 141 19
167 940 28
705 1091 28
705 707 -28
705 704 13
705 703 -28
705 288 19
1091 318 13
1091 1063 19
1091 1092 -13
1091 1119 8
707 290 -8
707 1093 28
707 706 -13
704 291 -19
704 676 13
704 732 19
704 1094 8
703 1089 13
703 701 -8
703 286 13
703 702 -19
288 289 8
288 315 13
288 263 -13
288 1064 -28
539 566 19
539 511 -28
539 540 -8
566 594 -28
566 567 -19
511 512 -28
511 483 -19
540 132 13
540 929 19
540 538 -19
289 291 -8
289 287 28
289 702 8
289 1061 -13
315 342 8
315 316 19
315 733 13
315 1092 13
263 1038 -8
263 236 -8
263 264 -19
263 677 -8
1064 1063 -13
1064 1066 13
1064 1062 28
1064 674 -13
38 805 13
38 11 -28
38 442 -28
38 64 8
805 804 8
805 807 -28
805 803 8
11 12 13
11 777 -13
11 414 28
442 444 -13
442 832 28
442 441 19
64 91 -19
64 65 13
64 470 -28
20 18 -8
20 782 -13
20 22 -19
20 19 -28
18 16 13
18 417 -13
18 780 -13
18 17 28
782 810 13
782 783 13
22 421 -13
22 21 13
22 784 8
22 24 -28
19 422 -19
19 46 28
291 290 -19
291 1063 28
290 1066 -8
290 265 -13
290 317 -19
1063 1037 8
1063 677 -13
257 1032 19
257 671 19
257 258 8
257 230 28
257 282 -19
1032 1034 -19
1032 1030 8
1032 640 13
1032 1031 -8
671 673 19
671 1057 8
671 670 13
671 669 -28
258 256 19
258 668 13
258 260 -19
258 1029 13
230 1005 -19
230 643 19
230 231 -19
230 203 -28
282 283 8
282 1058 13
282 309 -28
282 699 -28
524 526 -28
524 523 -8
524 522 -28
524 116 19
524 913 13
526 118 -19
526 525 13
526 528 -28
526 915 -13
523 119 -13
523 495 -13
523 551 -19
523 916 -13
522 911 -19
522 520 19
522 114 -28
522 521 -13
116 886 -19
116 89 19
116 143 19
116 117 13
913 914 8
913 941 -19
913 885 19
913 146 28
886 884 -28
886 888 19
886 885 28
886 493 13
89 90 -19
89 62 8
89 859 19
89 496 -19
143 552 -8
143 914 -8
143 144 8
143 168 28
117 119 -19
117 115 8
117 521 -28
117 883 28
810 420 28
810 838 13
810 811 -19
810 47 -8
420 422 8
420 418 19
420 17 13
838 839 28
838 73 -19
838 448 28
811 44 28
811 809 -13
811 417 -8
811 813 19
47 45 -19
47 447 19
47 46 -8
47 49 8
1035 1061 -19
1035 1036 19
1035 1008 19
1035 264 -28
1035 647 8
1061 1089 -19
1061 1062 -13
1061 675 -13
1036 1034 28
1036 644 8
1036 1038 19
1036 261 19
1008 619 -13
1008 1009 -8
1008 980 -13
1008 237 13
264 262 -13
264 674 -28
264 266 8
647 645 19
647 234 -28
647 646 -28
647 649 19
489 86 8
489 517 -8
489 490 -13
489 461 28
86 852 -8
86 85 -28
86 88 19
86 84 19
517 545 28
517 518 19
517 910 -28
517 113 -28
490 488 13
490 83 8
490 492 -19
461 462 19
461 59 -28
461 433 19
461 855 28
623 621 13
623 622 -8
623 211 13
623 1011 -13
621 619 -8
621 209 -19
621 620 8
622 594 19
622 650 28
211 238 -13
211 212 -28
211 985 13
211 184 -8
1011 1012 -8
1011 984 -28
753 752 -8
753 1139 19
753 751 28
753 755 8
752 337 -8
752 724 13
752 1142 8
1139 1140 -13
1139 364 8
751 750 13
751 1137 13
751 749 19
751 332 -28
755 336 -19
755 754 -13
755 1141 8
755 757 28
119 118 -8
119 885 19
119 121 -28
118 91 13
118 145 -8
118 888 -13
885 858 -28
885 496 8
121 525 -8
121 887 13
121 123 13
361 1140 -28
361 362 -13
307 308 28
307 1084 19
307 280 -19
307 725 -8
335 337 13
335 750 -8
335 333 28
335 1109 28
337 336 -8
337 339 19
336 363 13
336 309 8
339 754 -28
339 338 19
339 1113 8
339 341 -28
794 31 19
794 795 -28
794 822 8
794 404 19
794 766 28
31 33 -28
31 431 8
31 30 -13
31 29 -8
795 28 -8
795 793 19
795 797 -19
795 401 -19
822 850 -8
822 432 -28
822 57 -13
822 823 -8
404 406 -8
404 402 19
404 403 28
404 1 -13
766 376 -13
766 767 13
766 4 13
1128 349 -28
1128 1127 -28
1128 1130 19
1128 738 -13
1128 1126 19
349 322 -19
349 350 13
1127 352 13
1127 1099 8
1127 741 19
1130 351 -13
1130 1132 13
1130 1129 13
1130 740 -28
738 710 28
738 739 28
738 323 -28
1126 736 -28
1126 347 -19
1126 1125 8
1126 1124 -13
67 65 -19
67 69 28
67 469 28
67 66 -19
67 832 13
65 63 -19
65 830 13
69 68 13
69 471 -19
69 834 8
469 470 -28
469 441 13
469 863 13
469 497 19
66 472 13
66 835 -13
66 40 19
66 93 13
832 804 -13
832 860 -8
858 92 8
858 830 -19
858 859 8
858 468 -13
92 495 -28
92 91 13
92 94 -13
92 90 8
830 802 8
830 831 13
859 465 8
859 857 -28
859 861 -19
468 62 19
468 466 -8
468 470 19
573 571 -19
573 575 -28
573 962 -8
573 572 8
571 162 8
571 570 -13
571 960 19
575 574 13
575 577 -13
575 964 -19
575 165 -19
962 990 28
962 963 -8
962 192 13
572 166 13
572 545 28
572 965 -13
572 600 -28
673 1059 -28
673 675 -8
673 259 -19
673 672 -13
1057 285 -13
1057 1031 -13
1057 1085 13
1057 1058 -19
670 642 -13
670 698 -13
670 1060 -13
670 260 -28
669 255 -28
669 1055 28
669 668 8
397 425 19
397 791 8
397 398 8
425 453 13
425 426 -19
425 26 -8
425 819 8
791 789 -8
791 25 -28
791 790 -13
398 396 19
398 788 8
398 400 28
839 841 -8
839 837 -13
841 447 -28
841 72 -8
841 843 8
841 840 -19
837 835 13
837 68 -28
837 836 8
837 443 -13
1083 310 -8
1083 1084 -8
1083 1055 19
1083 697 13
310 312 -13
310 308 -8
310 724 13
310 309 19
1084 694 28
1084 1082 13
1084 1086 -8
1055 283 28
1055 1056 8
1055 1029 13
697 695 19
697 280 -8
697 699 19
697 696 -19
166 164 8
166 165 8
164 933 13
164 163 8
164 570 -19
165 191 -28
165 139 -28
636 227 13
636 1028 -8
636 637 -8
636 608 13
227 226 -13
227 229 -13
227 225 -28
227 998 28
1028 253 -13
1028 1026 -8
1028 1030 8
1028 1027 -8
637 639 -28
637 1025 -28
637 635 19
637 224 28
608 609 -8
608 580 8
608 200 28
608 1001 -28
574 547 -13
574 602 28
577 579 -13
577 966 28
577 576 28
964 937 -28
964 992 28
964 965 28
942 941 8
942 549 28
942 940 -28
942 944 -8
942 168 -13
941 171 -28
941 552 8
941 968 19
549 550 28
549 144 -19
549 521 -13
549 576 8
940 547 -8
940 939 -13
944 551 19
944 946 19
944 170 -19
944 943 19
168 579 8
168 195 -19
168 169 8
905 933 8
905 516 -19
905 877 8
905 138 -28
905 906 -13
933 544 -8
933 960 -8
516 514 -19
516 108 13
516 515 19
516 518 13
877 488 28
877 111 -8
877 850 8
138 137 -8
138 136 8
138 140 28
906 513 -28
906 908 -28
906 904 -8
906 135 -28
226 1001 19
226 199 28
226 639 -28
226 253 28
1001 1000 -19
1001 1003 19
1001 999 -13
199 200 19
199 611 28
199 973 -19
639 638 13
639 1027 -8
639 641 13
253 278 13
253 254 28
482 872 -19
482 480 -19
482 76 13
482 484 13
482 481 -13
872 899 19
872 873 8
872 106 19
872 844 -19
480 870 -19
480 74 19
480 479 28
76 50 19
76 103 19
76 77 -28
76 845 -19
484 78 19
484 483 8
484 874 -8
481 453 -13
481 509 -28
481 79 -8
481 875 13
417 418 13
417 389 8
446 444 19
446 836 -8
446 448 -13
446 42 19
45 44 19
45 43 8
45 808 -13
884 114 -19
884 883 28
884 491 -13
888 495 28
888 890 8
888 887 -28
493 465 13
493 90 13
493 521 19
493 494 -8
1004 1031 13
1004 615 19
1004 1005 -19
1004 233 -19
1004 976 8
1031 260 -28
1031 643 -8
615 613 -13
615 614 13
615 617 19
615 203 19
1005 612 -19
1005 1007 -13
1005 1003 13
233 642 19
233 232 28
233 235 13
233 231 -19
976 977 -19
976 206 -13
976 949 -19
976 587 8
721 720 -19
721 1107 13
721 723 -8
721 303 -19
721 719 19
720 306 13
720 692 19
720 748 -13
1107 1108 13
1107 1135 28
1107 1079 -28
1107 333 13
723 1109 8
723 305 8
723 725 -19
303 330 -28
303 1080 13
303 304 13
303 277 -8
719 1105 -19
719 717 -13
719 301 19
719 718 -8
44 448 -13
44 17 13
448 447 8
448 450 -13
17 783 -13
989 596 8
989 987 -13
989 991 -13
989 988 -8
989 214 -19
596 568 -28
596 624 28
596 597 -28
596 188 13
987 213 -28
987 986 -19
991 990 13
991 598 -8
991 993 28
991 216 -13
988 217 -8
988 599 19
988 1015 28
988 960 -13
214 241 28
214 627 13
214 187 -19
214 215 -28
306 305 -8
306 308 -28
306 304 13
306 1079 28
305 278 19
305 1082 -19
305 332 13
308 1081 19
304 718 28
304 1077 28
304 302 13
1079 1080 13
1079 693 28
816 426 -8
816 817 -8
816 53 -13
816 788 13
816 844 -8
426 424 28
426 428 -8
426 23 -8
817 815 13
817 423 8
817 50 13
817 819 -8
53 453 28
53 52 13
53 51 -19
788 789 -28
788 26 -13
844 845 28
844 79 -19
844 454 13
495 496 -8
496 494 -19
496 498 -19
279 692 -13
279 278 -19
279 281 -28
1025 998 19
1025 254 19
1025 1026 19
1052 662 8
1052 1050 19
1052 1054 -8
1052 277 -8
125 529 -28
125 124 -8
125 127 -8
125 123 -13
125 891 19
529 922 19
529 557 -8
529 530 13
124 97 -8
124 532 28
124 894 28
124 151 8
127 531 -19
127 893 -13
127 129 28
127 126 -19
123 527 13
123 889 8
123 122 19
891 864 28
891 892 28
891 502 19
891 919 13
594 595 28
595 593 19
595 984 -8
595 184 19
352 350 28
352 351 19
352 354 -28
350 1125 19
350 348 -28
351 324 -19
354 1129 -28
354 356 -28
354 353 -8
91 498 -8
91 861 -13
498 497 28
498 887 8
498 500 13
861 863 -13
861 860 -28
1134 1133 -19
1134 1136 -28
1134 1132 8
1134 744 28
1134 355 28
1133 358 13
1133 1105 13
1133 747 -28
1136 1135 -19
1136 357 -13
1136 1138 -28
1136 746 13
1132 1131 -19
1132 742 28
1132 353 28
744 716 19
744 329 28
744 745 13
355 356 -28
355 328 -19
73 72 28
73 75 -8
72 46 28
72 99 -19
75 77 -8
75 74 -28
75 840 8
75 477 13
864 836 28
864 865 28
864 98 8
836 808 28
865 863 13
865 471 -19
865 95 -19
98 97 -13
98 96 28
98 100 -19
579 581 -19
579 968 13
579 578 13
581 580 28
581 970 -19
581 170 8
581 583 19
968 996 -13
968 969 28
968 198 13
578 171 -28
578 606 -8
578 551 -13
578 971 13
570 963 8
570 598 8
515 908 -8
515 111 -8
544 546 -8
544 542 -8
544 135 13
736 737 28
736 708 19
736 321 19
737 1123 -19
737 739 -8
737 319 28
708 1098 19
708 294 -28
708 680 19
708 709 8
321 1095 19
321 323 -8
321 320 8
1099 1071 -8
1099 325 -8
1099 713 -28
1099 1100 -19
1071 298 13
1071 1072 -19
1071 685 -13
1071 1044 28
325 324 8
325 327 8
325 323 28
325 740 19
713 712 28
713 711 19
713 295 -13
713 715 -13
1100 710 -13
1100 1102 -28
1100 1098 8
1100 322 13
1089 316 -28
1089 1117 19
1089 1090 13
316 318 13
316 314 -13
316 730 19
1117 1145 13
1117 1118 8
1117 343 13
1117 731 -28
1090 1088 13
1090 700 -28
1090 1092 -19
1090 313 19
171 169 28
171 173 -19
171 170 -13
169 939 -28
169 576 13
173 580 -8
173 943 -13
173 175 -28
170 145 -13
170 197 13
642 1034 -28
642 643 -13
642 614 13
1034 259 13
1034 1033 13
643 645 -28
643 641 8
614 586 28
614 206 -19
614 1007 13
137 908 -28
137 546 13
908 907 8
908 910 -19
546 545 -13
546 548 28
948 555 8
948 950 28
948 947 28
948 174 19
948 946 -13
555 527 19
555 150 8
555 582 -28
950 176 13
950 557 19
950 949 28
950 951 13
947 177 19
947 558 13
947 919 -8
947 974 -28
174 585 8
174 149 -19
174 201 -13
174 175 19
946 945 13
946 553 -19
645 1033 28
645 232 8
645 644 8
1033 1006 -13
1033 262 28
1033 1059 -13
232 259 -13
232 1007 8
232 205 13
644 235 -8
644 672 -19
644 616 28
911 883 -19
911 912 -13
911 939 28
911 144 19
883 494 28
883 856 8
912 910 -28
912 519 13
912 914 -13
912 141 28
939 550 -8
939 966 13
144 146 19
144 142 -8
259 284 -19
259 260 13
1007 1006 19
1007 1009 -28
205 206 19
205 979 -8
205 178 -8
205 617 -13
654 626 -13
654 682 8
654 244 19
654 1045 -19
654 655 28
626 217 -19
626 1018 -19
626 627 28
626 598 -8
682 710 -13
682 683 -13
682 1072 8
682 270 13
244 243 -19
244 246 28
244 242 -28
244 1015 19
1045 1043 8
1045 1044 8
1045 1046 -13
655 653 -19
655 657 13
655 1042 8
655 241 -13
463 61 -19
463 857 -28
463 464 8
463 435 13
463 491 13
61 63 -19
61 59 -8
61 826 8
61 60 8
857 87 -13
857 855 -13
857 856 8
464 466 13
464 854 -19
464 462 -28
464 58 -19
435 436 -28
435 407 8
435 829 19
435 35 13
491 492 28
491 519 13
491 88 -8
727 729 8
727 725 13
727 1113 8
727 726 28
727 309 -19
729 311 -28
729 1115 -8
729 731 -13
729 728 8
725 724 28
1113 1141 8
1113 1085 13
726 312 19
726 698 19
726 754 8
726 1116 -13
309 1086 8
217 215 -19
217 219 -8
217 216 -28
215 986 -28
215 624 8
219 990 8
219 628 -8
219 218 13
219 221 -28
216 189 8
216 243 8
216 629 -28
692 1082 19
692 693 13
1082 1081 -28
1082 1080 -13
693 695 -13
693 691 -8
693 277 -13
312 314 19
312 311 8
312 1085 28
314 313 19
314 1087 8
314 728 -8
311 284 -13
311 1088 -8
1085 699 19
1085 1086 19
465 466 -28
465 63 19
465 437 -13
466 60 19
466 856 -13
63 62 19
63 828 19
437 438 13
437 37 -8
437 409 8
437 831 -13
410 408 19
410 800 8
410 412 19
410 7 13
410 409 28
408 407 -28
408 406 8
408 798 -19
408 5 -13
800 37 -19
800 772 -13
800 828 28
800 801 13
412 414 -28
412 802 -19
412 9 -8
7 34 19
7 8 19
7 773 8
409 381 -8
409 10 -8
409 803 19
278 695 28
278 1054 -8
695 694 -19
695 1081 -19
1054 1056 19
1054 1053 28
502 504 -28
502 500 13
502 95 -19
894 893 19
894 896 8
894 892 -8
694 666 -28
694 281 -13
666 638 28
666 256 8
666 1056 13
281 283 28
281 1053 -28
281 280 13
285 698 -8
285 284 13
285 287 -13
285 283 8
1058 1060 -19
1058 1056 13
1058 668 -28
358 356 -28
358 357 -8
358 360 13
356 1131 28
357 330 19
360 359 -13
360 1135 -28
360 362 8
97 504 13
504 893 8
504 506 -19
504 503 -13
513 541 -8
513 109 13
513 514 8
513 485 28
541 568 -8
541 136 8
541 542 -8
109 876 8
109 111 -28
109 108 -8
514 107 -13
514 903 -19
485 486 28
485 457 -19
485 82 -28
613 201 -13
613 1002 19
613 611 19
613 612 28
201 228 -8
201 202 19
201 975 -13
1002 1029 -28
1002 974 19
1002 1003 19
1002 231 -13
611 1000 -19
611 609 -8
611 610 28
612 584 13
612 204 8
612 640 19
1043 268 -19
1043 652 -28
1043 1041 8
1043 1042 13
268 683 -13
268 293 -8
268 241 8
652 653 -13
652 242 19
652 624 13
652 680 19
1041 267 28
1041 1040 -13
1042 270 8
1042 1069 -13
1042 1015 -13
743 741 19
743 742 -19
743 324 19
743 745 13
743 1129 -13
741 739 -28
741 322 13
741 740 8
742 714 -28
742 327 8
324 297 -8
324 1102 8
745 326 -13
745 1131 13
745 747 -28
1129 1101 8
1140 1142 8
1140 1138 -28
1140 750 8
1142 1141 -8
1142 363 13
1142 1144 -19
1138 359 19
1138 1137 13
1138 748 -28
297 715 -13
297 298 -28
297 271 28
297 1074 -8
1102 712 -19
1102 1104 13
1102 1101 19
567 565 -28
567 956 -13
567 159 -13
1105 1077 -8
1105 331 -13
1105 1106 -19
1077 691 13
1077 1078 28
1077 1049 19
331 330 19
331 333 19
331 746 19
331 329 19
1106 1108 -28
1106 1104 13
1106 716 -19
1106 328 -8
648 239 8
648 649 19
648 620 -13
648 1039 -28
648 676 19
239 238 -28
239 237 -19
649 651 13
649 236 -28
649 1037 8
620 212 8
620 1012 -19
620 592 13
1039 265 -19
1039 1038 8
676 1066 8
676 266 -8
676 677 13
1108 718 28
1108 330 -8
718 690 8
718 746 28
330 749 13
661 660 19
661 1047 -8
661 659 -28
661 247 8
660 250 -8
660 688 -13
660 1050 19
660 632 19
1047 1048 -28
1047 1021 13
1047 1075 8
1047 276 -8
659 245 8
659 658 19
659 657 -8
247 1022 8
247 273 19
247 248 8
238 265 28
238 1012 19
238 651 19
265 679 8
265 266 28
1012 1010 13
651 650 -28
907 140 -19
907 518 -8
910 139 -13
910 909 19
470 472 13
470 860 28
441 835 -19
441 413 13
441 41 19
863 93 -28
863 862 -28
497 94 28
497 525 -28
497 890 8
472 862 28
472 471 -8
862 96 -8
862 834 -28
862 889 -8
471 443 -19
471 499 8
931 542 13
931 958 19
931 163 28
931 903 -28
958 986 -8
958 959 -13
958 188 -13
163 568 28
163 162 -28
903 904 8
903 136 8
903 876 19
698 1088 8
698 699 -28
1088 1087 19
1088 1086 8
699 701 13
189 963 19
189 190 -8
189 601 19
963 961 19
963 965 8
190 598 13
190 192 -19
190 188 8
190 960 28
601 603 -13
601 990 -28
601 599 19
601 600 -28
318 317 -19
318 732 19
317 735 -28
317 344 19
317 1094 28
732 760 -8
732 1122 19
732 733 -13
416 13 8
416 414 13
416 806 -13
416 418 19
416 415 19
13 40 19
13 779 13
13 14 -13
414 804 -19
414 413 -13
806 43 -19
806 778 28
806 834 -13
806 807 28
418 808 8
418 15 19
415 16 8
415 387 -13
415 809 8
415 443 13
701 700 -8
701 284 -28
701 1087 8
700 287 19
700 728 8
700 672 13
284 1060 -8
1087 1059 8
1087 1115 13
535 928 13
535 536 -13
535 563 -13
535 131 13
535 507 -13
928 157 8
928 927 -13
928 926 19
928 930 -13
536 925 -13
536 128 8
536 538 -13
536 534 8
563 158 13
563 590 -8
563 955 -28
131 129 8
131 897 -8
131 130 -8
131 133 19
507 900 -13
507 508 8
507 104 28
507 479 -28
1060 1059 13
1060 1062 -13
710 711 13
710 296 13
711 293 19
711 1097 -8
711 709 -13
296 1069 19
296 298 28
296 295 -8
296 294 -13
783 781 28
783 389 8
16 15 -28
16 14 13
16 778 13
15 781 -28
15 42 19
14 413 -19
14 12 28
14 776 -28
778 388 8
778 779 19
1037 1038 -28
1037 266 19
677 679 -8
677 675 -19
287 1059 13
287 286 8
286 261 8
286 1062 -28
286 313 19
520 112 8
520 518 19
520 519 19
520 909 13
112 85 -28
112 113 -28
112 139 19
519 115 28
519 547 -28
909 937 -28
909 142 19
909 881 -19
85 492 -28
85 855 -28
85 58 -28
113 115 -19
113 111 8
139 140 28
139 548 8
787 393 -19
787 789 -19
787 21 -13
787 786 -8
784 812 -13
784 394 -8
1066 1065 -8
1065 1093 13
1065 679 -19
619 207 -19
619 618 -19
619 617 -19
207 981 -8
207 234 28
207 208 13
207 180 -13
618 590 13
618 210 -13
618 1010 19
618 646 8
617 1006 -13
617 616 -13
94 93 28
94 96 8
94 860 -28
93 500 -8
96 499 13
96 95 28
860 887 -19
749 747 13
749 1135 8
749 748 -8
114 141 -13
114 87 -19
114 115 13
141 550 19
141 142 28
87 494 13
87 88 8
87 60 -8
115 881 8
62 831 19
62 36 19
828 438 19
828 829 -19
828 856 -13
158 156 -13
158 160 -28
158 157 -13
158 925 -13
156 561 19
156 155 -19
156 154 28
156 923 -13
160 927 -13
160 564 8
160 159 13
157 565 -13
157 182 -13
157 130 -28
925 926 -13
925 897 -19
1053 1027 28
1053 1081 -8
393 394 -13
393 421 -13
394 396 -13
421 422 8
421 815 -19
421 449 -8
835 834 -8
834 444 -28
1123 1095 13
1123 348 -19
1123 1124 -8
1095 1096 13
1095 1067 19
1095 709 13
348 347 19
1124 346 13
568 961 -8
961 959 8
961 187 8
961 960 19
162 135 -19
162 187 -28
135 136 28
135 108 19
187 599 -8
187 188 13
868 869 -13
868 840 8
868 895 13
868 102 -28
477 449 -8
477 505 19
477 871 13
937 548 -13
548 550 8
548 547 28
881 492 -13
881 854 28
717 1103 28
717 299 -19
717 716 -19
717 715 -8
1103 1131 19
1103 1104 -28
1103 329 -13
1103 1075 -19
299 1076 -13
299 326 19
299 300 -8
299 273 -13
716 302 -13
716 688 19
715 714 19
715 1101 19
422 812 8
422 424 8
812 840 -8
812 49 13
812 813 -13
424 21 -28
424 814 -13
424 423 -19
46 813 28
46 450 -13
789 23 -13
789 395 13
23 50 -13
23 24 8
395 396 -13
395 423 -19
40 807 28
40 444 28
40 41 -13
807 413 -13
807 809 13
444 443 -13
41 43 -13
41 804 -13
981 979 28
981 588 28
981 983 -28
981 980 13
979 977 -13
979 586 -8
979 978 -8
588 616 19
588 561 -13
588 589 8
588 181 -8
983 590 -13
983 985 13
983 982 -13
983 209 -8
980 210 -13
980 952 8
980 591 -28
21 48 -28
24 786 19
24 26 -19
24 423 -19
650 678 -19
145 554 -8
145 146 28
145 916 -8
301 328 13
301 302 28
301 275 -13
301 1078 8
328 329 -8
328 747 -28
302 1075 28
302 300 19
275 249 -8
275 691 -19
275 1050 28
275 276 -13
1078 1076 -19
1078 688 19
1078 1080 13
250 249 19
250 252 -19
250 248 28
250 1021 -28
249 1024 -19
249 222 -19
252 662 19
252 1023 -8
252 254 -13
248 658 -8
248 1019 -13
248 246 -13
1021 633 -19
1021 994 28
1021 1022 19
25 52 19
25 26 -28
25 428 28
790 818 8
790 400 -19
1026 1024 -28
1026 634 19
1030 638 -28
1030 1029 19
1030 255 -13
1027 256 -13
1027 1000 -19
363 364 -19
1145 370 -19
1145 1146 -13
1145 759 -28
370 369 19
370 368 -8
370 372 13
1146 367 19
1146 756 28
1146 1148 -19
1146 1144 -13
759 758 13
759 761 -28
759 340 -13
759 757 -28
590 183 19
590 591 8
183 952 -13
183 182 13
183 181 -19
183 185 -8
591 180 -8
591 593 -28
591 589 28
68 95 -13
68 42 19
347 320 28
320 1098 -19
320 739 28
320 293 -28
740 712 -28
675 674 -19
675 261 28
672 262 28
672 1062 28
843 74 -8
843 449 -28
843 842 28
843 845 8
840 450 8
390 389 -19
390 388 -8
390 780 -19
388 386 8
388 387 -8
780 781 8
780 808 -19
547 142 19
602 603 -8
602 630 -28
602 995 -13
638 229 8
638 610 -8
229 1000 28
229 228 13
229 231 19
610 582 8
610 202 -28
610 1003 28
1076 686 19
1076 1075 -28
1076 1074 13
686 658 19
686 714 13
686 274 8
686 687 -8
1075 689 19
1074 1073 8
1074 1072 -28
1074 684 -19
890 889 28
890 892 -13
887 915 -28
210 209 8
210 208 -28
210 212 13
209 236 -28
209 182 -19
208 206 -19
208 616 13
208 978 -13
212 982 -28
1006 978 -8
1006 235 -28
978 589 -28
235 234 -8
235 237 -8
438 436 19
438 34 8
436 434 19
436 32 -28
436 826 -19
34 60 -19
34 35 8
34 801 -13
1109 1137 13
1109 1081 -8
332 359 13
332 333 -8
37 35 13
37 36 -28
35 33 -19
35 798 -28
36 9 -13
36 803 -19
256 254 8
256 255 -13
255 228 -8
255 280 13
369 1148 -28
369 342 19
1148 1147 -13
1148 758 28
1148 1150 -19
342 343 -13
342 1120 8
342 761 19
405 377 13
405 406 -28
405 799 -8
405 433 28
405 6 8
377 378 19
377 771 13
406 3 -13
406 796 28
799 32 19
799 801 -28
799 798 -19
799 797 28
433 434 8
433 33 -13
433 827 19
6 8 19
6 5 28
6 4 19
6 768 19
488 81 8
488 486 -8
81 108 13
81 55 19
81 82 8
81 851 8
486 876 19
486 80 -13
353 326 -13
746 747 -19
77 79 -19
77 479 13
77 842 -28
74 48 -8
74 101 8
855 854 -13
855 853 19
856 90 13
739 1125 -28
323 322 -28
323 1097 -13
847 453 13
847 78 8
847 846 28
847 845 -13
453 454 -19
78 52 19
78 105 19
78 79 -28
846 456 19
846 874 -19
846 818 8
845 451 -19
396 786 13
786 814 -28
616 1009 -19
1080 690 -13
234 261 19
234 1009 -28
261 262 13
1009 1010 13
656 657 -28
656 628 -28
656 246 -28
656 684 -13
656 1046 13
657 243 -13
657 1044 -13
628 1020 -28
628 600 -28
628 629 13
246 245 -19
246 1017 -19
684 712 -8
684 685 -28
684 272 28
1046 271 -19
1046 1048 -28
984 985 -19
984 956 19
443 43 -28
1115 1143 -13
1115 1116 -19
1115 341 -28
731 730 -19
731 313 13
731 733 28
728 756 -19
728 1118 13
381 382 -28
381 775 13
10 9 -8
10 8 13
10 772 19
10 12 28
803 802 13
803 801 13
43 42 28
42 809 13
313 340 -28
802 774 -8
9 775 28
775 773 19
775 777 -13
775 774 13
262 260 -19
815 814 -19
815 48 -8
815 813 -8
814 51 -19
814 842 13
48 452 -19
48 49 -8
512 105 -19
512 510 8
512 901 -8
105 106 -19
105 132 13
105 875 13
510 508 -28
510 899 -8
510 509 19
510 103 -13
901 929 -8
901 874 -19
901 902 19
779 781 8
779 385 28
779 777 -28
584 977 28
584 177 -13
584 585 13
584 557 -8
204 206 28
204 202 19
204 974 13
204 203 -13
640 641 28
640 231 -8
640 668 28
781 387 -13
90 88 -28
88 854 -19
586 559 -13
586 179 -28
586 587 -8
560 558 -8
560 949 -13
560 559 -8
560 151 -8
560 562 13
558 557 -19
558 149 19
949 921 -28
949 179 8
559 531 19
559 951 28
559 154 -13
151 176 -19
151 922 8
151 152 -13
562 561 -13
562 153 -8
333 748 8
688 689 8
688 276 19
1050 1049 8
1050 1048 -8
632 1024 -8
632 633 28
632 223 -28
632 604 19
1086 696 19
662 690 -19
662 634 -8
690 691 13
634 635 -28
634 606 -19
634 225 -8
499 527 -13
499 892 -8
499 500 -13
876 848 -8
848 849 19
848 458 28
848 820 28
848 82 13
1010 236 -19
808 809 28
850 460 -19
850 84 -19
850 851 -13
977 203 13
977 975 -19
203 176 -8
975 973 19
975 582 -13
975 974 -8
712 298 -8
298 300 28
1093 1121 8
1093 1094 -28
679 678 -13
646 674 -19
646 1038 -19
646 237 28
27 793 -8
27 54 -8
27 430 8
27 0 19
793 792 13
54 80 13
54 458 8
54 821 13
430 429 -19
430 820 13
430 432 -28
0 402 13
0 765 13
271 245 19
271 272 -28
271 687 -13
95 122 19
955 957 -19
955 182 19
955 954 13
955 953 -8
1024 1023 19
1024 1022 13
1023 1049 -28
1023 996 8
1023 635 -8
1022 1020 13
1022 630 19
245 1020 28
245 218 19
1020 1019 -19
1020 1018 28
218 631 8
218 191 -19
218 993 -28
869 871 -13
869 99 13
871 870 28
871 101 -28
871 873 13
99 506 -8
99 126 8
99 100 -13
831 829 8
565 954 -13
565 564 13
954 927 -19
954 982 8
954 185 -8
564 957 13
564 537 13
564 592 -28
182 593 -8
130 103 -8
130 900 13
130 538 13
927 538 -8
927 899 -13
159 132 -13
159 184 -19
159 930 -28
668 696 28
1125 1097 28
1097 1098 -8
1097 1069 -19
386 385 -28
386 776 -8
386 384 -19
385 413 -13
776 804 28
776 777 -8
384 383 8
384 774 -8
384 382 8
1072 295 13
1072 1070 -28
685 683 -8
685 269 -19
685 687 -19
1044 1017 -19
1044 272 13
952 953 -28
434 30 -8
434 432 -8
434 824 -13
30 3 28
30 797 -13
432 28 -8
432 431 19
824 852 -19
824 825 -8
824 59 8
824 796 13
985 592 28
982 593 13
283 696 -28
696 724 8
33 796 28
33 32 -28
796 768 -19
796 797 -8
32 5 8
32 58 -19
222 635 -13
222 195 -13
222 997 8
222 223 13
818 819 -19
818 428 13
400 399 -13
826 854 8
826 827 -13
826 798 8
763 761 13
763 344 -8
763 1149 8
763 762 -13
761 1147 -13
761 760 -13
344 371 8
344 345 -8
344 1122 13
1149 1150 13
1149 1121 19
762 734 -8
1000 972 19
1029 641 -28
1147 372 -28
1147 1119 -8
372 371 8
1119 1120 -13
1119 345 -19
1119 733 -13
450 452 13
450 449 8
322 295 8
80 849 -19
80 107 -19
849 851 -13
852 462 -28
852 853 -8
462 460 -13
853 459 -8
853 83 28
853 851 13
691 689 28
236 237 8
633 635 28
633 631 19
631 1019 -13
631 630 -28
631 629 28
132 133 28
132 902 8
929 956 -28
929 930 19
538 537 13
371 1150 -28
1150 760 -13
407 8 -13
407 801 13
407 379 13
8 770 -28
379 773 19
379 380 8
83 84 28
492 494 -13
683 681 8
683 1069 28
681 267 -28
681 680 -28
1069 1070 19
28 1 28
28 55 -8
28 29 -19
797 403 -28
401 429 28
401 402 13
401 2 13
401 373 -28
58 59 19
58 827 8
957 956 -19
957 184 -28
184 185 19
921 532 -8
921 893 -13
921 154 -28
921 922 13
532 531 28
532 530 28
532 534 28
154 153 -8
154 152 28
922 920 -8
922 924 13
224 197 28
224 999 -19
224 225 28
658 630 13
658 1048 28
630 221 13
1048 273 -28
225 996 -8
225 223 13
998 609 28
998 970 -8
998 999 -13
1096 319 13
1096 1098 13
319 346 -19
319 292 -19
375 376 -13
375 403 28
375 769 -28
376 378 13
376 374 8
403 431 -19
403 4 28
769 768 8
769 771 -19
769 767 -8
769 3 -8
1003 228 19
12 774 28
383 777 28
483 455 19
460 458 -8
460 55 13
460 459 28
458 457 -13
55 823 8
55 56 28
459 57 -19
459 431 -28
423 451 8
50 454 -8
50 51 -13
819 52 -19
689 273 -28
689 687 -28
273 274 -19
687 1073 19
593 592 -8
531 503 13
531 924 28
951 178 -28
951 953 -28
561 533 13
561 953 19
153 924 -13
153 126 8
153 178 19
1056 280 28
1019 992 -8
992 603 -13
992 993 -8
992 221 13
924 926 28
924 923 -13
126 534 -8
126 896 13
178 589 -19
178 179 13
292 1068 8
292 709 -28
292 267 13
1092 702 -28
1092 1094 19
899 900 8
899 133 19
1104 714 -8
1104 326 13
1101 327 -13
1101 1073 19
653 240 -28
653 1040 -8
241 242 28
241 1016 -28
382 380 19
382 772 13
1067 294 28
1067 1040 -28
1067 1068 19
294 293 8
1040 1013 28
1068 1070 -13
587 176 28
587 585 -13
587 589 19
60 829 -13
429 29 28
429 823 19
429 457 8
29 792 28
823 825 19
823 821 -13
457 851 -8
457 56 -8
714 300 -28
300 1073 -8
557 152 28
530 919 8
530 528 -28
530 122 -19
592 185 -8
1 2 19
1 767 -13
758 730 -28
758 343 8
340 1118 28
340 367 -13
340 341 -13
757 756 -13
757 1143 13
757 338 19
326 327 28
996 607 -28
996 997 -13
100 503 -8
100 102 -13
537 509 -13
537 930 13
537 133 13
772 773 -13
327 329 -13
820 792 19
820 821 19
820 56 13
82 84 -13
829 827 8
827 825 8
451 51 -28
451 479 19
451 452 -28
51 49 -28
479 873 -19
452 842 19
452 454 -8
5 771 8
180 155 19
180 953 19
180 181 -13
128 155 -13
128 129 -13
128 898 13
128 101 -13
534 533 -28
534 923 -28
994 223 -28
994 966 19
994 995 19
223 221 -19
966 196 19
995 993 13
995 997 8
293 1070 13
129 533 -19
129 895 13
897 508 13
897 870 8
897 898 13
295 269 -13
177 176 8
177 175 28
177 179 -19
585 974 19
585 583 -28
604 196 -28
604 576 -19
604 997 19
545 140 -8
195 196 13
195 969 -13
195 607 -13
997 999 -28
972 973 13
972 202 13
972 583 -28
972 945 -13
270 269 -19
270 272 -13
269 243 13
243 1018 -13
49 449 -19
367 368 -8
756 341 -8
1144 754 13
1144 365 -8
1144 1143 13
276 274 28
603 191 19
191 192 -28
191 965 -8
152 150 -8
152 919 -8
641 228 -28
378 768 28
378 380 28
771 770 8
771 773 -19
57 59 -13
57 56 -28
431 825 -8
368 1143 19
368 366 -8
3 4 13
525 553 -13
553 580 19
553 554 -8
4 2 -8
533 926 -19
533 505 -8
1018 1017 -19
1018 1016 8
155 926 -28
609 607 -8
609 197 -28
607 606 -28
197 198 8
197 971 -8
990 1017 28
1017 629 -19
730 702 28
730 1120 19
343 345 13
343 341 -8
503 896 13
760 345 8
1016 1014 28
1016 624 -13
1016 1015 -28
678 706 19
580 973 -19
973 971 8
179 181 8
600 192 -19
600 993 -13
629 627 19
200 202 -13
200 198 -19
200 970 -13
198 196 -8
198 606 -8
970 971 28
970 943 -19
103 104 28
103 873 8
900 898 -13
900 902 -19
509 902 -28
509 106 13
1141 366 13
366 365 -8
366 364 19
898 896 28
898 505 28
606 999 -8
1070 680 -28
734 735 -19
734 706 -8
735 733 -8
735 1121 8
272 274 -13
402 792 -28
792 764 -28
365 338 8
338 1116 8
770 380 8
770 798 -19
550 552 -28
552 554 -28
552 551 13
240 1014 13
240 213 8
240 267 -13
527 920 -8
527 528 -13
920 919 -13
920 149 -19
528 917 -8
969 576 8
969 971 13
508 506 8
508 101 19
506 895 13
506 505 -13
101 102 -8
1014 1013 -19
1013 242 8
1013 986 -8
1013 625 8
945 917 -19
945 175 13
554 943 -19
674 702 19
150 149 -13
150 917 -13
149 122 19
917 889 -8
923 895 28
374 764 -13
374 373 -13
505 102 -19
1137 362 -8
362 364 19
582 175 -28
582 583 -28
1118 1116 28
1118 1120 19
1120 1122 13
895 896 -28
122 892 -19
764 765 19
764 2 -28
765 767 -19
842 870 -8
454 456 8
874 875 -19
373 767 19
1121 1122 13
870 104 -19
104 106 -13
104 102 -28
521 914 28
551 146 -13
914 916 -8
624 625 -8
889 500 -28
873 875 -28
986 597 28
625 627 -28
625 213 -28
1015 627 8
915 943 -8
915 916 -28
399 427 19
427 428 -13
427 455 -8
598 599 19
140 142 -19
456 455 8
456 52 19
599 597 28
