1112 1111 28
1112 334 19
1112 1110 -19
1112 1114 8
1112 722 -8
1111 337 19
1111 1083 13
1111 1139 -19
1111 725 13
334 753 -28
334 361 -8
334 307 -13
334 335 19
1110 1108 19
1110 332 -13
1110 720 13
1110 1109 8
1114 336 -28
1114 724 -13
1114 1116 -8
1114 1113 -13
722 694 -28
722 723 8
722 308 8
722 750 19
147 918 8
147 172 19
147 556 19
147 148 19
147 120 -28
918 525 19
918 917 13
918 920 -19
918 916 -19
172 199 -13
172 173 28
172 583 -8
172 946 -8
556 558 13
556 555 19
556 945 19
556 554 -19
148 150 -13
148 553 -28
148 146 -19
148 915 -8
120 121 -19
120 528 8
120 890 8
120 93 8
665 251 19
665 663 8
665 664 -28
665 667 -8
665 1051 19
251 252 28
251 224 -8
251 1026 -13
251 277 -28
663 661 -8
663 662 -28
663 249 -8
663 1049 19
664 636 19
664 692 13
664 1054 13
664 254 -28
667 253 8
667 669 19
667 1053 -13
667 666 8
1051 279 13
1051 1025 -8
1051 1079 -8
1051 1052 -19
391 392 -28
391 419 8
391 785 28
392 782 -13
392 390 -28
392 394 13
419 20 -13
419 813 28
419 447 -19
419 420 -19
785 783 -19
785 19 -19
785 787 13
785 784 8
473 445 -28
473 867 19
473 474 -13
473 501 13
473 71 19
445 839 28
445 417 -19
445 446 28
445 45 -8
867 97 -13
867 869 -28
867 865 13
867 866 -19
474 476 -19
474 864 -28
474 472 -8
474 68 -8
501 502 8
501 894 -28
501 529 -19
501 98 13
71 73 8
71 69 -19
71 836 -19
71 70 -19
936 543 28
936 934 -28
936 935 -13
936 938 -19
543 570 13
543 515 13
543 544 13
543 138 -28
934 162 -28
934 933 28
934 932 19
934 541 28
935 166 28
935 546 -19
935 907 8
935 962 19
938 937 8
938 165 -28
938 940 8
938 545 28
161 134 8
161 569 19
161 932 19
161 186 -8
134 904 28
134 107 -8
134 542 13
569 568 28
569 958 -19
569 571 -13
932 931 8
186 213 -28
186 597 8
186 959 28
476 70 8
476 866 28
476 475 19
476 478 -28
70 839 19
70 44 -28
866 838 -8
866 893 -19
866 100 -28
475 73 -28
475 869 -28
475 447 -13
475 503 13
478 868 8
478 477 8
478 72 13
478 480 13
439 39 8
439 833 8
439 467 13
439 440 -13
439 411 -19
39 38 -28
39 37 -28
39 41 28
39 802 -13
833 835 -8
833 64 -19
833 832 28
833 831 19
467 495 19
467 861 8
467 468 13
467 65 28
440 438 28
440 830 13
440 36 -13
440 442 -8
411 412 28
411 12 -19
411 383 -8
411 805 -28
880 878 -28
880 110 28
880 879 28
880 882 28
880 487 13
878 877 -8
878 485 -13
878 108 13
110 137 -13
110 83 -19
110 111 8
110 518 8
879 852 8
879 490 -28
879 907 13
879 113 -28
882 489 8
882 112 28
882 881 -8
882 884 8
487 488 -8
487 459 13
487 515 -19
487 84 28
193 605 -28
193 220 -28
193 194 -19
193 967 28
193 167 -28
605 994 19
605 603 28
605 604 19
605 607 -19
220 633 -13
220 247 13
220 995 8
220 221 -19
194 602 -8
194 196 8
194 192 8
194 964 19
967 574 19
967 969 19
967 965 -19
967 966 28
167 577 8
167 141 -19
167 940 19
705 1091 8
705 707 13
705 704 28
705 703 -8
705 288 -28
1091 318 13
1091 1063 19
1091 1092 28
1091 1119 13
707 290 8
707 1093 19
707 706 19
704 291 -28
704 676 13
704 732 -28
704 1094 -19
703 1089 -28
703 701 28
703 286 8
703 702 -19
288 289 13
288 315 13
288 263 -28
288 1064 -8
539 566 -28
539 511 19
539 540 28
566 594 28
566 567 28
511 512 -13
511 483 -8
540 132 -28
540 929 -13
540 538 -28
289 291 8
289 287 8
289 702 -19
289 1061 -13
315 342 13
315 316 8
315 733 13
315 1092 19
263 1038 -19
263 236 28
263 264 8
263 677 19
1064 1063 -13
1064 1066 -19
1064 1062 -13
1064 674 13
38 805 -8
38 11 28
38 442 -8
38 64 13
805 804 -13
805 807 -28
805 803 19
11 12 8
11 777 19
11 414 -8
442 444 -13
442 832 19
442 441 8
64 91 -13
64 65 -13
64 470 -19
20 18 -8
20 782 28
20 22 -19
20 19 -13
18 16 -8
18 417 -13
18 780 8
18 17 -8
782 810 28
782 783 28
22 421 19
22 21 -28
22 784 8
22 24 -19
19 422 -8
19 46 19
291 290 -19
291 1063 28
290 1066 -19
290 265 -28
290 317 -19
1063 1037 -28
1063 677 19
257 1032 -19
257 671 -8
257 258 19
257 230 -28
257 282 -8
1032 1034 28
1032 1030 13
1032 640 8
1032 1031 19
671 673 -8
671 1057 19
671 670 13
671 669 -13
258 256 -19
258 668 8
258 260 -28
258 1029 -8
230 1005 19
230 643 -8
230 231 8
230 203 19
282 283 -8
282 1058 -19
282 309 13
282 699 13
524 526 -13
524 523 -13
524 522 -13
524 116 -28
524 913 -13
526 118 8
526 525 13
526 528 19
526 915 -28
523 119 13
523 495 -28
523 551 19
523 916 -28
522 911 28
522 520 -19
522 114 28
522 521 -19
116 886 13
116 89 8
116 143 -13
116 117 -28
913 914 -19
913 941 -19
913 885 8
913 146 13
886 884 -19
886 888 28
886 885 -28
886 493 19
89 90 -8
89 62 28
89 859 -19
89 496 -13
143 552 -28
143 914 8
143 144 8
143 168 19
117 119 19
117 115 19
117 521 8
117 883 19
810 420 8
810 838 19
810 811 13
810 47 -19
420 422 13
420 418 19
420 17 -28
838 839 -13
838 73 19
838 448 28
811 44 -19
811 809 -13
811 417 28
811 813 -13
47 45 19
47 447 13
47 46 28
47 49 -28
1035 1061 28
1035 1036 -19
1035 1008 -13
1035 264 28
1035 647 -19
1061 1089 8
1061 1062 8
1061 675 -13
1036 1034 19
1036 644 13
1036 1038 -13
1036 261 8
1008 619 -19
1008 1009 -19
1008 980 -19
1008 237 -28
264 262 -13
264 674 13
264 266 28
647 645 8
647 234 -28
647 646 13
647 649 13
489 86 -13
489 517 -28
489 490 -19
489 461 13
86 852 -8
86 85 -8
86 88 -19
86 84 -13
517 545 28
517 518 13
517 910 -28
517 113 -8
490 488 19
490 83 13
490 492 -28
461 462 -28
461 59 19
461 433 -19
461 855 8
623 621 13
623 622 8
623 211 8
623 1011 -8
621 619 -13
621 209 13
621 620 -8
622 594 28
622 650 -8
211 238 -8
211 212 -13
211 985 -19
211 184 19
1011 1012 -8
1011 984 13
753 752 13
753 1139 -19
753 751 -13
753 755 13
752 337 -28
752 724 -8
752 1142 -13
1139 1140 28
1139 364 28
751 750 -19
751 1137 28
751 749 28
751 332 19
755 336 -28
755 754 -8
755 1141 -13
755 757 -28
119 118 8
119 885 -13
119 121 13
118 91 13
118 145 28
118 888 -8
885 858 13
885 496 -8
121 525 -28
121 887 -13
121 123 8
361 1140 -8
361 362 28
307 308 19
307 1084 -28
307 280 -19
307 725 8
335 337 -8
335 750 8
335 333 -19
335 1109 -8
337 336 -8
337 339 19
336 363 19
336 309 -13
339 754 -13
339 338 13
339 1113 28
339 341 -28
794 31 8
794 795 13
794 822 -28
794 404 8
794 766 13
31 33 8
31 431 8
31 30 8
31 29 -28
795 28 8
795 793 19
795 797 -28
795 401 28
822 850 28
822 432 -13
822 57 13
822 823 13
404 406 8
404 402 -19
404 403 -8
404 1 -28
766 376 -19
766 767 -19
766 4 28
1128 349 8
1128 1127 -13
1128 1130 -19
1128 738 28
1128 1126 13
349 322 -19
349 350 -28
1127 352 -28
1127 1099 13
1127 741 -19
1130 351 28
1130 1132 -13
1130 1129 -13
1130 740 -19
738 710 19
738 739 19
738 323 13
1126 736 -13
1126 347 19
1126 1125 13
1126 1124 -28
67 65 -28
67 69 -13
67 469 28
67 66 19
67 832 -19
65 63 -13
65 830 -8
69 68 8
69 471 13
69 834 13
469 470 28
469 441 -8
469 863 -8
469 497 -19
66 472 -19
66 835 -28
66 40 -8
66 93 8
832 804 28
832 860 -19
858 92 -28
858 830 28
858 859 -13
858 468 13
92 495 8
92 91 -28
92 94 19
92 90 13
830 802 -8
830 831 -28
859 465 -13
859 857 13
859 861 13
468 62 28
468 466 8
468 470 -19
573 571 19
573 575 13
573 962 19
573 572 -19
571 162 -19
571 570 13
571 960 8
575 574 -13
575 577 8
575 964 -13
575 165 8
962 990 -8
962 963 -13
962 192 -19
572 166 -13
572 545 -8
572 965 -28
572 600 -13
673 1059 13
673 675 28
673 259 -28
673 672 28
1057 285 -28
1057 1031 -8
1057 1085 -19
1057 1058 8
670 642 -28
670 698 -19
670 1060 -28
670 260 13
669 255 28
669 1055 28
669 668 -8
397 425 8
397 791 8
397 398 13
425 453 13
425 426 13
425 26 8
425 819 13
791 789 19
791 25 -13
791 790 -28
398 396 -19
398 788 28
398 400 13
839 841 -8
839 837 -19
841 447 19
841 72 19
841 843 -8
841 840 -28
837 835 -19
837 68 28
837 836 8
837 443 19
1083 310 19
1083 1084 -19
1083 1055 -13
1083 697 -13
310 312 19
310 308 -28
310 724 -13
310 309 -28
1084 694 28
1084 1082 8
1084 1086 19
1055 283 -28
1055 1056 -19
1055 1029 -19
697 695 -13
697 280 -13
697 699 28
697 696 19
166 164 13
166 165 13
164 933 19
164 163 -19
164 570 28
165 191 -28
165 139 -28
636 227 13
636 1028 8
636 637 -13
636 608 -13
227 226 28
227 229 -8
227 225 -28
227 998 28
1028 253 -19
1028 1026 -19
1028 1030 -19
1028 1027 -8
637 639 28
637 1025 -28
637 635 19
637 224 28
608 609 13
608 580 13
608 200 8
608 1001 -19
574 547 13
574 602 8
577 579 -8
577 966 13
577 576 28
964 937 -13
964 992 8
964 965 19
942 941 -28
942 549 19
942 940 13
942 944 -19
942 168 19
941 171 -13
941 552 -28
941 968 19
549 550 19
549 144 19
549 521 -8
549 576 -8
940 547 -8
940 939 -13
944 551 28
944 946 -19
944 170 -28
944 943 -19
168 579 -13
168 195 -28
168 169 8
905 933 -28
905 516 19
905 877 -19
905 138 8
905 906 28
933 544 -28
933 960 8
516 514 13
516 108 -28
516 515 -13
516 518 -19
877 488 13
877 111 -8
877 850 13
138 137 28
138 136 -8
138 140 -8
906 513 8
906 908 -28
906 904 -13
906 135 8
226 1001 13
226 199 19
226 639 -13
226 253 -19
1001 1000 -28
1001 1003 13
1001 999 -28
199 200 8
199 611 -8
199 973 -13
639 638 -19
639 1027 -19
639 641 -19
253 278 -28
253 254 -8
482 872 -19
482 480 28
482 76 -19
482 484 -28
482 481 -28
872 899 19
872 873 13
872 106 -13
872 844 -8
480 870 -13
480 74 -8
480 479 8
76 50 8
76 103 -19
76 77 28
76 845 -13
484 78 19
484 483 -19
484 874 19
481 453 -19
481 509 13
481 79 -28
481 875 19
417 418 19
417 389 8
446 444 -8
446 836 28
446 448 -19
446 42 -19
45 44 -13
45 43 19
45 808 28
884 114 13
884 883 13
884 491 8
888 495 19
888 890 -8
888 887 -19
493 465 -19
493 90 -13
493 521 -8
493 494 -28
1004 1031 28
1004 615 -13
1004 1005 13
1004 233 -8
1004 976 8
1031 260 19
1031 643 8
615 613 -8
615 614 28
615 617 -13
615 203 13
1005 612 -8
1005 1007 19
1005 1003 13
233 642 8
233 232 8
233 235 13
233 231 19
976 977 19
976 206 13
976 949 -28
976 587 13
721 720 -28
721 1107 19
721 723 -13
721 303 -13
721 719 8
720 306 -28
720 692 13
720 748 28
1107 1108 8
1107 1135 19
1107 1079 8
1107 333 -28
723 1109 -28
723 305 -19
723 725 -28
303 330 -28
303 1080 13
303 304 13
303 277 13
719 1105 8
719 717 28
719 301 -19
719 718 -13
44 448 8
44 17 13
448 447 -28
448 450 -28
17 783 13
989 596 -28
989 987 28
989 991 19
989 988 -28
989 214 8
596 568 -13
596 624 28
596 597 8
596 188 -19
987 213 8
987 986 -28
991 990 8
991 598 -13
991 993 -28
991 216 -28
988 217 28
988 599 -28
988 1015 19
988 960 -8
214 241 13
214 627 19
214 187 28
214 215 -28
306 305 -28
306 308 8
306 304 13
306 1079 13
305 278 -28
305 1082 8
305 332 13
308 1081 -8
304 718 -13
304 1077 19
304 302 -28
1079 1080 28
1079 693 -19
816 426 19
816 817 28
816 53 13
816 788 13
816 844 -28
426 424 13
426 428 -13
426 23 -13
817 815 -19
817 423 8
817 50 -13
817 819 -28
53 453 -19
53 52 13
53 51 -28
788 789 13
788 26 -8
844 845 -13
844 79 28
844 454 13
495 496 8
496 494 -19
496 498 13
279 692 19
279 278 -28
279 281 28
1025 998 8
1025 254 28
1025 1026 -19
1052 662 28
1052 1050 -8
1052 1054 13
1052 277 28
125 529 8
125 124 19
125 127 19
125 123 -28
125 891 -8
529 922 19
529 557 -8
529 530 -28
124 97 -19
124 532 28
124 894 19
124 151 -19
127 531 -8
127 893 19
127 129 -19
127 126 -13
123 527 13
123 889 8
123 122 8
891 864 -13
891 892 28
891 502 8
891 919 19
594 595 -8
595 593 -28
595 984 13
595 184 13
352 350 -8
352 351 8
352 354 8
350 1125 8
350 348 19
351 324 28
354 1129 -19
354 356 8
354 353 13
91 498 -28
91 861 -28
498 497 13
498 887 -13
498 500 -19
861 863 -19
861 860 19
1134 1133 19
1134 1136 8
1134 1132 -8
1134 744 8
1134 355 -28
1133 358 -28
1133 1105 -13
1133 747 8
1136 1135 13
1136 357 -28
1136 1138 19
1136 746 -8
1132 1131 8
1132 742 19
1132 353 8
744 716 19
744 329 13
744 745 19
355 356 13
355 328 28
73 72 28
73 75 -8
72 46 -8
72 99 13
75 77 -28
75 74 8
75 840 8
75 477 28
864 836 19
864 865 -13
864 98 -19
836 808 19
865 863 -19
865 471 -19
865 95 28
98 97 28
98 96 28
98 100 13
579 581 28
579 968 -19
579 578 28
581 580 8
581 970 8
581 170 -19
581 583 -13
968 996 -19
968 969 -19
968 198 13
578 171 28
578 606 8
578 551 19
578 971 -28
570 963 -28
570 598 -13
515 908 8
515 111 -13
544 546 8
544 542 13
544 135 -8
736 737 19
736 708 28
736 321 -13
737 1123 28
737 739 -8
737 319 8
708 1098 -28
708 294 19
708 680 -8
708 709 19
321 1095 -13
321 323 19
321 320 19
1099 1071 -28
1099 325 -8
1099 713 -8
1099 1100 13
1071 298 -28
1071 1072 13
1071 685 8
1071 1044 28
325 324 -8
325 327 -8
325 323 -8
325 740 -19
713 712 -8
713 711 13
713 295 -28
713 715 -8
1100 710 -19
1100 1102 -28
1100 1098 -28
1100 322 19
1089 316 -13
1089 1117 -13
1089 1090 13
316 318 28
316 314 -8
316 730 -19
1117 1145 13
1117 1118 13
1117 343 -28
1117 731 -8
1090 1088 -28
1090 700 13
1090 1092 -8
1090 313 13
171 169 19
171 173 -8
171 170 -28
169 939 -8
169 576 8
173 580 13
173 943 13
173 175 13
170 145 19
170 197 28
642 1034 -19
642 643 19
642 614 13
1034 259 -28
1034 1033 -19
643 645 -19
643 641 19
614 586 13
614 206 -28
614 1007 -19
137 908 -19
137 546 19
908 907 19
908 910 13
546 545 13
546 548 8
948 555 13
948 950 8
948 947 8
948 174 -13
948 946 19
555 527 28
555 150 13
555 582 19
950 176 13
950 557 -13
950 949 8
950 951 -8
947 177 -28
947 558 -28
947 919 13
947 974 -8
174 585 28
174 149 -13
174 201 28
174 175 -28
946 945 -8
946 553 -19
645 1033 13
645 232 8
645 644 19
1033 1006 19
1033 262 -13
1033 1059 28
232 259 -8
232 1007 -13
232 205 -13
644 235 28
644 672 13
644 616 -13
911 883 -13
911 912 -28
911 939 -28
911 144 13
883 494 -19
883 856 -13
912 910 -8
912 519 13
912 914 -13
912 141 -19
939 550 -19
939 966 13
144 146 28
144 142 -19
259 284 19
259 260 -8
1007 1006 28
1007 1009 -19
205 206 -13
205 979 -28
205 178 -19
205 617 19
654 626 19
654 682 28
654 244 -13
654 1045 -13
654 655 -19
626 217 19
626 1018 -28
626 627 8
626 598 -19
682 710 -13
682 683 13
682 1072 19
682 270 -28
244 243 -8
244 246 -19
244 242 -13
244 1015 13
1045 1043 19
1045 1044 -8
1045 1046 28
655 653 -19
655 657 -28
655 1042 8
655 241 19
463 61 -19
463 857 28
463 464 13
463 435 28
463 491 -19
61 63 8
61 59 19
61 826 -28
61 60 -13
857 87 8
857 855 19
857 856 -8
464 466 -8
464 854 19
464 462 -8
464 58 -8
435 436 28
435 407 -28
435 829 -13
435 35 8
491 492 -28
491 519 8
491 88 -19
727 729 -28
727 725 13
727 1113 -19
727 726 -13
727 309 -19
729 311 -8
729 1115 8
729 731 19
729 728 -8
725 724 -13
1113 1141 -28
1113 1085 -8
726 312 -28
726 698 -28
726 754 -19
726 1116 19
309 1086 -28
217 215 -28
217 219 28
217 216 -28
215 986 8
215 624 -8
219 990 -19
219 628 -13
219 218 13
219 221 -19
216 189 13
216 243 -13
216 629 19
692 1082 8
692 693 28
1082 1081 -28
1082 1080 28
693 695 13
693 691 8
693 277 28
312 314 -13
312 311 -8
312 1085 -28
314 313 28
314 1087 -28
314 728 8
311 284 19
311 1088 -8
1085 699 -28
1085 1086 8
465 466 13
465 63 19
465 437 -28
466 60 -8
466 856 -19
63 62 8
63 828 -13
437 438 19
437 37 28
437 409 -19
437 831 -13
410 408 -19
410 800 -13
410 412 -28
410 7 19
410 409 -28
408 407 -8
408 406 8
408 798 -13
408 5 28
800 37 -28
800 772 13
800 828 13
800 801 8
412 414 8
412 802 -13
412 9 8
7 34 28
7 8 28
7 773 28
409 381 8
409 10 13
409 803 -13
278 695 13
278 1054 -28
695 694 19
695 1081 13
1054 1056 8
1054 1053 28
502 504 13
502 500 13
502 95 -13
894 893 -19
894 896 -13
894 892 8
694 666 -13
694 281 -8
666 638 19
666 256 28
666 1056 8
281 283 19
281 1053 -8
281 280 -13
285 698 -13
285 284 -19
285 287 -8
285 283 -19
1058 1060 8
1058 1056 -19
1058 668 -19
358 356 28
358 357 -28
358 360 -13
356 1131 13
357 330 8
360 359 8
360 1135 28
360 362 28
97 504 -8
504 893 -8
504 506 8
504 503 13
513 541 -28
513 109 -13
513 514 -13
513 485 -8
541 568 13
541 136 19
541 542 13
109 876 13
109 111 -8
109 108 19
514 107 8
514 903 28
485 486 8
485 457 19
485 82 28
613 201 -13
613 1002 28
613 611 -19
613 612 -13
201 228 19
201 202 -19
201 975 -28
1002 1029 -19
1002 974 8
1002 1003 -13
1002 231 -8
611 1000 19
611 609 13
611 610 19
612 584 8
612 204 -19
612 640 -8
1043 268 -19
1043 652 19
1043 1041 -19
1043 1042 -28
268 683 -8
268 293 -28
268 241 -19
652 653 13
652 242 -19
652 624 -8
652 680 -13
1041 267 28
1041 1040 -13
1042 270 -13
1042 1069 -19
1042 1015 28
743 741 8
743 742 8
743 324 -13
743 745 -13
743 1129 13
741 739 8
741 322 28
741 740 -28
742 714 13
742 327 8
324 297 28
324 1102 19
745 326 19
745 1131 19
745 747 13
1129 1101 -8
1140 1142 -13
1140 1138 28
1140 750 13
1142 1141 -8
1142 363 28
1142 1144 -13
1138 359 13
1138 1137 13
1138 748 8
297 715 -13
297 298 13
297 271 8
297 1074 13
1102 712 -19
1102 1104 -19
1102 1101 -19
567 565 28
567 956 -13
567 159 28
1105 1077 -8
1105 331 -28
1105 1106 8
1077 691 -19
1077 1078 8
1077 1049 13
331 330 -13
331 333 13
331 746 28
331 329 -8
1106 1108 19
1106 1104 -8
1106 716 -8
1106 328 8
648 239 -28
648 649 -19
648 620 -19
648 1039 -8
648 676 -13
239 238 13
239 237 -19
649 651 8
649 236 28
649 1037 -28
620 212 -8
620 1012 -19
620 592 -8
1039 265 -28
1039 1038 19
676 1066 13
676 266 8
676 677 -19
1108 718 -8
1108 330 28
718 690 19
718 746 -8
330 749 -28
661 660 -13
661 1047 28
661 659 19
661 247 28
660 250 19
660 688 28
660 1050 13
660 632 -19
1047 1048 -13
1047 1021 8
1047 1075 -8
1047 276 19
659 245 19
659 658 28
659 657 -28
247 1022 -8
247 273 -28
247 248 -19
238 265 28
238 1012 -13
238 651 13
265 679 -19
265 266 -13
1012 1010 19
651 650 8
907 140 8
907 518 -8
910 139 8
910 909 -8
470 472 -8
470 860 8
441 835 8
441 413 -8
441 41 -13
863 93 19
863 862 -13
497 94 -8
497 525 13
497 890 -28
472 862 -19
472 471 -8
862 96 8
862 834 -28
862 889 19
471 443 28
471 499 28
931 542 -8
931 958 -19
931 163 19
931 903 -13
958 986 -13
958 959 28
958 188 -13
163 568 13
163 162 -8
903 904 -28
903 136 -28
903 876 -28
698 1088 -8
698 699 -28
1088 1087 -13
1088 1086 -28
699 701 -28
189 963 -8
189 190 -19
189 601 13
963 961 28
963 965 19
190 598 -28
190 192 -19
190 188 19
190 960 13
601 603 28
601 990 -19
601 599 19
601 600 -8
318 317 -28
318 732 -19
317 735 -13
317 344 13
317 1094 -28
732 760 8
732 1122 -19
732 733 8
416 13 -19
416 414 -19
416 806 19
416 418 -19
416 415 -8
13 40 -8
13 779 13
13 14 -8
414 804 8
414 413 19
806 43 -8
806 778 -13
806 834 -19
806 807 -13
418 808 8
418 15 -28
415 16 19
415 387 -19
415 809 13
415 443 8
701 700 13
701 284 28
701 1087 13
700 287 -13
700 728 8
700 672 -28
284 1060 8
1087 1059 8
1087 1115 8
535 928 19
535 536 13
535 563 -19
535 131 8
535 507 -8
928 157 13
928 927 28
928 926 13
928 930 8
536 925 -8
536 128 13
536 538 28
536 534 -28
563 158 19
563 590 8
563 955 19
131 129 -13
131 897 -8
131 130 19
131 133 28
507 900 -8
507 508 -28
507 104 -13
507 479 19
1060 1059 8
1060 1062 19
710 711 -8
710 296 8
711 293 -8
711 1097 -13
711 709 8
296 1069 28
296 298 13
296 295 8
296 294 -28
783 781 13
783 389 -13
16 15 8
16 14 8
16 778 8
15 781 -28
15 42 -13
14 413 13
14 12 8
14 776 -28
778 388 -8
778 779 -13
1037 1038 13
1037 266 -28
677 679 -13
677 675 28
287 1059 28
287 286 -19
286 261 -8
286 1062 -13
286 313 19
520 112 13
520 518 28
520 519 -8
520 909 -13
112 85 28
112 113 -13
112 139 -28
519 115 -28
519 547 -8
909 937 19
909 142 8
909 881 13
85 492 -13
85 855 -13
85 58 28
113 115 28
113 111 8
139 140 -8
139 548 8
787 393 19
787 789 28
787 21 13
787 786 28
784 812 -19
784 394 19
1066 1065 28
1065 1093 -8
1065 679 13
619 207 19
619 618 -8
619 617 19
207 981 -13
207 234 28
207 208 19
207 180 -19
618 590 -13
618 210 28
618 1010 13
618 646 8
617 1006 -28
617 616 8
94 93 -13
94 96 19
94 860 19
93 500 -8
96 499 13
96 95 -28
860 887 -13
749 747 -8
749 1135 13
749 748 -13
114 141 -13
114 87 8
114 115 -19
141 550 8
141 142 8
87 494 28
87 88 -19
87 60 -8
115 881 -28
62 831 19
62 36 28
828 438 -13
828 829 28
828 856 -28
158 156 -19
158 160 -28
158 157 -8
158 925 13
156 561 -13
156 155 8
156 154 -19
156 923 19
160 927 -13
160 564 -19
160 159 -19
157 565 8
157 182 28
157 130 -8
925 926 8
925 897 -13
1053 1027 8
1053 1081 8
393 394 28
393 421 -28
394 396 -28
421 422 13
421 815 -19
421 449 -19
835 834 -13
834 444 -13
1123 1095 -19
1123 348 28
1123 1124 28
1095 1096 8
1095 1067 -13
1095 709 -13
348 347 13
1124 346 8
568 961 28
961 959 13
961 187 -8
961 960 -19
162 135 -19
162 187 13
135 136 13
135 108 19
187 599 28
187 188 13
868 869 19
868 840 -19
868 895 13
868 102 13
477 449 -19
477 505 19
477 871 8
937 548 -13
548 550 -19
548 547 -19
881 492 13
881 854 -28
717 1103 19
717 299 13
717 716 8
717 715 19
1103 1131 13
1103 1104 19
1103 329 13
1103 1075 -28
299 1076 13
299 326 19
299 300 -19
299 273 -28
716 302 13
716 688 28
715 714 -28
715 1101 13
422 812 8
422 424 -28
812 840 -28
812 49 19
812 813 -19
424 21 -28
424 814 13
424 423 13
46 813 19
46 450 19
789 23 -8
789 395 -19
23 50 -19
23 24 -8
395 396 19
395 423 -8
40 807 -13
40 444 -8
40 41 -13
807 413 13
807 809 -28
444 443 -13
41 43 13
41 804 -8
981 979 13
981 588 -19
981 983 28
981 980 -8
979 977 19
979 586 -28
979 978 19
588 616 13
588 561 -13
588 589 -13
588 181 -8
983 590 19
983 985 19
983 982 -8
983 209 -19
980 210 8
980 952 28
980 591 -28
21 48 -8
24 786 19
24 26 -13
24 423 8
650 678 -28
145 554 -13
145 146 -8
145 916 13
301 328 28
301 302 -8
301 275 -19
301 1078 -19
328 329 19
328 747 -13
302 1075 19
302 300 -19
275 249 8
275 691 28
275 1050 19
275 276 13
1078 1076 19
1078 688 -19
1078 1080 13
250 249 8
250 252 -28
250 248 -13
250 1021 8
249 1024 -13
249 222 13
252 662 -19
252 1023 -13
252 254 -19
248 658 28
248 1019 8
248 246 19
1021 633 19
1021 994 8
1021 1022 -13
25 52 13
25 26 8
25 428 13
790 818 -28
790 400 -8
1026 1024 -13
1026 634 8
1030 638 19
1030 1029 28
1030 255 13
1027 256 13
1027 1000 -13
363 364 19
1145 370 13
1145 1146 -8
1145 759 -13
370 369 13
370 368 19
370 372 19
1146 367 -19
1146 756 19
1146 1148 8
1146 1144 -13
759 758 28
759 761 13
759 340 -8
759 757 8
590 183 -19
590 591 13
183 952 -28
183 182 -8
183 181 -28
183 185 -28
591 180 19
591 593 19
591 589 -19
68 95 -8
68 42 -13
347 320 19
320 1098 -13
320 739 19
320 293 13
740 712 -8
675 674 -13
675 261 8
672 262 -19
672 1062 8
843 74 -28
843 449 8
843 842 -28
843 845 -13
840 450 8
390 389 -8
390 388 -13
390 780 28
388 386 -28
388 387 13
780 781 8
780 808 8
547 142 -13
602 603 -28
602 630 13
602 995 -19
638 229 13
638 610 8
229 1000 19
229 228 -19
229 231 8
610 582 -8
610 202 -28
610 1003 -13
1076 686 -19
1076 1075 19
1076 1074 8
686 658 -13
686 714 13
686 274 -28
686 687 8
1075 689 19
1074 1073 28
1074 1072 28
1074 684 -19
890 889 -13
890 892 19
887 915 -28
210 209 19
210 208 -8
210 212 28
209 236 8
209 182 28
208 206 -13
208 616 13
208 978 19
212 982 -28
1006 978 8
1006 235 19
978 589 -13
235 234 -28
235 237 -8
438 436 -19
438 34 -8
436 434 -13
436 32 -28
436 826 13
34 60 -19
34 35 13
34 801 13
1109 1137 19
1109 1081 8
332 359 19
332 333 -28
37 35 28
37 36 -28
35 33 19
35 798 -28
36 9 8
36 803 -28
256 254 28
256 255 13
255 228 -28
255 280 13
369 1148 28
369 342 -28
1148 1147 28
1148 758 -13
1148 1150 28
342 343 -8
342 1120 19
342 761 28
405 377 -19
405 406 -13
405 799 28
405 433 -13
405 6 13
377 378 -13
377 771 28
406 3 -28
406 796 19
799 32 -28
799 801 28
799 798 13
799 797 13
433 434 13
433 33 -19
433 827 -13
6 8 28
6 5 -13
6 4 13
6 768 8
488 81 -13
488 486 8
81 108 -28
81 55 8
81 82 -19
81 851 13
486 876 -19
486 80 -28
353 326 8
746 747 19
77 79 -19
77 479 13
77 842 -19
74 48 -19
74 101 -13
855 854 -8
855 853 -13
856 90 -8
739 1125 19
323 322 19
323 1097 -19
847 453 -13
847 78 -28
847 846 -28
847 845 8
453 454 13
78 52 13
78 105 -28
78 79 19
846 456 13
846 874 -8
846 818 -8
845 451 28
396 786 28
786 814 13
616 1009 28
1080 690 28
234 261 13
234 1009 19
261 262 -19
1009 1010 -19
656 657 19
656 628 13
656 246 -19
656 684 -28
656 1046 28
657 243 13
657 1044 -28
628 1020 19
628 600 19
628 629 13
246 245 19
246 1017 -19
684 712 19
684 685 19
684 272 8
1046 271 8
1046 1048 28
984 985 -19
984 956 13
443 43 -28
1115 1143 13
1115 1116 19
1115 341 -8
731 730 28
731 313 -13
731 733 -8
728 756 28
728 1118 28
381 382 -13
381 775 8
10 9 -28
10 8 -13
10 772 -19
10 12 -28
803 802 -28
803 801 13
43 42 -8
42 809 -13
313 340 8
802 774 -19
9 775 8
775 773 28
775 777 8
775 774 -13
262 260 -13
815 814 -13
815 48 -8
815 813 8
814 51 13
814 842 13
48 452 -28
48 49 19
512 105 8
512 510 -8
512 901 13
105 106 19
105 132 -13
105 875 -19
510 508 13
510 899 -8
510 509 19
510 103 19
901 929 13
901 874 8
901 902 19
779 781 8
779 385 19
779 777 19
584 977 -8
584 177 28
584 585 13
584 557 13
204 206 -28
204 202 28
204 974 -8
204 203 -19
640 641 28
640 231 -13
640 668 -28
781 387 8
90 88 13
88 854 28
586 559 8
586 179 -13
586 587 28
560 558 -13
560 949 -28
560 559 8
560 151 -19
560 562 8
558 557 -8
558 149 13
949 921 -8
949 179 28
559 531 8
559 951 -13
559 154 -19
151 176 -28
151 922 28
151 152 19
562 561 -13
562 153 -8
333 748 -8
688 689 13
688 276 8
1050 1049 19
1050 1048 19
632 1024 28
632 633 -28
632 223 28
632 604 28
1086 696 13
662 690 19
662 634 -19
690 691 -19
634 635 -19
634 606 19
634 225 -28
499 527 8
499 892 19
499 500 -28
876 848 -8
848 849 -28
848 458 -13
848 820 -13
848 82 -13
1010 236 19
808 809 19
850 460 -8
850 84 -19
850 851 -8
977 203 -13
977 975 -19
203 176 8
975 973 -8
975 582 19
975 974 8
712 298 8
298 300 13
1093 1121 19
1093 1094 13
679 678 -8
646 674 -13
646 1038 19
646 237 -19
27 793 -28
27 54 8
27 430 -28
27 0 -28
793 792 -13
54 80 -28
54 458 -19
54 821 -28
430 429 -8
430 820 -13
430 432 -19
0 402 8
0 765 -8
271 245 -13
271 272 -8
271 687 8
95 122 13
955 957 -8
955 182 -28
955 954 -8
955 953 8
1024 1023 13
1024 1022 13
1023 1049 -19
1023 996 8
1023 635 -19
1022 1020 8
1022 630 19
245 1020 13
245 218 -8
1020 1019 8
1020 1018 13
218 631 -19
218 191 -28
218 993 -8
869 871 28
869 99 8
871 870 -8
871 101 -19
871 873 19
99 506 8
99 126 -28
99 100 -8
831 829 8
565 954 -28
565 564 8
954 927 -28
954 982 28
954 185 -19
564 957 13
564 537 -8
564 592 28
182 593 13
130 103 -28
130 900 -28
130 538 19
927 538 -8
927 899 28
159 132 13
159 184 -28
159 930 -28
668 696 -8
1125 1097 -8
1097 1098 13
1097 1069 28
386 385 -28
386 776 -28
386 384 13
385 413 19
776 804 -28
776 777 -8
384 383 -28
384 774 -19
384 382 -28
1072 295 -28
1072 1070 28
685 683 28
685 269 28
685 687 19
1044 1017 28
1044 272 28
952 953 -13
434 30 13
434 432 -13
434 824 8
30 3 8
30 797 28
432 28 19
432 431 13
824 852 8
824 825 19
824 59 -19
824 796 -19
985 592 8
982 593 -8
283 696 -28
696 724 28
33 796 19
33 32 -28
796 768 -28
796 797 -13
32 5 19
32 58 19
222 635 13
222 195 19
222 997 13
222 223 19
818 819 28
818 428 13
400 399 13
826 854 -8
826 827 -13
826 798 19
763 761 8
763 344 -28
763 1149 -19
763 762 -28
761 1147 19
761 760 -8
344 371 -8
344 345 -19
344 1122 19
1149 1150 13
1149 1121 19
762 734 -13
1000 972 28
1029 641 -19
1147 372 28
1147 1119 -8
372 371 13
1119 1120 -19
1119 345 28
1119 733 -8
450 452 8
450 449 -28
322 295 13
80 849 -8
80 107 28
849 851 -28
852 462 8
852 853 28
462 460 8
853 459 -8
853 83 -8
853 851 -28
691 689 8
236 237 -28
633 635 13
633 631 28
631 1019 19
631 630 8
631 629 13
132 133 19
132 902 13
929 956 8
929 930 -19
538 537 19
371 1150 -8
1150 760 -28
407 8 -8
407 801 19
407 379 28
8 770 13
379 773 19
379 380 -19
83 84 13
492 494 13
683 681 -8
683 1069 -8
681 267 13
681 680 13
1069 1070 13
28 1 -8
28 55 -8
28 29 28
797 403 19
401 429 28
401 402 -8
401 2 -13
401 373 13
58 59 -13
58 827 -28
957 956 8
957 184 8
184 185 -19
921 532 8
921 893 -8
921 154 19
921 922 19
532 531 -19
532 530 28
532 534 19
154 153 -8
154 152 28
922 920 -19
922 924 13
224 197 13
224 999 -8
224 225 -28
658 630 -13
658 1048 -19
630 221 -13
1048 273 -19
225 996 28
225 223 -19
998 609 -8
998 970 19
998 999 28
1096 319 -13
1096 1098 19
319 346 19
319 292 28
375 376 -13
375 403 -13
375 769 28
376 378 -13
376 374 28
403 431 13
403 4 -13
769 768 -8
769 771 -13
769 767 -19
769 3 19
1003 228 8
12 774 19
383 777 -8
483 455 -13
460 458 28
460 55 -8
460 459 19
458 457 28
55 823 13
55 56 -19
459 57 -19
459 431 -8
423 451 -28
50 454 -28
50 51 -8
819 52 -19
689 273 -19
689 687 8
273 274 28
687 1073 19
593 592 -28
531 503 8
531 924 -28
951 178 -8
951 953 13
561 533 -28
561 953 -13
153 924 13
153 126 19
153 178 -28
1056 280 8
1019 992 -19
992 603 8
992 993 8
992 221 -19
924 926 19
924 923 -19
126 534 13
126 896 28
178 589 -19
178 179 8
292 1068 -28
292 709 28
292 267 8
1092 702 13
1092 1094 13
899 900 13
899 133 19
1104 714 -28
1104 326 -8
1101 327 19
1101 1073 -28
653 240 8
653 1040 13
241 242 -28
241 1016 19
382 380 -28
382 772 -13
1067 294 8
1067 1040 8
1067 1068 8
294 293 -13
1040 1013 19
1068 1070 -28
587 176 13
587 585 -13
587 589 -13
60 829 -19
429 29 -8
429 823 13
429 457 -13
29 792 8
823 825 28
823 821 -28
457 851 -19
457 56 8
714 300 -28
300 1073 -8
557 152 13
530 919 8
530 528 28
530 122 -19
592 185 13
1 2 13
1 767 -19
758 730 8
758 343 8
340 1118 -19
340 367 13
340 341 -13
757 756 19
757 1143 -13
757 338 19
326 327 -28
996 607 8
996 997 -8
100 503 -13
100 102 -13
537 509 13
537 930 -28
537 133 -19
772 773 -28
327 329 13
820 792 -13
820 821 -13
820 56 13
82 84 8
829 827 -13
827 825 19
451 51 19
451 479 -13
451 452 -28
51 49 -19
479 873 -28
452 842 28
452 454 28
5 771 13
180 155 -19
180 953 13
180 181 19
128 155 -8
128 129 -19
128 898 28
128 101 -19
534 533 8
534 923 -28
994 223 19
994 966 -8
994 995 -19
223 221 -28
966 196 -8
995 993 28
995 997 19
293 1070 8
129 533 28
129 895 -28
897 508 13
897 870 19
897 898 -13
295 269 8
177 176 13
177 175 13
177 179 19
585 974 -13
585 583 13
604 196 28
604 576 -8
604 997 19
545 140 -13
195 196 28
195 969 28
195 607 -28
997 999 -13
972 973 -28
972 202 -19
972 583 -13
972 945 8
270 269 28
270 272 -28
269 243 19
243 1018 -28
49 449 19
367 368 -28
756 341 28
1144 754 8
1144 365 28
1144 1143 13
276 274 -8
603 191 28
191 192 -13
191 965 28
152 150 19
152 919 8
641 228 -19
378 768 13
378 380 -8
771 770 -28
771 773 -8
57 59 -19
57 56 8
431 825 -19
368 1143 19
368 366 -8
3 4 8
525 553 8
553 580 -19
553 554 13
4 2 -19
533 926 19
533 505 19
1018 1017 13
1018 1016 -8
155 926 28
609 607 19
609 197 8
607 606 13
197 198 -8
197 971 8
990 1017 -28
1017 629 19
730 702 19
730 1120 28
343 345 -13
343 341 8
503 896 -19
760 345 28
1016 1014 -13
1016 624 -13
1016 1015 13
678 706 8
580 973 -13
973 971 8
179 181 13
600 192 -28
600 993 8
629 627 -19
200 202 -19
200 198 -19
200 970 8
198 196 -28
198 606 -28
970 971 19
970 943 8
103 104 -13
103 873 8
900 898 13
900 902 -19
509 902 -13
509 106 -13
1141 366 -28
366 365 -28
366 364 -13
898 896 8
898 505 28
606 999 13
1070 680 8
734 735 19
734 706 -8
735 733 28
735 1121 -13
272 274 28
402 792 -8
792 764 -28
365 338 19
338 1116 -19
770 380 8
770 798 -8
550 552 8
552 554 -28
552 551 13
240 1014 8
240 213 -19
240 267 -8
527 920 28
527 528 8
920 919 -8
920 149 8
528 917 19
969 576 8
969 971 8
508 506 13
508 101 13
506 895 28
506 505 8
101 102 -28
1014 1013 19
1013 242 13
1013 986 19
1013 625 -13
945 917 -28
945 175 -8
554 943 13
674 702 8
150 149 19
150 917 19
149 122 -13
917 889 8
923 895 -13
374 764 8
374 373 -8
505 102 19
1137 362 28
362 364 19
582 175 28
582 583 -28
1118 1116 -13
1118 1120 8
1120 1122 -19
895 896 -8
122 892 -19
764 765 19
764 2 13
765 767 -28
842 870 13
454 456 -8
874 875 28
373 767 19
1121 1122 19
870 104 -8
104 106 13
104 102 8
521 914 13
551 146 19
914 916 19
624 625 -8
889 500 8
873 875 -19
986 597 13
625 627 -28
625 213 -8
1015 627 8
915 943 -19
915 916 -13
399 427 -19
427 428 -13
427 455 -28
598 599 -28
140 142 28
456 455 19
456 52 -28
599 597 -19
