1112 1111 -19
1112 334 13
1112 1110 13
1112 1114 28
1112 722 -19
1111 337 28
1111 1083 28
1111 1139 -28
1111 725 -8
334 753 28
334 361 -28
334 307 19
334 335 19
1110 1108 28
1110 332 13
1110 720 -13
1110 1109 19
1114 336 8
1114 724 8
1114 1116 -13
1114 1113 -19
722 694 -19
722 723 -13
722 308 28
722 750 19
147 918 -19
147 172 8
147 556 -28
147 148 -19
147 120 19
918 525 -19
918 917 -28
918 920 19
918 916 -19
172 199 13
172 173 -13
172 583 8
172 946 -19
556 558 13
556 555 13
556 945 13
556 554 -28
148 150 -19
148 553 -8
148 146 13
148 915 28
120 121 13
120 528 13
120 890 28
120 93 8
665 251 -8
665 663 19
665 664 -13
665 667 13
665 1051 28
251 252 -28
251 224 -19
251 1026 -19
251 277 -19
663 661 -28
663 662 -19
663 249 -13
663 1049 28
664 636 8
664 692 28
664 1054 -13
664 254 13
667 253 -8
667 669 28
667 1053 -28
667 666 13
1051 279 19
1051 1025 8
1051 1079 13
1051 1052 19
391 392 8
391 419 -8
391 785 -8
392 782 28
392 390 -28
392 394 -8
419 20 19
419 813 13
419 447 28
419 420 13
785 783 -19
785 19 28
785 787 13
785 784 13
473 445 19
473 867 8
473 474 -13
473 501 -19
473 71 19
445 839 -8
445 417 -19
445 446 -28
445 45 19
867 97 8
867 869 -19
867 865 28
867 866 -13
474 476 -19
474 864 -28
474 472 19
474 68 -28
501 502 -19
501 894 19
501 529 -19
501 98 -19
71 73 28
71 69 -19
71 836 19
71 70 13
936 543 19
936 934 19
936 935 19
936 938 13
543 570 13
543 515 19
543 544 -19
543 138 -19
934 162 28
934 933 -13
934 932 28
934 541 13
935 166 8
935 546 19
935 907 13
935 962 28
938 937 19
938 165 -28
938 940 28
938 545 19
161 134 -19
161 569 -28
161 932 -8
161 186 -8
134 904 8
134 107 -13
134 542 -19
569 568 -28
569 958 -13
569 571 28
932 931 -8
186 213 -8
186 597 -8
186 959 13
476 70 13
476 866 -13
476 475 -13
476 478 8
70 839 -13
70 44 -19
866 838 -8
866 893 -19
866 100 13
475 73 8
475 869 19
475 447 13
475 503 -28
478 868 19
478 477 19
478 72 8
478 480 -28
439 39 -8
439 833 -13
439 467 8
439 440 -19
439 411 28
39 38 -8
39 37 -19
39 41 28
39 802 -13
833 835 -28
833 64 19
833 832 8
833 831 28
467 495 28
467 861 19
467 468 -8
467 65 13
440 438 28
440 830 -13
440 36 28
440 442 -8
411 412 -8
411 12 13
411 383 19
411 805 13
880 878 28
880 110 8
880 879 -8
880 882 -13
880 487 13
878 877 28
878 485 8
878 108 28
110 137 13
110 83 -13
110 111 28
110 518 28
879 852 8
879 490 -8
879 907 -8
879 113 19
882 489 -13
882 112 -13
882 881 -13
882 884 28
487 488 8
487 459 13
487 515 19
487 84 -8
193 605 28
193 220 28
193 194 19
193 967 28
193 167 13
605 994 13
605 603 -28
605 604 8
605 607 -28
220 633 28
220 247 28
220 995 8
220 221 -19
194 602 -28
194 196 8
194 192 -8
194 964 13
967 574 28
967 969 28
967 965 19
967 966 19
167 577 -19
167 141 28
167 940 -13
705 1091 28
705 707 -13
705 704 19
705 703 19
705 288 -28
1091 318 28
1091 1063 28
1091 1092 -28
1091 1119 8
707 290 -19
707 1093 -13
707 706 -13
704 291 -13
704 676 -19
704 732 13
704 1094 -13
703 1089 13
703 701 13
703 286 13
703 702 -19
288 289 28
288 315 -13
288 263 -28
288 1064 -19
539 566 -19
539 511 13
539 540 8
566 594 8
566 567 8
511 512 13
511 483 28
540 132 -19
540 929 19
540 538 28
289 291 -19
289 287 -28
289 702 -8
289 1061 19
315 342 -13
315 316 -13
315 733 13
315 1092 -13
263 1038 -28
263 236 8
263 264 28
263 677 -13
1064 1063 13
1064 1066 28
1064 1062 -19
1064 674 -28
38 805 28
38 11 -8
38 442 -8
38 64 -19
805 804 8
805 807 13
805 803 13
11 12 8
11 777 -13
11 414 -28
442 444 13
442 832 19
442 441 -13
64 91 28
64 65 13
64 470 28
20 18 28
20 782 -19
20 22 28
20 19 19
18 16 19
18 417 -8
18 780 28
18 17 13
782 810 -13
782 783 13
22 421 28
22 21 28
22 784 -8
22 24 19
19 422 28
19 46 28
291 290 -13
291 1063 -13
290 1066 8
290 265 -13
290 317 -13
1063 1037 28
1063 677 -28
257 1032 -8
257 671 -13
257 258 -19
257 230 -13
257 282 13
1032 1034 -13
1032 1030 -19
1032 640 -8
1032 1031 -13
671 673 28
671 1057 19
671 670 -8
671 669 28
258 256 -19
258 668 8
258 260 13
258 1029 8
230 1005 13
230 643 8
230 231 -13
230 203 -28
282 283 -19
282 1058 28
282 309 8
282 699 -28
524 526 -8
524 523 -19
524 522 19
524 116 8
524 913 28
526 118 -19
526 525 28
526 528 13
526 915 8
523 119 8
523 495 8
523 551 -19
523 916 -28
522 911 19
522 520 -28
522 114 13
522 521 -13
116 886 -8
116 89 28
116 143 -28
116 117 -19
913 914 -28
913 941 28
913 885 -28
913 146 8
886 884 -13
886 888 13
886 885 -8
886 493 28
89 90 28
89 62 28
89 859 13
89 496 28
143 552 28
143 914 19
143 144 28
143 168 -19
117 119 13
117 115 -8
117 521 13
117 883 -19
810 420 -28
810 838 -8
810 811 -13
810 47 13
420 422 -13
420 418 -19
420 17 -19
838 839 -13
838 73 -19
838 448 19
811 44 13
811 809 -28
811 417 8
811 813 -8
47 45 13
47 447 8
47 46 -19
47 49 -13
1035 1061 -8
1035 1036 28
1035 1008 -28
1035 264 19
1035 647 19
1061 1089 -13
1061 1062 -8
1061 675 28
1036 1034 8
1036 644 -8
1036 1038 13
1036 261 -8
1008 619 -13
1008 1009 -13
1008 980 28
1008 237 8
264 262 -28
264 674 28
264 266 13
647 645 -13
647 234 -13
647 646 19
647 649 -8
489 86 -28
489 517 -19
489 490 -19
489 461 -28
86 852 13
86 85 8
86 88 -28
86 84 -19
517 545 19
517 518 13
517 910 -13
517 113 13
490 488 8
490 83 19
490 492 28
461 462 8
461 59 -28
461 433 -19
461 855 13
623 621 -13
623 622 -13
623 211 8
623 1011 13
621 619 8
621 209 -28
621 620 28
622 594 -28
622 650 -8
211 238 13
211 212 19
211 985 13
211 184 -13
1011 1012 28
1011 984 13
753 752 -28
753 1139 -8
753 751 8
753 755 -13
752 337 -19
752 724 -8
752 1142 28
1139 1140 8
1139 364 -28
751 750 19
751 1137 13
751 749 -13
751 332 -19
755 336 -13
755 754 -13
755 1141 -8
755 757 -8
119 118 -8
119 885 28
119 121 13
118 91 28
118 145 -19
118 888 -8
885 858 28
885 496 19
121 525 -13
121 887 -8
121 123 -28
361 1140 28
361 362 19
307 308 19
307 1084 -13
307 280 -8
307 725 28
335 337 -8
335 750 -28
335 333 -8
335 1109 13
337 336 -28
337 339 -13
336 363 19
336 309 -13
339 754 -19
339 338 -8
339 1113 -28
339 341 -13
794 31 8
794 795 28
794 822 13
794 404 19
794 766 -13
31 33 13
31 431 8
31 30 19
31 29 -19
795 28 -28
795 793 13
795 797 -19
795 401 8
822 850 19
822 432 -8
822 57 -8
822 823 28
404 406 8
404 402 28
404 403 -13
404 1 8
766 376 -19
766 767 19
766 4 19
1128 349 -8
1128 1127 -13
1128 1130 28
1128 738 -19
1128 1126 -19
349 322 19
349 350 19
1127 352 -8
1127 1099 13
1127 741 28
1130 351 -8
1130 1132 -13
1130 1129 19
1130 740 8
738 710 8
738 739 -19
738 323 -8
1126 736 8
1126 347 28
1126 1125 8
1126 1124 -28
67 65 -8
67 69 19
67 469 -8
67 66 28
67 832 8
65 63 -28
65 830 13
69 68 28
69 471 -13
69 834 13
469 470 28
469 441 19
469 863 13
469 497 -19
66 472 -28
66 835 -8
66 40 -8
66 93 13
832 804 8
832 860 -13
858 92 -8
858 830 19
858 859 13
858 468 -19
92 495 13
92 91 -28
92 94 -28
92 90 -13
830 802 -28
830 831 -13
859 465 -8
859 857 28
859 861 19
468 62 -13
468 466 -19
468 470 -28
573 571 13
573 575 -13
573 962 -8
573 572 -19
571 162 -28
571 570 28
571 960 8
575 574 -13
575 577 -28
575 964 -19
575 165 28
962 990 8
962 963 -8
962 192 13
572 166 -8
572 545 -13
572 965 19
572 600 -13
673 1059 -28
673 675 19
673 259 -8
673 672 -13
1057 285 13
1057 1031 8
1057 1085 8
1057 1058 -19
670 642 19
670 698 28
670 1060 -8
670 260 -19
669 255 8
669 1055 -13
669 668 8
397 425 -13
397 791 -8
397 398 -13
425 453 -13
425 426 -19
425 26 8
425 819 28
791 789 -28
791 25 13
791 790 28
398 396 -13
398 788 28
398 400 -19
839 841 -19
839 837 28
841 447 -8
841 72 -19
841 843 -28
841 840 28
837 835 -8
837 68 -8
837 836 28
837 443 -19
1083 310 8
1083 1084 19
1083 1055 8
1083 697 28
310 312 -19
310 308 -8
310 724 -13
310 309 13
1084 694 13
1084 1082 19
1084 1086 8
1055 283 19
1055 1056 -13
1055 1029 -28
697 695 -8
697 280 -19
697 699 -19
697 696 -8
166 164 -8
166 165 13
164 933 -8
164 163 -28
164 570 -13
165 191 -19
165 139 19
636 227 28
636 1028 13
636 637 19
636 608 8
227 226 28
227 229 28
227 225 28
227 998 -28
1028 253 -8
1028 1026 -8
1028 1030 -13
1028 1027 -13
637 639 -28
637 1025 28
637 635 8
637 224 8
608 609 28
608 580 -28
608 200 -13
608 1001 -13
574 547 19
574 602 13
577 579 28
577 966 -28
577 576 -13
964 937 -13
964 992 -28
964 965 19
942 941 8
942 549 13
942 940 -19
942 944 19
942 168 19
941 171 -28
941 552 8
941 968 28
549 550 -8
549 144 19
549 521 13
549 576 -19
940 547 -28
940 939 -13
944 551 -13
944 946 -19
944 170 -13
944 943 19
168 579 28
168 195 -13
168 169 -13
905 933 -28
905 516 -8
905 877 -28
905 138 19
905 906 8
933 544 -28
933 960 -13
516 514 -13
516 108 28
516 515 13
516 518 28
877 488 19
877 111 19
877 850 -28
138 137 -28
138 136 28
138 140 28
906 513 13
906 908 -13
906 904 13
906 135 28
226 1001 -28
226 199 -19
226 639 19
226 253 19
1001 1000 13
1001 1003 -19
1001 999 19
199 200 8
199 611 28
199 973 -28
639 638 19
639 1027 13
639 641 -19
253 278 19
253 254 28
482 872 28
482 480 -8
482 76 19
482 484 19
482 481 -28
872 899 19
872 873 13
872 106 28
872 844 19
480 870 -28
480 74 -28
480 479 8
76 50 13
76 103 19
76 77 19
76 845 -8
484 78 13
484 483 8
484 874 -8
481 453 -28
481 509 -19
481 79 19
481 875 8
417 418 8
417 389 -28
446 444 19
446 836 -8
446 448 -28
446 42 8
45 44 13
45 43 -13
45 808 -19
884 114 -13
884 883 13
884 491 28
888 495 -28
888 890 13
888 887 28
493 465 8
493 90 19
493 521 28
493 494 19
1004 1031 13
1004 615 -13
1004 1005 8
1004 233 -8
1004 976 -8
1031 260 -28
1031 643 -28
615 613 -13
615 614 19
615 617 13
615 203 28
1005 612 13
1005 1007 28
1005 1003 13
233 642 19
233 232 8
233 235 -8
233 231 -28
976 977 -19
976 206 8
976 949 19
976 587 -28
721 720 13
721 1107 13
721 723 28
721 303 -8
721 719 -8
720 306 -8
720 692 -8
720 748 13
1107 1108 19
1107 1135 -28
1107 1079 -8
1107 333 13
723 1109 -13
723 305 -13
723 725 19
303 330 -13
303 1080 -13
303 304 -13
303 277 28
719 1105 -13
719 717 -28
719 301 -8
719 718 19
44 448 -13
44 17 19
448 447 28
448 450 28
17 783 8
989 596 -8
989 987 -13
989 991 19
989 988 -19
989 214 28
596 568 -19
596 624 -19
596 597 8
596 188 -19
987 213 -19
987 986 28
991 990 28
991 598 13
991 993 13
991 216 13
988 217 13
988 599 13
988 1015 -19
988 960 13
214 241 -19
214 627 -8
214 187 -28
214 215 19
306 305 28
306 308 8
306 304 -19
306 1079 -28
305 278 -28
305 1082 -13
305 332 -28
308 1081 19
304 718 8
304 1077 13
304 302 19
1079 1080 -13
1079 693 -19
816 426 -19
816 817 28
816 53 -28
816 788 -8
816 844 19
426 424 -28
426 428 -28
426 23 -13
817 815 -28
817 423 -8
817 50 -8
817 819 -8
53 453 8
53 52 8
53 51 -13
788 789 -8
788 26 -13
844 845 19
844 79 8
844 454 -28
495 496 28
496 494 -28
496 498 8
279 692 -28
279 278 19
279 281 -28
1025 998 8
1025 254 -13
1025 1026 8
1052 662 28
1052 1050 13
1052 1054 -13
1052 277 -8
125 529 -28
125 124 13
125 127 13
125 123 -19
125 891 -13
529 922 28
529 557 -28
529 530 19
124 97 28
124 532 28
124 894 -19
124 151 -19
127 531 13
127 893 8
127 129 19
127 126 -13
123 527 28
123 889 -13
123 122 -8
891 864 -8
891 892 28
891 502 -8
891 919 -19
594 595 -13
595 593 19
595 984 8
595 184 -28
352 350 28
352 351 8
352 354 19
350 1125 13
350 348 -28
351 324 8
354 1129 -13
354 356 -8
354 353 19
91 498 19
91 861 -13
498 497 -19
498 887 -8
498 500 13
861 863 -19
861 860 -8
1134 1133 8
1134 1136 28
1134 1132 13
1134 744 -19
1134 355 19
1133 358 19
1133 1105 19
1133 747 19
1136 1135 -28
1136 357 19
1136 1138 -19
1136 746 -8
1132 1131 8
1132 742 13
1132 353 -19
744 716 -28
744 329 13
744 745 28
355 356 8
355 328 -8
73 72 13
73 75 8
72 46 -28
72 99 8
75 77 8
75 74 28
75 840 8
75 477 -13
864 836 -28
864 865 28
864 98 13
836 808 -28
865 863 8
865 471 28
865 95 8
98 97 -28
98 96 -8
98 100 8
579 581 28
579 968 -19
579 578 13
581 580 28
581 970 -13
581 170 -19
581 583 19
968 996 -19
968 969 28
968 198 19
578 171 19
578 606 -19
578 551 -19
578 971 -8
570 963 -8
570 598 13
515 908 -8
515 111 -8
544 546 -13
544 542 13
544 135 -28
736 737 19
736 708 13
736 321 13
737 1123 8
737 739 8
737 319 -13
708 1098 13
708 294 -19
708 680 28
708 709 19
321 1095 28
321 323 8
321 320 28
1099 1071 -8
1099 325 28
1099 713 8
1099 1100 -13
1071 298 19
1071 1072 -8
1071 685 -13
1071 1044 -8
325 324 13
325 327 -19
325 323 19
325 740 28
713 712 -28
713 711 -8
713 295 19
713 715 -13
1100 710 -13
1100 1102 -28
1100 1098 28
1100 322 -28
1089 316 28
1089 1117 28
1089 1090 -8
316 318 13
316 314 -13
316 730 19
1117 1145 8
1117 1118 19
1117 343 -28
1117 731 19
1090 1088 19
1090 700 28
1090 1092 8
1090 313 -13
171 169 -13
171 173 -13
171 170 28
169 939 13
169 576 -8
173 580 -28
173 943 -13
173 175 -8
170 145 -28
170 197 -8
642 1034 8
642 643 -8
642 614 -28
1034 259 -8
1034 1033 28
643 645 -8
643 641 -8
614 586 -28
614 206 -8
614 1007 8
137 908 13
137 546 13
908 907 28
908 910 -13
546 545 28
546 548 -8
948 555 8
948 950 -28
948 947 -19
948 174 8
948 946 13
555 527 19
555 150 28
555 582 13
950 176 19
950 557 8
950 949 19
950 951 19
947 177 -13
947 558 28
947 919 -13
947 974 -28
174 585 -13
174 149 28
174 201 28
174 175 19
946 945 -19
946 553 -13
645 1033 -28
645 232 -13
645 644 28
1033 1006 13
1033 262 13
1033 1059 13
232 259 13
232 1007 -19
232 205 -19
644 235 -13
644 672 -13
644 616 -8
911 883 28
911 912 -19
911 939 -19
911 144 -8
883 494 19
883 856 -8
912 910 -28
912 519 19
912 914 19
912 141 13
939 550 -13
939 966 -28
144 146 -28
144 142 8
259 284 -28
259 260 -19
1007 1006 28
1007 1009 -8
205 206 -19
205 979 -19
205 178 13
205 617 -8
654 626 13
654 682 -28
654 244 -19
654 1045 -13
654 655 -13
626 217 13
626 1018 19
626 627 -28
626 598 -28
682 710 13
682 683 -8
682 1072 -8
682 270 -28
244 243 -19
244 246 -8
244 242 19
244 1015 8
1045 1043 -8
1045 1044 13
1045 1046 13
655 653 -28
655 657 28
655 1042 19
655 241 -28
463 61 8
463 857 -19
463 464 8
463 435 -28
463 491 19
61 63 -19
61 59 13
61 826 28
61 60 19
857 87 -28
857 855 -19
857 856 13
464 466 -8
464 854 13
464 462 -13
464 58 -19
435 436 13
435 407 -19
435 829 -13
435 35 -13
491 492 8
491 519 19
491 88 19
727 729 8
727 725 -19
727 1113 19
727 726 -19
727 309 13
729 311 -13
729 1115 13
729 731 28
729 728 8
725 724 -13
1113 1141 8
1113 1085 -8
726 312 -13
726 698 8
726 754 8
726 1116 13
309 1086 -8
217 215 -28
217 219 19
217 216 19
215 986 -13
215 624 -8
219 990 -8
219 628 -28
219 218 -28
219 221 -28
216 189 -28
216 243 28
216 629 -8
692 1082 28
692 693 13
1082 1081 -8
1082 1080 28
693 695 -8
693 691 8
693 277 -19
312 314 -8
312 311 8
312 1085 13
314 313 -19
314 1087 -13
314 728 13
311 284 -8
311 1088 8
1085 699 28
1085 1086 -19
465 466 -19
465 63 -13
465 437 19
466 60 -28
466 856 -19
63 62 28
63 828 13
437 438 28
437 37 -19
437 409 -8
437 831 28
410 408 -8
410 800 19
410 412 8
410 7 -13
410 409 -19
408 407 8
408 406 19
408 798 -8
408 5 13
800 37 -8
800 772 -28
800 828 -19
800 801 -13
412 414 -19
412 802 -28
412 9 8
7 34 -8
7 8 -8
7 773 13
409 381 13
409 10 28
409 803 19
278 695 19
278 1054 28
695 694 -19
695 1081 28
1054 1056 -19
1054 1053 8
502 504 -13
502 500 13
502 95 -28
894 893 19
894 896 -19
894 892 28
694 666 13
694 281 19
666 638 13
666 256 13
666 1056 -8
281 283 -28
281 1053 -8
281 280 28
285 698 19
285 284 13
285 287 -19
285 283 -8
1058 1060 -28
1058 1056 19
1058 668 13
358 356 -13
358 357 -19
358 360 28
356 1131 -8
357 330 -28
360 359 19
360 1135 -28
360 362 13
97 504 -28
504 893 -8
504 506 -8
504 503 -13
513 541 8
513 109 8
513 514 8
513 485 8
541 568 -8
541 136 19
541 542 -13
109 876 -8
109 111 -28
109 108 19
514 107 8
514 903 -13
485 486 13
485 457 -13
485 82 -19
613 201 -19
613 1002 28
613 611 -8
613 612 -19
201 228 19
201 202 -8
201 975 -28
1002 1029 19
1002 974 19
1002 1003 -19
1002 231 -13
611 1000 13
611 609 8
611 610 -19
612 584 -19
612 204 -19
612 640 13
1043 268 -19
1043 652 28
1043 1041 -19
1043 1042 -8
268 683 -8
268 293 -19
268 241 -8
652 653 13
652 242 -8
652 624 13
652 680 13
1041 267 8
1041 1040 -8
1042 270 -8
1042 1069 -28
1042 1015 13
743 741 13
743 742 -28
743 324 13
743 745 -13
743 1129 19
741 739 8
741 322 -13
741 740 13
742 714 19
742 327 -28
324 297 8
324 1102 19
745 326 -13
745 1131 -28
745 747 8
1129 1101 -28
1140 1142 -28
1140 1138 -19
1140 750 -28
1142 1141 -8
1142 363 -13
1142 1144 -28
1138 359 19
1138 1137 8
1138 748 13
297 715 -13
297 298 -8
297 271 13
297 1074 13
1102 712 -8
1102 1104 19
1102 1101 19
567 565 -28
567 956 28
567 159 -19
1105 1077 -19
1105 331 -8
1105 1106 -19
1077 691 -8
1077 1078 -19
1077 1049 -28
331 330 -28
331 333 28
331 746 -13
331 329 -28
1106 1108 -8
1106 1104 8
1106 716 13
1106 328 -28
648 239 19
648 649 19
648 620 -19
648 1039 8
648 676 -28
239 238 -19
239 237 28
649 651 28
649 236 8
649 1037 -8
620 212 19
620 1012 -13
620 592 -13
1039 265 -8
1039 1038 13
676 1066 -8
676 266 19
676 677 -19
1108 718 -13
1108 330 13
718 690 -28
718 746 28
330 749 -28
661 660 8
661 1047 -8
661 659 19
661 247 -13
660 250 13
660 688 -28
660 1050 -13
660 632 -13
1047 1048 -8
1047 1021 -8
1047 1075 -28
1047 276 -19
659 245 -28
659 658 13
659 657 -28
247 1022 19
247 273 -8
247 248 -13
238 265 -8
238 1012 -8
238 651 19
265 679 -8
265 266 -8
1012 1010 -28
651 650 -13
907 140 -19
907 518 28
910 139 13
910 909 13
470 472 -8
470 860 8
441 835 -28
441 413 8
441 41 -13
863 93 -13
863 862 -28
497 94 28
497 525 -13
497 890 8
472 862 19
472 471 -13
862 96 19
862 834 -28
862 889 -19
471 443 -19
471 499 -13
931 542 -28
931 958 -13
931 163 -8
931 903 -19
958 986 13
958 959 -8
958 188 28
163 568 -19
163 162 -13
903 904 8
903 136 13
903 876 -8
698 1088 19
698 699 -28
1088 1087 -28
1088 1086 28
699 701 13
189 963 -19
189 190 -13
189 601 -13
963 961 -13
963 965 13
190 598 8
190 192 19
190 188 -28
190 960 19
601 603 13
601 990 13
601 599 -8
601 600 -19
318 317 28
318 732 8
317 735 -13
317 344 -28
317 1094 19
732 760 -8
732 1122 13
732 733 -13
416 13 -13
416 414 19
416 806 -13
416 418 -13
416 415 -19
13 40 13
13 779 -19
13 14 -13
414 804 -8
414 413 28
806 43 -19
806 778 8
806 834 13
806 807 28
418 808 -28
418 15 19
415 16 -28
415 387 -8
415 809 28
415 443 -28
701 700 -28
701 284 -13
701 1087 -28
700 287 19
700 728 13
700 672 13
284 1060 19
1087 1059 19
1087 1115 28
535 928 -19
535 536 -8
535 563 -13
535 131 -28
535 507 -13
928 157 -19
928 927 -13
928 926 8
928 930 -28
536 925 -28
536 128 19
536 538 -13
536 534 -13
563 158 28
563 590 28
563 955 19
131 129 8
131 897 -8
131 130 -28
131 133 -28
507 900 28
507 508 8
507 104 -8
507 479 -8
1060 1059 13
1060 1062 -8
710 711 -13
710 296 19
711 293 -28
711 1097 -13
711 709 -8
296 1069 13
296 298 -28
296 295 13
296 294 28
783 781 28
783 389 13
16 15 13
16 14 -19
16 778 28
15 781 28
15 42 -8
14 413 19
14 12 -28
14 776 13
778 388 28
778 779 -8
1037 1038 19
1037 266 8
677 679 -13
677 675 28
287 1059 -28
287 286 -28
286 261 19
286 1062 -28
286 313 19
520 112 28
520 518 -13
520 519 28
520 909 28
112 85 -8
112 113 28
112 139 -8
519 115 -19
519 547 -8
909 937 28
909 142 -8
909 881 -13
85 492 -8
85 855 -19
85 58 -28
113 115 28
113 111 -28
139 140 8
139 548 -19
787 393 -13
787 789 -19
787 21 19
787 786 8
784 812 -28
784 394 8
1066 1065 28
1065 1093 8
1065 679 -13
619 207 13
619 618 28
619 617 8
207 981 28
207 234 -28
207 208 -19
207 180 13
618 590 -19
618 210 8
618 1010 -8
618 646 19
617 1006 -19
617 616 -13
94 93 8
94 96 -28
94 860 28
93 500 13
96 499 8
96 95 8
860 887 8
749 747 8
749 1135 8
749 748 28
114 141 28
114 87 19
114 115 -13
141 550 19
141 142 8
87 494 -8
87 88 13
87 60 -19
115 881 -13
62 831 -28
62 36 -13
828 438 19
828 829 -8
828 856 13
158 156 -8
158 160 28
158 157 -19
158 925 -8
156 561 13
156 155 -13
156 154 13
156 923 19
160 927 -8
160 564 13
160 159 28
157 565 -19
157 182 -13
157 130 -28
925 926 13
925 897 -8
1053 1027 28
1053 1081 -8
393 394 -13
393 421 28
394 396 -19
421 422 19
421 815 -19
421 449 -8
835 834 8
834 444 19
1123 1095 -28
1123 348 -28
1123 1124 -8
1095 1096 28
1095 1067 13
1095 709 -8
348 347 -19
1124 346 -13
568 961 -28
961 959 28
961 187 -19
961 960 19
162 135 19
162 187 -8
135 136 -13
135 108 28
187 599 19
187 188 -8
868 869 -13
868 840 13
868 895 28
868 102 -8
477 449 13
477 505 8
477 871 -8
937 548 8
548 550 28
548 547 13
881 492 13
881 854 19
717 1103 13
717 299 19
717 716 28
717 715 -8
1103 1131 -13
1103 1104 -28
1103 329 -8
1103 1075 8
299 1076 19
299 326 -8
299 300 13
299 273 13
716 302 -8
716 688 13
715 714 13
715 1101 19
422 812 -8
422 424 -13
812 840 28
812 49 19
812 813 -19
424 21 8
424 814 8
424 423 -8
46 813 19
46 450 8
789 23 28
789 395 -8
23 50 -28
23 24 13
395 396 28
395 423 -19
40 807 -13
40 444 -19
40 41 13
807 413 -8
807 809 -8
444 443 -8
41 43 19
41 804 28
981 979 13
981 588 28
981 983 8
981 980 -8
979 977 8
979 586 -13
979 978 -13
588 616 8
588 561 -19
588 589 8
588 181 13
983 590 -8
983 985 -19
983 982 -28
983 209 8
980 210 -19
980 952 13
980 591 -19
21 48 13
24 786 28
24 26 -19
24 423 13
650 678 8
145 554 8
145 146 28
145 916 8
301 328 19
301 302 8
301 275 19
301 1078 8
328 329 -19
328 747 19
302 1075 8
302 300 28
275 249 -28
275 691 13
275 1050 28
275 276 13
1078 1076 28
1078 688 8
1078 1080 -13
250 249 8
250 252 28
250 248 -8
250 1021 -8
249 1024 13
249 222 13
252 662 19
252 1023 -19
252 254 -28
248 658 -19
248 1019 13
248 246 -8
1021 633 28
1021 994 -19
1021 1022 28
25 52 -19
25 26 28
25 428 28
790 818 -19
790 400 13
1026 1024 -8
1026 634 13
1030 638 8
1030 1029 13
1030 255 -8
1027 256 -8
1027 1000 -8
363 364 -28
1145 370 8
1145 1146 -8
1145 759 19
370 369 8
370 368 13
370 372 8
1146 367 8
1146 756 13
1146 1148 8
1146 1144 19
759 758 28
759 761 -13
759 340 13
759 757 -19
590 183 -13
590 591 19
183 952 -19
183 182 13
183 181 19
183 185 13
591 180 -13
591 593 8
591 589 -19
68 95 -28
68 42 -13
347 320 19
320 1098 -8
320 739 -13
320 293 28
740 712 28
675 674 19
675 261 28
672 262 -8
672 1062 -19
843 74 28
843 449 28
843 842 19
843 845 -13
840 450 28
390 389 13
390 388 8
390 780 19
388 386 8
388 387 -19
780 781 -19
780 808 -19
547 142 -19
602 603 -19
602 630 13
602 995 -28
638 229 8
638 610 -8
229 1000 8
229 228 -8
229 231 19
610 582 -28
610 202 8
610 1003 -19
1076 686 -19
1076 1075 8
1076 1074 -13
686 658 -13
686 714 -13
686 274 -28
686 687 -13
1075 689 28
1074 1073 -8
1074 1072 28
1074 684 8
890 889 -8
890 892 19
887 915 -28
210 209 -28
210 208 -28
210 212 13
209 236 13
209 182 13
208 206 -13
208 616 28
208 978 8
212 982 28
1006 978 13
1006 235 -19
978 589 -19
235 234 -19
235 237 -19
438 436 13
438 34 28
436 434 -28
436 32 8
436 826 19
34 60 -8
34 35 8
34 801 -13
1109 1137 19
1109 1081 28
332 359 -8
332 333 8
37 35 28
37 36 -19
35 33 -28
35 798 -13
36 9 19
36 803 -8
256 254 8
256 255 -13
255 228 8
255 280 -19
369 1148 19
369 342 28
1148 1147 13
1148 758 -8
1148 1150 19
342 343 -13
342 1120 13
342 761 8
405 377 8
405 406 19
405 799 19
405 433 28
405 6 28
377 378 28
377 771 -28
406 3 13
406 796 8
799 32 -13
799 801 -13
799 798 -8
799 797 13
433 434 -28
433 33 8
433 827 13
6 8 13
6 5 -28
6 4 19
6 768 -19
488 81 28
488 486 -8
81 108 28
81 55 -19
81 82 -28
81 851 -19
486 876 -28
486 80 13
353 326 13
746 747 -19
77 79 8
77 479 19
77 842 19
74 48 8
74 101 -19
855 854 -8
855 853 19
856 90 13
739 1125 19
323 322 13
323 1097 8
847 453 8
847 78 28
847 846 19
847 845 -13
453 454 19
78 52 -8
78 105 -28
78 79 -8
846 456 -28
846 874 19
846 818 -28
845 451 -28
396 786 19
786 814 -13
616 1009 -28
1080 690 13
234 261 -8
234 1009 28
261 262 19
1009 1010 -13
656 657 -28
656 628 13
656 246 -19
656 684 19
656 1046 13
657 243 -8
657 1044 -19
628 1020 -8
628 600 13
628 629 28
246 245 13
246 1017 8
684 712 19
684 685 -13
684 272 13
1046 271 -8
1046 1048 13
984 985 8
984 956 -19
443 43 13
1115 1143 13
1115 1116 -19
1115 341 -8
731 730 -28
731 313 13
731 733 13
728 756 19
728 1118 -19
381 382 -13
381 775 19
10 9 28
10 8 28
10 772 28
10 12 8
803 802 -13
803 801 -8
43 42 -8
42 809 -8
313 340 13
802 774 28
9 775 -13
775 773 13
775 777 -13
775 774 28
262 260 28
815 814 -19
815 48 8
815 813 19
814 51 8
814 842 19
48 452 28
48 49 -13
512 105 -28
512 510 -13
512 901 -13
105 106 28
105 132 8
105 875 -8
510 508 -8
510 899 28
510 509 19
510 103 28
901 929 8
901 874 -28
901 902 -13
779 781 -28
779 385 -8
779 777 19
584 977 -19
584 177 -13
584 585 19
584 557 -28
204 206 -13
204 202 -13
204 974 28
204 203 13
640 641 -28
640 231 -13
640 668 -28
781 387 19
90 88 -19
88 854 13
586 559 19
586 179 8
586 587 -28
560 558 -8
560 949 19
560 559 28
560 151 -13
560 562 13
558 557 -19
558 149 8
949 921 -28
949 179 -8
559 531 13
559 951 28
559 154 -13
151 176 19
151 922 -8
151 152 19
562 561 8
562 153 -13
333 748 -19
688 689 13
688 276 28
1050 1049 -19
1050 1048 19
632 1024 8
632 633 -28
632 223 8
632 604 -13
1086 696 -13
662 690 13
662 634 -8
690 691 -28
634 635 28
634 606 19
634 225 13
499 527 28
499 892 19
499 500 -13
876 848 -28
848 849 -8
848 458 8
848 820 -8
848 82 -28
1010 236 28
808 809 -28
850 460 -19
850 84 -19
850 851 -28
977 203 13
977 975 13
203 176 -19
975 973 -13
975 582 13
975 974 -8
712 298 -28
298 300 -28
1093 1121 -19
1093 1094 19
679 678 8
646 674 -19
646 1038 28
646 237 -19
27 793 -19
27 54 -28
27 430 -8
27 0 28
793 792 -28
54 80 8
54 458 8
54 821 -28
430 429 -28
430 820 -8
430 432 28
0 402 19
0 765 19
271 245 -28
271 272 28
271 687 8
95 122 -13
955 957 -19
955 182 -19
955 954 -19
955 953 13
1024 1023 -28
1024 1022 8
1023 1049 -8
1023 996 8
1023 635 -28
1022 1020 13
1022 630 8
245 1020 8
245 218 -8
1020 1019 -19
1020 1018 13
218 631 19
218 191 19
218 993 8
869 871 -13
869 99 13
871 870 28
871 101 8
871 873 13
99 506 28
99 126 -8
99 100 28
831 829 -13
565 954 28
565 564 -19
954 927 -19
954 982 -13
954 185 -8
564 957 8
564 537 13
564 592 13
182 593 8
130 103 -13
130 900 13
130 538 -28
927 538 -28
927 899 -19
159 132 -13
159 184 -19
159 930 19
668 696 28
1125 1097 28
1097 1098 28
1097 1069 -19
386 385 -19
386 776 13
386 384 -28
385 413 -8
776 804 -13
776 777 -8
384 383 -19
384 774 -13
384 382 -8
1072 295 -13
1072 1070 -8
685 683 -28
685 269 13
685 687 -28
1044 1017 19
1044 272 8
952 953 8
434 30 19
434 432 -28
434 824 -13
30 3 -13
30 797 -13
432 28 13
432 431 -28
824 852 8
824 825 -19
824 59 13
824 796 8
985 592 8
982 593 -8
283 696 -28
696 724 -19
33 796 -13
33 32 -28
796 768 -13
796 797 -28
32 5 -8
32 58 19
222 635 -13
222 195 -28
222 997 19
222 223 13
818 819 -13
818 428 19
400 399 -19
826 854 8
826 827 -19
826 798 -13
763 761 19
763 344 -28
763 1149 -28
763 762 13
761 1147 13
761 760 -28
344 371 -19
344 345 13
344 1122 13
1149 1150 -28
1149 1121 -13
762 734 19
1000 972 -8
1029 641 -19
1147 372 19
1147 1119 8
372 371 28
1119 1120 13
1119 345 -28
1119 733 28
450 452 8
450 449 19
322 295 -28
80 849 -28
80 107 -19
849 851 19
852 462 19
852 853 19
462 460 -19
853 459 13
853 83 -8
853 851 -13
691 689 -8
236 237 13
633 635 28
633 631 13
631 1019 28
631 630 19
631 629 -8
132 133 19
132 902 8
929 956 13
929 930 19
538 537 -19
371 1150 8
1150 760 -8
407 8 28
407 801 8
407 379 8
8 770 28
379 773 -28
379 380 -8
83 84 -13
492 494 -8
683 681 19
683 1069 -28
681 267 -13
681 680 -19
1069 1070 -13
28 1 8
28 55 -13
28 29 13
797 403 13
401 429 8
401 402 19
401 2 -28
401 373 28
58 59 -13
58 827 -8
957 956 -13
957 184 -13
184 185 28
921 532 28
921 893 28
921 154 8
921 922 19
532 531 -8
532 530 -8
532 534 28
154 153 13
154 152 -13
922 920 13
922 924 13
224 197 13
224 999 -8
224 225 28
658 630 28
658 1048 -8
630 221 19
1048 273 -19
225 996 -19
225 223 13
998 609 19
998 970 -13
998 999 13
1096 319 28
1096 1098 -8
319 346 -28
319 292 13
375 376 -8
375 403 -8
375 769 -28
376 378 8
376 374 -28
403 431 13
403 4 13
769 768 -8
769 771 -19
769 767 8
769 3 13
1003 228 -8
12 774 13
383 777 8
483 455 19
460 458 19
460 55 -28
460 459 13
458 457 -28
55 823 8
55 56 8
459 57 -8
459 431 -8
423 451 -19
50 454 -19
50 51 -19
819 52 -8
689 273 28
689 687 8
273 274 28
687 1073 19
593 592 -8
531 503 -8
531 924 8
951 178 -19
951 953 -8
561 533 -8
561 953 -28
153 924 28
153 126 13
153 178 -28
1056 280 -13
1019 992 8
992 603 19
992 993 -13
992 221 -13
924 926 -13
924 923 8
126 534 28
126 896 19
178 589 28
178 179 -28
292 1068 19
292 709 8
292 267 -28
1092 702 -28
1092 1094 19
899 900 -28
899 133 13
1104 714 -8
1104 326 -13
1101 327 13
1101 1073 28
653 240 -19
653 1040 13
241 242 13
241 1016 -28
382 380 -8
382 772 -8
1067 294 -28
1067 1040 19
1067 1068 28
294 293 8
1040 1013 13
1068 1070 -13
587 176 8
587 585 -19
587 589 -28
60 829 28
429 29 -8
429 823 -19
429 457 -13
29 792 8
823 825 -28
823 821 19
457 851 -19
457 56 -8
714 300 -28
300 1073 8
557 152 -8
530 919 -13
530 528 -13
530 122 -28
592 185 -19
1 2 28
1 767 28
758 730 -13
758 343 -13
340 1118 -19
340 367 8
340 341 -13
757 756 -13
757 1143 -28
757 338 19
326 327 8
996 607 -19
996 997 19
100 503 8
100 102 -19
537 509 8
537 930 8
537 133 -28
772 773 8
327 329 13
820 792 8
820 821 -28
820 56 -19
82 84 -8
829 827 19
827 825 -28
451 51 -8
451 479 -13
451 452 -28
51 49 -19
479 873 8
452 842 13
452 454 13
5 771 -8
180 155 19
180 953 -28
180 181 -19
128 155 19
128 129 -19
128 898 -28
128 101 -19
534 533 28
534 923 -13
994 223 8
994 966 -8
994 995 -13
223 221 -8
966 196 -8
995 993 13
995 997 -28
293 1070 8
129 533 -28
129 895 28
897 508 8
897 870 -19
897 898 8
295 269 28
177 176 19
177 175 28
177 179 -13
585 974 -8
585 583 -8
604 196 13
604 576 -28
604 997 -13
545 140 -8
195 196 -28
195 969 8
195 607 19
997 999 -8
972 973 -28
972 202 28
972 583 -13
972 945 19
270 269 -28
270 272 -13
269 243 -19
243 1018 -28
49 449 -13
367 368 28
756 341 28
1144 754 8
1144 365 -8
1144 1143 -8
276 274 8
603 191 13
191 192 -19
191 965 -13
152 150 -19
152 919 -19
641 228 -19
378 768 8
378 380 19
771 770 -13
771 773 19
57 59 -8
57 56 -13
431 825 -13
368 1143 13
368 366 -8
3 4 8
525 553 -8
553 580 28
553 554 -19
4 2 -8
533 926 -28
533 505 19
1018 1017 13
1018 1016 19
155 926 28
609 607 8
609 197 13
607 606 19
197 198 8
197 971 -28
990 1017 -19
1017 629 19
730 702 -28
730 1120 13
343 345 -19
343 341 19
503 896 19
760 345 8
1016 1014 -28
1016 624 -13
1016 1015 28
678 706 -8
580 973 8
973 971 -8
179 181 8
600 192 -28
600 993 -8
629 627 -28
200 202 -8
200 198 8
200 970 28
198 196 28
198 606 28
970 971 -8
970 943 -28
103 104 13
103 873 -28
900 898 8
900 902 28
509 902 13
509 106 -19
1141 366 13
366 365 -28
366 364 28
898 896 -19
898 505 8
606 999 8
1070 680 28
734 735 19
734 706 28
735 733 -8
735 1121 13
272 274 19
402 792 -19
792 764 -13
365 338 -8
338 1116 -13
770 380 13
770 798 13
550 552 13
552 554 8
552 551 28
240 1014 19
240 213 -19
240 267 19
527 920 8
527 528 13
920 919 -28
920 149 28
528 917 -8
969 576 28
969 971 13
508 506 19
508 101 -28
506 895 28
506 505 19
101 102 -13
1014 1013 28
1013 242 -13
1013 986 19
1013 625 19
945 917 28
945 175 8
554 943 -28
674 702 -8
150 149 -28
150 917 -13
149 122 19
917 889 28
923 895 -13
374 764 -13
374 373 -28
505 102 -19
1137 362 8
362 364 -8
582 175 8
582 583 13
1118 1116 -13
1118 1120 13
1120 1122 -19
895 896 -28
122 892 -13
764 765 28
764 2 -28
765 767 28
842 870 19
454 456 -8
874 875 19
373 767 13
1121 1122 -19
870 104 -13
104 106 13
104 102 8
521 914 -19
551 146 -19
914 916 -19
624 625 -28
889 500 8
873 875 19
986 597 28
625 627 -19
625 213 13
1015 627 19
915 943 -13
915 916 19
399 427 8
427 428 8
427 455 19
598 599 -28
140 142 -8
456 455 8
456 52 -8
599 597 -19
