1112 1111 -13
1112 334 -28
1112 1110 19
1112 1114 -13
1112 722 19
1111 337 19
1111 1083 -28
1111 1139 8
1111 725 8
334 753 -13
334 361 -13
334 307 13
334 335 -8
1110 1108 8
1110 332 -8
1110 720 13
1110 1109 -19
1114 336 -8
1114 724 8
1114 1116 -19
1114 1113 -19
722 694 28
722 723 28
722 308 19
722 750 -28
147 918 19
147 172 -8
147 556 19
147 148 -19
147 120 8
918 525 8
918 917 -19
918 920 8
918 916 28
172 199 28
172 173 8
172 583 -19
172 946 13
556 558 -13
556 555 -28
556 945 -19
556 554 19
148 150 -28
148 553 -19
148 146 -28
148 915 8
120 121 19
120 528 -19
120 890 -8
120 93 8
665 251 -13
665 663 13
665 664 28
665 667 -13
665 1051 -19
251 252 13
251 224 -13
251 1026 19
251 277 13
663 661 13
663 662 -28
663 249 19
663 1049 -19
664 636 28
664 692 19
664 1054 -19
664 254 13
667 253 28
667 669 8
667 1053 -8
667 666 13
1051 279 -13
1051 1025 8
1051 1079 -13
1051 1052 -19
391 392 13
391 419 19
391 785 13
392 782 -28
392 390 -28
392 394 -13
419 20 19
419 813 19
419 447 -28
419 420 28
785 783 19
785 19 -28
785 787 -8
785 784 -8
473 445 -19
473 867 13
473 474 28
473 501 28
473 71 -19
445 839 13
445 417 8
445 446 13
445 45 -8
867 97 13
867 869 -28
867 865 19
867 866 -28
474 476 28
474 864 -19
474 472 8
474 68 13
501 502 -8
501 894 13
501 529 13
501 98 -8
71 73 13
71 69 -19
71 836 13
71 70 -13
936 543 -28
936 934 -19
936 935 -19
936 938 13
543 570 13
543 515 -13
543 544 28
543 138 8
934 162 -19
934 933 -28
934 932 8
934 541 13
935 166 19
935 546 8
935 907 -13
935 962 -13
938 937 -19
938 165 -19
938 940 28
938 545 28
161 134 -8
161 569 -28
161 932 13
161 186 -8
134 904 8
134 107 -13
134 542 -8
569 568 -19
569 958 13
569 571 -28
932 931 -13
186 213 -28
186 597 19
186 959 28
476 70 8
476 866 -13
476 475 19
476 478 8
70 839 13
70 44 -13
866 838 19
866 893 28
866 100 -13
475 73 -28
475 869 -8
475 447 13
475 503 28
478 868 8
478 477 -8
478 72 -19
478 480 19
439 39 28
439 833 -13
439 467 -8
439 440 13
439 411 28
39 38 8
39 37 8
39 41 13
39 802 8
833 835 8
833 64 28
833 832 -13
833 831 13
467 495 19
467 861 -19
467 468 -13
467 65 -8
440 438 -28
440 830 -13
440 36 19
440 442 -13
411 412 -13
411 12 -19
411 383 13
411 805 19
880 878 8
880 110 -19
880 879 28
880 882 -8
880 487 8
878 877 28
878 485 -8
878 108 -19
110 137 19
110 83 28
110 111 19
110 518 28
879 852 28
879 490 -19
879 907 -13
879 113 -8
882 489 19
882 112 -8
882 881 -13
882 884 8
487 488 13
487 459 28
487 515 28
487 84 19
193 605 28
193 220 -13
193 194 19
193 967 -19
193 167 19
605 994 8
605 603 19
605 604 -13
605 607 28
220 633 -8
220 247 19
220 995 -28
220 221 19
194 602 -13
194 196 13
194 192 8
194 964 13
967 574 -28
967 969 -28
967 965 -13
967 966 8
167 577 19
167 141 -28
167 940 19
705 1091 -8
705 707 -19
705 704 -13
705 703 -13
705 288 -28
1091 318 -13
1091 1063 13
1091 1092 28
1091 1119 8
707 290 -28
707 1093 -8
707 706 19
704 291 28
704 676 28
704 732 28
704 1094 -28
703 1089 -28
703 701 8
703 286 -8
703 702 -19
288 289 8
288 315 8
288 263 -8
288 1064 -13
539 566 -8
539 511 13
539 540 8
566 594 -8
566 567 -28
511 512 13
511 483 13
540 132 -8
540 929 28
540 538 -13
289 291 -8
289 287 -19
289 702 13
289 1061 28
315 342 8
315 316 -28
315 733 -28
315 1092 13
263 1038 -28
263 236 -28
263 264 -28
263 677 28
1064 1063 19
1064 1066 -28
1064 1062 -8
1064 674 -19
38 805 19
38 11 -19
38 442 -8
38 64 8
805 804 -13
805 807 -19
805 803 -19
11 12 -13
11 777 -8
11 414 -8
442 444 -13
442 832 19
442 441 -19
64 91 -8
64 65 -8
64 470 -19
20 18 -8
20 782 13
20 22 -8
20 19 13
18 16 -19
18 417 -8
18 780 13
18 17 -19
782 810 13
782 783 19
22 421 28
22 21 28
22 784 8
22 24 -8
19 422 19
19 46 -8
291 290 19
291 1063 13
290 1066 13
290 265 8
290 317 -19
1063 1037 28
1063 677 8
257 1032 -28
257 671 -8
257 258 28
257 230 28
257 282 13
1032 1034 -19
1032 1030 13
1032 640 -19
1032 1031 -13
671 673 -28
671 1057 -13
671 670 -28
671 669 19
258 256 13
258 668 -13
258 260 13
258 1029 13
230 1005 -13
230 643 19
230 231 -13
230 203 28
282 283 -28
282 1058 -19
282 309 -13
282 699 19
524 526 -13
524 523 -19
524 522 -28
524 116 -19
524 913 -19
526 118 13
526 525 -19
526 528 -13
526 915 -8
523 119 19
523 495 -28
523 551 -13
523 916 -28
522 911 13
522 520 -13
522 114 -19
522 521 8
116 886 19
116 89 -8
116 143 -19
116 117 -8
913 914 -8
913 941 28
913 885 -19
913 146 -13
886 884 -19
886 888 13
886 885 -13
886 493 -19
89 90 -19
89 62 -28
89 859 -8
89 496 28
143 552 13
143 914 -13
143 144 -28
143 168 19
117 119 19
117 115 13
117 521 -8
117 883 -28
810 420 13
810 838 19
810 811 -19
810 47 -13
420 422 8
420 418 28
420 17 -13
838 839 19
838 73 28
838 448 -28
811 44 19
811 809 -8
811 417 8
811 813 -19
47 45 28
47 447 -13
47 46 -8
47 49 13
1035 1061 13
1035 1036 28
1035 1008 8
1035 264 28
1035 647 -13
1061 1089 -28
1061 1062 -19
1061 675 -28
1036 1034 19
1036 644 -13
1036 1038 28
1036 261 -19
1008 619 -28
1008 1009 -28
1008 980 8
1008 237 13
264 262 -8
264 674 28
264 266 -8
647 645 13
647 234 28
647 646 -28
647 649 28
489 86 13
489 517 28
489 490 -28
489 461 -8
86 852 13
86 85 8
86 88 -13
86 84 -8
517 545 -19
517 518 28
517 910 -8
517 113 -13
490 488 28
490 83 -28
490 492 -28
461 462 -8
461 59 -8
461 433 8
461 855 13
623 621 19
623 622 28
623 211 -19
623 1011 8
621 619 -28
621 209 -13
621 620 -8
622 594 13
622 650 28
211 238 28
211 212 19
211 985 -19
211 184 -19
1011 1012 19
1011 984 -13
753 752 28
753 1139 -13
753 751 -8
753 755 -13
752 337 13
752 724 28
752 1142 19
1139 1140 13
1139 364 19
751 750 -19
751 1137 -13
751 749 -28
751 332 28
755 336 -28
755 754 -13
755 1141 19
755 757 -13
119 118 -19
119 885 -19
119 121 -8
118 91 8
118 145 13
118 888 -8
885 858 -8
885 496 13
121 525 -8
121 887 13
121 123 -13
361 1140 -13
361 362 13
307 308 19
307 1084 -19
307 280 -19
307 725 -13
335 337 8
335 750 -13
335 333 13
335 1109 -13
337 336 19
337 339 8
336 363 -19
336 309 -13
339 754 -28
339 338 13
339 1113 8
339 341 28
794 31 28
794 795 13
794 822 28
794 404 19
794 766 -8
31 33 -28
31 431 28
31 30 -28
31 29 28
795 28 -28
795 793 8
795 797 28
795 401 13
822 850 28
822 432 28
822 57 -13
822 823 -8
404 406 -28
404 402 -19
404 403 28
404 1 28
766 376 -13
766 767 -8
766 4 13
1128 349 28
1128 1127 8
1128 1130 -13
1128 738 8
1128 1126 8
349 322 8
349 350 -19
1127 352 -28
1127 1099 -19
1127 741 8
1130 351 8
1130 1132 19
1130 1129 28
1130 740 13
738 710 28
738 739 -8
738 323 -19
1126 736 28
1126 347 8
1126 1125 -19
1126 1124 -8
67 65 8
67 69 19
67 469 -8
67 66 -19
67 832 -13
65 63 -13
65 830 19
69 68 -13
69 471 -13
69 834 8
469 470 19
469 441 -8
469 863 -13
469 497 -8
66 472 13
66 835 28
66 40 -28
66 93 -28
832 804 -13
832 860 -8
858 92 -28
858 830 8
858 859 -28
858 468 -13
92 495 -19
92 91 -8
92 94 -13
92 90 8
830 802 -28
830 831 -28
859 465 -19
859 857 13
859 861 13
468 62 -8
468 466 -28
468 470 -13
573 571 -13
573 575 -8
573 962 -28
573 572 19
571 162 19
571 570 8
571 960 28
575 574 -13
575 577 19
575 964 28
575 165 -8
962 990 28
962 963 -13
962 192 13
572 166 -19
572 545 -19
572 965 -13
572 600 28
673 1059 13
673 675 -8
673 259 -8
673 672 -8
1057 285 28
1057 1031 -19
1057 1085 -19
1057 1058 -8
670 642 -8
670 698 13
670 1060 8
670 260 -8
669 255 8
669 1055 -8
669 668 -19
397 425 28
397 791 -19
397 398 19
425 453 13
425 426 -13
425 26 28
425 819 28
791 789 -28
791 25 -28
791 790 -28
398 396 -28
398 788 8
398 400 -28
839 841 -19
839 837 -8
841 447 13
841 72 8
841 843 -8
841 840 -8
837 835 -13
837 68 -8
837 836 -19
837 443 13
1083 310 -8
1083 1084 28
1083 1055 -8
1083 697 -8
310 312 -28
310 308 -19
310 724 28
310 309 -13
1084 694 28
1084 1082 -28
1084 1086 -28
1055 283 -13
1055 1056 28
1055 1029 13
697 695 28
697 280 28
697 699 13
697 696 -19
166 164 -28
166 165 19
164 933 8
164 163 28
164 570 8
165 191 19
165 139 -13
636 227 13
636 1028 -8
636 637 8
636 608 28
227 226 -28
227 229 -28
227 225 28
227 998 -13
1028 253 19
1028 1026 -28
1028 1030 -28
1028 1027 -19
637 639 -28
637 1025 8
637 635 -8
637 224 13
608 609 19
608 580 -13
608 200 8
608 1001 19
574 547 8
574 602 -8
577 579 13
577 966 8
577 576 -8
964 937 -28
964 992 13
964 965 19
942 941 19
942 549 13
942 940 19
942 944 13
942 168 -19
941 171 -8
941 552 19
941 968 -19
549 550 8
549 144 -28
549 521 8
549 576 -19
940 547 28
940 939 28
944 551 -28
944 946 -8
944 170 -8
944 943 -28
168 579 19
168 195 -19
168 169 28
905 933 -28
905 516 -19
905 877 28
905 138 28
905 906 -19
933 544 19
933 960 -8
516 514 -13
516 108 -13
516 515 -13
516 518 8
877 488 -19
877 111 19
877 850 13
138 137 28
138 136 -13
138 140 8
906 513 -19
906 908 -8
906 904 13
906 135 -13
226 1001 28
226 199 -19
226 639 -19
226 253 -13
1001 1000 -8
1001 1003 -13
1001 999 28
199 200 -19
199 611 -19
199 973 -13
639 638 19
639 1027 -8
639 641 19
253 278 8
253 254 -28
482 872 -13
482 480 -19
482 76 8
482 484 13
482 481 -8
872 899 -19
872 873 -19
872 106 -28
872 844 -19
480 870 -28
480 74 19
480 479 8
76 50 28
76 103 -19
76 77 -8
76 845 -19
484 78 -8
484 483 13
484 874 -13
481 453 -8
481 509 -28
481 79 19
481 875 -8
417 418 -8
417 389 -13
446 444 28
446 836 -8
446 448 19
446 42 -8
45 44 19
45 43 8
45 808 19
884 114 28
884 883 -13
884 491 13
888 495 28
888 890 13
888 887 19
493 465 -13
493 90 19
493 521 13
493 494 -19
1004 1031 -28
1004 615 -19
1004 1005 8
1004 233 28
1004 976 8
1031 260 -8
1031 643 28
615 613 28
615 614 13
615 617 -8
615 203 13
1005 612 -28
1005 1007 19
1005 1003 8
233 642 -19
233 232 -19
233 235 -28
233 231 -28
976 977 -19
976 206 -19
976 949 13
976 587 8
721 720 28
721 1107 19
721 723 -19
721 303 -28
721 719 19
720 306 8
720 692 13
720 748 -8
1107 1108 13
1107 1135 28
1107 1079 -8
1107 333 -28
723 1109 -13
723 305 8
723 725 13
303 330 13
303 1080 13
303 304 -19
303 277 -19
719 1105 28
719 717 28
719 301 -8
719 718 19
44 448 19
44 17 -19
448 447 13
448 450 8
17 783 8
989 596 8
989 987 19
989 991 -19
989 988 19
989 214 -13
596 568 -28
596 624 -13
596 597 13
596 188 19
987 213 -19
987 986 -8
991 990 13
991 598 8
991 993 13
991 216 -28
988 217 -28
988 599 28
988 1015 19
988 960 19
214 241 -13
214 627 8
214 187 28
214 215 -8
306 305 -13
306 308 19
306 304 -28
306 1079 -13
305 278 28
305 1082 -28
305 332 28
308 1081 -13
304 718 -19
304 1077 19
304 302 -8
1079 1080 13
1079 693 -19
816 426 -28
816 817 13
816 53 28
816 788 -19
816 844 -28
426 424 -19
426 428 28
426 23 -13
817 815 -28
817 423 -13
817 50 -8
817 819 8
53 453 19
53 52 8
53 51 -8
788 789 13
788 26 19
844 845 8
844 79 19
844 454 -8
495 496 8
496 494 -19
496 498 -19
279 692 8
279 278 -13
279 281 19
1025 998 -13
1025 254 -8
1025 1026 -13
1052 662 28
1052 1050 -8
1052 1054 -19
1052 277 19
125 529 8
125 124 19
125 127 8
125 123 -28
125 891 19
529 922 -19
529 557 -8
529 530 -28
124 97 13
124 532 19
124 894 -19
124 151 -8
127 531 -8
127 893 13
127 129 -19
127 126 -19
123 527 28
123 889 19
123 122 -13
891 864 -28
891 892 -8
891 502 -28
891 919 13
594 595 19
595 593 -13
595 984 19
595 184 8
352 350 -13
352 351 19
352 354 8
350 1125 -28
350 348 -13
351 324 -13
354 1129 -8
354 356 13
354 353 -19
91 498 -19
91 861 19
498 497 -19
498 887 19
498 500 8
861 863 8
861 860 -19
1134 1133 -19
1134 1136 19
1134 1132 -8
1134 744 13
1134 355 -13
1133 358 13
1133 1105 28
1133 747 8
1136 1135 -28
1136 357 8
1136 1138 19
1136 746 -28
1132 1131 28
1132 742 -8
1132 353 -13
744 716 -13
744 329 19
744 745 -19
355 356 -13
355 328 8
73 72 -19
73 75 28
72 46 -13
72 99 -8
75 77 8
75 74 19
75 840 -19
75 477 -28
864 836 19
864 865 8
864 98 -13
836 808 -28
865 863 8
865 471 -13
865 95 -8
98 97 -19
98 96 28
98 100 -13
579 581 8
579 968 -8
579 578 8
581 580 -13
581 970 28
581 170 19
581 583 28
968 996 19
968 969 28
968 198 19
578 171 -13
578 606 28
578 551 -28
578 971 19
570 963 8
570 598 -28
515 908 13
515 111 19
544 546 -19
544 542 -19
544 135 19
736 737 -19
736 708 28
736 321 -8
737 1123 -28
737 739 -13
737 319 -28
708 1098 -8
708 294 -28
708 680 -28
708 709 -19
321 1095 -19
321 323 -8
321 320 -8
1099 1071 -28
1099 325 8
1099 713 28
1099 1100 19
1071 298 -8
1071 1072 13
1071 685 -13
1071 1044 -8
325 324 19
325 327 -8
325 323 8
325 740 13
713 712 -19
713 711 -13
713 295 -13
713 715 8
1100 710 19
1100 1102 -19
1100 1098 -19
1100 322 19
1089 316 -28
1089 1117 8
1089 1090 8
316 318 -28
316 314 28
316 730 -13
1117 1145 8
1117 1118 8
1117 343 -19
1117 731 8
1090 1088 13
1090 700 19
1090 1092 28
1090 313 8
171 169 19
171 173 8
171 170 13
169 939 -28
169 576 13
173 580 28
173 943 -8
173 175 -19
170 145 -28
170 197 -28
642 1034 -28
642 643 28
642 614 13
1034 259 19
1034 1033 -8
643 645 28
643 641 28
614 586 28
614 206 28
614 1007 -8
137 908 -8
137 546 13
908 907 8
908 910 -8
546 545 19
546 548 28
948 555 13
948 950 13
948 947 -28
948 174 -13
948 946 -19
555 527 8
555 150 -13
555 582 8
950 176 19
950 557 -13
950 949 13
950 951 8
947 177 28
947 558 -13
947 919 -13
947 974 28
174 585 -28
174 149 19
174 201 19
174 175 19
946 945 -19
946 553 13
645 1033 -8
645 232 -8
645 644 8
1033 1006 -28
1033 262 13
1033 1059 -8
232 259 -8
232 1007 -28
232 205 28
644 235 8
644 672 8
644 616 -28
911 883 28
911 912 -19
911 939 -8
911 144 -19
883 494 -8
883 856 13
912 910 -8
912 519 -8
912 914 -19
912 141 -28
939 550 28
939 966 13
144 146 13
144 142 -28
259 284 -19
259 260 8
1007 1006 -28
1007 1009 -13
205 206 19
205 979 -28
205 178 19
205 617 19
654 626 -19
654 682 19
654 244 -19
654 1045 19
654 655 -28
626 217 19
626 1018 -8
626 627 19
626 598 19
682 710 28
682 683 -13
682 1072 13
682 270 13
244 243 -8
244 246 8
244 242 -13
244 1015 19
1045 1043 8
1045 1044 -8
1045 1046 -8
655 653 13
655 657 -28
655 1042 8
655 241 -28
463 61 -13
463 857 28
463 464 -19
463 435 -8
463 491 -28
61 63 19
61 59 8
61 826 -8
61 60 19
857 87 -13
857 855 -8
857 856 8
464 466 28
464 854 -28
464 462 -28
464 58 28
435 436 28
435 407 19
435 829 19
435 35 -28
491 492 -8
491 519 -13
491 88 19
727 729 -19
727 725 8
727 1113 -8
727 726 -13
727 309 -13
729 311 -13
729 1115 8
729 731 28
729 728 13
725 724 -19
1113 1141 -13
1113 1085 19
726 312 28
726 698 13
726 754 -13
726 1116 19
309 1086 -13
217 215 28
217 219 19
217 216 13
215 986 -28
215 624 13
219 990 -19
219 628 -19
219 218 -8
219 221 19
216 189 -28
216 243 -13
216 629 13
692 1082 -8
692 693 -13
1082 1081 28
1082 1080 8
693 695 8
693 691 13
693 277 -19
312 314 -19
312 311 -13
312 1085 19
314 313 -8
314 1087 -13
314 728 19
311 284 8
311 1088 -28
1085 699 13
1085 1086 -19
465 466 -8
465 63 13
465 437 -13
466 60 8
466 856 8
63 62 -8
63 828 8
437 438 -13
437 37 -19
437 409 -13
437 831 19
410 408 -28
410 800 -8
410 412 19
410 7 -8
410 409 -8
408 407 8
408 406 -19
408 798 -8
408 5 19
800 37 13
800 772 -28
800 828 -28
800 801 -8
412 414 -19
412 802 -8
412 9 8
7 34 8
7 8 -13
7 773 19
409 381 8
409 10 28
409 803 -19
278 695 8
278 1054 -13
695 694 -28
695 1081 -13
1054 1056 28
1054 1053 28
502 504 -8
502 500 28
502 95 -19
894 893 19
894 896 -13
894 892 -19
694 666 -28
694 281 -13
666 638 19
666 256 19
666 1056 -8
281 283 19
281 1053 -13
281 280 -19
285 698 -13
285 284 -8
285 287 19
285 283 -28
1058 1060 8
1058 1056 -19
1058 668 28
358 356 -13
358 357 -13
358 360 -19
356 1131 -8
357 330 8
360 359 -19
360 1135 -8
360 362 28
97 504 -28
504 893 -8
504 506 8
504 503 8
513 541 19
513 109 -8
513 514 19
513 485 -13
541 568 -13
541 136 8
541 542 13
109 876 19
109 111 -8
109 108 28
514 107 19
514 903 8
485 486 8
485 457 19
485 82 19
613 201 28
613 1002 13
613 611 -19
613 612 -19
201 228 -8
201 202 -19
201 975 13
1002 1029 19
1002 974 13
1002 1003 19
1002 231 8
611 1000 -19
611 609 28
611 610 8
612 584 -28
612 204 8
612 640 13
1043 268 -19
1043 652 8
1043 1041 13
1043 1042 13
268 683 8
268 293 -19
268 241 19
652 653 -19
652 242 -8
652 624 -19
652 680 -28
1041 267 8
1041 1040 -19
1042 270 -13
1042 1069 -19
1042 1015 28
743 741 19
743 742 -8
743 324 8
743 745 19
743 1129 28
741 739 13
741 322 -13
741 740 -19
742 714 -13
742 327 -13
324 297 13
324 1102 8
745 326 -13
745 1131 -8
745 747 13
1129 1101 28
1140 1142 -19
1140 1138 -13
1140 750 -19
1142 1141 -13
1142 363 -19
1142 1144 13
1138 359 -28
1138 1137 28
1138 748 -28
297 715 -19
297 298 28
297 271 -8
297 1074 -19
1102 712 -28
1102 1104 13
1102 1101 13
567 565 8
567 956 -28
567 159 -28
1105 1077 8
1105 331 19
1105 1106 -8
1077 691 28
1077 1078 13
1077 1049 28
331 330 -8
331 333 8
331 746 -19
331 329 13
1106 1108 -13
1106 1104 19
1106 716 19
1106 328 28
648 239 28
648 649 19
648 620 -8
648 1039 -13
648 676 -13
239 238 8
239 237 -28
649 651 28
649 236 -28
649 1037 -13
620 212 19
620 1012 8
620 592 28
1039 265 -13
1039 1038 -28
676 1066 -13
676 266 19
676 677 19
1108 718 13
1108 330 -13
718 690 -19
718 746 -8
330 749 -8
661 660 8
661 1047 13
661 659 -13
661 247 28
660 250 -13
660 688 13
660 1050 13
660 632 -8
1047 1048 -8
1047 1021 -8
1047 1075 -28
1047 276 -8
659 245 -28
659 658 28
659 657 13
247 1022 19
247 273 -8
247 248 28
238 265 13
238 1012 -19
238 651 13
265 679 -13
265 266 28
1012 1010 8
651 650 19
907 140 -8
907 518 -13
910 139 -19
910 909 8
470 472 -8
470 860 -8
441 835 13
441 413 8
441 41 28
863 93 19
863 862 13
497 94 -13
497 525 -28
497 890 8
472 862 -19
472 471 -8
862 96 8
862 834 19
862 889 -19
471 443 13
471 499 28
931 542 8
931 958 -28
931 163 -28
931 903 -8
958 986 13
958 959 19
958 188 -19
163 568 -28
163 162 19
903 904 13
903 136 8
903 876 8
698 1088 -19
698 699 -8
1088 1087 -19
1088 1086 19
699 701 28
189 963 13
189 190 -8
189 601 8
963 961 19
963 965 -19
190 598 -8
190 192 -28
190 188 -28
190 960 -8
601 603 -28
601 990 19
601 599 28
601 600 19
318 317 -19
318 732 -28
317 735 28
317 344 13
317 1094 -28
732 760 -28
732 1122 19
732 733 8
416 13 8
416 414 -28
416 806 -28
416 418 -13
416 415 19
13 40 19
13 779 -13
13 14 -13
414 804 13
414 413 -19
806 43 13
806 778 13
806 834 -19
806 807 -28
418 808 -28
418 15 8
415 16 19
415 387 -19
415 809 19
415 443 8
701 700 19
701 284 -19
701 1087 -19
700 287 19
700 728 28
700 672 -13
284 1060 -19
1087 1059 -28
1087 1115 28
535 928 -19
535 536 8
535 563 -28
535 131 -13
535 507 13
928 157 -8
928 927 -8
928 926 -8
928 930 8
536 925 13
536 128 28
536 538 -28
536 534 19
563 158 28
563 590 -28
563 955 -13
131 129 28
131 897 19
131 130 19
131 133 28
507 900 -28
507 508 -13
507 104 -19
507 479 -13
1060 1059 -13
1060 1062 -8
710 711 28
710 296 -28
711 293 13
711 1097 19
711 709 -28
296 1069 28
296 298 13
296 295 13
296 294 -28
783 781 19
783 389 19
16 15 28
16 14 -28
16 778 28
15 781 -28
15 42 19
14 413 13
14 12 28
14 776 -13
778 388 13
778 779 13
1037 1038 -13
1037 266 -13
677 679 28
677 675 -19
287 1059 -28
287 286 -28
286 261 19
286 1062 13
286 313 13
520 112 -19
520 518 -28
520 519 -13
520 909 13
112 85 -13
112 113 19
112 139 13
519 115 -8
519 547 13
909 937 -19
909 142 13
909 881 -19
85 492 8
85 855 28
85 58 -19
113 115 28
113 111 19
139 140 -8
139 548 13
787 393 13
787 789 13
787 21 8
787 786 28
784 812 28
784 394 19
1066 1065 -28
1065 1093 -19
1065 679 -13
619 207 28
619 618 28
619 617 8
207 981 19
207 234 -8
207 208 13
207 180 28
618 590 -8
618 210 8
618 1010 19
618 646 -19
617 1006 8
617 616 -13
94 93 28
94 96 28
94 860 -28
93 500 8
96 499 -8
96 95 8
860 887 8
749 747 28
749 1135 28
749 748 28
114 141 -8
114 87 13
114 115 19
141 550 19
141 142 8
87 494 8
87 88 -13
87 60 19
115 881 19
62 831 13
62 36 28
828 438 19
828 829 13
828 856 28
158 156 -19
158 160 8
158 157 13
158 925 -13
156 561 -8
156 155 28
156 154 -13
156 923 8
160 927 -8
160 564 19
160 159 19
157 565 -28
157 182 -28
157 130 13
925 926 8
925 897 -13
1053 1027 -13
1053 1081 8
393 394 8
393 421 -19
394 396 -19
421 422 -8
421 815 -28
421 449 -28
835 834 8
834 444 8
1123 1095 -19
1123 348 13
1123 1124 -8
1095 1096 8
1095 1067 -13
1095 709 -19
348 347 -28
1124 346 8
568 961 -19
961 959 -13
961 187 8
961 960 -13
162 135 28
162 187 -13
135 136 -13
135 108 28
187 599 13
187 188 13
868 869 -19
868 840 -13
868 895 -13
868 102 19
477 449 19
477 505 13
477 871 8
937 548 -8
548 550 28
548 547 8
881 492 -8
881 854 -28
717 1103 -8
717 299 -19
717 716 28
717 715 13
1103 1131 -28
1103 1104 -13
1103 329 13
1103 1075 -8
299 1076 8
299 326 19
299 300 -19
299 273 13
716 302 8
716 688 28
715 714 -28
715 1101 -8
422 812 -13
422 424 19
812 840 -28
812 49 19
812 813 19
424 21 13
424 814 28
424 423 8
46 813 -28
46 450 -8
789 23 -28
789 395 -13
23 50 -28
23 24 -13
395 396 13
395 423 13
40 807 13
40 444 -13
40 41 -19
807 413 -8
807 809 -19
444 443 -13
41 43 13
41 804 -19
981 979 19
981 588 28
981 983 19
981 980 -19
979 977 -19
979 586 19
979 978 -28
588 616 19
588 561 8
588 589 28
588 181 -28
983 590 13
983 985 -28
983 982 19
983 209 -8
980 210 19
980 952 28
980 591 -28
21 48 -28
24 786 13
24 26 -13
24 423 28
650 678 -8
145 554 -8
145 146 -13
145 916 -8
301 328 19
301 302 -13
301 275 8
301 1078 -8
328 329 -13
328 747 -8
302 1075 19
302 300 -19
275 249 -28
275 691 -8
275 1050 8
275 276 -8
1078 1076 19
1078 688 13
1078 1080 -19
250 249 13
250 252 -8
250 248 8
250 1021 -19
249 1024 13
249 222 -28
252 662 -13
252 1023 -13
252 254 -28
248 658 -28
248 1019 -13
248 246 -8
1021 633 -28
1021 994 8
1021 1022 19
25 52 -8
25 26 -19
25 428 -13
790 818 28
790 400 -28
1026 1024 8
1026 634 -19
1030 638 8
1030 1029 -19
1030 255 -19
1027 256 8
1027 1000 -8
363 364 -8
1145 370 19
1145 1146 19
1145 759 -8
370 369 8
370 368 -8
370 372 -8
1146 367 -13
1146 756 8
1146 1148 13
1146 1144 -19
759 758 19
759 761 -19
759 340 28
759 757 28
590 183 28
590 591 -13
183 952 28
183 182 -19
183 181 -13
183 185 -19
591 180 -8
591 593 19
591 589 19
68 95 28
68 42 -8
347 320 13
320 1098 -28
320 739 28
320 293 19
740 712 -19
675 674 19
675 261 13
672 262 19
672 1062 28
843 74 8
843 449 -8
843 842 -28
843 845 8
840 450 19
390 389 8
390 388 -19
390 780 8
388 386 8
388 387 8
780 781 19
780 808 19
547 142 8
602 603 -13
602 630 28
602 995 13
638 229 -13
638 610 13
229 1000 -19
229 228 28
229 231 -19
610 582 8
610 202 13
610 1003 28
1076 686 8
1076 1075 13
1076 1074 -8
686 658 28
686 714 13
686 274 -13
686 687 -8
1075 689 -13
1074 1073 -13
1074 1072 -8
1074 684 -13
890 889 -13
890 892 -13
887 915 13
210 209 -19
210 208 13
210 212 -13
209 236 19
209 182 -28
208 206 -19
208 616 -8
208 978 -28
212 982 13
1006 978 -13
1006 235 -19
978 589 -13
235 234 8
235 237 -19
438 436 19
438 34 -8
436 434 19
436 32 28
436 826 28
34 60 -13
34 35 28
34 801 13
1109 1137 -28
1109 1081 -28
332 359 8
332 333 13
37 35 8
37 36 19
35 33 19
35 798 13
36 9 -13
36 803 -13
256 254 19
256 255 -19
255 228 -13
255 280 13
369 1148 13
369 342 -28
1148 1147 -13
1148 758 -28
1148 1150 -13
342 343 -19
342 1120 -19
342 761 -19
405 377 -13
405 406 19
405 799 28
405 433 19
405 6 19
377 378 19
377 771 -19
406 3 28
406 796 8
799 32 8
799 801 8
799 798 19
799 797 -8
433 434 -8
433 33 -13
433 827 -8
6 8 -8
6 5 -13
6 4 -13
6 768 -19
488 81 -28
488 486 -28
81 108 -13
81 55 13
81 82 -8
81 851 8
486 876 -8
486 80 8
353 326 28
746 747 28
77 79 8
77 479 -13
77 842 13
74 48 -28
74 101 8
855 854 -8
855 853 -13
856 90 -19
739 1125 -19
323 322 -28
323 1097 -28
847 453 -8
847 78 -28
847 846 28
847 845 -13
453 454 28
78 52 -8
78 105 -13
78 79 -28
846 456 28
846 874 -8
846 818 -8
845 451 -13
396 786 -19
786 814 8
616 1009 -19
1080 690 -19
234 261 -8
234 1009 -19
261 262 -19
1009 1010 13
656 657 -8
656 628 -8
656 246 28
656 684 19
656 1046 13
657 243 19
657 1044 28
628 1020 -19
628 600 -19
628 629 8
246 245 -28
246 1017 19
684 712 28
684 685 -13
684 272 -8
1046 271 -19
1046 1048 19
984 985 -13
984 956 -8
443 43 -13
1115 1143 13
1115 1116 -28
1115 341 -19
731 730 -8
731 313 -13
731 733 -28
728 756 13
728 1118 -19
381 382 28
381 775 -8
10 9 -28
10 8 8
10 772 8
10 12 13
803 802 -28
803 801 -28
43 42 28
42 809 -19
313 340 28
802 774 13
9 775 -13
775 773 -28
775 777 13
775 774 8
262 260 -13
815 814 -13
815 48 -19
815 813 -8
814 51 -8
814 842 8
48 452 -13
48 49 8
512 105 -19
512 510 -8
512 901 19
105 106 13
105 132 8
105 875 28
510 508 -8
510 899 -19
510 509 28
510 103 -13
901 929 -8
901 874 8
901 902 -28
779 781 28
779 385 -8
779 777 -19
584 977 -28
584 177 -19
584 585 -19
584 557 -8
204 206 -8
204 202 -28
204 974 -19
204 203 8
640 641 -28
640 231 -13
640 668 13
781 387 8
90 88 28
88 854 -19
586 559 -19
586 179 19
586 587 -13
560 558 -13
560 949 -19
560 559 -19
560 151 -13
560 562 13
558 557 28
558 149 -8
949 921 -8
949 179 13
559 531 -28
559 951 19
559 154 -13
151 176 28
151 922 19
151 152 -13
562 561 13
562 153 28
333 748 -13
688 689 28
688 276 -19
1050 1049 -8
1050 1048 19
632 1024 -8
632 633 -19
632 223 -8
632 604 -8
1086 696 -8
662 690 8
662 634 8
690 691 28
634 635 19
634 606 -13
634 225 28
499 527 -8
499 892 28
499 500 -8
876 848 -8
848 849 13
848 458 -19
848 820 -19
848 82 -8
1010 236 13
808 809 13
850 460 19
850 84 19
850 851 -13
977 203 -13
977 975 8
203 176 19
975 973 8
975 582 -19
975 974 -28
712 298 -19
298 300 28
1093 1121 13
1093 1094 19
679 678 19
646 674 8
646 1038 13
646 237 28
27 793 -13
27 54 -28
27 430 -13
27 0 19
793 792 28
54 80 13
54 458 -19
54 821 28
430 429 -13
430 820 -19
430 432 -8
0 402 8
0 765 28
271 245 8
271 272 19
271 687 -28
95 122 -28
955 957 -19
955 182 19
955 954 -28
955 953 28
1024 1023 -19
1024 1022 -28
1023 1049 19
1023 996 28
1023 635 -19
1022 1020 -8
1022 630 8
245 1020 13
245 218 19
1020 1019 19
1020 1018 -13
218 631 -28
218 191 -13
218 993 -19
869 871 28
869 99 -13
871 870 28
871 101 -19
871 873 -8
99 506 19
99 126 8
99 100 28
831 829 28
565 954 -8
565 564 -13
954 927 8
954 982 13
954 185 13
564 957 28
564 537 8
564 592 13
182 593 28
130 103 8
130 900 -19
130 538 -28
927 538 -19
927 899 -19
159 132 8
159 184 -13
159 930 8
668 696 13
1125 1097 -8
1097 1098 19
1097 1069 -19
386 385 13
386 776 -19
386 384 -28
385 413 -19
776 804 8
776 777 13
384 383 -19
384 774 -13
384 382 13
1072 295 -28
1072 1070 -8
685 683 28
685 269 -19
685 687 28
1044 1017 13
1044 272 8
952 953 -8
434 30 -13
434 432 19
434 824 19
30 3 19
30 797 -28
432 28 28
432 431 -8
824 852 13
824 825 13
824 59 -8
824 796 -8
985 592 -13
982 593 -8
283 696 -19
696 724 -13
33 796 8
33 32 28
796 768 -13
796 797 19
32 5 -28
32 58 19
222 635 13
222 195 13
222 997 -8
222 223 -28
818 819 -13
818 428 19
400 399 8
826 854 8
826 827 -13
826 798 13
763 761 28
763 344 28
763 1149 28
763 762 -19
761 1147 28
761 760 -13
344 371 19
344 345 -19
344 1122 -13
1149 1150 13
1149 1121 13
762 734 -8
1000 972 19
1029 641 -19
1147 372 28
1147 1119 28
372 371 -8
1119 1120 8
1119 345 13
1119 733 -19
450 452 -13
450 449 13
322 295 28
80 849 -8
80 107 13
849 851 -28
852 462 -8
852 853 -28
462 460 -13
853 459 -28
853 83 13
853 851 -13
691 689 13
236 237 19
633 635 -19
633 631 28
631 1019 8
631 630 28
631 629 -8
132 133 19
132 902 28
929 956 -19
929 930 -28
538 537 28
371 1150 19
1150 760 19
407 8 -19
407 801 8
407 379 28
8 770 -28
379 773 -8
379 380 -8
83 84 13
492 494 8
683 681 13
683 1069 -13
681 267 13
681 680 13
1069 1070 19
28 1 8
28 55 -13
28 29 28
797 403 -19
401 429 -13
401 402 8
401 2 -28
401 373 -13
58 59 -19
58 827 -8
957 956 -13
957 184 -28
184 185 -8
921 532 -28
921 893 19
921 154 8
921 922 -19
532 531 8
532 530 8
532 534 -19
154 153 -19
154 152 -13
922 920 28
922 924 8
224 197 28
224 999 -13
224 225 19
658 630 -13
658 1048 -19
630 221 19
1048 273 -8
225 996 -28
225 223 -13
998 609 -13
998 970 -19
998 999 8
1096 319 -19
1096 1098 -8
319 346 19
319 292 -8
375 376 8
375 403 28
375 769 -28
376 378 -13
376 374 28
403 431 -8
403 4 -19
769 768 8
769 771 13
769 767 -19
769 3 -19
1003 228 28
12 774 13
383 777 -8
483 455 -8
460 458 28
460 55 -13
460 459 -19
458 457 -13
55 823 -19
55 56 -19
459 57 -13
459 431 -8
423 451 19
50 454 -19
50 51 28
819 52 28
689 273 28
689 687 8
273 274 -8
687 1073 28
593 592 19
531 503 -13
531 924 -13
951 178 -19
951 953 -28
561 533 28
561 953 8
153 924 13
153 126 -28
153 178 19
1056 280 13
1019 992 -13
992 603 8
992 993 28
992 221 28
924 926 -28
924 923 8
126 534 -19
126 896 -19
178 589 13
178 179 13
292 1068 -13
292 709 19
292 267 -19
1092 702 8
1092 1094 -19
899 900 -8
899 133 19
1104 714 8
1104 326 -8
1101 327 -8
1101 1073 -13
653 240 13
653 1040 -28
241 242 28
241 1016 8
382 380 13
382 772 -19
1067 294 8
1067 1040 -8
1067 1068 -8
294 293 -8
1040 1013 -8
1068 1070 -8
587 176 -13
587 585 13
587 589 -28
60 829 -8
429 29 -13
429 823 28
429 457 -8
29 792 28
823 825 -28
823 821 28
457 851 -8
457 56 28
714 300 19
300 1073 8
557 152 28
530 919 -13
530 528 -13
530 122 -28
592 185 -19
1 2 19
1 767 -19
758 730 28
758 343 -13
340 1118 -28
340 367 19
340 341 19
757 756 19
757 1143 28
757 338 -8
326 327 -13
996 607 19
996 997 13
100 503 -19
100 102 28
537 509 8
537 930 -28
537 133 -19
772 773 -28
327 329 19
820 792 19
820 821 19
820 56 13
82 84 -8
829 827 13
827 825 -13
451 51 -13
451 479 -19
451 452 13
51 49 -28
479 873 -28
452 842 -8
452 454 -28
5 771 -19
180 155 -19
180 953 28
180 181 -28
128 155 28
128 129 19
128 898 13
128 101 13
534 533 -19
534 923 -19
994 223 19
994 966 13
994 995 28
223 221 -28
966 196 28
995 993 28
995 997 -13
293 1070 -8
129 533 -28
129 895 -28
897 508 8
897 870 -13
897 898 -28
295 269 -28
177 176 -19
177 175 -13
177 179 -13
585 974 -19
585 583 8
604 196 -19
604 576 28
604 997 19
545 140 -13
195 196 -19
195 969 28
195 607 28
997 999 -13
972 973 19
972 202 28
972 583 19
972 945 -8
270 269 -8
270 272 28
269 243 -8
243 1018 8
49 449 28
367 368 8
756 341 -13
1144 754 19
1144 365 19
1144 1143 19
276 274 -13
603 191 13
191 192 -13
191 965 -28
152 150 -8
152 919 -19
641 228 -13
378 768 -8
378 380 13
771 770 28
771 773 28
57 59 -8
57 56 -19
431 825 13
368 1143 19
368 366 -8
3 4 -19
525 553 8
553 580 -13
553 554 13
4 2 8
533 926 -28
533 505 28
1018 1017 -28
1018 1016 13
155 926 -8
609 607 -28
609 197 -13
607 606 -13
197 198 -28
197 971 19
990 1017 -28
1017 629 28
730 702 -28
730 1120 28
343 345 8
343 341 -19
503 896 -19
760 345 -8
1016 1014 -8
1016 624 -13
1016 1015 13
678 706 8
580 973 19
973 971 28
179 181 19
600 192 -8
600 993 -28
629 627 19
200 202 28
200 198 19
200 970 -28
198 196 -28
198 606 -13
970 971 -28
970 943 -8
103 104 -28
103 873 -28
900 898 8
900 902 -8
509 902 8
509 106 28
1141 366 -8
366 365 13
366 364 -8
898 896 -13
898 505 13
606 999 -8
1070 680 -28
734 735 -13
734 706 19
735 733 -8
735 1121 -8
272 274 -28
402 792 19
792 764 8
365 338 28
338 1116 -8
770 380 -8
770 798 13
550 552 -13
552 554 -13
552 551 -19
240 1014 8
240 213 13
240 267 13
527 920 8
527 528 8
920 919 8
920 149 28
528 917 13
969 576 28
969 971 -13
508 506 19
508 101 8
506 895 -8
506 505 8
101 102 28
1014 1013 -19
1013 242 13
1013 986 -28
1013 625 13
945 917 28
945 175 -28
554 943 28
674 702 8
150 149 -8
150 917 13
149 122 -8
917 889 -13
923 895 13
374 764 -19
374 373 28
505 102 -19
1137 362 8
362 364 -19
582 175 8
582 583 28
1118 1116 -19
1118 1120 -28
1120 1122 -28
895 896 13
122 892 -8
764 765 -13
764 2 19
765 767 13
842 870 -19
454 456 -28
874 875 -19
373 767 -19
1121 1122 8
870 104 -13
104 106 13
104 102 13
521 914 -19
551 146 28
914 916 -8
624 625 -8
889 500 19
873 875 -13
986 597 -28
625 627 -19
625 213 13
1015 627 19
915 943 28
915 916 -19
399 427 28
427 428 -19
427 455 -28
598 599 28
140 142 13
456 455 -19
456 52 28
599 597 8
