1112 1111 28
1112 334 -19
1112 1110 -8
1112 1114 19
1112 722 -13
1111 337 -28
1111 1083 28
1111 1139 -13
1111 725 -28
334 753 28
334 361 28
334 307 8
334 335 19
1110 1108 28
1110 332 -8
1110 720 8
1110 1109 -19
1114 336 13
1114 724 8
1114 1116 -13
1114 1113 -8
722 694 8
722 723 19
722 308 -13
722 750 -8
147 918 -13
147 172 13
147 556 -28
147 148 8
147 120 -8
918 525 13
918 917 28
918 920 13
918 916 13
172 199 -8
172 173 19
172 583 28
172 946 13
556 558 28
556 555 28
556 945 8
556 554 -19
148 150 28
148 553 19
148 146 -28
148 915 -13
120 121 -19
120 528 -28
120 890 28
120 93 8
665 251 -13
665 663 28
665 664 -28
665 667 -19
665 1051 13
251 252 -28
251 224 -28
251 1026 -19
251 277 28
663 661 -28
663 662 -28
663 249 -19
663 1049 19
664 636 8
664 692 19
664 1054 13
664 254 -28
667 253 -8
667 669 8
667 1053 13
667 666 13
1051 279 19
1051 1025 19
1051 1079 28
1051 1052 -28
391 392 13
391 419 8
391 785 -19
392 782 13
392 390 -13
392 394 13
419 20 13
419 813 -19
419 447 -28
419 420 19
785 783 13
785 19 -8
785 787 -28
785 784 -28
473 445 -13
473 867 -28
473 474 28
473 501 19
473 71 -13
445 839 -8
445 417 13
445 446 8
445 45 -13
867 97 19
867 869 -8
867 865 13
867 866 13
474 476 -19
474 864 -19
474 472 -28
474 68 -28
501 502 -13
501 894 13
501 529 -28
501 98 -19
71 73 -28
71 69 19
71 836 28
71 70 -28
936 543 19
936 934 8
936 935 13
936 938 13
543 570 13
543 515 -8
543 544 -19
543 138 -13
934 162 19
934 933 8
934 932 -13
934 541 13
935 166 -28
935 546 28
935 907 -19
935 962 19
938 937 -8
938 165 -28
938 940 -28
938 545 -13
161 134 19
161 569 -13
161 932 -8
161 186 -8
134 904 28
134 107 -28
134 542 -28
569 568 -8
569 958 -13
569 571 -28
932 931 13
186 213 -19
186 597 -28
186 959 19
476 70 19
476 866 13
476 475 8
476 478 -8
70 839 -19
70 44 -28
866 838 -19
866 893 19
866 100 28
475 73 19
475 869 8
475 447 -13
475 503 -13
478 868 -8
478 477 13
478 72 -19
478 480 -13
439 39 -8
439 833 28
439 467 8
439 440 13
439 411 13
39 38 19
39 37 19
39 41 8
39 802 -13
833 835 13
833 64 -8
833 832 8
833 831 13
467 495 8
467 861 -8
467 468 -19
467 65 19
440 438 -28
440 830 -13
440 36 28
440 442 8
411 412 -8
411 12 8
411 383 -19
411 805 13
880 878 13
880 110 8
880 879 -8
880 882 28
880 487 -13
878 877 -28
878 485 13
878 108 -28
110 137 19
110 83 -8
110 111 19
110 518 28
879 852 19
879 490 -28
879 907 -8
879 113 -19
882 489 -8
882 112 -28
882 881 -19
882 884 -19
487 488 8
487 459 19
487 515 28
487 84 -13
193 605 -28
193 220 -13
193 194 28
193 967 -28
193 167 -28
605 994 -13
605 603 -8
605 604 13
605 607 8
220 633 8
220 247 19
220 995 -19
220 221 13
194 602 8
194 196 8
194 192 19
194 964 -13
967 574 8
967 969 -19
967 965 -28
967 966 -13
167 577 -13
167 141 -28
167 940 -19
705 1091 19
705 707 19
705 704 19
705 703 8
705 288 19
1091 318 8
1091 1063 19
1091 1092 -19
1091 1119 -19
707 290 -8
707 1093 28
707 706 -19
704 291 -19
704 676 8
704 732 -13
704 1094 28
703 1089 28
703 701 28
703 286 19
703 702 -8
288 289 -28
288 315 13
288 263 -13
288 1064 -19
539 566 13
539 511 -19
539 540 -13
566 594 -8
566 567 13
511 512 -28
511 483 -19
540 132 19
540 929 19
540 538 8
289 291 19
289 287 -19
289 702 13
289 1061 19
315 342 -8
315 316 13
315 733 8
315 1092 13
263 1038 -13
263 236 13
263 264 -8
263 677 -19
1064 1063 -28
1064 1066 8
1064 1062 -8
1064 674 -19
38 805 19
38 11 13
38 442 -13
38 64 -28
805 804 -8
805 807 -19
805 803 -28
11 12 13
11 777 -28
11 414 -8
442 444 8
442 832 28
442 441 8
64 91 -28
64 65 28
64 470 8
20 18 -28
20 782 28
20 22 8
20 19 19
18 16 -8
18 417 -19
18 780 -19
18 17 -28
782 810 13
782 783 13
22 421 -19
22 21 -28
22 784 -13
22 24 19
19 422 -8
19 46 13
291 290 -8
291 1063 19
290 1066 -28
290 265 19
290 317 -13
1063 1037 -8
1063 677 -8
257 1032 -8
257 671 -8
257 258 13
257 230 -13
257 282 8
1032 1034 -8
1032 1030 28
1032 640 -8
1032 1031 8
671 673 13
671 1057 19
671 670 -13
671 669 -13
258 256 8
258 668 -8
258 260 -13
258 1029 -19
230 1005 -19
230 643 -28
230 231 8
230 203 8
282 283 28
282 1058 8
282 309 -28
282 699 -13
524 526 -13
524 523 8
524 522 -28
524 116 -13
524 913 -13
526 118 8
526 525 -19
526 528 -13
526 915 -19
523 119 -19
523 495 19
523 551 19
523 916 28
522 911 -28
522 520 28
522 114 19
522 521 28
116 886 -28
116 89 -8
116 143 8
116 117 -13
913 914 8
913 941 13
913 885 8
913 146 -8
886 884 8
886 888 19
886 885 -13
886 493 -13
89 90 -28
89 62 -19
89 859 19
89 496 -8
143 552 -8
143 914 13
143 144 13
143 168 -13
117 119 19
117 115 -13
117 521 -8
117 883 -28
810 420 8
810 838 -28
810 811 28
810 47 -28
420 422 -19
420 418 28
420 17 -19
838 839 -8
838 73 -19
838 448 -28
811 44 -28
811 809 19
811 417 -13
811 813 -13
47 45 -13
47 447 19
47 46 8
47 49 19
1035 1061 13
1035 1036 -8
1035 1008 -13
1035 264 13
1035 647 13
1061 1089 -28
1061 1062 -13
1061 675 -13
1036 1034 -8
1036 644 28
1036 1038 -19
1036 261 -28
1008 619 28
1008 1009 19
1008 980 28
1008 237 -13
264 262 13
264 674 -13
264 266 -19
647 645 28
647 234 13
647 646 -8
647 649 -28
489 86 -8
489 517 8
489 490 -28
489 461 8
86 852 -19
86 85 -19
86 88 -13
86 84 19
517 545 28
517 518 8
517 910 28
517 113 28
490 488 -28
490 83 -13
490 492 8
461 462 13
461 59 -8
461 433 13
461 855 -13
623 621 -19
623 622 -8
623 211 28
623 1011 -8
621 619 8
621 209 8
621 620 28
622 594 28
622 650 13
211 238 -8
211 212 -19
211 985 28
211 184 -13
1011 1012 19
1011 984 13
753 752 -8
753 1139 8
753 751 8
753 755 -8
752 337 8
752 724 -19
752 1142 8
1139 1140 8
1139 364 28
751 750 13
751 1137 -19
751 749 8
751 332 -13
755 336 13
755 754 13
755 1141 28
755 757 13
119 118 -8
119 885 13
119 121 28
118 91 28
118 145 -19
118 888 -8
885 858 28
885 496 28
121 525 -28
121 887 -13
121 123 28
361 1140 -28
361 362 28
307 308 -28
307 1084 -8
307 280 -13
307 725 8
335 337 28
335 750 13
335 333 -19
335 1109 13
337 336 -19
337 339 13
336 363 -28
336 309 -8
339 754 8
339 338 -19
339 1113 13
339 341 13
794 31 8
794 795 -8
794 822 -8
794 404 28
794 766 -28
31 33 13
31 431 19
31 30 -8
31 29 -19
795 28 28
795 793 -8
795 797 19
795 401 19
822 850 8
822 432 -28
822 57 -13
822 823 8
404 406 8
404 402 8
404 403 -28
404 1 8
766 376 -19
766 767 28
766 4 -13
1128 349 19
1128 1127 19
1128 1130 -19
1128 738 -19
1128 1126 13
349 322 13
349 350 8
1127 352 13
1127 1099 19
1127 741 28
1130 351 28
1130 1132 8
1130 1129 13
1130 740 28
738 710 19
738 739 8
738 323 19
1126 736 -28
1126 347 19
1126 1125 19
1126 1124 13
67 65 13
67 69 -28
67 469 28
67 66 19
67 832 19
65 63 -8
65 830 8
69 68 -13
69 471 8
69 834 28
469 470 -8
469 441 28
469 863 -8
469 497 -28
66 472 -28
66 835 19
66 40 -8
66 93 8
832 804 -8
832 860 8
858 92 -28
858 830 -13
858 859 -8
858 468 28
92 495 -28
92 91 -28
92 94 28
92 90 28
830 802 13
830 831 -13
859 465 19
859 857 28
859 861 8
468 62 -8
468 466 -8
468 470 -19
573 571 13
573 575 -8
573 962 19
573 572 13
571 162 13
571 570 28
571 960 -28
575 574 28
575 577 -28
575 964 -19
575 165 -13
962 990 13
962 963 -8
962 192 -19
572 166 19
572 545 -8
572 965 19
572 600 -28
673 1059 13
673 675 8
673 259 -28
673 672 19
1057 285 -13
1057 1031 19
1057 1085 19
1057 1058 8
670 642 -28
670 698 -13
670 1060 19
670 260 8
669 255 19
669 1055 -8
669 668 19
397 425 13
397 791 8
397 398 -13
425 453 -28
425 426 8
425 26 8
425 819 -19
791 789 13
791 25 28
791 790 8
398 396 -28
398 788 28
398 400 -13
839 841 13
839 837 -28
841 447 13
841 72 -8
841 843 28
841 840 8
837 835 -19
837 68 -19
837 836 -19
837 443 -13
1083 310 13
1083 1084 13
1083 1055 19
1083 697 28
310 312 -28
310 308 19
310 724 19
310 309 28
1084 694 19
1084 1082 13
1084 1086 -28
1055 283 13
1055 1056 -19
1055 1029 8
697 695 28
697 280 28
697 699 -13
697 696 13
166 164 28
166 165 -28
164 933 -13
164 163 8
164 570 8
165 191 -8
165 139 8
636 227 -8
636 1028 8
636 637 -28
636 608 -8
227 226 13
227 229 -19
227 225 -13
227 998 13
1028 253 -13
1028 1026 -13
1028 1030 28
1028 1027 28
637 639 13
637 1025 -28
637 635 13
637 224 -8
608 609 -28
608 580 -13
608 200 13
608 1001 19
574 547 19
574 602 -13
577 579 13
577 966 -19
577 576 8
964 937 8
964 992 -13
964 965 8
942 941 -28
942 549 19
942 940 19
942 944 19
942 168 -8
941 171 -19
941 552 13
941 968 28
549 550 -28
549 144 -8
549 521 -8
549 576 -19
940 547 -13
940 939 19
944 551 -19
944 946 -8
944 170 28
944 943 28
168 579 13
168 195 -8
168 169 -8
905 933 8
905 516 28
905 877 -28
905 138 13
905 906 -8
933 544 28
933 960 -8
516 514 13
516 108 -28
516 515 -8
516 518 28
877 488 13
877 111 -19
877 850 -13
138 137 -19
138 136 -13
138 140 8
906 513 -13
906 908 28
906 904 -28
906 135 19
226 1001 28
226 199 19
226 639 -13
226 253 -8
1001 1000 19
1001 1003 -13
1001 999 19
199 200 19
199 611 -19
199 973 -8
639 638 19
639 1027 8
639 641 8
253 278 -13
253 254 13
482 872 -8
482 480 8
482 76 -8
482 484 28
482 481 13
872 899 13
872 873 -13
872 106 -8
872 844 -8
480 870 8
480 74 -8
480 479 13
76 50 -19
76 103 -8
76 77 8
76 845 -28
484 78 -13
484 483 -19
484 874 13
481 453 -8
481 509 -28
481 79 -8
481 875 28
417 418 -13
417 389 8
446 444 28
446 836 8
446 448 19
446 42 13
45 44 -8
45 43 -13
45 808 28
884 114 -8
884 883 -13
884 491 -13
888 495 13
888 890 28
888 887 13
493 465 -13
493 90 -28
493 521 -28
493 494 -19
1004 1031 -13
1004 615 -8
1004 1005 -19
1004 233 13
1004 976 -8
1031 260 -13
1031 643 -8
615 613 28
615 614 19
615 617 -19
615 203 -8
1005 612 13
1005 1007 19
1005 1003 -8
233 642 19
233 232 28
233 235 19
233 231 -8
976 977 -13
976 206 -28
976 949 -19
976 587 19
721 720 -28
721 1107 -19
721 723 13
721 303 13
721 719 -13
720 306 -28
720 692 -19
720 748 28
1107 1108 19
1107 1135 8
1107 1079 -28
1107 333 8
723 1109 -8
723 305 13
723 725 28
303 330 28
303 1080 -19
303 304 13
303 277 -8
719 1105 -19
719 717 -28
719 301 28
719 718 -28
44 448 -8
44 17 -8
448 447 28
448 450 -19
17 783 -8
989 596 19
989 987 8
989 991 13
989 988 -8
989 214 8
596 568 8
596 624 8
596 597 -19
596 188 19
987 213 28
987 986 -28
991 990 8
991 598 8
991 993 -13
991 216 -8
988 217 -8
988 599 28
988 1015 -13
988 960 -28
214 241 -13
214 627 28
214 187 -8
214 215 8
306 305 -8
306 308 19
306 304 28
306 1079 13
305 278 -13
305 1082 -8
305 332 -28
308 1081 8
304 718 -28
304 1077 19
304 302 19
1079 1080 13
1079 693 19
816 426 -8
816 817 -19
816 53 -13
816 788 -13
816 844 13
426 424 13
426 428 19
426 23 -8
817 815 -8
817 423 8
817 50 -28
817 819 -19
53 453 -19
53 52 19
53 51 -28
788 789 13
788 26 -13
844 845 8
844 79 -13
844 454 19
495 496 -19
496 494 -13
496 498 19
279 692 28
279 278 -13
279 281 19
1025 998 -19
1025 254 -8
1025 1026 28
1052 662 -13
1052 1050 -8
1052 1054 -19
1052 277 -8
125 529 -13
125 124 13
125 127 13
125 123 19
125 891 28
529 922 13
529 557 8
529 530 -8
124 97 8
124 532 28
124 894 8
124 151 -8
127 531 19
127 893 -28
127 129 13
127 126 -13
123 527 -8
123 889 -28
123 122 28
891 864 13
891 892 -19
891 502 -13
891 919 19
594 595 19
595 593 13
595 984 -13
595 184 -19
352 350 28
352 351 13
352 354 19
350 1125 19
350 348 8
351 324 -28
354 1129 8
354 356 -8
354 353 -28
91 498 -13
91 861 -19
498 497 -13
498 887 8
498 500 -28
861 863 -13
861 860 -28
1134 1133 13
1134 1136 8
1134 1132 8
1134 744 -13
1134 355 -19
1133 358 28
1133 1105 28
1133 747 19
1136 1135 -28
1136 357 -28
1136 1138 28
1136 746 19
1132 1131 -19
1132 742 -19
1132 353 -13
744 716 -19
744 329 -8
744 745 -8
355 356 8
355 328 -19
73 72 -13
73 75 -13
72 46 13
72 99 -8
75 77 -8
75 74 13
75 840 28
75 477 13
864 836 -28
864 865 8
864 98 13
836 808 -28
865 863 -13
865 471 13
865 95 19
98 97 28
98 96 -13
98 100 -8
579 581 -13
579 968 13
579 578 -28
581 580 28
581 970 -8
581 170 -19
581 583 28
968 996 -8
968 969 13
968 198 -8
578 171 28
578 606 19
578 551 -8
578 971 -13
570 963 -13
570 598 -8
515 908 19
515 111 -13
544 546 19
544 542 -13
544 135 13
736 737 28
736 708 -13
736 321 -19
737 1123 -19
737 739 -19
737 319 13
708 1098 19
708 294 -8
708 680 -28
708 709 13
321 1095 -28
321 323 19
321 320 -8
1099 1071 -8
1099 325 28
1099 713 -8
1099 1100 -28
1071 298 13
1071 1072 8
1071 685 13
1071 1044 8
325 324 28
325 327 13
325 323 8
325 740 8
713 712 19
713 711 -28
713 295 -13
713 715 -19
1100 710 -19
1100 1102 -28
1100 1098 28
1100 322 -28
1089 316 13
1089 1117 -13
1089 1090 8
316 318 -19
316 314 -19
316 730 -8
1117 1145 8
1117 1118 -19
1117 343 19
1117 731 -28
1090 1088 19
1090 700 13
1090 1092 -19
1090 313 19
171 169 13
171 173 -13
171 170 19
169 939 28
169 576 28
173 580 -28
173 943 -13
173 175 -28
170 145 28
170 197 8
642 1034 13
642 643 19
642 614 -28
1034 259 28
1034 1033 8
643 645 19
643 641 -13
614 586 -28
614 206 -28
614 1007 -19
137 908 13
137 546 -13
908 907 8
908 910 -8
546 545 19
546 548 28
948 555 -19
948 950 -28
948 947 -13
948 174 -8
948 946 -28
555 527 19
555 150 13
555 582 19
950 176 19
950 557 -13
950 949 -13
950 951 8
947 177 8
947 558 8
947 919 8
947 974 -28
174 585 28
174 149 13
174 201 -13
174 175 -19
946 945 -8
946 553 -28
645 1033 13
645 232 -13
645 644 -8
1033 1006 -13
1033 262 19
1033 1059 -19
232 259 -28
232 1007 28
232 205 8
644 235 -28
644 672 -8
644 616 -8
911 883 -13
911 912 13
911 939 19
911 144 -8
883 494 8
883 856 -28
912 910 -8
912 519 28
912 914 28
912 141 8
939 550 -8
939 966 -8
144 146 8
144 142 -19
259 284 19
259 260 8
1007 1006 -13
1007 1009 28
205 206 8
205 979 8
205 178 28
205 617 28
654 626 13
654 682 -28
654 244 8
654 1045 13
654 655 13
626 217 13
626 1018 -8
626 627 19
626 598 -8
682 710 8
682 683 -8
682 1072 13
682 270 -13
244 243 19
244 246 28
244 242 13
244 1015 8
1045 1043 -19
1045 1044 13
1045 1046 28
655 653 28
655 657 19
655 1042 8
655 241 8
463 61 28
463 857 -8
463 464 -8
463 435 -8
463 491 19
61 63 -28
61 59 -13
61 826 19
61 60 -8
857 87 8
857 855 -19
857 856 -8
464 466 19
464 854 -8
464 462 -8
464 58 13
435 436 28
435 407 19
435 829 19
435 35 -8
491 492 19
491 519 19
491 88 28
727 729 -28
727 725 8
727 1113 -19
727 726 13
727 309 -19
729 311 8
729 1115 -8
729 731 -13
729 728 19
725 724 28
1113 1141 -28
1113 1085 -28
726 312 8
726 698 -28
726 754 -8
726 1116 -13
309 1086 -8
217 215 -19
217 219 19
217 216 19
215 986 -8
215 624 -13
219 990 -19
219 628 19
219 218 -19
219 221 8
216 189 -28
216 243 -13
216 629 -19
692 1082 19
692 693 -28
1082 1081 28
1082 1080 28
693 695 -28
693 691 -8
693 277 -13
312 314 -13
312 311 -28
312 1085 -8
314 313 -28
314 1087 19
314 728 8
311 284 -13
311 1088 -13
1085 699 8
1085 1086 -19
465 466 28
465 63 13
465 437 8
466 60 19
466 856 19
63 62 -13
63 828 28
437 438 -8
437 37 -19
437 409 -13
437 831 13
410 408 28
410 800 -28
410 412 19
410 7 -8
410 409 -13
408 407 -13
408 406 -8
408 798 8
408 5 13
800 37 -13
800 772 -19
800 828 13
800 801 19
412 414 -8
412 802 19
412 9 -19
7 34 8
7 8 19
7 773 13
409 381 -28
409 10 -28
409 803 -13
278 695 28
278 1054 -8
695 694 19
695 1081 -13
1054 1056 13
1054 1053 13
502 504 -28
502 500 19
502 95 -19
894 893 8
894 896 -19
894 892 19
694 666 28
694 281 -28
666 638 -13
666 256 -19
666 1056 28
281 283 -8
281 1053 -13
281 280 19
285 698 -8
285 284 -13
285 287 8
285 283 -19
1058 1060 -28
1058 1056 28
1058 668 -19
358 356 8
358 357 13
358 360 8
356 1131 28
357 330 13
360 359 19
360 1135 -19
360 362 -8
97 504 -19
504 893 13
504 506 19
504 503 -8
513 541 13
513 109 -19
513 514 -28
513 485 -8
541 568 -8
541 136 19
541 542 -28
109 876 -28
109 111 -8
109 108 -8
514 107 -19
514 903 19
485 486 13
485 457 -8
485 82 13
613 201 -13
613 1002 13
613 611 -13
613 612 -8
201 228 -8
201 202 -19
201 975 -19
1002 1029 -28
1002 974 8
1002 1003 8
1002 231 28
611 1000 28
611 609 -13
611 610 -19
612 584 28
612 204 -19
612 640 19
1043 268 19
1043 652 -8
1043 1041 -28
1043 1042 19
268 683 28
268 293 13
268 241 19
652 653 19
652 242 19
652 624 28
652 680 -28
1041 267 8
1041 1040 19
1042 270 19
1042 1069 -8
1042 1015 19
743 741 28
743 742 -8
743 324 -8
743 745 -8
743 1129 28
741 739 19
741 322 -8
741 740 -13
742 714 -8
742 327 8
324 297 8
324 1102 -28
745 326 -19
745 1131 28
745 747 -8
1129 1101 -19
1140 1142 13
1140 1138 -28
1140 750 -19
1142 1141 13
1142 363 -8
1142 1144 -8
1138 359 -8
1138 1137 -28
1138 748 8
297 715 8
297 298 -13
297 271 13
297 1074 8
1102 712 -13
1102 1104 8
1102 1101 19
567 565 28
567 956 19
567 159 28
1105 1077 -19
1105 331 -19
1105 1106 -13
1077 691 -28
1077 1078 -28
1077 1049 -13
331 330 28
331 333 -13
331 746 -8
331 329 -8
1106 1108 -28
1106 1104 28
1106 716 8
1106 328 -28
648 239 19
648 649 19
648 620 -28
648 1039 -13
648 676 -28
239 238 -8
239 237 28
649 651 13
649 236 13
649 1037 -19
620 212 -19
620 1012 8
620 592 13
1039 265 8
1039 1038 13
676 1066 -13
676 266 -28
676 677 13
1108 718 -19
1108 330 -8
718 690 8
718 746 -19
330 749 -19
661 660 13
661 1047 8
661 659 -28
661 247 -19
660 250 28
660 688 19
660 1050 19
660 632 -8
1047 1048 8
1047 1021 19
1047 1075 19
1047 276 -28
659 245 -8
659 658 -19
659 657 -8
247 1022 -13
247 273 13
247 248 13
238 265 -13
238 1012 28
238 651 -8
265 679 8
265 266 -19
1012 1010 -28
651 650 8
907 140 28
907 518 -19
910 139 19
910 909 -19
470 472 19
470 860 -28
441 835 19
441 413 -19
441 41 -13
863 93 -19
863 862 -8
497 94 28
497 525 -13
497 890 -8
472 862 -19
472 471 28
862 96 -8
862 834 13
862 889 -19
471 443 8
471 499 28
931 542 8
931 958 8
931 163 -13
931 903 -28
958 986 -19
958 959 -19
958 188 -8
163 568 -19
163 162 28
903 904 28
903 136 19
903 876 13
698 1088 -28
698 699 -13
1088 1087 -8
1088 1086 28
699 701 -8
189 963 -13
189 190 13
189 601 -13
963 961 13
963 965 -13
190 598 -28
190 192 -28
190 188 -13
190 960 -28
601 603 13
601 990 8
601 599 -8
601 600 13
318 317 8
318 732 8
317 735 13
317 344 -13
317 1094 -19
732 760 -19
732 1122 -13
732 733 28
416 13 13
416 414 19
416 806 19
416 418 -13
416 415 28
13 40 -8
13 779 -28
13 14 -13
414 804 -13
414 413 13
806 43 -13
806 778 -28
806 834 -13
806 807 -28
418 808 -8
418 15 -8
415 16 -8
415 387 28
415 809 -28
415 443 -13
701 700 8
701 284 -28
701 1087 -19
700 287 -8
700 728 -28
700 672 -13
284 1060 -8
1087 1059 8
1087 1115 28
535 928 8
535 536 -8
535 563 13
535 131 19
535 507 28
928 157 19
928 927 8
928 926 13
928 930 -19
536 925 28
536 128 8
536 538 -8
536 534 19
563 158 28
563 590 28
563 955 -8
131 129 -8
131 897 -19
131 130 8
131 133 19
507 900 -19
507 508 -28
507 104 -28
507 479 8
1060 1059 -19
1060 1062 8
710 711 13
710 296 -28
711 293 -19
711 1097 -19
711 709 -13
296 1069 -13
296 298 -19
296 295 19
296 294 19
783 781 -19
783 389 -8
16 15 -19
16 14 -8
16 778 -19
15 781 8
15 42 19
14 413 -28
14 12 -8
14 776 13
778 388 28
778 779 -8
1037 1038 -19
1037 266 -8
677 679 13
677 675 -28
287 1059 19
287 286 13
286 261 -8
286 1062 19
286 313 -13
520 112 28
520 518 -19
520 519 -28
520 909 19
112 85 -19
112 113 19
112 139 28
519 115 -28
519 547 -28
909 937 -13
909 142 28
909 881 19
85 492 13
85 855 13
85 58 -13
113 115 -19
113 111 13
139 140 8
139 548 -28
787 393 13
787 789 28
787 21 28
787 786 -28
784 812 13
784 394 -13
1066 1065 19
1065 1093 19
1065 679 19
619 207 19
619 618 19
619 617 -28
207 981 -19
207 234 -13
207 208 -28
207 180 8
618 590 28
618 210 -19
618 1010 8
618 646 -8
617 1006 -8
617 616 28
94 93 -13
94 96 19
94 860 -13
93 500 13
96 499 19
96 95 28
860 887 -19
749 747 28
749 1135 -28
749 748 8
114 141 -13
114 87 8
114 115 8
141 550 8
141 142 -13
87 494 -8
87 88 -8
87 60 28
115 881 -8
62 831 13
62 36 8
828 438 8
828 829 -13
828 856 28
158 156 -19
158 160 -28
158 157 -8
158 925 13
156 561 8
156 155 13
156 154 13
156 923 -19
160 927 8
160 564 8
160 159 19
157 565 28
157 182 -13
157 130 28
925 926 13
925 897 -19
1053 1027 -13
1053 1081 8
393 394 -13
393 421 -28
394 396 19
421 422 -13
421 815 28
421 449 -8
835 834 -28
834 444 -28
1123 1095 28
1123 348 -13
1123 1124 13
1095 1096 -8
1095 1067 -8
1095 709 13
348 347 -28
1124 346 -8
568 961 28
961 959 8
961 187 -19
961 960 -28
162 135 -13
162 187 8
135 136 13
135 108 -19
187 599 8
187 188 -8
868 869 19
868 840 8
868 895 -8
868 102 -28
477 449 8
477 505 28
477 871 -19
937 548 -13
548 550 28
548 547 -8
881 492 -13
881 854 -28
717 1103 -13
717 299 19
717 716 -8
717 715 8
1103 1131 19
1103 1104 -8
1103 329 8
1103 1075 19
299 1076 13
299 326 28
299 300 13
299 273 -13
716 302 8
716 688 -13
715 714 28
715 1101 -8
422 812 -8
422 424 28
812 840 -8
812 49 13
812 813 -19
424 21 -28
424 814 19
424 423 8
46 813 8
46 450 28
789 23 -13
789 395 -8
23 50 -19
23 24 -13
395 396 19
395 423 8
40 807 -8
40 444 -19
40 41 -8
807 413 -28
807 809 -13
444 443 -13
41 43 -19
41 804 19
981 979 -13
981 588 -28
981 983 -13
981 980 -13
979 977 -8
979 586 8
979 978 -28
588 616 -28
588 561 19
588 589 8
588 181 19
983 590 -8
983 985 -28
983 982 8
983 209 13
980 210 28
980 952 -8
980 591 8
21 48 28
24 786 -8
24 26 -8
24 423 8
650 678 19
145 554 -19
145 146 13
145 916 28
301 328 13
301 302 28
301 275 19
301 1078 19
328 329 8
328 747 13
302 1075 -19
302 300 19
275 249 -19
275 691 13
275 1050 28
275 276 8
1078 1076 -19
1078 688 -19
1078 1080 13
250 249 19
250 252 8
250 248 -8
250 1021 -19
249 1024 -28
249 222 -13
252 662 8
252 1023 -13
252 254 -19
248 658 -13
248 1019 -28
248 246 28
1021 633 -28
1021 994 -28
1021 1022 -8
25 52 -13
25 26 28
25 428 -13
790 818 19
790 400 19
1026 1024 13
1026 634 -19
1030 638 8
1030 1029 28
1030 255 -28
1027 256 -19
1027 1000 28
363 364 -19
1145 370 8
1145 1146 19
1145 759 19
370 369 8
370 368 -8
370 372 19
1146 367 13
1146 756 13
1146 1148 13
1146 1144 13
759 758 -19
759 761 8
759 340 28
759 757 -8
590 183 -13
590 591 13
183 952 -19
183 182 13
183 181 13
183 185 -28
591 180 -19
591 593 -28
591 589 19
68 95 -28
68 42 -8
347 320 -13
320 1098 19
320 739 -8
320 293 -28
740 712 -13
675 674 19
675 261 8
672 262 -8
672 1062 -19
843 74 -19
843 449 28
843 842 19
843 845 -8
840 450 8
390 389 -19
390 388 28
390 780 8
388 386 28
388 387 19
780 781 13
780 808 -28
547 142 -19
602 603 13
602 630 -13
602 995 -13
638 229 8
638 610 28
229 1000 -28
229 228 -28
229 231 28
610 582 28
610 202 -19
610 1003 -8
1076 686 8
1076 1075 -28
1076 1074 -19
686 658 -19
686 714 28
686 274 28
686 687 -8
1075 689 19
1074 1073 -8
1074 1072 8
1074 684 -19
890 889 19
890 892 13
887 915 28
210 209 -28
210 208 -8
210 212 -13
209 236 -13
209 182 -28
208 206 8
208 616 -13
208 978 -8
212 982 -13
1006 978 28
1006 235 -19
978 589 13
235 234 28
235 237 -13
438 436 -19
438 34 13
436 434 19
436 32 -13
436 826 19
34 60 -13
34 35 -19
34 801 13
1109 1137 -28
1109 1081 13
332 359 -28
332 333 -8
37 35 13
37 36 8
35 33 -19
35 798 -28
36 9 -28
36 803 -13
256 254 13
256 255 -19
255 228 -8
255 280 13
369 1148 -8
369 342 13
1148 1147 -13
1148 758 13
1148 1150 19
342 343 13
342 1120 13
342 761 19
405 377 28
405 406 -28
405 799 19
405 433 -8
405 6 -13
377 378 19
377 771 13
406 3 19
406 796 13
799 32 -13
799 801 13
799 798 -28
799 797 -19
433 434 19
433 33 13
433 827 19
6 8 8
6 5 -13
6 4 -8
6 768 28
488 81 -28
488 486 -19
81 108 8
81 55 -19
81 82 8
81 851 19
486 876 28
486 80 -28
353 326 19
746 747 -28
77 79 8
77 479 28
77 842 -8
74 48 13
74 101 -8
855 854 28
855 853 13
856 90 -13
739 1125 13
323 322 -28
323 1097 13
847 453 13
847 78 -19
847 846 28
847 845 -19
453 454 -19
78 52 -13
78 105 -8
78 79 13
846 456 13
846 874 -8
846 818 19
845 451 8
396 786 19
786 814 13
616 1009 -13
1080 690 -13
234 261 13
234 1009 13
261 262 8
1009 1010 19
656 657 13
656 628 -19
656 246 -13
656 684 -8
656 1046 8
657 243 19
657 1044 28
628 1020 -8
628 600 28
628 629 -8
246 245 -19
246 1017 28
684 712 28
684 685 8
684 272 -19
1046 271 -8
1046 1048 8
984 985 -19
984 956 -28
443 43 19
1115 1143 -28
1115 1116 19
1115 341 28
731 730 -19
731 313 8
731 733 13
728 756 8
728 1118 -28
381 382 19
381 775 -13
10 9 -28
10 8 -19
10 772 8
10 12 -19
803 802 13
803 801 13
43 42 19
42 809 13
313 340 13
802 774 -13
9 775 -13
775 773 -13
775 777 -28
775 774 28
262 260 28
815 814 -28
815 48 -13
815 813 19
814 51 28
814 842 -19
48 452 -19
48 49 28
512 105 19
512 510 -13
512 901 13
105 106 -19
105 132 -13
105 875 -8
510 508 28
510 899 19
510 509 -8
510 103 -8
901 929 -28
901 874 -13
901 902 -8
779 781 8
779 385 28
779 777 -13
584 977 13
584 177 -13
584 585 19
584 557 8
204 206 19
204 202 -28
204 974 28
204 203 19
640 641 19
640 231 -28
640 668 -19
781 387 19
90 88 28
88 854 13
586 559 -28
586 179 -8
586 587 -19
560 558 13
560 949 -28
560 559 -8
560 151 -28
560 562 28
558 557 -8
558 149 19
949 921 -8
949 179 19
559 531 -19
559 951 -28
559 154 28
151 176 -19
151 922 -13
151 152 -13
562 561 -13
562 153 -19
333 748 -13
688 689 -28
688 276 8
1050 1049 -13
1050 1048 8
632 1024 28
632 633 28
632 223 -13
632 604 -8
1086 696 -8
662 690 13
662 634 -13
690 691 19
634 635 -19
634 606 19
634 225 19
499 527 -13
499 892 -28
499 500 13
876 848 -28
848 849 -8
848 458 -19
848 820 19
848 82 8
1010 236 13
808 809 -28
850 460 13
850 84 13
850 851 8
977 203 13
977 975 28
203 176 -8
975 973 19
975 582 -8
975 974 13
712 298 -13
298 300 13
1093 1121 28
1093 1094 19
679 678 8
646 674 8
646 1038 19
646 237 19
27 793 8
27 54 -19
27 430 19
27 0 13
793 792 -19
54 80 13
54 458 19
54 821 19
430 429 13
430 820 -28
430 432 13
0 402 -28
0 765 -13
271 245 -19
271 272 28
271 687 28
95 122 -19
955 957 -13
955 182 19
955 954 28
955 953 19
1024 1023 28
1024 1022 28
1023 1049 8
1023 996 -28
1023 635 -13
1022 1020 -28
1022 630 8
245 1020 8
245 218 19
1020 1019 -13
1020 1018 28
218 631 8
218 191 -19
218 993 28
869 871 -8
869 99 8
871 870 -13
871 101 13
871 873 -13
99 506 -19
99 126 8
99 100 -28
831 829 19
565 954 8
565 564 -13
954 927 8
954 982 -19
954 185 8
564 957 28
564 537 8
564 592 28
182 593 -19
130 103 -13
130 900 28
130 538 -28
927 538 13
927 899 -19
159 132 -19
159 184 13
159 930 -8
668 696 -19
1125 1097 -28
1097 1098 13
1097 1069 -28
386 385 8
386 776 8
386 384 28
385 413 -8
776 804 13
776 777 28
384 383 -8
384 774 8
384 382 -8
1072 295 19
1072 1070 -19
685 683 -19
685 269 -13
685 687 19
1044 1017 8
1044 272 13
952 953 19
434 30 -28
434 432 8
434 824 -19
30 3 28
30 797 -13
432 28 -8
432 431 8
824 852 -28
824 825 13
824 59 19
824 796 -19
985 592 13
982 593 19
283 696 8
696 724 19
33 796 13
33 32 13
796 768 -28
796 797 8
32 5 -13
32 58 -13
222 635 -28
222 195 19
222 997 -28
222 223 19
818 819 -28
818 428 -8
400 399 19
826 854 -19
826 827 13
826 798 -13
763 761 -19
763 344 -19
763 1149 -8
763 762 13
761 1147 8
761 760 -28
344 371 13
344 345 -19
344 1122 13
1149 1150 19
1149 1121 -13
762 734 13
1000 972 -8
1029 641 13
1147 372 28
1147 1119 -19
372 371 8
1119 1120 13
1119 345 8
1119 733 28
450 452 -19
450 449 -19
322 295 8
80 849 -13
80 107 19
849 851 -13
852 462 -19
852 853 -13
462 460 13
853 459 -28
853 83 -28
853 851 8
691 689 -19
236 237 -13
633 635 -8
633 631 19
631 1019 -13
631 630 -19
631 629 28
132 133 8
132 902 19
929 956 -13
929 930 -8
538 537 -8
371 1150 -13
1150 760 8
407 8 -28
407 801 19
407 379 -19
8 770 19
379 773 13
379 380 19
83 84 -8
492 494 -13
683 681 19
683 1069 13
681 267 13
681 680 13
1069 1070 -8
28 1 8
28 55 -13
28 29 28
797 403 -28
401 429 -19
401 402 -8
401 2 -8
401 373 19
58 59 13
58 827 -19
957 956 19
957 184 -28
184 185 -19
921 532 19
921 893 -19
921 154 8
921 922 8
532 531 8
532 530 19
532 534 -13
154 153 19
154 152 -28
922 920 -13
922 924 -28
224 197 19
224 999 19
224 225 13
658 630 8
658 1048 28
630 221 13
1048 273 -19
225 996 13
225 223 -13
998 609 -13
998 970 -13
998 999 28
1096 319 -8
1096 1098 28
319 346 13
319 292 -13
375 376 -19
375 403 -28
375 769 -13
376 378 -28
376 374 19
403 431 19
403 4 28
769 768 8
769 771 28
769 767 13
769 3 28
1003 228 -19
12 774 13
383 777 -19
483 455 -8
460 458 8
460 55 -13
460 459 -19
458 457 28
55 823 -8
55 56 -19
459 57 8
459 431 13
423 451 8
50 454 -13
50 51 8
819 52 -13
689 273 8
689 687 -8
273 274 -28
687 1073 8
593 592 -13
531 503 28
531 924 28
951 178 -19
951 953 8
561 533 -28
561 953 19
153 924 19
153 126 -28
153 178 13
1056 280 19
1019 992 -13
992 603 19
992 993 -8
992 221 8
924 926 13
924 923 13
126 534 -13
126 896 28
178 589 13
178 179 19
292 1068 -28
292 709 19
292 267 -13
1092 702 -13
1092 1094 -19
899 900 -19
899 133 8
1104 714 13
1104 326 8
1101 327 13
1101 1073 -19
653 240 28
653 1040 13
241 242 -8
241 1016 -13
382 380 13
382 772 -28
1067 294 -13
1067 1040 13
1067 1068 -13
294 293 -19
1040 1013 19
1068 1070 28
587 176 -13
587 585 19
587 589 -13
60 829 -13
429 29 8
429 823 8
429 457 -28
29 792 -8
823 825 -13
823 821 -19
457 851 13
457 56 -28
714 300 -28
300 1073 19
557 152 -28
530 919 28
530 528 13
530 122 -19
592 185 13
1 2 8
1 767 28
758 730 -13
758 343 13
340 1118 19
340 367 -8
340 341 -28
757 756 -28
757 1143 -13
757 338 19
326 327 13
996 607 -13
996 997 28
100 503 -28
100 102 19
537 509 8
537 930 19
537 133 -19
772 773 19
327 329 -13
820 792 -28
820 821 -28
820 56 13
82 84 -13
829 827 28
827 825 -8
451 51 13
451 479 13
451 452 8
51 49 -13
479 873 -8
452 842 -8
452 454 19
5 771 -19
180 155 8
180 953 28
180 181 -28
128 155 -13
128 129 19
128 898 13
128 101 28
534 533 19
534 923 19
994 223 19
994 966 -8
994 995 -13
223 221 -19
966 196 13
995 993 19
995 997 -28
293 1070 -13
129 533 19
129 895 -13
897 508 -8
897 870 -19
897 898 28
295 269 8
177 176 -13
177 175 -8
177 179 28
585 974 -28
585 583 -19
604 196 13
604 576 -13
604 997 8
545 140 -28
195 196 -8
195 969 -13
195 607 -28
997 999 13
972 973 -28
972 202 28
972 583 -8
972 945 8
270 269 -8
270 272 -13
269 243 28
243 1018 19
49 449 -13
367 368 13
756 341 -13
1144 754 13
1144 365 -8
1144 1143 -13
276 274 -13
603 191 19
191 192 -19
191 965 -19
152 150 19
152 919 28
641 228 -13
378 768 19
378 380 13
771 770 19
771 773 13
57 59 28
57 56 8
431 825 -8
368 1143 -19
368 366 -8
3 4 13
525 553 19
553 580 13
553 554 13
4 2 8
533 926 13
533 505 -19
1018 1017 -8
1018 1016 -13
155 926 13
609 607 -8
609 197 19
607 606 28
197 198 8
197 971 8
990 1017 -28
1017 629 19
730 702 -28
730 1120 8
343 345 8
343 341 28
503 896 -28
760 345 13
1016 1014 13
1016 624 19
1016 1015 -19
678 706 19
580 973 -8
973 971 -13
179 181 28
600 192 -13
600 993 8
629 627 -8
200 202 8
200 198 -19
200 970 -8
198 196 8
198 606 -28
970 971 -19
970 943 8
103 104 -28
103 873 28
900 898 -13
900 902 -13
509 902 13
509 106 -13
1141 366 -8
366 365 28
366 364 -28
898 896 -28
898 505 13
606 999 8
1070 680 13
734 735 -28
734 706 19
735 733 19
735 1121 -19
272 274 -28
402 792 28
792 764 8
365 338 13
338 1116 -13
770 380 -19
770 798 13
550 552 -8
552 554 -19
552 551 13
240 1014 13
240 213 -8
240 267 -28
527 920 -13
527 528 8
920 919 -28
920 149 28
528 917 -19
969 576 -19
969 971 -19
508 506 8
508 101 -13
506 895 28
506 505 13
101 102 -28
1014 1013 28
1013 242 8
1013 986 13
1013 625 -13
945 917 -28
945 175 8
554 943 -13
674 702 -8
150 149 28
150 917 -8
149 122 -28
917 889 28
923 895 19
374 764 28
374 373 -28
505 102 13
1137 362 28
362 364 -13
582 175 -8
582 583 19
1118 1116 19
1118 1120 28
1120 1122 -8
895 896 -19
122 892 -13
764 765 19
764 2 -19
765 767 -8
842 870 19
454 456 -8
874 875 13
373 767 -19
1121 1122 28
870 104 19
104 106 19
104 102 28
521 914 -8
551 146 13
914 916 -28
624 625 8
889 500 8
873 875 13
986 597 -8
625 627 -28
625 213 19
1015 627 28
915 943 13
915 916 28
399 427 19
427 428 -13
427 455 19
598 599 -28
140 142 -13
456 455 -8
456 52 28
599 597 -28
