1112 1111 -13
1112 334 8
1112 1110 -19
1112 1114 19
1112 722 -13
1111 337 -8
1111 1083 13
1111 1139 8
1111 725 -28
334 753 13
334 361 28
334 307 28
334 335 -13
1110 1108 8
1110 332 13
1110 720 -28
1110 1109 8
1114 336 -13
1114 724 28
1114 1116 -13
1114 1113 19
722 694 13
722 723 -13
722 308 -8
722 750 13
147 918 19
147 172 -8
147 556 28
147 148 8
147 120 19
918 525 13
918 917 -19
918 920 13
918 916 -28
172 199 -8
172 173 -19
172 583 -19
172 946 13
556 558 28
556 555 -19
556 945 8
556 554 -13
148 150 -28
148 553 28
148 146 -19
148 915 13
120 121 -8
120 528 -28
120 890 19
120 93 -19
665 251 8
665 663 19
665 664 28
665 667 -19
665 1051 28
251 252 -19
251 224 19
251 1026 -19
251 277 -13
663 661 -8
663 662 -13
663 249 -8
663 1049 -13
664 636 8
664 692 19
664 1054 13
664 254 -8
667 253 -28
667 669 19
667 1053 -13
667 666 -8
1051 279 19
1051 1025 -13
1051 1079 -8
1051 1052 -13
391 392 13
391 419 13
391 785 -8
392 782 -13
392 390 -8
392 394 -28
419 20 13
419 813 13
419 447 8
419 420 -19
785 783 13
785 19 -13
785 787 19
785 784 8
473 445 -13
473 867 8
473 474 13
473 501 -8
473 71 8
445 839 28
445 417 -8
445 446 8
445 45 -8
867 97 -13
867 869 8
867 865 13
867 866 -28
474 476 -13
474 864 -28
474 472 19
474 68 28
501 502 -28
501 894 -13
501 529 -8
501 98 -19
71 73 13
71 69 19
71 836 -13
71 70 -8
936 543 8
936 934 -13
936 935 13
936 938 28
543 570 -28
543 515 8
543 544 28
543 138 28
934 162 8
934 933 13
934 932 19
934 541 19
935 166 28
935 546 19
935 907 19
935 962 -8
938 937 -28
938 165 8
938 940 -28
938 545 8
161 134 -8
161 569 19
161 932 -19
161 186 8
134 904 -19
134 107 -28
134 542 8
569 568 19
569 958 -19
569 571 -8
932 931 13
186 213 -13
186 597 -19
186 959 -28
476 70 -19
476 866 13
476 475 -28
476 478 -8
70 839 -8
70 44 -19
866 838 -8
866 893 19
866 100 19
475 73 13
475 869 -13
475 447 8
475 503 -13
478 868 28
478 477 19
478 72 8
478 480 8
439 39 -19
439 833 -28
439 467 19
439 440 19
439 411 8
39 38 28
39 37 28
39 41 28
39 802 13
833 835 19
833 64 13
833 832 19
833 831 8
467 495 19
467 861 -19
467 468 -8
467 65 28
440 438 28
440 830 -28
440 36 19
440 442 19
411 412 8
411 12 8
411 383 8
411 805 -28
880 878 -28
880 110 19
880 879 28
880 882 -13
880 487 19
878 877 -19
878 485 13
878 108 8
110 137 28
110 83 -19
110 111 -8
110 518 -19
879 852 -13
879 490 -28
879 907 -8
879 113 -13
882 489 -8
882 112 8
882 881 13
882 884 -19
487 488 28
487 459 -8
487 515 8
487 84 -28
193 605 13
193 220 -13
193 194 19
193 967 8
193 167 -19
605 994 -13
605 603 19
605 604 -28
605 607 19
220 633 -13
220 247 19
220 995 -19
220 221 -19
194 602 -8
194 196 8
194 192 8
194 964 28
967 574 -19
967 969 -8
967 965 -19
967 966 13
167 577 19
167 141 28
167 940 -8
705 1091 13
705 707 13
705 704 8
705 703 -13
705 288 -13
1091 318 -28
1091 1063 13
1091 1092 19
1091 1119 -28
707 290 -28
707 1093 8
707 706 8
704 291 19
704 676 28
704 732 13
704 1094 -8
703 1089 -28
703 701 -13
703 286 28
703 702 8
288 289 13
288 315 -13
288 263 8
288 1064 13
539 566 8
539 511 -19
539 540 19
566 594 -19
566 567 -8
511 512 -8
511 483 28
540 132 -28
540 929 -8
540 538 19
289 291 19
289 287 28
289 702 -28
289 1061 -8
315 342 19
315 316 -28
315 733 -13
315 1092 -13
263 1038 13
263 236 13
263 264 28
263 677 19
1064 1063 28
1064 1066 -28
1064 1062 -28
1064 674 -28
38 805 -8
38 11 -28
38 442 -28
38 64 8
805 804 19
805 807 -13
805 803 -8
11 12 -13
11 777 -13
11 414 -8
442 444 -28
442 832 19
442 441 28
64 91 8
64 65 19
64 470 -8
20 18 -8
20 782 19
20 22 13
20 19 13
18 16 28
18 417 -19
18 780 13
18 17 13
782 810 -13
782 783 -8
22 421 19
22 21 -19
22 784 -19
22 24 -19
19 422 8
19 46 -28
291 290 28
291 1063 19
290 1066 28
290 265 -8
290 317 13
1063 1037 13
1063 677 -13
257 1032 28
257 671 8
257 258 -28
257 230 -8
257 282 8
1032 1034 -28
1032 1030 8
1032 640 -13
1032 1031 28
671 673 -19
671 1057 8
671 670 -8
671 669 -13
258 256 8
258 668 19
258 260 -13
258 1029 -19
230 1005 13
230 643 -28
230 231 -8
230 203 8
282 283 -19
282 1058 -28
282 309 8
282 699 19
524 526 13
524 523 -19
524 522 13
524 116 -28
524 913 13
526 118 13
526 525 -28
526 528 19
526 915 -19
523 119 19
523 495 8
523 551 28
523 916 19
522 911 8
522 520 -28
522 114 -19
522 521 8
116 886 -13
116 89 -19
116 143 13
116 117 28
913 914 -28
913 941 19
913 885 -13
913 146 19
886 884 28
886 888 -19
886 885 -28
886 493 -8
89 90 19
89 62 -28
89 859 8
89 496 -28
143 552 8
143 914 28
143 144 -28
143 168 8
117 119 19
117 115 -28
117 521 13
117 883 28
810 420 28
810 838 -28
810 811 28
810 47 -28
420 422 -19
420 418 -28
420 17 13
838 839 -13
838 73 -13
838 448 13
811 44 13
811 809 -19
811 417 -28
811 813 -13
47 45 8
47 447 -19
47 46 -28
47 49 19
1035 1061 8
1035 1036 -19
1035 1008 13
1035 264 -8
1035 647 -28
1061 1089 19
1061 1062 -28
1061 675 28
1036 1034 -28
1036 644 -28
1036 1038 13
1036 261 13
1008 619 -19
1008 1009 13
1008 980 28
1008 237 -13
264 262 8
264 674 -28
264 266 -19
647 645 8
647 234 28
647 646 13
647 649 -13
489 86 13
489 517 -19
489 490 8
489 461 -8
86 852 -19
86 85 8
86 88 -13
86 84 -13
517 545 8
517 518 -19
517 910 19
517 113 13
490 488 19
490 83 -19
490 492 -28
461 462 -19
461 59 -8
461 433 -13
461 855 -8
623 621 -8
623 622 8
623 211 -19
623 1011 28
621 619 -13
621 209 19
621 620 19
622 594 -8
622 650 -8
211 238 28
211 212 19
211 985 -13
211 184 -13
1011 1012 -8
1011 984 -28
753 752 19
753 1139 13
753 751 -13
753 755 8
752 337 13
752 724 8
752 1142 19
1139 1140 28
1139 364 -8
751 750 28
751 1137 -8
751 749 28
751 332 19
755 336 19
755 754 19
755 1141 28
755 757 8
119 118 -8
119 885 28
119 121 13
118 91 19
118 145 8
118 888 -28
885 858 19
885 496 -19
121 525 -8
121 887 -13
121 123 -19
361 1140 -19
361 362 -13
307 308 13
307 1084 13
307 280 28
307 725 -28
335 337 -13
335 750 -28
335 333 -8
335 1109 -28
337 336 -28
337 339 13
336 363 13
336 309 -19
339 754 -19
339 338 28
339 1113 19
339 341 -19
794 31 13
794 795 19
794 822 -28
794 404 -28
794 766 28
31 33 8
31 431 -8
31 30 19
31 29 8
795 28 -13
795 793 -13
795 797 -13
795 401 28
822 850 13
822 432 -28
822 57 -28
822 823 13
404 406 -13
404 402 -8
404 403 -19
404 1 -19
766 376 28
766 767 13
766 4 28
1128 349 8
1128 1127 19
1128 1130 13
1128 738 28
1128 1126 8
349 322 -28
349 350 -8
1127 352 -13
1127 1099 -13
1127 741 -13
1130 351 -28
1130 1132 -13
1130 1129 13
1130 740 8
738 710 19
738 739 -13
738 323 19
1126 736 -13
1126 347 -8
1126 1125 -8
1126 1124 -28
67 65 19
67 69 19
67 469 -19
67 66 8
67 832 -13
65 63 -28
65 830 19
69 68 28
69 471 8
69 834 19
469 470 -13
469 441 19
469 863 -13
469 497 13
66 472 8
66 835 -28
66 40 -8
66 93 -28
832 804 19
832 860 -19
858 92 28
858 830 13
858 859 -28
858 468 -13
92 495 -28
92 91 -19
92 94 -28
92 90 13
830 802 28
830 831 8
859 465 -28
859 857 28
859 861 -13
468 62 28
468 466 19
468 470 -8
573 571 -28
573 575 -13
573 962 -8
573 572 19
571 162 28
571 570 13
571 960 8
575 574 -8
575 577 -28
575 964 -8
575 165 -8
962 990 -19
962 963 13
962 192 28
572 166 -8
572 545 -8
572 965 19
572 600 28
673 1059 -13
673 675 -13
673 259 -8
673 672 19
1057 285 -19
1057 1031 -8
1057 1085 -8
1057 1058 8
670 642 -19
670 698 -28
670 1060 8
670 260 -28
669 255 -8
669 1055 -19
669 668 13
397 425 -28
397 791 -8
397 398 28
425 453 -8
425 426 19
425 26 8
425 819 -28
791 789 19
791 25 -13
791 790 -8
398 396 19
398 788 -13
398 400 28
839 841 13
839 837 28
841 447 -13
841 72 28
841 843 -28
841 840 19
837 835 19
837 68 -8
837 836 13
837 443 8
1083 310 8
1083 1084 -8
1083 1055 8
1083 697 8
310 312 19
310 308 -8
310 724 28
310 309 -19
1084 694 -28
1084 1082 -19
1084 1086 -28
1055 283 8
1055 1056 19
1055 1029 13
697 695 -13
697 280 -13
697 699 8
697 696 13
166 164 -19
166 165 13
164 933 28
164 163 -28
164 570 -19
165 191 -19
165 139 8
636 227 13
636 1028 8
636 637 13
636 608 -28
227 226 28
227 229 -8
227 225 -19
227 998 -8
1028 253 -19
1028 1026 13
1028 1030 13
1028 1027 19
637 639 19
637 1025 -13
637 635 -8
637 224 -13
608 609 19
608 580 -13
608 200 8
608 1001 13
574 547 -8
574 602 28
577 579 8
577 966 -28
577 576 -19
964 937 -19
964 992 28
964 965 28
942 941 -28
942 549 8
942 940 -8
942 944 28
942 168 8
941 171 28
941 552 13
941 968 -19
549 550 19
549 144 -28
549 521 -28
549 576 19
940 547 -28
940 939 -8
944 551 13
944 946 -19
944 170 -28
944 943 28
168 579 13
168 195 -8
168 169 28
905 933 -13
905 516 19
905 877 8
905 138 19
905 906 19
933 544 28
933 960 19
516 514 13
516 108 8
516 515 28
516 518 8
877 488 -28
877 111 -19
877 850 -13
138 137 -8
138 136 -8
138 140 -19
906 513 -8
906 908 -28
906 904 28
906 135 -19
226 1001 -13
226 199 -13
226 639 19
226 253 8
1001 1000 -28
1001 1003 19
1001 999 -13
199 200 28
199 611 13
199 973 28
639 638 19
639 1027 28
639 641 -28
253 278 -19
253 254 13
482 872 -28
482 480 13
482 76 -28
482 484 19
482 481 13
872 899 -13
872 873 13
872 106 28
872 844 8
480 870 -28
480 74 -19
480 479 -8
76 50 8
76 103 13
76 77 28
76 845 8
484 78 -19
484 483 -13
484 874 8
481 453 -19
481 509 13
481 79 -13
481 875 28
417 418 -13
417 389 19
446 444 -19
446 836 19
446 448 8
446 42 13
45 44 28
45 43 13
45 808 -19
884 114 8
884 883 -8
884 491 -13
888 495 -8
888 890 -19
888 887 28
493 465 13
493 90 19
493 521 -13
493 494 -28
1004 1031 -13
1004 615 19
1004 1005 28
1004 233 -28
1004 976 -19
1031 260 -19
1031 643 -13
615 613 -28
615 614 28
615 617 -19
615 203 -8
1005 612 28
1005 1007 19
1005 1003 8
233 642 13
233 232 19
233 235 8
233 231 -13
976 977 -13
976 206 13
976 949 -13
976 587 28
721 720 -19
721 1107 -13
721 723 13
721 303 -8
721 719 19
720 306 8
720 692 8
720 748 -19
1107 1108 8
1107 1135 -28
1107 1079 8
1107 333 28
723 1109 8
723 305 -8
723 725 28
303 330 13
303 1080 8
303 304 -13
303 277 19
719 1105 -8
719 717 8
719 301 28
719 718 13
44 448 28
44 17 28
448 447 -19
448 450 19
17 783 -8
989 596 13
989 987 13
989 991 19
989 988 -28
989 214 -19
596 568 -8
596 624 -8
596 597 13
596 188 19
987 213 -19
987 986 8
991 990 19
991 598 19
991 993 28
991 216 -28
988 217 19
988 599 8
988 1015 -28
988 960 -19
214 241 -28
214 627 28
214 187 -13
214 215 -8
306 305 -8
306 308 -8
306 304 13
306 1079 8
305 278 -8
305 1082 -28
305 332 13
308 1081 28
304 718 19
304 1077 28
304 302 -13
1079 1080 -19
1079 693 -8
816 426 -28
816 817 -13
816 53 19
816 788 8
816 844 -19
426 424 8
426 428 -19
426 23 19
817 815 -13
817 423 -28
817 50 -19
817 819 -13
53 453 -8
53 52 -13
53 51 19
788 789 28
788 26 28
844 845 28
844 79 19
844 454 -13
495 496 19
496 494 -8
496 498 13
279 692 -8
279 278 19
279 281 8
1025 998 8
1025 254 -28
1025 1026 -8
1052 662 -13
1052 1050 8
1052 1054 -19
1052 277 -19
125 529 19
125 124 19
125 127 19
125 123 19
125 891 8
529 922 -28
529 557 -28
529 530 8
124 97 -13
124 532 13
124 894 -28
124 151 19
127 531 8
127 893 -13
127 129 19
127 126 -19
123 527 28
123 889 -19
123 122 28
891 864 -8
891 892 -13
891 502 28
891 919 19
594 595 -28
595 593 -8
595 984 -19
595 184 8
352 350 13
352 351 -19
352 354 13
350 1125 -13
350 348 19
351 324 -28
354 1129 -19
354 356 28
354 353 8
91 498 19
91 861 19
498 497 8
498 887 8
498 500 -28
861 863 -13
861 860 -28
1134 1133 -19
1134 1136 19
1134 1132 8
1134 744 -13
1134 355 -8
1133 358 19
1133 1105 -8
1133 747 -13
1136 1135 -28
1136 357 -8
1136 1138 19
1136 746 -19
1132 1131 19
1132 742 -19
1132 353 -28
744 716 -19
744 329 -28
744 745 19
355 356 -8
355 328 28
73 72 8
73 75 28
72 46 -28
72 99 28
75 77 8
75 74 -13
75 840 8
75 477 8
864 836 -8
864 865 13
864 98 19
836 808 -13
865 863 13
865 471 13
865 95 -19
98 97 28
98 96 -19
98 100 19
579 581 13
579 968 -8
579 578 -8
581 580 19
581 970 8
581 170 -19
581 583 28
968 996 -19
968 969 13
968 198 13
578 171 -19
578 606 13
578 551 -13
578 971 8
570 963 19
570 598 8
515 908 -8
515 111 -28
544 546 -28
544 542 -13
544 135 13
736 737 -8
736 708 28
736 321 19
737 1123 -8
737 739 8
737 319 -28
708 1098 19
708 294 -8
708 680 -28
708 709 -28
321 1095 8
321 323 19
321 320 8
1099 1071 -19
1099 325 -13
1099 713 -13
1099 1100 8
1071 298 19
1071 1072 -8
1071 685 28
1071 1044 19
325 324 -13
325 327 -28
325 323 13
325 740 8
713 712 13
713 711 -8
713 295 8
713 715 19
1100 710 -8
1100 1102 -13
1100 1098 28
1100 322 28
1089 316 13
1089 1117 -19
1089 1090 13
316 318 -13
316 314 -13
316 730 -8
1117 1145 19
1117 1118 13
1117 343 19
1117 731 28
1090 1088 -13
1090 700 13
1090 1092 13
1090 313 -28
171 169 -13
171 173 -8
171 170 -19
169 939 -28
169 576 -8
173 580 -28
173 943 -28
173 175 13
170 145 13
170 197 19
642 1034 -8
642 643 -19
642 614 8
1034 259 13
1034 1033 -13
643 645 19
643 641 8
614 586 -8
614 206 -19
614 1007 28
137 908 8
137 546 -8
908 907 -13
908 910 -13
546 545 -8
546 548 28
948 555 19
948 950 -13
948 947 8
948 174 13
948 946 -28
555 527 -19
555 150 8
555 582 -19
950 176 -8
950 557 -13
950 949 8
950 951 8
947 177 -19
947 558 -19
947 919 -13
947 974 28
174 585 -8
174 149 -28
174 201 -8
174 175 -13
946 945 -8
946 553 -8
645 1033 -8
645 232 -19
645 644 -28
1033 1006 -19
1033 262 -13
1033 1059 8
232 259 -19
232 1007 8
232 205 19
644 235 -19
644 672 28
644 616 19
911 883 -28
911 912 -13
911 939 -8
911 144 -19
883 494 -13
883 856 19
912 910 -28
912 519 19
912 914 -8
912 141 -19
939 550 13
939 966 28
144 146 -13
144 142 8
259 284 -19
259 260 -19
1007 1006 8
1007 1009 -19
205 206 -28
205 979 -13
205 178 -28
205 617 28
654 626 -13
654 682 8
654 244 -8
654 1045 -19
654 655 -8
626 217 8
626 1018 8
626 627 19
626 598 8
682 710 19
682 683 -28
682 1072 -8
682 270 19
244 243 -19
244 246 8
244 242 -28
244 1015 -19
1045 1043 8
1045 1044 -13
1045 1046 19
655 653 -8
655 657 19
655 1042 8
655 241 -19
463 61 -13
463 857 13
463 464 13
463 435 -28
463 491 -8
61 63 8
61 59 -8
61 826 19
61 60 -8
857 87 -13
857 855 -8
857 856 -19
464 466 -13
464 854 28
464 462 -19
464 58 8
435 436 -8
435 407 -13
435 829 19
435 35 19
491 492 8
491 519 19
491 88 19
727 729 19
727 725 -28
727 1113 19
727 726 13
727 309 -8
729 311 -13
729 1115 -19
729 731 -13
729 728 19
725 724 -13
1113 1141 -28
1113 1085 -13
726 312 -13
726 698 28
726 754 -13
726 1116 8
309 1086 19
217 215 28
217 219 -19
217 216 -19
215 986 -28
215 624 -19
219 990 -13
219 628 -28
219 218 8
219 221 -19
216 189 -13
216 243 -19
216 629 -13
692 1082 -13
692 693 28
1082 1081 -28
1082 1080 19
693 695 -19
693 691 -19
693 277 13
312 314 13
312 311 -28
312 1085 19
314 313 8
314 1087 -19
314 728 28
311 284 8
311 1088 13
1085 699 -19
1085 1086 -28
465 466 -13
465 63 -13
465 437 8
466 60 -28
466 856 28
63 62 13
63 828 -13
437 438 -8
437 37 19
437 409 -19
437 831 -13
410 408 -13
410 800 -8
410 412 19
410 7 -13
410 409 13
408 407 13
408 406 -28
408 798 -13
408 5 19
800 37 -28
800 772 8
800 828 19
800 801 -19
412 414 -8
412 802 -13
412 9 28
7 34 13
7 8 -8
7 773 -28
409 381 -28
409 10 -8
409 803 19
278 695 8
278 1054 13
695 694 13
695 1081 -28
1054 1056 -8
1054 1053 -13
502 504 8
502 500 13
502 95 -13
894 893 28
894 896 -19
894 892 8
694 666 -13
694 281 8
666 638 -19
666 256 -19
666 1056 -19
281 283 -13
281 1053 -19
281 280 28
285 698 8
285 284 28
285 287 -19
285 283 28
1058 1060 8
1058 1056 8
1058 668 13
358 356 8
358 357 -19
358 360 -28
356 1131 -28
357 330 13
360 359 -8
360 1135 8
360 362 8
97 504 -28
504 893 13
504 506 -28
504 503 8
513 541 13
513 109 -19
513 514 13
513 485 -28
541 568 -8
541 136 8
541 542 -19
109 876 28
109 111 8
109 108 8
514 107 8
514 903 -13
485 486 13
485 457 -8
485 82 28
613 201 28
613 1002 19
613 611 -8
613 612 -8
201 228 -13
201 202 13
201 975 -8
1002 1029 -28
1002 974 8
1002 1003 -8
1002 231 28
611 1000 28
611 609 28
611 610 -13
612 584 -19
612 204 13
612 640 19
1043 268 19
1043 652 13
1043 1041 -19
1043 1042 19
268 683 19
268 293 8
268 241 -28
652 653 -28
652 242 8
652 624 8
652 680 19
1041 267 -13
1041 1040 -8
1042 270 -8
1042 1069 28
1042 1015 -13
743 741 28
743 742 -19
743 324 28
743 745 -28
743 1129 -13
741 739 -8
741 322 -19
741 740 -28
742 714 8
742 327 -28
324 297 8
324 1102 19
745 326 8
745 1131 19
745 747 -28
1129 1101 -19
1140 1142 13
1140 1138 8
1140 750 -13
1142 1141 -19
1142 363 8
1142 1144 -13
1138 359 8
1138 1137 -28
1138 748 28
297 715 13
297 298 -13
297 271 19
297 1074 19
1102 712 -28
1102 1104 19
1102 1101 13
567 565 13
567 956 13
567 159 -8
1105 1077 -28
1105 331 19
1105 1106 -8
1077 691 -8
1077 1078 -19
1077 1049 8
331 330 13
331 333 8
331 746 -8
331 329 -13
1106 1108 -8
1106 1104 19
1106 716 -28
1106 328 19
648 239 8
648 649 19
648 620 -19
648 1039 -19
648 676 -19
239 238 28
239 237 -19
649 651 -19
649 236 -8
649 1037 -8
620 212 8
620 1012 19
620 592 13
1039 265 -8
1039 1038 -19
676 1066 8
676 266 13
676 677 28
1108 718 -19
1108 330 -19
718 690 -13
718 746 19
330 749 -13
661 660 8
661 1047 -8
661 659 -19
661 247 28
660 250 8
660 688 13
660 1050 13
660 632 -19
1047 1048 8
1047 1021 -13
1047 1075 -19
1047 276 19
659 245 -8
659 658 19
659 657 -19
247 1022 28
247 273 -8
247 248 -19
238 265 -19
238 1012 -28
238 651 13
265 679 13
265 266 8
1012 1010 13
651 650 13
907 140 -13
907 518 13
910 139 -28
910 909 13
470 472 -28
470 860 13
441 835 19
441 413 -28
441 41 28
863 93 13
863 862 8
497 94 -13
497 525 -13
497 890 19
472 862 28
472 471 -8
862 96 -19
862 834 -13
862 889 -19
471 443 -28
471 499 -13
931 542 -8
931 958 8
931 163 13
931 903 8
958 986 -13
958 959 -13
958 188 -13
163 568 19
163 162 -8
903 904 19
903 136 28
903 876 -8
698 1088 19
698 699 -19
1088 1087 19
1088 1086 -8
699 701 -19
189 963 19
189 190 -28
189 601 -8
963 961 19
963 965 13
190 598 28
190 192 -13
190 188 -19
190 960 -13
601 603 19
601 990 -19
601 599 19
601 600 -28
318 317 8
318 732 -19
317 735 8
317 344 19
317 1094 8
732 760 13
732 1122 28
732 733 -19
416 13 19
416 414 8
416 806 28
416 418 -13
416 415 19
13 40 8
13 779 -13
13 14 -28
414 804 19
414 413 19
806 43 28
806 778 8
806 834 28
806 807 -13
418 808 13
418 15 -28
415 16 -8
415 387 13
415 809 -13
415 443 -8
701 700 -19
701 284 8
701 1087 19
700 287 19
700 728 -28
700 672 28
284 1060 19
1087 1059 13
1087 1115 8
535 928 19
535 536 -28
535 563 8
535 131 19
535 507 13
928 157 13
928 927 28
928 926 13
928 930 8
536 925 28
536 128 19
536 538 28
536 534 28
563 158 -28
563 590 -19
563 955 28
131 129 8
131 897 19
131 130 -13
131 133 13
507 900 -8
507 508 19
507 104 -28
507 479 13
1060 1059 28
1060 1062 13
710 711 -19
710 296 -13
711 293 19
711 1097 -28
711 709 19
296 1069 28
296 298 13
296 295 8
296 294 28
783 781 13
783 389 -19
16 15 -19
16 14 28
16 778 -19
15 781 -19
15 42 13
14 413 -13
14 12 19
14 776 -19
778 388 -19
778 779 -19
1037 1038 -19
1037 266 -28
677 679 -28
677 675 -8
287 1059 -28
287 286 28
286 261 19
286 1062 19
286 313 13
520 112 -19
520 518 8
520 519 28
520 909 13
112 85 -13
112 113 8
112 139 -13
519 115 -13
519 547 13
909 937 -8
909 142 -8
909 881 19
85 492 -19
85 855 13
85 58 -28
113 115 -13
113 111 -19
139 140 -13
139 548 8
787 393 -8
787 789 13
787 21 -19
787 786 -13
784 812 -19
784 394 -8
1066 1065 -28
1065 1093 8
1065 679 -13
619 207 8
619 618 19
619 617 8
207 981 13
207 234 8
207 208 8
207 180 13
618 590 13
618 210 -8
618 1010 -13
618 646 28
617 1006 13
617 616 -28
94 93 8
94 96 28
94 860 -28
93 500 -13
96 499 28
96 95 8
860 887 19
749 747 8
749 1135 -19
749 748 -8
114 141 8
114 87 -28
114 115 -19
141 550 28
141 142 -13
87 494 13
87 88 -8
87 60 -13
115 881 -8
62 831 13
62 36 8
828 438 -19
828 829 13
828 856 8
158 156 19
158 160 8
158 157 19
158 925 28
156 561 -28
156 155 28
156 154 -13
156 923 -13
160 927 13
160 564 -19
160 159 8
157 565 -28
157 182 -8
157 130 19
925 926 -13
925 897 -19
1053 1027 -8
1053 1081 19
393 394 -13
393 421 -19
394 396 13
421 422 28
421 815 19
421 449 -28
835 834 -13
834 444 19
1123 1095 -8
1123 348 -13
1123 1124 19
1095 1096 13
1095 1067 -19
1095 709 13
348 347 -28
1124 346 -28
568 961 19
961 959 13
961 187 28
961 960 8
162 135 -19
162 187 13
135 136 -13
135 108 28
187 599 8
187 188 19
868 869 19
868 840 -13
868 895 19
868 102 -8
477 449 -8
477 505 8
477 871 13
937 548 -8
548 550 13
548 547 19
881 492 28
881 854 -19
717 1103 -8
717 299 -28
717 716 28
717 715 13
1103 1131 -19
1103 1104 19
1103 329 8
1103 1075 -13
299 1076 19
299 326 -8
299 300 -8
299 273 -19
716 302 -28
716 688 28
715 714 19
715 1101 -28
422 812 -28
422 424 -28
812 840 19
812 49 -28
812 813 -13
424 21 28
424 814 28
424 423 -28
46 813 -28
46 450 -13
789 23 -28
789 395 8
23 50 8
23 24 -28
395 396 -28
395 423 -13
40 807 -19
40 444 -8
40 41 -8
807 413 -8
807 809 13
444 443 -8
41 43 28
41 804 19
981 979 -19
981 588 28
981 983 28
981 980 -28
979 977 28
979 586 -28
979 978 -13
588 616 -28
588 561 13
588 589 -19
588 181 -28
983 590 -8
983 985 -19
983 982 -8
983 209 28
980 210 -19
980 952 -8
980 591 -28
21 48 -19
24 786 28
24 26 19
24 423 8
650 678 19
145 554 19
145 146 8
145 916 -19
301 328 -28
301 302 13
301 275 13
301 1078 8
328 329 19
328 747 -28
302 1075 8
302 300 28
275 249 28
275 691 -19
275 1050 -13
275 276 -8
1078 1076 28
1078 688 13
1078 1080 13
250 249 -8
250 252 19
250 248 19
250 1021 -8
249 1024 -8
249 222 8
252 662 19
252 1023 -8
252 254 -8
248 658 19
248 1019 8
248 246 8
1021 633 -13
1021 994 13
1021 1022 -28
25 52 28
25 26 19
25 428 8
790 818 -19
790 400 8
1026 1024 -8
1026 634 8
1030 638 -13
1030 1029 19
1030 255 -13
1027 256 -28
1027 1000 -8
363 364 28
1145 370 -8
1145 1146 -28
1145 759 -13
370 369 -19
370 368 13
370 372 19
1146 367 13
1146 756 19
1146 1148 -28
1146 1144 -28
759 758 -19
759 761 8
759 340 13
759 757 19
590 183 28
590 591 -19
183 952 19
183 182 -28
183 181 -8
183 185 -8
591 180 -28
591 593 -13
591 589 28
68 95 28
68 42 28
347 320 8
320 1098 8
320 739 -19
320 293 -28
740 712 -13
675 674 28
675 261 13
672 262 -8
672 1062 -8
843 74 13
843 449 -13
843 842 -13
843 845 28
840 450 -13
390 389 28
390 388 28
390 780 -13
388 386 8
388 387 -8
780 781 13
780 808 8
547 142 -8
602 603 -19
602 630 -19
602 995 8
638 229 19
638 610 8
229 1000 -19
229 228 19
229 231 28
610 582 -13
610 202 28
610 1003 8
1076 686 13
1076 1075 28
1076 1074 -8
686 658 -28
686 714 -13
686 274 28
686 687 28
1075 689 8
1074 1073 -19
1074 1072 -8
1074 684 28
890 889 -13
890 892 19
887 915 -28
210 209 13
210 208 13
210 212 13
209 236 28
209 182 -13
208 206 8
208 616 19
208 978 -28
212 982 13
1006 978 13
1006 235 -8
978 589 -28
235 234 -8
235 237 8
438 436 -28
438 34 -28
436 434 19
436 32 -19
436 826 -8
34 60 -19
34 35 -13
34 801 -28
1109 1137 28
1109 1081 -13
332 359 28
332 333 -8
37 35 -28
37 36 -13
35 33 28
35 798 -19
36 9 28
36 803 -28
256 254 28
256 255 19
255 228 28
255 280 -8
369 1148 -13
369 342 13
1148 1147 13
1148 758 28
1148 1150 -28
342 343 28
342 1120 -13
342 761 -8
405 377 13
405 406 -13
405 799 8
405 433 28
405 6 13
377 378 13
377 771 19
406 3 28
406 796 -13
799 32 -28
799 801 8
799 798 19
799 797 -8
433 434 19
433 33 28
433 827 -8
6 8 -28
6 5 -8
6 4 -28
6 768 8
488 81 -8
488 486 -28
81 108 19
81 55 13
81 82 -13
81 851 -8
486 876 13
486 80 -8
353 326 -8
746 747 -13
77 79 13
77 479 13
77 842 -13
74 48 28
74 101 -19
855 854 -13
855 853 8
856 90 -19
739 1125 13
323 322 -8
323 1097 -28
847 453 -19
847 78 -8
847 846 28
847 845 28
453 454 19
78 52 13
78 105 8
78 79 13
846 456 8
846 874 19
846 818 19
845 451 13
396 786 19
786 814 13
616 1009 -28
1080 690 19
234 261 -28
234 1009 -19
261 262 19
1009 1010 13
656 657 -19
656 628 -13
656 246 19
656 684 8
656 1046 28
657 243 -8
657 1044 -19
628 1020 -13
628 600 19
628 629 -19
246 245 13
246 1017 19
684 712 -13
684 685 -13
684 272 8
1046 271 -28
1046 1048 -8
984 985 -8
984 956 -19
443 43 -13
1115 1143 28
1115 1116 19
1115 341 -28
731 730 19
731 313 -28
731 733 19
728 756 -13
728 1118 8
381 382 13
381 775 19
10 9 -13
10 8 -8
10 772 28
10 12 8
803 802 8
803 801 -8
43 42 19
42 809 28
313 340 -8
802 774 -8
9 775 -13
775 773 -19
775 777 8
775 774 -19
262 260 -28
815 814 -28
815 48 28
815 813 8
814 51 -28
814 842 8
48 452 -28
48 49 -28
512 105 13
512 510 13
512 901 19
105 106 -28
105 132 13
105 875 19
510 508 -19
510 899 -13
510 509 -8
510 103 -13
901 929 -8
901 874 -19
901 902 8
779 781 28
779 385 -8
779 777 19
584 977 -28
584 177 -19
584 585 28
584 557 -19
204 206 -13
204 202 8
204 974 -28
204 203 -19
640 641 -19
640 231 -13
640 668 -8
781 387 28
90 88 19
88 854 -28
586 559 -19
586 179 8
586 587 8
560 558 -28
560 949 19
560 559 19
560 151 19
560 562 -19
558 557 -28
558 149 -8
949 921 -8
949 179 -28
559 531 -19
559 951 -28
559 154 -28
151 176 19
151 922 -19
151 152 -13
562 561 8
562 153 8
333 748 -19
688 689 -28
688 276 28
1050 1049 19
1050 1048 -13
632 1024 -13
632 633 19
632 223 8
632 604 28
1086 696 -19
662 690 -28
662 634 19
690 691 -8
634 635 8
634 606 -28
634 225 19
499 527 -28
499 892 -8
499 500 -19
876 848 19
848 849 -19
848 458 -19
848 820 -19
848 82 -8
1010 236 13
808 809 19
850 460 13
850 84 -8
850 851 13
977 203 -13
977 975 13
203 176 -28
975 973 19
975 582 -13
975 974 -28
712 298 28
298 300 -8
1093 1121 13
1093 1094 28
679 678 -13
646 674 -13
646 1038 -28
646 237 19
27 793 -8
27 54 13
27 430 -8
27 0 13
793 792 19
54 80 13
54 458 28
54 821 28
430 429 8
430 820 -8
430 432 8
0 402 -8
0 765 -13
271 245 -28
271 272 19
271 687 -13
95 122 -8
955 957 -13
955 182 -8
955 954 -19
955 953 -8
1024 1023 -13
1024 1022 28
1023 1049 -19
1023 996 28
1023 635 -28
1022 1020 -8
1022 630 -28
245 1020 -8
245 218 28
1020 1019 13
1020 1018 19
218 631 -13
218 191 13
218 993 28
869 871 28
869 99 -28
871 870 13
871 101 -28
871 873 -8
99 506 -19
99 126 28
99 100 -13
831 829 -8
565 954 -13
565 564 -8
954 927 8
954 982 28
954 185 -28
564 957 -13
564 537 28
564 592 19
182 593 -13
130 103 13
130 900 -19
130 538 13
927 538 8
927 899 -8
159 132 -13
159 184 -19
159 930 13
668 696 28
1125 1097 -8
1097 1098 19
1097 1069 -13
386 385 8
386 776 8
386 384 -28
385 413 -8
776 804 -19
776 777 8
384 383 28
384 774 -13
384 382 -8
1072 295 28
1072 1070 19
685 683 -13
685 269 13
685 687 28
1044 1017 -8
1044 272 -8
952 953 19
434 30 13
434 432 8
434 824 -8
30 3 -19
30 797 19
432 28 -19
432 431 19
824 852 28
824 825 -8
824 59 -13
824 796 -28
985 592 -28
982 593 19
283 696 -13
696 724 -19
33 796 13
33 32 -28
796 768 8
796 797 -19
32 5 -19
32 58 -13
222 635 13
222 195 -28
222 997 28
222 223 28
818 819 28
818 428 -8
400 399 -8
826 854 -19
826 827 -8
826 798 -19
763 761 -19
763 344 -13
763 1149 28
763 762 -19
761 1147 8
761 760 -13
344 371 -19
344 345 13
344 1122 19
1149 1150 -19
1149 1121 -19
762 734 -28
1000 972 -13
1029 641 13
1147 372 19
1147 1119 -28
372 371 -19
1119 1120 19
1119 345 -28
1119 733 -19
450 452 28
450 449 -13
322 295 28
80 849 -13
80 107 -8
849 851 28
852 462 -13
852 853 13
462 460 -19
853 459 8
853 83 -28
853 851 -19
691 689 8
236 237 13
633 635 -28
633 631 -19
631 1019 -8
631 630 19
631 629 -13
132 133 8
132 902 13
929 956 8
929 930 -19
538 537 19
371 1150 -8
1150 760 28
407 8 -8
407 801 -19
407 379 -19
8 770 -8
379 773 -13
379 380 28
83 84 8
492 494 19
683 681 28
683 1069 -13
681 267 8
681 680 -8
1069 1070 8
28 1 -19
28 55 -13
28 29 -28
797 403 28
401 429 28
401 402 -28
401 2 28
401 373 8
58 59 -19
58 827 -8
957 956 13
957 184 28
184 185 -8
921 532 -8
921 893 19
921 154 8
921 922 13
532 531 -13
532 530 -19
532 534 28
154 153 13
154 152 19
922 920 28
922 924 -19
224 197 -8
224 999 -19
224 225 -8
658 630 -8
658 1048 -19
630 221 -28
1048 273 8
225 996 -13
225 223 -13
998 609 -28
998 970 19
998 999 19
1096 319 13
1096 1098 19
319 346 -8
319 292 -8
375 376 13
375 403 -19
375 769 -28
376 378 -19
376 374 8
403 431 -13
403 4 -28
769 768 -19
769 771 8
769 767 -13
769 3 -19
1003 228 8
12 774 8
383 777 -8
483 455 -13
460 458 28
460 55 8
460 459 28
458 457 8
55 823 8
55 56 19
459 57 -8
459 431 28
423 451 28
50 454 -19
50 51 -28
819 52 13
689 273 -19
689 687 -19
273 274 -8
687 1073 19
593 592 -28
531 503 13
531 924 28
951 178 -8
951 953 28
561 533 -13
561 953 -28
153 924 13
153 126 19
153 178 -13
1056 280 8
1019 992 28
992 603 -28
992 993 -13
992 221 19
924 926 -28
924 923 8
126 534 -28
126 896 8
178 589 -8
178 179 28
292 1068 -13
292 709 -28
292 267 -19
1092 702 -19
1092 1094 13
899 900 -8
899 133 13
1104 714 -13
1104 326 19
1101 327 -28
1101 1073 -13
653 240 13
653 1040 -19
241 242 -28
241 1016 -13
382 380 -19
382 772 13
1067 294 8
1067 1040 -28
1067 1068 28
294 293 -8
1040 1013 -19
1068 1070 19
587 176 -8
587 585 19
587 589 19
60 829 28
429 29 8
429 823 8
429 457 -19
29 792 13
823 825 28
823 821 -19
457 851 13
457 56 -28
714 300 13
300 1073 8
557 152 13
530 919 28
530 528 8
530 122 -19
592 185 13
1 2 28
1 767 19
758 730 -28
758 343 8
340 1118 -19
340 367 8
340 341 28
757 756 19
757 1143 -28
757 338 8
326 327 -28
996 607 -13
996 997 -28
100 503 19
100 102 13
537 509 -8
537 930 8
537 133 13
772 773 28
327 329 13
820 792 13
820 821 -19
820 56 28
82 84 -28
829 827 13
827 825 -8
451 51 28
451 479 -8
451 452 8
51 49 28
479 873 13
452 842 8
452 454 -13
5 771 -8
180 155 13
180 953 13
180 181 8
128 155 -28
128 129 28
128 898 28
128 101 19
534 533 -28
534 923 -19
994 223 -19
994 966 8
994 995 28
223 221 -8
966 196 8
995 993 19
995 997 -28
293 1070 28
129 533 19
129 895 13
897 508 -28
897 870 -13
897 898 -28
295 269 -19
177 176 13
177 175 -19
177 179 -28
585 974 28
585 583 -8
604 196 -8
604 576 -8
604 997 13
545 140 -8
195 196 -8
195 969 -13
195 607 19
997 999 -19
972 973 -13
972 202 13
972 583 -19
972 945 -28
270 269 8
270 272 -13
269 243 8
243 1018 -8
49 449 8
367 368 -28
756 341 13
1144 754 8
1144 365 28
1144 1143 -8
276 274 8
603 191 -28
191 192 13
191 965 -28
152 150 19
152 919 -19
641 228 -8
378 768 19
378 380 28
771 770 19
771 773 8
57 59 -8
57 56 19
431 825 8
368 1143 -13
368 366 -8
3 4 8
525 553 13
553 580 -8
553 554 -28
4 2 13
533 926 -28
533 505 8
1018 1017 -28
1018 1016 19
155 926 13
609 607 19
609 197 13
607 606 19
197 198 -8
197 971 28
990 1017 8
1017 629 -19
730 702 -28
730 1120 19
343 345 19
343 341 28
503 896 19
760 345 -8
1016 1014 28
1016 624 28
1016 1015 -19
678 706 -19
580 973 -28
973 971 8
179 181 -13
600 192 -8
600 993 13
629 627 19
200 202 28
200 198 -19
200 970 19
198 196 -8
198 606 28
970 971 19
970 943 8
103 104 -8
103 873 -28
900 898 8
900 902 -13
509 902 28
509 106 -28
1141 366 19
366 365 13
366 364 -19
898 896 13
898 505 8
606 999 13
1070 680 -28
734 735 -13
734 706 -19
735 733 -13
735 1121 8
272 274 28
402 792 19
792 764 19
365 338 28
338 1116 8
770 380 8
770 798 8
550 552 -13
552 554 8
552 551 13
240 1014 -13
240 213 -28
240 267 8
527 920 8
527 528 -8
920 919 -8
920 149 -28
528 917 -13
969 576 19
969 971 8
508 506 -19
508 101 8
506 895 -28
506 505 28
101 102 -28
1014 1013 19
1013 242 -8
1013 986 -28
1013 625 13
945 917 -19
945 175 28
554 943 -19
674 702 8
150 149 8
150 917 -13
149 122 -8
917 889 -13
923 895 13
374 764 -8
374 373 -28
505 102 8
1137 362 8
362 364 -19
582 175 -13
582 583 -13
1118 1116 -28
1118 1120 28
1120 1122 28
895 896 28
122 892 28
764 765 -13
764 2 -28
765 767 -8
842 870 -8
454 456 13
874 875 19
373 767 -13
1121 1122 -8
870 104 19
104 106 8
104 102 19
521 914 -19
551 146 -8
914 916 -19
624 625 -8
889 500 -13
873 875 -19
986 597 -8
625 627 -13
625 213 -13
1015 627 -13
915 943 8
915 916 -13
399 427 8
427 428 8
427 455 28
598 599 8
140 142 -13
456 455 -13
456 52 13
599 597 -19
