1112 1111 19
1112 334 13
1112 1110 8
1112 1114 8
1112 722 -19
1111 337 8
1111 1083 -8
1111 1139 28
1111 725 19
334 753 -28
334 361 -19
334 307 -13
334 335 -19
1110 1108 -13
1110 332 28
1110 720 -13
1110 1109 -28
1114 336 -19
1114 724 -28
1114 1116 13
1114 1113 -19
722 694 -19
722 723 -8
722 308 -28
722 750 13
147 918 -28
147 172 -19
147 556 -28
147 148 28
147 120 13
918 525 13
918 917 -13
918 920 8
918 916 -13
172 199 28
172 173 -19
172 583 -19
172 946 8
556 558 -8
556 555 -28
556 945 -13
556 554 -13
148 150 -13
148 553 -8
148 146 8
148 915 13
120 121 28
120 528 -8
120 890 13
120 93 -13
665 251 -19
665 663 -19
665 664 -13
665 667 -28
665 1051 -8
251 252 8
251 224 -19
251 1026 -13
251 277 -19
663 661 13
663 662 -19
663 249 -13
663 1049 19
664 636 -8
664 692 -19
664 1054 19
664 254 28
667 253 -19
667 669 -8
667 1053 -13
667 666 8
1051 279 13
1051 1025 -19
1051 1079 -13
1051 1052 13
391 392 8
391 419 19
391 785 8
392 782 28
392 390 13
392 394 -13
419 20 -19
419 813 28
419 447 8
419 420 -28
785 783 -8
785 19 -19
785 787 28
785 784 19
473 445 8
473 867 -28
473 474 13
473 501 -13
473 71 19
445 839 8
445 417 19
445 446 -19
445 45 13
867 97 19
867 869 19
867 865 -8
867 866 19
474 476 -28
474 864 19
474 472 13
474 68 19
501 502 -19
501 894 -13
501 529 19
501 98 -28
71 73 8
71 69 -28
71 836 8
71 70 19
936 543 -8
936 934 -28
936 935 28
936 938 -13
543 570 -19
543 515 8
543 544 13
543 138 28
934 162 28
934 933 13
934 932 19
934 541 -13
935 166 -19
935 546 8
935 907 19
935 962 13
938 937 19
938 165 19
938 940 13
938 545 -13
161 134 13
161 569 28
161 932 28
161 186 -8
134 904 -19
134 107 28
134 542 13
569 568 13
569 958 -8
569 571 19
932 931 -13
186 213 13
186 597 13
186 959 -28
476 70 -8
476 866 19
476 475 8
476 478 -13
70 839 13
70 44 -28
866 838 8
866 893 -28
866 100 13
475 73 8
475 869 8
475 447 8
475 503 28
478 868 13
478 477 28
478 72 13
478 480 28
439 39 -28
439 833 -28
439 467 28
439 440 -8
439 411 -19
39 38 -28
39 37 -28
39 41 -13
39 802 28
833 835 19
833 64 -13
833 832 19
833 831 8
467 495 -28
467 861 19
467 468 -19
467 65 13
440 438 28
440 830 -28
440 36 -19
440 442 8
411 412 28
411 12 13
411 383 -19
411 805 -28
880 878 -28
880 110 -8
880 879 13
880 882 -28
880 487 -8
878 877 -19
878 485 19
878 108 -19
110 137 8
110 83 -28
110 111 -13
110 518 19
879 852 19
879 490 -19
879 907 -13
879 113 -8
882 489 28
882 112 8
882 881 8
882 884 13
487 488 -13
487 459 -8
487 515 28
487 84 -19
193 605 -19
193 220 8
193 194 8
193 967 13
193 167 13
605 994 8
605 603 -8
605 604 28
605 607 8
220 633 19
220 247 -19
220 995 19
220 221 -13
194 602 28
194 196 -13
194 192 13
194 964 13
967 574 19
967 969 -19
967 965 -13
967 966 -28
167 577 28
167 141 19
167 940 -28
705 1091 13
705 707 28
705 704 -8
705 703 19
705 288 8
1091 318 -28
1091 1063 8
1091 1092 8
1091 1119 -19
707 290 -28
707 1093 -13
707 706 -13
704 291 28
704 676 13
704 732 19
704 1094 -13
703 1089 -28
703 701 -13
703 286 -13
703 702 13
288 289 8
288 315 19
288 263 28
288 1064 13
539 566 13
539 511 8
539 540 -13
566 594 -13
566 567 19
511 512 -13
511 483 -13
540 132 -8
540 929 -13
540 538 -19
289 291 -28
289 287 -28
289 702 -8
289 1061 19
315 342 13
315 316 19
315 733 -28
315 1092 19
263 1038 -19
263 236 -8
263 264 -19
263 677 -13
1064 1063 8
1064 1066 -8
1064 1062 -19
1064 674 13
38 805 13
38 11 -19
38 442 8
38 64 -8
805 804 -28
805 807 -8
805 803 -8
11 12 -28
11 777 28
11 414 -13
442 444 13
442 832 19
442 441 -8
64 91 13
64 65 28
64 470 -8
20 18 -19
20 782 -8
20 22 19
20 19 8
18 16 19
18 417 19
18 780 28
18 17 13
782 810 -28
782 783 8
22 421 28
22 21 8
22 784 8
22 24 8
19 422 28
19 46 28
291 290 -13
291 1063 -8
290 1066 28
290 265 -13
290 317 -19
1063 1037 -13
1063 677 -8
257 1032 8
257 671 19
257 258 19
257 230 -8
257 282 -19
1032 1034 28
1032 1030 13
1032 640 -28
1032 1031 -19
671 673 13
671 1057 28
671 670 -13
671 669 -28
258 256 28
258 668 13
258 260 19
258 1029 13
230 1005 13
230 643 28
230 231 28
230 203 8
282 283 8
282 1058 19
282 309 28
282 699 -19
524 526 19
524 523 19
524 522 -19
524 116 -19
524 913 8
526 118 -13
526 525 8
526 528 -28
526 915 19
523 119 -19
523 495 8
523 551 13
523 916 -19
522 911 -19
522 520 19
522 114 28
522 521 -13
116 886 -28
116 89 13
116 143 -8
116 117 -8
913 914 -8
913 941 19
913 885 -19
913 146 8
886 884 -19
886 888 -8
886 885 -8
886 493 8
89 90 28
89 62 -28
89 859 -8
89 496 -13
143 552 -19
143 914 -19
143 144 19
143 168 28
117 119 13
117 115 -19
117 521 8
117 883 -28
810 420 28
810 838 13
810 811 -19
810 47 8
420 422 -8
420 418 28
420 17 8
838 839 -19
838 73 -19
838 448 13
811 44 19
811 809 19
811 417 13
811 813 -19
47 45 13
47 447 28
47 46 -13
47 49 -13
1035 1061 -19
1035 1036 -8
1035 1008 8
1035 264 -8
1035 647 19
1061 1089 13
1061 1062 28
1061 675 28
1036 1034 8
1036 644 19
1036 1038 -8
1036 261 28
1008 619 28
1008 1009 -8
1008 980 19
1008 237 13
264 262 19
264 674 28
264 266 8
647 645 -13
647 234 -28
647 646 -28
647 649 13
489 86 -13
489 517 -19
489 490 13
489 461 28
86 852 -19
86 85 13
86 88 13
86 84 13
517 545 -8
517 518 -28
517 910 -28
517 113 28
490 488 -13
490 83 19
490 492 8
461 462 -13
461 59 8
461 433 -28
461 855 28
623 621 -8
623 622 19
623 211 -19
623 1011 13
621 619 -8
621 209 19
621 620 19
622 594 13
622 650 8
211 238 13
211 212 -28
211 985 19
211 184 -19
1011 1012 13
1011 984 -28
753 752 19
753 1139 13
753 751 8
753 755 19
752 337 8
752 724 -19
752 1142 -19
1139 1140 28
1139 364 -8
751 750 28
751 1137 8
751 749 13
751 332 28
755 336 13
755 754 8
755 1141 -28
755 757 -8
119 118 13
119 885 13
119 121 -28
118 91 -8
118 145 13
118 888 -28
885 858 19
885 496 8
121 525 -28
121 887 -19
121 123 19
361 1140 -19
361 362 28
307 308 -13
307 1084 -8
307 280 19
307 725 19
335 337 -28
335 750 -28
335 333 28
335 1109 19
337 336 28
337 339 -19
336 363 -13
336 309 -19
339 754 -8
339 338 13
339 1113 -13
339 341 8
794 31 13
794 795 19
794 822 -8
794 404 8
794 766 -8
31 33 8
31 431 -28
31 30 19
31 29 -19
795 28 -8
795 793 -13
795 797 8
795 401 -8
822 850 13
822 432 -19
822 57 19
822 823 28
404 406 -28
404 402 28
404 403 19
404 1 13
766 376 19
766 767 13
766 4 8
1128 349 -28
1128 1127 -28
1128 1130 -13
1128 738 13
1128 1126 -13
349 322 13
349 350 28
1127 352 -8
1127 1099 -13
1127 741 28
1130 351 -19
1130 1132 13
1130 1129 -19
1130 740 19
738 710 8
738 739 -13
738 323 8
1126 736 19
1126 347 8
1126 1125 -28
1126 1124 -8
67 65 -28
67 69 13
67 469 -19
67 66 -8
67 832 13
65 63 8
65 830 -28
69 68 -19
69 471 -8
69 834 -13
469 470 13
469 441 13
469 863 13
469 497 -19
66 472 -8
66 835 -28
66 40 -8
66 93 28
832 804 -19
832 860 19
858 92 -13
858 830 19
858 859 -13
858 468 13
92 495 13
92 91 19
92 94 -19
92 90 19
830 802 28
830 831 -8
859 465 8
859 857 -8
859 861 -8
468 62 -28
468 466 -8
468 470 -19
573 571 -28
573 575 -13
573 962 -13
573 572 8
571 162 13
571 570 28
571 960 13
575 574 -28
575 577 19
575 964 8
575 165 8
962 990 -28
962 963 -19
962 192 -19
572 166 -13
572 545 19
572 965 -19
572 600 -28
673 1059 -28
673 675 19
673 259 -19
673 672 28
1057 285 -28
1057 1031 -8
1057 1085 8
1057 1058 -19
670 642 28
670 698 -8
670 1060 28
670 260 -19
669 255 19
669 1055 8
669 668 -19
397 425 13
397 791 13
397 398 -28
425 453 -8
425 426 -13
425 26 -28
425 819 -28
791 789 -19
791 25 -19
791 790 13
398 396 -8
398 788 8
398 400 19
839 841 -8
839 837 28
841 447 8
841 72 8
841 843 8
841 840 19
837 835 -8
837 68 -28
837 836 13
837 443 13
1083 310 19
1083 1084 19
1083 1055 -8
1083 697 8
310 312 19
310 308 19
310 724 -19
310 309 -19
1084 694 -19
1084 1082 -28
1084 1086 -13
1055 283 19
1055 1056 -19
1055 1029 -28
697 695 28
697 280 28
697 699 -8
697 696 -8
166 164 -19
166 165 8
164 933 19
164 163 28
164 570 -8
165 191 -19
165 139 -8
636 227 8
636 1028 -13
636 637 -19
636 608 19
227 226 -19
227 229 19
227 225 8
227 998 13
1028 253 13
1028 1026 28
1028 1030 -8
1028 1027 -28
637 639 19
637 1025 -19
637 635 8
637 224 28
608 609 19
608 580 -8
608 200 -19
608 1001 -19
574 547 19
574 602 -28
577 579 28
577 966 -19
577 576 13
964 937 -8
964 992 19
964 965 -8
942 941 -8
942 549 -19
942 940 -19
942 944 28
942 168 -19
941 171 8
941 552 13
941 968 28
549 550 28
549 144 -19
549 521 -19
549 576 -8
940 547 -8
940 939 28
944 551 -8
944 946 19
944 170 8
944 943 8
168 579 13
168 195 -28
168 169 -13
905 933 8
905 516 -28
905 877 -19
905 138 -13
905 906 -8
933 544 -8
933 960 -8
516 514 28
516 108 -8
516 515 -19
516 518 -28
877 488 -8
877 111 -28
877 850 -28
138 137 13
138 136 19
138 140 -13
906 513 -13
906 908 8
906 904 -8
906 135 8
226 1001 28
226 199 8
226 639 -8
226 253 13
1001 1000 8
1001 1003 19
1001 999 -13
199 200 8
199 611 -13
199 973 19
639 638 -28
639 1027 -13
639 641 28
253 278 -28
253 254 -8
482 872 -13
482 480 8
482 76 -13
482 484 -13
482 481 -8
872 899 -13
872 873 19
872 106 8
872 844 8
480 870 -19
480 74 28
480 479 -19
76 50 -13
76 103 -8
76 77 13
76 845 8
484 78 -8
484 483 28
484 874 28
481 453 13
481 509 -8
481 79 -19
481 875 8
417 418 -13
417 389 -8
446 444 13
446 836 -28
446 448 -19
446 42 28
45 44 -28
45 43 19
45 808 8
884 114 -19
884 883 28
884 491 -8
888 495 19
888 890 28
888 887 -8
493 465 -8
493 90 -28
493 521 28
493 494 13
1004 1031 -19
1004 615 19
1004 1005 -13
1004 233 -28
1004 976 19
1031 260 8
1031 643 8
615 613 -19
615 614 -19
615 617 -8
615 203 -8
1005 612 8
1005 1007 -19
1005 1003 28
233 642 -8
233 232 19
233 235 -19
233 231 -8
976 977 -19
976 206 -8
976 949 19
976 587 19
721 720 13
721 1107 28
721 723 -19
721 303 -19
721 719 -13
720 306 -19
720 692 -8
720 748 -28
1107 1108 -19
1107 1135 -28
1107 1079 -19
1107 333 -28
723 1109 -28
723 305 19
723 725 13
303 330 13
303 1080 -13
303 304 -13
303 277 8
719 1105 13
719 717 28
719 301 13
719 718 19
44 448 -19
44 17 8
448 447 -19
448 450 -8
17 783 -28
989 596 -8
989 987 13
989 991 8
989 988 19
989 214 -8
596 568 -8
596 624 -28
596 597 13
596 188 19
987 213 19
987 986 13
991 990 -13
991 598 13
991 993 19
991 216 -19
988 217 8
988 599 13
988 1015 13
988 960 13
214 241 -28
214 627 -19
214 187 28
214 215 -13
306 305 -8
306 308 -13
306 304 13
306 1079 -8
305 278 13
305 1082 8
305 332 -8
308 1081 -19
304 718 8
304 1077 -28
304 302 8
1079 1080 8
1079 693 28
816 426 28
816 817 8
816 53 28
816 788 -28
816 844 28
426 424 19
426 428 8
426 23 28
817 815 28
817 423 -13
817 50 -13
817 819 8
53 453 8
53 52 -28
53 51 -28
788 789 8
788 26 19
844 845 28
844 79 -13
844 454 -28
495 496 -28
496 494 19
496 498 28
279 692 8
279 278 13
279 281 -28
1025 998 8
1025 254 -28
1025 1026 -13
1052 662 -28
1052 1050 13
1052 1054 28
1052 277 28
125 529 13
125 124 19
125 127 -28
125 123 -8
125 891 13
529 922 -8
529 557 -19
529 530 -13
124 97 28
124 532 -28
124 894 -8
124 151 8
127 531 19
127 893 -13
127 129 -19
127 126 13
123 527 -8
123 889 28
123 122 -28
891 864 -8
891 892 19
891 502 -28
891 919 -28
594 595 19
595 593 -8
595 984 -13
595 184 8
352 350 28
352 351 -8
352 354 -8
350 1125 8
350 348 19
351 324 -13
354 1129 -19
354 356 19
354 353 -8
91 498 -19
91 861 -8
498 497 19
498 887 19
498 500 -19
861 863 19
861 860 8
1134 1133 -19
1134 1136 19
1134 1132 -19
1134 744 -19
1134 355 8
1133 358 -13
1133 1105 -28
1133 747 13
1136 1135 -13
1136 357 -13
1136 1138 13
1136 746 13
1132 1131 -28
1132 742 -28
1132 353 -8
744 716 -8
744 329 8
744 745 19
355 356 -8
355 328 8
73 72 -28
73 75 8
72 46 -13
72 99 -28
75 77 -13
75 74 -19
75 840 -28
75 477 8
864 836 8
864 865 -28
864 98 8
836 808 -13
865 863 -28
865 471 8
865 95 8
98 97 8
98 96 19
98 100 28
579 581 19
579 968 -13
579 578 13
581 580 -13
581 970 19
581 170 19
581 583 -28
968 996 8
968 969 -19
968 198 -8
578 171 -13
578 606 -13
578 551 8
578 971 -28
570 963 -13
570 598 -8
515 908 8
515 111 -8
544 546 13
544 542 -19
544 135 -13
736 737 28
736 708 8
736 321 8
737 1123 28
737 739 -19
737 319 8
708 1098 -19
708 294 -28
708 680 28
708 709 -13
321 1095 13
321 323 8
321 320 -8
1099 1071 28
1099 325 -8
1099 713 -28
1099 1100 -13
1071 298 -28
1071 1072 13
1071 685 -8
1071 1044 -8
325 324 -28
325 327 -19
325 323 -19
325 740 -28
713 712 -13
713 711 8
713 295 -13
713 715 -13
1100 710 -8
1100 1102 19
1100 1098 -8
1100 322 -19
1089 316 28
1089 1117 -19
1089 1090 28
316 318 19
316 314 -13
316 730 -28
1117 1145 19
1117 1118 13
1117 343 13
1117 731 -19
1090 1088 -19
1090 700 19
1090 1092 19
1090 313 -13
171 169 28
171 173 -28
171 170 28
169 939 -28
169 576 -19
173 580 8
173 943 19
173 175 -13
170 145 13
170 197 -13
642 1034 19
642 643 -13
642 614 13
1034 259 -28
1034 1033 -19
643 645 13
643 641 8
614 586 8
614 206 28
614 1007 -13
137 908 8
137 546 13
908 907 -13
908 910 19
546 545 -8
546 548 13
948 555 -19
948 950 -8
948 947 19
948 174 28
948 946 28
555 527 -13
555 150 -19
555 582 -28
950 176 -19
950 557 19
950 949 -13
950 951 8
947 177 13
947 558 13
947 919 -19
947 974 19
174 585 -8
174 149 13
174 201 13
174 175 19
946 945 -19
946 553 -19
645 1033 13
645 232 -19
645 644 19
1033 1006 19
1033 262 28
1033 1059 -19
232 259 19
232 1007 13
232 205 28
644 235 8
644 672 19
644 616 -28
911 883 13
911 912 -13
911 939 -19
911 144 -19
883 494 -13
883 856 8
912 910 -8
912 519 -8
912 914 28
912 141 19
939 550 19
939 966 -13
144 146 8
144 142 8
259 284 -19
259 260 8
1007 1006 13
1007 1009 13
205 206 -8
205 979 28
205 178 8
205 617 -13
654 626 28
654 682 -8
654 244 19
654 1045 -8
654 655 19
626 217 -19
626 1018 -8
626 627 8
626 598 -28
682 710 28
682 683 28
682 1072 19
682 270 -13
244 243 19
244 246 13
244 242 -28
244 1015 -28
1045 1043 19
1045 1044 19
1045 1046 -8
655 653 8
655 657 8
655 1042 -19
655 241 -13
463 61 -8
463 857 -28
463 464 -13
463 435 -19
463 491 -13
61 63 -8
61 59 -13
61 826 -19
61 60 -19
857 87 -19
857 855 28
857 856 -28
464 466 -19
464 854 13
464 462 -8
464 58 -8
435 436 -19
435 407 -19
435 829 8
435 35 -13
491 492 -8
491 519 28
491 88 -19
727 729 -28
727 725 13
727 1113 8
727 726 -28
727 309 8
729 311 28
729 1115 19
729 731 28
729 728 -28
725 724 -19
1113 1141 -28
1113 1085 -13
726 312 19
726 698 19
726 754 28
726 1116 -13
309 1086 -13
217 215 -8
217 219 8
217 216 19
215 986 -28
215 624 8
219 990 13
219 628 -19
219 218 -13
219 221 8
216 189 -8
216 243 -28
216 629 -19
692 1082 19
692 693 28
1082 1081 -13
1082 1080 8
693 695 13
693 691 -13
693 277 28
312 314 19
312 311 13
312 1085 8
314 313 -8
314 1087 13
314 728 8
311 284 -28
311 1088 28
1085 699 -19
1085 1086 -8
465 466 19
465 63 13
465 437 -19
466 60 8
466 856 28
63 62 28
63 828 -19
437 438 13
437 37 8
437 409 -13
437 831 -28
410 408 28
410 800 -13
410 412 -13
410 7 -13
410 409 -19
408 407 -19
408 406 -13
408 798 8
408 5 -8
800 37 -13
800 772 13
800 828 -13
800 801 8
412 414 -8
412 802 -19
412 9 -8
7 34 13
7 8 -19
7 773 -28
409 381 13
409 10 -8
409 803 13
278 695 8
278 1054 8
695 694 -19
695 1081 19
1054 1056 28
1054 1053 19
502 504 -19
502 500 -19
502 95 8
894 893 28
894 896 -28
894 892 -19
694 666 -13
694 281 -19
666 638 19
666 256 8
666 1056 -28
281 283 -8
281 1053 -19
281 280 13
285 698 -28
285 284 -13
285 287 13
285 283 -28
1058 1060 28
1058 1056 -13
1058 668 19
358 356 19
358 357 -13
358 360 -13
356 1131 -28
357 330 -28
360 359 8
360 1135 -13
360 362 13
97 504 -13
504 893 28
504 506 -13
504 503 -19
513 541 -28
513 109 -19
513 514 -13
513 485 28
541 568 -28
541 136 -28
541 542 19
109 876 -28
109 111 8
109 108 -13
514 107 8
514 903 -28
485 486 8
485 457 -28
485 82 -28
613 201 -19
613 1002 8
613 611 8
613 612 -19
201 228 -13
201 202 13
201 975 -28
1002 1029 -13
1002 974 -19
1002 1003 19
1002 231 8
611 1000 -28
611 609 -28
611 610 -28
612 584 -28
612 204 13
612 640 28
1043 268 8
1043 652 -8
1043 1041 -28
1043 1042 19
268 683 8
268 293 -28
268 241 -13
652 653 28
652 242 13
652 624 8
652 680 -19
1041 267 -8
1041 1040 -19
1042 270 -8
1042 1069 8
1042 1015 -13
743 741 -13
743 742 -19
743 324 -8
743 745 13
743 1129 28
741 739 -28
741 322 -13
741 740 13
742 714 8
742 327 13
324 297 28
324 1102 -8
745 326 13
745 1131 -8
745 747 -28
1129 1101 19
1140 1142 -8
1140 1138 -19
1140 750 -19
1142 1141 13
1142 363 -28
1142 1144 13
1138 359 -13
1138 1137 -28
1138 748 -8
297 715 19
297 298 -13
297 271 -19
297 1074 -28
1102 712 8
1102 1104 8
1102 1101 28
567 565 8
567 956 28
567 159 -8
1105 1077 -8
1105 331 8
1105 1106 8
1077 691 8
1077 1078 -13
1077 1049 28
331 330 8
331 333 13
331 746 -28
331 329 13
1106 1108 28
1106 1104 8
1106 716 -19
1106 328 28
648 239 -8
648 649 13
648 620 -19
648 1039 -28
648 676 28
239 238 -13
239 237 -19
649 651 -13
649 236 -8
649 1037 -28
620 212 28
620 1012 28
620 592 19
1039 265 8
1039 1038 19
676 1066 -19
676 266 28
676 677 28
1108 718 19
1108 330 -13
718 690 -8
718 746 8
330 749 13
661 660 -28
661 1047 -8
661 659 28
661 247 -13
660 250 8
660 688 -13
660 1050 28
660 632 -13
1047 1048 28
1047 1021 -28
1047 1075 -19
1047 276 13
659 245 13
659 658 -28
659 657 13
247 1022 8
247 273 -8
247 248 -8
238 265 -8
238 1012 28
238 651 19
265 679 28
265 266 -13
1012 1010 -13
651 650 13
907 140 -28
907 518 19
910 139 -8
910 909 -8
470 472 -8
470 860 -28
441 835 -13
441 413 -13
441 41 28
863 93 13
863 862 -13
497 94 28
497 525 -13
497 890 28
472 862 -8
472 471 -8
862 96 -19
862 834 -19
862 889 -19
471 443 19
471 499 13
931 542 -19
931 958 13
931 163 -19
931 903 28
958 986 13
958 959 -28
958 188 28
163 568 19
163 162 -19
903 904 8
903 136 -28
903 876 8
698 1088 -13
698 699 -8
1088 1087 28
1088 1086 -19
699 701 13
189 963 -13
189 190 19
189 601 -8
963 961 13
963 965 8
190 598 -28
190 192 -13
190 188 -28
190 960 -28
601 603 19
601 990 13
601 599 -8
601 600 28
318 317 13
318 732 -8
317 735 -8
317 344 -19
317 1094 -28
732 760 -19
732 1122 -19
732 733 -8
416 13 28
416 414 -28
416 806 -8
416 418 8
416 415 -28
13 40 -8
13 779 8
13 14 -8
414 804 28
414 413 -13
806 43 -13
806 778 13
806 834 -8
806 807 -19
418 808 13
418 15 13
415 16 -28
415 387 8
415 809 -28
415 443 19
701 700 -28
701 284 -28
701 1087 -13
700 287 -28
700 728 -8
700 672 13
284 1060 -19
1087 1059 -19
1087 1115 -8
535 928 -8
535 536 28
535 563 13
535 131 -19
535 507 -19
928 157 -28
928 927 -13
928 926 -28
928 930 19
536 925 -28
536 128 -8
536 538 -13
536 534 28
563 158 8
563 590 19
563 955 13
131 129 -13
131 897 -13
131 130 -13
131 133 13
507 900 19
507 508 -13
507 104 8
507 479 -13
1060 1059 -19
1060 1062 13
710 711 13
710 296 -13
711 293 8
711 1097 13
711 709 8
296 1069 -28
296 298 -28
296 295 -13
296 294 -19
783 781 -8
783 389 28
16 15 -28
16 14 -28
16 778 -28
15 781 -13
15 42 -8
14 413 -28
14 12 19
14 776 -19
778 388 -8
778 779 -8
1037 1038 -13
1037 266 -19
677 679 -8
677 675 19
287 1059 -8
287 286 -28
286 261 8
286 1062 8
286 313 19
520 112 -19
520 518 -13
520 519 -8
520 909 19
112 85 13
112 113 28
112 139 8
519 115 -19
519 547 -28
909 937 19
909 142 13
909 881 -8
85 492 -8
85 855 19
85 58 -28
113 115 8
113 111 -8
139 140 28
139 548 19
787 393 13
787 789 -8
787 21 -28
787 786 28
784 812 28
784 394 13
1066 1065 -8
1065 1093 19
1065 679 19
619 207 -28
619 618 -28
619 617 -13
207 981 13
207 234 -19
207 208 13
207 180 -28
618 590 -8
618 210 -28
618 1010 13
618 646 8
617 1006 -19
617 616 -13
94 93 13
94 96 -19
94 860 -19
93 500 8
96 499 13
96 95 13
860 887 -13
749 747 13
749 1135 -28
749 748 19
114 141 -28
114 87 -8
114 115 8
141 550 19
141 142 -8
87 494 -8
87 88 8
87 60 -13
115 881 -13
62 831 8
62 36 -19
828 438 13
828 829 13
828 856 -8
158 156 19
158 160 13
158 157 28
158 925 28
156 561 -8
156 155 -28
156 154 8
156 923 8
160 927 13
160 564 8
160 159 28
157 565 19
157 182 8
157 130 19
925 926 8
925 897 -13
1053 1027 -13
1053 1081 -19
393 394 8
393 421 -28
394 396 28
421 422 -19
421 815 -28
421 449 -8
835 834 -13
834 444 13
1123 1095 13
1123 348 -8
1123 1124 -19
1095 1096 28
1095 1067 -8
1095 709 8
348 347 19
1124 346 8
568 961 28
961 959 -28
961 187 -13
961 960 -13
162 135 19
162 187 13
135 136 -19
135 108 28
187 599 8
187 188 -13
868 869 -19
868 840 28
868 895 -19
868 102 -19
477 449 13
477 505 28
477 871 28
937 548 19
548 550 28
548 547 19
881 492 8
881 854 28
717 1103 13
717 299 8
717 716 -13
717 715 8
1103 1131 28
1103 1104 -13
1103 329 13
1103 1075 -19
299 1076 8
299 326 -8
299 300 19
299 273 8
716 302 -13
716 688 19
715 714 -19
715 1101 -13
422 812 -13
422 424 -13
812 840 8
812 49 13
812 813 13
424 21 -13
424 814 -8
424 423 -28
46 813 -19
46 450 8
789 23 -13
789 395 -13
23 50 13
23 24 -13
395 396 -28
395 423 -13
40 807 -8
40 444 -8
40 41 -19
807 413 13
807 809 -28
444 443 -8
41 43 8
41 804 13
981 979 -8
981 588 13
981 983 -19
981 980 13
979 977 28
979 586 28
979 978 19
588 616 19
588 561 -13
588 589 -13
588 181 -19
983 590 -8
983 985 -28
983 982 19
983 209 8
980 210 8
980 952 -19
980 591 19
21 48 8
24 786 13
24 26 -19
24 423 -28
650 678 -8
145 554 19
145 146 -19
145 916 28
301 328 8
301 302 13
301 275 8
301 1078 28
328 329 13
328 747 13
302 1075 -28
302 300 -8
275 249 -19
275 691 -8
275 1050 13
275 276 19
1078 1076 -28
1078 688 -28
1078 1080 13
250 249 28
250 252 -8
250 248 8
250 1021 -28
249 1024 -19
249 222 -13
252 662 28
252 1023 -28
252 254 -28
248 658 8
248 1019 -8
248 246 28
1021 633 -28
1021 994 19
1021 1022 -28
25 52 13
25 26 -28
25 428 28
790 818 -19
790 400 8
1026 1024 8
1026 634 13
1030 638 13
1030 1029 28
1030 255 28
1027 256 13
1027 1000 -8
363 364 -19
1145 370 19
1145 1146 8
1145 759 -19
370 369 -19
370 368 28
370 372 -28
1146 367 -19
1146 756 8
1146 1148 13
1146 1144 -13
759 758 -19
759 761 8
759 340 28
759 757 -8
590 183 -28
590 591 13
183 952 -19
183 182 -13
183 181 -13
183 185 -13
591 180 28
591 593 28
591 589 13
68 95 13
68 42 19
347 320 8
320 1098 -19
320 739 8
320 293 -19
740 712 -28
675 674 8
675 261 -8
672 262 28
672 1062 -8
843 74 8
843 449 -13
843 842 -28
843 845 -28
840 450 -19
390 389 13
390 388 8
390 780 28
388 386 19
388 387 -13
780 781 19
780 808 28
547 142 28
602 603 19
602 630 -13
602 995 28
638 229 13
638 610 13
229 1000 -28
229 228 19
229 231 -19
610 582 19
610 202 19
610 1003 -13
1076 686 19
1076 1075 -13
1076 1074 19
686 658 13
686 714 13
686 274 13
686 687 -28
1075 689 -19
1074 1073 28
1074 1072 8
1074 684 28
890 889 28
890 892 -28
887 915 -8
210 209 -28
210 208 13
210 212 28
209 236 -19
209 182 -13
208 206 -13
208 616 8
208 978 19
212 982 8
1006 978 19
1006 235 19
978 589 -28
235 234 28
235 237 19
438 436 -19
438 34 -13
436 434 13
436 32 13
436 826 -28
34 60 -28
34 35 -28
34 801 -19
1109 1137 -13
1109 1081 13
332 359 8
332 333 -28
37 35 -13
37 36 8
35 33 13
35 798 -19
36 9 -13
36 803 13
256 254 13
256 255 -8
255 228 -19
255 280 19
369 1148 -13
369 342 -13
1148 1147 13
1148 758 -8
1148 1150 -8
342 343 -13
342 1120 -28
342 761 -13
405 377 -13
405 406 -19
405 799 -19
405 433 13
405 6 28
377 378 13
377 771 8
406 3 -13
406 796 28
799 32 8
799 801 28
799 798 13
799 797 -13
433 434 -19
433 33 28
433 827 -28
6 8 -8
6 5 28
6 4 19
6 768 28
488 81 8
488 486 -19
81 108 28
81 55 19
81 82 28
81 851 -28
486 876 8
486 80 -8
353 326 -13
746 747 19
77 79 -8
77 479 19
77 842 -13
74 48 -8
74 101 8
855 854 -28
855 853 -13
856 90 -19
739 1125 -13
323 322 8
323 1097 -13
847 453 13
847 78 8
847 846 19
847 845 28
453 454 -13
78 52 -28
78 105 -19
78 79 28
846 456 -13
846 874 19
846 818 -19
845 451 13
396 786 -19
786 814 8
616 1009 28
1080 690 -13
234 261 -8
234 1009 19
261 262 8
1009 1010 13
656 657 -13
656 628 28
656 246 28
656 684 8
656 1046 -28
657 243 -8
657 1044 8
628 1020 -8
628 600 8
628 629 13
246 245 -8
246 1017 -13
684 712 13
684 685 8
684 272 -13
1046 271 -13
1046 1048 13
984 985 -13
984 956 13
443 43 -8
1115 1143 -8
1115 1116 28
1115 341 28
731 730 -19
731 313 8
731 733 8
728 756 -8
728 1118 -13
381 382 28
381 775 19
10 9 28
10 8 8
10 772 28
10 12 13
803 802 13
803 801 13
43 42 -19
42 809 -13
313 340 19
802 774 13
9 775 8
775 773 8
775 777 19
775 774 -28
262 260 -19
815 814 -8
815 48 -13
815 813 -28
814 51 -19
814 842 19
48 452 8
48 49 -19
512 105 13
512 510 -28
512 901 -13
105 106 13
105 132 -19
105 875 -19
510 508 -19
510 899 -19
510 509 -13
510 103 13
901 929 -8
901 874 -13
901 902 -8
779 781 -13
779 385 19
779 777 13
584 977 13
584 177 -13
584 585 8
584 557 -28
204 206 -19
204 202 8
204 974 -8
204 203 19
640 641 -19
640 231 -28
640 668 -28
781 387 19
90 88 -13
88 854 19
586 559 -19
586 179 13
586 587 -13
560 558 28
560 949 13
560 559 -13
560 151 13
560 562 13
558 557 -8
558 149 13
949 921 -13
949 179 -28
559 531 -19
559 951 8
559 154 -19
151 176 13
151 922 -28
151 152 -28
562 561 13
562 153 -8
333 748 19
688 689 -13
688 276 -19
1050 1049 19
1050 1048 13
632 1024 -28
632 633 -19
632 223 19
632 604 -13
1086 696 13
662 690 -8
662 634 13
690 691 -8
634 635 -13
634 606 -13
634 225 28
499 527 -19
499 892 -8
499 500 -13
876 848 -19
848 849 8
848 458 13
848 820 -13
848 82 -28
1010 236 28
808 809 -19
850 460 8
850 84 28
850 851 28
977 203 13
977 975 -19
203 176 -8
975 973 -8
975 582 -28
975 974 -13
712 298 8
298 300 -13
1093 1121 13
1093 1094 -13
679 678 19
646 674 -8
646 1038 -13
646 237 -13
27 793 -28
27 54 28
27 430 8
27 0 -13
793 792 19
54 80 -28
54 458 -19
54 821 -8
430 429 -8
430 820 8
430 432 -8
0 402 -19
0 765 28
271 245 28
271 272 28
271 687 13
95 122 -28
955 957 -13
955 182 13
955 954 13
955 953 8
1024 1023 28
1024 1022 -19
1023 1049 13
1023 996 -28
1023 635 -8
1022 1020 -13
1022 630 8
245 1020 19
245 218 28
1020 1019 19
1020 1018 19
218 631 -19
218 191 8
218 993 8
869 871 -13
869 99 -19
871 870 -13
871 101 8
871 873 -28
99 506 -8
99 126 8
99 100 19
831 829 28
565 954 19
565 564 -8
954 927 -28
954 982 8
954 185 19
564 957 -13
564 537 -28
564 592 8
182 593 19
130 103 -19
130 900 19
130 538 -19
927 538 19
927 899 -13
159 132 -28
159 184 -13
159 930 -13
668 696 -28
1125 1097 -28
1097 1098 8
1097 1069 8
386 385 13
386 776 -19
386 384 -13
385 413 -8
776 804 -19
776 777 28
384 383 -13
384 774 13
384 382 13
1072 295 13
1072 1070 19
685 683 8
685 269 -19
685 687 -8
1044 1017 13
1044 272 8
952 953 28
434 30 -28
434 432 -8
434 824 13
30 3 -13
30 797 8
432 28 28
432 431 28
824 852 8
824 825 8
824 59 -8
824 796 8
985 592 -28
982 593 -19
283 696 13
696 724 28
33 796 19
33 32 19
796 768 -13
796 797 -28
32 5 -8
32 58 -28
222 635 -28
222 195 19
222 997 8
222 223 13
818 819 -28
818 428 28
400 399 28
826 854 -19
826 827 -13
826 798 -19
763 761 8
763 344 28
763 1149 -28
763 762 -19
761 1147 -19
761 760 -19
344 371 13
344 345 -8
344 1122 -8
1149 1150 8
1149 1121 8
762 734 8
1000 972 -8
1029 641 13
1147 372 13
1147 1119 28
372 371 8
1119 1120 28
1119 345 -13
1119 733 -19
450 452 19
450 449 -8
322 295 -13
80 849 8
80 107 13
849 851 28
852 462 8
852 853 8
462 460 -19
853 459 8
853 83 -13
853 851 28
691 689 28
236 237 28
633 635 28
633 631 -13
631 1019 -28
631 630 -13
631 629 28
132 133 -19
132 902 19
929 956 13
929 930 13
538 537 13
371 1150 -13
1150 760 -8
407 8 19
407 801 -13
407 379 -19
8 770 -19
379 773 -13
379 380 -19
83 84 -28
492 494 -19
683 681 -8
683 1069 -8
681 267 19
681 680 -13
1069 1070 28
28 1 13
28 55 -13
28 29 13
797 403 -8
401 429 13
401 402 8
401 2 -13
401 373 8
58 59 -19
58 827 8
957 956 -28
957 184 -13
184 185 19
921 532 8
921 893 19
921 154 -28
921 922 28
532 531 28
532 530 28
532 534 -8
154 153 28
154 152 28
922 920 28
922 924 28
224 197 -13
224 999 -28
224 225 -28
658 630 28
658 1048 13
630 221 28
1048 273 19
225 996 -19
225 223 -8
998 609 -28
998 970 8
998 999 28
1096 319 13
1096 1098 -28
319 346 -28
319 292 19
375 376 -28
375 403 8
375 769 -28
376 378 -8
376 374 19
403 431 28
403 4 -28
769 768 -19
769 771 -13
769 767 28
769 3 28
1003 228 19
12 774 13
383 777 -13
483 455 -19
460 458 -8
460 55 19
460 459 8
458 457 -19
55 823 -19
55 56 8
459 57 13
459 431 28
423 451 8
50 454 13
50 51 13
819 52 8
689 273 8
689 687 8
273 274 8
687 1073 -13
593 592 -28
531 503 -8
531 924 -8
951 178 13
951 953 13
561 533 19
561 953 -8
153 924 -8
153 126 -13
153 178 -28
1056 280 -19
1019 992 19
992 603 19
992 993 -28
992 221 28
924 926 -13
924 923 28
126 534 -8
126 896 -19
178 589 -8
178 179 8
292 1068 19
292 709 -8
292 267 -19
1092 702 28
1092 1094 19
899 900 -19
899 133 -19
1104 714 -28
1104 326 28
1101 327 8
1101 1073 28
653 240 19
653 1040 -19
241 242 -28
241 1016 -19
382 380 -19
382 772 13
1067 294 8
1067 1040 13
1067 1068 -19
294 293 28
1040 1013 -13
1068 1070 -8
587 176 -28
587 585 19
587 589 -28
60 829 8
429 29 13
429 823 8
429 457 13
29 792 -8
823 825 -28
823 821 -8
457 851 8
457 56 13
714 300 13
300 1073 -28
557 152 28
530 919 8
530 528 -13
530 122 19
592 185 13
1 2 13
1 767 -28
758 730 -19
758 343 8
340 1118 -28
340 367 -28
340 341 8
757 756 -8
757 1143 -13
757 338 19
326 327 -13
996 607 8
996 997 -13
100 503 8
100 102 13
537 509 -28
537 930 -8
537 133 19
772 773 19
327 329 -28
820 792 13
820 821 -19
820 56 8
82 84 28
829 827 8
827 825 -19
451 51 19
451 479 -13
451 452 -28
51 49 13
479 873 19
452 842 -8
452 454 -13
5 771 -28
180 155 19
180 953 -8
180 181 13
128 155 -28
128 129 28
128 898 -8
128 101 -19
534 533 -13
534 923 -19
994 223 19
994 966 -13
994 995 13
223 221 28
966 196 -19
995 993 13
995 997 -8
293 1070 -19
129 533 -13
129 895 13
897 508 -8
897 870 8
897 898 -8
295 269 28
177 176 -8
177 175 8
177 179 -19
585 974 8
585 583 -8
604 196 -8
604 576 28
604 997 -28
545 140 -19
195 196 -13
195 969 28
195 607 13
997 999 -28
972 973 28
972 202 28
972 583 -13
972 945 13
270 269 8
270 272 28
269 243 -13
243 1018 28
49 449 8
367 368 -19
756 341 -8
1144 754 -13
1144 365 19
1144 1143 13
276 274 8
603 191 28
191 192 -28
191 965 -19
152 150 8
152 919 -28
641 228 19
378 768 -8
378 380 13
771 770 -28
771 773 -19
57 59 -13
57 56 13
431 825 -8
368 1143 -13
368 366 13
3 4 -19
525 553 8
553 580 -8
553 554 -13
4 2 -8
533 926 8
533 505 19
1018 1017 28
1018 1016 -28
155 926 13
609 607 -19
609 197 -28
607 606 28
197 198 -28
197 971 13
990 1017 -8
1017 629 -19
730 702 -19
730 1120 19
343 345 -13
343 341 13
503 896 28
760 345 -28
1016 1014 -28
1016 624 -19
1016 1015 13
678 706 -8
580 973 -8
973 971 8
179 181 8
600 192 28
600 993 -19
629 627 28
200 202 28
200 198 19
200 970 28
198 196 19
198 606 -13
970 971 -19
970 943 8
103 104 19
103 873 13
900 898 -13
900 902 28
509 902 8
509 106 19
1141 366 -8
366 365 8
366 364 19
898 896 28
898 505 -13
606 999 -28
1070 680 -28
734 735 -19
734 706 -8
735 733 28
735 1121 -13
272 274 -28
402 792 -19
792 764 -13
365 338 -28
338 1116 -28
770 380 -13
770 798 8
550 552 19
552 554 -28
552 551 -19
240 1014 19
240 213 28
240 267 28
527 920 -19
527 528 8
920 919 13
920 149 -13
528 917 19
969 576 -13
969 971 19
508 506 -28
508 101 8
506 895 19
506 505 28
101 102 -19
1014 1013 -19
1013 242 28
1013 986 -13
1013 625 8
945 917 -8
945 175 -13
554 943 -8
674 702 -19
150 149 -8
150 917 -19
149 122 -8
917 889 13
923 895 28
374 764 -19
374 373 8
505 102 19
1137 362 19
362 364 -13
582 175 28
582 583 28
1118 1116 19
1118 1120 -8
1120 1122 28
895 896 8
122 892 8
764 765 -19
764 2 -8
765 767 8
842 870 -19
454 456 19
874 875 19
373 767 13
1121 1122 13
870 104 -13
104 106 -19
104 102 -13
521 914 -8
551 146 -28
914 916 8
624 625 -8
889 500 19
873 875 -13
986 597 19
625 627 13
625 213 -8
1015 627 -13
915 943 -8
915 916 -8
399 427 -28
427 428 -19
427 455 13
598 599 13
140 142 8
456 455 13
456 52 8
599 597 19
