1112 1111 -13
1112 334 -19
1112 1110 -13
1112 1114 8
1112 722 8
1111 337 28
1111 1083 28
1111 1139 19
1111 725 19
334 753 28
334 361 -8
334 307 -8
334 335 8
1110 1108 8
1110 332 -8
1110 720 -28
1110 1109 -28
1114 336 -28
1114 724 -28
1114 1116 -13
1114 1113 13
722 694 19
722 723 19
722 308 28
722 750 8
147 918 -19
147 172 13
147 556 8
147 148 13
147 120 13
918 525 8
918 917 13
918 920 -28
918 916 13
172 199 -8
172 173 -13
172 583 19
172 946 13
556 558 -8
556 555 -8
556 945 -13
556 554 -19
148 150 19
148 553 28
148 146 28
148 915 -13
120 121 -19
120 528 28
120 890 -19
120 93 13
665 251 -28
665 663 28
665 664 -28
665 667 19
665 1051 -13
251 252 -28
251 224 -13
251 1026 -19
251 277 28
663 661 8
663 662 -28
663 249 -28
663 1049 8
664 636 -8
664 692 8
664 1054 28
664 254 19
667 253 28
667 669 -13
667 1053 -8
667 666 28
1051 279 19
1051 1025 8
1051 1079 8
1051 1052 13
391 392 -8
391 419 8
391 785 28
392 782 -19
392 390 19
392 394 28
419 20 19
419 813 -13
419 447 -28
419 420 -8
785 783 -13
785 19 -8
785 787 19
785 784 8
473 445 -28
473 867 19
473 474 -13
473 501 13
473 71 19
445 839 28
445 417 8
445 446 -19
445 45 -8
867 97 13
867 869 -19
867 865 -19
867 866 19
474 476 13
474 864 28
474 472 -28
474 68 -8
501 502 -8
501 894 8
501 529 -19
501 98 8
71 73 13
71 69 -13
71 836 19
71 70 19
936 543 13
936 934 8
936 935 28
936 938 -8
543 570 -13
543 515 -28
543 544 8
543 138 -8
934 162 13
934 933 8
934 932 13
934 541 28
935 166 8
935 546 19
935 907 -8
935 962 19
938 937 8
938 165 13
938 940 -8
938 545 13
161 134 -13
161 569 -28
161 932 13
161 186 19
134 904 -8
134 107 13
134 542 -19
569 568 13
569 958 -13
569 571 -19
932 931 19
186 213 28
186 597 19
186 959 8
476 70 -28
476 866 -13
476 475 19
476 478 19
70 839 19
70 44 19
866 838 13
866 893 -8
866 100 19
475 73 -8
475 869 13
475 447 28
475 503 -28
478 868 -13
478 477 -8
478 72 -19
478 480 8
439 39 8
439 833 -13
439 467 13
439 440 -8
439 411 -13
39 38 8
39 37 28
39 41 -19
39 802 28
833 835 28
833 64 19
833 832 -8
833 831 28
467 495 8
467 861 13
467 468 19
467 65 -13
440 438 13
440 830 -8
440 36 -13
440 442 -28
411 412 13
411 12 -13
411 383 -13
411 805 13
880 878 13
880 110 28
880 879 -19
880 882 -13
880 487 8
878 877 -8
878 485 -8
878 108 19
110 137 13
110 83 -28
110 111 8
110 518 -8
879 852 8
879 490 28
879 907 8
879 113 8
882 489 8
882 112 -8
882 881 28
882 884 -19
487 488 13
487 459 -8
487 515 28
487 84 28
193 605 8
193 220 8
193 194 13
193 967 8
193 167 19
605 994 -28
605 603 -28
605 604 -19
605 607 19
220 633 -8
220 247 8
220 995 -28
220 221 8
194 602 -28
194 196 19
194 192 -19
194 964 -13
967 574 8
967 969 19
967 965 -13
967 966 -19
167 577 -28
167 141 -8
167 940 -13
705 1091 13
705 707 -28
705 704 -19
705 703 8
705 288 19
1091 318 -13
1091 1063 -8
1091 1092 13
1091 1119 19
707 290 19
707 1093 -8
707 706 -19
704 291 -19
704 676 8
704 732 13
704 1094 -28
703 1089 -19
703 701 8
703 286 -13
703 702 28
288 289 -8
288 315 -19
288 263 8
288 1064 8
539 566 -19
539 511 -28
539 540 -13
566 594 19
566 567 13
511 512 -28
511 483 13
540 132 -13
540 929 13
540 538 -13
289 291 -13
289 287 19
289 702 -8
289 1061 -28
315 342 -19
315 316 -13
315 733 -8
315 1092 -8
263 1038 19
263 236 -19
263 264 -19
263 677 28
1064 1063 -13
1064 1066 -8
1064 1062 19
1064 674 -28
38 805 -19
38 11 -28
38 442 -13
38 64 19
805 804 8
805 807 -8
805 803 8
11 12 8
11 777 -19
11 414 28
442 444 -28
442 832 -28
442 441 28
64 91 19
64 65 -28
64 470 19
20 18 8
20 782 28
20 22 -13
20 19 28
18 16 19
18 417 -28
18 780 -28
18 17 -13
782 810 19
782 783 -19
22 421 19
22 21 -19
22 784 -28
22 24 -19
19 422 -19
19 46 28
291 290 13
291 1063 -8
290 1066 -13
290 265 -8
290 317 -13
1063 1037 -13
1063 677 -13
257 1032 19
257 671 -8
257 258 -28
257 230 -19
257 282 28
1032 1034 -28
1032 1030 -13
1032 640 13
1032 1031 -19
671 673 8
671 1057 -28
671 670 -13
671 669 -8
258 256 -19
258 668 -28
258 260 13
258 1029 -13
230 1005 -13
230 643 -19
230 231 -13
230 203 13
282 283 -13
282 1058 28
282 309 -19
282 699 28
524 526 -19
524 523 -8
524 522 -19
524 116 13
524 913 13
526 118 13
526 525 -28
526 528 28
526 915 -28
523 119 13
523 495 -28
523 551 8
523 916 19
522 911 -13
522 520 8
522 114 -8
522 521 -19
116 886 8
116 89 -13
116 143 -28
116 117 19
913 914 -13
913 941 13
913 885 28
913 146 -13
886 884 -13
886 888 8
886 885 -8
886 493 13
89 90 28
89 62 -8
89 859 -28
89 496 19
143 552 28
143 914 -8
143 144 28
143 168 -28
117 119 -8
117 115 8
117 521 8
117 883 -13
810 420 -19
810 838 -13
810 811 8
810 47 13
420 422 -13
420 418 -13
420 17 28
838 839 -13
838 73 -28
838 448 8
811 44 -19
811 809 -13
811 417 -28
811 813 13
47 45 13
47 447 28
47 46 -13
47 49 -8
1035 1061 28
1035 1036 -8
1035 1008 -13
1035 264 -13
1035 647 -19
1061 1089 -13
1061 1062 -13
1061 675 -13
1036 1034 -8
1036 644 -13
1036 1038 19
1036 261 -19
1008 619 28
1008 1009 -19
1008 980 -8
1008 237 8
264 262 8
264 674 -8
264 266 -13
647 645 8
647 234 -13
647 646 -13
647 649 -8
489 86 -19
489 517 28
489 490 28
489 461 13
86 852 13
86 85 -8
86 88 13
86 84 8
517 545 13
517 518 28
517 910 -13
517 113 13
490 488 -8
490 83 8
490 492 8
461 462 28
461 59 -13
461 433 19
461 855 28
623 621 -8
623 622 -28
623 211 -28
623 1011 -8
621 619 28
621 209 -28
621 620 28
622 594 -8
622 650 -19
211 238 13
211 212 13
211 985 -13
211 184 28
1011 1012 -8
1011 984 -19
753 752 28
753 1139 -13
753 751 -8
753 755 28
752 337 19
752 724 -8
752 1142 -8
1139 1140 28
1139 364 28
751 750 -13
751 1137 -8
751 749 13
751 332 8
755 336 -13
755 754 13
755 1141 8
755 757 -13
119 118 19
119 885 -13
119 121 -19
118 91 -28
118 145 -13
118 888 13
885 858 -19
885 496 -13
121 525 28
121 887 28
121 123 -19
361 1140 19
361 362 -19
307 308 13
307 1084 19
307 280 -19
307 725 -13
335 337 -13
335 750 -19
335 333 8
335 1109 13
337 336 19
337 339 8
336 363 -28
336 309 -13
339 754 -19
339 338 -19
339 1113 13
339 341 -8
794 31 19
794 795 28
794 822 19
794 404 8
794 766 -28
31 33 -8
31 431 8
31 30 -13
31 29 13
795 28 -13
795 793 -8
795 797 -28
795 401 19
822 850 13
822 432 -8
822 57 -19
822 823 19
404 406 8
404 402 19
404 403 28
404 1 13
766 376 19
766 767 -19
766 4 8
1128 349 8
1128 1127 -8
1128 1130 -13
1128 738 13
1128 1126 -19
349 322 19
349 350 28
1127 352 -8
1127 1099 -8
1127 741 28
1130 351 -13
1130 1132 28
1130 1129 -19
1130 740 -8
738 710 -8
738 739 -28
738 323 19
1126 736 28
1126 347 19
1126 1125 -13
1126 1124 13
67 65 8
67 69 8
67 469 -19
67 66 8
67 832 -28
65 63 13
65 830 28
69 68 -19
69 471 -13
69 834 28
469 470 -13
469 441 13
469 863 -19
469 497 28
66 472 28
66 835 13
66 40 -8
66 93 -8
832 804 28
832 860 -13
858 92 8
858 830 -28
858 859 -13
858 468 28
92 495 -19
92 91 -13
92 94 13
92 90 28
830 802 13
830 831 8
859 465 19
859 857 13
859 861 8
468 62 8
468 466 -8
468 470 -19
573 571 13
573 575 -28
573 962 19
573 572 -8
571 162 13
571 570 -19
571 960 -13
575 574 -28
575 577 8
575 964 8
575 165 -19
962 990 -13
962 963 -19
962 192 -19
572 166 -28
572 545 -13
572 965 -13
572 600 19
673 1059 -19
673 675 8
673 259 19
673 672 -13
1057 285 -19
1057 1031 19
1057 1085 8
1057 1058 28
670 642 8
670 698 8
670 1060 19
670 260 -8
669 255 28
669 1055 -19
669 668 -28
397 425 8
397 791 8
397 398 19
425 453 -19
425 426 -28
425 26 -13
425 819 -28
791 789 28
791 25 8
791 790 -13
398 396 28
398 788 13
398 400 -8
839 841 28
839 837 19
841 447 -13
841 72 -13
841 843 -13
841 840 -28
837 835 8
837 68 13
837 836 -8
837 443 19
1083 310 28
1083 1084 -28
1083 1055 19
1083 697 -19
310 312 -8
310 308 19
310 724 19
310 309 28
1084 694 8
1084 1082 -13
1084 1086 -28
1055 283 -19
1055 1056 -13
1055 1029 8
697 695 13
697 280 28
697 699 19
697 696 13
166 164 -28
166 165 -8
164 933 -28
164 163 -19
164 570 -28
165 191 -28
165 139 -28
636 227 19
636 1028 28
636 637 13
636 608 -19
227 226 19
227 229 -19
227 225 13
227 998 -28
1028 253 -8
1028 1026 28
1028 1030 8
1028 1027 28
637 639 -13
637 1025 13
637 635 -28
637 224 8
608 609 28
608 580 -28
608 200 8
608 1001 -13
574 547 8
574 602 -13
577 579 -13
577 966 13
577 576 -28
964 937 19
964 992 13
964 965 13
942 941 13
942 549 8
942 940 -28
942 944 -8
942 168 -8
941 171 8
941 552 19
941 968 -19
549 550 -19
549 144 28
549 521 28
549 576 8
940 547 -13
940 939 -13
944 551 -19
944 946 19
944 170 -19
944 943 -13
168 579 8
168 195 8
168 169 -28
905 933 19
905 516 -13
905 877 13
905 138 -13
905 906 19
933 544 13
933 960 19
516 514 -8
516 108 28
516 515 -13
516 518 8
877 488 19
877 111 28
877 850 -8
138 137 13
138 136 -8
138 140 -19
906 513 8
906 908 13
906 904 28
906 135 -28
226 1001 -8
226 199 8
226 639 19
226 253 -8
1001 1000 28
1001 1003 8
1001 999 28
199 200 8
199 611 28
199 973 -13
639 638 28
639 1027 8
639 641 -8
253 278 13
253 254 -28
482 872 13
482 480 8
482 76 -28
482 484 19
482 481 -28
872 899 -19
872 873 -8
872 106 28
872 844 19
480 870 19
480 74 -8
480 479 13
76 50 28
76 103 -13
76 77 -8
76 845 8
484 78 -19
484 483 -8
484 874 -13
481 453 -19
481 509 13
481 79 -13
481 875 -8
417 418 13
417 389 -19
446 444 -28
446 836 28
446 448 28
446 42 8
45 44 -13
45 43 28
45 808 -19
884 114 -8
884 883 13
884 491 -13
888 495 -8
888 890 -13
888 887 -28
493 465 13
493 90 -19
493 521 -28
493 494 -28
1004 1031 -28
1004 615 -19
1004 1005 28
1004 233 19
1004 976 8
1031 260 -13
1031 643 19
615 613 -28
615 614 -28
615 617 28
615 203 13
1005 612 -19
1005 1007 19
1005 1003 13
233 642 -8
233 232 -19
233 235 19
233 231 -28
976 977 -8
976 206 -28
976 949 -13
976 587 -28
721 720 8
721 1107 -8
721 723 -8
721 303 8
721 719 8
720 306 8
720 692 8
720 748 13
1107 1108 -8
1107 1135 13
1107 1079 19
1107 333 -28
723 1109 -13
723 305 -28
723 725 -19
303 330 8
303 1080 -8
303 304 28
303 277 -19
719 1105 13
719 717 -19
719 301 28
719 718 8
44 448 -13
44 17 13
448 447 28
448 450 8
17 783 -28
989 596 -13
989 987 -8
989 991 28
989 988 -8
989 214 19
596 568 28
596 624 -8
596 597 -28
596 188 13
987 213 -28
987 986 -13
991 990 28
991 598 -19
991 993 13
991 216 -8
988 217 28
988 599 8
988 1015 28
988 960 19
214 241 -28
214 627 -28
214 187 -8
214 215 8
306 305 -19
306 308 -28
306 304 8
306 1079 -8
305 278 -28
305 1082 -13
305 332 -13
308 1081 -19
304 718 -19
304 1077 13
304 302 -19
1079 1080 28
1079 693 -13
816 426 -28
816 817 8
816 53 -19
816 788 -28
816 844 28
426 424 28
426 428 8
426 23 28
817 815 8
817 423 19
817 50 -19
817 819 -19
53 453 -8
53 52 19
53 51 -8
788 789 19
788 26 8
844 845 8
844 79 8
844 454 -13
495 496 8
496 494 -13
496 498 8
279 692 -28
279 278 -19
279 281 -8
1025 998 -13
1025 254 28
1025 1026 19
1052 662 13
1052 1050 -28
1052 1054 13
1052 277 -28
125 529 -13
125 124 19
125 127 28
125 123 -13
125 891 -8
529 922 -8
529 557 -19
529 530 -8
124 97 -13
124 532 28
124 894 13
124 151 8
127 531 -19
127 893 -8
127 129 13
127 126 19
123 527 8
123 889 19
123 122 -13
891 864 -28
891 892 28
891 502 -8
891 919 8
594 595 -13
595 593 13
595 984 -8
595 184 -13
352 350 -19
352 351 13
352 354 28
350 1125 -28
350 348 -28
351 324 19
354 1129 -28
354 356 -19
354 353 13
91 498 19
91 861 -8
498 497 28
498 887 -8
498 500 -13
861 863 8
861 860 13
1134 1133 8
1134 1136 -13
1134 1132 8
1134 744 8
1134 355 -28
1133 358 -8
1133 1105 8
1133 747 -8
1136 1135 -28
1136 357 8
1136 1138 -28
1136 746 -19
1132 1131 19
1132 742 -19
1132 353 -28
744 716 -28
744 329 13
744 745 -13
355 356 19
355 328 -8
73 72 -8
73 75 -19
72 46 19
72 99 -13
75 77 8
75 74 -13
75 840 19
75 477 -8
864 836 8
864 865 19
864 98 -28
836 808 -28
865 863 -13
865 471 -19
865 95 8
98 97 13
98 96 8
98 100 13
579 581 -28
579 968 -13
579 578 -8
581 580 8
581 970 8
581 170 -19
581 583 13
968 996 -8
968 969 -28
968 198 13
578 171 -13
578 606 -28
578 551 -19
578 971 8
570 963 28
570 598 19
515 908 13
515 111 -28
544 546 -8
544 542 13
544 135 -19
736 737 -8
736 708 -19
736 321 28
737 1123 -13
737 739 -13
737 319 28
708 1098 13
708 294 13
708 680 -19
708 709 -28
321 1095 -28
321 323 -19
321 320 -8
1099 1071 28
1099 325 -19
1099 713 28
1099 1100 -19
1071 298 -8
1071 1072 -8
1071 685 19
1071 1044 -28
325 324 19
325 327 28
325 323 -19
325 740 19
713 712 -13
713 711 8
713 295 -28
713 715 -13
1100 710 13
1100 1102 13
1100 1098 -19
1100 322 -19
1089 316 -28
1089 1117 -8
1089 1090 -13
316 318 -28
316 314 -8
316 730 -19
1117 1145 13
1117 1118 -8
1117 343 28
1117 731 -28
1090 1088 13
1090 700 8
1090 1092 -28
1090 313 -28
171 169 -13
171 173 -8
171 170 19
169 939 -19
169 576 13
173 580 8
173 943 28
173 175 -28
170 145 -28
170 197 -28
642 1034 19
642 643 -19
642 614 28
1034 259 19
1034 1033 19
643 645 -19
643 641 -28
614 586 -8
614 206 28
614 1007 28
137 908 8
137 546 19
908 907 13
908 910 19
546 545 28
546 548 8
948 555 13
948 950 8
948 947 -13
948 174 -8
948 946 -13
555 527 -13
555 150 -19
555 582 8
950 176 -28
950 557 13
950 949 -8
950 951 -13
947 177 -19
947 558 -19
947 919 13
947 974 -19
174 585 19
174 149 -28
174 201 -19
174 175 -13
946 945 8
946 553 -19
645 1033 -8
645 232 8
645 644 19
1033 1006 -13
1033 262 -28
1033 1059 28
232 259 -13
232 1007 13
232 205 19
644 235 8
644 672 28
644 616 -13
911 883 -19
911 912 8
911 939 -19
911 144 13
883 494 -19
883 856 19
912 910 -19
912 519 -28
912 914 28
912 141 -13
939 550 -19
939 966 8
144 146 8
144 142 8
259 284 -28
259 260 -28
1007 1006 -28
1007 1009 -19
205 206 13
205 979 19
205 178 -8
205 617 13
654 626 13
654 682 -28
654 244 -8
654 1045 -19
654 655 28
626 217 13
626 1018 28
626 627 -8
626 598 -8
682 710 -19
682 683 19
682 1072 13
682 270 -19
244 243 8
244 246 28
244 242 19
244 1015 -28
1045 1043 -28
1045 1044 19
1045 1046 -19
655 653 -28
655 657 8
655 1042 13
655 241 19
463 61 28
463 857 -28
463 464 -28
463 435 28
463 491 19
61 63 -19
61 59 -28
61 826 -8
61 60 -19
857 87 19
857 855 13
857 856 -19
464 466 -8
464 854 8
464 462 -28
464 58 28
435 436 -8
435 407 -28
435 829 19
435 35 -28
491 492 28
491 519 19
491 88 -19
727 729 19
727 725 19
727 1113 28
727 726 -13
727 309 -13
729 311 -13
729 1115 -13
729 731 28
729 728 -8
725 724 -19
1113 1141 8
1113 1085 -28
726 312 28
726 698 -13
726 754 8
726 1116 13
309 1086 -19
217 215 28
217 219 -8
217 216 8
215 986 -19
215 624 28
219 990 8
219 628 19
219 218 -8
219 221 -28
216 189 -28
216 243 -28
216 629 13
692 1082 8
692 693 -13
1082 1081 13
1082 1080 13
693 695 13
693 691 13
693 277 19
312 314 8
312 311 8
312 1085 -28
314 313 28
314 1087 8
314 728 28
311 284 -19
311 1088 -13
1085 699 -28
1085 1086 19
465 466 13
465 63 13
465 437 19
466 60 -19
466 856 -13
63 62 8
63 828 -8
437 438 19
437 37 8
437 409 19
437 831 8
410 408 -19
410 800 -13
410 412 13
410 7 -13
410 409 28
408 407 -19
408 406 13
408 798 -8
408 5 -28
800 37 8
800 772 19
800 828 -8
800 801 28
412 414 -8
412 802 -13
412 9 13
7 34 13
7 8 8
7 773 -13
409 381 -28
409 10 -8
409 803 28
278 695 -28
278 1054 -28
695 694 28
695 1081 -8
1054 1056 8
1054 1053 8
502 504 -13
502 500 13
502 95 -13
894 893 -8
894 896 -19
894 892 28
694 666 8
694 281 19
666 638 8
666 256 13
666 1056 -8
281 283 13
281 1053 -19
281 280 -28
285 698 8
285 284 8
285 287 8
285 283 8
1058 1060 19
1058 1056 -13
1058 668 -8
358 356 -19
358 357 19
358 360 28
356 1131 -19
357 330 28
360 359 -19
360 1135 -28
360 362 -13
97 504 -8
504 893 -13
504 506 13
504 503 19
513 541 19
513 109 8
513 514 8
513 485 13
541 568 8
541 136 -28
541 542 -28
109 876 19
109 111 -19
109 108 -8
514 107 -19
514 903 -19
485 486 28
485 457 -19
485 82 19
613 201 13
613 1002 8
613 611 19
613 612 13
201 228 19
201 202 8
201 975 13
1002 1029 -28
1002 974 -8
1002 1003 13
1002 231 -28
611 1000 19
611 609 8
611 610 -8
612 584 -19
612 204 -28
612 640 13
1043 268 -19
1043 652 -19
1043 1041 -13
1043 1042 -19
268 683 -8
268 293 -28
268 241 13
652 653 19
652 242 -8
652 624 28
652 680 -19
1041 267 19
1041 1040 19
1042 270 19
1042 1069 19
1042 1015 28
743 741 8
743 742 -13
743 324 -19
743 745 8
743 1129 8
741 739 -8
741 322 28
741 740 19
742 714 13
742 327 -19
324 297 28
324 1102 -8
745 326 13
745 1131 19
745 747 8
1129 1101 19
1140 1142 -8
1140 1138 13
1140 750 19
1142 1141 13
1142 363 8
1142 1144 -13
1138 359 19
1138 1137 28
1138 748 -8
297 715 -28
297 298 -28
297 271 28
297 1074 -28
1102 712 -8
1102 1104 8
1102 1101 -19
567 565 -8
567 956 13
567 159 28
1105 1077 8
1105 331 19
1105 1106 19
1077 691 19
1077 1078 -8
1077 1049 -8
331 330 -28
331 333 8
331 746 -28
331 329 -13
1106 1108 -28
1106 1104 13
1106 716 -8
1106 328 28
648 239 19
648 649 -13
648 620 13
648 1039 -19
648 676 19
239 238 -28
239 237 28
649 651 -19
649 236 -19
649 1037 -28
620 212 -8
620 1012 -13
620 592 -8
1039 265 -8
1039 1038 19
676 1066 13
676 266 -28
676 677 -8
1108 718 28
1108 330 8
718 690 28
718 746 13
330 749 -19
661 660 28
661 1047 -19
661 659 -28
661 247 -28
660 250 -19
660 688 -13
660 1050 -8
660 632 -8
1047 1048 -28
1047 1021 -28
1047 1075 13
1047 276 -13
659 245 -28
659 658 -28
659 657 8
247 1022 8
247 273 8
247 248 -19
238 265 8
238 1012 -13
238 651 13
265 679 13
265 266 28
1012 1010 -8
651 650 -13
907 140 19
907 518 28
910 139 19
910 909 13
470 472 -8
470 860 -8
441 835 28
441 413 -28
441 41 19
863 93 13
863 862 13
497 94 28
497 525 -8
497 890 -8
472 862 -28
472 471 28
862 96 -19
862 834 -28
862 889 19
471 443 19
471 499 13
931 542 19
931 958 13
931 163 -13
931 903 -13
958 986 13
958 959 8
958 188 13
163 568 19
163 162 19
903 904 8
903 136 -19
903 876 13
698 1088 -13
698 699 28
1088 1087 13
1088 1086 -8
699 701 -19
189 963 28
189 190 19
189 601 28
963 961 13
963 965 -13
190 598 13
190 192 19
190 188 -13
190 960 -13
601 603 -8
601 990 13
601 599 -8
601 600 28
318 317 19
318 732 -8
317 735 -19
317 344 13
317 1094 -13
732 760 -28
732 1122 19
732 733 -13
416 13 8
416 414 -8
416 806 -19
416 418 19
416 415 -8
13 40 -13
13 779 28
13 14 -13
414 804 19
414 413 -28
806 43 -13
806 778 19
806 834 19
806 807 28
418 808 -13
418 15 -13
415 16 8
415 387 -8
415 809 -13
415 443 -19
701 700 -28
701 284 8
701 1087 -28
700 287 13
700 728 -28
700 672 -8
284 1060 8
1087 1059 -8
1087 1115 -28
535 928 8
535 536 13
535 563 -19
535 131 19
535 507 28
928 157 -19
928 927 -8
928 926 19
928 930 -13
536 925 -13
536 128 -28
536 538 8
536 534 8
563 158 -13
563 590 -19
563 955 28
131 129 8
131 897 -19
131 130 28
131 133 19
507 900 -8
507 508 -8
507 104 19
507 479 -13
1060 1059 -28
1060 1062 -19
710 711 8
710 296 -19
711 293 8
711 1097 19
711 709 -13
296 1069 19
296 298 -19
296 295 8
296 294 -19
783 781 19
783 389 13
16 15 -8
16 14 -13
16 778 -8
15 781 -8
15 42 19
14 413 -13
14 12 -28
14 776 -8
778 388 8
778 779 13
1037 1038 28
1037 266 -13
677 679 28
677 675 -8
287 1059 -28
287 286 28
286 261 28
286 1062 28
286 313 28
520 112 -8
520 518 -19
520 519 -13
520 909 -19
112 85 13
112 113 28
112 139 -28
519 115 28
519 547 -28
909 937 28
909 142 -19
909 881 13
85 492 8
85 855 8
85 58 -8
113 115 13
113 111 28
139 140 19
139 548 -13
787 393 19
787 789 -28
787 21 19
787 786 13
784 812 13
784 394 13
1066 1065 -19
1065 1093 -28
1065 679 8
619 207 -13
619 618 -13
619 617 19
207 981 -13
207 234 -19
207 208 19
207 180 -13
618 590 -19
618 210 -28
618 1010 13
618 646 19
617 1006 28
617 616 8
94 93 13
94 96 -28
94 860 8
93 500 13
96 499 -8
96 95 -13
860 887 -19
749 747 13
749 1135 8
749 748 -19
114 141 -8
114 87 -13
114 115 -28
141 550 -13
141 142 -13
87 494 -19
87 88 -28
87 60 -28
115 881 13
62 831 8
62 36 -19
828 438 28
828 829 -28
828 856 -19
158 156 -19
158 160 -13
158 157 19
158 925 -13
156 561 -8
156 155 -13
156 154 19
156 923 8
160 927 -19
160 564 -8
160 159 28
157 565 -19
157 182 19
157 130 -19
925 926 -8
925 897 -19
1053 1027 -13
1053 1081 -28
393 394 19
393 421 -8
394 396 -8
421 422 -19
421 815 -13
421 449 -28
835 834 19
834 444 13
1123 1095 -8
1123 348 -28
1123 1124 -28
1095 1096 -28
1095 1067 19
1095 709 -8
348 347 -8
1124 346 -19
568 961 -19
961 959 28
961 187 -13
961 960 13
162 135 19
162 187 13
135 136 -13
135 108 28
187 599 28
187 188 13
868 869 -28
868 840 8
868 895 13
868 102 28
477 449 -19
477 505 -13
477 871 -13
937 548 8
548 550 -19
548 547 13
881 492 19
881 854 28
717 1103 28
717 299 -8
717 716 -19
717 715 13
1103 1131 13
1103 1104 -13
1103 329 8
1103 1075 -8
299 1076 8
299 326 19
299 300 -28
299 273 28
716 302 -19
716 688 -13
715 714 19
715 1101 8
422 812 -19
422 424 -8
812 840 19
812 49 -28
812 813 19
424 21 19
424 814 -19
424 423 -28
46 813 -13
46 450 -13
789 23 -28
789 395 -8
23 50 28
23 24 -13
395 396 -13
395 423 -28
40 807 -8
40 444 19
40 41 -8
807 413 -19
807 809 -28
444 443 28
41 43 -28
41 804 13
981 979 28
981 588 13
981 983 -8
981 980 13
979 977 -28
979 586 -19
979 978 -13
588 616 -8
588 561 -28
588 589 -8
588 181 -19
983 590 -8
983 985 -19
983 982 19
983 209 -13
980 210 -13
980 952 -19
980 591 19
21 48 19
24 786 8
24 26 28
24 423 -13
650 678 19
145 554 8
145 146 19
145 916 -13
301 328 28
301 302 -8
301 275 -8
301 1078 -8
328 329 8
328 747 13
302 1075 -19
302 300 8
275 249 -8
275 691 -8
275 1050 8
275 276 8
1078 1076 28
1078 688 8
1078 1080 13
250 249 -13
250 252 -19
250 248 -19
250 1021 13
249 1024 -28
249 222 -13
252 662 19
252 1023 -13
252 254 -19
248 658 8
248 1019 -19
248 246 13
1021 633 19
1021 994 -28
1021 1022 -28
25 52 -28
25 26 -13
25 428 -8
790 818 -8
790 400 19
1026 1024 -19
1026 634 19
1030 638 -28
1030 1029 8
1030 255 -19
1027 256 8
1027 1000 8
363 364 19
1145 370 -8
1145 1146 -28
1145 759 -19
370 369 -8
370 368 -13
370 372 13
1146 367 -28
1146 756 19
1146 1148 -19
1146 1144 28
759 758 8
759 761 13
759 340 28
759 757 13
590 183 8
590 591 -19
183 952 13
183 182 -8
183 181 19
183 185 13
591 180 13
591 593 28
591 589 28
68 95 13
68 42 8
347 320 -28
320 1098 19
320 739 8
320 293 28
740 712 -19
675 674 13
675 261 -13
672 262 -13
672 1062 8
843 74 19
843 449 -13
843 842 -8
843 845 -13
840 450 -28
390 389 -19
390 388 -28
390 780 -13
388 386 28
388 387 -19
780 781 -8
780 808 13
547 142 28
602 603 28
602 630 -13
602 995 8
638 229 -8
638 610 -13
229 1000 13
229 228 -28
229 231 -8
610 582 28
610 202 8
610 1003 -19
1076 686 8
1076 1075 8
1076 1074 -28
686 658 -19
686 714 13
686 274 8
686 687 -8
1075 689 19
1074 1073 19
1074 1072 -19
1074 684 28
890 889 -13
890 892 -13
887 915 8
210 209 -19
210 208 -13
210 212 -13
209 236 -13
209 182 19
208 206 19
208 616 8
208 978 -28
212 982 -28
1006 978 8
1006 235 -28
978 589 -8
235 234 -13
235 237 -8
438 436 -8
438 34 -19
436 434 8
436 32 19
436 826 19
34 60 19
34 35 -8
34 801 8
1109 1137 -8
1109 1081 13
332 359 -19
332 333 28
37 35 -8
37 36 28
35 33 8
35 798 -8
36 9 -28
36 803 -28
256 254 8
256 255 -19
255 228 -19
255 280 8
369 1148 13
369 342 -8
1148 1147 8
1148 758 -8
1148 1150 -8
342 343 -13
342 1120 -28
342 761 8
405 377 -8
405 406 13
405 799 -13
405 433 28
405 6 -19
377 378 -8
377 771 -8
406 3 28
406 796 -8
799 32 -8
799 801 -8
799 798 28
799 797 -13
433 434 8
433 33 19
433 827 -13
6 8 19
6 5 -28
6 4 13
6 768 8
488 81 8
488 486 -28
81 108 -13
81 55 -13
81 82 13
81 851 8
486 876 -8
486 80 -8
353 326 -13
746 747 -13
77 79 -8
77 479 -19
77 842 13
74 48 28
74 101 -28
855 854 -13
855 853 28
856 90 8
739 1125 -28
323 322 -28
323 1097 -8
847 453 13
847 78 -28
847 846 -28
847 845 13
453 454 -13
78 52 -28
78 105 19
78 79 -13
846 456 19
846 874 19
846 818 -13
845 451 8
396 786 19
786 814 28
616 1009 8
1080 690 -8
234 261 -19
234 1009 28
261 262 -19
1009 1010 19
656 657 -13
656 628 -8
656 246 19
656 684 -19
656 1046 28
657 243 -19
657 1044 -13
628 1020 28
628 600 8
628 629 -13
246 245 -28
246 1017 8
684 712 -19
684 685 -28
684 272 -19
1046 271 -13
1046 1048 -28
984 985 -8
984 956 13
443 43 13
1115 1143 -13
1115 1116 -28
1115 341 8
731 730 -28
731 313 13
731 733 13
728 756 -13
728 1118 -19
381 382 28
381 775 -28
10 9 8
10 8 13
10 772 -8
10 12 -28
803 802 -19
803 801 8
43 42 8
42 809 -28
313 340 -19
802 774 -8
9 775 -13
775 773 13
775 777 28
775 774 8
262 260 28
815 814 28
815 48 -28
815 813 -19
814 51 13
814 842 28
48 452 19
48 49 -19
512 105 -19
512 510 19
512 901 8
105 106 -13
105 132 -8
105 875 8
510 508 -13
510 899 8
510 509 19
510 103 8
901 929 -28
901 874 -8
901 902 -13
779 781 28
779 385 -19
779 777 -13
584 977 -28
584 177 28
584 585 19
584 557 13
204 206 -13
204 202 13
204 974 8
204 203 -28
640 641 8
640 231 8
640 668 -13
781 387 28
90 88 -28
88 854 19
586 559 -19
586 179 -28
586 587 13
560 558 -28
560 949 -13
560 559 -28
560 151 28
560 562 19
558 557 -19
558 149 -13
949 921 8
949 179 -13
559 531 -28
559 951 8
559 154 -28
151 176 -8
151 922 -8
151 152 28
562 561 -13
562 153 19
333 748 28
688 689 19
688 276 8
1050 1049 -28
1050 1048 8
632 1024 28
632 633 -8
632 223 8
632 604 -19
1086 696 28
662 690 -19
662 634 -13
690 691 -13
634 635 -13
634 606 -8
634 225 19
499 527 13
499 892 -8
499 500 8
876 848 8
848 849 -13
848 458 13
848 820 13
848 82 -13
1010 236 8
808 809 19
850 460 19
850 84 -28
850 851 8
977 203 -28
977 975 -19
203 176 13
975 973 8
975 582 19
975 974 -28
712 298 -19
298 300 -8
1093 1121 -8
1093 1094 8
679 678 8
646 674 -19
646 1038 -8
646 237 28
27 793 28
27 54 13
27 430 28
27 0 19
793 792 -19
54 80 13
54 458 -28
54 821 -8
430 429 -13
430 820 -8
430 432 -19
0 402 8
0 765 -13
271 245 13
271 272 28
271 687 -8
95 122 13
955 957 -13
955 182 -28
955 954 -13
955 953 13
1024 1023 13
1024 1022 8
1023 1049 -13
1023 996 -19
1023 635 28
1022 1020 -8
1022 630 -8
245 1020 13
245 218 -13
1020 1019 13
1020 1018 -19
218 631 28
218 191 28
218 993 -13
869 871 8
869 99 13
871 870 19
871 101 -8
871 873 8
99 506 -8
99 126 19
99 100 -13
831 829 -28
565 954 13
565 564 -19
954 927 -13
954 982 13
954 185 -13
564 957 13
564 537 -13
564 592 28
182 593 -8
130 103 8
130 900 -19
130 538 -28
927 538 8
927 899 -28
159 132 -13
159 184 -8
159 930 -13
668 696 19
1125 1097 -19
1097 1098 -13
1097 1069 8
386 385 8
386 776 28
386 384 13
385 413 19
776 804 -28
776 777 13
384 383 -13
384 774 -8
384 382 -28
1072 295 -13
1072 1070 13
685 683 8
685 269 8
685 687 -28
1044 1017 8
1044 272 -28
952 953 -13
434 30 13
434 432 13
434 824 13
30 3 8
30 797 19
432 28 -8
432 431 28
824 852 -13
824 825 -13
824 59 -13
824 796 -13
985 592 -13
982 593 -13
283 696 -19
696 724 13
33 796 -8
33 32 -8
796 768 -8
796 797 -28
32 5 -13
32 58 -28
222 635 -8
222 195 19
222 997 19
222 223 -19
818 819 8
818 428 8
400 399 8
826 854 -28
826 827 -28
826 798 -13
763 761 -28
763 344 -8
763 1149 19
763 762 -28
761 1147 28
761 760 -13
344 371 28
344 345 -13
344 1122 28
1149 1150 13
1149 1121 -8
762 734 -13
1000 972 8
1029 641 19
1147 372 -19
1147 1119 13
372 371 -13
1119 1120 -13
1119 345 13
1119 733 13
450 452 -19
450 449 -28
322 295 19
80 849 8
80 107 28
849 851 13
852 462 -13
852 853 28
462 460 -8
853 459 -19
853 83 -19
853 851 -19
691 689 19
236 237 -13
633 635 -19
633 631 -19
631 1019 19
631 630 -28
631 629 8
132 133 -19
132 902 13
929 956 8
929 930 -8
538 537 -28
371 1150 -19
1150 760 -28
407 8 -13
407 801 28
407 379 13
8 770 -19
379 773 -8
379 380 19
83 84 -19
492 494 -13
683 681 -8
683 1069 28
681 267 -8
681 680 8
1069 1070 13
28 1 -28
28 55 -13
28 29 13
797 403 28
401 429 -19
401 402 -28
401 2 28
401 373 -13
58 59 -8
58 827 28
957 956 28
957 184 -8
184 185 -13
921 532 -8
921 893 -8
921 154 -8
921 922 -8
532 531 -8
532 530 13
532 534 -19
154 153 19
154 152 28
922 920 -13
922 924 19
224 197 -13
224 999 8
224 225 -19
658 630 19
658 1048 28
630 221 19
1048 273 -8
225 996 19
225 223 -8
998 609 13
998 970 -13
998 999 19
1096 319 8
1096 1098 13
319 346 -8
319 292 -28
375 376 8
375 403 28
375 769 -13
376 378 8
376 374 8
403 431 -13
403 4 -28
769 768 -28
769 771 13
769 767 -28
769 3 -13
1003 228 13
12 774 8
383 777 -19
483 455 -19
460 458 28
460 55 8
460 459 28
458 457 -19
55 823 -8
55 56 -28
459 57 -28
459 431 -8
423 451 -28
50 454 19
50 51 8
819 52 -8
689 273 28
689 687 19
273 274 -19
687 1073 28
593 592 13
531 503 -19
531 924 -8
951 178 -13
951 953 -19
561 533 19
561 953 -8
153 924 -13
153 126 -19
153 178 -13
1056 280 -28
1019 992 -19
992 603 -8
992 993 -8
992 221 -13
924 926 -13
924 923 8
126 534 -13
126 896 -28
178 589 28
178 179 -19
292 1068 -19
292 709 13
292 267 -28
1092 702 -28
1092 1094 13
899 900 -13
899 133 28
1104 714 13
1104 326 13
1101 327 28
1101 1073 19
653 240 -13
653 1040 -19
241 242 -8
241 1016 -13
382 380 -28
382 772 19
1067 294 8
1067 1040 8
1067 1068 19
294 293 -19
1040 1013 28
1068 1070 13
587 176 28
587 585 8
587 589 -28
60 829 -19
429 29 13
429 823 13
429 457 -19
29 792 19
823 825 -28
823 821 19
457 851 28
457 56 19
714 300 19
300 1073 8
557 152 13
530 919 -28
530 528 -8
530 122 13
592 185 28
1 2 13
1 767 8
758 730 13
758 343 -19
340 1118 -28
340 367 -13
340 341 -28
757 756 19
757 1143 -13
757 338 19
326 327 19
996 607 13
996 997 19
100 503 -19
100 102 13
537 509 -13
537 930 -13
537 133 -8
772 773 19
327 329 28
820 792 -19
820 821 -19
820 56 28
82 84 -8
829 827 28
827 825 13
451 51 -13
451 479 -8
451 452 -8
51 49 -13
479 873 8
452 842 -19
452 454 13
5 771 8
180 155 28
180 953 -13
180 181 19
128 155 -8
128 129 -13
128 898 -19
128 101 28
534 533 28
534 923 -13
994 223 19
994 966 8
994 995 -8
223 221 13
966 196 28
995 993 -28
995 997 -28
293 1070 -13
129 533 19
129 895 8
897 508 -8
897 870 -19
897 898 13
295 269 -28
177 176 -8
177 175 8
177 179 -19
585 974 19
585 583 8
604 196 13
604 576 -13
604 997 -13
545 140 8
195 196 19
195 969 28
195 607 8
997 999 -13
972 973 -19
972 202 -19
972 583 13
972 945 -19
270 269 13
270 272 -28
269 243 28
243 1018 13
49 449 -28
367 368 19
756 341 -19
1144 754 8
1144 365 -13
1144 1143 8
276 274 8
603 191 19
191 192 28
191 965 -28
152 150 8
152 919 -13
641 228 -13
378 768 28
378 380 13
771 770 8
771 773 -28
57 59 13
57 56 19
431 825 13
368 1143 19
368 366 -28
3 4 19
525 553 -28
553 580 19
553 554 19
4 2 8
533 926 19
533 505 -19
1018 1017 13
1018 1016 28
155 926 -13
609 607 13
609 197 8
607 606 13
197 198 8
197 971 13
990 1017 28
1017 629 8
730 702 19
730 1120 -8
343 345 19
343 341 -13
503 896 8
760 345 -13
1016 1014 13
1016 624 8
1016 1015 -8
678 706 13
580 973 8
973 971 28
179 181 8
600 192 19
600 993 -28
629 627 8
200 202 19
200 198 -19
200 970 19
198 196 -19
198 606 -28
970 971 -13
970 943 -28
103 104 -19
103 873 19
900 898 -8
900 902 -19
509 902 -13
509 106 28
1141 366 -8
366 365 -19
366 364 -8
898 896 -13
898 505 8
606 999 -28
1070 680 -8
734 735 13
734 706 -28
735 733 28
735 1121 -13
272 274 28
402 792 28
792 764 28
365 338 19
338 1116 -13
770 380 -13
770 798 -28
550 552 -28
552 554 -28
552 551 19
240 1014 -28
240 213 8
240 267 8
527 920 -13
527 528 19
920 919 -8
920 149 28
528 917 13
969 576 28
969 971 -13
508 506 8
508 101 -19
506 895 28
506 505 28
101 102 13
1014 1013 -19
1013 242 -13
1013 986 8
1013 625 13
945 917 13
945 175 -28
554 943 8
674 702 19
150 149 13
150 917 -19
149 122 -8
917 889 -8
923 895 19
374 764 19
374 373 8
505 102 13
1137 362 8
362 364 8
582 175 28
582 583 19
1118 1116 13
1118 1120 -19
1120 1122 -19
895 896 28
122 892 19
764 765 8
764 2 28
765 767 -8
842 870 19
454 456 -28
874 875 -13
373 767 19
1121 1122 -8
870 104 28
104 106 28
104 102 -19
521 914 13
551 146 -13
914 916 28
624 625 19
889 500 -19
873 875 8
986 597 -8
625 627 28
625 213 8
1015 627 28
915 943 19
915 916 -28
399 427 -19
427 428 -13
427 455 -8
598 599 -19
140 142 -8
456 455 -8
456 52 19
599 597 -19
