1112 1111 8
1112 334 -8
1112 1110 -28
1112 1114 13
1112 722 -28
1111 337 8
1111 1083 -19
1111 1139 -8
1111 725 19
334 753 -19
334 361 -8
334 307 28
334 335 -19
1110 1108 8
1110 332 28
1110 720 -19
1110 1109 13
1114 336 13
1114 724 8
1114 1116 19
1114 1113 13
722 694 8
722 723 -8
722 308 -28
722 750 19
147 918 -8
147 172 19
147 556 8
147 148 8
147 120 13
918 525 -19
918 917 -13
918 920 -13
918 916 19
172 199 28
172 173 8
172 583 -28
172 946 -28
556 558 -28
556 555 8
556 945 -8
556 554 -8
148 150 -19
148 553 -19
148 146 -28
148 915 28
120 121 -19
120 528 19
120 890 28
120 93 19
665 251 -8
665 663 28
665 664 -13
665 667 -8
665 1051 -13
251 252 19
251 224 -19
251 1026 28
251 277 19
663 661 19
663 662 13
663 249 19
663 1049 -13
664 636 -19
664 692 8
664 1054 13
664 254 -19
667 253 8
667 669 8
667 1053 28
667 666 13
1051 279 8
1051 1025 -13
1051 1079 -19
1051 1052 19
391 392 -19
391 419 -28
391 785 28
392 782 -28
392 390 -28
392 394 28
419 20 -13
419 813 -13
419 447 -28
419 420 8
785 783 -28
785 19 -19
785 787 -28
785 784 28
473 445 -28
473 867 19
473 474 19
473 501 -8
473 71 19
445 839 -19
445 417 -19
445 446 -13
445 45 13
867 97 19
867 869 -13
867 865 19
867 866 -19
474 476 -19
474 864 13
474 472 -28
474 68 -13
501 502 -19
501 894 8
501 529 -19
501 98 -19
71 73 -8
71 69 8
71 836 -8
71 70 13
936 543 -8
936 934 -19
936 935 -8
936 938 28
543 570 -13
543 515 -19
543 544 -8
543 138 28
934 162 28
934 933 8
934 932 28
934 541 -8
935 166 -13
935 546 28
935 907 -8
935 962 28
938 937 -28
938 165 -13
938 940 13
938 545 -8
161 134 -28
161 569 13
161 932 -19
161 186 13
134 904 13
134 107 13
134 542 -8
569 568 -28
569 958 19
569 571 8
932 931 19
186 213 -19
186 597 8
186 959 19
476 70 -28
476 866 -13
476 475 8
476 478 19
70 839 28
70 44 -19
866 838 13
866 893 19
866 100 28
475 73 19
475 869 -13
475 447 8
475 503 28
478 868 -8
478 477 -8
478 72 13
478 480 13
439 39 -28
439 833 19
439 467 13
439 440 -28
439 411 -13
39 38 -28
39 37 28
39 41 28
39 802 -19
833 835 8
833 64 8
833 832 8
833 831 -8
467 495 19
467 861 -13
467 468 -8
467 65 -13
440 438 28
440 830 -28
440 36 28
440 442 8
411 412 -8
411 12 -8
411 383 19
411 805 28
880 878 -19
880 110 13
880 879 13
880 882 -28
880 487 8
878 877 -19
878 485 -8
878 108 8
110 137 -8
110 83 -13
110 111 19
110 518 28
879 852 19
879 490 8
879 907 19
879 113 13
882 489 13
882 112 -13
882 881 -19
882 884 19
487 488 -13
487 459 8
487 515 8
487 84 -19
193 605 -19
193 220 8
193 194 -13
193 967 13
193 167 -19
605 994 8
605 603 -13
605 604 8
605 607 28
220 633 -8
220 247 8
220 995 -8
220 221 19
194 602 8
194 196 28
194 192 19
194 964 13
967 574 -28
967 969 13
967 965 19
967 966 28
167 577 -19
167 141 8
167 940 28
705 1091 -13
705 707 -19
705 704 13
705 703 -8
705 288 -19
1091 318 -19
1091 1063 -28
1091 1092 -19
1091 1119 8
707 290 -28
707 1093 13
707 706 -28
704 291 -8
704 676 -19
704 732 -8
704 1094 -28
703 1089 19
703 701 28
703 286 -19
703 702 -19
288 289 -8
288 315 -8
288 263 19
288 1064 13
539 566 8
539 511 8
539 540 13
566 594 -19
566 567 19
511 512 -8
511 483 -19
540 132 19
540 929 8
540 538 28
289 291 13
289 287 -19
289 702 8
289 1061 13
315 342 28
315 316 -19
315 733 13
315 1092 -13
263 1038 -28
263 236 -19
263 264 -8
263 677 28
1064 1063 19
1064 1066 8
1064 1062 8
1064 674 -19
38 805 28
38 11 8
38 442 -8
38 64 -28
805 804 28
805 807 8
805 803 -28
11 12 13
11 777 -19
11 414 -13
442 444 -28
442 832 8
442 441 28
64 91 -13
64 65 13
64 470 28
20 18 -13
20 782 -13
20 22 -8
20 19 -8
18 16 -8
18 417 13
18 780 -8
18 17 -19
782 810 -28
782 783 13
22 421 -8
22 21 -8
22 784 19
22 24 19
19 422 -19
19 46 19
291 290 -28
291 1063 -13
290 1066 28
290 265 13
290 317 -13
1063 1037 -8
1063 677 -8
257 1032 -13
257 671 -28
257 258 -19
257 230 -28
257 282 28
1032 1034 -13
1032 1030 -28
1032 640 13
1032 1031 13
671 673 -8
671 1057 -28
671 670 19
671 669 -8
258 256 8
258 668 -13
258 260 -8
258 1029 13
230 1005 28
230 643 -28
230 231 -28
230 203 -13
282 283 8
282 1058 -28
282 309 -13
282 699 19
524 526 28
524 523 -8
524 522 28
524 116 13
524 913 -28
526 118 13
526 525 28
526 528 -28
526 915 -8
523 119 28
523 495 13
523 551 13
523 916 -28
522 911 8
522 520 28
522 114 13
522 521 -28
116 886 8
116 89 -19
116 143 8
116 117 28
913 914 19
913 941 19
913 885 28
913 146 -28
886 884 -19
886 888 28
886 885 8
886 493 19
89 90 13
89 62 28
89 859 -19
89 496 13
143 552 13
143 914 -28
143 144 -19
143 168 -19
117 119 -19
117 115 -13
117 521 -19
117 883 -28
810 420 19
810 838 19
810 811 -28
810 47 -19
420 422 8
420 418 28
420 17 -8
838 839 -13
838 73 28
838 448 13
811 44 19
811 809 -13
811 417 -8
811 813 -19
47 45 13
47 447 19
47 46 8
47 49 19
1035 1061 -28
1035 1036 -8
1035 1008 -28
1035 264 -13
1035 647 19
1061 1089 -28
1061 1062 -19
1061 675 13
1036 1034 8
1036 644 -28
1036 1038 13
1036 261 -8
1008 619 13
1008 1009 -8
1008 980 8
1008 237 -19
264 262 19
264 674 19
264 266 -28
647 645 -13
647 234 -19
647 646 -8
647 649 -13
489 86 13
489 517 -28
489 490 8
489 461 8
86 852 -19
86 85 13
86 88 -8
86 84 -28
517 545 -13
517 518 13
517 910 -13
517 113 -8
490 488 -13
490 83 -8
490 492 -19
461 462 -8
461 59 -8
461 433 8
461 855 -19
623 621 8
623 622 -13
623 211 19
623 1011 13
621 619 -28
621 209 28
621 620 -28
622 594 -19
622 650 19
211 238 13
211 212 -19
211 985 -13
211 184 28
1011 1012 13
1011 984 -19
753 752 -19
753 1139 -28
753 751 -19
753 755 -8
752 337 -19
752 724 -8
752 1142 13
1139 1140 -19
1139 364 19
751 750 -28
751 1137 13
751 749 8
751 332 -8
755 336 19
755 754 -13
755 1141 -8
755 757 19
119 118 -28
119 885 13
119 121 -19
118 91 -28
118 145 13
118 888 19
885 858 -28
885 496 -19
121 525 13
121 887 -13
121 123 -19
361 1140 8
361 362 -13
307 308 -13
307 1084 -13
307 280 28
307 725 -28
335 337 28
335 750 -19
335 333 -13
335 1109 -13
337 336 -19
337 339 -28
336 363 -8
336 309 -19
339 754 19
339 338 -28
339 1113 -19
339 341 -13
794 31 19
794 795 19
794 822 28
794 404 13
794 766 8
31 33 -8
31 431 -13
31 30 8
31 29 19
795 28 28
795 793 -8
795 797 -19
795 401 -8
822 850 19
822 432 -28
822 57 -19
822 823 -19
404 406 19
404 402 -8
404 403 19
404 1 19
766 376 8
766 767 -19
766 4 -28
1128 349 -13
1128 1127 -19
1128 1130 13
1128 738 -13
1128 1126 -13
349 322 19
349 350 -13
1127 352 -19
1127 1099 -13
1127 741 -13
1130 351 8
1130 1132 -19
1130 1129 -28
1130 740 -8
738 710 -13
738 739 -19
738 323 8
1126 736 8
1126 347 -8
1126 1125 -19
1126 1124 -8
67 65 13
67 69 13
67 469 -13
67 66 -13
67 832 -28
65 63 19
65 830 -28
69 68 13
69 471 -19
69 834 -19
469 470 -13
469 441 28
469 863 28
469 497 -8
66 472 -13
66 835 -13
66 40 -8
66 93 -8
832 804 28
832 860 8
858 92 -13
858 830 -28
858 859 28
858 468 -28
92 495 -13
92 91 -8
92 94 8
92 90 13
830 802 -28
830 831 -8
859 465 -19
859 857 28
859 861 -13
468 62 19
468 466 19
468 470 28
573 571 -13
573 575 19
573 962 -28
573 572 -28
571 162 -19
571 570 -19
571 960 -8
575 574 -19
575 577 -19
575 964 -19
575 165 19
962 990 19
962 963 19
962 192 8
572 166 -28
572 545 19
572 965 -13
572 600 28
673 1059 8
673 675 -8
673 259 -19
673 672 -13
1057 285 19
1057 1031 -13
1057 1085 -13
1057 1058 8
670 642 -8
670 698 -19
670 1060 19
670 260 13
669 255 -28
669 1055 -19
669 668 19
397 425 -19
397 791 13
397 398 8
425 453 -28
425 426 19
425 26 -8
425 819 -13
791 789 8
791 25 13
791 790 13
398 396 -13
398 788 -13
398 400 -19
839 841 19
839 837 8
841 447 -13
841 72 28
841 843 -8
841 840 28
837 835 13
837 68 -8
837 836 13
837 443 -28
1083 310 19
1083 1084 -13
1083 1055 28
1083 697 28
310 312 13
310 308 19
310 724 28
310 309 -8
1084 694 -19
1084 1082 28
1084 1086 -13
1055 283 19
1055 1056 -8
1055 1029 -8
697 695 -8
697 280 19
697 699 -8
697 696 28
166 164 19
166 165 -19
164 933 13
164 163 19
164 570 19
165 191 -28
165 139 19
636 227 -28
636 1028 -8
636 637 -28
636 608 19
227 226 -28
227 229 28
227 225 -8
227 998 8
1028 253 19
1028 1026 -13
1028 1030 -8
1028 1027 8
637 639 13
637 1025 13
637 635 -28
637 224 -13
608 609 -19
608 580 -19
608 200 19
608 1001 -19
574 547 -19
574 602 -19
577 579 -13
577 966 19
577 576 8
964 937 -13
964 992 -13
964 965 -19
942 941 28
942 549 -8
942 940 28
942 944 8
942 168 -19
941 171 8
941 552 -13
941 968 -13
549 550 -19
549 144 -8
549 521 28
549 576 19
940 547 -8
940 939 19
944 551 -28
944 946 -13
944 170 -13
944 943 13
168 579 28
168 195 19
168 169 28
905 933 8
905 516 -28
905 877 19
905 138 8
905 906 13
933 544 -8
933 960 13
516 514 -28
516 108 -19
516 515 13
516 518 -19
877 488 -8
877 111 28
877 850 8
138 137 -8
138 136 -19
138 140 19
906 513 19
906 908 -8
906 904 19
906 135 -13
226 1001 13
226 199 19
226 639 28
226 253 19
1001 1000 8
1001 1003 13
1001 999 28
199 200 -8
199 611 8
199 973 28
639 638 -13
639 1027 -13
639 641 8
253 278 -8
253 254 -8
482 872 -19
482 480 19
482 76 8
482 484 -8
482 481 8
872 899 -19
872 873 -19
872 106 -28
872 844 19
480 870 28
480 74 -13
480 479 -8
76 50 28
76 103 28
76 77 28
76 845 13
484 78 -13
484 483 13
484 874 13
481 453 -19
481 509 19
481 79 28
481 875 -28
417 418 -13
417 389 -19
446 444 8
446 836 -28
446 448 -28
446 42 -13
45 44 13
45 43 -8
45 808 19
884 114 -28
884 883 -13
884 491 -28
888 495 -8
888 890 -13
888 887 19
493 465 -28
493 90 19
493 521 -8
493 494 8
1004 1031 -13
1004 615 19
1004 1005 -13
1004 233 28
1004 976 13
1031 260 -19
1031 643 -8
615 613 -8
615 614 19
615 617 -13
615 203 -19
1005 612 -13
1005 1007 -13
1005 1003 -13
233 642 -8
233 232 8
233 235 28
233 231 13
976 977 8
976 206 28
976 949 -28
976 587 19
721 720 19
721 1107 13
721 723 -8
721 303 13
721 719 -8
720 306 8
720 692 19
720 748 28
1107 1108 -28
1107 1135 -28
1107 1079 -13
1107 333 28
723 1109 -19
723 305 -13
723 725 8
303 330 -13
303 1080 28
303 304 -19
303 277 8
719 1105 -28
719 717 -8
719 301 28
719 718 -19
44 448 8
44 17 19
448 447 8
448 450 -19
17 783 -8
989 596 -8
989 987 8
989 991 13
989 988 19
989 214 19
596 568 13
596 624 19
596 597 13
596 188 -28
987 213 19
987 986 8
991 990 -13
991 598 8
991 993 19
991 216 -13
988 217 28
988 599 -28
988 1015 -13
988 960 8
214 241 -8
214 627 8
214 187 -28
214 215 -19
306 305 28
306 308 8
306 304 28
306 1079 -28
305 278 -13
305 1082 13
305 332 13
308 1081 28
304 718 -28
304 1077 -19
304 302 28
1079 1080 8
1079 693 -19
816 426 -28
816 817 19
816 53 -13
816 788 -8
816 844 28
426 424 19
426 428 -13
426 23 -8
817 815 -13
817 423 28
817 50 -13
817 819 19
53 453 13
53 52 8
53 51 8
788 789 28
788 26 28
844 845 -19
844 79 -19
844 454 19
495 496 28
496 494 -19
496 498 -19
279 692 -13
279 278 -19
279 281 8
1025 998 19
1025 254 28
1025 1026 19
1052 662 -28
1052 1050 -8
1052 1054 19
1052 277 -19
125 529 -19
125 124 -28
125 127 28
125 123 -19
125 891 -28
529 922 -8
529 557 13
529 530 13
124 97 -19
124 532 -19
124 894 -19
124 151 -13
127 531 -8
127 893 -8
127 129 13
127 126 13
123 527 8
123 889 28
123 122 28
891 864 -8
891 892 -19
891 502 28
891 919 8
594 595 -28
595 593 -13
595 984 19
595 184 8
352 350 -28
352 351 -13
352 354 -28
350 1125 28
350 348 28
351 324 -13
354 1129 8
354 356 -8
354 353 28
91 498 8
91 861 -8
498 497 28
498 887 -19
498 500 -13
861 863 -28
861 860 13
1134 1133 -28
1134 1136 -19
1134 1132 8
1134 744 19
1134 355 13
1133 358 28
1133 1105 8
1133 747 -28
1136 1135 -28
1136 357 -13
1136 1138 -8
1136 746 8
1132 1131 8
1132 742 19
1132 353 -13
744 716 19
744 329 -19
744 745 28
355 356 -28
355 328 -13
73 72 -8
73 75 -13
72 46 -8
72 99 -8
75 77 28
75 74 -28
75 840 -13
75 477 8
864 836 19
864 865 -13
864 98 -19
836 808 -13
865 863 -28
865 471 -13
865 95 28
98 97 8
98 96 -28
98 100 -8
579 581 -28
579 968 -8
579 578 28
581 580 -19
581 970 -19
581 170 13
581 583 -8
968 996 28
968 969 19
968 198 13
578 171 8
578 606 13
578 551 -19
578 971 -19
570 963 -8
570 598 28
515 908 -19
515 111 28
544 546 13
544 542 13
544 135 19
736 737 13
736 708 19
736 321 -8
737 1123 -19
737 739 19
737 319 -28
708 1098 28
708 294 19
708 680 19
708 709 13
321 1095 -28
321 323 -13
321 320 -8
1099 1071 -28
1099 325 -13
1099 713 -13
1099 1100 -19
1071 298 -8
1071 1072 -19
1071 685 -13
1071 1044 -13
325 324 -13
325 327 19
325 323 -28
325 740 -28
713 712 8
713 711 8
713 295 8
713 715 28
1100 710 8
1100 1102 13
1100 1098 8
1100 322 8
1089 316 -19
1089 1117 13
1089 1090 19
316 318 -8
316 314 -13
316 730 -28
1117 1145 -13
1117 1118 13
1117 343 -28
1117 731 -13
1090 1088 -28
1090 700 28
1090 1092 8
1090 313 19
171 169 13
171 173 -19
171 170 28
169 939 8
169 576 8
173 580 28
173 943 -8
173 175 -28
170 145 -28
170 197 -8
642 1034 -28
642 643 13
642 614 13
1034 259 -28
1034 1033 -28
643 645 13
643 641 8
614 586 8
614 206 8
614 1007 13
137 908 13
137 546 13
908 907 8
908 910 -28
546 545 28
546 548 -8
948 555 13
948 950 -8
948 947 -8
948 174 8
948 946 19
555 527 -13
555 150 19
555 582 8
950 176 28
950 557 -19
950 949 8
950 951 -19
947 177 -19
947 558 19
947 919 -13
947 974 -8
174 585 13
174 149 -8
174 201 -8
174 175 19
946 945 28
946 553 -8
645 1033 -13
645 232 13
645 644 13
1033 1006 13
1033 262 13
1033 1059 -19
232 259 -8
232 1007 13
232 205 -28
644 235 -28
644 672 -28
644 616 19
911 883 -8
911 912 -19
911 939 13
911 144 13
883 494 28
883 856 -8
912 910 -13
912 519 19
912 914 -8
912 141 -28
939 550 8
939 966 13
144 146 13
144 142 19
259 284 -19
259 260 -13
1007 1006 8
1007 1009 28
205 206 -8
205 979 28
205 178 -13
205 617 28
654 626 -13
654 682 19
654 244 19
654 1045 8
654 655 -13
626 217 -8
626 1018 19
626 627 13
626 598 -28
682 710 19
682 683 19
682 1072 -28
682 270 13
244 243 28
244 246 13
244 242 19
244 1015 -8
1045 1043 8
1045 1044 -19
1045 1046 19
655 653 -8
655 657 13
655 1042 13
655 241 -13
463 61 13
463 857 -28
463 464 8
463 435 13
463 491 -8
61 63 13
61 59 -13
61 826 -19
61 60 13
857 87 28
857 855 -28
857 856 -28
464 466 28
464 854 -19
464 462 8
464 58 8
435 436 -13
435 407 -28
435 829 -13
435 35 -19
491 492 19
491 519 13
491 88 13
727 729 19
727 725 -19
727 1113 -19
727 726 -13
727 309 28
729 311 -13
729 1115 28
729 731 13
729 728 -8
725 724 -8
1113 1141 19
1113 1085 13
726 312 -8
726 698 19
726 754 19
726 1116 -8
309 1086 8
217 215 19
217 219 -28
217 216 -13
215 986 -8
215 624 -13
219 990 -28
219 628 28
219 218 28
219 221 -8
216 189 8
216 243 19
216 629 28
692 1082 -19
692 693 -13
1082 1081 -19
1082 1080 13
693 695 19
693 691 19
693 277 -19
312 314 28
312 311 -8
312 1085 19
314 313 -19
314 1087 13
314 728 -28
311 284 -8
311 1088 8
1085 699 -8
1085 1086 13
465 466 13
465 63 -28
465 437 13
466 60 -8
466 856 -19
63 62 -19
63 828 -13
437 438 19
437 37 -13
437 409 -13
437 831 28
410 408 8
410 800 28
410 412 28
410 7 -13
410 409 -8
408 407 8
408 406 13
408 798 13
408 5 -13
800 37 -8
800 772 8
800 828 19
800 801 -8
412 414 -28
412 802 28
412 9 -8
7 34 13
7 8 -13
7 773 19
409 381 19
409 10 -19
409 803 13
278 695 28
278 1054 13
695 694 -13
695 1081 -19
1054 1056 -19
1054 1053 -13
502 504 -8
502 500 -19
502 95 8
894 893 19
894 896 8
894 892 28
694 666 -28
694 281 -19
666 638 28
666 256 -19
666 1056 8
281 283 -28
281 1053 -19
281 280 19
285 698 -8
285 284 -19
285 287 -19
285 283 -28
1058 1060 19
1058 1056 -19
1058 668 8
358 356 -28
358 357 8
358 360 19
356 1131 13
357 330 -8
360 359 28
360 1135 13
360 362 -19
97 504 -8
504 893 19
504 506 13
504 503 8
513 541 -19
513 109 -19
513 514 -8
513 485 13
541 568 -19
541 136 13
541 542 8
109 876 -13
109 111 -28
109 108 -28
514 107 13
514 903 -19
485 486 28
485 457 -8
485 82 13
613 201 -28
613 1002 8
613 611 -8
613 612 -13
201 228 -8
201 202 -28
201 975 -28
1002 1029 -13
1002 974 8
1002 1003 -13
1002 231 -19
611 1000 28
611 609 -28
611 610 -19
612 584 28
612 204 -13
612 640 -8
1043 268 8
1043 652 -8
1043 1041 -8
1043 1042 -13
268 683 -8
268 293 -28
268 241 28
652 653 19
652 242 -8
652 624 -19
652 680 8
1041 267 -28
1041 1040 -19
1042 270 19
1042 1069 8
1042 1015 -19
743 741 -28
743 742 8
743 324 19
743 745 -28
743 1129 28
741 739 28
741 322 28
741 740 -28
742 714 -28
742 327 -19
324 297 8
324 1102 -8
745 326 -28
745 1131 13
745 747 -13
1129 1101 28
1140 1142 8
1140 1138 19
1140 750 -19
1142 1141 28
1142 363 -19
1142 1144 -13
1138 359 -13
1138 1137 8
1138 748 19
297 715 8
297 298 -28
297 271 28
297 1074 -8
1102 712 -8
1102 1104 19
1102 1101 -13
567 565 -19
567 956 -13
567 159 -19
1105 1077 8
1105 331 -28
1105 1106 8
1077 691 -19
1077 1078 -28
1077 1049 -28
331 330 13
331 333 -19
331 746 -8
331 329 -19
1106 1108 -13
1106 1104 -19
1106 716 -13
1106 328 28
648 239 -19
648 649 -8
648 620 -28
648 1039 -28
648 676 -28
239 238 13
239 237 13
649 651 19
649 236 -28
649 1037 13
620 212 8
620 1012 -8
620 592 13
1039 265 19
1039 1038 -28
676 1066 -28
676 266 -28
676 677 -13
1108 718 19
1108 330 -28
718 690 13
718 746 28
330 749 -13
661 660 -13
661 1047 8
661 659 13
661 247 -19
660 250 -19
660 688 -8
660 1050 -19
660 632 -13
1047 1048 19
1047 1021 8
1047 1075 -8
1047 276 8
659 245 -8
659 658 19
659 657 8
247 1022 -19
247 273 -19
247 248 -28
238 265 -19
238 1012 -13
238 651 -28
265 679 13
265 266 -13
1012 1010 8
651 650 28
907 140 -13
907 518 -8
910 139 -13
910 909 8
470 472 13
470 860 -13
441 835 28
441 413 -28
441 41 -28
863 93 -28
863 862 -13
497 94 13
497 525 8
497 890 19
472 862 -13
472 471 -28
862 96 -28
862 834 19
862 889 -8
471 443 -8
471 499 8
931 542 19
931 958 -19
931 163 8
931 903 19
958 986 13
958 959 8
958 188 19
163 568 28
163 162 8
903 904 -13
903 136 8
903 876 -28
698 1088 19
698 699 -19
1088 1087 13
1088 1086 8
699 701 8
189 963 8
189 190 -19
189 601 19
963 961 -13
963 965 13
190 598 13
190 192 8
190 188 -13
190 960 13
601 603 -13
601 990 -8
601 599 -8
601 600 -8
318 317 28
318 732 13
317 735 28
317 344 8
317 1094 -19
732 760 28
732 1122 -28
732 733 8
416 13 19
416 414 8
416 806 -8
416 418 19
416 415 -13
13 40 -13
13 779 8
13 14 -8
414 804 8
414 413 28
806 43 13
806 778 -13
806 834 -19
806 807 -19
418 808 -28
418 15 13
415 16 28
415 387 -13
415 809 -28
415 443 19
701 700 -28
701 284 -13
701 1087 19
700 287 -28
700 728 13
700 672 19
284 1060 13
1087 1059 -13
1087 1115 -8
535 928 -13
535 536 19
535 563 28
535 131 -28
535 507 -8
928 157 13
928 927 28
928 926 -19
928 930 -28
536 925 13
536 128 8
536 538 28
536 534 19
563 158 13
563 590 19
563 955 13
131 129 13
131 897 -13
131 130 13
131 133 -28
507 900 13
507 508 13
507 104 28
507 479 -28
1060 1059 28
1060 1062 -13
710 711 8
710 296 -19
711 293 -8
711 1097 19
711 709 8
296 1069 -13
296 298 28
296 295 8
296 294 8
783 781 -8
783 389 -8
16 15 -19
16 14 -28
16 778 -8
15 781 -19
15 42 -19
14 413 8
14 12 19
14 776 -13
778 388 -13
778 779 -8
1037 1038 -8
1037 266 -13
677 679 -28
677 675 19
287 1059 19
287 286 -13
286 261 -19
286 1062 19
286 313 19
520 112 -8
520 518 8
520 519 8
520 909 -19
112 85 8
112 113 13
112 139 28
519 115 -13
519 547 13
909 937 -28
909 142 -19
909 881 -19
85 492 -19
85 855 -28
85 58 8
113 115 -28
113 111 -28
139 140 13
139 548 28
787 393 19
787 789 -13
787 21 8
787 786 -19
784 812 28
784 394 8
1066 1065 13
1065 1093 -19
1065 679 19
619 207 19
619 618 19
619 617 -19
207 981 28
207 234 -28
207 208 8
207 180 -13
618 590 13
618 210 28
618 1010 19
618 646 8
617 1006 -28
617 616 8
94 93 -13
94 96 -28
94 860 -19
93 500 19
96 499 -28
96 95 -19
860 887 -28
749 747 28
749 1135 -13
749 748 -19
114 141 -8
114 87 28
114 115 -19
141 550 -19
141 142 13
87 494 -13
87 88 -8
87 60 -28
115 881 -28
62 831 13
62 36 -19
828 438 19
828 829 13
828 856 -8
158 156 13
158 160 -28
158 157 13
158 925 28
156 561 8
156 155 -28
156 154 19
156 923 19
160 927 -8
160 564 28
160 159 8
157 565 13
157 182 -8
157 130 -19
925 926 -13
925 897 -8
1053 1027 -8
1053 1081 28
393 394 19
393 421 -28
394 396 -8
421 422 -19
421 815 -19
421 449 -19
835 834 -19
834 444 19
1123 1095 8
1123 348 -13
1123 1124 -8
1095 1096 28
1095 1067 -8
1095 709 28
348 347 8
1124 346 19
568 961 19
961 959 8
961 187 -28
961 960 -19
162 135 -28
162 187 -13
135 136 -8
135 108 19
187 599 -8
187 188 -8
868 869 -8
868 840 -28
868 895 28
868 102 19
477 449 19
477 505 8
477 871 -13
937 548 -8
548 550 13
548 547 -8
881 492 -8
881 854 -28
717 1103 19
717 299 8
717 716 8
717 715 -28
1103 1131 8
1103 1104 8
1103 329 8
1103 1075 -13
299 1076 -8
299 326 -28
299 300 -13
299 273 -13
716 302 -8
716 688 -8
715 714 13
715 1101 -28
422 812 13
422 424 -28
812 840 19
812 49 -13
812 813 -28
424 21 19
424 814 -8
424 423 19
46 813 -13
46 450 19
789 23 28
789 395 -13
23 50 19
23 24 28
395 396 -13
395 423 -13
40 807 19
40 444 -8
40 41 -8
807 413 8
807 809 13
444 443 -28
41 43 -28
41 804 19
981 979 -8
981 588 8
981 983 13
981 980 -8
979 977 -28
979 586 13
979 978 13
588 616 28
588 561 -13
588 589 -13
588 181 13
983 590 -13
983 985 -8
983 982 13
983 209 8
980 210 28
980 952 -13
980 591 -28
21 48 8
24 786 13
24 26 8
24 423 -28
650 678 -19
145 554 -8
145 146 28
145 916 -8
301 328 -8
301 302 13
301 275 28
301 1078 -13
328 329 -28
328 747 13
302 1075 -13
302 300 13
275 249 8
275 691 -8
275 1050 -13
275 276 8
1078 1076 28
1078 688 19
1078 1080 -28
250 249 13
250 252 13
250 248 -8
250 1021 28
249 1024 8
249 222 -19
252 662 28
252 1023 -8
252 254 8
248 658 -28
248 1019 -13
248 246 8
1021 633 -28
1021 994 -13
1021 1022 13
25 52 -19
25 26 -8
25 428 8
790 818 19
790 400 13
1026 1024 13
1026 634 13
1030 638 -19
1030 1029 -19
1030 255 19
1027 256 28
1027 1000 -19
363 364 -19
1145 370 13
1145 1146 8
1145 759 28
370 369 -13
370 368 19
370 372 28
1146 367 -13
1146 756 -28
1146 1148 -28
1146 1144 -28
759 758 13
759 761 28
759 340 -8
759 757 28
590 183 8
590 591 8
183 952 -13
183 182 19
183 181 -13
183 185 13
591 180 13
591 593 28
591 589 -8
68 95 19
68 42 -28
347 320 19
320 1098 -8
320 739 -28
320 293 -28
740 712 28
675 674 28
675 261 -19
672 262 -8
672 1062 -28
843 74 -13
843 449 -13
843 842 19
843 845 13
840 450 -28
390 389 13
390 388 -28
390 780 -19
388 386 -13
388 387 -28
780 781 8
780 808 -13
547 142 -28
602 603 -28
602 630 8
602 995 19
638 229 28
638 610 8
229 1000 8
229 228 28
229 231 -19
610 582 19
610 202 19
610 1003 19
1076 686 8
1076 1075 8
1076 1074 19
686 658 -8
686 714 13
686 274 -13
686 687 13
1075 689 -13
1074 1073 19
1074 1072 19
1074 684 19
890 889 19
890 892 -28
887 915 -19
210 209 13
210 208 -8
210 212 28
209 236 19
209 182 28
208 206 -28
208 616 8
208 978 28
212 982 -13
1006 978 -19
1006 235 -19
978 589 13
235 234 19
235 237 28
438 436 13
438 34 28
436 434 -8
436 32 19
436 826 -8
34 60 -28
34 35 19
34 801 -19
1109 1137 -19
1109 1081 8
332 359 28
332 333 -13
37 35 -13
37 36 19
35 33 -8
35 798 -13
36 9 8
36 803 13
256 254 28
256 255 -19
255 228 -19
255 280 -28
369 1148 -8
369 342 13
1148 1147 -19
1148 758 -13
1148 1150 -19
342 343 -13
342 1120 8
342 761 -28
405 377 19
405 406 8
405 799 19
405 433 -19
405 6 -8
377 378 8
377 771 28
406 3 -8
406 796 -8
799 32 8
799 801 8
799 798 8
799 797 -13
433 434 19
433 33 -13
433 827 8
6 8 -8
6 5 19
6 4 -19
6 768 28
488 81 -8
488 486 -28
81 108 -19
81 55 28
81 82 -8
81 851 8
486 876 13
486 80 -19
353 326 -28
746 747 -28
77 79 -19
77 479 28
77 842 -8
74 48 8
74 101 -19
855 854 8
855 853 -13
856 90 19
739 1125 8
323 322 19
323 1097 8
847 453 -19
847 78 -8
847 846 8
847 845 28
453 454 -19
78 52 13
78 105 13
78 79 -13
846 456 8
846 874 28
846 818 19
845 451 28
396 786 19
786 814 -19
616 1009 8
1080 690 28
234 261 -19
234 1009 -13
261 262 -8
1009 1010 8
656 657 -8
656 628 28
656 246 13
656 684 8
656 1046 13
657 243 -19
657 1044 -19
628 1020 19
628 600 -28
628 629 -13
246 245 -8
246 1017 8
684 712 8
684 685 19
684 272 -8
1046 271 28
1046 1048 -13
984 985 19
984 956 19
443 43 -8
1115 1143 -28
1115 1116 -19
1115 341 -13
731 730 13
731 313 13
731 733 13
728 756 -28
728 1118 13
381 382 -19
381 775 19
10 9 -19
10 8 28
10 772 -13
10 12 19
803 802 19
803 801 -8
43 42 8
42 809 13
313 340 13
802 774 19
9 775 -13
775 773 13
775 777 28
775 774 28
262 260 -8
815 814 8
815 48 -8
815 813 19
814 51 28
814 842 -28
48 452 -8
48 49 -8
512 105 -28
512 510 13
512 901 -13
105 106 19
105 132 13
105 875 -19
510 508 8
510 899 -13
510 509 -28
510 103 -19
901 929 -28
901 874 -13
901 902 -8
779 781 13
779 385 -28
779 777 -8
584 977 13
584 177 13
584 585 13
584 557 19
204 206 13
204 202 -8
204 974 -8
204 203 8
640 641 19
640 231 -13
640 668 19
781 387 -28
90 88 19
88 854 -19
586 559 28
586 179 -8
586 587 13
560 558 -19
560 949 13
560 559 -28
560 151 13
560 562 -8
558 557 8
558 149 19
949 921 -8
949 179 -8
559 531 8
559 951 -13
559 154 -19
151 176 -13
151 922 28
151 152 28
562 561 -19
562 153 8
333 748 28
688 689 19
688 276 28
1050 1049 19
1050 1048 -19
632 1024 13
632 633 8
632 223 28
632 604 -8
1086 696 -28
662 690 28
662 634 8
690 691 8
634 635 19
634 606 -13
634 225 -28
499 527 -13
499 892 -8
499 500 -19
876 848 13
848 849 28
848 458 8
848 820 -28
848 82 8
1010 236 13
808 809 -19
850 460 -8
850 84 13
850 851 -19
977 203 19
977 975 -19
203 176 28
975 973 8
975 582 19
975 974 19
712 298 -19
298 300 -19
1093 1121 19
1093 1094 13
679 678 8
646 674 8
646 1038 -8
646 237 -13
27 793 8
27 54 19
27 430 19
27 0 13
793 792 -28
54 80 13
54 458 -28
54 821 8
430 429 19
430 820 13
430 432 -28
0 402 28
0 765 -28
271 245 -19
271 272 -19
271 687 -13
95 122 -28
955 957 8
955 182 -19
955 954 -28
955 953 -8
1024 1023 -28
1024 1022 19
1023 1049 -8
1023 996 8
1023 635 8
1022 1020 -13
1022 630 19
245 1020 -8
245 218 -13
1020 1019 13
1020 1018 13
218 631 19
218 191 -8
218 993 -8
869 871 -8
869 99 -13
871 870 28
871 101 19
871 873 -8
99 506 -8
99 126 -19
99 100 13
831 829 13
565 954 -28
565 564 8
954 927 19
954 982 8
954 185 -8
564 957 8
564 537 28
564 592 -13
182 593 28
130 103 -28
130 900 -13
130 538 -13
927 538 -28
927 899 13
159 132 -13
159 184 13
159 930 13
668 696 -13
1125 1097 -19
1097 1098 13
1097 1069 -28
386 385 28
386 776 -28
386 384 -8
385 413 -13
776 804 -8
776 777 13
384 383 19
384 774 -28
384 382 13
1072 295 -8
1072 1070 -13
685 683 -19
685 269 -19
685 687 -19
1044 1017 19
1044 272 8
952 953 8
434 30 13
434 432 -13
434 824 8
30 3 19
30 797 28
432 28 -13
432 431 28
824 852 -8
824 825 -19
824 59 -19
824 796 -13
985 592 -13
982 593 -19
283 696 -28
696 724 -19
33 796 13
33 32 28
796 768 -28
796 797 19
32 5 -28
32 58 -19
222 635 19
222 195 -19
222 997 19
222 223 8
818 819 -8
818 428 8
400 399 19
826 854 13
826 827 -28
826 798 8
763 761 -19
763 344 -13
763 1149 8
763 762 13
761 1147 -19
761 760 -13
344 371 -8
344 345 8
344 1122 19
1149 1150 -13
1149 1121 28
762 734 28
1000 972 -28
1029 641 8
1147 372 19
1147 1119 -8
372 371 8
1119 1120 28
1119 345 13
1119 733 -28
450 452 -13
450 449 -28
322 295 -13
80 849 19
80 107 -28
849 851 13
852 462 -19
852 853 -13
462 460 -19
853 459 8
853 83 19
853 851 19
691 689 -8
236 237 -28
633 635 -28
633 631 8
631 1019 -19
631 630 -19
631 629 -8
132 133 -19
132 902 13
929 956 8
929 930 -19
538 537 19
371 1150 -13
1150 760 -8
407 8 13
407 801 13
407 379 -28
8 770 -8
379 773 -19
379 380 13
83 84 -28
492 494 8
683 681 28
683 1069 28
681 267 -8
681 680 19
1069 1070 8
28 1 -19
28 55 28
28 29 -13
797 403 8
401 429 13
401 402 19
401 2 -19
401 373 -13
58 59 -28
58 827 28
957 956 19
957 184 -28
184 185 -13
921 532 8
921 893 -19
921 154 -19
921 922 -8
532 531 -19
532 530 -28
532 534 19
154 153 19
154 152 28
922 920 8
922 924 -8
224 197 19
224 999 -8
224 225 19
658 630 19
658 1048 28
630 221 13
1048 273 -8
225 996 -13
225 223 -28
998 609 8
998 970 8
998 999 -28
1096 319 13
1096 1098 -13
319 346 -19
319 292 -19
375 376 -13
375 403 28
375 769 -19
376 378 -13
376 374 8
403 431 13
403 4 -8
769 768 19
769 771 -19
769 767 -19
769 3 -8
1003 228 -13
12 774 -28
383 777 8
483 455 -28
460 458 19
460 55 19
460 459 8
458 457 28
55 823 8
55 56 13
459 57 19
459 431 28
423 451 -28
50 454 28
50 51 -8
819 52 -13
689 273 -8
689 687 -28
273 274 19
687 1073 -28
593 592 -19
531 503 -8
531 924 -13
951 178 -13
951 953 -13
561 533 -28
561 953 -28
153 924 19
153 126 -13
153 178 -13
1056 280 8
1019 992 8
992 603 -8
992 993 28
992 221 -19
924 926 -28
924 923 13
126 534 19
126 896 -8
178 589 -8
178 179 28
292 1068 28
292 709 -13
292 267 28
1092 702 13
1092 1094 -13
899 900 -8
899 133 -8
1104 714 -19
1104 326 8
1101 327 -28
1101 1073 8
653 240 19
653 1040 8
241 242 13
241 1016 -19
382 380 19
382 772 19
1067 294 13
1067 1040 13
1067 1068 -13
294 293 -8
1040 1013 -8
1068 1070 -28
587 176 -28
587 585 19
587 589 -13
60 829 -8
429 29 28
429 823 19
429 457 -19
29 792 8
823 825 -8
823 821 28
457 851 -28
457 56 -8
714 300 19
300 1073 8
557 152 -8
530 919 19
530 528 13
530 122 19
592 185 -19
1 2 28
1 767 -13
758 730 28
758 343 19
340 1118 -28
340 367 -19
340 341 -19
757 756 -13
757 1143 -8
757 338 19
326 327 -8
996 607 -13
996 997 8
100 503 13
100 102 -8
537 509 19
537 930 28
537 133 -13
772 773 13
327 329 -28
820 792 19
820 821 19
820 56 -8
82 84 -8
829 827 13
827 825 -8
451 51 13
451 479 19
451 452 28
51 49 13
479 873 -8
452 842 -8
452 454 28
5 771 -8
180 155 -8
180 953 -28
180 181 -28
128 155 8
128 129 -13
128 898 13
128 101 28
534 533 -8
534 923 -19
994 223 19
994 966 -19
994 995 19
223 221 19
966 196 13
995 993 19
995 997 -28
293 1070 -8
129 533 -13
129 895 -8
897 508 28
897 870 -13
897 898 19
295 269 -28
177 176 -19
177 175 -13
177 179 19
585 974 28
585 583 -19
604 196 -28
604 576 13
604 997 -8
545 140 8
195 196 -28
195 969 -28
195 607 13
997 999 28
972 973 -19
972 202 28
972 583 -28
972 945 8
270 269 19
270 272 8
269 243 -19
243 1018 -8
49 449 -8
367 368 -13
756 341 -13
1144 754 8
1144 365 -19
1144 1143 8
276 274 -8
603 191 -28
191 192 28
191 965 28
152 150 -8
152 919 28
641 228 -28
378 768 13
378 380 -8
771 770 -8
771 773 8
57 59 -19
57 56 -8
431 825 13
368 1143 -28
368 366 -8
3 4 8
525 553 -19
553 580 28
553 554 28
4 2 19
533 926 28
533 505 -8
1018 1017 8
1018 1016 28
155 926 8
609 607 -13
609 197 19
607 606 8
197 198 8
197 971 19
990 1017 -8
1017 629 8
730 702 -28
730 1120 28
343 345 -19
343 341 -19
503 896 8
760 345 -19
1016 1014 13
1016 624 19
1016 1015 8
678 706 8
580 973 28
973 971 -19
179 181 -19
600 192 -28
600 993 28
629 627 -28
200 202 19
200 198 13
200 970 -28
198 196 28
198 606 -28
970 971 -19
970 943 13
103 104 -28
103 873 -28
900 898 -28
900 902 -28
509 902 13
509 106 19
1141 366 -8
366 365 -28
366 364 28
898 896 8
898 505 19
606 999 28
1070 680 8
734 735 8
734 706 19
735 733 8
735 1121 -8
272 274 -13
402 792 19
792 764 8
365 338 8
338 1116 -8
770 380 -19
770 798 -8
550 552 19
552 554 13
552 551 28
240 1014 28
240 213 8
240 267 -28
527 920 13
527 528 -28
920 919 8
920 149 -13
528 917 -8
969 576 13
969 971 28
508 506 -8
508 101 -19
506 895 -19
506 505 28
101 102 13
1014 1013 8
1013 242 -8
1013 986 -13
1013 625 8
945 917 19
945 175 -19
554 943 -19
674 702 -8
150 149 28
150 917 -13
149 122 28
917 889 -28
923 895 -28
374 764 -13
374 373 -19
505 102 28
1137 362 -19
362 364 13
582 175 28
582 583 19
1118 1116 -8
1118 1120 -8
1120 1122 -13
895 896 -8
122 892 -13
764 765 28
764 2 8
765 767 -19
842 870 8
454 456 -19
874 875 -19
373 767 -28
1121 1122 -8
870 104 -13
104 106 8
104 102 -19
521 914 28
551 146 -8
914 916 19
624 625 19
889 500 13
873 875 8
986 597 13
625 627 -8
625 213 19
1015 627 -8
915 943 8
915 916 -28
399 427 28
427 428 19
427 455 -28
598 599 -13
140 142 19
456 455 -28
456 52 -19
599 597 -13
