1112 1111 13
1112 334 28
1112 1110 8
1112 1114 -19
1112 722 -8
1111 337 8
1111 1083 28
1111 1139 -28
1111 725 -8
334 753 -28
334 361 8
334 307 -19
334 335 -19
1110 1108 -8
1110 332 19
1110 720 -28
1110 1109 19
1114 336 19
1114 724 -13
1114 1116 19
1114 1113 -19
722 694 -13
722 723 19
722 308 -28
722 750 28
147 918 -28
147 172 8
147 556 8
147 148 -13
147 120 13
918 525 28
918 917 13
918 920 28
918 916 -8
172 199 -13
172 173 13
172 583 -28
172 946 -8
556 558 13
556 555 -19
556 945 28
556 554 -19
148 150 -19
148 553 19
148 146 -8
148 915 -13
120 121 8
120 528 -8
120 890 -13
120 93 -19
665 251 28
665 663 -13
665 664 19
665 667 28
665 1051 13
251 252 13
251 224 -28
251 1026 8
251 277 8
663 661 -28
663 662 8
663 249 -19
663 1049 -19
664 636 -19
664 692 13
664 1054 -13
664 254 13
667 253 -8
667 669 -8
667 1053 13
667 666 8
1051 279 -8
1051 1025 13
1051 1079 19
1051 1052 -19
391 392 -28
391 419 -28
391 785 8
392 782 28
392 390 -13
392 394 -13
419 20 8
419 813 -13
419 447 -13
419 420 -19
785 783 8
785 19 28
785 787 -8
785 784 -28
473 445 -28
473 867 -13
473 474 -28
473 501 -28
473 71 13
445 839 19
445 417 28
445 446 28
445 45 -8
867 97 -19
867 869 -19
867 865 8
867 866 8
474 476 -8
474 864 8
474 472 -19
474 68 -8
501 502 13
501 894 -19
501 529 28
501 98 -28
71 73 -28
71 69 -28
71 836 -28
71 70 19
936 543 8
936 934 -8
936 935 8
936 938 -13
543 570 19
543 515 -8
543 544 -8
543 138 13
934 162 -28
934 933 28
934 932 -13
934 541 13
935 166 8
935 546 -19
935 907 -19
935 962 28
938 937 -19
938 165 -13
938 940 -28
938 545 -13
161 134 13
161 569 8
161 932 -13
161 186 19
134 904 19
134 107 -8
134 542 -8
569 568 19
569 958 -13
569 571 -8
932 931 28
186 213 -8
186 597 28
186 959 -13
476 70 8
476 866 -28
476 475 -19
476 478 -19
70 839 -28
70 44 -28
866 838 -8
866 893 -19
866 100 -13
475 73 13
475 869 19
475 447 -28
475 503 -28
478 868 8
478 477 -8
478 72 -13
478 480 -28
439 39 -13
439 833 19
439 467 19
439 440 -8
439 411 -13
39 38 -13
39 37 8
39 41 -28
39 802 19
833 835 13
833 64 -13
833 832 8
833 831 -13
467 495 19
467 861 -8
467 468 -13
467 65 13
440 438 19
440 830 -13
440 36 8
440 442 19
411 412 13
411 12 19
411 383 13
411 805 -19
880 878 19
880 110 8
880 879 -8
880 882 8
880 487 8
878 877 28
878 485 -8
878 108 28
110 137 -28
110 83 28
110 111 -8
110 518 -8
879 852 28
879 490 28
879 907 -28
879 113 -13
882 489 13
882 112 28
882 881 -13
882 884 -13
487 488 19
487 459 8
487 515 19
487 84 19
193 605 13
193 220 -19
193 194 -19
193 967 -19
193 167 -13
605 994 -13
605 603 19
605 604 -8
605 607 -28
220 633 -28
220 247 -13
220 995 28
220 221 -19
194 602 -8
194 196 -28
194 192 -8
194 964 13
967 574 -19
967 969 19
967 965 13
967 966 8
167 577 -8
167 141 -19
167 940 28
705 1091 -8
705 707 19
705 704 -8
705 703 -8
705 288 -19
1091 318 28
1091 1063 13
1091 1092 28
1091 1119 19
707 290 8
707 1093 28
707 706 -8
704 291 28
704 676 -19
704 732 -13
704 1094 13
703 1089 8
703 701 -8
703 286 13
703 702 -19
288 289 19
288 315 -28
288 263 28
288 1064 19
539 566 19
539 511 -28
539 540 8
566 594 28
566 567 -13
511 512 -8
511 483 8
540 132 -13
540 929 -8
540 538 19
289 291 -28
289 287 -28
289 702 19
289 1061 13
315 342 28
315 316 -13
315 733 -13
315 1092 -19
263 1038 -28
263 236 -8
263 264 -19
263 677 8
1064 1063 28
1064 1066 -13
1064 1062 28
1064 674 -8
38 805 13
38 11 -8
38 442 -28
38 64 -13
805 804 -28
805 807 13
805 803 -8
11 12 19
11 777 -19
11 414 19
442 444 13
442 832 8
442 441 -8
64 91 8
64 65 19
64 470 -28
20 18 -13
20 782 -28
20 22 8
20 19 -28
18 16 8
18 417 -8
18 780 28
18 17 -13
782 810 28
782 783 28
22 421 13
22 21 28
22 784 19
22 24 13
19 422 28
19 46 19
291 290 -19
291 1063 -8
290 1066 19
290 265 8
290 317 28
1063 1037 8
1063 677 28
257 1032 -8
257 671 28
257 258 -28
257 230 -8
257 282 13
1032 1034 -19
1032 1030 -28
1032 640 -13
1032 1031 28
671 673 19
671 1057 13
671 670 -13
671 669 -8
258 256 -13
258 668 -19
258 260 -13
258 1029 -19
230 1005 28
230 643 -28
230 231 -13
230 203 19
282 283 8
282 1058 19
282 309 -19
282 699 28
524 526 19
524 523 -8
524 522 28
524 116 28
524 913 8
526 118 -19
526 525 13
526 528 13
526 915 8
523 119 -13
523 495 19
523 551 8
523 916 -19
522 911 28
522 520 28
522 114 -28
522 521 -8
116 886 8
116 89 -8
116 143 -13
116 117 -13
913 914 -13
913 941 -8
913 885 -13
913 146 28
886 884 -19
886 888 -19
886 885 19
886 493 8
89 90 -8
89 62 28
89 859 -13
89 496 13
143 552 8
143 914 -8
143 144 8
143 168 19
117 119 19
117 115 28
117 521 13
117 883 28
810 420 -19
810 838 19
810 811 -8
810 47 13
420 422 13
420 418 13
420 17 -8
838 839 13
838 73 -28
838 448 8
811 44 -19
811 809 28
811 417 -13
811 813 -8
47 45 -28
47 447 -19
47 46 28
47 49 -28
1035 1061 -8
1035 1036 -8
1035 1008 -13
1035 264 19
1035 647 8
1061 1089 19
1061 1062 -19
1061 675 8
1036 1034 -13
1036 644 -13
1036 1038 8
1036 261 8
1008 619 -8
1008 1009 28
1008 980 19
1008 237 -28
264 262 19
264 674 -13
264 266 28
647 645 19
647 234 28
647 646 -13
647 649 19
489 86 13
489 517 -13
489 490 19
489 461 -19
86 852 8
86 85 -13
86 88 28
86 84 28
517 545 -28
517 518 19
517 910 8
517 113 -8
490 488 19
490 83 28
490 492 28
461 462 28
461 59 -19
461 433 28
461 855 -8
623 621 -19
623 622 -19
623 211 -19
623 1011 -28
621 619 19
621 209 8
621 620 8
622 594 -13
622 650 -28
211 238 -13
211 212 19
211 985 13
211 184 13
1011 1012 28
1011 984 13
753 752 19
753 1139 -28
753 751 -13
753 755 -19
752 337 -28
752 724 8
752 1142 19
1139 1140 -28
1139 364 19
751 750 28
751 1137 -13
751 749 -13
751 332 -13
755 336 -19
755 754 13
755 1141 -13
755 757 -13
119 118 -28
119 885 -8
119 121 19
118 91 -19
118 145 -28
118 888 -13
885 858 19
885 496 13
121 525 19
121 887 19
121 123 -8
361 1140 19
361 362 28
307 308 19
307 1084 19
307 280 -13
307 725 8
335 337 -28
335 750 28
335 333 -8
335 1109 19
337 336 28
337 339 -13
336 363 13
336 309 13
339 754 19
339 338 28
339 1113 8
339 341 19
794 31 -8
794 795 8
794 822 -28
794 404 -19
794 766 -13
31 33 -19
31 431 28
31 30 -13
31 29 28
795 28 -28
795 793 8
795 797 19
795 401 -28
822 850 -19
822 432 -19
822 57 19
822 823 -19
404 406 -8
404 402 8
404 403 28
404 1 -8
766 376 -28
766 767 13
766 4 28
1128 349 8
1128 1127 8
1128 1130 28
1128 738 -28
1128 1126 -8
349 322 28
349 350 13
1127 352 13
1127 1099 19
1127 741 19
1130 351 13
1130 1132 -8
1130 1129 -13
1130 740 13
738 710 13
738 739 8
738 323 -28
1126 736 19
1126 347 8
1126 1125 -13
1126 1124 -19
67 65 -28
67 69 28
67 469 -13
67 66 8
67 832 13
65 63 -8
65 830 19
69 68 -28
69 471 28
69 834 -19
469 470 19
469 441 13
469 863 19
469 497 8
66 472 8
66 835 -19
66 40 -8
66 93 8
832 804 28
832 860 -19
858 92 -19
858 830 -8
858 859 -13
858 468 13
92 495 -13
92 91 28
92 94 -19
92 90 8
830 802 -19
830 831 28
859 465 -8
859 857 8
859 861 -28
468 62 28
468 466 -28
468 470 19
573 571 13
573 575 -19
573 962 13
573 572 -19
571 162 -28
571 570 -13
571 960 -8
575 574 28
575 577 8
575 964 -8
575 165 19
962 990 13
962 963 19
962 192 8
572 166 8
572 545 -28
572 965 -8
572 600 -8
673 1059 -13
673 675 -19
673 259 28
673 672 19
1057 285 -19
1057 1031 28
1057 1085 -8
1057 1058 -13
670 642 13
670 698 -19
670 1060 19
670 260 19
669 255 -28
669 1055 -13
669 668 -19
397 425 -13
397 791 -19
397 398 19
425 453 8
425 426 19
425 26 19
425 819 8
791 789 -19
791 25 8
791 790 28
398 396 -28
398 788 19
398 400 19
839 841 -28
839 837 19
841 447 13
841 72 -19
841 843 28
841 840 8
837 835 -28
837 68 28
837 836 -8
837 443 28
1083 310 -8
1083 1084 -28
1083 1055 19
1083 697 -13
310 312 -19
310 308 13
310 724 -13
310 309 13
1084 694 -19
1084 1082 8
1084 1086 19
1055 283 19
1055 1056 -8
1055 1029 -13
697 695 13
697 280 -8
697 699 -8
697 696 -8
166 164 28
166 165 13
164 933 28
164 163 -8
164 570 19
165 191 8
165 139 28
636 227 8
636 1028 19
636 637 28
636 608 -8
227 226 13
227 229 13
227 225 -28
227 998 -28
1028 253 -13
1028 1026 28
1028 1030 19
1028 1027 8
637 639 -8
637 1025 -13
637 635 8
637 224 -28
608 609 19
608 580 19
608 200 -13
608 1001 -28
574 547 -19
574 602 28
577 579 19
577 966 -13
577 576 -8
964 937 -19
964 992 -19
964 965 -13
942 941 28
942 549 -19
942 940 8
942 944 -28
942 168 -28
941 171 -13
941 552 -28
941 968 -19
549 550 13
549 144 -13
549 521 -28
549 576 -28
940 547 -28
940 939 28
944 551 13
944 946 8
944 170 -28
944 943 -28
168 579 13
168 195 28
168 169 -8
905 933 8
905 516 -19
905 877 -8
905 138 19
905 906 -28
933 544 -8
933 960 -19
516 514 -28
516 108 -13
516 515 -19
516 518 -19
877 488 -28
877 111 13
877 850 -19
138 137 -28
138 136 28
138 140 -19
906 513 -13
906 908 -28
906 904 -8
906 135 -8
226 1001 28
226 199 -19
226 639 13
226 253 -19
1001 1000 -28
1001 1003 -13
1001 999 19
199 200 -28
199 611 -28
199 973 13
639 638 28
639 1027 8
639 641 -13
253 278 -13
253 254 28
482 872 19
482 480 13
482 76 8
482 484 -8
482 481 -8
872 899 13
872 873 8
872 106 19
872 844 -28
480 870 -19
480 74 19
480 479 28
76 50 -13
76 103 -28
76 77 13
76 845 28
484 78 28
484 483 19
484 874 28
481 453 -28
481 509 -28
481 79 13
481 875 13
417 418 -13
417 389 -8
446 444 -19
446 836 19
446 448 8
446 42 28
45 44 -19
45 43 -13
45 808 19
884 114 8
884 883 -19
884 491 -19
888 495 19
888 890 -13
888 887 19
493 465 -28
493 90 19
493 521 -8
493 494 19
1004 1031 -19
1004 615 -13
1004 1005 28
1004 233 -19
1004 976 -13
1031 260 13
1031 643 -19
615 613 19
615 614 -19
615 617 -19
615 203 -19
1005 612 -19
1005 1007 -8
1005 1003 8
233 642 28
233 232 8
233 235 -13
233 231 8
976 977 19
976 206 8
976 949 -28
976 587 19
721 720 -8
721 1107 -8
721 723 8
721 303 19
721 719 -8
720 306 -28
720 692 28
720 748 8
1107 1108 -8
1107 1135 -28
1107 1079 -19
1107 333 -8
723 1109 28
723 305 19
723 725 28
303 330 28
303 1080 28
303 304 13
303 277 13
719 1105 -19
719 717 -19
719 301 -28
719 718 -28
44 448 -28
44 17 -28
448 447 -28
448 450 13
17 783 -8
989 596 19
989 987 -28
989 991 -8
989 988 13
989 214 8
596 568 19
596 624 -8
596 597 -19
596 188 -28
987 213 -13
987 986 -28
991 990 28
991 598 -28
991 993 8
991 216 -19
988 217 13
988 599 -19
988 1015 -28
988 960 19
214 241 28
214 627 -28
214 187 8
214 215 -8
306 305 -8
306 308 -19
306 304 -8
306 1079 -13
305 278 -19
305 1082 -13
305 332 -13
308 1081 -8
304 718 -19
304 1077 28
304 302 -8
1079 1080 -8
1079 693 -28
816 426 19
816 817 -19
816 53 -19
816 788 -28
816 844 19
426 424 8
426 428 13
426 23 13
817 815 -8
817 423 -13
817 50 -19
817 819 19
53 453 19
53 52 -8
53 51 -28
788 789 28
788 26 19
844 845 13
844 79 -19
844 454 13
495 496 13
496 494 -13
496 498 -13
279 692 28
279 278 -19
279 281 -8
1025 998 -8
1025 254 8
1025 1026 8
1052 662 -19
1052 1050 19
1052 1054 13
1052 277 -19
125 529 8
125 124 13
125 127 -8
125 123 28
125 891 19
529 922 28
529 557 28
529 530 19
124 97 -13
124 532 19
124 894 28
124 151 8
127 531 -28
127 893 8
127 129 28
127 126 -19
123 527 -19
123 889 19
123 122 19
891 864 13
891 892 -13
891 502 28
891 919 28
594 595 19
595 593 -8
595 984 13
595 184 -8
352 350 -28
352 351 -8
352 354 -8
350 1125 -13
350 348 -8
351 324 19
354 1129 -8
354 356 -13
354 353 -8
91 498 -19
91 861 -8
498 497 28
498 887 28
498 500 8
861 863 28
861 860 19
1134 1133 -28
1134 1136 28
1134 1132 -8
1134 744 -13
1134 355 -8
1133 358 -13
1133 1105 -13
1133 747 -13
1136 1135 28
1136 357 28
1136 1138 13
1136 746 -19
1132 1131 -13
1132 742 19
1132 353 -19
744 716 13
744 329 -19
744 745 19
355 356 -8
355 328 -13
73 72 -19
73 75 28
72 46 -28
72 99 -13
75 77 19
75 74 13
75 840 -8
75 477 13
864 836 -8
864 865 8
864 98 -8
836 808 8
865 863 19
865 471 -13
865 95 -8
98 97 -28
98 96 -19
98 100 8
579 581 -19
579 968 -13
579 578 -28
581 580 19
581 970 8
581 170 13
581 583 19
968 996 -13
968 969 13
968 198 -28
578 171 -28
578 606 -8
578 551 13
578 971 8
570 963 -19
570 598 28
515 908 28
515 111 28
544 546 -8
544 542 13
544 135 -28
736 737 -19
736 708 8
736 321 -28
737 1123 13
737 739 13
737 319 19
708 1098 19
708 294 13
708 680 -28
708 709 8
321 1095 19
321 323 28
321 320 -8
1099 1071 -28
1099 325 28
1099 713 -19
1099 1100 -19
1071 298 -28
1071 1072 -19
1071 685 28
1071 1044 19
325 324 28
325 327 -28
325 323 13
325 740 28
713 712 -13
713 711 28
713 295 -19
713 715 -19
1100 710 13
1100 1102 -13
1100 1098 -19
1100 322 -19
1089 316 8
1089 1117 8
1089 1090 8
316 318 19
316 314 -13
316 730 13
1117 1145 13
1117 1118 28
1117 343 8
1117 731 -13
1090 1088 19
1090 700 8
1090 1092 -28
1090 313 -13
171 169 -28
171 173 8
171 170 -13
169 939 -28
169 576 19
173 580 19
173 943 8
173 175 -28
170 145 28
170 197 -28
642 1034 -8
642 643 13
642 614 -28
1034 259 -8
1034 1033 -13
643 645 -19
643 641 -28
614 586 -19
614 206 -8
614 1007 -28
137 908 -19
137 546 19
908 907 28
908 910 8
546 545 -19
546 548 28
948 555 19
948 950 28
948 947 13
948 174 -13
948 946 -8
555 527 -8
555 150 19
555 582 28
950 176 -19
950 557 -8
950 949 8
950 951 -8
947 177 28
947 558 8
947 919 19
947 974 8
174 585 -8
174 149 -28
174 201 -28
174 175 -8
946 945 -8
946 553 8
645 1033 13
645 232 13
645 644 13
1033 1006 -28
1033 262 28
1033 1059 8
232 259 13
232 1007 8
232 205 8
644 235 -28
644 672 13
644 616 -13
911 883 -8
911 912 -28
911 939 -28
911 144 28
883 494 28
883 856 -8
912 910 -19
912 519 19
912 914 13
912 141 -19
939 550 -19
939 966 8
144 146 -13
144 142 19
259 284 -13
259 260 -13
1007 1006 -13
1007 1009 8
205 206 -13
205 979 -8
205 178 8
205 617 -28
654 626 -8
654 682 13
654 244 -8
654 1045 -28
654 655 -19
626 217 19
626 1018 -28
626 627 8
626 598 -8
682 710 28
682 683 13
682 1072 28
682 270 -19
244 243 -13
244 246 -19
244 242 -28
244 1015 -28
1045 1043 -13
1045 1044 -19
1045 1046 8
655 653 19
655 657 13
655 1042 8
655 241 19
463 61 8
463 857 28
463 464 -19
463 435 -13
463 491 28
61 63 19
61 59 -8
61 826 -19
61 60 19
857 87 -13
857 855 -19
857 856 -8
464 466 -13
464 854 -28
464 462 28
464 58 -19
435 436 -19
435 407 -19
435 829 -13
435 35 -28
491 492 8
491 519 -8
491 88 -19
727 729 28
727 725 -8
727 1113 -19
727 726 19
727 309 -19
729 311 8
729 1115 -8
729 731 -13
729 728 13
725 724 8
1113 1141 28
1113 1085 13
726 312 19
726 698 8
726 754 -13
726 1116 -28
309 1086 -19
217 215 -8
217 219 -19
217 216 -28
215 986 -8
215 624 19
219 990 -8
219 628 -19
219 218 13
219 221 -28
216 189 28
216 243 13
216 629 13
692 1082 19
692 693 28
1082 1081 -13
1082 1080 28
693 695 -28
693 691 13
693 277 8
312 314 -19
312 311 -13
312 1085 -28
314 313 -28
314 1087 13
314 728 19
311 284 13
311 1088 -13
1085 699 -19
1085 1086 13
465 466 -8
465 63 28
465 437 -13
466 60 -28
466 856 -8
63 62 13
63 828 13
437 438 -28
437 37 13
437 409 8
437 831 13
410 408 -13
410 800 -8
410 412 13
410 7 -8
410 409 -13
408 407 -13
408 406 -8
408 798 13
408 5 19
800 37 28
800 772 -28
800 828 -28
800 801 -28
412 414 8
412 802 8
412 9 -8
7 34 8
7 8 13
7 773 19
409 381 13
409 10 13
409 803 -8
278 695 -19
278 1054 8
695 694 -13
695 1081 -13
1054 1056 -28
1054 1053 -19
502 504 -28
502 500 8
502 95 19
894 893 -19
894 896 19
894 892 8
694 666 -8
694 281 8
666 638 -8
666 256 -13
666 1056 19
281 283 13
281 1053 -8
281 280 8
285 698 -13
285 284 -13
285 287 -8
285 283 -13
1058 1060 8
1058 1056 -28
1058 668 8
358 356 -28
358 357 -28
358 360 -13
356 1131 -13
357 330 -28
360 359 -19
360 1135 -8
360 362 -28
97 504 19
504 893 13
504 506 -19
504 503 -28
513 541 28
513 109 -8
513 514 19
513 485 28
541 568 13
541 136 13
541 542 8
109 876 -19
109 111 -8
109 108 -19
514 107 -8
514 903 -19
485 486 -19
485 457 13
485 82 19
613 201 28
613 1002 28
613 611 -19
613 612 -19
201 228 8
201 202 19
201 975 -28
1002 1029 -28
1002 974 -28
1002 1003 13
1002 231 -19
611 1000 19
611 609 8
611 610 -28
612 584 -19
612 204 -13
612 640 -8
1043 268 -28
1043 652 28
1043 1041 -13
1043 1042 -8
268 683 -13
268 293 -13
268 241 19
652 653 -19
652 242 -8
652 624 19
652 680 13
1041 267 28
1041 1040 -28
1042 270 8
1042 1069 -8
1042 1015 28
743 741 19
743 742 -13
743 324 -13
743 745 -19
743 1129 -8
741 739 13
741 322 -8
741 740 8
742 714 13
742 327 8
324 297 13
324 1102 -13
745 326 13
745 1131 28
745 747 -13
1129 1101 -13
1140 1142 -28
1140 1138 13
1140 750 13
1142 1141 -19
1142 363 -8
1142 1144 -28
1138 359 -19
1138 1137 -8
1138 748 -19
297 715 -19
297 298 8
297 271 -8
297 1074 13
1102 712 13
1102 1104 -28
1102 1101 28
567 565 19
567 956 -13
567 159 8
1105 1077 13
1105 331 -8
1105 1106 -13
1077 691 28
1077 1078 19
1077 1049 8
331 330 28
331 333 -8
331 746 19
331 329 -19
1106 1108 -8
1106 1104 -8
1106 716 8
1106 328 -28
648 239 13
648 649 28
648 620 -13
648 1039 28
648 676 19
239 238 28
239 237 28
649 651 -28
649 236 -19
649 1037 -13
620 212 -8
620 1012 28
620 592 28
1039 265 -19
1039 1038 -13
676 1066 -19
676 266 19
676 677 -8
1108 718 -28
1108 330 -19
718 690 8
718 746 19
330 749 -13
661 660 19
661 1047 -19
661 659 -13
661 247 -8
660 250 -13
660 688 19
660 1050 8
660 632 -13
1047 1048 8
1047 1021 -19
1047 1075 19
1047 276 -8
659 245 13
659 658 28
659 657 -28
247 1022 8
247 273 -13
247 248 28
238 265 28
238 1012 8
238 651 -28
265 679 -19
265 266 19
1012 1010 28
651 650 13
907 140 -13
907 518 28
910 139 -13
910 909 13
470 472 13
470 860 -19
441 835 19
441 413 28
441 41 -28
863 93 19
863 862 13
497 94 -13
497 525 -19
497 890 8
472 862 -28
472 471 -28
862 96 19
862 834 19
862 889 8
471 443 -13
471 499 -8
931 542 28
931 958 -28
931 163 8
931 903 -28
958 986 13
958 959 19
958 188 8
163 568 -13
163 162 -28
903 904 -28
903 136 13
903 876 8
698 1088 -28
698 699 -8
1088 1087 28
1088 1086 19
699 701 8
189 963 8
189 190 8
189 601 -13
963 961 13
963 965 19
190 598 28
190 192 8
190 188 19
190 960 -28
601 603 28
601 990 -19
601 599 19
601 600 13
318 317 -28
318 732 28
317 735 -8
317 344 28
317 1094 -8
732 760 -28
732 1122 -28
732 733 13
416 13 -13
416 414 -8
416 806 -19
416 418 13
416 415 8
13 40 28
13 779 -13
13 14 13
414 804 -13
414 413 8
806 43 13
806 778 19
806 834 19
806 807 -28
418 808 -13
418 15 13
415 16 -13
415 387 -13
415 809 -19
415 443 -19
701 700 -13
701 284 8
701 1087 -28
700 287 8
700 728 19
700 672 19
284 1060 -13
1087 1059 19
1087 1115 -13
535 928 -28
535 536 -19
535 563 28
535 131 -13
535 507 -8
928 157 13
928 927 13
928 926 -8
928 930 28
536 925 13
536 128 -19
536 538 -28
536 534 8
563 158 -13
563 590 28
563 955 -13
131 129 13
131 897 -13
131 130 -19
131 133 8
507 900 -19
507 508 8
507 104 8
507 479 28
1060 1059 -19
1060 1062 -8
710 711 -19
710 296 13
711 293 -19
711 1097 -19
711 709 -19
296 1069 -13
296 298 -28
296 295 8
296 294 28
783 781 28
783 389 28
16 15 13
16 14 28
16 778 13
15 781 8
15 42 -13
14 413 19
14 12 13
14 776 -8
778 388 13
778 779 13
1037 1038 28
1037 266 13
677 679 -13
677 675 -19
287 1059 13
287 286 -28
286 261 -19
286 1062 -19
286 313 -8
520 112 19
520 518 19
520 519 -13
520 909 13
112 85 -19
112 113 28
112 139 8
519 115 8
519 547 -8
909 937 19
909 142 13
909 881 28
85 492 -8
85 855 8
85 58 8
113 115 -28
113 111 19
139 140 8
139 548 19
787 393 -28
787 789 13
787 21 28
787 786 19
784 812 -13
784 394 -19
1066 1065 28
1065 1093 28
1065 679 13
619 207 28
619 618 28
619 617 8
207 981 -19
207 234 -8
207 208 8
207 180 13
618 590 -19
618 210 13
618 1010 13
618 646 -13
617 1006 13
617 616 -8
94 93 -8
94 96 13
94 860 8
93 500 -13
96 499 19
96 95 -13
860 887 -8
749 747 28
749 1135 -19
749 748 8
114 141 -28
114 87 -19
114 115 28
141 550 -28
141 142 -28
87 494 8
87 88 8
87 60 19
115 881 -28
62 831 28
62 36 8
828 438 -13
828 829 28
828 856 13
158 156 -28
158 160 -13
158 157 8
158 925 19
156 561 28
156 155 -28
156 154 -19
156 923 28
160 927 -28
160 564 -13
160 159 -13
157 565 -13
157 182 19
157 130 -8
925 926 -19
925 897 -19
1053 1027 28
1053 1081 -8
393 394 19
393 421 28
394 396 28
421 422 13
421 815 19
421 449 -28
835 834 19
834 444 -28
1123 1095 -8
1123 348 28
1123 1124 28
1095 1096 -19
1095 1067 8
1095 709 -13
348 347 19
1124 346 13
568 961 -13
961 959 -13
961 187 19
961 960 28
162 135 19
162 187 -8
135 136 8
135 108 19
187 599 -19
187 188 -13
868 869 -28
868 840 -19
868 895 -28
868 102 -13
477 449 -13
477 505 -28
477 871 -19
937 548 -19
548 550 -8
548 547 -8
881 492 8
881 854 -19
717 1103 13
717 299 -8
717 716 -8
717 715 -28
1103 1131 8
1103 1104 28
1103 329 -13
1103 1075 13
299 1076 -19
299 326 -13
299 300 28
299 273 -19
716 302 28
716 688 8
715 714 8
715 1101 13
422 812 -13
422 424 -8
812 840 -8
812 49 -8
812 813 -28
424 21 -13
424 814 19
424 423 13
46 813 8
46 450 8
789 23 -28
789 395 -28
23 50 28
23 24 -28
395 396 8
395 423 -28
40 807 8
40 444 19
40 41 -8
807 413 -8
807 809 -19
444 443 19
41 43 13
41 804 28
981 979 -13
981 588 19
981 983 19
981 980 -8
979 977 19
979 586 -19
979 978 -19
588 616 28
588 561 -19
588 589 28
588 181 -19
983 590 8
983 985 28
983 982 19
983 209 -8
980 210 8
980 952 -13
980 591 -28
21 48 13
24 786 -13
24 26 13
24 423 8
650 678 19
145 554 -13
145 146 8
145 916 13
301 328 8
301 302 28
301 275 19
301 1078 28
328 329 28
328 747 -13
302 1075 13
302 300 -8
275 249 13
275 691 8
275 1050 28
275 276 -19
1078 1076 -28
1078 688 -28
1078 1080 -28
250 249 13
250 252 28
250 248 -8
250 1021 -19
249 1024 19
249 222 28
252 662 -19
252 1023 -13
252 254 -19
248 658 -28
248 1019 -28
248 246 -28
1021 633 19
1021 994 -13
1021 1022 13
25 52 -13
25 26 28
25 428 8
790 818 8
790 400 -8
1026 1024 -28
1026 634 13
1030 638 -19
1030 1029 13
1030 255 -13
1027 256 -28
1027 1000 8
363 364 28
1145 370 13
1145 1146 -13
1145 759 -13
370 369 -28
370 368 13
370 372 28
1146 367 -13
1146 756 -8
1146 1148 8
1146 1144 -8
759 758 28
759 761 -28
759 340 13
759 757 -28
590 183 19
590 591 28
183 952 -13
183 182 -13
183 181 -8
183 185 28
591 180 28
591 593 -8
591 589 -28
68 95 -8
68 42 28
347 320 28
320 1098 28
320 739 28
320 293 8
740 712 -19
675 674 -28
675 261 -19
672 262 19
672 1062 -28
843 74 -19
843 449 -8
843 842 13
843 845 -8
840 450 28
390 389 -13
390 388 8
390 780 8
388 386 -19
388 387 -8
780 781 -28
780 808 -13
547 142 8
602 603 -28
602 630 8
602 995 8
638 229 -28
638 610 -19
229 1000 28
229 228 28
229 231 -28
610 582 8
610 202 -13
610 1003 13
1076 686 19
1076 1075 28
1076 1074 -13
686 658 -19
686 714 -19
686 274 -13
686 687 -8
1075 689 -28
1074 1073 -19
1074 1072 13
1074 684 -28
890 889 -13
890 892 8
887 915 -19
210 209 13
210 208 8
210 212 -13
209 236 -19
209 182 28
208 206 -13
208 616 -8
208 978 13
212 982 -19
1006 978 28
1006 235 28
978 589 19
235 234 8
235 237 -8
438 436 -28
438 34 -8
436 434 -13
436 32 -13
436 826 13
34 60 8
34 35 -19
34 801 -8
1109 1137 28
1109 1081 -8
332 359 -13
332 333 -8
37 35 -19
37 36 -8
35 33 -28
35 798 8
36 9 28
36 803 28
256 254 13
256 255 13
255 228 -8
255 280 -8
369 1148 13
369 342 -19
1148 1147 19
1148 758 8
1148 1150 -13
342 343 -28
342 1120 13
342 761 -28
405 377 -19
405 406 13
405 799 8
405 433 13
405 6 -28
377 378 -19
377 771 8
406 3 28
406 796 8
799 32 -19
799 801 -28
799 798 8
799 797 19
433 434 -19
433 33 -13
433 827 13
6 8 28
6 5 28
6 4 -19
6 768 -8
488 81 -28
488 486 -19
81 108 13
81 55 -28
81 82 -8
81 851 -8
486 876 -13
486 80 -28
353 326 8
746 747 -28
77 79 -8
77 479 -13
77 842 -19
74 48 19
74 101 8
855 854 8
855 853 19
856 90 19
739 1125 8
323 322 19
323 1097 28
847 453 28
847 78 -28
847 846 28
847 845 13
453 454 -13
78 52 -13
78 105 -13
78 79 -13
846 456 19
846 874 19
846 818 -13
845 451 28
396 786 -28
786 814 -13
616 1009 -19
1080 690 -19
234 261 -13
234 1009 19
261 262 8
1009 1010 -13
656 657 13
656 628 19
656 246 -19
656 684 13
656 1046 -13
657 243 -28
657 1044 13
628 1020 13
628 600 28
628 629 13
246 245 -19
246 1017 -8
684 712 -8
684 685 -19
684 272 -19
1046 271 -8
1046 1048 -13
984 985 28
984 956 13
443 43 -28
1115 1143 8
1115 1116 -28
1115 341 -13
731 730 19
731 313 13
731 733 -28
728 756 -28
728 1118 28
381 382 19
381 775 -19
10 9 13
10 8 -28
10 772 28
10 12 28
803 802 19
803 801 19
43 42 -13
42 809 19
313 340 -19
802 774 -13
9 775 -13
775 773 -19
775 777 -8
775 774 -13
262 260 -13
815 814 -8
815 48 -8
815 813 8
814 51 -13
814 842 -19
48 452 13
48 49 -8
512 105 13
512 510 -19
512 901 19
105 106 13
105 132 -28
105 875 19
510 508 13
510 899 19
510 509 28
510 103 13
901 929 8
901 874 -28
901 902 8
779 781 28
779 385 19
779 777 -19
584 977 28
584 177 -13
584 585 -8
584 557 19
204 206 8
204 202 -19
204 974 13
204 203 8
640 641 -13
640 231 -8
640 668 19
781 387 19
90 88 -13
88 854 28
586 559 28
586 179 28
586 587 -28
560 558 13
560 949 28
560 559 28
560 151 -13
560 562 13
558 557 -13
558 149 28
949 921 -19
949 179 8
559 531 28
559 951 -13
559 154 19
151 176 -19
151 922 28
151 152 -19
562 561 -13
562 153 13
333 748 19
688 689 19
688 276 8
1050 1049 13
1050 1048 -28
632 1024 19
632 633 13
632 223 -8
632 604 -8
1086 696 28
662 690 8
662 634 -8
690 691 -28
634 635 -19
634 606 19
634 225 -13
499 527 -28
499 892 -28
499 500 -19
876 848 19
848 849 -19
848 458 -8
848 820 -8
848 82 -8
1010 236 -28
808 809 -28
850 460 8
850 84 -13
850 851 28
977 203 -8
977 975 28
203 176 8
975 973 28
975 582 -28
975 974 -13
712 298 8
298 300 -13
1093 1121 -13
1093 1094 -19
679 678 19
646 674 -8
646 1038 19
646 237 -13
27 793 19
27 54 -13
27 430 13
27 0 -19
793 792 -28
54 80 19
54 458 -13
54 821 19
430 429 -19
430 820 19
430 432 13
0 402 -19
0 765 8
271 245 -28
271 272 -13
271 687 -8
95 122 -8
955 957 -13
955 182 19
955 954 13
955 953 28
1024 1023 -8
1024 1022 -19
1023 1049 19
1023 996 28
1023 635 -13
1022 1020 8
1022 630 8
245 1020 -8
245 218 -19
1020 1019 8
1020 1018 -13
218 631 8
218 191 -28
218 993 -28
869 871 19
869 99 8
871 870 8
871 101 -13
871 873 -8
99 506 13
99 126 -13
99 100 -13
831 829 8
565 954 -28
565 564 13
954 927 -28
954 982 -13
954 185 -19
564 957 -8
564 537 28
564 592 28
182 593 -28
130 103 -13
130 900 28
130 538 -8
927 538 19
927 899 -13
159 132 28
159 184 -8
159 930 -8
668 696 -8
1125 1097 13
1097 1098 13
1097 1069 -13
386 385 19
386 776 -19
386 384 -28
385 413 8
776 804 -8
776 777 -8
384 383 19
384 774 -13
384 382 28
1072 295 -13
1072 1070 13
685 683 13
685 269 -8
685 687 -8
1044 1017 -28
1044 272 19
952 953 -13
434 30 -13
434 432 -8
434 824 -28
30 3 -28
30 797 8
432 28 -19
432 431 19
824 852 -19
824 825 -13
824 59 -28
824 796 -8
985 592 28
982 593 -19
283 696 28
696 724 28
33 796 19
33 32 28
796 768 19
796 797 13
32 5 8
32 58 19
222 635 -13
222 195 8
222 997 -13
222 223 13
818 819 -19
818 428 8
400 399 -28
826 854 8
826 827 19
826 798 28
763 761 19
763 344 19
763 1149 -19
763 762 19
761 1147 19
761 760 8
344 371 -8
344 345 -13
344 1122 8
1149 1150 28
1149 1121 8
762 734 8
1000 972 8
1029 641 -19
1147 372 -28
1147 1119 8
372 371 -13
1119 1120 8
1119 345 13
1119 733 -28
450 452 13
450 449 13
322 295 13
80 849 -8
80 107 -8
849 851 -13
852 462 -28
852 853 19
462 460 28
853 459 -19
853 83 13
853 851 19
691 689 -19
236 237 -19
633 635 -28
633 631 -28
631 1019 -8
631 630 28
631 629 8
132 133 8
132 902 13
929 956 -19
929 930 28
538 537 19
371 1150 13
1150 760 13
407 8 28
407 801 19
407 379 -19
8 770 -19
379 773 19
379 380 -8
83 84 -8
492 494 -8
683 681 28
683 1069 -8
681 267 19
681 680 13
1069 1070 -19
28 1 -19
28 55 13
28 29 -28
797 403 -19
401 429 -8
401 402 -13
401 2 -8
401 373 28
58 59 -19
58 827 28
957 956 -8
957 184 8
184 185 19
921 532 -19
921 893 -8
921 154 -28
921 922 -13
532 531 -8
532 530 8
532 534 -28
154 153 28
154 152 -19
922 920 28
922 924 -19
224 197 28
224 999 13
224 225 19
658 630 -13
658 1048 -28
630 221 -19
1048 273 -13
225 996 13
225 223 8
998 609 -13
998 970 13
998 999 28
1096 319 8
1096 1098 8
319 346 -28
319 292 28
375 376 -13
375 403 8
375 769 -28
376 378 28
376 374 -8
403 431 -13
403 4 -28
769 768 19
769 771 -13
769 767 -8
769 3 8
1003 228 -8
12 774 -8
383 777 13
483 455 -19
460 458 -19
460 55 19
460 459 28
458 457 8
55 823 8
55 56 13
459 57 -8
459 431 28
423 451 -28
50 454 -8
50 51 28
819 52 -19
689 273 -8
689 687 -19
273 274 -8
687 1073 -8
593 592 -8
531 503 -28
531 924 13
951 178 -28
951 953 13
561 533 28
561 953 8
153 924 8
153 126 -13
153 178 -8
1056 280 19
1019 992 19
992 603 13
992 993 -8
992 221 -13
924 926 -28
924 923 -8
126 534 -13
126 896 28
178 589 8
178 179 -8
292 1068 8
292 709 28
292 267 28
1092 702 -28
1092 1094 -28
899 900 -8
899 133 19
1104 714 -8
1104 326 -19
1101 327 -8
1101 1073 13
653 240 -28
653 1040 -28
241 242 28
241 1016 -8
382 380 -28
382 772 -13
1067 294 8
1067 1040 -8
1067 1068 8
294 293 8
1040 1013 13
1068 1070 13
587 176 -8
587 585 28
587 589 13
60 829 19
429 29 13
429 823 8
429 457 19
29 792 19
823 825 -19
823 821 13
457 851 13
457 56 -28
714 300 -28
300 1073 -28
557 152 -28
530 919 -13
530 528 8
530 122 -13
592 185 -19
1 2 13
1 767 -28
758 730 13
758 343 28
340 1118 -13
340 367 -28
340 341 19
757 756 28
757 1143 28
757 338 -28
326 327 -8
996 607 28
996 997 -8
100 503 -8
100 102 13
537 509 -19
537 930 19
537 133 19
772 773 -13
327 329 -13
820 792 -13
820 821 -28
820 56 -19
82 84 19
829 827 -13
827 825 13
451 51 -8
451 479 13
451 452 -19
51 49 -8
479 873 19
452 842 28
452 454 -19
5 771 8
180 155 28
180 953 28
180 181 -19
128 155 -28
128 129 28
128 898 -28
128 101 19
534 533 -8
534 923 28
994 223 13
994 966 -8
994 995 -28
223 221 13
966 196 19
995 993 -28
995 997 -19
293 1070 28
129 533 -8
129 895 -19
897 508 13
897 870 19
897 898 19
295 269 13
177 176 8
177 175 28
177 179 -13
585 974 8
585 583 19
604 196 13
604 576 19
604 997 -8
545 140 -13
195 196 -28
195 969 -19
195 607 13
997 999 13
972 973 8
972 202 19
972 583 -13
972 945 -8
270 269 19
270 272 -13
269 243 -19
243 1018 -8
49 449 -28
367 368 -28
756 341 8
1144 754 8
1144 365 -19
1144 1143 8
276 274 -28
603 191 8
191 192 -28
191 965 19
152 150 -8
152 919 19
641 228 -13
378 768 8
378 380 13
771 770 -13
771 773 13
57 59 -8
57 56 -28
431 825 19
368 1143 13
368 366 8
3 4 13
525 553 -28
553 580 8
553 554 -19
4 2 28
533 926 28
533 505 28
1018 1017 19
1018 1016 -13
155 926 13
609 607 8
609 197 8
607 606 -28
197 198 -13
197 971 -28
990 1017 28
1017 629 -28
730 702 19
730 1120 -8
343 345 -13
343 341 -13
503 896 13
760 345 -13
1016 1014 -8
1016 624 -28
1016 1015 19
678 706 19
580 973 19
973 971 19
179 181 -8
600 192 -19
600 993 -13
629 627 -8
200 202 -28
200 198 -13
200 970 -19
198 196 13
198 606 -28
970 971 19
970 943 8
103 104 19
103 873 28
900 898 -28
900 902 13
509 902 19
509 106 19
1141 366 8
366 365 8
366 364 8
898 896 28
898 505 13
606 999 -8
1070 680 8
734 735 -19
734 706 28
735 733 -19
735 1121 -13
272 274 8
402 792 -8
792 764 -13
365 338 28
338 1116 8
770 380 8
770 798 -28
550 552 13
552 554 -28
552 551 -28
240 1014 28
240 213 8
240 267 19
527 920 -8
527 528 -28
920 919 19
920 149 -19
528 917 8
969 576 -19
969 971 -28
508 506 -8
508 101 13
506 895 13
506 505 19
101 102 -8
1014 1013 -13
1013 242 19
1013 986 19
1013 625 28
945 917 -28
945 175 -13
554 943 -13
674 702 -8
150 149 8
150 917 -28
149 122 -19
917 889 19
923 895 8
374 764 -28
374 373 19
505 102 13
1137 362 13
362 364 13
582 175 13
582 583 8
1118 1116 -28
1118 1120 -13
1120 1122 13
895 896 -28
122 892 -28
764 765 -28
764 2 -13
765 767 -13
842 870 13
454 456 -8
874 875 8
373 767 19
1121 1122 8
870 104 28
104 106 13
104 102 8
521 914 19
551 146 19
914 916 -8
624 625 -8
889 500 -13
873 875 19
986 597 -28
625 627 19
625 213 -8
1015 627 8
915 943 8
915 916 28
399 427 13
427 428 -13
427 455 -13
598 599 13
140 142 -8
456 455 28
456 52 13
599 597 -19
