1112 1111 28
1112 334 -13
1112 1110 -13
1112 1114 -8
1112 722 -8
1111 337 -19
1111 1083 -28
1111 1139 19
1111 725 28
334 753 28
334 361 -8
334 307 -8
334 335 -28
1110 1108 13
1110 332 -8
1110 720 28
1110 1109 -19
1114 336 -8
1114 724 -8
1114 1116 8
1114 1113 -19
722 694 -13
722 723 19
722 308 28
722 750 13
147 918 -28
147 172 13
147 556 -13
147 148 13
147 120 19
918 525 13
918 917 -13
918 920 -19
918 916 -8
172 199 -8
172 173 -13
172 583 -28
172 946 -13
556 558 19
556 555 -19
556 945 13
556 554 13
148 150 -13
148 553 -28
148 146 -28
148 915 8
120 121 -19
120 528 -8
120 890 -13
120 93 13
665 251 -13
665 663 19
665 664 -28
665 667 19
665 1051 -13
251 252 -28
251 224 -19
251 1026 -28
251 277 -19
663 661 28
663 662 28
663 249 28
663 1049 -8
664 636 8
664 692 13
664 1054 28
664 254 13
667 253 8
667 669 8
667 1053 -28
667 666 8
1051 279 13
1051 1025 13
1051 1079 -13
1051 1052 8
391 392 -19
391 419 -28
391 785 -8
392 782 -28
392 390 8
392 394 -13
419 20 8
419 813 28
419 447 -19
419 420 -13
785 783 -28
785 19 -13
785 787 -8
785 784 19
473 445 28
473 867 8
473 474 -19
473 501 -28
473 71 -13
445 839 28
445 417 13
445 446 13
445 45 -19
867 97 13
867 869 8
867 865 -28
867 866 -13
474 476 8
474 864 8
474 472 -28
474 68 -28
501 502 -28
501 894 19
501 529 -13
501 98 -8
71 73 -8
71 69 -19
71 836 -13
71 70 28
936 543 13
936 934 -28
936 935 8
936 938 28
543 570 19
543 515 -28
543 544 13
543 138 28
934 162 13
934 933 -19
934 932 -13
934 541 13
935 166 19
935 546 8
935 907 -19
935 962 -19
938 937 28
938 165 28
938 940 13
938 545 -13
161 134 19
161 569 -19
161 932 -13
161 186 -28
134 904 8
134 107 8
134 542 -28
569 568 8
569 958 -28
569 571 -13
932 931 28
186 213 -13
186 597 8
186 959 13
476 70 19
476 866 -8
476 475 19
476 478 8
70 839 -19
70 44 -19
866 838 19
866 893 -13
866 100 -28
475 73 19
475 869 -19
475 447 19
475 503 8
478 868 -28
478 477 -28
478 72 -13
478 480 13
439 39 -19
439 833 -13
439 467 -19
439 440 -13
439 411 -19
39 38 19
39 37 19
39 41 -19
39 802 28
833 835 -28
833 64 -13
833 832 -19
833 831 19
467 495 -13
467 861 -8
467 468 13
467 65 8
440 438 -28
440 830 19
440 36 28
440 442 19
411 412 13
411 12 -8
411 383 -28
411 805 -13
880 878 -28
880 110 8
880 879 28
880 882 -28
880 487 -19
878 877 13
878 485 19
878 108 -8
110 137 -28
110 83 28
110 111 -13
110 518 -28
879 852 8
879 490 -13
879 907 -19
879 113 13
882 489 -8
882 112 8
882 881 -13
882 884 19
487 488 19
487 459 -28
487 515 -28
487 84 8
193 605 -28
193 220 13
193 194 8
193 967 19
193 167 -19
605 994 19
605 603 8
605 604 28
605 607 -28
220 633 13
220 247 8
220 995 -19
220 221 -8
194 602 -13
194 196 -19
194 192 -28
194 964 -8
967 574 8
967 969 -19
967 965 13
967 966 -8
167 577 28
167 141 -28
167 940 28
705 1091 -8
705 707 -13
705 704 28
705 703 -19
705 288 -8
1091 318 19
1091 1063 -19
1091 1092 -8
1091 1119 8
707 290 -8
707 1093 8
707 706 -28
704 291 8
704 676 19
704 732 28
704 1094 -28
703 1089 -28
703 701 -8
703 286 -19
703 702 -28
288 289 28
288 315 28
288 263 8
288 1064 -28
539 566 13
539 511 13
539 540 13
566 594 -8
566 567 -13
511 512 -8
511 483 -8
540 132 13
540 929 8
540 538 13
289 291 -13
289 287 -28
289 702 8
289 1061 -13
315 342 -19
315 316 -19
315 733 13
315 1092 8
263 1038 -8
263 236 -28
263 264 -8
263 677 -8
1064 1063 13
1064 1066 13
1064 1062 8
1064 674 28
38 805 19
38 11 8
38 442 28
38 64 19
805 804 8
805 807 -28
805 803 -8
11 12 19
11 777 8
11 414 28
442 444 13
442 832 -13
442 441 8
64 91 28
64 65 -19
64 470 8
20 18 19
20 782 28
20 22 19
20 19 13
18 16 19
18 417 -8
18 780 13
18 17 -8
782 810 28
782 783 -28
22 421 13
22 21 -28
22 784 13
22 24 13
19 422 -19
19 46 8
291 290 -19
291 1063 -13
290 1066 -8
290 265 19
290 317 19
1063 1037 -13
1063 677 -13
257 1032 -19
257 671 13
257 258 -8
257 230 13
257 282 28
1032 1034 13
1032 1030 8
1032 640 19
1032 1031 28
671 673 -8
671 1057 -28
671 670 -28
671 669 -19
258 256 -19
258 668 28
258 260 -13
258 1029 13
230 1005 13
230 643 19
230 231 -28
230 203 28
282 283 8
282 1058 -13
282 309 -28
282 699 -19
524 526 8
524 523 13
524 522 -19
524 116 -8
524 913 -13
526 118 8
526 525 -19
526 528 -28
526 915 13
523 119 28
523 495 -28
523 551 28
523 916 19
522 911 13
522 520 -13
522 114 8
522 521 -19
116 886 -28
116 89 -13
116 143 -28
116 117 19
913 914 13
913 941 -8
913 885 -19
913 146 13
886 884 -19
886 888 -19
886 885 -13
886 493 -13
89 90 8
89 62 -13
89 859 -13
89 496 -8
143 552 13
143 914 -13
143 144 -13
143 168 13
117 119 -28
117 115 8
117 521 8
117 883 13
810 420 -13
810 838 28
810 811 -8
810 47 28
420 422 19
420 418 -28
420 17 13
838 839 13
838 73 19
838 448 -13
811 44 -13
811 809 28
811 417 -28
811 813 19
47 45 -13
47 447 -13
47 46 13
47 49 -19
1035 1061 -13
1035 1036 13
1035 1008 13
1035 264 -13
1035 647 8
1061 1089 8
1061 1062 -28
1061 675 8
1036 1034 -13
1036 644 13
1036 1038 -13
1036 261 -13
1008 619 8
1008 1009 -28
1008 980 28
1008 237 28
264 262 -13
264 674 -13
264 266 13
647 645 8
647 234 19
647 646 8
647 649 28
489 86 -13
489 517 28
489 490 19
489 461 19
86 852 -19
86 85 -28
86 88 28
86 84 19
517 545 -13
517 518 -8
517 910 8
517 113 13
490 488 13
490 83 28
490 492 -28
461 462 -13
461 59 28
461 433 19
461 855 19
623 621 -13
623 622 28
623 211 -19
623 1011 -8
621 619 -28
621 209 -8
621 620 -8
622 594 -19
622 650 19
211 238 8
211 212 -19
211 985 13
211 184 -13
1011 1012 -8
1011 984 28
753 752 8
753 1139 8
753 751 13
753 755 28
752 337 8
752 724 13
752 1142 13
1139 1140 13
1139 364 28
751 750 8
751 1137 13
751 749 -13
751 332 28
755 336 -28
755 754 13
755 1141 -8
755 757 -13
119 118 -28
119 885 -8
119 121 -28
118 91 -8
118 145 19
118 888 -28
885 858 13
885 496 28
121 525 -8
121 887 -13
121 123 -8
361 1140 -13
361 362 13
307 308 28
307 1084 28
307 280 13
307 725 -8
335 337 -19
335 750 8
335 333 -13
335 1109 -19
337 336 -13
337 339 -19
336 363 13
336 309 -19
339 754 28
339 338 -19
339 1113 -19
339 341 -13
794 31 -28
794 795 -8
794 822 -19
794 404 -13
794 766 -8
31 33 -8
31 431 13
31 30 19
31 29 -28
795 28 13
795 793 13
795 797 -8
795 401 -8
822 850 -8
822 432 -13
822 57 -19
822 823 8
404 406 19
404 402 -19
404 403 -28
404 1 13
766 376 13
766 767 -8
766 4 -13
1128 349 13
1128 1127 28
1128 1130 19
1128 738 13
1128 1126 -19
349 322 -28
349 350 13
1127 352 28
1127 1099 -19
1127 741 13
1130 351 -13
1130 1132 28
1130 1129 8
1130 740 13
738 710 8
738 739 28
738 323 -19
1126 736 -13
1126 347 -8
1126 1125 -19
1126 1124 -19
67 65 -19
67 69 -8
67 469 -19
67 66 -28
67 832 19
65 63 8
65 830 -28
69 68 -13
69 471 19
69 834 13
469 470 13
469 441 8
469 863 8
469 497 13
66 472 -28
66 835 -13
66 40 19
66 93 28
832 804 -13
832 860 -28
858 92 -8
858 830 -13
858 859 13
858 468 -19
92 495 8
92 91 -13
92 94 -19
92 90 13
830 802 8
830 831 -13
859 465 13
859 857 -28
859 861 8
468 62 -8
468 466 28
468 470 13
573 571 13
573 575 8
573 962 -19
573 572 -13
571 162 8
571 570 -8
571 960 -28
575 574 -19
575 577 -19
575 964 13
575 165 28
962 990 8
962 963 8
962 192 -28
572 166 -28
572 545 28
572 965 13
572 600 28
673 1059 8
673 675 -28
673 259 28
673 672 8
1057 285 19
1057 1031 13
1057 1085 19
1057 1058 13
670 642 -28
670 698 -28
670 1060 8
670 260 19
669 255 -28
669 1055 28
669 668 -19
397 425 28
397 791 -8
397 398 19
425 453 -19
425 426 19
425 26 -8
425 819 13
791 789 13
791 25 -19
791 790 -19
398 396 -13
398 788 28
398 400 13
839 841 28
839 837 -19
841 447 -28
841 72 -13
841 843 13
841 840 19
837 835 -8
837 68 13
837 836 -19
837 443 -28
1083 310 -8
1083 1084 -8
1083 1055 13
1083 697 19
310 312 13
310 308 13
310 724 -8
310 309 8
1084 694 -19
1084 1082 8
1084 1086 -8
1055 283 19
1055 1056 13
1055 1029 28
697 695 -19
697 280 -8
697 699 8
697 696 28
166 164 -28
166 165 28
164 933 -28
164 163 -19
164 570 -8
165 191 -13
165 139 19
636 227 -8
636 1028 -8
636 637 -19
636 608 28
227 226 13
227 229 8
227 225 13
227 998 19
1028 253 -19
1028 1026 8
1028 1030 -19
1028 1027 -13
637 639 13
637 1025 8
637 635 -8
637 224 -8
608 609 13
608 580 -28
608 200 8
608 1001 -28
574 547 19
574 602 -8
577 579 8
577 966 -28
577 576 -8
964 937 -28
964 992 -8
964 965 -8
942 941 8
942 549 13
942 940 -8
942 944 8
942 168 -13
941 171 -8
941 552 19
941 968 19
549 550 -28
549 144 -28
549 521 28
549 576 19
940 547 -8
940 939 -28
944 551 -13
944 946 28
944 170 19
944 943 -13
168 579 -28
168 195 -28
168 169 -13
905 933 -13
905 516 19
905 877 13
905 138 -19
905 906 -13
933 544 -13
933 960 -8
516 514 -8
516 108 8
516 515 -19
516 518 8
877 488 -28
877 111 19
877 850 -19
138 137 8
138 136 28
138 140 -13
906 513 28
906 908 19
906 904 -19
906 135 -13
226 1001 -28
226 199 -13
226 639 8
226 253 13
1001 1000 13
1001 1003 8
1001 999 -13
199 200 8
199 611 -8
199 973 -8
639 638 -8
639 1027 -19
639 641 -28
253 278 -28
253 254 19
482 872 28
482 480 -19
482 76 -28
482 484 -19
482 481 -28
872 899 19
872 873 -19
872 106 13
872 844 -13
480 870 -28
480 74 -8
480 479 -8
76 50 8
76 103 -13
76 77 28
76 845 19
484 78 -28
484 483 -28
484 874 19
481 453 -13
481 509 19
481 79 28
481 875 -28
417 418 13
417 389 -19
446 444 8
446 836 19
446 448 -13
446 42 13
45 44 8
45 43 19
45 808 8
884 114 -19
884 883 19
884 491 13
888 495 -13
888 890 8
888 887 8
493 465 -13
493 90 8
493 521 13
493 494 -19
1004 1031 13
1004 615 8
1004 1005 -19
1004 233 8
1004 976 28
1031 260 -13
1031 643 -28
615 613 -13
615 614 -8
615 617 -13
615 203 19
1005 612 -19
1005 1007 -19
1005 1003 -19
233 642 -19
233 232 19
233 235 19
233 231 -19
976 977 -8
976 206 -8
976 949 19
976 587 -13
721 720 -28
721 1107 28
721 723 8
721 303 -28
721 719 13
720 306 -28
720 692 -28
720 748 -19
1107 1108 13
1107 1135 8
1107 1079 19
1107 333 -28
723 1109 -19
723 305 -13
723 725 8
303 330 -19
303 1080 28
303 304 -8
303 277 -28
719 1105 -19
719 717 19
719 301 19
719 718 -8
44 448 -13
44 17 19
448 447 -8
448 450 28
17 783 13
989 596 -13
989 987 -28
989 991 13
989 988 -8
989 214 -19
596 568 -13
596 624 -19
596 597 13
596 188 28
987 213 -13
987 986 13
991 990 -13
991 598 -28
991 993 13
991 216 19
988 217 -28
988 599 8
988 1015 19
988 960 28
214 241 -19
214 627 13
214 187 -8
214 215 -28
306 305 -8
306 308 8
306 304 8
306 1079 13
305 278 28
305 1082 -28
305 332 -8
308 1081 28
304 718 19
304 1077 -19
304 302 8
1079 1080 -28
1079 693 -19
816 426 13
816 817 -13
816 53 -8
816 788 13
816 844 13
426 424 8
426 428 19
426 23 28
817 815 -13
817 423 28
817 50 -19
817 819 -28
53 453 13
53 52 -19
53 51 -13
788 789 -28
788 26 -28
844 845 19
844 79 8
844 454 -19
495 496 19
496 494 -19
496 498 -8
279 692 -8
279 278 28
279 281 28
1025 998 28
1025 254 -28
1025 1026 -8
1052 662 28
1052 1050 8
1052 1054 -28
1052 277 28
125 529 28
125 124 -13
125 127 28
125 123 -13
125 891 19
529 922 -8
529 557 -28
529 530 -19
124 97 -13
124 532 -13
124 894 19
124 151 -19
127 531 -28
127 893 -8
127 129 -19
127 126 28
123 527 13
123 889 28
123 122 -19
891 864 8
891 892 -8
891 502 8
891 919 -28
594 595 8
595 593 -19
595 984 13
595 184 13
352 350 8
352 351 8
352 354 -19
350 1125 -13
350 348 28
351 324 19
354 1129 -28
354 356 -8
354 353 28
91 498 19
91 861 -8
498 497 -8
498 887 8
498 500 -13
861 863 -8
861 860 -19
1134 1133 28
1134 1136 28
1134 1132 -8
1134 744 19
1134 355 -13
1133 358 -13
1133 1105 28
1133 747 19
1136 1135 -19
1136 357 -13
1136 1138 8
1136 746 28
1132 1131 13
1132 742 8
1132 353 13
744 716 -8
744 329 -13
744 745 -19
355 356 8
355 328 -8
73 72 8
73 75 -28
72 46 28
72 99 -13
75 77 -13
75 74 -28
75 840 -8
75 477 28
864 836 -28
864 865 -13
864 98 -8
836 808 -13
865 863 19
865 471 -8
865 95 13
98 97 19
98 96 -13
98 100 19
579 581 -13
579 968 8
579 578 13
581 580 -8
581 970 8
581 170 8
581 583 28
968 996 -19
968 969 -28
968 198 -28
578 171 -8
578 606 -19
578 551 -8
578 971 -8
570 963 13
570 598 28
515 908 -8
515 111 28
544 546 19
544 542 8
544 135 -13
736 737 8
736 708 8
736 321 -8
737 1123 8
737 739 13
737 319 19
708 1098 28
708 294 28
708 680 -28
708 709 -19
321 1095 8
321 323 -8
321 320 -19
1099 1071 8
1099 325 13
1099 713 -13
1099 1100 -19
1071 298 13
1071 1072 28
1071 685 8
1071 1044 28
325 324 8
325 327 13
325 323 19
325 740 -19
713 712 28
713 711 -8
713 295 28
713 715 8
1100 710 28
1100 1102 13
1100 1098 -13
1100 322 -28
1089 316 8
1089 1117 19
1089 1090 28
316 318 28
316 314 -19
316 730 19
1117 1145 13
1117 1118 19
1117 343 19
1117 731 19
1090 1088 8
1090 700 13
1090 1092 -8
1090 313 -19
171 169 28
171 173 -28
171 170 -13
169 939 -28
169 576 13
173 580 28
173 943 -13
173 175 13
170 145 -8
170 197 -19
642 1034 -19
642 643 28
642 614 13
1034 259 -19
1034 1033 28
643 645 13
643 641 28
614 586 28
614 206 28
614 1007 -19
137 908 19
137 546 8
908 907 -8
908 910 -19
546 545 28
546 548 -19
948 555 28
948 950 19
948 947 13
948 174 19
948 946 19
555 527 -8
555 150 -13
555 582 13
950 176 -8
950 557 -19
950 949 13
950 951 28
947 177 28
947 558 13
947 919 8
947 974 -19
174 585 19
174 149 -13
174 201 -19
174 175 -8
946 945 -19
946 553 -8
645 1033 -8
645 232 -8
645 644 19
1033 1006 -13
1033 262 13
1033 1059 -13
232 259 -8
232 1007 19
232 205 19
644 235 13
644 672 19
644 616 -13
911 883 -13
911 912 -8
911 939 -13
911 144 28
883 494 28
883 856 8
912 910 -8
912 519 -19
912 914 28
912 141 28
939 550 -13
939 966 13
144 146 28
144 142 28
259 284 -28
259 260 13
1007 1006 8
1007 1009 19
205 206 13
205 979 28
205 178 -8
205 617 8
654 626 -8
654 682 19
654 244 19
654 1045 -19
654 655 28
626 217 -13
626 1018 -8
626 627 -28
626 598 8
682 710 8
682 683 19
682 1072 19
682 270 -13
244 243 -13
244 246 -19
244 242 8
244 1015 13
1045 1043 -13
1045 1044 19
1045 1046 -19
655 653 28
655 657 13
655 1042 -13
655 241 8
463 61 -13
463 857 28
463 464 -8
463 435 -13
463 491 -8
61 63 28
61 59 -19
61 826 -19
61 60 19
857 87 -13
857 855 -8
857 856 -13
464 466 -28
464 854 8
464 462 -13
464 58 -19
435 436 -8
435 407 -28
435 829 19
435 35 -8
491 492 28
491 519 -8
491 88 13
727 729 -13
727 725 19
727 1113 -28
727 726 -8
727 309 -8
729 311 -19
729 1115 8
729 731 13
729 728 19
725 724 -8
1113 1141 -8
1113 1085 -28
726 312 8
726 698 8
726 754 8
726 1116 -8
309 1086 28
217 215 -8
217 219 -8
217 216 13
215 986 -13
215 624 8
219 990 -28
219 628 19
219 218 -13
219 221 13
216 189 -19
216 243 -13
216 629 19
692 1082 28
692 693 13
1082 1081 13
1082 1080 -19
693 695 -13
693 691 8
693 277 8
312 314 8
312 311 8
312 1085 -19
314 313 -8
314 1087 19
314 728 13
311 284 -19
311 1088 8
1085 699 -19
1085 1086 -13
465 466 -8
465 63 -28
465 437 -13
466 60 -28
466 856 19
63 62 8
63 828 -28
437 438 28
437 37 8
437 409 -13
437 831 8
410 408 -8
410 800 19
410 412 -8
410 7 28
410 409 -13
408 407 19
408 406 -19
408 798 -13
408 5 8
800 37 -19
800 772 19
800 828 19
800 801 28
412 414 -19
412 802 -28
412 9 -13
7 34 -13
7 8 -19
7 773 -8
409 381 8
409 10 -8
409 803 13
278 695 13
278 1054 -28
695 694 -19
695 1081 -28
1054 1056 -28
1054 1053 8
502 504 13
502 500 8
502 95 13
894 893 -8
894 896 -28
894 892 -8
694 666 -13
694 281 28
666 638 -19
666 256 8
666 1056 -8
281 283 -13
281 1053 8
281 280 8
285 698 -13
285 284 28
285 287 -8
285 283 13
1058 1060 -19
1058 1056 -8
1058 668 -19
358 356 -13
358 357 -13
358 360 -13
356 1131 -19
357 330 19
360 359 13
360 1135 8
360 362 8
97 504 -19
504 893 -13
504 506 8
504 503 -13
513 541 13
513 109 28
513 514 -28
513 485 -8
541 568 -28
541 136 8
541 542 -13
109 876 19
109 111 19
109 108 8
514 107 -19
514 903 13
485 486 -28
485 457 -8
485 82 -8
613 201 -28
613 1002 -8
613 611 -13
613 612 -13
201 228 28
201 202 28
201 975 -8
1002 1029 -8
1002 974 -13
1002 1003 -13
1002 231 28
611 1000 13
611 609 -19
611 610 -8
612 584 28
612 204 -19
612 640 -8
1043 268 8
1043 652 13
1043 1041 19
1043 1042 -28
268 683 13
268 293 -8
268 241 -8
652 653 28
652 242 -28
652 624 -8
652 680 8
1041 267 13
1041 1040 8
1042 270 19
1042 1069 -13
1042 1015 -28
743 741 8
743 742 -13
743 324 19
743 745 28
743 1129 -28
741 739 28
741 322 28
741 740 19
742 714 -28
742 327 13
324 297 -13
324 1102 -8
745 326 -19
745 1131 8
745 747 -13
1129 1101 8
1140 1142 -28
1140 1138 19
1140 750 -19
1142 1141 19
1142 363 -19
1142 1144 19
1138 359 8
1138 1137 -8
1138 748 28
297 715 -19
297 298 8
297 271 -19
297 1074 28
1102 712 -8
1102 1104 8
1102 1101 -28
567 565 -8
567 956 28
567 159 -19
1105 1077 28
1105 331 -19
1105 1106 28
1077 691 -28
1077 1078 8
1077 1049 -8
331 330 -13
331 333 19
331 746 -13
331 329 8
1106 1108 -19
1106 1104 -19
1106 716 -28
1106 328 13
648 239 8
648 649 -19
648 620 19
648 1039 -28
648 676 13
239 238 -8
239 237 -28
649 651 -8
649 236 -19
649 1037 8
620 212 28
620 1012 19
620 592 19
1039 265 -8
1039 1038 -13
676 1066 19
676 266 -28
676 677 -28
1108 718 -28
1108 330 13
718 690 -19
718 746 -8
330 749 -13
661 660 -19
661 1047 -13
661 659 -8
661 247 19
660 250 -19
660 688 8
660 1050 19
660 632 -13
1047 1048 -13
1047 1021 -19
1047 1075 -8
1047 276 -8
659 245 28
659 658 19
659 657 19
247 1022 -19
247 273 -28
247 248 -28
238 265 19
238 1012 -8
238 651 19
265 679 -13
265 266 -13
1012 1010 -8
651 650 28
907 140 28
907 518 13
910 139 -8
910 909 8
470 472 13
470 860 -28
441 835 8
441 413 -13
441 41 -8
863 93 -8
863 862 28
497 94 -28
497 525 13
497 890 -19
472 862 -13
472 471 -13
862 96 -28
862 834 -13
862 889 -28
471 443 -28
471 499 8
931 542 -19
931 958 -19
931 163 -19
931 903 -13
958 986 28
958 959 -8
958 188 8
163 568 -13
163 162 -13
903 904 -19
903 136 -8
903 876 -28
698 1088 19
698 699 -8
1088 1087 -13
1088 1086 8
699 701 -8
189 963 8
189 190 -28
189 601 28
963 961 19
963 965 19
190 598 13
190 192 -13
190 188 13
190 960 -19
601 603 13
601 990 8
601 599 -13
601 600 -19
318 317 8
318 732 -28
317 735 8
317 344 8
317 1094 13
732 760 -13
732 1122 -28
732 733 -28
416 13 8
416 414 8
416 806 28
416 418 -28
416 415 -28
13 40 -28
13 779 19
13 14 -19
414 804 -19
414 413 28
806 43 -13
806 778 13
806 834 -28
806 807 13
418 808 19
418 15 -8
415 16 -8
415 387 -13
415 809 13
415 443 8
701 700 13
701 284 -13
701 1087 8
700 287 19
700 728 -19
700 672 28
284 1060 19
1087 1059 13
1087 1115 -13
535 928 -13
535 536 -28
535 563 19
535 131 -13
535 507 -28
928 157 -13
928 927 19
928 926 28
928 930 -19
536 925 13
536 128 -8
536 538 28
536 534 13
563 158 -19
563 590 -8
563 955 8
131 129 13
131 897 -13
131 130 8
131 133 19
507 900 28
507 508 28
507 104 28
507 479 8
1060 1059 28
1060 1062 -13
710 711 13
710 296 19
711 293 -8
711 1097 19
711 709 -19
296 1069 -13
296 298 -28
296 295 -19
296 294 13
783 781 -13
783 389 28
16 15 -8
16 14 19
16 778 28
15 781 28
15 42 19
14 413 19
14 12 28
14 776 -28
778 388 8
778 779 -28
1037 1038 13
1037 266 13
677 679 8
677 675 13
287 1059 19
287 286 28
286 261 8
286 1062 19
286 313 -28
520 112 -19
520 518 19
520 519 -8
520 909 -28
112 85 -8
112 113 -13
112 139 -13
519 115 -13
519 547 -13
909 937 19
909 142 8
909 881 28
85 492 28
85 855 28
85 58 -13
113 115 8
113 111 19
139 140 8
139 548 -19
787 393 19
787 789 19
787 21 19
787 786 -28
784 812 -13
784 394 19
1066 1065 -19
1065 1093 13
1065 679 -8
619 207 -28
619 618 8
619 617 13
207 981 -28
207 234 19
207 208 -19
207 180 13
618 590 -19
618 210 13
618 1010 19
618 646 -13
617 1006 8
617 616 8
94 93 8
94 96 -8
94 860 -28
93 500 -8
96 499 -28
96 95 19
860 887 -28
749 747 28
749 1135 28
749 748 -19
114 141 -19
114 87 28
114 115 8
141 550 -19
141 142 -8
87 494 13
87 88 13
87 60 -13
115 881 13
62 831 -8
62 36 13
828 438 13
828 829 -13
828 856 -28
158 156 13
158 160 13
158 157 -13
158 925 -19
156 561 13
156 155 -28
156 154 8
156 923 13
160 927 8
160 564 28
160 159 -28
157 565 -28
157 182 -13
157 130 -19
925 926 -28
925 897 19
1053 1027 -8
1053 1081 -13
393 394 -13
393 421 -28
394 396 -8
421 422 -28
421 815 8
421 449 -19
835 834 28
834 444 13
1123 1095 8
1123 348 -28
1123 1124 -8
1095 1096 13
1095 1067 19
1095 709 -28
348 347 28
1124 346 8
568 961 -8
961 959 13
961 187 -19
961 960 13
162 135 -28
162 187 -13
135 136 13
135 108 8
187 599 -13
187 188 -8
868 869 19
868 840 -28
868 895 -13
868 102 -13
477 449 -8
477 505 -19
477 871 19
937 548 13
548 550 8
548 547 -19
881 492 28
881 854 8
717 1103 13
717 299 -28
717 716 -13
717 715 -19
1103 1131 -19
1103 1104 13
1103 329 -8
1103 1075 19
299 1076 28
299 326 8
299 300 -13
299 273 8
716 302 13
716 688 -13
715 714 -13
715 1101 13
422 812 -8
422 424 -13
812 840 -13
812 49 -8
812 813 -19
424 21 -13
424 814 -19
424 423 13
46 813 -19
46 450 28
789 23 19
789 395 -8
23 50 -13
23 24 28
395 396 -8
395 423 -19
40 807 -8
40 444 -19
40 41 -13
807 413 -19
807 809 -13
444 443 -28
41 43 19
41 804 -19
981 979 13
981 588 -13
981 983 13
981 980 -8
979 977 -28
979 586 -28
979 978 -19
588 616 28
588 561 -13
588 589 -8
588 181 13
983 590 -28
983 985 28
983 982 19
983 209 -19
980 210 -8
980 952 13
980 591 -13
21 48 -19
24 786 -8
24 26 19
24 423 19
650 678 19
145 554 8
145 146 -28
145 916 28
301 328 8
301 302 8
301 275 19
301 1078 19
328 329 19
328 747 -19
302 1075 8
302 300 -8
275 249 -28
275 691 -8
275 1050 -28
275 276 28
1078 1076 -13
1078 688 19
1078 1080 -13
250 249 -28
250 252 19
250 248 -8
250 1021 28
249 1024 13
249 222 8
252 662 19
252 1023 8
252 254 -13
248 658 28
248 1019 28
248 246 -13
1021 633 -19
1021 994 -13
1021 1022 -8
25 52 -19
25 26 19
25 428 28
790 818 -19
790 400 -13
1026 1024 19
1026 634 13
1030 638 -8
1030 1029 8
1030 255 8
1027 256 -8
1027 1000 28
363 364 -19
1145 370 19
1145 1146 19
1145 759 8
370 369 -8
370 368 -13
370 372 -19
1146 367 -13
1146 756 -8
1146 1148 19
1146 1144 -28
759 758 -19
759 761 -8
759 340 28
759 757 -28
590 183 -13
590 591 -13
183 952 13
183 182 19
183 181 28
183 185 8
591 180 -13
591 593 19
591 589 19
68 95 19
68 42 -19
347 320 -13
320 1098 8
320 739 -19
320 293 13
740 712 19
675 674 -8
675 261 28
672 262 -19
672 1062 8
843 74 -28
843 449 28
843 842 13
843 845 28
840 450 -13
390 389 -8
390 388 -13
390 780 -19
388 386 -19
388 387 19
780 781 19
780 808 -28
547 142 -28
602 603 28
602 630 -8
602 995 -8
638 229 13
638 610 28
229 1000 19
229 228 19
229 231 -13
610 582 -28
610 202 -28
610 1003 -8
1076 686 28
1076 1075 13
1076 1074 -13
686 658 -13
686 714 8
686 274 -13
686 687 -28
1075 689 13
1074 1073 -19
1074 1072 -19
1074 684 -19
890 889 28
890 892 -28
887 915 19
210 209 8
210 208 -19
210 212 28
209 236 -8
209 182 -8
208 206 8
208 616 -13
208 978 -13
212 982 -13
1006 978 -28
1006 235 13
978 589 -19
235 234 -19
235 237 8
438 436 28
438 34 -8
436 434 28
436 32 -28
436 826 -28
34 60 28
34 35 -19
34 801 8
1109 1137 -8
1109 1081 19
332 359 8
332 333 -28
37 35 13
37 36 -19
35 33 -8
35 798 13
36 9 -19
36 803 28
256 254 13
256 255 19
255 228 13
255 280 19
369 1148 8
369 342 -13
1148 1147 28
1148 758 -28
1148 1150 13
342 343 -8
342 1120 8
342 761 28
405 377 8
405 406 -28
405 799 28
405 433 8
405 6 19
377 378 13
377 771 19
406 3 -13
406 796 -28
799 32 28
799 801 8
799 798 -8
799 797 -28
433 434 -13
433 33 -28
433 827 8
6 8 -13
6 5 28
6 4 19
6 768 -13
488 81 8
488 486 -28
81 108 19
81 55 19
81 82 -28
81 851 -8
486 876 19
486 80 -19
353 326 19
746 747 -28
77 79 -13
77 479 -28
77 842 28
74 48 28
74 101 28
855 854 19
855 853 28
856 90 -19
739 1125 -13
323 322 -13
323 1097 -19
847 453 -28
847 78 -8
847 846 8
847 845 -19
453 454 -28
78 52 -8
78 105 -8
78 79 -8
846 456 28
846 874 28
846 818 -19
845 451 28
396 786 -28
786 814 28
616 1009 -8
1080 690 -13
234 261 13
234 1009 13
261 262 -8
1009 1010 13
656 657 8
656 628 13
656 246 -28
656 684 -13
656 1046 19
657 243 19
657 1044 -13
628 1020 -28
628 600 8
628 629 -19
246 245 -13
246 1017 -8
684 712 13
684 685 28
684 272 -13
1046 271 -8
1046 1048 -19
984 985 13
984 956 8
443 43 19
1115 1143 -19
1115 1116 -13
1115 341 13
731 730 -13
731 313 -19
731 733 -19
728 756 28
728 1118 -13
381 382 28
381 775 8
10 9 -28
10 8 -19
10 772 -19
10 12 28
803 802 -19
803 801 -8
43 42 -8
42 809 19
313 340 -8
802 774 19
9 775 -8
775 773 -19
775 777 -8
775 774 13
262 260 8
815 814 28
815 48 19
815 813 -28
814 51 28
814 842 19
48 452 -28
48 49 -8
512 105 28
512 510 13
512 901 -13
105 106 28
105 132 28
105 875 -8
510 508 -8
510 899 -19
510 509 28
510 103 -8
901 929 -19
901 874 19
901 902 13
779 781 13
779 385 19
779 777 -28
584 977 28
584 177 -28
584 585 -13
584 557 8
204 206 19
204 202 -19
204 974 28
204 203 -8
640 641 13
640 231 -13
640 668 19
781 387 8
90 88 -13
88 854 -19
586 559 -28
586 179 -13
586 587 -8
560 558 -13
560 949 -28
560 559 -13
560 151 -13
560 562 28
558 557 19
558 149 28
949 921 -19
949 179 13
559 531 -13
559 951 8
559 154 19
151 176 -19
151 922 28
151 152 28
562 561 28
562 153 8
333 748 -19
688 689 -8
688 276 8
1050 1049 13
1050 1048 13
632 1024 -19
632 633 13
632 223 -19
632 604 -8
1086 696 13
662 690 -13
662 634 -8
690 691 8
634 635 -13
634 606 -19
634 225 -28
499 527 28
499 892 19
499 500 19
876 848 13
848 849 8
848 458 -19
848 820 13
848 82 -19
1010 236 8
808 809 8
850 460 -19
850 84 19
850 851 -13
977 203 19
977 975 -28
203 176 -8
975 973 8
975 582 13
975 974 -13
712 298 13
298 300 -19
1093 1121 -13
1093 1094 -8
679 678 8
646 674 -13
646 1038 28
646 237 13
27 793 -28
27 54 13
27 430 -19
27 0 19
793 792 -19
54 80 8
54 458 8
54 821 -19
430 429 -8
430 820 -19
430 432 -28
0 402 8
0 765 -28
271 245 -28
271 272 13
271 687 -8
95 122 -8
955 957 28
955 182 19
955 954 13
955 953 -28
1024 1023 -19
1024 1022 -13
1023 1049 -19
1023 996 13
1023 635 19
1022 1020 -8
1022 630 28
245 1020 13
245 218 -28
1020 1019 28
1020 1018 -13
218 631 28
218 191 -13
218 993 19
869 871 -8
869 99 -28
871 870 -19
871 101 19
871 873 8
99 506 -13
99 126 -19
99 100 19
831 829 8
565 954 -13
565 564 -8
954 927 -13
954 982 -19
954 185 19
564 957 -8
564 537 28
564 592 13
182 593 28
130 103 -19
130 900 -8
130 538 8
927 538 -13
927 899 28
159 132 -8
159 184 28
159 930 -8
668 696 -13
1125 1097 8
1097 1098 28
1097 1069 -8
386 385 -8
386 776 28
386 384 28
385 413 -13
776 804 -28
776 777 -8
384 383 -8
384 774 28
384 382 19
1072 295 -28
1072 1070 8
685 683 -19
685 269 8
685 687 -19
1044 1017 -8
1044 272 28
952 953 -8
434 30 13
434 432 -28
434 824 8
30 3 -28
30 797 19
432 28 13
432 431 8
824 852 28
824 825 -28
824 59 28
824 796 -13
985 592 28
982 593 13
283 696 -8
696 724 19
33 796 -19
33 32 -13
796 768 19
796 797 8
32 5 8
32 58 -13
222 635 -19
222 195 13
222 997 28
222 223 -13
818 819 19
818 428 -13
400 399 -13
826 854 -8
826 827 28
826 798 13
763 761 19
763 344 -13
763 1149 19
763 762 -13
761 1147 19
761 760 19
344 371 19
344 345 -19
344 1122 -8
1149 1150 -19
1149 1121 -19
762 734 -28
1000 972 13
1029 641 -28
1147 372 -13
1147 1119 -19
372 371 -13
1119 1120 8
1119 345 19
1119 733 -28
450 452 -13
450 449 -13
322 295 19
80 849 -8
80 107 -19
849 851 19
852 462 19
852 853 19
462 460 -8
853 459 28
853 83 13
853 851 -19
691 689 -28
236 237 -28
633 635 -28
633 631 -19
631 1019 -19
631 630 -19
631 629 13
132 133 8
132 902 13
929 956 28
929 930 -19
538 537 -13
371 1150 28
1150 760 -8
407 8 -19
407 801 28
407 379 13
8 770 28
379 773 -8
379 380 8
83 84 8
492 494 13
683 681 28
683 1069 -13
681 267 -19
681 680 19
1069 1070 -13
28 1 28
28 55 28
28 29 -28
797 403 -8
401 429 -19
401 402 -19
401 2 -28
401 373 8
58 59 -13
58 827 13
957 956 8
957 184 13
184 185 19
921 532 -19
921 893 19
921 154 19
921 922 19
532 531 19
532 530 -13
532 534 19
154 153 13
154 152 -19
922 920 8
922 924 8
224 197 13
224 999 -28
224 225 -13
658 630 28
658 1048 -13
630 221 13
1048 273 8
225 996 -13
225 223 8
998 609 28
998 970 19
998 999 -8
1096 319 -8
1096 1098 8
319 346 28
319 292 19
375 376 13
375 403 8
375 769 13
376 378 19
376 374 -13
403 431 8
403 4 28
769 768 19
769 771 -13
769 767 -13
769 3 28
1003 228 13
12 774 -8
383 777 28
483 455 19
460 458 8
460 55 19
460 459 28
458 457 -19
55 823 -19
55 56 28
459 57 19
459 431 19
423 451 -13
50 454 -13
50 51 13
819 52 28
689 273 8
689 687 19
273 274 -19
687 1073 -13
593 592 8
531 503 8
531 924 -19
951 178 -8
951 953 -13
561 533 19
561 953 19
153 924 -8
153 126 -13
153 178 28
1056 280 28
1019 992 19
992 603 -13
992 993 -28
992 221 -19
924 926 28
924 923 19
126 534 19
126 896 13
178 589 13
178 179 -28
292 1068 -19
292 709 -8
292 267 8
1092 702 8
1092 1094 13
899 900 -19
899 133 28
1104 714 28
1104 326 -13
1101 327 8
1101 1073 13
653 240 19
653 1040 28
241 242 28
241 1016 -8
382 380 28
382 772 19
1067 294 13
1067 1040 8
1067 1068 13
294 293 -8
1040 1013 -8
1068 1070 -19
587 176 -13
587 585 -19
587 589 28
60 829 -19
429 29 8
429 823 -13
429 457 19
29 792 28
823 825 13
823 821 -28
457 851 13
457 56 -19
714 300 -19
300 1073 13
557 152 13
530 919 -19
530 528 19
530 122 -8
592 185 -8
1 2 28
1 767 28
758 730 -28
758 343 19
340 1118 -19
340 367 28
340 341 -28
757 756 -8
757 1143 -19
757 338 19
326 327 -28
996 607 -13
996 997 19
100 503 13
100 102 13
537 509 -8
537 930 19
537 133 -8
772 773 -28
327 329 19
820 792 -8
820 821 -28
820 56 13
82 84 -19
829 827 8
827 825 28
451 51 8
451 479 13
451 452 -19
51 49 -28
479 873 28
452 842 8
452 454 -13
5 771 -13
180 155 19
180 953 19
180 181 28
128 155 8
128 129 8
128 898 -28
128 101 -8
534 533 -28
534 923 8
994 223 -13
994 966 -28
994 995 -28
223 221 13
966 196 28
995 993 13
995 997 -8
293 1070 -13
129 533 -19
129 895 -19
897 508 -13
897 870 13
897 898 13
295 269 28
177 176 8
177 175 19
177 179 8
585 974 8
585 583 19
604 196 -8
604 576 -8
604 997 13
545 140 -8
195 196 -19
195 969 28
195 607 28
997 999 13
972 973 -8
972 202 -28
972 583 19
972 945 13
270 269 8
270 272 -8
269 243 28
243 1018 -28
49 449 -19
367 368 28
756 341 -13
1144 754 13
1144 365 -19
1144 1143 -28
276 274 -8
603 191 13
191 192 -13
191 965 19
152 150 28
152 919 8
641 228 19
378 768 -13
378 380 -8
771 770 19
771 773 13
57 59 -28
57 56 28
431 825 28
368 1143 -28
368 366 28
3 4 19
525 553 -13
553 580 8
553 554 13
4 2 13
533 926 -19
533 505 -28
1018 1017 28
1018 1016 -8
155 926 28
609 607 19
609 197 -13
607 606 -19
197 198 8
197 971 13
990 1017 28
1017 629 -28
730 702 -19
730 1120 8
343 345 19
343 341 -28
503 896 -8
760 345 28
1016 1014 -13
1016 624 8
1016 1015 -8
678 706 -28
580 973 -8
973 971 13
179 181 -13
600 192 -28
600 993 -28
629 627 -13
200 202 8
200 198 -28
200 970 19
198 196 19
198 606 -13
970 971 -28
970 943 -13
103 104 28
103 873 19
900 898 -19
900 902 13
509 902 -13
509 106 13
1141 366 -8
366 365 28
366 364 19
898 896 19
898 505 -19
606 999 -13
1070 680 19
734 735 28
734 706 -28
735 733 13
735 1121 19
272 274 8
402 792 -13
792 764 28
365 338 -28
338 1116 8
770 380 8
770 798 -28
550 552 28
552 554 19
552 551 -8
240 1014 -28
240 213 -19
240 267 -8
527 920 19
527 528 -19
920 919 -8
920 149 13
528 917 -8
969 576 28
969 971 28
508 506 13
508 101 13
506 895 -28
506 505 28
101 102 -13
1014 1013 -28
1013 242 -13
1013 986 -28
1013 625 -28
945 917 8
945 175 -19
554 943 -8
674 702 28
150 149 -8
150 917 -19
149 122 -19
917 889 -19
923 895 -8
374 764 -28
374 373 28
505 102 19
1137 362 19
362 364 13
582 175 -8
582 583 28
1118 1116 -13
1118 1120 -13
1120 1122 8
895 896 -13
122 892 19
764 765 -13
764 2 -28
765 767 -19
842 870 19
454 456 -13
874 875 19
373 767 28
1121 1122 -28
870 104 -13
104 106 13
104 102 -13
521 914 -13
551 146 28
914 916 8
624 625 -13
889 500 8
873 875 28
986 597 28
625 627 19
625 213 -8
1015 627 28
915 943 -8
915 916 -13
399 427 28
427 428 -13
427 455 -19
598 599 8
140 142 -8
456 455 13
456 52 -8
599 597 13
