1112 1111 13
1112 334 8
1112 1110 -19
1112 1114 13
1112 722 -28
1111 337 19
1111 1083 -28
1111 1139 -8
1111 725 -8
334 753 -19
334 361 8
334 307 -8
334 335 -19
1110 1108 -13
1110 332 -13
1110 720 8
1110 1109 -19
1114 336 8
1114 724 -19
1114 1116 -8
1114 1113 -13
722 694 28
722 723 -28
722 308 13
722 750 19
147 918 28
147 172 -28
147 556 28
147 148 28
147 120 -19
918 525 -13
918 917 8
918 920 28
918 916 13
172 199 -13
172 173 -8
172 583 -28
172 946 -28
556 558 -28
556 555 -28
556 945 -13
556 554 13
148 150 -28
148 553 8
148 146 -13
148 915 19
120 121 19
120 528 -13
120 890 -8
120 93 -19
665 251 -13
665 663 19
665 664 13
665 667 8
665 1051 8
251 252 19
251 224 -19
251 1026 28
251 277 19
663 661 8
663 662 -28
663 249 13
663 1049 -13
664 636 13
664 692 28
664 1054 -8
664 254 -13
667 253 19
667 669 19
667 1053 19
667 666 -8
1051 279 28
1051 1025 19
1051 1079 -28
1051 1052 28
391 392 -8
391 419 8
391 785 19
392 782 -13
392 390 -8
392 394 8
419 20 -8
419 813 19
419 447 13
419 420 28
785 783 -28
785 19 19
785 787 8
785 784 -13
473 445 -19
473 867 -19
473 474 -19
473 501 -8
473 71 -8
445 839 13
445 417 -8
445 446 -13
445 45 28
867 97 19
867 869 8
867 865 13
867 866 13
474 476 13
474 864 -19
474 472 8
474 68 -19
501 502 13
501 894 13
501 529 -13
501 98 -8
71 73 -19
71 69 28
71 836 28
71 70 8
936 543 -13
936 934 8
936 935 -28
936 938 13
543 570 8
543 515 28
543 544 -28
543 138 -28
934 162 -19
934 933 28
934 932 -28
934 541 -19
935 166 28
935 546 -28
935 907 -8
935 962 -8
938 937 28
938 165 -13
938 940 13
938 545 -28
161 134 -8
161 569 28
161 932 8
161 186 -28
134 904 -28
134 107 19
134 542 -28
569 568 28
569 958 -28
569 571 13
932 931 -13
186 213 -28
186 597 -28
186 959 13
476 70 28
476 866 28
476 475 13
476 478 -13
70 839 13
70 44 13
866 838 -28
866 893 19
866 100 -13
475 73 13
475 869 19
475 447 -28
475 503 -8
478 868 13
478 477 28
478 72 -8
478 480 -8
439 39 -28
439 833 8
439 467 -8
439 440 13
439 411 -19
39 38 13
39 37 -19
39 41 -19
39 802 8
833 835 -19
833 64 -13
833 832 -13
833 831 28
467 495 8
467 861 -19
467 468 19
467 65 19
440 438 13
440 830 28
440 36 13
440 442 8
411 412 8
411 12 -13
411 383 -19
411 805 -19
880 878 -19
880 110 13
880 879 -28
880 882 -28
880 487 13
878 877 -13
878 485 19
878 108 -19
110 137 -8
110 83 8
110 111 8
110 518 8
879 852 13
879 490 -19
879 907 -19
879 113 -13
882 489 -13
882 112 8
882 881 -19
882 884 8
487 488 8
487 459 -13
487 515 8
487 84 -19
193 605 -13
193 220 -13
193 194 19
193 967 -8
193 167 13
605 994 19
605 603 -8
605 604 -19
605 607 -8
220 633 -13
220 247 -28
220 995 19
220 221 13
194 602 -19
194 196 19
194 192 8
194 964 8
967 574 -13
967 969 13
967 965 -28
967 966 -13
167 577 28
167 141 28
167 940 28
705 1091 28
705 707 -8
705 704 8
705 703 13
705 288 -28
1091 318 8
1091 1063 13
1091 1092 -8
1091 1119 -8
707 290 -19
707 1093 28
707 706 -28
704 291 19
704 676 13
704 732 19
704 1094 -13
703 1089 -28
703 701 -28
703 286 -28
703 702 19
288 289 28
288 315 -8
288 263 -19
288 1064 19
539 566 8
539 511 28
539 540 -28
566 594 -28
566 567 8
511 512 -19
511 483 13
540 132 -28
540 929 28
540 538 -8
289 291 -19
289 287 28
289 702 -8
289 1061 8
315 342 19
315 316 -19
315 733 -28
315 1092 19
263 1038 -8
263 236 19
263 264 28
263 677 8
1064 1063 -28
1064 1066 -8
1064 1062 19
1064 674 -19
38 805 13
38 11 -8
38 442 -13
38 64 -13
805 804 -28
805 807 13
805 803 -19
11 12 -13
11 777 28
11 414 -8
442 444 -13
442 832 -28
442 441 -19
64 91 -28
64 65 8
64 470 -8
20 18 8
20 782 28
20 22 -28
20 19 8
18 16 28
18 417 -28
18 780 -19
18 17 -13
782 810 19
782 783 13
22 421 8
22 21 -13
22 784 8
22 24 8
19 422 -19
19 46 13
291 290 -13
291 1063 28
290 1066 19
290 265 -28
290 317 -8
1063 1037 8
1063 677 8
257 1032 13
257 671 -8
257 258 8
257 230 8
257 282 13
1032 1034 -28
1032 1030 -28
1032 640 -28
1032 1031 -8
671 673 -19
671 1057 8
671 670 28
671 669 8
258 256 -8
258 668 -28
258 260 -28
258 1029 19
230 1005 -8
230 643 -8
230 231 28
230 203 28
282 283 -19
282 1058 28
282 309 13
282 699 8
524 526 -13
524 523 8
524 522 8
524 116 -19
524 913 19
526 118 13
526 525 -19
526 528 -13
526 915 -13
523 119 -28
523 495 -13
523 551 -19
523 916 19
522 911 -13
522 520 -28
522 114 -19
522 521 28
116 886 -8
116 89 19
116 143 28
116 117 -19
913 914 -8
913 941 -13
913 885 -19
913 146 -13
886 884 19
886 888 -13
886 885 8
886 493 -28
89 90 -8
89 62 8
89 859 8
89 496 19
143 552 19
143 914 -19
143 144 28
143 168 -8
117 119 -28
117 115 8
117 521 13
117 883 -28
810 420 -8
810 838 19
810 811 -28
810 47 19
420 422 28
420 418 -13
420 17 19
838 839 8
838 73 -28
838 448 -8
811 44 19
811 809 -19
811 417 19
811 813 -28
47 45 28
47 447 28
47 46 -13
47 49 28
1035 1061 -8
1035 1036 28
1035 1008 19
1035 264 -13
1035 647 -19
1061 1089 -19
1061 1062 19
1061 675 19
1036 1034 -28
1036 644 -28
1036 1038 8
1036 261 19
1008 619 13
1008 1009 28
1008 980 -8
1008 237 19
264 262 -8
264 674 8
264 266 -8
647 645 -28
647 234 19
647 646 -8
647 649 -8
489 86 -8
489 517 19
489 490 13
489 461 28
86 852 19
86 85 -8
86 88 28
86 84 8
517 545 28
517 518 19
517 910 -19
517 113 -8
490 488 28
490 83 -8
490 492 -8
461 462 -28
461 59 -13
461 433 -13
461 855 -19
623 621 -8
623 622 19
623 211 -28
623 1011 28
621 619 -19
621 209 -8
621 620 8
622 594 8
622 650 13
211 238 -8
211 212 13
211 985 13
211 184 -8
1011 1012 19
1011 984 28
753 752 -8
753 1139 19
753 751 -13
753 755 -19
752 337 -28
752 724 -28
752 1142 8
1139 1140 -19
1139 364 13
751 750 -19
751 1137 19
751 749 -19
751 332 13
755 336 13
755 754 13
755 1141 -8
755 757 8
119 118 -13
119 885 13
119 121 19
118 91 -8
118 145 -8
118 888 -13
885 858 -8
885 496 19
121 525 8
121 887 -19
121 123 -19
361 1140 -28
361 362 -19
307 308 -19
307 1084 -28
307 280 -19
307 725 -28
335 337 19
335 750 -19
335 333 -13
335 1109 28
337 336 -19
337 339 -13
336 363 8
336 309 -28
339 754 -13
339 338 19
339 1113 -28
339 341 28
794 31 28
794 795 13
794 822 19
794 404 13
794 766 -19
31 33 28
31 431 -28
31 30 13
31 29 -13
795 28 19
795 793 8
795 797 19
795 401 19
822 850 28
822 432 8
822 57 -13
822 823 28
404 406 28
404 402 -13
404 403 -8
404 1 -8
766 376 -8
766 767 8
766 4 13
1128 349 -13
1128 1127 13
1128 1130 -19
1128 738 8
1128 1126 19
349 322 -8
349 350 8
1127 352 8
1127 1099 19
1127 741 13
1130 351 8
1130 1132 28
1130 1129 -19
1130 740 -19
738 710 -8
738 739 -19
738 323 28
1126 736 8
1126 347 19
1126 1125 13
1126 1124 -28
67 65 -19
67 69 -28
67 469 13
67 66 -13
67 832 -19
65 63 -13
65 830 -8
69 68 -28
69 471 -28
69 834 -28
469 470 -8
469 441 -28
469 863 8
469 497 13
66 472 -19
66 835 -28
66 40 28
66 93 28
832 804 19
832 860 19
858 92 19
858 830 28
858 859 -13
858 468 -13
92 495 19
92 91 -8
92 94 -13
92 90 8
830 802 -8
830 831 28
859 465 19
859 857 8
859 861 -28
468 62 -28
468 466 -13
468 470 -13
573 571 8
573 575 -8
573 962 -8
573 572 -19
571 162 -19
571 570 13
571 960 8
575 574 -8
575 577 -28
575 964 28
575 165 19
962 990 -8
962 963 13
962 192 -8
572 166 28
572 545 8
572 965 -8
572 600 28
673 1059 -28
673 675 -13
673 259 19
673 672 8
1057 285 19
1057 1031 13
1057 1085 28
1057 1058 13
670 642 19
670 698 -19
670 1060 19
670 260 13
669 255 8
669 1055 19
669 668 -13
397 425 28
397 791 19
397 398 8
425 453 -19
425 426 28
425 26 -28
425 819 8
791 789 13
791 25 28
791 790 -8
398 396 19
398 788 -13
398 400 8
839 841 -8
839 837 19
841 447 -28
841 72 -19
841 843 -13
841 840 -19
837 835 19
837 68 28
837 836 -13
837 443 -19
1083 310 -19
1083 1084 8
1083 1055 28
1083 697 19
310 312 -19
310 308 13
310 724 -28
310 309 8
1084 694 -8
1084 1082 19
1084 1086 19
1055 283 -28
1055 1056 -13
1055 1029 -13
697 695 8
697 280 -13
697 699 19
697 696 -8
166 164 19
166 165 -13
164 933 -13
164 163 -28
164 570 19
165 191 19
165 139 -28
636 227 -19
636 1028 13
636 637 13
636 608 19
227 226 -28
227 229 8
227 225 -28
227 998 28
1028 253 8
1028 1026 13
1028 1030 28
1028 1027 8
637 639 -28
637 1025 28
637 635 -13
637 224 13
608 609 -13
608 580 13
608 200 -19
608 1001 -8
574 547 19
574 602 -13
577 579 -8
577 966 19
577 576 8
964 937 -8
964 992 19
964 965 19
942 941 -19
942 549 13
942 940 -28
942 944 -19
942 168 -19
941 171 19
941 552 -8
941 968 19
549 550 13
549 144 -28
549 521 28
549 576 13
940 547 -8
940 939 -8
944 551 19
944 946 -13
944 170 -8
944 943 -19
168 579 19
168 195 19
168 169 13
905 933 -28
905 516 19
905 877 8
905 138 19
905 906 19
933 544 19
933 960 28
516 514 28
516 108 8
516 515 -13
516 518 8
877 488 -8
877 111 -19
877 850 -8
138 137 28
138 136 -8
138 140 13
906 513 -13
906 908 -8
906 904 -19
906 135 19
226 1001 -28
226 199 19
226 639 8
226 253 13
1001 1000 19
1001 1003 -8
1001 999 -19
199 200 13
199 611 8
199 973 -13
639 638 28
639 1027 -8
639 641 -13
253 278 -28
253 254 -19
482 872 -13
482 480 -13
482 76 28
482 484 -13
482 481 13
872 899 -13
872 873 13
872 106 13
872 844 -28
480 870 13
480 74 28
480 479 28
76 50 8
76 103 28
76 77 19
76 845 19
484 78 8
484 483 -8
484 874 -13
481 453 8
481 509 19
481 79 -19
481 875 28
417 418 -19
417 389 19
446 444 -13
446 836 13
446 448 8
446 42 13
45 44 -13
45 43 -19
45 808 28
884 114 19
884 883 -28
884 491 13
888 495 -8
888 890 28
888 887 13
493 465 -19
493 90 -13
493 521 13
493 494 -19
1004 1031 8
1004 615 19
1004 1005 19
1004 233 -8
1004 976 -19
1031 260 19
1031 643 -19
615 613 -28
615 614 19
615 617 19
615 203 8
1005 612 -19
1005 1007 -28
1005 1003 13
233 642 -19
233 232 8
233 235 -19
233 231 -13
976 977 8
976 206 13
976 949 28
976 587 28
721 720 19
721 1107 13
721 723 8
721 303 -8
721 719 8
720 306 13
720 692 -13
720 748 -13
1107 1108 -8
1107 1135 -8
1107 1079 -28
1107 333 8
723 1109 -8
723 305 -13
723 725 -13
303 330 -8
303 1080 28
303 304 13
303 277 -13
719 1105 19
719 717 13
719 301 -28
719 718 8
44 448 13
44 17 -19
448 447 -19
448 450 -19
17 783 -28
989 596 8
989 987 -13
989 991 -8
989 988 -13
989 214 13
596 568 -8
596 624 -19
596 597 28
596 188 -19
987 213 -19
987 986 13
991 990 -19
991 598 -8
991 993 -19
991 216 19
988 217 28
988 599 -28
988 1015 28
988 960 -13
214 241 -19
214 627 -28
214 187 -13
214 215 -28
306 305 -28
306 308 19
306 304 -13
306 1079 -13
305 278 28
305 1082 -13
305 332 -28
308 1081 19
304 718 -19
304 1077 19
304 302 -19
1079 1080 28
1079 693 -28
816 426 13
816 817 -28
816 53 13
816 788 -8
816 844 -28
426 424 19
426 428 -13
426 23 -13
817 815 -8
817 423 28
817 50 8
817 819 -13
53 453 -8
53 52 -19
53 51 19
788 789 -28
788 26 -28
844 845 13
844 79 -28
844 454 8
495 496 -28
496 494 -19
496 498 -13
279 692 -8
279 278 -28
279 281 -28
1025 998 28
1025 254 13
1025 1026 8
1052 662 -19
1052 1050 8
1052 1054 13
1052 277 19
125 529 19
125 124 -28
125 127 -13
125 123 13
125 891 8
529 922 -13
529 557 -19
529 530 8
124 97 19
124 532 19
124 894 -19
124 151 -28
127 531 -28
127 893 8
127 129 19
127 126 8
123 527 -13
123 889 13
123 122 19
891 864 19
891 892 19
891 502 19
891 919 28
594 595 19
595 593 -13
595 984 -8
595 184 28
352 350 -13
352 351 -28
352 354 -28
350 1125 19
350 348 28
351 324 -19
354 1129 -13
354 356 19
354 353 8
91 498 -13
91 861 19
498 497 19
498 887 28
498 500 -13
861 863 -13
861 860 13
1134 1133 28
1134 1136 -13
1134 1132 8
1134 744 8
1134 355 19
1133 358 8
1133 1105 13
1133 747 28
1136 1135 8
1136 357 28
1136 1138 -13
1136 746 -19
1132 1131 -13
1132 742 19
1132 353 -8
744 716 -28
744 329 -28
744 745 28
355 356 -28
355 328 8
73 72 -8
73 75 19
72 46 28
72 99 -13
75 77 -8
75 74 -28
75 840 19
75 477 -28
864 836 19
864 865 -28
864 98 19
836 808 -13
865 863 28
865 471 -8
865 95 -8
98 97 13
98 96 -28
98 100 -13
579 581 19
579 968 28
579 578 28
581 580 13
581 970 -8
581 170 19
581 583 13
968 996 8
968 969 28
968 198 8
578 171 -19
578 606 19
578 551 28
578 971 8
570 963 19
570 598 19
515 908 19
515 111 -19
544 546 8
544 542 -8
544 135 -13
736 737 -8
736 708 13
736 321 -13
737 1123 -19
737 739 8
737 319 28
708 1098 28
708 294 13
708 680 28
708 709 28
321 1095 -8
321 323 19
321 320 19
1099 1071 -19
1099 325 -8
1099 713 -19
1099 1100 -28
1071 298 19
1071 1072 19
1071 685 19
1071 1044 -28
325 324 13
325 327 28
325 323 28
325 740 -19
713 712 -28
713 711 -19
713 295 19
713 715 19
1100 710 -19
1100 1102 8
1100 1098 -8
1100 322 13
1089 316 -19
1089 1117 -13
1089 1090 -28
316 318 -28
316 314 -13
316 730 28
1117 1145 -8
1117 1118 -13
1117 343 -13
1117 731 28
1090 1088 8
1090 700 -8
1090 1092 -13
1090 313 -28
171 169 13
171 173 -19
171 170 19
169 939 13
169 576 -8
173 580 -28
173 943 -8
173 175 -8
170 145 13
170 197 -19
642 1034 -13
642 643 -28
642 614 -28
1034 259 19
1034 1033 8
643 645 -13
643 641 -19
614 586 19
614 206 19
614 1007 -13
137 908 -8
137 546 19
908 907 13
908 910 -13
546 545 -28
546 548 -28
948 555 28
948 950 -8
948 947 8
948 174 -19
948 946 -13
555 527 -13
555 150 -8
555 582 13
950 176 19
950 557 -13
950 949 -13
950 951 -19
947 177 19
947 558 -28
947 919 13
947 974 28
174 585 -28
174 149 -8
174 201 -13
174 175 8
946 945 -28
946 553 8
645 1033 -13
645 232 -28
645 644 -28
1033 1006 -19
1033 262 -19
1033 1059 19
232 259 -19
232 1007 -28
232 205 13
644 235 -19
644 672 19
644 616 13
911 883 19
911 912 -8
911 939 -19
911 144 13
883 494 13
883 856 8
912 910 8
912 519 8
912 914 -13
912 141 -28
939 550 8
939 966 19
144 146 13
144 142 -8
259 284 -19
259 260 -19
1007 1006 -13
1007 1009 -13
205 206 -28
205 979 -19
205 178 13
205 617 8
654 626 19
654 682 13
654 244 28
654 1045 8
654 655 -13
626 217 -28
626 1018 28
626 627 -8
626 598 -19
682 710 13
682 683 -28
682 1072 8
682 270 28
244 243 -19
244 246 19
244 242 13
244 1015 -28
1045 1043 -13
1045 1044 -13
1045 1046 -13
655 653 -13
655 657 13
655 1042 28
655 241 -8
463 61 -13
463 857 -8
463 464 -13
463 435 -28
463 491 8
61 63 28
61 59 -19
61 826 -8
61 60 8
857 87 -8
857 855 19
857 856 13
464 466 13
464 854 28
464 462 -28
464 58 -28
435 436 -13
435 407 -13
435 829 28
435 35 19
491 492 28
491 519 -28
491 88 -8
727 729 8
727 725 28
727 1113 -8
727 726 13
727 309 28
729 311 -8
729 1115 13
729 731 28
729 728 -13
725 724 13
1113 1141 13
1113 1085 -13
726 312 -8
726 698 19
726 754 19
726 1116 -19
309 1086 -13
217 215 -8
217 219 -13
217 216 -28
215 986 -19
215 624 28
219 990 13
219 628 13
219 218 -19
219 221 13
216 189 28
216 243 -28
216 629 28
692 1082 19
692 693 28
1082 1081 -28
1082 1080 13
693 695 -13
693 691 13
693 277 -28
312 314 -13
312 311 -13
312 1085 -13
314 313 19
314 1087 28
314 728 13
311 284 19
311 1088 13
1085 699 -28
1085 1086 -28
465 466 13
465 63 8
465 437 -8
466 60 19
466 856 -28
63 62 8
63 828 -28
437 438 -19
437 37 -28
437 409 8
437 831 -28
410 408 28
410 800 8
410 412 -8
410 7 19
410 409 8
408 407 28
408 406 -13
408 798 -28
408 5 19
800 37 13
800 772 13
800 828 13
800 801 -28
412 414 -13
412 802 -19
412 9 19
7 34 8
7 8 19
7 773 -13
409 381 -28
409 10 -19
409 803 -28
278 695 -28
278 1054 -19
695 694 -8
695 1081 28
1054 1056 -28
1054 1053 13
502 504 13
502 500 -19
502 95 -19
894 893 -19
894 896 -8
894 892 13
694 666 -13
694 281 13
666 638 28
666 256 -28
666 1056 -19
281 283 8
281 1053 13
281 280 -8
285 698 -28
285 284 28
285 287 -13
285 283 -8
1058 1060 8
1058 1056 -28
1058 668 -19
358 356 19
358 357 -8
358 360 19
356 1131 -28
357 330 13
360 359 -8
360 1135 19
360 362 -28
97 504 28
504 893 -8
504 506 8
504 503 -8
513 541 -13
513 109 -13
513 514 -13
513 485 -19
541 568 -28
541 136 19
541 542 28
109 876 13
109 111 19
109 108 19
514 107 19
514 903 -8
485 486 19
485 457 19
485 82 19
613 201 -8
613 1002 13
613 611 13
613 612 -19
201 228 -8
201 202 19
201 975 -28
1002 1029 -8
1002 974 -13
1002 1003 -19
1002 231 -19
611 1000 8
611 609 13
611 610 -19
612 584 -19
612 204 13
612 640 -19
1043 268 -8
1043 652 -8
1043 1041 28
1043 1042 -19
268 683 13
268 293 8
268 241 13
652 653 19
652 242 8
652 624 8
652 680 -13
1041 267 -8
1041 1040 -19
1042 270 13
1042 1069 -28
1042 1015 -8
743 741 -28
743 742 28
743 324 19
743 745 -19
743 1129 19
741 739 28
741 322 28
741 740 -28
742 714 -13
742 327 8
324 297 -28
324 1102 28
745 326 19
745 1131 19
745 747 28
1129 1101 13
1140 1142 -8
1140 1138 8
1140 750 -8
1142 1141 -8
1142 363 -13
1142 1144 8
1138 359 -19
1138 1137 19
1138 748 -19
297 715 8
297 298 -13
297 271 19
297 1074 8
1102 712 -19
1102 1104 13
1102 1101 -28
567 565 8
567 956 13
567 159 13
1105 1077 28
1105 331 8
1105 1106 -13
1077 691 8
1077 1078 8
1077 1049 28
331 330 -19
331 333 13
331 746 28
331 329 -28
1106 1108 -19
1106 1104 8
1106 716 -8
1106 328 -28
648 239 -19
648 649 19
648 620 -13
648 1039 13
648 676 -13
239 238 28
239 237 -13
649 651 13
649 236 19
649 1037 28
620 212 -28
620 1012 13
620 592 -28
1039 265 -28
1039 1038 -8
676 1066 -8
676 266 28
676 677 8
1108 718 28
1108 330 -28
718 690 -19
718 746 28
330 749 -8
661 660 13
661 1047 -28
661 659 8
661 247 8
660 250 13
660 688 19
660 1050 28
660 632 19
1047 1048 19
1047 1021 -28
1047 1075 -19
1047 276 8
659 245 19
659 658 -13
659 657 13
247 1022 -28
247 273 -13
247 248 8
238 265 28
238 1012 8
238 651 8
265 679 -13
265 266 19
1012 1010 -19
651 650 -28
907 140 -19
907 518 13
910 139 28
910 909 -19
470 472 -13
470 860 -28
441 835 -8
441 413 -8
441 41 8
863 93 -8
863 862 28
497 94 -28
497 525 -8
497 890 -19
472 862 13
472 471 13
862 96 -8
862 834 19
862 889 19
471 443 19
471 499 19
931 542 -13
931 958 -13
931 163 8
931 903 -28
958 986 -13
958 959 -19
958 188 -19
163 568 -28
163 162 13
903 904 -13
903 136 19
903 876 -28
698 1088 -19
698 699 19
1088 1087 -19
1088 1086 -19
699 701 -28
189 963 -19
189 190 -28
189 601 -13
963 961 -13
963 965 -19
190 598 -13
190 192 -19
190 188 8
190 960 8
601 603 13
601 990 8
601 599 -13
601 600 -28
318 317 8
318 732 -19
317 735 8
317 344 -28
317 1094 8
732 760 19
732 1122 -19
732 733 28
416 13 13
416 414 -28
416 806 -13
416 418 28
416 415 28
13 40 28
13 779 8
13 14 28
414 804 8
414 413 -13
806 43 -28
806 778 -8
806 834 -19
806 807 -19
418 808 8
418 15 -19
415 16 8
415 387 -28
415 809 13
415 443 13
701 700 -8
701 284 -19
701 1087 -28
700 287 13
700 728 13
700 672 8
284 1060 28
1087 1059 28
1087 1115 -13
535 928 -13
535 536 -8
535 563 -19
535 131 -19
535 507 8
928 157 -13
928 927 13
928 926 -13
928 930 19
536 925 13
536 128 -28
536 538 -28
536 534 13
563 158 -8
563 590 -28
563 955 -8
131 129 8
131 897 -19
131 130 13
131 133 -13
507 900 -8
507 508 8
507 104 -13
507 479 19
1060 1059 -13
1060 1062 -19
710 711 19
710 296 -8
711 293 -13
711 1097 19
711 709 -19
296 1069 13
296 298 -13
296 295 -28
296 294 28
783 781 -8
783 389 -13
16 15 -19
16 14 19
16 778 -19
15 781 -8
15 42 8
14 413 28
14 12 -13
14 776 -13
778 388 -8
778 779 -19
1037 1038 28
1037 266 -8
677 679 8
677 675 13
287 1059 -8
287 286 28
286 261 13
286 1062 8
286 313 13
520 112 -13
520 518 -13
520 519 13
520 909 -19
112 85 -8
112 113 -19
112 139 -19
519 115 -19
519 547 13
909 937 13
909 142 -28
909 881 28
85 492 19
85 855 13
85 58 19
113 115 -13
113 111 -13
139 140 -19
139 548 19
787 393 -19
787 789 28
787 21 8
787 786 -19
784 812 19
784 394 19
1066 1065 -28
1065 1093 -8
1065 679 28
619 207 -28
619 618 8
619 617 -13
207 981 8
207 234 -19
207 208 8
207 180 19
618 590 -19
618 210 -19
618 1010 -19
618 646 13
617 1006 28
617 616 -13
94 93 -19
94 96 19
94 860 28
93 500 28
96 499 19
96 95 -8
860 887 28
749 747 19
749 1135 28
749 748 -13
114 141 13
114 87 -28
114 115 13
141 550 -13
141 142 -8
87 494 -8
87 88 28
87 60 -28
115 881 8
62 831 19
62 36 -13
828 438 -19
828 829 -8
828 856 -19
158 156 13
158 160 13
158 157 13
158 925 28
156 561 13
156 155 -13
156 154 -19
156 923 28
160 927 -19
160 564 13
160 159 -8
157 565 -19
157 182 19
157 130 28
925 926 13
925 897 28
1053 1027 13
1053 1081 28
393 394 8
393 421 8
394 396 13
421 422 13
421 815 19
421 449 28
835 834 -19
834 444 -13
1123 1095 -8
1123 348 19
1123 1124 19
1095 1096 8
1095 1067 -13
1095 709 -19
348 347 13
1124 346 28
568 961 13
961 959 19
961 187 -28
961 960 8
162 135 8
162 187 -28
135 136 -28
135 108 8
187 599 19
187 188 8
868 869 -19
868 840 19
868 895 13
868 102 -28
477 449 -28
477 505 19
477 871 -19
937 548 28
548 550 8
548 547 28
881 492 8
881 854 8
717 1103 -8
717 299 -28
717 716 19
717 715 13
1103 1131 -8
1103 1104 -13
1103 329 -19
1103 1075 -19
299 1076 -28
299 326 -28
299 300 19
299 273 -19
716 302 -13
716 688 -13
715 714 8
715 1101 -19
422 812 -28
422 424 -28
812 840 19
812 49 19
812 813 -19
424 21 8
424 814 -13
424 423 28
46 813 -19
46 450 -8
789 23 -28
789 395 28
23 50 -13
23 24 28
395 396 19
395 423 -13
40 807 13
40 444 13
40 41 13
807 413 8
807 809 13
444 443 -28
41 43 -19
41 804 8
981 979 8
981 588 8
981 983 8
981 980 28
979 977 19
979 586 13
979 978 -28
588 616 -19
588 561 28
588 589 8
588 181 -19
983 590 -28
983 985 19
983 982 -19
983 209 28
980 210 -19
980 952 13
980 591 -28
21 48 8
24 786 -8
24 26 -8
24 423 -8
650 678 -19
145 554 8
145 146 -28
145 916 -28
301 328 19
301 302 28
301 275 13
301 1078 13
328 329 -28
328 747 8
302 1075 13
302 300 13
275 249 28
275 691 -13
275 1050 -28
275 276 -28
1078 1076 -28
1078 688 -28
1078 1080 13
250 249 -19
250 252 28
250 248 -19
250 1021 -28
249 1024 8
249 222 -13
252 662 8
252 1023 8
252 254 -8
248 658 -8
248 1019 -8
248 246 13
1021 633 -8
1021 994 19
1021 1022 -19
25 52 -19
25 26 -19
25 428 8
790 818 -28
790 400 -28
1026 1024 -19
1026 634 -28
1030 638 28
1030 1029 8
1030 255 -28
1027 256 28
1027 1000 -8
363 364 8
1145 370 -8
1145 1146 -8
1145 759 19
370 369 19
370 368 -13
370 372 19
1146 367 -8
1146 756 -28
1146 1148 -8
1146 1144 13
759 758 -13
759 761 19
759 340 -19
759 757 13
590 183 13
590 591 28
183 952 13
183 182 19
183 181 -13
183 185 -8
591 180 28
591 593 28
591 589 28
68 95 -8
68 42 -13
347 320 8
320 1098 19
320 739 28
320 293 19
740 712 8
675 674 28
675 261 13
672 262 -19
672 1062 19
843 74 8
843 449 -19
843 842 -13
843 845 -19
840 450 -8
390 389 -8
390 388 8
390 780 -8
388 386 -19
388 387 -8
780 781 8
780 808 8
547 142 -13
602 603 -19
602 630 19
602 995 -8
638 229 13
638 610 -13
229 1000 -13
229 228 -28
229 231 8
610 582 19
610 202 -13
610 1003 -28
1076 686 28
1076 1075 -13
1076 1074 19
686 658 19
686 714 28
686 274 8
686 687 -19
1075 689 -19
1074 1073 19
1074 1072 -13
1074 684 -13
890 889 -8
890 892 -8
887 915 8
210 209 -8
210 208 -28
210 212 -19
209 236 19
209 182 13
208 206 -13
208 616 -19
208 978 -13
212 982 -28
1006 978 8
1006 235 8
978 589 -13
235 234 -13
235 237 19
438 436 28
438 34 28
436 434 -19
436 32 19
436 826 -19
34 60 19
34 35 -28
34 801 8
1109 1137 -13
1109 1081 -13
332 359 19
332 333 13
37 35 8
37 36 -8
35 33 19
35 798 -19
36 9 -28
36 803 -28
256 254 8
256 255 -8
255 228 8
255 280 28
369 1148 13
369 342 13
1148 1147 -8
1148 758 -28
1148 1150 -19
342 343 19
342 1120 28
342 761 19
405 377 -13
405 406 -8
405 799 28
405 433 -19
405 6 28
377 378 -13
377 771 -8
406 3 8
406 796 -13
799 32 -8
799 801 -19
799 798 8
799 797 19
433 434 -13
433 33 -8
433 827 13
6 8 19
6 5 19
6 4 28
6 768 8
488 81 8
488 486 -8
81 108 -8
81 55 8
81 82 8
81 851 -19
486 876 28
486 80 -8
353 326 -28
746 747 28
77 79 8
77 479 13
77 842 -8
74 48 -19
74 101 -13
855 854 -13
855 853 13
856 90 28
739 1125 8
323 322 -19
323 1097 -13
847 453 -13
847 78 13
847 846 -28
847 845 8
453 454 13
78 52 -13
78 105 28
78 79 -28
846 456 19
846 874 -8
846 818 -28
845 451 -19
396 786 -19
786 814 -8
616 1009 -8
1080 690 13
234 261 8
234 1009 13
261 262 -13
1009 1010 19
656 657 28
656 628 28
656 246 19
656 684 8
656 1046 19
657 243 -13
657 1044 19
628 1020 -8
628 600 19
628 629 -8
246 245 28
246 1017 -8
684 712 19
684 685 -13
684 272 28
1046 271 28
1046 1048 -8
984 985 13
984 956 13
443 43 19
1115 1143 8
1115 1116 -28
1115 341 -8
731 730 -19
731 313 13
731 733 -13
728 756 28
728 1118 28
381 382 -28
381 775 19
10 9 -8
10 8 -19
10 772 8
10 12 8
803 802 -8
803 801 13
43 42 -19
42 809 -13
313 340 -19
802 774 19
9 775 8
775 773 -13
775 777 28
775 774 28
262 260 -28
815 814 13
815 48 13
815 813 -19
814 51 19
814 842 13
48 452 8
48 49 19
512 105 -8
512 510 -28
512 901 -8
105 106 13
105 132 -8
105 875 -13
510 508 -19
510 899 -8
510 509 13
510 103 19
901 929 28
901 874 -19
901 902 8
779 781 8
779 385 -28
779 777 28
584 977 -13
584 177 19
584 585 -19
584 557 28
204 206 -8
204 202 19
204 974 8
204 203 -28
640 641 -19
640 231 -13
640 668 19
781 387 8
90 88 28
88 854 8
586 559 13
586 179 -8
586 587 -8
560 558 -19
560 949 19
560 559 -13
560 151 19
560 562 -13
558 557 28
558 149 -13
949 921 -13
949 179 -19
559 531 -13
559 951 -8
559 154 28
151 176 28
151 922 -13
151 152 13
562 561 -19
562 153 -8
333 748 19
688 689 8
688 276 8
1050 1049 8
1050 1048 -19
632 1024 -8
632 633 -8
632 223 -28
632 604 -19
1086 696 -8
662 690 -28
662 634 13
690 691 -19
634 635 -13
634 606 -28
634 225 8
499 527 -28
499 892 28
499 500 13
876 848 -28
848 849 -8
848 458 -19
848 820 -28
848 82 13
1010 236 28
808 809 8
850 460 -13
850 84 28
850 851 -13
977 203 -13
977 975 -28
203 176 8
975 973 -8
975 582 8
975 974 13
712 298 -28
298 300 -8
1093 1121 19
1093 1094 19
679 678 8
646 674 -19
646 1038 -8
646 237 8
27 793 13
27 54 28
27 430 28
27 0 19
793 792 -19
54 80 -19
54 458 19
54 821 -28
430 429 -13
430 820 -19
430 432 -13
0 402 -28
0 765 28
271 245 19
271 272 -8
271 687 28
95 122 -28
955 957 28
955 182 19
955 954 -13
955 953 -13
1024 1023 -19
1024 1022 -19
1023 1049 8
1023 996 -13
1023 635 -19
1022 1020 -13
1022 630 19
245 1020 8
245 218 -19
1020 1019 8
1020 1018 -8
218 631 -28
218 191 -28
218 993 -19
869 871 8
869 99 -8
871 870 -8
871 101 8
871 873 19
99 506 -8
99 126 -19
99 100 19
831 829 -8
565 954 -28
565 564 -28
954 927 13
954 982 -19
954 185 8
564 957 -8
564 537 -28
564 592 13
182 593 28
130 103 -13
130 900 -13
130 538 -8
927 538 28
927 899 8
159 132 -8
159 184 -19
159 930 -13
668 696 8
1125 1097 -13
1097 1098 28
1097 1069 13
386 385 8
386 776 -8
386 384 -8
385 413 -8
776 804 -13
776 777 8
384 383 -28
384 774 -19
384 382 -28
1072 295 -19
1072 1070 19
685 683 -28
685 269 28
685 687 13
1044 1017 -19
1044 272 -19
952 953 -8
434 30 19
434 432 28
434 824 19
30 3 -19
30 797 -13
432 28 8
432 431 28
824 852 13
824 825 -8
824 59 8
824 796 -8
985 592 28
982 593 8
283 696 13
696 724 -19
33 796 13
33 32 19
796 768 8
796 797 28
32 5 -19
32 58 -13
222 635 19
222 195 -8
222 997 -8
222 223 -28
818 819 8
818 428 -19
400 399 -8
826 854 28
826 827 8
826 798 13
763 761 13
763 344 -8
763 1149 -13
763 762 -28
761 1147 8
761 760 19
344 371 -28
344 345 -19
344 1122 13
1149 1150 -8
1149 1121 -19
762 734 -13
1000 972 8
1029 641 -13
1147 372 -19
1147 1119 19
372 371 -13
1119 1120 13
1119 345 -13
1119 733 19
450 452 19
450 449 13
322 295 8
80 849 -28
80 107 13
849 851 28
852 462 28
852 853 -8
462 460 8
853 459 -13
853 83 -19
853 851 19
691 689 -28
236 237 19
633 635 -13
633 631 19
631 1019 8
631 630 -8
631 629 -28
132 133 -19
132 902 -28
929 956 8
929 930 8
538 537 -13
371 1150 8
1150 760 19
407 8 28
407 801 28
407 379 -28
8 770 13
379 773 -19
379 380 -8
83 84 -19
492 494 8
683 681 -19
683 1069 13
681 267 28
681 680 13
1069 1070 13
28 1 8
28 55 28
28 29 8
797 403 -28
401 429 -28
401 402 -8
401 2 -8
401 373 -8
58 59 13
58 827 -13
957 956 -19
957 184 -13
184 185 -13
921 532 8
921 893 13
921 154 28
921 922 -8
532 531 8
532 530 -19
532 534 28
154 153 8
154 152 -8
922 920 28
922 924 8
224 197 28
224 999 8
224 225 -19
658 630 -28
658 1048 19
630 221 -13
1048 273 -19
225 996 -8
225 223 19
998 609 19
998 970 19
998 999 13
1096 319 -8
1096 1098 -19
319 346 28
319 292 -8
375 376 -19
375 403 -19
375 769 8
376 378 8
376 374 13
403 431 19
403 4 8
769 768 28
769 771 13
769 767 13
769 3 13
1003 228 8
12 774 13
383 777 -28
483 455 13
460 458 28
460 55 13
460 459 28
458 457 -28
55 823 28
55 56 -19
459 57 -8
459 431 -13
423 451 -13
50 454 8
50 51 -8
819 52 -8
689 273 8
689 687 13
273 274 -13
687 1073 -19
593 592 -19
531 503 8
531 924 -13
951 178 13
951 953 28
561 533 -28
561 953 19
153 924 8
153 126 -28
153 178 13
1056 280 8
1019 992 -19
992 603 -28
992 993 -28
992 221 19
924 926 -28
924 923 19
126 534 13
126 896 -19
178 589 -13
178 179 19
292 1068 -8
292 709 -13
292 267 -8
1092 702 13
1092 1094 13
899 900 19
899 133 -19
1104 714 -13
1104 326 -19
1101 327 19
1101 1073 -8
653 240 8
653 1040 8
241 242 19
241 1016 -28
382 380 19
382 772 -8
1067 294 -8
1067 1040 -19
1067 1068 19
294 293 -8
1040 1013 -8
1068 1070 -13
587 176 -19
587 585 28
587 589 28
60 829 -13
429 29 28
429 823 19
429 457 -19
29 792 -8
823 825 28
823 821 -13
457 851 28
457 56 -28
714 300 8
300 1073 8
557 152 8
530 919 19
530 528 -28
530 122 -8
592 185 -28
1 2 -13
1 767 -13
758 730 -28
758 343 13
340 1118 8
340 367 -19
340 341 -28
757 756 28
757 1143 -8
757 338 -8
326 327 19
996 607 -8
996 997 8
100 503 -28
100 102 19
537 509 -19
537 930 28
537 133 13
772 773 28
327 329 -28
820 792 -8
820 821 19
820 56 13
82 84 -19
829 827 28
827 825 13
451 51 -19
451 479 28
451 452 13
51 49 28
479 873 13
452 842 -19
452 454 13
5 771 -28
180 155 13
180 953 -28
180 181 8
128 155 19
128 129 -28
128 898 -8
128 101 13
534 533 -28
534 923 8
994 223 28
994 966 -28
994 995 -19
223 221 -8
966 196 -13
995 993 -8
995 997 -28
293 1070 -13
129 533 -13
129 895 -28
897 508 19
897 870 -13
897 898 28
295 269 28
177 176 -28
177 175 13
177 179 -28
585 974 28
585 583 -19
604 196 8
604 576 -13
604 997 13
545 140 8
195 196 -13
195 969 28
195 607 -28
997 999 8
972 973 13
972 202 8
972 583 13
972 945 13
270 269 13
270 272 -19
269 243 8
243 1018 -28
49 449 -28
367 368 -19
756 341 28
1144 754 -8
1144 365 28
1144 1143 19
276 274 -8
603 191 -13
191 192 -13
191 965 -28
152 150 -19
152 919 -28
641 228 -8
378 768 13
378 380 28
771 770 -19
771 773 -28
57 59 -19
57 56 -28
431 825 -28
368 1143 -28
368 366 -13
3 4 -19
525 553 13
553 580 -13
553 554 19
4 2 -28
533 926 -19
533 505 -8
1018 1017 28
1018 1016 -19
155 926 -8
609 607 8
609 197 -8
607 606 19
197 198 8
197 971 8
990 1017 28
1017 629 -8
730 702 28
730 1120 -8
343 345 13
343 341 -19
503 896 -28
760 345 28
1016 1014 8
1016 624 8
1016 1015 28
678 706 28
580 973 -13
973 971 8
179 181 -19
600 192 28
600 993 -8
629 627 13
200 202 -8
200 198 -28
200 970 13
198 196 -19
198 606 -8
970 971 -19
970 943 -28
103 104 -8
103 873 -28
900 898 -8
900 902 13
509 902 13
509 106 -13
1141 366 19
366 365 -19
366 364 13
898 896 13
898 505 -13
606 999 13
1070 680 28
734 735 -8
734 706 19
735 733 8
735 1121 13
272 274 -19
402 792 -8
792 764 28
365 338 28
338 1116 -28
770 380 -13
770 798 28
550 552 28
552 554 28
552 551 13
240 1014 -28
240 213 -8
240 267 28
527 920 -8
527 528 -28
920 919 8
920 149 -13
528 917 -19
969 576 13
969 971 -13
508 506 -28
508 101 -13
506 895 -28
506 505 19
101 102 28
1014 1013 13
1013 242 13
1013 986 -13
1013 625 19
945 917 -8
945 175 28
554 943 19
674 702 -19
150 149 19
150 917 -8
149 122 -13
917 889 8
923 895 -28
374 764 28
374 373 -19
505 102 -13
1137 362 28
362 364 -19
582 175 -19
582 583 -19
1118 1116 28
1118 1120 8
1120 1122 -19
895 896 28
122 892 -28
764 765 28
764 2 -28
765 767 -28
842 870 19
454 456 13
874 875 8
373 767 -19
1121 1122 13
870 104 13
104 106 -28
104 102 -13
521 914 -13
551 146 19
914 916 -19
624 625 -8
889 500 19
873 875 -8
986 597 19
625 627 28
625 213 -19
1015 627 -13
915 943 -8
915 916 -8
399 427 8
427 428 8
427 455 13
598 599 28
140 142 -13
456 455 19
456 52 13
599 597 -13
