1112 1111 19
1112 334 28
1112 1110 8
1112 1114 -28
1112 722 28
1111 337 28
1111 1083 13
1111 1139 -8
1111 725 -19
334 753 -19
334 361 19
334 307 8
334 335 -13
1110 1108 28
1110 332 8
1110 720 8
1110 1109 19
1114 336 -28
1114 724 -28
1114 1116 19
1114 1113 28
722 694 13
722 723 -28
722 308 -19
722 750 -19
147 918 28
147 172 -19
147 556 28
147 148 28
147 120 -8
918 525 -19
918 917 19
918 920 -13
918 916 -13
172 199 -19
172 173 19
172 583 8
172 946 -8
556 558 19
556 555 8
556 945 28
556 554 -19
148 150 8
148 553 -19
148 146 -13
148 915 28
120 121 28
120 528 8
120 890 -8
120 93 -19
665 251 -28
665 663 -8
665 664 -8
665 667 -19
665 1051 -28
251 252 -19
251 224 28
251 1026 -19
251 277 19
663 661 8
663 662 -28
663 249 19
663 1049 -8
664 636 8
664 692 -8
664 1054 -13
664 254 -28
667 253 -28
667 669 8
667 1053 -19
667 666 -28
1051 279 13
1051 1025 19
1051 1079 -19
1051 1052 19
391 392 -19
391 419 -28
391 785 13
392 782 13
392 390 -8
392 394 19
419 20 13
419 813 28
419 447 13
419 420 19
785 783 8
785 19 -28
785 787 -13
785 784 19
473 445 13
473 867 19
473 474 -8
473 501 8
473 71 -13
445 839 -8
445 417 8
445 446 -28
445 45 -13
867 97 -8
867 869 -8
867 865 28
867 866 -8
474 476 -8
474 864 28
474 472 8
474 68 -19
501 502 -8
501 894 13
501 529 13
501 98 -28
71 73 19
71 69 -8
71 836 -13
71 70 19
936 543 -8
936 934 -13
936 935 -19
936 938 -28
543 570 -19
543 515 -13
543 544 -13
543 138 -28
934 162 19
934 933 -8
934 932 19
934 541 19
935 166 28
935 546 -28
935 907 -13
935 962 -13
938 937 -28
938 165 28
938 940 19
938 545 -19
161 134 -19
161 569 -8
161 932 -8
161 186 28
134 904 8
134 107 8
134 542 -13
569 568 -8
569 958 8
569 571 13
932 931 8
186 213 -19
186 597 -13
186 959 -8
476 70 -28
476 866 8
476 475 -13
476 478 -8
70 839 13
70 44 -13
866 838 -28
866 893 -19
866 100 19
475 73 28
475 869 13
475 447 -13
475 503 -19
478 868 28
478 477 -8
478 72 13
478 480 -13
439 39 -19
439 833 -8
439 467 -19
439 440 -13
439 411 -8
39 38 8
39 37 -8
39 41 -28
39 802 19
833 835 28
833 64 -13
833 832 13
833 831 -28
467 495 -19
467 861 -8
467 468 -8
467 65 8
440 438 13
440 830 -13
440 36 13
440 442 13
411 412 -8
411 12 -28
411 383 -19
411 805 13
880 878 -8
880 110 13
880 879 8
880 882 -13
880 487 -8
878 877 13
878 485 -13
878 108 -8
110 137 -8
110 83 -13
110 111 28
110 518 -28
879 852 28
879 490 -13
879 907 28
879 113 28
882 489 8
882 112 8
882 881 -8
882 884 8
487 488 28
487 459 13
487 515 -28
487 84 -8
193 605 28
193 220 -8
193 194 -28
193 967 -19
193 167 -28
605 994 -13
605 603 19
605 604 -28
605 607 19
220 633 28
220 247 13
220 995 13
220 221 13
194 602 13
194 196 19
194 192 28
194 964 -13
967 574 -8
967 969 8
967 965 -8
967 966 -28
167 577 28
167 141 19
167 940 28
705 1091 13
705 707 -13
705 704 28
705 703 13
705 288 19
1091 318 8
1091 1063 13
1091 1092 8
1091 1119 8
707 290 -13
707 1093 28
707 706 8
704 291 19
704 676 -8
704 732 8
704 1094 -8
703 1089 -8
703 701 8
703 286 -8
703 702 -13
288 289 -13
288 315 -13
288 263 -13
288 1064 13
539 566 19
539 511 28
539 540 -28
566 594 19
566 567 -8
511 512 -19
511 483 13
540 132 19
540 929 19
540 538 -28
289 291 8
289 287 -28
289 702 -13
289 1061 -19
315 342 -28
315 316 19
315 733 -13
315 1092 13
263 1038 13
263 236 19
263 264 -8
263 677 19
1064 1063 -13
1064 1066 13
1064 1062 -28
1064 674 28
38 805 -8
38 11 13
38 442 8
38 64 28
805 804 -28
805 807 -8
805 803 28
11 12 13
11 777 8
11 414 13
442 444 -8
442 832 -19
442 441 19
64 91 -13
64 65 8
64 470 13
20 18 13
20 782 19
20 22 28
20 19 -28
18 16 28
18 417 -8
18 780 13
18 17 28
782 810 19
782 783 -28
22 421 -13
22 21 13
22 784 19
22 24 -8
19 422 -28
19 46 -13
291 290 -13
291 1063 28
290 1066 8
290 265 -8
290 317 -28
1063 1037 -19
1063 677 19
257 1032 19
257 671 -13
257 258 -13
257 230 19
257 282 -28
1032 1034 19
1032 1030 19
1032 640 19
1032 1031 -13
671 673 -28
671 1057 -13
671 670 -8
671 669 13
258 256 13
258 668 -13
258 260 -8
258 1029 -19
230 1005 19
230 643 -28
230 231 8
230 203 -13
282 283 -13
282 1058 19
282 309 8
282 699 -13
524 526 -13
524 523 -8
524 522 28
524 116 -28
524 913 19
526 118 -13
526 525 13
526 528 -28
526 915 -19
523 119 13
523 495 -28
523 551 28
523 916 -19
522 911 -28
522 520 -28
522 114 28
522 521 -19
116 886 -8
116 89 13
116 143 -13
116 117 28
913 914 13
913 941 -13
913 885 -19
913 146 -19
886 884 -19
886 888 28
886 885 -8
886 493 19
89 90 13
89 62 -19
89 859 -28
89 496 -28
143 552 13
143 914 13
143 144 19
143 168 -19
117 119 -8
117 115 -28
117 521 8
117 883 -13
810 420 -8
810 838 8
810 811 -28
810 47 -8
420 422 13
420 418 13
420 17 -13
838 839 13
838 73 19
838 448 -19
811 44 -19
811 809 13
811 417 -28
811 813 -13
47 45 -28
47 447 -13
47 46 -13
47 49 -19
1035 1061 13
1035 1036 -13
1035 1008 -28
1035 264 13
1035 647 13
1061 1089 19
1061 1062 -8
1061 675 -13
1036 1034 -28
1036 644 28
1036 1038 -28
1036 261 -8
1008 619 19
1008 1009 -19
1008 980 19
1008 237 -19
264 262 8
264 674 19
264 266 28
647 645 -19
647 234 -8
647 646 -13
647 649 -19
489 86 13
489 517 -8
489 490 -28
489 461 -8
86 852 13
86 85 -19
86 88 19
86 84 19
517 545 -13
517 518 -19
517 910 28
517 113 28
490 488 -13
490 83 8
490 492 -8
461 462 28
461 59 19
461 433 -19
461 855 -13
623 621 13
623 622 -8
623 211 -19
623 1011 28
621 619 8
621 209 -19
621 620 8
622 594 -8
622 650 -8
211 238 -28
211 212 -8
211 985 -19
211 184 28
1011 1012 13
1011 984 -19
753 752 8
753 1139 -19
753 751 8
753 755 -8
752 337 -8
752 724 13
752 1142 -28
1139 1140 13
1139 364 -8
751 750 -13
751 1137 -19
751 749 28
751 332 13
755 336 -13
755 754 -28
755 1141 13
755 757 28
119 118 19
119 885 -13
119 121 -8
118 91 -13
118 145 -13
118 888 13
885 858 28
885 496 -28
121 525 -8
121 887 13
121 123 -19
361 1140 19
361 362 19
307 308 -13
307 1084 8
307 280 -8
307 725 19
335 337 28
335 750 19
335 333 8
335 1109 8
337 336 19
337 339 -19
336 363 19
336 309 -8
339 754 -8
339 338 19
339 1113 -13
339 341 -19
794 31 -19
794 795 -8
794 822 28
794 404 -28
794 766 13
31 33 19
31 431 8
31 30 19
31 29 -8
795 28 28
795 793 28
795 797 19
795 401 8
822 850 8
822 432 -8
822 57 13
822 823 -28
404 406 19
404 402 -28
404 403 19
404 1 19
766 376 -28
766 767 19
766 4 -28
1128 349 -28
1128 1127 13
1128 1130 -8
1128 738 -19
1128 1126 8
349 322 -28
349 350 13
1127 352 19
1127 1099 -28
1127 741 19
1130 351 8
1130 1132 -19
1130 1129 8
1130 740 8
738 710 -28
738 739 -13
738 323 28
1126 736 19
1126 347 19
1126 1125 13
1126 1124 -13
67 65 -19
67 69 -8
67 469 -8
67 66 19
67 832 -8
65 63 -19
65 830 28
69 68 -19
69 471 -13
69 834 8
469 470 19
469 441 19
469 863 -13
469 497 8
66 472 8
66 835 28
66 40 -8
66 93 8
832 804 8
832 860 -19
858 92 8
858 830 -13
858 859 -8
858 468 -8
92 495 -28
92 91 19
92 94 28
92 90 -8
830 802 -19
830 831 -19
859 465 -13
859 857 19
859 861 -28
468 62 13
468 466 28
468 470 28
573 571 -8
573 575 28
573 962 -19
573 572 19
571 162 -28
571 570 -19
571 960 19
575 574 -19
575 577 19
575 964 19
575 165 -19
962 990 -13
962 963 -13
962 192 -8
572 166 -13
572 545 -8
572 965 8
572 600 -13
673 1059 -28
673 675 -13
673 259 13
673 672 13
1057 285 -13
1057 1031 -28
1057 1085 13
1057 1058 13
670 642 28
670 698 -28
670 1060 28
670 260 -28
669 255 13
669 1055 -13
669 668 13
397 425 28
397 791 28
397 398 8
425 453 13
425 426 13
425 26 -13
425 819 8
791 789 13
791 25 -8
791 790 13
398 396 -19
398 788 19
398 400 19
839 841 19
839 837 13
841 447 -13
841 72 -19
841 843 8
841 840 19
837 835 13
837 68 8
837 836 28
837 443 28
1083 310 19
1083 1084 -8
1083 1055 -13
1083 697 -13
310 312 -8
310 308 -8
310 724 13
310 309 28
1084 694 -28
1084 1082 -8
1084 1086 -19
1055 283 -8
1055 1056 19
1055 1029 -19
697 695 28
697 280 -13
697 699 -19
697 696 8
166 164 13
166 165 28
164 933 -8
164 163 -19
164 570 19
165 191 19
165 139 8
636 227 -13
636 1028 19
636 637 13
636 608 -13
227 226 -28
227 229 13
227 225 19
227 998 -28
1028 253 28
1028 1026 -8
1028 1030 -13
1028 1027 13
637 639 -8
637 1025 8
637 635 8
637 224 -28
608 609 28
608 580 -8
608 200 -28
608 1001 -13
574 547 -19
574 602 -13
577 579 13
577 966 13
577 576 28
964 937 13
964 992 -13
964 965 13
942 941 19
942 549 19
942 940 -13
942 944 -19
942 168 -19
941 171 28
941 552 8
941 968 8
549 550 -28
549 144 -8
549 521 8
549 576 13
940 547 -19
940 939 -13
944 551 28
944 946 19
944 170 -19
944 943 8
168 579 -28
168 195 -13
168 169 13
905 933 8
905 516 -28
905 877 28
905 138 -8
905 906 28
933 544 19
933 960 8
516 514 -19
516 108 -28
516 515 19
516 518 19
877 488 8
877 111 -19
877 850 -13
138 137 8
138 136 13
138 140 -8
906 513 -28
906 908 -8
906 904 13
906 135 -13
226 1001 -8
226 199 -19
226 639 -28
226 253 13
1001 1000 19
1001 1003 19
1001 999 -13
199 200 -13
199 611 19
199 973 -8
639 638 -28
639 1027 -13
639 641 8
253 278 -13
253 254 -13
482 872 13
482 480 28
482 76 13
482 484 -19
482 481 -8
872 899 -19
872 873 28
872 106 19
872 844 -19
480 870 8
480 74 19
480 479 -19
76 50 19
76 103 -8
76 77 -8
76 845 19
484 78 28
484 483 28
484 874 -19
481 453 -13
481 509 -28
481 79 8
481 875 13
417 418 28
417 389 -28
446 444 -28
446 836 -19
446 448 -28
446 42 28
45 44 -28
45 43 19
45 808 -19
884 114 -8
884 883 8
884 491 -19
888 495 8
888 890 8
888 887 8
493 465 28
493 90 -8
493 521 -8
493 494 -19
1004 1031 19
1004 615 -13
1004 1005 -8
1004 233 -19
1004 976 19
1031 260 28
1031 643 -19
615 613 13
615 614 -19
615 617 -19
615 203 -8
1005 612 -8
1005 1007 19
1005 1003 28
233 642 -8
233 232 -19
233 235 -13
233 231 -19
976 977 13
976 206 19
976 949 28
976 587 -19
721 720 28
721 1107 -28
721 723 28
721 303 28
721 719 -8
720 306 -19
720 692 8
720 748 -13
1107 1108 28
1107 1135 -28
1107 1079 -28
1107 333 -28
723 1109 -19
723 305 -19
723 725 19
303 330 8
303 1080 28
303 304 -8
303 277 28
719 1105 -8
719 717 13
719 301 13
719 718 19
44 448 -8
44 17 8
448 447 19
448 450 8
17 783 -28
989 596 13
989 987 13
989 991 -8
989 988 -19
989 214 19
596 568 8
596 624 -19
596 597 19
596 188 -13
987 213 13
987 986 19
991 990 -19
991 598 28
991 993 8
991 216 -13
988 217 13
988 599 13
988 1015 19
988 960 -28
214 241 28
214 627 -19
214 187 28
214 215 -13
306 305 -19
306 308 13
306 304 -13
306 1079 -8
305 278 8
305 1082 19
305 332 -8
308 1081 -8
304 718 -13
304 1077 19
304 302 -28
1079 1080 -8
1079 693 -19
816 426 13
816 817 -28
816 53 8
816 788 28
816 844 -19
426 424 8
426 428 19
426 23 -13
817 815 13
817 423 19
817 50 19
817 819 8
53 453 28
53 52 -28
53 51 19
788 789 -19
788 26 19
844 845 8
844 79 -13
844 454 -8
495 496 28
496 494 28
496 498 19
279 692 -13
279 278 -13
279 281 -19
1025 998 -8
1025 254 -13
1025 1026 -13
1052 662 -8
1052 1050 19
1052 1054 28
1052 277 8
125 529 -19
125 124 -13
125 127 8
125 123 28
125 891 13
529 922 -28
529 557 13
529 530 -28
124 97 28
124 532 28
124 894 -28
124 151 8
127 531 13
127 893 28
127 129 -8
127 126 8
123 527 -19
123 889 28
123 122 13
891 864 -28
891 892 13
891 502 -28
891 919 -28
594 595 8
595 593 19
595 984 13
595 184 -8
352 350 13
352 351 19
352 354 -8
350 1125 13
350 348 -13
351 324 -28
354 1129 -13
354 356 8
354 353 -19
91 498 28
91 861 28
498 497 -19
498 887 -19
498 500 28
861 863 8
861 860 -8
1134 1133 28
1134 1136 19
1134 1132 13
1134 744 13
1134 355 -8
1133 358 8
1133 1105 28
1133 747 13
1136 1135 28
1136 357 13
1136 1138 -8
1136 746 19
1132 1131 -28
1132 742 -13
1132 353 13
744 716 -13
744 329 13
744 745 -28
355 356 -19
355 328 -13
73 72 -28
73 75 8
72 46 13
72 99 13
75 77 8
75 74 -19
75 840 -8
75 477 -8
864 836 -8
864 865 19
864 98 19
836 808 -8
865 863 -19
865 471 8
865 95 -8
98 97 28
98 96 8
98 100 8
579 581 13
579 968 -19
579 578 13
581 580 -28
581 970 -28
581 170 28
581 583 28
968 996 -13
968 969 -28
968 198 8
578 171 -8
578 606 8
578 551 -28
578 971 -19
570 963 -8
570 598 -8
515 908 13
515 111 -28
544 546 8
544 542 13
544 135 28
736 737 -13
736 708 19
736 321 8
737 1123 -8
737 739 -13
737 319 -28
708 1098 28
708 294 -28
708 680 -8
708 709 -8
321 1095 -19
321 323 -13
321 320 19
1099 1071 28
1099 325 -13
1099 713 19
1099 1100 -13
1071 298 28
1071 1072 -8
1071 685 -28
1071 1044 13
325 324 19
325 327 -13
325 323 -13
325 740 19
713 712 -13
713 711 -28
713 295 13
713 715 -19
1100 710 -13
1100 1102 -28
1100 1098 13
1100 322 -13
1089 316 -28
1089 1117 -19
1089 1090 19
316 318 28
316 314 -28
316 730 -13
1117 1145 13
1117 1118 -19
1117 343 8
1117 731 -13
1090 1088 -28
1090 700 19
1090 1092 -28
1090 313 -19
171 169 -8
171 173 -19
171 170 8
169 939 13
169 576 8
173 580 13
173 943 19
173 175 13
170 145 -13
170 197 19
642 1034 19
642 643 28
642 614 -13
1034 259 19
1034 1033 -28
643 645 -19
643 641 19
614 586 13
614 206 13
614 1007 -13
137 908 8
137 546 -28
908 907 -13
908 910 -13
546 545 8
546 548 28
948 555 -19
948 950 -28
948 947 8
948 174 -19
948 946 -28
555 527 -13
555 150 -28
555 582 8
950 176 8
950 557 28
950 949 28
950 951 -19
947 177 -19
947 558 8
947 919 -19
947 974 19
174 585 19
174 149 -13
174 201 -28
174 175 28
946 945 13
946 553 13
645 1033 8
645 232 13
645 644 -8
1033 1006 -8
1033 262 28
1033 1059 -13
232 259 8
232 1007 -13
232 205 28
644 235 -8
644 672 28
644 616 28
911 883 19
911 912 -8
911 939 19
911 144 13
883 494 -13
883 856 8
912 910 -19
912 519 -8
912 914 19
912 141 13
939 550 28
939 966 -13
144 146 19
144 142 13
259 284 19
259 260 13
1007 1006 19
1007 1009 -8
205 206 13
205 979 28
205 178 -13
205 617 -19
654 626 8
654 682 -8
654 244 8
654 1045 -8
654 655 -8
626 217 13
626 1018 13
626 627 -8
626 598 -19
682 710 13
682 683 -19
682 1072 -13
682 270 13
244 243 8
244 246 -8
244 242 -8
244 1015 -8
1045 1043 28
1045 1044 -8
1045 1046 19
655 653 -28
655 657 -13
655 1042 -13
655 241 8
463 61 19
463 857 13
463 464 -8
463 435 -13
463 491 19
61 63 -13
61 59 -19
61 826 13
61 60 19
857 87 19
857 855 13
857 856 -28
464 466 19
464 854 -8
464 462 -28
464 58 8
435 436 -13
435 407 28
435 829 -19
435 35 -19
491 492 19
491 519 8
491 88 -19
727 729 -8
727 725 19
727 1113 -28
727 726 -28
727 309 -8
729 311 -19
729 1115 13
729 731 13
729 728 -19
725 724 -8
1113 1141 -19
1113 1085 -13
726 312 8
726 698 19
726 754 13
726 1116 -28
309 1086 8
217 215 -19
217 219 -28
217 216 -28
215 986 -28
215 624 -28
219 990 8
219 628 19
219 218 19
219 221 28
216 189 -8
216 243 28
216 629 19
692 1082 13
692 693 -13
1082 1081 -8
1082 1080 -13
693 695 -8
693 691 -13
693 277 13
312 314 -13
312 311 -28
312 1085 -28
314 313 -13
314 1087 28
314 728 -8
311 284 -19
311 1088 13
1085 699 19
1085 1086 -19
465 466 -8
465 63 -8
465 437 -19
466 60 28
466 856 -19
63 62 -13
63 828 -19
437 438 13
437 37 13
437 409 -13
437 831 -19
410 408 -19
410 800 8
410 412 -13
410 7 -19
410 409 -13
408 407 8
408 406 -8
408 798 -8
408 5 19
800 37 -8
800 772 19
800 828 28
800 801 -19
412 414 -19
412 802 28
412 9 -19
7 34 -8
7 8 19
7 773 19
409 381 -28
409 10 28
409 803 28
278 695 -8
278 1054 -8
695 694 13
695 1081 -13
1054 1056 28
1054 1053 -13
502 504 -13
502 500 -19
502 95 -28
894 893 -13
894 896 19
894 892 13
694 666 -13
694 281 -19
666 638 -19
666 256 8
666 1056 -8
281 283 -19
281 1053 -28
281 280 -13
285 698 -8
285 284 8
285 287 8
285 283 -19
1058 1060 28
1058 1056 -8
1058 668 28
358 356 -13
358 357 19
358 360 13
356 1131 -8
357 330 -13
360 359 -19
360 1135 13
360 362 19
97 504 28
504 893 19
504 506 8
504 503 19
513 541 -8
513 109 -19
513 514 13
513 485 -8
541 568 28
541 136 28
541 542 28
109 876 19
109 111 -13
109 108 -8
514 107 -8
514 903 -13
485 486 8
485 457 -8
485 82 -8
613 201 -8
613 1002 13
613 611 -19
613 612 13
201 228 -13
201 202 13
201 975 28
1002 1029 13
1002 974 13
1002 1003 28
1002 231 28
611 1000 28
611 609 8
611 610 28
612 584 -19
612 204 -13
612 640 19
1043 268 19
1043 652 -8
1043 1041 -13
1043 1042 -13
268 683 -13
268 293 -13
268 241 8
652 653 -19
652 242 13
652 624 19
652 680 -13
1041 267 8
1041 1040 19
1042 270 13
1042 1069 8
1042 1015 -8
743 741 13
743 742 13
743 324 -28
743 745 -13
743 1129 8
741 739 28
741 322 -28
741 740 8
742 714 8
742 327 -8
324 297 -28
324 1102 -28
745 326 -8
745 1131 -13
745 747 13
1129 1101 19
1140 1142 19
1140 1138 -8
1140 750 -28
1142 1141 -13
1142 363 13
1142 1144 28
1138 359 19
1138 1137 13
1138 748 19
297 715 -28
297 298 28
297 271 -13
297 1074 8
1102 712 8
1102 1104 -28
1102 1101 -8
567 565 28
567 956 -8
567 159 -19
1105 1077 19
1105 331 28
1105 1106 -13
1077 691 -28
1077 1078 -19
1077 1049 -19
331 330 -8
331 333 13
331 746 -19
331 329 8
1106 1108 -28
1106 1104 -19
1106 716 19
1106 328 -13
648 239 19
648 649 13
648 620 -28
648 1039 -19
648 676 19
239 238 -19
239 237 19
649 651 13
649 236 28
649 1037 -19
620 212 13
620 1012 -13
620 592 28
1039 265 19
1039 1038 13
676 1066 -28
676 266 28
676 677 8
1108 718 8
1108 330 28
718 690 -8
718 746 -13
330 749 19
661 660 28
661 1047 8
661 659 -28
661 247 19
660 250 -13
660 688 -13
660 1050 8
660 632 19
1047 1048 28
1047 1021 -19
1047 1075 13
1047 276 -13
659 245 13
659 658 -8
659 657 -8
247 1022 28
247 273 13
247 248 -19
238 265 -13
238 1012 28
238 651 13
265 679 13
265 266 -28
1012 1010 -8
651 650 -28
907 140 8
907 518 13
910 139 -13
910 909 -19
470 472 -28
470 860 -8
441 835 28
441 413 -19
441 41 28
863 93 -8
863 862 8
497 94 8
497 525 13
497 890 13
472 862 -28
472 471 -8
862 96 -28
862 834 19
862 889 8
471 443 19
471 499 -13
931 542 19
931 958 13
931 163 -19
931 903 -8
958 986 8
958 959 -28
958 188 -8
163 568 28
163 162 -13
903 904 28
903 136 -19
903 876 19
698 1088 28
698 699 19
1088 1087 -28
1088 1086 -13
699 701 28
189 963 -28
189 190 -19
189 601 19
963 961 -19
963 965 8
190 598 -13
190 192 -13
190 188 -19
190 960 -8
601 603 -28
601 990 13
601 599 19
601 600 13
318 317 28
318 732 -19
317 735 -13
317 344 19
317 1094 28
732 760 -13
732 1122 -19
732 733 -19
416 13 -28
416 414 -19
416 806 -19
416 418 8
416 415 -13
13 40 13
13 779 19
13 14 19
414 804 -19
414 413 -28
806 43 13
806 778 28
806 834 -8
806 807 -28
418 808 13
418 15 -19
415 16 -19
415 387 -8
415 809 13
415 443 -28
701 700 -19
701 284 8
701 1087 -8
700 287 13
700 728 -13
700 672 8
284 1060 -8
1087 1059 -19
1087 1115 13
535 928 13
535 536 19
535 563 -13
535 131 19
535 507 -28
928 157 19
928 927 -28
928 926 28
928 930 -13
536 925 -19
536 128 -8
536 538 28
536 534 -19
563 158 28
563 590 19
563 955 13
131 129 -13
131 897 13
131 130 -13
131 133 -19
507 900 -28
507 508 19
507 104 8
507 479 -8
1060 1059 -8
1060 1062 8
710 711 -19
710 296 -8
711 293 19
711 1097 -19
711 709 28
296 1069 19
296 298 19
296 295 8
296 294 -8
783 781 8
783 389 8
16 15 -28
16 14 8
16 778 8
15 781 28
15 42 8
14 413 8
14 12 28
14 776 -13
778 388 -19
778 779 8
1037 1038 -8
1037 266 19
677 679 -19
677 675 -13
287 1059 8
287 286 -8
286 261 28
286 1062 28
286 313 13
520 112 19
520 518 28
520 519 -28
520 909 -13
112 85 -19
112 113 -28
112 139 -13
519 115 -8
519 547 28
909 937 -28
909 142 -8
909 881 19
85 492 8
85 855 -19
85 58 -13
113 115 8
113 111 -28
139 140 28
139 548 28
787 393 13
787 789 -13
787 21 -8
787 786 -8
784 812 -8
784 394 19
1066 1065 -8
1065 1093 -28
1065 679 19
619 207 -8
619 618 19
619 617 -28
207 981 28
207 234 28
207 208 -19
207 180 -8
618 590 19
618 210 13
618 1010 -28
618 646 -19
617 1006 8
617 616 28
94 93 19
94 96 -28
94 860 19
93 500 -13
96 499 -28
96 95 28
860 887 -28
749 747 8
749 1135 8
749 748 8
114 141 -28
114 87 8
114 115 -19
141 550 -8
141 142 -28
87 494 -28
87 88 13
87 60 -8
115 881 -19
62 831 -19
62 36 -8
828 438 -19
828 829 -13
828 856 -13
158 156 -13
158 160 8
158 157 13
158 925 -28
156 561 -8
156 155 -13
156 154 19
156 923 28
160 927 -13
160 564 28
160 159 -19
157 565 8
157 182 -28
157 130 13
925 926 -19
925 897 28
1053 1027 -19
1053 1081 -13
393 394 -19
393 421 -8
394 396 13
421 422 8
421 815 -28
421 449 -13
835 834 -28
834 444 13
1123 1095 13
1123 348 28
1123 1124 -19
1095 1096 8
1095 1067 13
1095 709 19
348 347 28
1124 346 28
568 961 -8
961 959 28
961 187 -19
961 960 13
162 135 -13
162 187 -8
135 136 -28
135 108 13
187 599 -19
187 188 -8
868 869 -8
868 840 8
868 895 -28
868 102 -13
477 449 -8
477 505 -28
477 871 13
937 548 -28
548 550 8
548 547 -19
881 492 19
881 854 13
717 1103 13
717 299 28
717 716 8
717 715 -28
1103 1131 13
1103 1104 -8
1103 329 -19
1103 1075 19
299 1076 -8
299 326 28
299 300 28
299 273 -13
716 302 28
716 688 -8
715 714 -8
715 1101 -13
422 812 19
422 424 28
812 840 8
812 49 8
812 813 8
424 21 -8
424 814 -19
424 423 28
46 813 13
46 450 8
789 23 28
789 395 19
23 50 19
23 24 -8
395 396 13
395 423 28
40 807 -8
40 444 -8
40 41 19
807 413 8
807 809 -8
444 443 -8
41 43 -8
41 804 8
981 979 -28
981 588 28
981 983 -19
981 980 -19
979 977 28
979 586 28
979 978 13
588 616 8
588 561 -8
588 589 -19
588 181 19
983 590 19
983 985 28
983 982 -28
983 209 28
980 210 -8
980 952 13
980 591 -28
21 48 19
24 786 -19
24 26 -28
24 423 8
650 678 -8
145 554 -8
145 146 -13
145 916 19
301 328 -8
301 302 28
301 275 -8
301 1078 28
328 329 -13
328 747 -19
302 1075 -8
302 300 13
275 249 -13
275 691 8
275 1050 28
275 276 -28
1078 1076 19
1078 688 8
1078 1080 -28
250 249 -13
250 252 28
250 248 28
250 1021 -19
249 1024 -19
249 222 -28
252 662 -13
252 1023 -28
252 254 -13
248 658 -19
248 1019 -8
248 246 28
1021 633 -19
1021 994 13
1021 1022 28
25 52 28
25 26 8
25 428 -8
790 818 -28
790 400 13
1026 1024 -8
1026 634 -8
1030 638 -8
1030 1029 8
1030 255 28
1027 256 -8
1027 1000 28
363 364 13
1145 370 -8
1145 1146 13
1145 759 -13
370 369 28
370 368 -8
370 372 -8
1146 367 -13
1146 756 19
1146 1148 13
1146 1144 -19
759 758 -13
759 761 -8
759 340 -28
759 757 19
590 183 8
590 591 -13
183 952 -8
183 182 8
183 181 28
183 185 -19
591 180 -28
591 593 -13
591 589 -19
68 95 28
68 42 -19
347 320 -19
320 1098 19
320 739 13
320 293 -19
740 712 28
675 674 -28
675 261 19
672 262 -28
672 1062 28
843 74 28
843 449 -13
843 842 -28
843 845 -19
840 450 -19
390 389 28
390 388 -8
390 780 19
388 386 -19
388 387 -13
780 781 -19
780 808 -13
547 142 -19
602 603 -28
602 630 -8
602 995 -13
638 229 -13
638 610 -8
229 1000 19
229 228 19
229 231 28
610 582 19
610 202 19
610 1003 -8
1076 686 -13
1076 1075 -19
1076 1074 -28
686 658 8
686 714 13
686 274 -8
686 687 -28
1075 689 28
1074 1073 -13
1074 1072 -8
1074 684 13
890 889 -8
890 892 13
887 915 28
210 209 28
210 208 19
210 212 -28
209 236 -13
209 182 -19
208 206 -28
208 616 -8
208 978 28
212 982 -19
1006 978 -28
1006 235 -19
978 589 -28
235 234 -19
235 237 13
438 436 -8
438 34 -19
436 434 -19
436 32 -28
436 826 19
34 60 13
34 35 -8
34 801 8
1109 1137 -28
1109 1081 8
332 359 19
332 333 28
37 35 19
37 36 19
35 33 28
35 798 -19
36 9 28
36 803 -13
256 254 28
256 255 28
255 228 13
255 280 28
369 1148 8
369 342 8
1148 1147 -19
1148 758 19
1148 1150 13
342 343 19
342 1120 13
342 761 19
405 377 -28
405 406 13
405 799 13
405 433 -28
405 6 -19
377 378 -28
377 771 -19
406 3 13
406 796 8
799 32 13
799 801 8
799 798 -28
799 797 -8
433 434 -19
433 33 28
433 827 -19
6 8 -8
6 5 8
6 4 -28
6 768 -28
488 81 19
488 486 -28
81 108 -19
81 55 13
81 82 -19
81 851 8
486 876 -19
486 80 -8
353 326 8
746 747 19
77 79 8
77 479 13
77 842 -28
74 48 13
74 101 -28
855 854 -19
855 853 8
856 90 8
739 1125 -19
323 322 -13
323 1097 8
847 453 -28
847 78 -13
847 846 28
847 845 28
453 454 8
78 52 -28
78 105 13
78 79 -19
846 456 8
846 874 19
846 818 -19
845 451 13
396 786 13
786 814 8
616 1009 -19
1080 690 -28
234 261 -13
234 1009 -8
261 262 8
1009 1010 13
656 657 -8
656 628 13
656 246 19
656 684 8
656 1046 13
657 243 13
657 1044 19
628 1020 19
628 600 -19
628 629 -28
246 245 -28
246 1017 -13
684 712 -19
684 685 -28
684 272 -13
1046 271 28
1046 1048 -19
984 985 -8
984 956 8
443 43 28
1115 1143 13
1115 1116 28
1115 341 13
731 730 -8
731 313 8
731 733 8
728 756 19
728 1118 28
381 382 19
381 775 -8
10 9 19
10 8 -28
10 772 -13
10 12 -28
803 802 8
803 801 19
43 42 -28
42 809 19
313 340 -13
802 774 -13
9 775 28
775 773 -19
775 777 -19
775 774 28
262 260 8
815 814 -19
815 48 19
815 813 28
814 51 -8
814 842 -8
48 452 -13
48 49 19
512 105 28
512 510 -8
512 901 19
105 106 8
105 132 13
105 875 -13
510 508 8
510 899 -8
510 509 8
510 103 -19
901 929 -13
901 874 28
901 902 -28
779 781 19
779 385 13
779 777 13
584 977 -13
584 177 -28
584 585 8
584 557 8
204 206 28
204 202 13
204 974 19
204 203 -19
640 641 -8
640 231 -28
640 668 28
781 387 -19
90 88 19
88 854 -19
586 559 -19
586 179 -28
586 587 13
560 558 8
560 949 8
560 559 -13
560 151 8
560 562 19
558 557 -13
558 149 -28
949 921 13
949 179 -19
559 531 8
559 951 -28
559 154 13
151 176 -8
151 922 -8
151 152 -28
562 561 13
562 153 8
333 748 28
688 689 19
688 276 28
1050 1049 13
1050 1048 -13
632 1024 -8
632 633 28
632 223 -13
632 604 -19
1086 696 13
662 690 -8
662 634 28
690 691 19
634 635 13
634 606 -13
634 225 8
499 527 28
499 892 13
499 500 -8
876 848 -28
848 849 28
848 458 19
848 820 19
848 82 13
1010 236 -8
808 809 -8
850 460 -19
850 84 -13
850 851 8
977 203 -19
977 975 8
203 176 13
975 973 13
975 582 -19
975 974 19
712 298 -8
298 300 8
1093 1121 13
1093 1094 13
679 678 -8
646 674 -28
646 1038 19
646 237 13
27 793 -19
27 54 -28
27 430 13
27 0 -8
793 792 -8
54 80 -8
54 458 19
54 821 8
430 429 8
430 820 19
430 432 13
0 402 -19
0 765 -28
271 245 13
271 272 -19
271 687 -28
95 122 -13
955 957 8
955 182 -13
955 954 -8
955 953 -28
1024 1023 13
1024 1022 -19
1023 1049 19
1023 996 28
1023 635 -8
1022 1020 -28
1022 630 -13
245 1020 19
245 218 13
1020 1019 8
1020 1018 19
218 631 -13
218 191 -13
218 993 -8
869 871 19
869 99 -28
871 870 -28
871 101 8
871 873 -28
99 506 -13
99 126 -13
99 100 -8
831 829 19
565 954 -13
565 564 13
954 927 19
954 982 8
954 185 8
564 957 -13
564 537 -8
564 592 28
182 593 -28
130 103 -8
130 900 -13
130 538 -28
927 538 -8
927 899 8
159 132 13
159 184 -13
159 930 8
668 696 -19
1125 1097 -8
1097 1098 -28
1097 1069 -13
386 385 28
386 776 -28
386 384 -28
385 413 19
776 804 -13
776 777 8
384 383 -8
384 774 -8
384 382 -13
1072 295 28
1072 1070 13
685 683 -8
685 269 19
685 687 -28
1044 1017 -28
1044 272 -8
952 953 -28
434 30 -19
434 432 13
434 824 -8
30 3 -28
30 797 28
432 28 -8
432 431 -28
824 852 19
824 825 -13
824 59 -13
824 796 28
985 592 28
982 593 13
283 696 -13
696 724 28
33 796 -19
33 32 -13
796 768 -19
796 797 -8
32 5 28
32 58 8
222 635 19
222 195 -28
222 997 -28
222 223 -13
818 819 28
818 428 -28
400 399 8
826 854 8
826 827 -28
826 798 -19
763 761 8
763 344 -28
763 1149 28
763 762 -8
761 1147 -8
761 760 -13
344 371 13
344 345 -8
344 1122 28
1149 1150 -19
1149 1121 -8
762 734 19
1000 972 19
1029 641 13
1147 372 -8
1147 1119 -13
372 371 -8
1119 1120 8
1119 345 -28
1119 733 13
450 452 -8
450 449 -13
322 295 -28
80 849 28
80 107 -28
849 851 19
852 462 -13
852 853 13
462 460 8
853 459 -13
853 83 -13
853 851 -8
691 689 19
236 237 28
633 635 -28
633 631 13
631 1019 -8
631 630 19
631 629 -8
132 133 -13
132 902 8
929 956 8
929 930 28
538 537 19
371 1150 -28
1150 760 -13
407 8 19
407 801 -19
407 379 -19
8 770 -13
379 773 -13
379 380 28
83 84 -19
492 494 28
683 681 13
683 1069 8
681 267 -13
681 680 -13
1069 1070 28
28 1 8
28 55 -8
28 29 19
797 403 13
401 429 -8
401 402 -19
401 2 8
401 373 19
58 59 -13
58 827 -28
957 956 19
957 184 8
184 185 19
921 532 13
921 893 28
921 154 -8
921 922 -13
532 531 -19
532 530 19
532 534 28
154 153 -13
154 152 -28
922 920 -19
922 924 13
224 197 -13
224 999 -28
224 225 28
658 630 -19
658 1048 8
630 221 -19
1048 273 13
225 996 8
225 223 -28
998 609 -28
998 970 -28
998 999 -28
1096 319 -19
1096 1098 19
319 346 28
319 292 28
375 376 -13
375 403 19
375 769 13
376 378 28
376 374 8
403 431 8
403 4 8
769 768 19
769 771 -28
769 767 -19
769 3 8
1003 228 13
12 774 -19
383 777 8
483 455 -13
460 458 8
460 55 -28
460 459 13
458 457 -8
55 823 -13
55 56 -28
459 57 28
459 431 -8
423 451 -13
50 454 -19
50 51 28
819 52 8
689 273 -28
689 687 19
273 274 13
687 1073 -13
593 592 8
531 503 -28
531 924 13
951 178 13
951 953 13
561 533 8
561 953 -19
153 924 -13
153 126 8
153 178 19
1056 280 28
1019 992 19
992 603 -28
992 993 -8
992 221 28
924 926 -8
924 923 28
126 534 19
126 896 -8
178 589 8
178 179 28
292 1068 28
292 709 -13
292 267 28
1092 702 -13
1092 1094 -19
899 900 -8
899 133 -19
1104 714 28
1104 326 19
1101 327 -8
1101 1073 19
653 240 -13
653 1040 -13
241 242 8
241 1016 19
382 380 -8
382 772 -19
1067 294 8
1067 1040 -28
1067 1068 8
294 293 -8
1040 1013 -19
1068 1070 8
587 176 13
587 585 -13
587 589 13
60 829 13
429 29 19
429 823 19
429 457 -8
29 792 -19
823 825 8
823 821 -28
457 851 -19
457 56 -8
714 300 -13
300 1073 19
557 152 -19
530 919 13
530 528 -13
530 122 19
592 185 28
1 2 -8
1 767 -28
758 730 -28
758 343 -19
340 1118 28
340 367 13
340 341 13
757 756 -28
757 1143 -8
757 338 19
326 327 -19
996 607 19
996 997 8
100 503 28
100 102 -8
537 509 -28
537 930 -28
537 133 -19
772 773 28
327 329 8
820 792 19
820 821 -28
820 56 -13
82 84 28
829 827 19
827 825 -19
451 51 -28
451 479 28
451 452 19
51 49 -19
479 873 -19
452 842 8
452 454 -19
5 771 -8
180 155 -28
180 953 8
180 181 8
128 155 -19
128 129 -19
128 898 -28
128 101 -19
534 533 -19
534 923 28
994 223 -13
994 966 -28
994 995 19
223 221 -19
966 196 13
995 993 13
995 997 19
293 1070 13
129 533 19
129 895 -28
897 508 13
897 870 19
897 898 19
295 269 -13
177 176 19
177 175 -28
177 179 -13
585 974 -28
585 583 8
604 196 -8
604 576 -8
604 997 28
545 140 -8
195 196 13
195 969 -19
195 607 -19
997 999 19
972 973 -8
972 202 -8
972 583 8
972 945 28
270 269 -13
270 272 13
269 243 28
243 1018 13
49 449 -8
367 368 28
756 341 -8
1144 754 -13
1144 365 -8
1144 1143 8
276 274 19
603 191 -19
191 192 -28
191 965 -8
152 150 19
152 919 28
641 228 13
378 768 -28
378 380 28
771 770 -19
771 773 -8
57 59 13
57 56 -13
431 825 8
368 1143 -13
368 366 19
3 4 -8
525 553 -8
553 580 8
553 554 -19
4 2 -13
533 926 -8
533 505 19
1018 1017 -28
1018 1016 28
155 926 28
609 607 19
609 197 19
607 606 13
197 198 28
197 971 28
990 1017 -8
1017 629 28
730 702 8
730 1120 -8
343 345 -28
343 341 -13
503 896 -19
760 345 28
1016 1014 -8
1016 624 13
1016 1015 -28
678 706 -8
580 973 19
973 971 8
179 181 19
600 192 -19
600 993 -13
629 627 8
200 202 -19
200 198 13
200 970 -19
198 196 -28
198 606 -19
970 971 -8
970 943 -28
103 104 8
103 873 13
900 898 28
900 902 19
509 902 13
509 106 -19
1141 366 8
366 365 -28
366 364 8
898 896 -8
898 505 -13
606 999 -19
1070 680 13
734 735 -28
734 706 -19
735 733 8
735 1121 19
272 274 8
402 792 8
792 764 19
365 338 -28
338 1116 -8
770 380 -8
770 798 -13
550 552 -28
552 554 19
552 551 8
240 1014 -28
240 213 -13
240 267 8
527 920 19
527 528 -13
920 919 28
920 149 -28
528 917 8
969 576 -8
969 971 13
508 506 -13
508 101 28
506 895 19
506 505 19
101 102 -19
1014 1013 28
1013 242 -13
1013 986 8
1013 625 19
945 917 8
945 175 -8
554 943 28
674 702 -13
150 149 -28
150 917 -8
149 122 28
917 889 28
923 895 -8
374 764 -13
374 373 13
505 102 28
1137 362 -8
362 364 28
582 175 -19
582 583 19
1118 1116 19
1118 1120 -13
1120 1122 -19
895 896 13
122 892 28
764 765 13
764 2 -13
765 767 13
842 870 -19
454 456 -8
874 875 -28
373 767 -28
1121 1122 28
870 104 13
104 106 -19
104 102 -13
521 914 19
551 146 8
914 916 8
624 625 -13
889 500 -13
873 875 28
986 597 -19
625 627 -28
625 213 19
1015 627 28
915 943 28
915 916 13
399 427 -13
427 428 28
427 455 -19
598 599 -28
140 142 -8
456 455 -8
456 52 19
599 597 -13
