130 31 28
130 132 19
130 128 -8
130 129 -8
130 77 13
31 90 -8
31 32 -19
31 22 -13
31 39 19
132 33 8
132 131 -28
132 79 -19
128 126 -19
128 75 -8
128 127 28
128 29 8
129 138 -8
129 119 19
129 80 -13
129 34 13
77 87 -8
77 67 -19
77 23 -8
77 78 -19
66 68 -13
66 115 -8
66 65 -28
66 10 -8
66 64 19
68 12 13
68 67 -28
68 117 -19
68 70 -19
115 125 -8
115 21 13
115 105 -28
115 116 -28
65 13 19
65 118 -8
65 75 8
65 55 28
10 106 -19
10 11 -13
10 1 -28
10 19 -19
64 9 19
64 113 -19
64 63 19
81 82 -8
81 71 -13
81 91 -13
82 80 8
82 24 19
82 131 8
71 72 -13
71 61 28
91 92 -19
103 93 19
103 11 -19
103 54 -8
103 113 -28
103 104 8
93 94 -13
93 44 -8
93 2 -13
11 13 -13
11 63 -8
54 53 8
54 56 13
54 0 19
113 114 28
113 20 28
113 123 8
104 106 13
104 9 -28
62 60 -13
62 111 -19
62 7 13
62 61 -19
60 109 -28
60 59 -28
60 5 19
60 58 -13
111 112 -8
111 101 28
111 121 13
7 16 -28
7 102 -8
7 8 28
61 51 -19
6 8 19
6 5 -19
6 57 -8
6 4 19
6 97 -19
8 59 -19
8 99 -13
5 14 8
5 100 28
57 110 19
57 47 -13
57 58 -28
57 67 -13
4 3 -8
4 55 13
4 2 -28
4 95 8
97 48 -28
97 98 -13
97 107 8
106 105 28
106 108 -13
106 53 19
105 13 28
105 56 -13
105 95 -19
108 110 28
108 12 -28
108 55 -19
108 107 28
53 2 -8
53 63 19
53 43 19
90 138 13
90 89 -8
90 92 28
90 88 13
138 139 -28
138 42 19
89 34 -19
89 141 -28
89 79 -28
92 33 -8
92 140 -28
88 87 -8
88 86 -13
88 136 13
88 29 28
134 38 -13
134 125 -8
134 135 -13
134 86 28
38 36 8
38 40 28
38 37 8
125 126 -13
125 76 28
125 30 -13
135 137 28
135 83 28
135 35 8
86 27 -19
86 85 13
86 84 28
32 87 -8
32 34 -28
32 30 19
32 127 -13
22 14 8
22 80 19
22 120 -13
22 23 13
39 40 -8
39 139 -19
13 15 28
13 12 13
15 14 -13
15 17 13
15 107 -19
15 67 -8
12 3 19
14 70 19
14 110 -19
70 69 -28
70 72 13
70 119 8
110 109 13
110 112 -28
109 17 28
109 99 -19
109 119 19
112 16 13
112 59 8
69 59 28
69 122 -19
69 17 -8
69 79 -28
59 49 -28
122 121 13
122 24 -13
122 120 28
17 16 -28
79 25 28
79 80 28
139 137 8
139 87 8
139 141 19
42 41 28
42 40 -28
9 18 13
9 0 13
18 114 28
18 26 19
18 74 -13
0 94 -28
21 23 19
21 75 28
21 20 28
116 114 -19
116 118 8
116 63 -13
116 19 19
137 37 -13
137 136 13
137 85 8
37 29 -8
136 127 19
136 40 8
85 30 8
85 75 28
16 24 -8
16 72 -19
24 25 19
24 33 28
72 121 28
23 25 13
23 117 -19
75 76 8
20 73 -8
20 19 -8
80 78 -28
120 118 19
120 119 -19
120 67 -13
49 102 -28
49 50 28
102 100 -13
102 101 -28
50 52 13
50 48 -19
50 99 -28
121 131 8
94 96 -13
96 95 -19
96 98 13
96 43 -28
96 1 19
45 46 -13
45 55 -13
45 98 -8
46 44 -13
46 48 -19
46 95 13
55 56 -28
98 3 19
98 100 8
25 119 -13
3 58 -28
58 107 19
58 56 -28
73 63 -28
73 83 13
73 74 -8
73 126 -28
83 28 -28
83 84 8
74 76 -8
74 123 8
126 124 -28
126 27 28
118 117 28
117 127 -13
117 107 -8
56 1 19
28 27 19
28 30 -13
28 123 13
84 133 -13
84 26 28
124 123 8
124 26 -13
27 35 -19
27 19 28
41 141 19
41 33 8
52 51 -13
52 101 8
43 44 -8
1 2 28
48 47 19
36 35 13
36 133 8
19 76 28
76 78 -28
78 127 13
47 100 28
100 99 19
34 33 19
29 30 -8
141 140 8
140 131 -8
123 133 -19
