130 31 13
130 132 19
130 128 -13
130 129 8
130 77 -8
31 90 28
31 32 28
31 22 19
31 39 19
132 33 -28
132 131 8
132 79 8
128 126 8
128 75 8
128 127 8
128 29 28
129 138 28
129 119 28
129 80 -28
129 34 -13
77 87 -13
77 67 -19
77 23 -19
77 78 -28
66 68 -8
66 115 19
66 65 -13
66 10 8
66 64 13
68 12 13
68 67 8
68 117 -13
68 70 -28
115 125 13
115 21 -8
115 105 13
115 116 -19
65 13 -13
65 118 8
65 75 8
65 55 -13
10 106 -19
10 11 -19
10 1 28
10 19 -28
64 9 -13
64 113 -19
64 63 28
81 82 19
81 71 13
81 91 28
82 80 -28
82 24 28
82 131 -19
71 72 -13
71 61 -28
91 92 13
103 93 19
103 11 28
103 54 -8
103 113 28
103 104 -28
93 94 8
93 44 -8
93 2 -8
11 13 -28
11 63 19
54 53 -28
54 56 -13
54 0 8
113 114 28
113 20 -19
113 123 -8
104 106 8
104 9 -13
62 60 -8
62 111 -8
62 7 -28
62 61 -19
60 109 19
60 59 -28
60 5 19
60 58 13
111 112 28
111 101 -8
111 121 13
7 16 8
7 102 -19
7 8 -8
61 51 -28
6 8 -19
6 5 13
6 57 -13
6 4 -19
6 97 -28
8 59 -8
8 99 -19
5 14 8
5 100 -13
57 110 19
57 47 -19
57 58 19
57 67 -13
4 3 28
4 55 -28
4 2 -8
4 95 8
97 48 -8
97 98 -19
97 107 8
106 105 -13
106 108 -13
106 53 -19
105 13 19
105 56 -13
105 95 -8
108 110 -28
108 12 -8
108 55 -13
108 107 28
53 2 8
53 63 8
53 43 13
90 138 -8
90 89 -13
90 92 -28
90 88 -8
138 139 -19
138 42 -8
89 34 -19
89 141 -8
89 79 -13
92 33 8
92 140 13
88 87 13
88 86 -28
88 136 -13
88 29 -19
134 38 -8
134 125 -13
134 135 -19
134 86 13
38 36 -13
38 40 -19
38 37 -19
125 126 -28
125 76 -19
125 30 8
135 137 -28
135 83 13
135 35 19
86 27 -19
86 85 19
86 84 19
32 87 -13
32 34 8
32 30 19
32 127 8
22 14 -13
22 80 28
22 120 -28
22 23 -13
39 40 -8
39 139 19
13 15 -8
13 12 8
15 14 13
15 17 -13
15 107 -8
15 67 13
12 3 8
14 70 -28
14 110 -19
70 69 28
70 72 28
70 119 -19
110 109 -8
110 112 -28
109 17 -8
109 99 -13
109 119 -19
112 16 -13
112 59 -13
69 59 8
69 122 -13
69 17 28
69 79 13
59 49 -13
122 121 -13
122 24 13
122 120 -13
17 16 28
79 25 19
79 80 13
139 137 8
139 87 8
139 141 -8
42 41 19
42 40 13
9 18 -28
9 0 -8
18 114 8
18 26 -8
18 74 -28
0 94 8
21 23 -8
21 75 8
21 20 -8
116 114 28
116 118 19
116 63 -13
116 19 -8
137 37 28
137 136 28
137 85 8
37 29 -8
136 127 13
136 40 -8
85 30 -19
85 75 -28
16 24 -28
16 72 -19
24 25 -19
24 33 8
72 121 8
23 25 -28
23 117 -8
75 76 28
20 73 19
20 19 -19
80 78 13
120 118 8
120 119 -19
120 67 13
49 102 19
49 50 -28
102 100 -8
102 101 -13
50 52 -13
50 48 -28
50 99 19
121 131 8
94 96 19
96 95 -13
96 98 -8
96 43 13
96 1 -19
45 46 19
45 55 8
45 98 -19
46 44 -19
46 48 8
46 95 13
55 56 28
98 3 19
98 100 -8
25 119 -13
3 58 -28
58 107 -8
58 56 19
73 63 -8
73 83 8
73 74 -19
73 126 28
83 28 13
83 84 -19
74 76 13
74 123 -28
126 124 -13
126 27 13
118 117 13
117 127 13
117 107 -13
56 1 -19
28 27 -8
28 30 28
28 123 -19
84 133 -13
84 26 8
124 123 -8
124 26 19
27 35 19
27 19 -19
41 141 -28
41 33 13
52 51 -8
52 101 -19
43 44 28
1 2 -19
48 47 -28
36 35 -13
36 133 -19
19 76 8
76 78 -8
78 127 8
47 100 8
100 99 -19
34 33 -28
29 30 28
141 140 -28
140 131 28
123 133 -19
