130 31 -19
130 132 28
130 128 -13
130 129 -8
130 77 -28
31 90 28
31 32 -8
31 22 -19
31 39 13
132 33 28
132 131 13
132 79 13
128 126 -19
128 75 19
128 127 -8
128 29 -8
129 138 -19
129 119 13
129 80 -13
129 34 -28
77 87 -13
77 67 28
77 23 -13
77 78 13
66 68 -28
66 115 13
66 65 8
66 10 19
66 64 -8
68 12 8
68 67 -19
68 117 -28
68 70 19
115 125 8
115 21 -13
115 105 -8
115 116 28
65 13 -19
65 118 8
65 75 13
65 55 -13
10 106 8
10 11 28
10 1 13
10 19 -28
64 9 -8
64 113 13
64 63 -19
81 82 13
81 71 -28
81 91 28
82 80 13
82 24 13
82 131 28
71 72 19
71 61 28
91 92 -19
103 93 19
103 11 28
103 54 -28
103 113 -19
103 104 -13
93 94 13
93 44 -13
93 2 28
11 13 -13
11 63 8
54 53 -28
54 56 8
54 0 -19
113 114 -28
113 20 -13
113 123 -28
104 106 13
104 9 19
62 60 19
62 111 28
62 7 -28
62 61 13
60 109 19
60 59 13
60 5 28
60 58 28
111 112 28
111 101 19
111 121 13
7 16 -8
7 102 -19
7 8 8
61 51 -13
6 8 -8
6 5 19
6 57 -28
6 4 -28
6 97 -13
8 59 -19
8 99 -19
5 14 28
5 100 -13
57 110 -28
57 47 -19
57 58 13
57 67 -8
4 3 -19
4 55 -19
4 2 19
4 95 -19
97 48 13
97 98 19
97 107 8
106 105 -13
106 108 8
106 53 -8
105 13 -13
105 56 -13
105 95 -8
108 110 8
108 12 -19
108 55 -28
108 107 -19
53 2 -19
53 63 -19
53 43 28
90 138 -19
90 89 28
90 92 13
90 88 -28
138 139 13
138 42 -8
89 34 -19
89 141 -19
89 79 28
92 33 8
92 140 -19
88 87 13
88 86 -19
88 136 28
88 29 8
134 38 -19
134 125 -19
134 135 -28
134 86 13
38 36 28
38 40 -13
38 37 -19
125 126 -28
125 76 8
125 30 -8
135 137 -8
135 83 -19
135 35 -28
86 27 -8
86 85 8
86 84 -19
32 87 -13
32 34 -8
32 30 19
32 127 8
22 14 -13
22 80 -8
22 120 -28
22 23 -13
39 40 -28
39 139 28
13 15 19
13 12 -13
15 14 -28
15 17 -28
15 107 -19
15 67 19
12 3 28
14 70 8
14 110 8
70 69 8
70 72 19
70 119 -28
110 109 -28
110 112 -8
109 17 13
109 99 -28
109 119 -28
112 16 -8
112 59 19
69 59 -19
69 122 -8
69 17 13
69 79 19
59 49 19
122 121 28
122 24 8
122 120 -19
17 16 -13
79 25 -8
79 80 -19
139 137 -13
139 87 -13
139 141 -28
42 41 -8
42 40 19
9 18 -8
9 0 13
18 114 19
18 26 8
18 74 -8
0 94 8
21 23 28
21 75 28
21 20 8
116 114 -13
116 118 19
116 63 -8
116 19 -28
137 37 8
137 136 28
137 85 -19
37 29 -8
136 127 13
136 40 -19
85 30 -13
85 75 -8
16 24 -13
16 72 13
24 25 28
24 33 -8
72 121 13
23 25 -28
23 117 8
75 76 -28
20 73 -8
20 19 -28
80 78 19
120 118 -13
120 119 -19
120 67 -28
49 102 -8
49 50 -28
102 100 28
102 101 28
50 52 13
50 48 19
50 99 -8
121 131 8
94 96 28
96 95 -8
96 98 8
96 43 13
96 1 13
45 46 -19
45 55 28
45 98 -28
46 44 -8
46 48 -19
46 95 -19
55 56 -8
98 3 -8
98 100 13
25 119 28
3 58 13
58 107 13
58 56 -28
73 63 -19
73 83 -28
73 74 -13
73 126 -8
83 28 -28
83 84 28
74 76 19
74 123 -28
126 124 13
126 27 8
118 117 13
117 127 8
117 107 28
56 1 -13
28 27 -13
28 30 8
28 123 -8
84 133 28
84 26 28
124 123 13
124 26 -8
27 35 -8
27 19 -8
41 141 8
41 33 -19
52 51 -8
52 101 8
43 44 -28
1 2 13
48 47 13
36 35 8
36 133 19
19 76 -13
76 78 28
78 127 13
47 100 -8
100 99 28
34 33 28
29 30 28
141 140 -19
140 131 -28
123 133 -19
