130 31 -13
130 132 13
130 128 8
130 129 -28
130 77 -19
31 90 19
31 32 28
31 22 19
31 39 -13
132 33 -28
132 131 -28
132 79 -8
128 126 13
128 75 8
128 127 -28
128 29 -8
129 138 -8
129 119 8
129 80 19
129 34 -13
77 87 -8
77 67 19
77 23 13
77 78 13
66 68 8
66 115 13
66 65 -28
66 10 8
66 64 28
68 12 -19
68 67 19
68 117 -28
68 70 -28
115 125 -19
115 21 -13
115 105 -28
115 116 13
65 13 -8
65 118 -8
65 75 -13
65 55 -8
10 106 -8
10 11 13
10 1 -19
10 19 28
64 9 -8
64 113 -8
64 63 -19
81 82 -13
81 71 13
81 91 -8
82 80 -28
82 24 -8
82 131 -8
71 72 -19
71 61 -19
91 92 -8
103 93 13
103 11 -8
103 54 19
103 113 8
103 104 28
93 94 -13
93 44 13
93 2 -13
11 13 -19
11 63 -13
54 53 -13
54 56 -28
54 0 8
113 114 28
113 20 -28
113 123 28
104 106 -28
104 9 -28
62 60 -28
62 111 -13
62 7 -28
62 61 28
60 109 13
60 59 28
60 5 8
60 58 8
111 112 -13
111 101 -8
111 121 19
7 16 28
7 102 -19
7 8 -19
61 51 -8
6 8 -19
6 5 8
6 57 -13
6 4 -13
6 97 -8
8 59 8
8 99 -28
5 14 -13
5 100 19
57 110 8
57 47 -8
57 58 -19
57 67 8
4 3 8
4 55 13
4 2 -13
4 95 -19
97 48 13
97 98 8
97 107 -19
106 105 13
106 108 -19
106 53 28
105 13 -8
105 56 13
105 95 8
108 110 13
108 12 28
108 55 -19
108 107 13
53 2 8
53 63 -19
53 43 -13
90 138 13
90 89 -19
90 92 28
90 88 8
138 139 13
138 42 -8
89 34 28
89 141 -28
89 79 13
92 33 8
92 140 -28
88 87 28
88 86 -28
88 136 -13
88 29 -19
134 38 -13
134 125 8
134 135 8
134 86 28
38 36 -28
38 40 -19
38 37 19
125 126 13
125 76 19
125 30 -28
135 137 -13
135 83 -28
135 35 -8
86 27 8
86 85 -28
86 84 13
32 87 8
32 34 -13
32 30 -28
32 127 -19
22 14 -19
22 80 -8
22 120 -19
22 23 19
39 40 -13
39 139 -28
13 15 -19
13 12 -13
15 14 -28
15 17 8
15 107 -8
15 67 28
12 3 19
14 70 28
14 110 13
70 69 13
70 72 19
70 119 13
110 109 13
110 112 -28
109 17 8
109 99 -13
109 119 8
112 16 -19
112 59 28
69 59 -28
69 122 13
69 17 8
69 79 28
59 49 -19
122 121 -13
122 24 8
122 120 28
17 16 -13
79 25 -28
79 80 -8
139 137 8
139 87 -28
139 141 13
42 41 13
42 40 28
9 18 8
9 0 -13
18 114 -19
18 26 -13
18 74 8
0 94 28
21 23 -13
21 75 -13
21 20 13
116 114 -28
116 118 13
116 63 -13
116 19 -19
137 37 28
137 136 -28
137 85 -19
37 29 -13
136 127 19
136 40 -19
85 30 -19
85 75 -28
16 24 -13
16 72 -28
24 25 -28
24 33 8
72 121 13
23 25 13
23 117 28
75 76 -28
20 73 19
20 19 -8
80 78 8
120 118 -28
120 119 8
120 67 -19
49 102 8
49 50 19
102 100 8
102 101 13
50 52 -13
50 48 13
50 99 -19
121 131 -8
94 96 28
96 95 -28
96 98 -13
96 43 19
96 1 -28
45 46 28
45 55 -19
45 98 28
46 44 8
46 48 -8
46 95 -19
55 56 8
98 3 19
98 100 -19
25 119 -13
3 58 19
58 107 -19
58 56 8
73 63 19
73 83 -28
73 74 13
73 126 -13
83 28 -13
83 84 19
74 76 13
74 123 -19
126 124 13
126 27 8
118 117 8
117 127 13
117 107 8
56 1 -19
28 27 8
28 30 -13
28 123 -28
84 133 -13
84 26 -8
124 123 -28
124 26 28
27 35 -13
27 19 -28
41 141 19
41 33 19
52 51 28
52 101 19
43 44 8
1 2 28
48 47 -19
36 35 -19
36 133 -19
19 76 8
76 78 -19
78 127 -8
47 100 -19
100 99 13
34 33 28
29 30 -8
141 140 8
140 131 13
123 133 13
