130 31 -19
130 132 -28
130 128 19
130 129 19
130 77 19
31 90 13
31 32 13
31 22 -28
31 39 28
132 33 -13
132 131 13
132 79 -8
128 126 -8
128 75 19
128 127 8
128 29 13
129 138 -28
129 119 -8
129 80 -28
129 34 -28
77 87 13
77 67 19
77 23 8
77 78 13
66 68 19
66 115 19
66 65 -28
66 10 28
66 64 -28
68 12 -28
68 67 -13
68 117 19
68 70 -19
115 125 -13
115 21 -8
115 105 -13
115 116 8
65 13 -19
65 118 8
65 75 -13
65 55 -19
10 106 28
10 11 13
10 1 8
10 19 28
64 9 -8
64 113 19
64 63 -13
81 82 13
81 71 -28
81 91 8
82 80 28
82 24 19
82 131 -19
71 72 28
71 61 -8
91 92 8
103 93 8
103 11 -13
103 54 -13
103 113 -19
103 104 -28
93 94 28
93 44 13
93 2 -8
11 13 8
11 63 -8
54 53 19
54 56 28
54 0 19
113 114 -8
113 20 28
113 123 -28
104 106 8
104 9 -8
62 60 -19
62 111 28
62 7 28
62 61 19
60 109 -28
60 59 8
60 5 19
60 58 19
111 112 -8
111 101 28
111 121 28
7 16 -8
7 102 -19
7 8 19
61 51 13
6 8 -28
6 5 -13
6 57 8
6 4 -13
6 97 13
8 59 8
8 99 8
5 14 19
5 100 -19
57 110 28
57 47 8
57 58 28
57 67 19
4 3 -8
4 55 -8
4 2 -28
4 95 -28
97 48 -13
97 98 -8
97 107 19
106 105 13
106 108 -19
106 53 -28
105 13 13
105 56 28
105 95 8
108 110 28
108 12 8
108 55 -28
108 107 -13
53 2 -19
53 63 -8
53 43 -19
90 138 28
90 89 -28
90 92 19
90 88 -28
138 139 -13
138 42 -28
89 34 -19
89 141 13
89 79 28
92 33 -19
92 140 -13
88 87 13
88 86 19
88 136 -8
88 29 -19
134 38 28
134 125 -8
134 135 13
134 86 -8
38 36 -28
38 40 -19
38 37 -28
125 126 19
125 76 19
125 30 13
135 137 8
135 83 -19
135 35 -19
86 27 -8
86 85 -8
86 84 19
32 87 28
32 34 28
32 30 -28
32 127 -13
22 14 -8
22 80 -13
22 120 28
22 23 13
39 40 -28
39 139 13
13 15 -28
13 12 -28
15 14 -28
15 17 8
15 107 28
15 67 28
12 3 28
14 70 13
14 110 28
70 69 8
70 72 -8
70 119 -13
110 109 -28
110 112 13
109 17 13
109 99 28
109 119 13
112 16 -19
112 59 19
69 59 -19
69 122 28
69 17 -28
69 79 28
59 49 13
122 121 -28
122 24 -19
122 120 -28
17 16 -13
79 25 -28
79 80 -19
139 137 -8
139 87 13
139 141 13
42 41 -19
42 40 -8
9 18 -19
9 0 13
18 114 19
18 26 13
18 74 -19
0 94 13
21 23 8
21 75 28
21 20 8
116 114 -13
116 118 -13
116 63 -19
116 19 28
137 37 8
137 136 -19
137 85 19
37 29 -19
136 127 19
136 40 19
85 30 -19
85 75 8
16 24 -28
16 72 8
24 25 19
24 33 -8
72 121 8
23 25 -19
23 117 -19
75 76 28
20 73 -8
20 19 13
80 78 -13
120 118 8
120 119 8
120 67 8
49 102 13
49 50 19
102 100 -8
102 101 13
50 52 -28
50 48 28
50 99 13
121 131 28
94 96 13
96 95 -28
96 98 8
96 43 -8
96 1 13
45 46 -19
45 55 13
45 98 -28
46 44 -28
46 48 8
46 95 -28
55 56 -19
98 3 -28
98 100 19
25 119 28
3 58 13
58 107 -28
58 56 8
73 63 8
73 83 -19
73 74 13
73 126 -19
83 28 8
83 84 -13
74 76 -8
74 123 28
126 124 13
126 27 8
118 117 -13
117 127 -28
117 107 -13
56 1 8
28 27 19
28 30 -28
28 123 -13
84 133 -13
84 26 19
124 123 -8
124 26 -8
27 35 -19
27 19 19
41 141 -8
41 33 13
52 51 19
52 101 -8
43 44 13
1 2 -19
48 47 -28
36 35 -13
36 133 -13
19 76 13
76 78 13
78 127 -19
47 100 28
100 99 13
34 33 -19
29 30 28
141 140 13
140 131 28
123 133 28
