130 31 -28
130 132 8
130 128 -19
130 129 19
130 77 13
31 90 -19
31 32 -19
31 22 -13
31 39 -28
132 33 8
132 131 -28
132 79 13
128 126 -19
128 75 -28
128 127 -19
128 29 -28
129 138 -19
129 119 -19
129 80 -8
129 34 19
77 87 8
77 67 19
77 23 -13
77 78 -8
66 68 -28
66 115 28
66 65 -28
66 10 -13
66 64 13
68 12 13
68 67 -28
68 117 19
68 70 8
115 125 -13
115 21 -8
115 105 8
115 116 13
65 13 19
65 118 -28
65 75 19
65 55 -19
10 106 -8
10 11 28
10 1 28
10 19 -8
64 9 8
64 113 -13
64 63 8
81 82 -8
81 71 -28
81 91 28
82 80 -13
82 24 13
82 131 -19
71 72 19
71 61 -19
91 92 19
103 93 -28
103 11 -19
103 54 19
103 113 19
103 104 28
93 94 -19
93 44 8
93 2 -28
11 13 28
11 63 13
54 53 28
54 56 28
54 0 -8
113 114 -13
113 20 -19
113 123 28
104 106 -13
104 9 -13
62 60 13
62 111 -19
62 7 -28
62 61 -8
60 109 -19
60 59 -28
60 5 28
60 58 28
111 112 -13
111 101 -28
111 121 19
7 16 -19
7 102 -13
7 8 13
61 51 19
6 8 19
6 5 8
6 57 8
6 4 8
6 97 -19
8 59 -13
8 99 19
5 14 28
5 100 28
57 110 28
57 47 -13
57 58 -13
57 67 8
4 3 13
4 55 -8
4 2 13
4 95 -19
97 48 -28
97 98 28
97 107 -19
106 105 19
106 108 -8
106 53 28
105 13 19
105 56 19
105 95 28
108 110 -8
108 12 -8
108 55 -19
108 107 8
53 2 -19
53 63 19
53 43 8
90 138 -8
90 89 -28
90 92 -28
90 88 28
138 139 -8
138 42 -28
89 34 -8
89 141 -19
89 79 -28
92 33 -8
92 140 -28
88 87 -8
88 86 13
88 136 -19
88 29 28
134 38 28
134 125 19
134 135 -8
134 86 8
38 36 19
38 40 -13
38 37 -28
125 126 13
125 76 -13
125 30 19
135 137 -13
135 83 -28
135 35 -8
86 27 19
86 85 -13
86 84 8
32 87 19
32 34 28
32 30 28
32 127 8
22 14 28
22 80 8
22 120 13
22 23 28
39 40 -28
39 139 28
13 15 -28
13 12 -13
15 14 8
15 17 -28
15 107 28
15 67 -13
12 3 8
14 70 28
14 110 -28
70 69 -13
70 72 -28
70 119 -19
110 109 19
110 112 13
109 17 8
109 99 13
109 119 8
112 16 -8
112 59 -8
69 59 8
69 122 28
69 17 -8
69 79 19
59 49 28
122 121 -19
122 24 -28
122 120 -13
17 16 -28
79 25 13
79 80 8
139 137 -19
139 87 13
139 141 8
42 41 8
42 40 -8
9 18 -28
9 0 19
18 114 -28
18 26 -28
18 74 -28
0 94 19
21 23 8
21 75 -28
21 20 -28
116 114 8
116 118 -8
116 63 -19
116 19 13
137 37 -13
137 136 19
137 85 13
37 29 19
136 127 28
136 40 13
85 30 13
85 75 -13
16 24 -8
16 72 -28
24 25 -28
24 33 -28
72 121 19
23 25 19
23 117 13
75 76 19
20 73 -13
20 19 28
80 78 -19
120 118 8
120 119 28
120 67 -19
49 102 13
49 50 13
102 100 13
102 101 -13
50 52 -8
50 48 13
50 99 19
121 131 8
94 96 -8
96 95 8
96 98 13
96 43 28
96 1 -19
45 46 -19
45 55 -28
45 98 -8
46 44 28
46 48 -19
46 95 -28
55 56 -28
98 3 19
98 100 19
25 119 19
3 58 8
58 107 -13
58 56 8
73 63 -28
73 83 -28
73 74 19
73 126 -28
83 28 -13
83 84 8
74 76 19
74 123 -19
126 124 8
126 27 -8
118 117 28
117 127 -28
117 107 -28
56 1 -19
28 27 -8
28 30 13
28 123 28
84 133 -8
84 26 28
124 123 -13
124 26 13
27 35 28
27 19 19
41 141 -28
41 33 -19
52 51 28
52 101 -13
43 44 -8
1 2 19
48 47 -19
36 35 8
36 133 28
19 76 8
76 78 13
78 127 13
47 100 -13
100 99 -28
34 33 -19
29 30 19
141 140 8
140 131 19
123 133 8
