130 31 28
130 132 28
130 128 -8
130 129 13
130 77 28
31 90 -8
31 32 -13
31 22 -19
31 39 -8
132 33 -28
132 131 -8
132 79 -28
128 126 13
128 75 -8
128 127 8
128 29 -19
129 138 -28
129 119 -8
129 80 13
129 34 8
77 87 -13
77 67 28
77 23 19
77 78 28
66 68 -28
66 115 -28
66 65 -19
66 10 13
66 64 -19
68 12 -19
68 67 13
68 117 13
68 70 8
115 125 -19
115 21 -13
115 105 13
115 116 -13
65 13 13
65 118 -8
65 75 -28
65 55 19
10 106 -13
10 11 -13
10 1 8
10 19 -13
64 9 13
64 113 -28
64 63 8
81 82 19
81 71 -8
81 91 28
82 80 13
82 24 -13
82 131 -19
71 72 -8
71 61 -13
91 92 -19
103 93 -8
103 11 19
103 54 28
103 113 -8
103 104 13
93 94 -13
93 44 28
93 2 13
11 13 28
11 63 -13
54 53 28
54 56 -28
54 0 -28
113 114 -19
113 20 19
113 123 -28
104 106 8
104 9 -8
62 60 19
62 111 -8
62 7 28
62 61 -13
60 109 -8
60 59 -8
60 5 -13
60 58 -8
111 112 -8
111 101 -13
111 121 13
7 16 -13
7 102 -13
7 8 -28
61 51 28
6 8 8
6 5 13
6 57 19
6 4 19
6 97 -13
8 59 -28
8 99 13
5 14 -8
5 100 -19
57 110 -13
57 47 -8
57 58 13
57 67 28
4 3 -13
4 55 28
4 2 19
4 95 8
97 48 13
97 98 -28
97 107 -13
106 105 13
106 108 13
106 53 -8
105 13 13
105 56 13
105 95 13
108 110 8
108 12 8
108 55 -8
108 107 28
53 2 -8
53 63 8
53 43 19
90 138 -19
90 89 19
90 92 -8
90 88 -8
138 139 -13
138 42 8
89 34 19
89 141 28
89 79 8
92 33 8
92 140 -8
88 87 -13
88 86 19
88 136 -13
88 29 -13
134 38 -19
134 125 -13
134 135 19
134 86 -28
38 36 8
38 40 -8
38 37 28
125 126 -8
125 76 8
125 30 8
135 137 -28
135 83 19
135 35 -13
86 27 -8
86 85 -8
86 84 -19
32 87 -13
32 34 -8
32 30 28
32 127 8
22 14 28
22 80 13
22 120 -13
22 23 -8
39 40 13
39 139 13
13 15 19
13 12 28
15 14 -19
15 17 -19
15 107 28
15 67 -8
12 3 -19
14 70 -13
14 110 -19
70 69 -13
70 72 13
70 119 13
110 109 -28
110 112 -13
109 17 8
109 99 -19
109 119 8
112 16 -19
112 59 13
69 59 -19
69 122 -13
69 17 -13
69 79 13
59 49 19
122 121 -19
122 24 13
122 120 8
17 16 -8
79 25 -8
79 80 -28
139 137 19
139 87 -13
139 141 -13
42 41 -8
42 40 -28
9 18 8
9 0 -8
18 114 -13
18 26 -13
18 74 8
0 94 -13
21 23 -8
21 75 -28
21 20 19
116 114 19
116 118 -13
116 63 -13
116 19 19
137 37 -28
137 136 -13
137 85 -19
37 29 -19
136 127 -19
136 40 -28
85 30 -19
85 75 28
16 24 19
16 72 -13
24 25 13
24 33 28
72 121 -28
23 25 -28
23 117 19
75 76 -13
20 73 -13
20 19 19
80 78 28
120 118 28
120 119 -19
120 67 -28
49 102 19
49 50 8
102 100 -19
102 101 8
50 52 -8
50 48 -8
50 99 8
121 131 -19
94 96 -28
96 95 -13
96 98 -28
96 43 13
96 1 8
45 46 8
45 55 -28
45 98 -8
46 44 8
46 48 19
46 95 19
55 56 13
98 3 -13
98 100 19
25 119 -19
3 58 -28
58 107 19
58 56 19
73 63 19
73 83 -28
73 74 13
73 126 13
83 28 -19
83 84 -8
74 76 19
74 123 19
126 124 8
126 27 13
118 117 -28
117 127 28
117 107 -19
56 1 8
28 27 -28
28 30 -19
28 123 13
84 133 -8
84 26 13
124 123 -19
124 26 -28
27 35 13
27 19 19
41 141 8
41 33 -8
52 51 19
52 101 -13
43 44 8
1 2 -28
48 47 -8
36 35 8
36 133 28
19 76 13
76 78 8
78 127 -19
47 100 8
100 99 13
34 33 19
29 30 28
141 140 -28
140 131 -28
123 133 -28
