130 31 -28
130 132 8
130 128 8
130 129 19
130 77 -28
31 90 13
31 32 8
31 22 -8
31 39 -19
132 33 -13
132 131 13
132 79 8
128 126 28
128 75 -19
128 127 8
128 29 8
129 138 -19
129 119 -19
129 80 -19
129 34 -19
77 87 -13
77 67 13
77 23 8
77 78 28
66 68 -8
66 115 19
66 65 28
66 10 19
66 64 8
68 12 -8
68 67 13
68 117 -19
68 70 8
115 125 19
115 21 -13
115 105 -8
115 116 28
65 13 8
65 118 13
65 75 -19
65 55 -28
10 106 19
10 11 28
10 1 -28
10 19 -8
64 9 13
64 113 -8
64 63 -19
81 82 -13
81 71 28
81 91 -8
82 80 -19
82 24 8
82 131 -8
71 72 -13
71 61 13
91 92 28
103 93 -8
103 11 8
103 54 8
103 113 28
103 104 -19
93 94 -28
93 44 -8
93 2 -28
11 13 -13
11 63 -8
54 53 -19
54 56 -19
54 0 -13
113 114 -28
113 20 19
113 123 -13
104 106 -19
104 9 -28
62 60 8
62 111 19
62 7 -19
62 61 19
60 109 13
60 59 -13
60 5 -19
60 58 -19
111 112 8
111 101 19
111 121 19
7 16 8
7 102 8
7 8 -8
61 51 -8
6 8 13
6 5 -19
6 57 19
6 4 -19
6 97 -8
8 59 19
8 99 -13
5 14 19
5 100 -28
57 110 28
57 47 13
57 58 28
57 67 19
4 3 13
4 55 -8
4 2 28
4 95 13
97 48 -8
97 98 -13
97 107 19
106 105 19
106 108 8
106 53 -28
105 13 -19
105 56 -13
105 95 -13
108 110 13
108 12 28
108 55 -8
108 107 19
53 2 -19
53 63 -8
53 43 8
90 138 19
90 89 -13
90 92 -13
90 88 -28
138 139 13
138 42 28
89 34 -28
89 141 19
89 79 -19
92 33 13
92 140 -19
88 87 -8
88 86 13
88 136 8
88 29 28
134 38 -8
134 125 -19
134 135 -13
134 86 -19
38 36 8
38 40 8
38 37 -8
125 126 13
125 76 -19
125 30 -8
135 137 28
135 83 -28
135 35 19
86 27 -28
86 85 -19
86 84 19
32 87 -19
32 34 8
32 30 28
32 127 -28
22 14 -28
22 80 13
22 120 -13
22 23 8
39 40 19
39 139 -13
13 15 -13
13 12 28
15 14 28
15 17 13
15 107 -28
15 67 19
12 3 13
14 70 19
14 110 -28
70 69 -8
70 72 -8
70 119 19
110 109 -28
110 112 -19
109 17 -13
109 99 -8
109 119 13
112 16 8
112 59 13
69 59 -19
69 122 -8
69 17 8
69 79 -8
59 49 -13
122 121 -28
122 24 13
122 120 -28
17 16 28
79 25 -28
79 80 13
139 137 19
139 87 19
139 141 -28
42 41 -8
42 40 13
9 18 -19
9 0 -19
18 114 13
18 26 19
18 74 -19
0 94 -19
21 23 -13
21 75 -8
21 20 19
116 114 28
116 118 -28
116 63 -13
116 19 19
137 37 28
137 136 -19
137 85 -8
37 29 19
136 127 19
136 40 13
85 30 -19
85 75 -8
16 24 -8
16 72 8
24 25 19
24 33 13
72 121 -8
23 25 -28
23 117 -13
75 76 -19
20 73 8
20 19 13
80 78 -19
120 118 8
120 119 -13
120 67 -19
49 102 -13
49 50 -19
102 100 8
102 101 -19
50 52 28
50 48 -8
50 99 28
121 131 13
94 96 -8
96 95 -8
96 98 8
96 43 13
96 1 19
45 46 -28
45 55 -28
45 98 -28
46 44 -8
46 48 -8
46 95 8
55 56 19
98 3 -13
98 100 19
25 119 28
3 58 13
58 107 8
58 56 13
73 63 -19
73 83 13
73 74 -13
73 126 19
83 28 13
83 84 28
74 76 19
74 123 -19
126 124 19
126 27 -13
118 117 19
117 127 8
117 107 -8
56 1 -8
28 27 -8
28 30 19
28 123 -19
84 133 -8
84 26 -13
124 123 28
124 26 13
27 35 -13
27 19 28
41 141 19
41 33 -8
52 51 28
52 101 -13
43 44 13
1 2 -13
48 47 -19
36 35 28
36 133 28
19 76 -13
76 78 28
78 127 -8
47 100 19
100 99 28
34 33 13
29 30 -8
141 140 -13
140 131 28
123 133 -28
