130 31 -8
130 132 -28
130 128 -28
130 129 13
130 77 -28
31 90 -19
31 32 28
31 22 -19
31 39 -8
132 33 8
132 131 -28
132 79 28
128 126 -13
128 75 -13
128 127 28
128 29 -8
129 138 8
129 119 8
129 80 19
129 34 -28
77 87 -28
77 67 13
77 23 -28
77 78 13
66 68 -28
66 115 -8
66 65 -13
66 10 -19
66 64 19
68 12 28
68 67 8
68 117 28
68 70 28
115 125 13
115 21 28
115 105 13
115 116 -28
65 13 8
65 118 19
65 75 19
65 55 -19
10 106 28
10 11 -8
10 1 -28
10 19 28
64 9 -28
64 113 13
64 63 28
81 82 8
81 71 -8
81 91 19
82 80 19
82 24 13
82 131 13
71 72 28
71 61 8
91 92 -13
103 93 13
103 11 -28
103 54 13
103 113 28
103 104 8
93 94 19
93 44 -13
93 2 -19
11 13 -28
11 63 -28
54 53 13
54 56 -28
54 0 8
113 114 -8
113 20 -19
113 123 28
104 106 -19
104 9 28
62 60 -28
62 111 -19
62 7 28
62 61 28
60 109 -8
60 59 -19
60 5 8
60 58 13
111 112 19
111 101 -8
111 121 19
7 16 -13
7 102 -19
7 8 8
61 51 -8
6 8 -19
6 5 19
6 57 -28
6 4 -28
6 97 8
8 59 -28
8 99 -13
5 14 -8
5 100 8
57 110 19
57 47 19
57 58 19
57 67 19
4 3 -8
4 55 -28
4 2 -13
4 95 -19
97 48 13
97 98 -28
97 107 -8
106 105 -28
106 108 28
106 53 -19
105 13 28
105 56 19
105 95 -19
108 110 13
108 12 -28
108 55 28
108 107 -13
53 2 19
53 63 19
53 43 -8
90 138 -28
90 89 -13
90 92 28
90 88 19
138 139 28
138 42 -19
89 34 -13
89 141 19
89 79 -8
92 33 8
92 140 28
88 87 19
88 86 -19
88 136 13
88 29 -19
134 38 19
134 125 -28
134 135 -8
134 86 19
38 36 -19
38 40 -13
38 37 8
125 126 19
125 76 28
125 30 13
135 137 -8
135 83 -13
135 35 8
86 27 13
86 85 19
86 84 13
32 87 8
32 34 28
32 30 28
32 127 28
22 14 -13
22 80 -19
22 120 -8
22 23 -28
39 40 8
39 139 13
13 15 -19
13 12 8
15 14 -28
15 17 13
15 107 -8
15 67 -19
12 3 19
14 70 13
14 110 28
70 69 28
70 72 -19
70 119 -28
110 109 13
110 112 -13
109 17 -19
109 99 8
109 119 13
112 16 -19
112 59 -28
69 59 8
69 122 -28
69 17 -8
69 79 -13
59 49 -8
122 121 13
122 24 28
122 120 19
17 16 8
79 25 19
79 80 28
139 137 13
139 87 13
139 141 -28
42 41 -28
42 40 19
9 18 8
9 0 8
18 114 19
18 26 8
18 74 8
0 94 13
21 23 8
21 75 8
21 20 8
116 114 -8
116 118 8
116 63 19
116 19 13
137 37 -19
137 136 13
137 85 13
37 29 28
136 127 13
136 40 19
85 30 8
85 75 19
16 24 -19
16 72 8
24 25 19
24 33 13
72 121 28
23 25 -28
23 117 -8
75 76 28
20 73 28
20 19 13
80 78 19
120 118 28
120 119 -19
120 67 -19
49 102 28
49 50 -19
102 100 -8
102 101 19
50 52 -13
50 48 19
50 99 13
121 131 -8
94 96 19
96 95 -19
96 98 8
96 43 -19
96 1 -13
45 46 -19
45 55 8
45 98 8
46 44 -19
46 48 8
46 95 -13
55 56 -28
98 3 -28
98 100 13
25 119 -28
3 58 13
58 107 -13
58 56 -19
73 63 8
73 83 -28
73 74 -8
73 126 -13
83 28 -19
83 84 -19
74 76 -28
74 123 -28
126 124 -13
126 27 -19
118 117 19
117 127 -19
117 107 -13
56 1 13
28 27 28
28 30 -28
28 123 8
84 133 8
84 26 -8
124 123 19
124 26 -19
27 35 28
27 19 13
41 141 -19
41 33 13
52 51 8
52 101 13
43 44 -8
1 2 13
48 47 -28
36 35 13
36 133 -8
19 76 -13
76 78 -19
78 127 -28
47 100 8
100 99 19
34 33 28
29 30 13
141 140 -13
140 131 -13
123 133 8
