130 31 -19
130 132 -28
130 128 -13
130 129 28
130 77 -19
31 90 19
31 32 -28
31 22 8
31 39 8
132 33 13
132 131 -19
132 79 -28
128 126 -28
128 75 8
128 127 -8
128 29 -28
129 138 -8
129 119 -28
129 80 13
129 34 -13
77 87 8
77 67 -8
77 23 -13
77 78 -19
66 68 13
66 115 -19
66 65 19
66 10 13
66 64 13
68 12 28
68 67 -13
68 117 -19
68 70 -28
115 125 -19
115 21 8
115 105 13
115 116 13
65 13 -28
65 118 -28
65 75 19
65 55 -28
10 106 13
10 11 -28
10 1 -28
10 19 13
64 9 -19
64 113 -8
64 63 13
81 82 19
81 71 19
81 91 -28
82 80 -28
82 24 -8
82 131 -8
71 72 -13
71 61 8
91 92 28
103 93 13
103 11 8
103 54 13
103 113 13
103 104 19
93 94 -28
93 44 -8
93 2 13
11 13 8
11 63 -28
54 53 28
54 56 -8
54 0 -19
113 114 -28
113 20 28
113 123 19
104 106 -8
104 9 28
62 60 -13
62 111 -13
62 7 19
62 61 28
60 109 13
60 59 8
60 5 -28
60 58 -13
111 112 -19
111 101 -8
111 121 -13
7 16 -28
7 102 -13
7 8 28
61 51 -8
6 8 -28
6 5 19
6 57 -19
6 4 -28
6 97 8
8 59 -19
8 99 28
5 14 13
5 100 13
57 110 28
57 47 -8
57 58 28
57 67 28
4 3 28
4 55 8
4 2 -8
4 95 13
97 48 -19
97 98 13
97 107 13
106 105 -8
106 108 -8
106 53 -13
105 13 -28
105 56 13
105 95 13
108 110 28
108 12 -8
108 55 8
108 107 13
53 2 19
53 63 -28
53 43 -28
90 138 -28
90 89 8
90 92 -13
90 88 19
138 139 -13
138 42 -19
89 34 8
89 141 8
89 79 -13
92 33 -19
92 140 28
88 87 -13
88 86 28
88 136 -19
88 29 -13
134 38 13
134 125 -28
134 135 8
134 86 -13
38 36 28
38 40 -28
38 37 -8
125 126 -8
125 76 -13
125 30 -28
135 137 -28
135 83 8
135 35 19
86 27 19
86 85 13
86 84 8
32 87 -19
32 34 28
32 30 8
32 127 28
22 14 -28
22 80 13
22 120 8
22 23 -28
39 40 -13
39 139 -28
13 15 -8
13 12 -8
15 14 28
15 17 13
15 107 -13
15 67 19
12 3 -19
14 70 13
14 110 -13
70 69 28
70 72 19
70 119 -19
110 109 -8
110 112 -8
109 17 13
109 99 28
109 119 -13
112 16 13
112 59 28
69 59 8
69 122 -19
69 17 28
69 79 13
59 49 -13
122 121 -13
122 24 28
122 120 28
17 16 13
79 25 19
79 80 -8
139 137 28
139 87 -19
139 141 -19
42 41 13
42 40 13
9 18 -13
9 0 13
18 114 19
18 26 -19
18 74 8
0 94 -8
21 23 -28
21 75 -13
21 20 -13
116 114 19
116 118 8
116 63 -13
116 19 13
137 37 -19
137 136 -8
137 85 8
37 29 19
136 127 13
136 40 8
85 30 -8
85 75 -8
16 24 -8
16 72 13
24 25 -13
24 33 28
72 121 -28
23 25 8
23 117 28
75 76 -13
20 73 -19
20 19 13
80 78 -8
120 118 -28
120 119 8
120 67 13
49 102 13
49 50 19
102 100 8
102 101 -19
50 52 -13
50 48 28
50 99 19
121 131 19
94 96 13
96 95 28
96 98 28
96 43 19
96 1 13
45 46 -28
45 55 28
45 98 8
46 44 13
46 48 28
46 95 8
55 56 -19
98 3 19
98 100 -8
25 119 13
3 58 -13
58 107 28
58 56 -28
73 63 -8
73 83 8
73 74 -8
73 126 28
83 28 -13
83 84 8
74 76 -13
74 123 -28
126 124 19
126 27 -19
118 117 -19
117 127 -13
117 107 -13
56 1 -13
28 27 -28
28 30 13
28 123 28
84 133 8
84 26 -13
124 123 8
124 26 13
27 35 -19
27 19 -8
41 141 8
41 33 -28
52 51 -8
52 101 -13
43 44 8
1 2 28
48 47 -13
36 35 -28
36 133 19
19 76 -8
76 78 -28
78 127 -28
47 100 -28
100 99 -28
34 33 -19
29 30 -8
141 140 8
140 131 -28
123 133 -28
