130 31 8
130 132 -19
130 128 8
130 129 13
130 77 28
31 90 -13
31 32 13
31 22 8
31 39 -28
132 33 -8
132 131 13
132 79 19
128 126 28
128 75 13
128 127 19
128 29 -13
129 138 -28
129 119 19
129 80 28
129 34 -8
77 87 13
77 67 -8
77 23 13
77 78 -19
66 68 19
66 115 -19
66 65 28
66 10 -19
66 64 -19
68 12 8
68 67 -13
68 117 -8
68 70 28
115 125 8
115 21 -13
115 105 8
115 116 8
65 13 19
65 118 8
65 75 -8
65 55 28
10 106 -19
10 11 28
10 1 28
10 19 -19
64 9 -8
64 113 19
64 63 19
81 82 -19
81 71 19
81 91 8
82 80 28
82 24 -19
82 131 19
71 72 -8
71 61 -8
91 92 -19
103 93 -13
103 11 -19
103 54 13
103 113 -19
103 104 19
93 94 28
93 44 19
93 2 28
11 13 -28
11 63 28
54 53 -13
54 56 -8
54 0 -28
113 114 13
113 20 -28
113 123 8
104 106 8
104 9 -28
62 60 19
62 111 -28
62 7 -19
62 61 28
60 109 -8
60 59 -19
60 5 8
60 58 -13
111 112 19
111 101 -8
111 121 -19
7 16 19
7 102 -8
7 8 -8
61 51 -19
6 8 8
6 5 -28
6 57 -13
6 4 28
6 97 -28
8 59 -19
8 99 19
5 14 -13
5 100 8
57 110 -28
57 47 -28
57 58 19
57 67 28
4 3 8
4 55 -19
4 2 -13
4 95 8
97 48 -13
97 98 19
97 107 -8
106 105 28
106 108 -28
106 53 8
105 13 -8
105 56 -8
105 95 -13
108 110 13
108 12 -28
108 55 -8
108 107 13
53 2 -13
53 63 -28
53 43 -19
90 138 -28
90 89 -19
90 92 -28
90 88 13
138 139 -8
138 42 -13
89 34 -28
89 141 8
89 79 28
92 33 -13
92 140 -19
88 87 -28
88 86 -8
88 136 13
88 29 -28
134 38 28
134 125 8
134 135 8
134 86 28
38 36 -28
38 40 8
38 37 -19
125 126 -28
125 76 8
125 30 -8
135 137 8
135 83 -8
135 35 -13
86 27 28
86 85 13
86 84 8
32 87 -28
32 34 -13
32 30 13
32 127 13
22 14 -8
22 80 28
22 120 -13
22 23 -8
39 40 -13
39 139 -28
13 15 -19
13 12 -13
15 14 19
15 17 -13
15 107 28
15 67 8
12 3 -8
14 70 13
14 110 13
70 69 -19
70 72 -13
70 119 8
110 109 19
110 112 -13
109 17 28
109 99 -19
109 119 8
112 16 -8
112 59 13
69 59 28
69 122 28
69 17 19
69 79 8
59 49 -28
122 121 8
122 24 8
122 120 -13
17 16 -19
79 25 28
79 80 -13
139 137 28
139 87 8
139 141 8
42 41 -8
42 40 -13
9 18 28
9 0 -19
18 114 -13
18 26 -19
18 74 -8
0 94 -8
21 23 -19
21 75 -8
21 20 -19
116 114 -19
116 118 -19
116 63 -13
116 19 19
137 37 8
137 136 -13
137 85 -19
37 29 -28
136 127 -8
136 40 -8
85 30 28
85 75 -8
16 24 -19
16 72 28
24 25 28
24 33 8
72 121 28
23 25 28
23 117 -28
75 76 -13
20 73 -28
20 19 -28
80 78 -28
120 118 -19
120 119 8
120 67 13
49 102 8
49 50 8
102 100 19
102 101 19
50 52 8
50 48 -28
50 99 13
121 131 -13
94 96 -19
96 95 13
96 98 13
96 43 28
96 1 8
45 46 -8
45 55 -19
45 98 -28
46 44 28
46 48 -8
46 95 8
55 56 28
98 3 13
98 100 28
25 119 28
3 58 8
58 107 -28
58 56 -13
73 63 19
73 83 -28
73 74 8
73 126 19
83 28 -8
83 84 -28
74 76 -28
74 123 13
126 124 13
126 27 13
118 117 13
117 127 8
117 107 -8
56 1 8
28 27 19
28 30 28
28 123 -19
84 133 -28
84 26 -19
124 123 -13
124 26 8
27 35 8
27 19 -19
41 141 -8
41 33 -8
52 51 28
52 101 28
43 44 -13
1 2 -28
48 47 -13
36 35 -8
36 133 19
19 76 -8
76 78 -13
78 127 -13
47 100 -13
100 99 19
34 33 19
29 30 -8
141 140 -13
140 131 -19
123 133 19
