130 31 -28
130 132 8
130 128 8
130 129 -28
130 77 -8
31 90 28
31 32 28
31 22 13
31 39 -8
132 33 28
132 131 -13
132 79 13
128 126 -28
128 75 13
128 127 28
128 29 -13
129 138 -19
129 119 19
129 80 -28
129 34 19
77 87 -13
77 67 -19
77 23 19
77 78 -19
66 68 13
66 115 28
66 65 8
66 10 19
66 64 19
68 12 -28
68 67 -28
68 117 -19
68 70 -8
115 125 8
115 21 8
115 105 28
115 116 28
65 13 19
65 118 8
65 75 -19
65 55 13
10 106 -28
10 11 -19
10 1 8
10 19 13
64 9 8
64 113 28
64 63 8
81 82 -13
81 71 8
81 91 -19
82 80 -19
82 24 -19
82 131 -13
71 72 13
71 61 8
91 92 8
103 93 -28
103 11 -28
103 54 -28
103 113 19
103 104 8
93 94 -28
93 44 13
93 2 -13
11 13 8
11 63 8
54 53 -19
54 56 -8
54 0 13
113 114 28
113 20 19
113 123 -8
104 106 -8
104 9 8
62 60 28
62 111 13
62 7 8
62 61 -8
60 109 -28
60 59 28
60 5 28
60 58 28
111 112 -13
111 101 -28
111 121 -13
7 16 19
7 102 19
7 8 28
61 51 -13
6 8 13
6 5 -19
6 57 -13
6 4 8
6 97 28
8 59 -19
8 99 -8
5 14 28
5 100 -13
57 110 -8
57 47 13
57 58 8
57 67 19
4 3 8
4 55 -8
4 2 28
4 95 13
97 48 -28
97 98 -28
97 107 8
106 105 -19
106 108 19
106 53 -13
105 13 28
105 56 28
105 95 -19
108 110 8
108 12 19
108 55 -19
108 107 8
53 2 28
53 63 -28
53 43 -8
90 138 -28
90 89 -28
90 92 -13
90 88 -8
138 139 19
138 42 -8
89 34 19
89 141 -19
89 79 19
92 33 8
92 140 28
88 87 -19
88 86 28
88 136 -13
88 29 8
134 38 -19
134 125 -13
134 135 8
134 86 -28
38 36 19
38 40 -19
38 37 8
125 126 -8
125 76 -19
125 30 -28
135 137 13
135 83 28
135 35 8
86 27 -19
86 85 -13
86 84 28
32 87 -8
32 34 8
32 30 13
32 127 13
22 14 -28
22 80 -8
22 120 28
22 23 13
39 40 -8
39 139 19
13 15 13
13 12 19
15 14 -13
15 17 19
15 107 -28
15 67 -28
12 3 -8
14 70 -13
14 110 -19
70 69 -13
70 72 13
70 119 19
110 109 -19
110 112 8
109 17 8
109 99 13
109 119 -28
112 16 -8
112 59 8
69 59 -8
69 122 -19
69 17 19
69 79 19
59 49 -28
122 121 13
122 24 -19
122 120 -13
17 16 -13
79 25 -8
79 80 -28
139 137 -13
139 87 13
139 141 19
42 41 28
42 40 -28
9 18 13
9 0 -13
18 114 19
18 26 8
18 74 19
0 94 28
21 23 -8
21 75 -19
21 20 13
116 114 19
116 118 -28
116 63 28
116 19 8
137 37 28
137 136 8
137 85 -8
37 29 -8
136 127 -8
136 40 19
85 30 -28
85 75 -28
16 24 19
16 72 8
24 25 -28
24 33 -19
72 121 -28
23 25 -28
23 117 -13
75 76 8
20 73 28
20 19 -13
80 78 -13
120 118 13
120 119 -8
120 67 28
49 102 -13
49 50 -8
102 100 8
102 101 -19
50 52 13
50 48 13
50 99 19
121 131 -8
94 96 -28
96 95 28
96 98 28
96 43 13
96 1 -8
45 46 8
45 55 -28
45 98 13
46 44 -13
46 48 13
46 95 28
55 56 13
98 3 -8
98 100 13
25 119 19
3 58 -19
58 107 13
58 56 -13
73 63 -28
73 83 19
73 74 -19
73 126 28
83 28 8
83 84 28
74 76 19
74 123 -13
126 124 13
126 27 -13
118 117 -8
117 127 -8
117 107 8
56 1 -19
28 27 -13
28 30 19
28 123 -8
84 133 19
84 26 28
124 123 28
124 26 -8
27 35 -8
27 19 -19
41 141 -19
41 33 8
52 51 -28
52 101 -28
43 44 -8
1 2 -19
48 47 13
36 35 -28
36 133 -8
19 76 13
76 78 -13
78 127 -13
47 100 13
100 99 -13
34 33 19
29 30 -19
141 140 -13
140 131 -19
123 133 -13
