130 31 -19
130 132 -28
130 128 -8
130 129 13
130 77 -13
31 90 8
31 32 -28
31 22 13
31 39 -19
132 33 -8
132 131 8
132 79 -28
128 126 28
128 75 -8
128 127 19
128 29 8
129 138 -13
129 119 28
129 80 -28
129 34 8
77 87 19
77 67 -28
77 23 13
77 78 -13
66 68 -8
66 115 -28
66 65 28
66 10 28
66 64 28
68 12 -8
68 67 8
68 117 19
68 70 -13
115 125 8
115 21 -13
115 105 8
115 116 28
65 13 8
65 118 28
65 75 -8
65 55 -28
10 106 -19
10 11 28
10 1 -8
10 19 -13
64 9 28
64 113 28
64 63 8
81 82 13
81 71 8
81 91 19
82 80 8
82 24 -8
82 131 19
71 72 13
71 61 13
91 92 28
103 93 8
103 11 28
103 54 19
103 113 8
103 104 13
93 94 13
93 44 -19
93 2 -19
11 13 -13
11 63 -13
54 53 13
54 56 -28
54 0 8
113 114 -19
113 20 28
113 123 -13
104 106 8
104 9 8
62 60 19
62 111 8
62 7 8
62 61 -8
60 109 -13
60 59 -13
60 5 -28
60 58 28
111 112 -8
111 101 -13
111 121 -13
7 16 28
7 102 8
7 8 8
61 51 -13
6 8 -19
6 5 -8
6 57 13
6 4 -13
6 97 -28
8 59 19
8 99 -28
5 14 13
5 100 8
57 110 13
57 47 -19
57 58 28
57 67 -19
4 3 -8
4 55 -8
4 2 -28
4 95 28
97 48 -28
97 98 -19
97 107 -19
106 105 28
106 108 8
106 53 13
105 13 8
105 56 13
105 95 -19
108 110 -8
108 12 -28
108 55 19
108 107 19
53 2 -19
53 63 28
53 43 13
90 138 -28
90 89 28
90 92 13
90 88 -19
138 139 -19
138 42 13
89 34 -28
89 141 -8
89 79 -19
92 33 8
92 140 -19
88 87 19
88 86 13
88 136 -13
88 29 13
134 38 28
134 125 -13
134 135 13
134 86 19
38 36 13
38 40 19
38 37 -8
125 126 19
125 76 -13
125 30 13
135 137 28
135 83 19
135 35 -8
86 27 -8
86 85 13
86 84 19
32 87 -8
32 34 -28
32 30 28
32 127 -13
22 14 8
22 80 -13
22 120 -8
22 23 -13
39 40 8
39 139 28
13 15 -19
13 12 8
15 14 -13
15 17 -19
15 107 13
15 67 8
12 3 19
14 70 -28
14 110 28
70 69 -28
70 72 8
70 119 8
110 109 13
110 112 -28
109 17 -28
109 99 -28
109 119 -13
112 16 28
112 59 -28
69 59 13
69 122 8
69 17 -13
69 79 28
59 49 19
122 121 -19
122 24 -8
122 120 -13
17 16 -13
79 25 -28
79 80 19
139 137 19
139 87 -19
139 141 19
42 41 28
42 40 -19
9 18 28
9 0 -8
18 114 13
18 26 -28
18 74 28
0 94 19
21 23 19
21 75 -13
21 20 -19
116 114 -8
116 118 13
116 63 -28
116 19 -19
137 37 -28
137 136 -28
137 85 -28
37 29 -28
136 127 19
136 40 13
85 30 13
85 75 -8
16 24 19
16 72 8
24 25 8
24 33 28
72 121 -19
23 25 -13
23 117 -13
75 76 -13
20 73 -28
20 19 -13
80 78 -13
120 118 -19
120 119 -28
120 67 -28
49 102 19
49 50 -8
102 100 -13
102 101 13
50 52 28
50 48 -28
50 99 -8
121 131 28
94 96 -13
96 95 19
96 98 28
96 43 -28
96 1 28
45 46 8
45 55 -19
45 98 19
46 44 -19
46 48 -28
46 95 19
55 56 19
98 3 -28
98 100 8
25 119 28
3 58 -13
58 107 28
58 56 -19
73 63 13
73 83 -19
73 74 13
73 126 -28
83 28 8
83 84 19
74 76 -28
74 123 -19
126 124 -19
126 27 -13
118 117 -19
117 127 8
117 107 19
56 1 28
28 27 -8
28 30 28
28 123 -19
84 133 -19
84 26 8
124 123 19
124 26 19
27 35 13
27 19 -28
41 141 -19
41 33 -13
52 51 19
52 101 28
43 44 28
1 2 13
48 47 28
36 35 13
36 133 -8
19 76 8
76 78 19
78 127 13
47 100 19
100 99 13
34 33 13
29 30 19
141 140 19
140 131 -19
123 133 13
