130 31 -28
130 132 13
130 128 8
130 129 -8
130 77 8
31 90 8
31 32 8
31 22 -28
31 39 19
132 33 19
132 131 19
132 79 -19
128 126 28
128 75 -19
128 127 -28
128 29 19
129 138 -19
129 119 -19
129 80 28
129 34 13
77 87 -28
77 67 8
77 23 28
77 78 -8
66 68 8
66 115 13
66 65 -19
66 10 -8
66 64 -19
68 12 28
68 67 -19
68 117 13
68 70 8
115 125 -8
115 21 8
115 105 19
115 116 -13
65 13 19
65 118 19
65 75 28
65 55 -8
10 106 13
10 11 8
10 1 8
10 19 -8
64 9 19
64 113 8
64 63 -19
81 82 28
81 71 8
81 91 19
82 80 28
82 24 8
82 131 -13
71 72 13
71 61 19
91 92 -28
103 93 28
103 11 19
103 54 -13
103 113 -19
103 104 28
93 94 -13
93 44 19
93 2 -13
11 13 -19
11 63 -28
54 53 28
54 56 28
54 0 -28
113 114 -28
113 20 -19
113 123 -28
104 106 -19
104 9 -28
62 60 13
62 111 13
62 7 8
62 61 19
60 109 -28
60 59 19
60 5 19
60 58 -28
111 112 28
111 101 13
111 121 -13
7 16 8
7 102 13
7 8 28
61 51 28
6 8 -28
6 5 -13
6 57 8
6 4 28
6 97 19
8 59 -8
8 99 -19
5 14 -28
5 100 -19
57 110 19
57 47 -28
57 58 19
57 67 -13
4 3 -28
4 55 28
4 2 13
4 95 -8
97 48 28
97 98 -28
97 107 -8
106 105 19
106 108 13
106 53 13
105 13 8
105 56 19
105 95 13
108 110 -19
108 12 -13
108 55 -28
108 107 -19
53 2 -13
53 63 8
53 43 8
90 138 -28
90 89 -19
90 92 -28
90 88 8
138 139 -13
138 42 -19
89 34 28
89 141 19
89 79 13
92 33 -28
92 140 8
88 87 28
88 86 -28
88 136 -19
88 29 19
134 38 -28
134 125 -8
134 135 28
134 86 28
38 36 8
38 40 8
38 37 13
125 126 -13
125 76 8
125 30 8
135 137 -28
135 83 -8
135 35 -28
86 27 -8
86 85 19
86 84 13
32 87 19
32 34 -19
32 30 13
32 127 -13
22 14 -13
22 80 28
22 120 -19
22 23 28
39 40 19
39 139 -19
13 15 -28
13 12 13
15 14 -8
15 17 -19
15 107 -28
15 67 -28
12 3 13
14 70 8
14 110 8
70 69 -8
70 72 -13
70 119 -19
110 109 -8
110 112 -28
109 17 -13
109 99 8
109 119 28
112 16 28
112 59 -28
69 59 19
69 122 -28
69 17 28
69 79 -8
59 49 19
122 121 28
122 24 -8
122 120 -8
17 16 -28
79 25 -8
79 80 13
139 137 -28
139 87 -8
139 141 -19
42 41 19
42 40 -19
9 18 13
9 0 13
18 114 -19
18 26 -13
18 74 19
0 94 -28
21 23 13
21 75 28
21 20 28
116 114 -13
116 118 -19
116 63 28
116 19 -28
137 37 19
137 136 8
137 85 -28
37 29 -13
136 127 -8
136 40 19
85 30 13
85 75 -8
16 24 -28
16 72 -13
24 25 28
24 33 -19
72 121 13
23 25 -13
23 117 -19
75 76 19
20 73 -28
20 19 28
80 78 -28
120 118 13
120 119 -8
120 67 8
49 102 13
49 50 13
102 100 19
102 101 -28
50 52 13
50 48 -13
50 99 -19
121 131 -8
94 96 8
96 95 28
96 98 -8
96 43 -13
96 1 -28
45 46 28
45 55 -8
45 98 -13
46 44 -19
46 48 19
46 95 8
55 56 -13
98 3 28
98 100 8
25 119 28
3 58 8
58 107 28
58 56 19
73 63 19
73 83 -8
73 74 19
73 126 -8
83 28 13
83 84 -13
74 76 -28
74 123 -28
126 124 -8
126 27 19
118 117 -13
117 127 -13
117 107 28
56 1 13
28 27 28
28 30 28
28 123 13
84 133 19
84 26 -13
124 123 -8
124 26 8
27 35 13
27 19 19
41 141 -19
41 33 -19
52 51 28
52 101 8
43 44 8
1 2 -8
48 47 -19
36 35 -13
36 133 -13
19 76 -28
76 78 28
78 127 -19
47 100 -13
100 99 13
34 33 -28
29 30 28
141 140 -8
140 131 19
123 133 -13
