130 31 -8
130 132 -19
130 128 28
130 129 -8
130 77 -19
31 90 19
31 32 8
31 22 13
31 39 8
132 33 -13
132 131 28
132 79 8
128 126 8
128 75 8
128 127 19
128 29 -28
129 138 -13
129 119 -8
129 80 8
129 34 28
77 87 19
77 67 -13
77 23 -19
77 78 28
66 68 8
66 115 28
66 65 -19
66 10 -13
66 64 -13
68 12 28
68 67 -28
68 117 13
68 70 -13
115 125 -8
115 21 -8
115 105 28
115 116 28
65 13 8
65 118 19
65 75 8
65 55 28
10 106 13
10 11 8
10 1 28
10 19 8
64 9 8
64 113 19
64 63 28
81 82 19
81 71 -28
81 91 -28
82 80 13
82 24 -28
82 131 19
71 72 -13
71 61 -8
91 92 -19
103 93 19
103 11 28
103 54 -19
103 113 28
103 104 19
93 94 8
93 44 -8
93 2 19
11 13 -8
11 63 -8
54 53 28
54 56 28
54 0 -28
113 114 8
113 20 8
113 123 8
104 106 -19
104 9 28
62 60 -8
62 111 -8
62 7 8
62 61 -13
60 109 8
60 59 28
60 5 -28
60 58 19
111 112 28
111 101 28
111 121 -8
7 16 13
7 102 -8
7 8 -28
61 51 19
6 8 -13
6 5 -8
6 57 13
6 4 -8
6 97 -8
8 59 28
8 99 28
5 14 8
5 100 -8
57 110 -13
57 47 -13
57 58 8
57 67 -28
4 3 8
4 55 -8
4 2 13
4 95 -28
97 48 -28
97 98 -13
97 107 19
106 105 -8
106 108 -13
106 53 8
105 13 8
105 56 19
105 95 -19
108 110 28
108 12 -13
108 55 -19
108 107 8
53 2 13
53 63 -13
53 43 -19
90 138 19
90 89 -28
90 92 -19
90 88 -28
138 139 28
138 42 13
89 34 19
89 141 28
89 79 19
92 33 28
92 140 -28
88 87 -13
88 86 -19
88 136 -13
88 29 -28
134 38 -19
134 125 -19
134 135 -28
134 86 8
38 36 19
38 40 -13
38 37 -8
125 126 28
125 76 19
125 30 28
135 137 -8
135 83 -28
135 35 -19
86 27 28
86 85 13
86 84 13
32 87 -28
32 34 -13
32 30 8
32 127 8
22 14 8
22 80 -28
22 120 19
22 23 -19
39 40 -8
39 139 -8
13 15 -19
13 12 19
15 14 28
15 17 -28
15 107 -28
15 67 -8
12 3 28
14 70 -28
14 110 8
70 69 28
70 72 -19
70 119 8
110 109 -8
110 112 28
109 17 8
109 99 13
109 119 13
112 16 -28
112 59 13
69 59 19
69 122 8
69 17 8
69 79 19
59 49 8
122 121 -8
122 24 19
122 120 -19
17 16 -13
79 25 -8
79 80 28
139 137 19
139 87 19
139 141 -13
42 41 -8
42 40 -8
9 18 -8
9 0 -28
18 114 -13
18 26 -19
18 74 -8
0 94 8
21 23 -13
21 75 -8
21 20 19
116 114 -19
116 118 13
116 63 8
116 19 28
137 37 8
137 136 13
137 85 13
37 29 13
136 127 13
136 40 -19
85 30 -13
85 75 -28
16 24 8
16 72 28
24 25 -13
24 33 -8
72 121 13
23 25 -28
23 117 8
75 76 -8
20 73 -28
20 19 13
80 78 28
120 118 -19
120 119 -19
120 67 28
49 102 -19
49 50 -13
102 100 8
102 101 13
50 52 28
50 48 -8
50 99 8
121 131 19
94 96 -28
96 95 8
96 98 19
96 43 19
96 1 8
45 46 -13
45 55 19
45 98 8
46 44 8
46 48 19
46 95 -13
55 56 19
98 3 -19
98 100 28
25 119 13
3 58 19
58 107 13
58 56 -19
73 63 -19
73 83 28
73 74 -19
73 126 8
83 28 -19
83 84 -13
74 76 -28
74 123 28
126 124 -19
126 27 19
118 117 -19
117 127 -19
117 107 -28
56 1 -19
28 27 28
28 30 13
28 123 -8
84 133 -19
84 26 -19
124 123 -8
124 26 13
27 35 28
27 19 13
41 141 13
41 33 19
52 51 -19
52 101 -8
43 44 -8
1 2 28
48 47 8
36 35 -19
36 133 -13
19 76 -28
76 78 -8
78 127 28
47 100 28
100 99 -28
34 33 8
29 30 -19
141 140 28
140 131 -28
123 133 8
