130 31 -19
130 132 28
130 128 28
130 129 28
130 77 28
31 90 -8
31 32 13
31 22 19
31 39 19
132 33 8
132 131 8
132 79 -19
128 126 13
128 75 13
128 127 19
128 29 -28
129 138 -19
129 119 -13
129 80 -28
129 34 -13
77 87 13
77 67 -8
77 23 -28
77 78 -19
66 68 -28
66 115 28
66 65 13
66 10 -19
66 64 -13
68 12 -28
68 67 19
68 117 -28
68 70 -19
115 125 -13
115 21 8
115 105 13
115 116 -13
65 13 28
65 118 28
65 75 -8
65 55 -8
10 106 -8
10 11 -8
10 1 -13
10 19 8
64 9 28
64 113 -8
64 63 -28
81 82 28
81 71 -19
81 91 -13
82 80 -19
82 24 13
82 131 -19
71 72 -28
71 61 -13
91 92 13
103 93 13
103 11 19
103 54 28
103 113 -13
103 104 28
93 94 -13
93 44 -8
93 2 28
11 13 -8
11 63 -8
54 53 19
54 56 -8
54 0 -19
113 114 -28
113 20 8
113 123 8
104 106 -19
104 9 -8
62 60 -8
62 111 -28
62 7 19
62 61 -19
60 109 28
60 59 -13
60 5 -28
60 58 -13
111 112 13
111 101 -8
111 121 19
7 16 -19
7 102 -19
7 8 8
61 51 -28
6 8 -19
6 5 28
6 57 -19
6 4 28
6 97 19
8 59 8
8 99 -13
5 14 13
5 100 -19
57 110 28
57 47 -8
57 58 8
57 67 19
4 3 -19
4 55 28
4 2 19
4 95 -19
97 48 -28
97 98 28
97 107 13
106 105 -19
106 108 13
106 53 -28
105 13 -19
105 56 8
105 95 -28
108 110 19
108 12 8
108 55 8
108 107 -19
53 2 13
53 63 -28
53 43 -13
90 138 8
90 89 19
90 92 8
90 88 8
138 139 -28
138 42 28
89 34 28
89 141 -19
89 79 -13
92 33 13
92 140 -28
88 87 -19
88 86 28
88 136 8
88 29 28
134 38 28
134 125 28
134 135 -13
134 86 8
38 36 -19
38 40 19
38 37 -28
125 126 13
125 76 28
125 30 19
135 137 -8
135 83 -8
135 35 -8
86 27 -28
86 85 28
86 84 -13
32 87 28
32 34 28
32 30 -19
32 127 8
22 14 -13
22 80 -28
22 120 -13
22 23 13
39 40 -13
39 139 -13
13 15 13
13 12 -28
15 14 -28
15 17 -13
15 107 -8
15 67 -28
12 3 -28
14 70 13
14 110 19
70 69 19
70 72 -19
70 119 8
110 109 28
110 112 8
109 17 13
109 99 28
109 119 -13
112 16 13
112 59 19
69 59 28
69 122 8
69 17 28
69 79 8
59 49 -28
122 121 -13
122 24 13
122 120 -8
17 16 -8
79 25 13
79 80 13
139 137 28
139 87 28
139 141 -8
42 41 -19
42 40 8
9 18 -8
9 0 -28
18 114 -13
18 26 8
18 74 -8
0 94 -13
21 23 13
21 75 -19
21 20 -19
116 114 -13
116 118 -8
116 63 -8
116 19 19
137 37 -8
137 136 28
137 85 28
37 29 -28
136 127 13
136 40 -28
85 30 -8
85 75 28
16 24 -28
16 72 -8
24 25 -13
24 33 -13
72 121 -13
23 25 -19
23 117 -19
75 76 13
20 73 13
20 19 28
80 78 28
120 118 -8
120 119 8
120 67 -28
49 102 8
49 50 8
102 100 13
102 101 8
50 52 -19
50 48 -28
50 99 28
121 131 13
94 96 -19
96 95 28
96 98 -28
96 43 8
96 1 19
45 46 -28
45 55 -19
45 98 -8
46 44 19
46 48 28
46 95 -19
55 56 28
98 3 -19
98 100 8
25 119 -19
3 58 -19
58 107 13
58 56 -19
73 63 28
73 83 -19
73 74 13
73 126 8
83 28 13
83 84 28
74 76 13
74 123 -19
126 124 -13
126 27 28
118 117 -13
117 127 19
117 107 19
56 1 28
28 27 8
28 30 -13
28 123 19
84 133 13
84 26 -19
124 123 -19
124 26 19
27 35 -13
27 19 28
41 141 13
41 33 28
52 51 -19
52 101 8
43 44 19
1 2 -13
48 47 -19
36 35 28
36 133 -8
19 76 28
76 78 -28
78 127 -8
47 100 28
100 99 -8
34 33 -13
29 30 -13
141 140 -19
140 131 -13
123 133 28
