130 31 -19
130 132 28
130 128 28
130 129 -8
130 77 13
31 90 8
31 32 -28
31 22 -8
31 39 -8
132 33 28
132 131 -8
132 79 -13
128 126 19
128 75 -8
128 127 8
128 29 19
129 138 -8
129 119 13
129 80 28
129 34 19
77 87 13
77 67 -8
77 23 -13
77 78 13
66 68 8
66 115 8
66 65 -19
66 10 -13
66 64 -19
68 12 28
68 67 8
68 117 -13
68 70 -19
115 125 19
115 21 13
115 105 -19
115 116 -8
65 13 -28
65 118 -13
65 75 19
65 55 -19
10 106 19
10 11 13
10 1 19
10 19 8
64 9 -13
64 113 28
64 63 28
81 82 -8
81 71 28
81 91 19
82 80 -13
82 24 28
82 131 19
71 72 8
71 61 -28
91 92 -28
103 93 -8
103 11 -19
103 54 -13
103 113 -8
103 104 -13
93 94 -8
93 44 19
93 2 19
11 13 19
11 63 19
54 53 -19
54 56 13
54 0 13
113 114 13
113 20 -28
113 123 19
104 106 -13
104 9 28
62 60 -19
62 111 -19
62 7 -28
62 61 19
60 109 28
60 59 -28
60 5 13
60 58 -13
111 112 8
111 101 13
111 121 -13
7 16 -8
7 102 -8
7 8 19
61 51 -28
6 8 28
6 5 13
6 57 28
6 4 -8
6 97 28
8 59 28
8 99 -13
5 14 13
5 100 -28
57 110 -8
57 47 -8
57 58 -28
57 67 19
4 3 -13
4 55 19
4 2 13
4 95 13
97 48 -28
97 98 -19
97 107 -8
106 105 13
106 108 28
106 53 -8
105 13 19
105 56 -28
105 95 28
108 110 -28
108 12 -13
108 55 19
108 107 13
53 2 28
53 63 13
53 43 13
90 138 8
90 89 28
90 92 13
90 88 -19
138 139 -13
138 42 -19
89 34 -28
89 141 -19
89 79 -28
92 33 28
92 140 -19
88 87 -28
88 86 -28
88 136 -19
88 29 8
134 38 -19
134 125 -19
134 135 19
134 86 -28
38 36 13
38 40 19
38 37 28
125 126 28
125 76 8
125 30 -28
135 137 19
135 83 -28
135 35 -28
86 27 19
86 85 -8
86 84 -28
32 87 13
32 34 13
32 30 -8
32 127 -28
22 14 -8
22 80 -28
22 120 -28
22 23 -28
39 40 13
39 139 13
13 15 19
13 12 -8
15 14 -28
15 17 -19
15 107 -28
15 67 -8
12 3 13
14 70 -28
14 110 -13
70 69 19
70 72 13
70 119 -19
110 109 13
110 112 19
109 17 13
109 99 -28
109 119 28
112 16 -13
112 59 19
69 59 19
69 122 28
69 17 8
69 79 -8
59 49 28
122 121 28
122 24 13
122 120 13
17 16 28
79 25 -8
79 80 28
139 137 -19
139 87 -28
139 141 -8
42 41 -19
42 40 -19
9 18 13
9 0 13
18 114 -19
18 26 -13
18 74 8
0 94 -28
21 23 8
21 75 8
21 20 8
116 114 -13
116 118 19
116 63 -19
116 19 -28
137 37 -28
137 136 -8
137 85 -19
37 29 19
136 127 -8
136 40 19
85 30 8
85 75 19
16 24 19
16 72 19
24 25 8
24 33 -28
72 121 8
23 25 28
23 117 -8
75 76 13
20 73 -28
20 19 -28
80 78 -28
120 118 8
120 119 19
120 67 -19
49 102 8
49 50 -8
102 100 19
102 101 13
50 52 8
50 48 -13
50 99 -13
121 131 8
94 96 19
96 95 28
96 98 19
96 43 -8
96 1 -19
45 46 -13
45 55 19
45 98 -8
46 44 -13
46 48 -8
46 95 19
55 56 -13
98 3 -13
98 100 19
25 119 -13
3 58 28
58 107 19
58 56 8
73 63 19
73 83 -8
73 74 -19
73 126 -8
83 28 -28
83 84 8
74 76 -19
74 123 13
126 124 -19
126 27 13
118 117 28
117 127 19
117 107 28
56 1 19
28 27 -19
28 30 -8
28 123 13
84 133 -13
84 26 13
124 123 28
124 26 8
27 35 8
27 19 -13
41 141 -28
41 33 19
52 51 -28
52 101 13
43 44 -13
1 2 28
48 47 13
36 35 19
36 133 8
19 76 13
76 78 -8
78 127 13
47 100 -28
100 99 19
34 33 8
29 30 -8
141 140 -13
140 131 -8
123 133 13
