130 31 19
130 132 13
130 128 8
130 129 8
130 77 -13
31 90 -28
31 32 19
31 22 -19
31 39 -13
132 33 13
132 131 -8
132 79 -13
128 126 -13
128 75 28
128 127 19
128 29 -8
129 138 -19
129 119 28
129 80 -28
129 34 -28
77 87 8
77 67 8
77 23 -28
77 78 13
66 68 -13
66 115 19
66 65 13
66 10 -13
66 64 -28
68 12 13
68 67 -13
68 117 -19
68 70 -8
115 125 28
115 21 8
115 105 -8
115 116 -19
65 13 13
65 118 28
65 75 -13
65 55 8
10 106 -19
10 11 -8
10 1 28
10 19 28
64 9 -8
64 113 -19
64 63 -13
81 82 -19
81 71 13
81 91 19
82 80 13
82 24 -19
82 131 -28
71 72 8
71 61 8
91 92 -8
103 93 8
103 11 19
103 54 -19
103 113 8
103 104 28
93 94 -8
93 44 19
93 2 13
11 13 -13
11 63 -13
54 53 -28
54 56 19
54 0 28
113 114 8
113 20 -19
113 123 28
104 106 -13
104 9 -19
62 60 -19
62 111 -8
62 7 -28
62 61 13
60 109 -8
60 59 -19
60 5 8
60 58 28
111 112 19
111 101 -19
111 121 -8
7 16 -8
7 102 -28
7 8 -8
61 51 -19
6 8 8
6 5 -28
6 57 8
6 4 13
6 97 8
8 59 13
8 99 13
5 14 8
5 100 19
57 110 -13
57 47 -28
57 58 -8
57 67 -28
4 3 -13
4 55 -19
4 2 -13
4 95 8
97 48 8
97 98 -19
97 107 -28
106 105 -13
106 108 13
106 53 13
105 13 -28
105 56 -19
105 95 -13
108 110 8
108 12 19
108 55 -13
108 107 19
53 2 -19
53 63 19
53 43 28
90 138 19
90 89 13
90 92 -13
90 88 28
138 139 -28
138 42 -8
89 34 -28
89 141 8
89 79 19
92 33 -8
92 140 -28
88 87 -28
88 86 -19
88 136 13
88 29 -28
134 38 -13
134 125 -19
134 135 -28
134 86 -19
38 36 -19
38 40 19
38 37 19
125 126 13
125 76 13
125 30 28
135 137 13
135 83 -28
135 35 -19
86 27 -19
86 85 13
86 84 -19
32 87 -19
32 34 -13
32 30 -28
32 127 19
22 14 28
22 80 -28
22 120 -19
22 23 -28
39 40 -13
39 139 -28
13 15 -13
13 12 28
15 14 -13
15 17 -8
15 107 -19
15 67 -13
12 3 13
14 70 19
14 110 13
70 69 -8
70 72 -28
70 119 -28
110 109 28
110 112 28
109 17 -13
109 99 28
109 119 13
112 16 -8
112 59 -19
69 59 13
69 122 -28
69 17 13
69 79 -28
59 49 13
122 121 -8
122 24 8
122 120 13
17 16 -28
79 25 8
79 80 -28
139 137 -13
139 87 -8
139 141 -13
42 41 19
42 40 28
9 18 -8
9 0 28
18 114 28
18 26 28
18 74 19
0 94 19
21 23 -8
21 75 13
21 20 -13
116 114 -19
116 118 19
116 63 -19
116 19 -8
137 37 13
137 136 19
137 85 8
37 29 19
136 127 13
136 40 28
85 30 -13
85 75 -19
16 24 19
16 72 13
24 25 -19
24 33 19
72 121 28
23 25 8
23 117 13
75 76 -19
20 73 8
20 19 -8
80 78 -19
120 118 -19
120 119 8
120 67 -8
49 102 -19
49 50 -19
102 100 -8
102 101 -28
50 52 -19
50 48 13
50 99 -13
121 131 -13
94 96 -19
96 95 13
96 98 28
96 43 -8
96 1 -28
45 46 28
45 55 -19
45 98 13
46 44 19
46 48 -13
46 95 -13
55 56 8
98 3 28
98 100 -28
25 119 28
3 58 -28
58 107 19
58 56 -28
73 63 28
73 83 -8
73 74 13
73 126 -8
83 28 -13
83 84 -19
74 76 8
74 123 13
126 124 28
126 27 -19
118 117 13
117 127 -8
117 107 8
56 1 -8
28 27 19
28 30 -28
28 123 19
84 133 -19
84 26 8
124 123 8
124 26 -8
27 35 19
27 19 -28
41 141 -28
41 33 8
52 51 13
52 101 8
43 44 8
1 2 28
48 47 -8
36 35 28
36 133 8
19 76 13
76 78 8
78 127 8
47 100 28
100 99 -28
34 33 28
29 30 8
141 140 19
140 131 -13
123 133 -19
