130 31 -13
130 132 28
130 128 -19
130 129 -13
130 77 -19
31 90 -19
31 32 28
31 22 -8
31 39 -8
132 33 13
132 131 -13
132 79 13
128 126 8
128 75 8
128 127 -8
128 29 -13
129 138 19
129 119 -8
129 80 8
129 34 -19
77 87 -19
77 67 -28
77 23 28
77 78 19
66 68 -28
66 115 19
66 65 -8
66 10 19
66 64 19
68 12 -8
68 67 8
68 117 -19
68 70 8
115 125 -28
115 21 28
115 105 -8
115 116 19
65 13 13
65 118 -13
65 75 -28
65 55 -19
10 106 -19
10 11 -28
10 1 19
10 19 -28
64 9 8
64 113 19
64 63 19
81 82 -8
81 71 8
81 91 -13
82 80 13
82 24 28
82 131 13
71 72 19
71 61 -13
91 92 13
103 93 -19
103 11 -13
103 54 13
103 113 28
103 104 -19
93 94 19
93 44 -28
93 2 -19
11 13 19
11 63 -13
54 53 28
54 56 -8
54 0 8
113 114 -13
113 20 -13
113 123 8
104 106 13
104 9 -19
62 60 13
62 111 -19
62 7 -13
62 61 28
60 109 28
60 59 13
60 5 -19
60 58 19
111 112 -28
111 101 -28
111 121 19
7 16 28
7 102 8
7 8 -8
61 51 -19
6 8 13
6 5 -28
6 57 28
6 4 19
6 97 -13
8 59 -8
8 99 13
5 14 -8
5 100 13
57 110 28
57 47 19
57 58 28
57 67 -28
4 3 -19
4 55 8
4 2 13
4 95 -8
97 48 -13
97 98 -13
97 107 -8
106 105 13
106 108 -19
106 53 13
105 13 -13
105 56 28
105 95 19
108 110 19
108 12 13
108 55 -13
108 107 13
53 2 28
53 63 8
53 43 19
90 138 -28
90 89 -8
90 92 -13
90 88 19
138 139 -8
138 42 -13
89 34 13
89 141 19
89 79 19
92 33 -28
92 140 28
88 87 8
88 86 -28
88 136 -13
88 29 -8
134 38 -8
134 125 -13
134 135 8
134 86 19
38 36 -13
38 40 -28
38 37 13
125 126 28
125 76 19
125 30 -28
135 137 -8
135 83 -13
135 35 -19
86 27 8
86 85 13
86 84 13
32 87 -19
32 34 28
32 30 -13
32 127 -28
22 14 -8
22 80 13
22 120 28
22 23 8
39 40 8
39 139 19
13 15 19
13 12 -28
15 14 13
15 17 -8
15 107 -13
15 67 -28
12 3 -8
14 70 8
14 110 13
70 69 -8
70 72 8
70 119 28
110 109 -13
110 112 13
109 17 19
109 99 19
109 119 -13
112 16 8
112 59 -28
69 59 13
69 122 19
69 17 -13
69 79 -13
59 49 -19
122 121 -13
122 24 -19
122 120 -8
17 16 -19
79 25 -28
79 80 -8
139 137 -8
139 87 -28
139 141 8
42 41 19
42 40 19
9 18 -28
9 0 -19
18 114 -28
18 26 -28
18 74 -19
0 94 13
21 23 -8
21 75 19
21 20 -8
116 114 13
116 118 -8
116 63 -13
116 19 28
137 37 28
137 136 -19
137 85 28
37 29 13
136 127 -19
136 40 19
85 30 19
85 75 8
16 24 19
16 72 13
24 25 -28
24 33 8
72 121 -19
23 25 28
23 117 19
75 76 -13
20 73 -13
20 19 8
80 78 13
120 118 28
120 119 28
120 67 -13
49 102 -8
49 50 -19
102 100 28
102 101 -19
50 52 -8
50 48 -19
50 99 -13
121 131 -13
94 96 28
96 95 13
96 98 13
96 43 -28
96 1 -8
45 46 28
45 55 8
45 98 -19
46 44 28
46 48 -28
46 95 28
55 56 28
98 3 -28
98 100 8
25 119 -8
3 58 -19
58 107 8
58 56 -8
73 63 8
73 83 -13
73 74 -8
73 126 13
83 28 -8
83 84 -8
74 76 -28
74 123 13
126 124 -13
126 27 -8
118 117 -28
117 127 -13
117 107 8
56 1 19
28 27 13
28 30 -28
28 123 -8
84 133 28
84 26 -28
124 123 13
124 26 -28
27 35 28
27 19 -28
41 141 -28
41 33 -19
52 51 28
52 101 8
43 44 19
1 2 -19
48 47 -19
36 35 -8
36 133 8
19 76 -13
76 78 -19
78 127 -19
47 100 13
100 99 8
34 33 8
29 30 -13
141 140 19
140 131 -19
123 133 8
