130 31 28
130 132 28
130 128 8
130 129 -8
130 77 13
31 90 -19
31 32 28
31 22 28
31 39 -19
132 33 28
132 131 -28
132 79 19
128 126 8
128 75 8
128 127 8
128 29 -28
129 138 19
129 119 28
129 80 19
129 34 -19
77 87 8
77 67 -13
77 23 -19
77 78 19
66 68 -19
66 115 -28
66 65 8
66 10 13
66 64 13
68 12 -8
68 67 -28
68 117 28
68 70 13
115 125 -13
115 21 28
115 105 -8
115 116 13
65 13 -19
65 118 -13
65 75 19
65 55 -28
10 106 13
10 11 -28
10 1 8
10 19 28
64 9 28
64 113 19
64 63 8
81 82 13
81 71 -28
81 91 -19
82 80 -19
82 24 8
82 131 13
71 72 -13
71 61 -19
91 92 -8
103 93 -13
103 11 8
103 54 -8
103 113 8
103 104 8
93 94 8
93 44 8
93 2 19
11 13 28
11 63 28
54 53 -13
54 56 -8
54 0 -8
113 114 28
113 20 -28
113 123 28
104 106 19
104 9 -28
62 60 13
62 111 -13
62 7 -28
62 61 28
60 109 13
60 59 13
60 5 8
60 58 13
111 112 8
111 101 13
111 121 -8
7 16 -8
7 102 13
7 8 -13
61 51 28
6 8 -13
6 5 -28
6 57 -28
6 4 -13
6 97 -8
8 59 28
8 99 19
5 14 -19
5 100 -19
57 110 8
57 47 8
57 58 -19
57 67 28
4 3 -19
4 55 -8
4 2 -19
4 95 -28
97 48 -19
97 98 -19
97 107 -19
106 105 -13
106 108 28
106 53 -28
105 13 28
105 56 28
105 95 13
108 110 -8
108 12 13
108 55 13
108 107 19
53 2 -8
53 63 19
53 43 13
90 138 -19
90 89 -13
90 92 19
90 88 -19
138 139 13
138 42 19
89 34 19
89 141 -28
89 79 -13
92 33 8
92 140 13
88 87 19
88 86 8
88 136 19
88 29 -28
134 38 -13
134 125 -13
134 135 19
134 86 28
38 36 19
38 40 8
38 37 -19
125 126 -28
125 76 8
125 30 28
135 137 28
135 83 -19
135 35 -8
86 27 -8
86 85 28
86 84 -28
32 87 19
32 34 -19
32 30 -28
32 127 -28
22 14 19
22 80 8
22 120 -8
22 23 19
39 40 -13
39 139 8
13 15 19
13 12 -19
15 14 -28
15 17 -28
15 107 8
15 67 -13
12 3 8
14 70 28
14 110 -13
70 69 -28
70 72 19
70 119 -8
110 109 -28
110 112 19
109 17 28
109 99 19
109 119 28
112 16 8
112 59 -13
69 59 8
69 122 -28
69 17 -19
69 79 -28
59 49 -28
122 121 -28
122 24 -13
122 120 19
17 16 -13
79 25 -19
79 80 28
139 137 -28
139 87 28
139 141 28
42 41 -8
42 40 19
9 18 19
9 0 28
18 114 13
18 26 19
18 74 -28
0 94 13
21 23 13
21 75 13
21 20 -28
116 114 13
116 118 28
116 63 -19
116 19 8
137 37 -19
137 136 19
137 85 19
37 29 28
136 127 -19
136 40 -8
85 30 -8
85 75 -8
16 24 19
16 72 -8
24 25 -28
24 33 19
72 121 -28
23 25 -8
23 117 -28
75 76 -13
20 73 28
20 19 -28
80 78 -19
120 118 -28
120 119 -19
120 67 -28
49 102 -28
49 50 -28
102 100 19
102 101 -28
50 52 -28
50 48 -28
50 99 -8
121 131 -13
94 96 -19
96 95 -19
96 98 19
96 43 -13
96 1 8
45 46 -28
45 55 8
45 98 19
46 44 -13
46 48 8
46 95 28
55 56 8
98 3 8
98 100 13
25 119 -8
3 58 8
58 107 28
58 56 13
73 63 -19
73 83 -28
73 74 8
73 126 13
83 28 13
83 84 28
74 76 -28
74 123 13
126 124 -19
126 27 -13
118 117 19
117 127 -19
117 107 19
56 1 8
28 27 13
28 30 -13
28 123 -13
84 133 28
84 26 13
124 123 19
124 26 -19
27 35 -28
27 19 -19
41 141 -13
41 33 13
52 51 -19
52 101 19
43 44 -28
1 2 8
48 47 19
36 35 8
36 133 13
19 76 -8
76 78 19
78 127 -8
47 100 13
100 99 8
34 33 13
29 30 19
141 140 -19
140 131 19
123 133 28
