130 31 -19
130 132 -28
130 128 -8
130 129 28
130 77 28
31 90 28
31 32 13
31 22 -8
31 39 -19
132 33 19
132 131 19
132 79 8
128 126 -13
128 75 -28
128 127 8
128 29 -8
129 138 19
129 119 -28
129 80 -28
129 34 19
77 87 -28
77 67 -13
77 23 28
77 78 19
66 68 19
66 115 28
66 65 -19
66 10 -28
66 64 28
68 12 8
68 67 19
68 117 19
68 70 13
115 125 -13
115 21 19
115 105 -19
115 116 -8
65 13 -8
65 118 -19
65 75 -8
65 55 -28
10 106 19
10 11 8
10 1 19
10 19 -13
64 9 -28
64 113 -28
64 63 8
81 82 -8
81 71 -19
81 91 -28
82 80 -8
82 24 8
82 131 19
71 72 28
71 61 -19
91 92 -28
103 93 19
103 11 19
103 54 -8
103 113 28
103 104 19
93 94 8
93 44 8
93 2 8
11 13 13
11 63 28
54 53 -28
54 56 -8
54 0 -19
113 114 28
113 20 -13
113 123 -19
104 106 19
104 9 19
62 60 19
62 111 28
62 7 -13
62 61 13
60 109 -8
60 59 19
60 5 13
60 58 28
111 112 -13
111 101 -19
111 121 8
7 16 28
7 102 -13
7 8 19
61 51 -13
6 8 -19
6 5 -8
6 57 -8
6 4 13
6 97 -8
8 59 -8
8 99 -28
5 14 -13
5 100 -8
57 110 8
57 47 28
57 58 8
57 67 -8
4 3 28
4 55 -8
4 2 19
4 95 -8
97 48 -13
97 98 13
97 107 -28
106 105 -19
106 108 8
106 53 -13
105 13 -19
105 56 8
105 95 -13
108 110 -19
108 12 28
108 55 19
108 107 13
53 2 -13
53 63 28
53 43 19
90 138 8
90 89 19
90 92 -19
90 88 28
138 139 28
138 42 13
89 34 -13
89 141 -28
89 79 28
92 33 -19
92 140 -19
88 87 19
88 86 -8
88 136 -8
88 29 28
134 38 8
134 125 8
134 135 -13
134 86 8
38 36 8
38 40 13
38 37 -8
125 126 -19
125 76 -13
125 30 8
135 137 28
135 83 8
135 35 -13
86 27 -8
86 85 -13
86 84 13
32 87 28
32 34 -19
32 30 19
32 127 -28
22 14 -13
22 80 -13
22 120 19
22 23 -28
39 40 8
39 139 13
13 15 -13
13 12 19
15 14 -8
15 17 19
15 107 -13
15 67 -8
12 3 -8
14 70 -8
14 110 28
70 69 -19
70 72 -28
70 119 -13
110 109 13
110 112 28
109 17 -19
109 99 -8
109 119 8
112 16 -8
112 59 13
69 59 13
69 122 -13
69 17 -13
69 79 -8
59 49 -28
122 121 -19
122 24 13
122 120 8
17 16 -13
79 25 -8
79 80 13
139 137 8
139 87 13
139 141 -13
42 41 -8
42 40 -8
9 18 13
9 0 28
18 114 28
18 26 -28
18 74 -13
0 94 28
21 23 28
21 75 8
21 20 -8
116 114 -8
116 118 8
116 63 -28
116 19 13
137 37 28
137 136 -8
137 85 28
37 29 8
136 127 -28
136 40 19
85 30 -28
85 75 13
16 24 -19
16 72 28
24 25 19
24 33 28
72 121 -13
23 25 -13
23 117 -13
75 76 -13
20 73 19
20 19 28
80 78 13
120 118 8
120 119 8
120 67 8
49 102 28
49 50 28
102 100 19
102 101 -28
50 52 -13
50 48 13
50 99 -28
121 131 13
94 96 -19
96 95 8
96 98 13
96 43 8
96 1 -8
45 46 13
45 55 -28
45 98 -8
46 44 19
46 48 -8
46 95 8
55 56 8
98 3 8
98 100 -8
25 119 -8
3 58 13
58 107 -13
58 56 -13
73 63 13
73 83 -13
73 74 19
73 126 28
83 28 28
83 84 -19
74 76 -8
74 123 19
126 124 13
126 27 -19
118 117 -19
117 127 -28
117 107 8
56 1 -28
28 27 -13
28 30 -19
28 123 28
84 133 -19
84 26 -13
124 123 -13
124 26 -13
27 35 19
27 19 8
41 141 19
41 33 -13
52 51 13
52 101 28
43 44 -28
1 2 8
48 47 13
36 35 -8
36 133 28
19 76 28
76 78 -8
78 127 28
47 100 13
100 99 8
34 33 13
29 30 8
141 140 19
140 131 19
123 133 13
