130 31 -8
130 132 28
130 128 28
130 129 19
130 77 8
31 90 -28
31 32 19
31 22 28
31 39 19
132 33 19
132 131 -13
132 79 8
128 126 -19
128 75 28
128 127 8
128 29 8
129 138 19
129 119 -8
129 80 19
129 34 19
77 87 -13
77 67 -13
77 23 -28
77 78 8
66 68 28
66 115 -13
66 65 -13
66 10 19
66 64 19
68 12 19
68 67 -28
68 117 -13
68 70 8
115 125 8
115 21 28
115 105 -19
115 116 -19
65 13 -13
65 118 -19
65 75 -13
65 55 28
10 106 13
10 11 28
10 1 -13
10 19 8
64 9 -19
64 113 19
64 63 -8
81 82 -28
81 71 -13
81 91 13
82 80 28
82 24 -13
82 131 8
71 72 -8
71 61 -28
91 92 -13
103 93 -19
103 11 28
103 54 8
103 113 -8
103 104 8
93 94 -13
93 44 -19
93 2 8
11 13 8
11 63 -13
54 53 -13
54 56 13
54 0 -8
113 114 -8
113 20 -28
113 123 -19
104 106 13
104 9 28
62 60 8
62 111 28
62 7 8
62 61 28
60 109 -28
60 59 13
60 5 -28
60 58 28
111 112 13
111 101 -19
111 121 8
7 16 -8
7 102 -13
7 8 8
61 51 8
6 8 -8
6 5 8
6 57 -13
6 4 19
6 97 -13
8 59 28
8 99 -13
5 14 -28
5 100 19
57 110 -19
57 47 -19
57 58 -19
57 67 13
4 3 -8
4 55 19
4 2 28
4 95 -28
97 48 13
97 98 19
97 107 -19
106 105 -8
106 108 -8
106 53 -19
105 13 -28
105 56 -28
105 95 -8
108 110 19
108 12 19
108 55 28
108 107 13
53 2 8
53 63 28
53 43 -8
90 138 28
90 89 -28
90 92 -13
90 88 19
138 139 28
138 42 8
89 34 13
89 141 -8
89 79 -13
92 33 -8
92 140 13
88 87 28
88 86 28
88 136 19
88 29 -19
134 38 -8
134 125 -28
134 135 -8
134 86 -28
38 36 -13
38 40 -28
38 37 28
125 126 8
125 76 8
125 30 28
135 137 -28
135 83 8
135 35 28
86 27 -19
86 85 28
86 84 -13
32 87 -13
32 34 13
32 30 13
32 127 8
22 14 -19
22 80 8
22 120 -19
22 23 -19
39 40 -8
39 139 -8
13 15 -19
13 12 28
15 14 19
15 17 28
15 107 28
15 67 19
12 3 28
14 70 -28
14 110 28
70 69 28
70 72 -8
70 119 -28
110 109 -13
110 112 -8
109 17 13
109 99 -19
109 119 -13
112 16 -8
112 59 8
69 59 -28
69 122 -8
69 17 13
69 79 28
59 49 19
122 121 -8
122 24 19
122 120 -19
17 16 -28
79 25 -19
79 80 -8
139 137 13
139 87 -28
139 141 -19
42 41 8
42 40 13
9 18 28
9 0 -28
18 114 19
18 26 -19
18 74 28
0 94 -28
21 23 -8
21 75 28
21 20 -19
116 114 -8
116 118 28
116 63 28
116 19 -8
137 37 19
137 136 -13
137 85 -19
37 29 -8
136 127 -13
136 40 -19
85 30 -28
85 75 28
16 24 19
16 72 -19
24 25 -13
24 33 -8
72 121 28
23 25 13
23 117 19
75 76 28
20 73 19
20 19 8
80 78 -13
120 118 -13
120 119 19
120 67 -19
49 102 -8
49 50 19
102 100 -13
102 101 28
50 52 -19
50 48 -19
50 99 28
121 131 19
94 96 -19
96 95 28
96 98 19
96 43 -13
96 1 -19
45 46 -19
45 55 8
45 98 28
46 44 -8
46 48 8
46 95 13
55 56 -8
98 3 19
98 100 28
25 119 19
3 58 19
58 107 8
58 56 -19
73 63 -13
73 83 28
73 74 19
73 126 -28
83 28 8
83 84 8
74 76 -19
74 123 -19
126 124 19
126 27 28
118 117 -8
117 127 28
117 107 -28
56 1 19
28 27 13
28 30 -8
28 123 -8
84 133 19
84 26 28
124 123 8
124 26 -28
27 35 -8
27 19 -8
41 141 -28
41 33 13
52 51 -8
52 101 -19
43 44 13
1 2 -8
48 47 -8
36 35 8
36 133 19
19 76 13
76 78 28
78 127 8
47 100 -28
100 99 -19
34 33 -8
29 30 28
141 140 -19
140 131 -8
123 133 28
