130 31 -28
130 132 13
130 128 13
130 129 19
130 77 -28
31 90 -8
31 32 19
31 22 -28
31 39 19
132 33 -13
132 131 -28
132 79 13
128 126 -13
128 75 19
128 127 19
128 29 19
129 138 19
129 119 -19
129 80 -13
129 34 13
77 87 -8
77 67 28
77 23 -19
77 78 13
66 68 -8
66 115 -19
66 65 -13
66 10 -28
66 64 19
68 12 -13
68 67 -28
68 117 8
68 70 -28
115 125 13
115 21 -19
115 105 13
115 116 19
65 13 28
65 118 -19
65 75 19
65 55 13
10 106 19
10 11 -19
10 1 8
10 19 -8
64 9 28
64 113 28
64 63 8
81 82 8
81 71 28
81 91 13
82 80 -28
82 24 -28
82 131 -28
71 72 -8
71 61 -28
91 92 28
103 93 -8
103 11 -8
103 54 28
103 113 28
103 104 -19
93 94 -19
93 44 -19
93 2 -19
11 13 -28
11 63 19
54 53 -13
54 56 8
54 0 8
113 114 -28
113 20 13
113 123 28
104 106 28
104 9 13
62 60 -13
62 111 28
62 7 -8
62 61 28
60 109 13
60 59 8
60 5 -28
60 58 -19
111 112 19
111 101 -19
111 121 28
7 16 -8
7 102 8
7 8 28
61 51 13
6 8 -8
6 5 -8
6 57 19
6 4 -28
6 97 -19
8 59 28
8 99 -13
5 14 8
5 100 8
57 110 -28
57 47 8
57 58 -19
57 67 28
4 3 8
4 55 -28
4 2 -8
4 95 8
97 48 -8
97 98 -28
97 107 13
106 105 -13
106 108 -28
106 53 28
105 13 -19
105 56 19
105 95 -13
108 110 -13
108 12 13
108 55 8
108 107 -28
53 2 -8
53 63 8
53 43 -28
90 138 28
90 89 -28
90 92 13
90 88 8
138 139 28
138 42 -19
89 34 13
89 141 28
89 79 8
92 33 -13
92 140 -13
88 87 -8
88 86 8
88 136 -19
88 29 8
134 38 19
134 125 13
134 135 19
134 86 -13
38 36 13
38 40 19
38 37 13
125 126 28
125 76 8
125 30 -19
135 137 13
135 83 -8
135 35 -8
86 27 19
86 85 13
86 84 -19
32 87 19
32 34 28
32 30 28
32 127 -13
22 14 28
22 80 19
22 120 -28
22 23 -28
39 40 28
39 139 -8
13 15 28
13 12 28
15 14 -8
15 17 -13
15 107 19
15 67 -28
12 3 -19
14 70 -8
14 110 -8
70 69 -8
70 72 -8
70 119 -13
110 109 -8
110 112 -8
109 17 8
109 99 28
109 119 13
112 16 -28
112 59 19
69 59 8
69 122 13
69 17 19
69 79 -19
59 49 19
122 121 19
122 24 13
122 120 -28
17 16 -19
79 25 -13
79 80 -19
139 137 -28
139 87 -19
139 141 -19
42 41 -19
42 40 -13
9 18 -13
9 0 8
18 114 -19
18 26 -13
18 74 28
0 94 -8
21 23 -28
21 75 -19
21 20 -8
116 114 -8
116 118 -8
116 63 -19
116 19 19
137 37 19
137 136 -19
137 85 8
37 29 13
136 127 8
136 40 19
85 30 -8
85 75 -19
16 24 13
16 72 -8
24 25 -13
24 33 13
72 121 8
23 25 -13
23 117 -19
75 76 -28
20 73 -19
20 19 -8
80 78 -19
120 118 -28
120 119 -13
120 67 13
49 102 28
49 50 -13
102 100 13
102 101 -13
50 52 13
50 48 -19
50 99 13
121 131 -19
94 96 -28
96 95 19
96 98 -8
96 43 19
96 1 -19
45 46 8
45 55 -13
45 98 28
46 44 8
46 48 -8
46 95 -8
55 56 -19
98 3 -8
98 100 28
25 119 28
3 58 -19
58 107 -28
58 56 28
73 63 -28
73 83 -28
73 74 8
73 126 -13
83 28 -19
83 84 19
74 76 -8
74 123 -28
126 124 19
126 27 13
118 117 -13
117 127 28
117 107 13
56 1 -13
28 27 -28
28 30 -19
28 123 -28
84 133 -8
84 26 -13
124 123 -19
124 26 28
27 35 19
27 19 -19
41 141 -28
41 33 -8
52 51 19
52 101 -8
43 44 28
1 2 8
48 47 -13
36 35 -8
36 133 28
19 76 -13
76 78 13
78 127 -28
47 100 19
100 99 19
34 33 -13
29 30 13
141 140 -28
140 131 19
123 133 28
