130 31 -8
130 132 13
130 128 13
130 129 -8
130 77 -13
31 90 8
31 32 8
31 22 8
31 39 13
132 33 -13
132 131 13
132 79 -19
128 126 28
128 75 -19
128 127 -8
128 29 -13
129 138 -13
129 119 -13
129 80 -13
129 34 -13
77 87 19
77 67 19
77 23 19
77 78 19
66 68 -19
66 115 19
66 65 -8
66 10 8
66 64 13
68 12 -19
68 67 19
68 117 8
68 70 8
115 125 -19
115 21 8
115 105 -19
115 116 -19
65 13 19
65 118 -8
65 75 13
65 55 8
10 106 8
10 11 -8
10 1 8
10 19 13
64 9 13
64 113 28
64 63 -13
81 82 -28
81 71 -8
81 91 -13
82 80 -13
82 24 13
82 131 19
71 72 -28
71 61 13
91 92 19
103 93 -8
103 11 -8
103 54 13
103 113 -13
103 104 -8
93 94 -13
93 44 8
93 2 19
11 13 -8
11 63 -8
54 53 28
54 56 -13
54 0 28
113 114 -13
113 20 8
113 123 13
104 106 -28
104 9 28
62 60 -8
62 111 19
62 7 -28
62 61 -28
60 109 -19
60 59 -28
60 5 -8
60 58 19
111 112 19
111 101 13
111 121 -19
7 16 28
7 102 13
7 8 19
61 51 19
6 8 -19
6 5 13
6 57 13
6 4 -13
6 97 28
8 59 28
8 99 -13
5 14 -28
5 100 13
57 110 -28
57 47 28
57 58 -8
57 67 19
4 3 13
4 55 -8
4 2 -8
4 95 -8
97 48 19
97 98 -13
97 107 -28
106 105 -19
106 108 -8
106 53 -13
105 13 13
105 56 -8
105 95 -8
108 110 -19
108 12 -8
108 55 -28
108 107 -19
53 2 28
53 63 -19
53 43 19
90 138 -28
90 89 13
90 92 8
90 88 28
138 139 -19
138 42 19
89 34 -13
89 141 8
89 79 -19
92 33 -28
92 140 13
88 87 19
88 86 28
88 136 13
88 29 13
134 38 -13
134 125 -8
134 135 19
134 86 8
38 36 8
38 40 19
38 37 -8
125 126 -19
125 76 28
125 30 -8
135 137 -13
135 83 -19
135 35 28
86 27 -8
86 85 -13
86 84 -19
32 87 19
32 34 19
32 30 -19
32 127 28
22 14 -13
22 80 19
22 120 -19
22 23 13
39 40 19
39 139 -13
13 15 8
13 12 -19
15 14 19
15 17 -13
15 107 8
15 67 13
12 3 -8
14 70 8
14 110 -13
70 69 -19
70 72 -8
70 119 -13
110 109 -28
110 112 -28
109 17 -19
109 99 -28
109 119 -28
112 16 13
112 59 -8
69 59 -19
69 122 -19
69 17 -13
69 79 -28
59 49 -19
122 121 28
122 24 -19
122 120 28
17 16 19
79 25 -8
79 80 13
139 137 28
139 87 -19
139 141 -19
42 41 -28
42 40 8
9 18 -8
9 0 28
18 114 -8
18 26 -13
18 74 8
0 94 28
21 23 13
21 75 13
21 20 -8
116 114 8
116 118 -13
116 63 -28
116 19 8
137 37 -8
137 136 -13
137 85 -19
37 29 13
136 127 13
136 40 -28
85 30 -28
85 75 8
16 24 -19
16 72 13
24 25 -19
24 33 8
72 121 -13
23 25 19
23 117 28
75 76 -28
20 73 -19
20 19 28
80 78 13
120 118 28
120 119 13
120 67 19
49 102 8
49 50 8
102 100 -28
102 101 13
50 52 13
50 48 28
50 99 -8
121 131 13
94 96 28
96 95 8
96 98 19
96 43 13
96 1 13
45 46 -8
45 55 19
45 98 -13
46 44 -28
46 48 19
46 95 28
55 56 -19
98 3 -19
98 100 8
25 119 -13
3 58 28
58 107 -8
58 56 28
73 63 -8
73 83 -8
73 74 28
73 126 28
83 28 28
83 84 -28
74 76 8
74 123 13
126 124 28
126 27 8
118 117 -8
117 127 -28
117 107 13
56 1 -13
28 27 -19
28 30 -28
28 123 -19
84 133 -13
84 26 28
124 123 8
124 26 8
27 35 19
27 19 -13
41 141 -19
41 33 28
52 51 -28
52 101 -19
43 44 -19
1 2 -28
48 47 19
36 35 -13
36 133 28
19 76 -28
76 78 28
78 127 -8
47 100 8
100 99 -28
34 33 28
29 30 13
141 140 -28
140 131 -28
123 133 13
