130 31 -13
130 132 -28
130 128 -28
130 129 -28
130 77 -19
31 90 -13
31 32 19
31 22 -28
31 39 28
132 33 -8
132 131 -28
132 79 -19
128 126 13
128 75 -13
128 127 -8
128 29 13
129 138 28
129 119 8
129 80 -8
129 34 28
77 87 13
77 67 -19
77 23 8
77 78 -28
66 68 19
66 115 -28
66 65 -13
66 10 8
66 64 -19
68 12 -8
68 67 -8
68 117 8
68 70 8
115 125 -19
115 21 -8
115 105 -8
115 116 -19
65 13 19
65 118 -28
65 75 -8
65 55 28
10 106 -8
10 11 -8
10 1 28
10 19 28
64 9 -28
64 113 28
64 63 -8
81 82 -28
81 71 8
81 91 -13
82 80 19
82 24 -28
82 131 -13
71 72 -28
71 61 13
91 92 8
103 93 -13
103 11 -19
103 54 -8
103 113 13
103 104 -28
93 94 8
93 44 28
93 2 8
11 13 -19
11 63 -28
54 53 -8
54 56 -28
54 0 -8
113 114 28
113 20 -13
113 123 13
104 106 19
104 9 28
62 60 -19
62 111 -13
62 7 13
62 61 -8
60 109 -19
60 59 -8
60 5 -13
60 58 -28
111 112 28
111 101 28
111 121 8
7 16 -19
7 102 13
7 8 28
61 51 19
6 8 8
6 5 8
6 57 -19
6 4 -28
6 97 8
8 59 8
8 99 -8
5 14 8
5 100 -28
57 110 8
57 47 -28
57 58 13
57 67 8
4 3 -13
4 55 -19
4 2 -8
4 95 13
97 48 -19
97 98 -19
97 107 28
106 105 8
106 108 -28
106 53 -28
105 13 -19
105 56 -19
105 95 19
108 110 -28
108 12 13
108 55 28
108 107 8
53 2 28
53 63 -13
53 43 28
90 138 -28
90 89 -8
90 92 28
90 88 -8
138 139 13
138 42 8
89 34 13
89 141 -19
89 79 -19
92 33 -13
92 140 -8
88 87 28
88 86 13
88 136 -28
88 29 28
134 38 -19
134 125 19
134 135 13
134 86 -28
38 36 13
38 40 -8
38 37 -28
125 126 -13
125 76 28
125 30 28
135 137 -13
135 83 13
135 35 -28
86 27 19
86 85 28
86 84 -19
32 87 -13
32 34 -28
32 30 13
32 127 -28
22 14 28
22 80 19
22 120 -28
22 23 8
39 40 -28
39 139 28
13 15 -19
13 12 8
15 14 19
15 17 28
15 107 8
15 67 -8
12 3 -13
14 70 -8
14 110 -28
70 69 -19
70 72 19
70 119 8
110 109 -8
110 112 28
109 17 -28
109 99 -13
109 119 28
112 16 -19
112 59 8
69 59 -28
69 122 -28
69 17 -28
69 79 28
59 49 28
122 121 13
122 24 28
122 120 -13
17 16 19
79 25 19
79 80 28
139 137 -19
139 87 -28
139 141 28
42 41 28
42 40 -13
9 18 -8
9 0 -28
18 114 -28
18 26 19
18 74 8
0 94 28
21 23 -8
21 75 -28
21 20 -8
116 114 -19
116 118 -19
116 63 -19
116 19 -13
137 37 -19
137 136 -19
137 85 19
37 29 19
136 127 -8
136 40 -8
85 30 -8
85 75 -13
16 24 -13
16 72 19
24 25 13
24 33 -28
72 121 8
23 25 19
23 117 -8
75 76 -8
20 73 -13
20 19 8
80 78 -13
120 118 13
120 119 28
120 67 -19
49 102 8
49 50 13
102 100 -19
102 101 -28
50 52 19
50 48 13
50 99 8
121 131 -13
94 96 -13
96 95 -28
96 98 -13
96 43 28
96 1 -19
45 46 -19
45 55 -8
45 98 -19
46 44 28
46 48 28
46 95 19
55 56 8
98 3 8
98 100 -19
25 119 -28
3 58 13
58 107 13
58 56 -8
73 63 -13
73 83 -28
73 74 19
73 126 -13
83 28 19
83 84 8
74 76 28
74 123 -8
126 124 -13
126 27 -13
118 117 19
117 127 13
117 107 -28
56 1 -28
28 27 8
28 30 13
28 123 -19
84 133 -28
84 26 8
124 123 8
124 26 8
27 35 28
27 19 -8
41 141 -13
41 33 8
52 51 13
52 101 -19
43 44 -19
1 2 19
48 47 -19
36 35 8
36 133 19
19 76 28
76 78 -19
78 127 13
47 100 13
100 99 -28
34 33 -28
29 30 19
141 140 28
140 131 13
123 133 19
