130 31 28
130 132 -13
130 128 13
130 129 8
130 77 8
31 90 -19
31 32 28
31 22 -19
31 39 -28
132 33 -28
132 131 8
132 79 8
128 126 -28
128 75 13
128 127 -8
128 29 -28
129 138 19
129 119 -8
129 80 8
129 34 -8
77 87 -19
77 67 13
77 23 19
77 78 -28
66 68 -13
66 115 28
66 65 -13
66 10 -13
66 64 -13
68 12 19
68 67 -13
68 117 -13
68 70 19
115 125 8
115 21 -8
115 105 13
115 116 28
65 13 13
65 118 19
65 75 19
65 55 -13
10 106 -13
10 11 -13
10 1 28
10 19 28
64 9 8
64 113 -19
64 63 -8
81 82 13
81 71 13
81 91 -13
82 80 -19
82 24 28
82 131 -19
71 72 -13
71 61 -28
91 92 19
103 93 28
103 11 -19
103 54 28
103 113 28
103 104 28
93 94 8
93 44 -8
93 2 -13
11 13 -28
11 63 13
54 53 8
54 56 -8
54 0 28
113 114 8
113 20 -13
113 123 -13
104 106 13
104 9 -8
62 60 19
62 111 28
62 7 -8
62 61 -28
60 109 -8
60 59 -13
60 5 -8
60 58 -28
111 112 -19
111 101 -13
111 121 -28
7 16 -13
7 102 8
7 8 -19
61 51 -28
6 8 -8
6 5 -19
6 57 28
6 4 -13
6 97 28
8 59 13
8 99 13
5 14 -19
5 100 -13
57 110 8
57 47 -28
57 58 -13
57 67 8
4 3 8
4 55 28
4 2 -28
4 95 -28
97 48 -19
97 98 13
97 107 -8
106 105 -8
106 108 -19
106 53 -13
105 13 -28
105 56 -13
105 95 28
108 110 -8
108 12 -28
108 55 -19
108 107 -28
53 2 -13
53 63 -28
53 43 13
90 138 19
90 89 13
90 92 -13
90 88 -19
138 139 -8
138 42 -19
89 34 19
89 141 -28
89 79 28
92 33 -13
92 140 13
88 87 19
88 86 19
88 136 13
88 29 28
134 38 8
134 125 8
134 135 -28
134 86 -8
38 36 -28
38 40 -13
38 37 -28
125 126 13
125 76 8
125 30 -13
135 137 19
135 83 8
135 35 19
86 27 -8
86 85 19
86 84 19
32 87 -19
32 34 13
32 30 -28
32 127 -19
22 14 19
22 80 19
22 120 -8
22 23 28
39 40 -28
39 139 -13
13 15 -13
13 12 19
15 14 -13
15 17 -19
15 107 -13
15 67 19
12 3 -19
14 70 -19
14 110 -19
70 69 -28
70 72 28
70 119 -13
110 109 -19
110 112 -19
109 17 13
109 99 8
109 119 -13
112 16 -8
112 59 -28
69 59 19
69 122 -28
69 17 19
69 79 -13
59 49 8
122 121 28
122 24 -13
122 120 28
17 16 -8
79 25 -28
79 80 -28
139 137 -19
139 87 -13
139 141 19
42 41 8
42 40 -28
9 18 -28
9 0 13
18 114 -28
18 26 -8
18 74 13
0 94 -19
21 23 13
21 75 -8
21 20 8
116 114 13
116 118 19
116 63 19
116 19 -28
137 37 28
137 136 -8
137 85 28
37 29 -13
136 127 -8
136 40 -19
85 30 -19
85 75 19
16 24 8
16 72 -28
24 25 -28
24 33 -13
72 121 -8
23 25 -19
23 117 -8
75 76 13
20 73 -19
20 19 28
80 78 8
120 118 8
120 119 -19
120 67 -13
49 102 -8
49 50 -28
102 100 -28
102 101 28
50 52 8
50 48 -13
50 99 28
121 131 19
94 96 -8
96 95 19
96 98 19
96 43 -8
96 1 -8
45 46 8
45 55 -8
45 98 -28
46 44 -8
46 48 19
46 95 28
55 56 -28
98 3 -28
98 100 8
25 119 19
3 58 28
58 107 -28
58 56 28
73 63 8
73 83 28
73 74 -13
73 126 13
83 28 -13
83 84 8
74 76 -13
74 123 -8
126 124 -8
126 27 -13
118 117 -8
117 127 13
117 107 -13
56 1 28
28 27 8
28 30 -13
28 123 19
84 133 -19
84 26 -13
124 123 -8
124 26 8
27 35 -28
27 19 -8
41 141 8
41 33 -13
52 51 -13
52 101 -8
43 44 -28
1 2 19
48 47 -8
36 35 -28
36 133 19
19 76 -8
76 78 -28
78 127 -8
47 100 19
100 99 -8
34 33 -28
29 30 -13
141 140 13
140 131 8
123 133 28
